p 49 208
40 42 -21 0
12 21 1 0
10 -19 44 0
46 5 -17 0
-36 8 39 0
19 -12 31 0
39 15 -13 0
-45 -12 31 0
-43 -10 4 0
-18 38 -36 0
49 32 -3 0
18 -2 30 0
23 -26 4 0
-16 -4 47 0
-13 -47 -44 0
46 24 3 0
-18 -15 -8 0
-23 4 -46 0
-14 -29 1 0
39 41 35 0
-7 -17 32 0
18 -30 8 0
-18 1 42 0
1 -46 17 0
-48 -25 -34 0
-12 -11 -37 0
26 12 -39 0
2 8 28 0
49 -17 -4 0
-33 -19 9 0
26 -21 30 0
7 -12 -33 0
11 -25 -36 0
-1 5 -32 0
17 -33 -30 0
-14 46 37 0
-20 -22 -3 0
33 22 7 0
13 32 -6 0
31 24 -7 0
-44 37 39 0
27 -23 -8 0
27 -32 -34 0
-48 35 16 0
-32 49 11 0
-7 46 17 0
-15 27 -23 0
-31 -16 8 0
-43 10 20 0
14 49 -1 0
-27 30 -49 0
-48 36 42 0
-32 -26 -14 0
32 45 -26 0
-8 -24 -21 0
-8 10 -4 0
17 13 -48 0
-15 -49 38 0
16 -38 21 0
49 -21 -20 0
-40 -35 -28 0
12 -11 47 0
-41 -43 -36 0
45 37 36 0
12 -7 -29 0
-16 -4 -8 0
39 7 -49 0
-26 -18 28 0
-18 -43 -46 0
-48 -25 45 0
38 23 36 0
15 -40 16 0
-24 13 39 0
-5 -36 27 0
36 -19 5 0
-38 -47 -6 0
-24 17 -11 0
-1 36 -35 0
46 -40 -25 0
-33 43 -47 0
8 -44 40 0
-16 -18 -47 0
17 23 -15 0
9 28 36 0
-32 4 -18 0
-13 -23 -28 0
-39 33 -25 0
2 26 30 0
-40 21 -13 0
-44 26 30 0
-47 -25 4 0
15 43 38 0
-27 47 7 0
-40 -39 20 0
-33 38 11 0
20 -32 14 0
14 -40 -16 0
-20 -38 4 0
31 -45 -49 0
13 39 17 0
-7 4 6 0
-32 13 26 0
17 7 -46 0
21 39 -31 0
48 -44 -29 0
-36 -29 -26 0
41 5 27 0
-1 -16 43 0
-29 30 43 0
-25 21 -26 0
-29 -34 -4 0
-1 2 -17 0
23 20 -9 0
-17 -28 43 0
-32 30 -19 0
-9 -6 35 0
25 -49 -45 0
40 -19 30 0
-33 -13 -41 0
40 -3 49 0
15 -6 16 0
-39 36 -2 0
-35 29 -3 0
-21 -28 24 0
-38 -44 -10 0
-26 -3 38 0
-39 31 -34 0
45 -34 19 0
5 -39 41 0
4 -5 23 0
-27 7 -41 0
25 45 17 0
7 -47 -5 0
44 3 29 0
-13 16 22 0
-26 29 -3 0
-47 -2 10 0
45 -32 4 0
-44 -15 -42 0
-38 -8 -49 0
42 2 -45 0
25 -44 17 0
-17 -32 46 0
-34 -48 -41 0
-26 -7 17 0
-16 44 5 0
-42 -17 47 0
41 39 -40 0
48 27 -35 0
-32 43 31 0
-47 12 24 0
40 -17 -32 0
3 -5 -46 0
37 -41 12 0
-9 -4 21 0
48 44 26 0
16 45 -39 0
22 -46 40 0
-12 -14 42 0
21 1 6 0
-31 23 -6 0
3 47 -23 0
41 -24 -25 0
26 -10 -1 0
-40 42 3 0
40 9 -32 0
48 27 -39 0
17 20 32 0
21 -7 -17 0
17 -14 -39 0
-35 -37 -34 0
32 34 28 0
9 -41 16 0
-11 -2 14 0
2 -30 -10 0
30 -11 -15 0
38 47 -16 0
-8 -48 25 0
-29 -49 46 0
-30 -37 25 0
-19 -8 16 0
-23 28 30 0
-24 -46 -16 0
-32 19 34 0
19 -13 -39 0
-40 22 41 0
17 9 -37 0
42 -12 -36 0
-44 -15 -32 0
37 -35 -5 0
-24 -34 -41 0
32 23 18 0
-35 25 -30 0
12 -38 -16 0
-23 -4 3 0
-12 -19 -24 0
-47 48 4 0
-6 -15 34 0
43 -32 -8 0
40 -21 -1 0
46 39 48 0
-21 20 -5 0
6 -47 -32 0
-33 26 30 0
-40 -35 3 0
19 -13 -44 0
44 2 -9 0
-7 -36 2 0
