p 81 345
36 69 -74 0
45 29 -7 0
63 70 11 0
15 -37 61 0
79 43 -45 0
-12 -32 -63 0
-13 5 71 0
-30 -34 32 0
-69 73 28 0
-9 -23 5 0
-29 45 -57 0
-49 -15 3 0
38 2 -40 0
56 1 26 0
-48 23 -57 0
42 8 51 0
-68 62 27 0
-32 -71 73 0
-7 64 12 0
-6 42 -2 0
48 37 10 0
37 15 -55 0
-12 7 -25 0
-46 -3 81 0
-73 -40 -14 0
-61 -4 -31 0
72 55 -62 0
14 -55 16 0
-13 5 52 0
-3 53 -50 0
-6 -16 80 0
-51 -3 -13 0
-20 63 37 0
74 -57 28 0
43 49 -18 0
41 25 69 0
19 -23 34 0
-6 39 -10 0
7 -54 -73 0
-81 -45 -8 0
55 -16 18 0
36 -51 -21 0
-74 -6 31 0
-4 38 34 0
37 -31 39 0
-11 8 -46 0
47 64 12 0
-60 -32 -75 0
-1 41 53 0
-35 19 -80 0
-74 -45 -43 0
-23 -50 -41 0
-32 33 -26 0
-9 -2 -4 0
-29 6 20 0
27 -37 -24 0
76 -54 -58 0
-30 -52 -24 0
-55 48 -39 0
81 -58 5 0
75 -35 -41 0
-78 -30 37 0
78 21 -54 0
54 -17 37 0
78 57 68 0
-39 -42 -29 0
12 -43 -50 0
-69 61 17 0
-66 -53 -46 0
66 -69 7 0
-32 14 -53 0
-5 -53 -21 0
32 35 -43 0
65 -41 -16 0
46 17 28 0
-1 80 -10 0
66 67 30 0
29 -33 -70 0
60 18 -26 0
23 37 12 0
39 31 -25 0
-79 11 57 0
13 -75 30 0
-68 -50 40 0
6 -66 15 0
53 -43 62 0
-26 -45 -38 0
-49 73 50 0
46 -27 -69 0
-42 77 -18 0
14 -18 -2 0
-9 5 -55 0
-4 28 10 0
49 -18 -7 0
-3 -66 23 0
-22 27 26 0
-70 49 3 0
56 -74 67 0
-47 -44 -24 0
-23 44 22 0
-47 -32 -61 0
-25 33 69 0
6 -26 76 0
-54 32 18 0
57 36 -35 0
14 54 -61 0
73 -76 17 0
38 23 -51 0
75 64 12 0
78 -20 47 0
57 -38 -76 0
69 29 -50 0
78 46 81 0
28 41 -65 0
76 34 -79 0
-54 -74 63 0
-47 -55 -7 0
-13 3 -61 0
-63 -81 42 0
78 49 -15 0
25 -58 57 0
32 -24 -3 0
42 -15 79 0
56 60 -5 0
30 80 -70 0
-24 -64 32 0
-66 -4 58 0
74 -59 -46 0
72 31 30 0
72 -38 -64 0
24 -12 -58 0
66 -22 -79 0
46 -77 -65 0
-26 8 44 0
-31 -81 -46 0
10 -49 18 0
11 15 -77 0
-59 -21 -41 0
-43 -30 -7 0
-80 74 13 0
35 18 -21 0
12 78 -66 0
-60 -45 -10 0
-13 -33 17 0
-80 -27 -55 0
70 9 -58 0
-67 28 -79 0
-19 -77 -5 0
-68 59 -36 0
-39 11 -27 0
81 42 68 0
-67 45 -34 0
-42 -72 -20 0
-60 -3 -18 0
-66 -31 -11 0
8 -15 -22 0
-58 42 12 0
73 -48 -47 0
-19 63 -71 0
66 -55 -80 0
-36 30 77 0
-74 30 -37 0
-15 10 -50 0
35 30 -74 0
55 7 29 0
-55 -43 57 0
-29 25 -63 0
-77 -23 -49 0
-31 75 66 0
-44 -45 -14 0
-2 -43 -17 0
-42 -37 55 0
-80 -19 -9 0
-72 -1 4 0
-47 66 60 0
-34 -14 -78 0
5 -3 -71 0
-9 76 -79 0
14 -63 -13 0
36 -57 -64 0
81 -52 -76 0
64 25 69 0
-64 -61 34 0
15 -11 -79 0
16 37 23 0
67 28 -57 0
31 -71 -64 0
43 7 16 0
-40 -21 32 0
77 76 62 0
74 29 -46 0
48 47 -29 0
-53 -43 -36 0
-66 -52 -50 0
12 -60 46 0
-31 -15 -80 0
-81 17 56 0
15 48 25 0
19 -43 68 0
8 -14 -56 0
77 78 -37 0
64 -61 -36 0
-77 -57 45 0
13 -3 34 0
41 28 73 0
38 -32 -41 0
-60 25 -70 0
35 -79 -7 0
-10 -65 61 0
-14 -4 39 0
-61 -11 -28 0
-30 58 6 0
-41 -65 62 0
-34 46 -64 0
67 55 21 0
51 61 57 0
-49 77 6 0
-16 -60 -74 0
61 -28 -14 0
39 79 -67 0
42 57 56 0
13 -27 -8 0
-67 20 14 0
-47 -54 -14 0
-41 29 32 0
-49 -2 77 0
28 44 -21 0
17 62 30 0
-2 -73 -60 0
-56 26 67 0
22 11 -26 0
-80 -46 -34 0
-19 53 2 0
-20 35 -74 0
21 -46 16 0
-55 67 60 0
29 61 36 0
12 -1 68 0
28 81 -64 0
-19 -11 -6 0
-38 -24 -37 0
-65 79 -62 0
-46 -11 -51 0
79 -21 -60 0
42 -54 30 0
64 19 54 0
46 -26 21 0
-51 76 -34 0
-73 -34 -50 0
-14 -72 -68 0
-73 -14 55 0
72 -46 -51 0
64 24 -33 0
-32 -52 -12 0
20 40 -47 0
47 -36 -6 0
-40 -46 56 0
-37 35 59 0
-36 -14 -67 0
-60 -8 -75 0
-46 41 -34 0
69 60 -39 0
-21 -26 35 0
-22 36 74 0
3 -78 14 0
-48 35 22 0
67 -72 44 0
31 -47 37 0
35 45 -42 0
39 -35 27 0
-12 52 -73 0
-20 -53 24 0
-55 -36 72 0
-12 -32 -5 0
-60 -49 -34 0
-16 15 -36 0
-60 67 2 0
-15 1 53 0
-27 -59 -42 0
-37 -75 1 0
43 38 -70 0
-21 -58 64 0
63 -14 64 0
39 48 -44 0
64 10 79 0
-7 -34 15 0
42 -74 20 0
41 27 24 0
-42 59 51 0
14 -19 -9 0
8 -48 22 0
48 -29 41 0
56 -51 2 0
37 -24 22 0
18 11 -19 0
65 -74 52 0
-9 -57 74 0
-29 63 -59 0
-23 -6 11 0
-8 -26 -49 0
-30 61 -31 0
-43 9 57 0
50 25 -31 0
54 -32 9 0
-4 67 58 0
1 14 63 0
58 -37 -80 0
-56 -67 -10 0
-50 -36 73 0
-12 68 -8 0
-8 21 -78 0
59 50 -17 0
53 59 50 0
-3 -32 -81 0
-62 76 24 0
77 40 -30 0
58 -53 -72 0
57 51 49 0
-19 78 12 0
63 19 -27 0
17 -59 -53 0
-31 -6 -33 0
47 -22 53 0
-57 71 62 0
-9 50 7 0
59 75 54 0
47 -45 59 0
-55 -62 70 0
28 -6 31 0
77 13 -3 0
17 -81 -21 0
49 4 -55 0
-46 63 75 0
-78 48 -22 0
68 -2 -74 0
-53 -74 -45 0
-67 52 28 0
-77 66 -71 0
61 13 15 0
9 -6 -61 0
21 -20 35 0
-14 -33 -67 0
70 7 -26 0
80 -16 -33 0
-15 37 13 0
