p 62 264
-23 -10 -28 0
19 61 48 0
51 -40 -55 0
15 -30 28 0
-15 -7 -29 0
-4 60 -6 0
-18 15 -54 0
-21 43 16 0
-14 -1 -46 0
-27 -30 -62 0
22 42 56 0
8 -7 -16 0
-40 20 -62 0
-15 49 -60 0
23 -21 42 0
7 22 -5 0
55 -54 -34 0
-37 22 57 0
-32 -14 30 0
12 4 -47 0
-17 -56 -12 0
60 14 18 0
-32 -47 -18 0
1 -20 46 0
48 -4 20 0
-58 35 -50 0
-9 60 -7 0
-58 52 -34 0
44 -22 8 0
2 -29 -57 0
29 -21 -58 0
44 -58 31 0
13 -39 -28 0
-47 28 41 0
8 25 3 0
54 -21 -28 0
20 -18 59 0
23 61 9 0
18 -46 26 0
-46 51 -45 0
-3 -27 16 0
-27 -16 -44 0
-4 -1 -25 0
-8 -59 -7 0
47 56 34 0
47 -46 -48 0
-9 -15 -31 0
-20 38 19 0
45 54 -43 0
-19 10 38 0
2 -18 -60 0
-24 58 15 0
12 11 -9 0
-6 -29 9 0
41 -57 30 0
51 62 -61 0
-44 57 42 0
28 -43 31 0
58 1 -6 0
-4 9 13 0
62 -15 24 0
-9 21 -44 0
26 7 50 0
44 -48 7 0
16 -47 -45 0
28 -10 1 0
42 -15 -17 0
-13 33 -36 0
45 57 59 0
-54 26 -46 0
48 16 -52 0
37 28 -40 0
-38 -15 11 0
49 54 -22 0
5 -55 -21 0
-37 39 4 0
26 -38 1 0
26 -16 -2 0
-22 -13 30 0
-7 -50 -14 0
22 -21 37 0
5 36 -34 0
52 -34 4 0
58 -38 -18 0
49 -16 -39 0
-28 35 -38 0
-3 56 25 0
25 -6 57 0
29 19 -15 0
62 -43 -29 0
-41 42 -30 0
-50 -4 -10 0
30 10 22 0
-41 -30 -28 0
-28 -32 37 0
-42 -41 14 0
-56 -59 -57 0
-11 6 31 0
1 -54 39 0
23 58 -45 0
-16 -23 49 0
11 -45 -60 0
42 26 24 0
49 4 -56 0
-61 -40 -29 0
-61 16 -1 0
-35 50 59 0
-8 -44 -6 0
-28 12 -60 0
50 18 3 0
-33 -25 -5 0
4 34 45 0
26 42 35 0
9 -2 -15 0
-4 -37 27 0
-45 -39 -17 0
-17 62 -15 0
24 12 16 0
-1 -11 29 0
-19 -23 -1 0
61 -58 25 0
-18 -60 34 0
13 -6 5 0
-28 -46 -9 0
30 39 35 0
-10 -40 -32 0
25 62 45 0
34 -42 20 0
-48 -23 -11 0
3 -39 47 0
-26 62 8 0
-32 11 14 0
10 -25 -32 0
-24 -9 -15 0
-10 2 59 0
54 -11 32 0
-55 -42 -49 0
24 -61 37 0
25 -39 -30 0
18 27 19 0
26 -9 35 0
-1 -30 43 0
42 -18 8 0
-52 -15 -1 0
-36 -34 57 0
17 47 -53 0
4 54 21 0
-14 -35 -46 0
-22 15 -14 0
27 46 -12 0
48 -12 54 0
62 -44 28 0
-24 51 58 0
-41 -32 53 0
40 -46 8 0
47 14 -39 0
34 49 47 0
-28 -5 15 0
-41 -43 -44 0
-53 -27 -15 0
8 11 -21 0
-27 13 11 0
-50 53 49 0
-5 22 34 0
-4 -37 11 0
-28 -20 25 0
-14 -60 19 0
-42 47 59 0
-57 56 -22 0
17 57 4 0
-45 -19 59 0
53 15 28 0
25 48 41 0
27 1 57 0
-39 -30 -10 0
-48 -5 -60 0
-42 12 -35 0
-18 35 27 0
39 51 -43 0
6 -53 59 0
-57 -15 -51 0
-33 -22 -55 0
49 -53 -2 0
27 48 -38 0
-26 14 42 0
-39 -18 6 0
13 -9 44 0
45 4 -48 0
11 2 47 0
-20 -55 43 0
46 29 23 0
55 23 18 0
-42 -21 4 0
-47 -51 41 0
19 -17 -41 0
-40 -2 -13 0
54 30 16 0
-9 -54 -1 0
37 -9 42 0
42 32 61 0
-59 31 9 0
20 -14 -37 0
6 -46 28 0
-17 27 51 0
-2 -43 -10 0
10 32 20 0
-26 53 -44 0
-13 45 47 0
-17 -49 14 0
36 13 17 0
-25 -10 -13 0
-52 -33 31 0
6 24 -5 0
-46 47 34 0
-31 7 5 0
-59 -8 -48 0
43 14 3 0
-25 -14 -19 0
9 -51 17 0
-62 17 39 0
54 -8 2 0
-21 14 60 0
7 4 -11 0
-10 -19 22 0
17 56 20 0
50 19 32 0
-18 -54 -31 0
-46 43 27 0
-48 51 36 0
-10 -14 -44 0
20 10 -17 0
-46 -51 -59 0
51 38 -32 0
41 -42 24 0
-23 -17 31 0
10 -54 -15 0
-14 36 25 0
-38 -48 50 0
32 -47 -59 0
49 3 -21 0
12 29 47 0
-23 18 -27 0
-34 -5 -35 0
-42 -56 61 0
52 -51 6 0
-45 49 29 0
-54 36 25 0
-39 61 -18 0
-28 59 -50 0
-46 37 62 0
44 28 16 0
-11 -44 54 0
47 -13 19 0
2 6 -8 0
-12 -62 44 0
45 34 -42 0
3 -1 -41 0
38 12 24 0
-60 36 5 0
-27 -54 2 0
-36 -47 11 0
12 -16 -13 0
-15 56 -7 0
38 11 -33 0
