p 97 413
42 6 86 0
96 44 93 0
-4 13 -49 0
-71 62 -59 0
92 47 48 0
42 46 73 0
84 44 -69 0
-60 -21 -19 0
-1 73 66 0
19 -30 92 0
34 16 -17 0
-84 65 -8 0
91 7 77 0
13 51 -8 0
-17 64 -71 0
-19 93 23 0
-63 -46 -88 0
16 79 -73 0
35 80 -12 0
86 -67 -33 0
63 26 -45 0
-36 58 -41 0
-15 -74 30 0
-65 -80 -34 0
89 34 41 0
-1 -68 34 0
-38 28 -6 0
-92 -28 58 0
-21 -41 57 0
87 60 27 0
-48 49 -50 0
27 -28 -74 0
-11 -41 -84 0
13 34 6 0
-43 85 60 0
61 26 43 0
-77 -22 7 0
19 -62 21 0
82 -92 -38 0
13 -71 41 0
16 2 24 0
-5 -38 73 0
-55 -36 32 0
79 67 82 0
-52 -18 -74 0
95 -65 -27 0
-67 -86 -94 0
51 -15 18 0
39 -75 -63 0
-16 -1 -74 0
-24 -82 -97 0
-73 64 61 0
95 44 85 0
88 90 -44 0
-24 -40 77 0
-52 86 8 0
9 -40 65 0
38 71 32 0
-40 -74 -67 0
-97 19 52 0
83 55 17 0
23 -37 79 0
5 20 -35 0
-42 -80 -78 0
-85 -36 37 0
-2 -18 -92 0
24 8 13 0
65 -69 -86 0
63 46 -23 0
-86 69 -85 0
-50 -61 71 0
-17 -25 -22 0
92 -10 -62 0
6 -57 41 0
-31 91 -5 0
84 8 -18 0
90 -44 72 0
90 66 80 0
-48 -52 44 0
-78 -71 -54 0
-65 -97 -52 0
16 35 46 0
51 80 95 0
51 95 77 0
83 69 47 0
-85 -82 -63 0
34 -13 -19 0
36 8 85 0
-90 -97 -54 0
-62 19 60 0
41 -30 -31 0
14 -1 -71 0
-15 -35 -94 0
-22 -30 -41 0
8 69 20 0
-55 -39 -40 0
-67 50 65 0
-52 -12 -97 0
-45 8 -95 0
-27 64 -43 0
23 39 29 0
-81 -47 7 0
29 54 -41 0
-10 -85 -89 0
39 -79 51 0
-43 -77 22 0
-94 86 -5 0
-75 -64 91 0
-5 -93 51 0
-57 -9 85 0
8 -96 51 0
62 58 86 0
6 -64 -72 0
61 -2 -85 0
-45 -73 -8 0
62 58 -21 0
60 64 -62 0
-90 91 54 0
-40 -71 17 0
52 -51 28 0
-77 -37 16 0
47 11 -37 0
-90 -21 -31 0
80 -70 43 0
71 -84 -59 0
81 -71 77 0
31 94 79 0
8 -66 13 0
26 23 69 0
-79 49 -93 0
-20 -9 -34 0
-9 -74 -29 0
-13 -21 -50 0
61 -78 -36 0
-14 21 39 0
18 55 -2 0
-80 -32 54 0
38 -6 -78 0
-74 87 -52 0
-11 72 76 0
-79 25 78 0
-84 89 -65 0
-2 37 15 0
42 -5 -61 0
-5 -26 62 0
-74 79 -27 0
-59 3 -96 0
72 83 92 0
54 -55 -3 0
-66 -65 17 0
93 48 -3 0
41 70 75 0
17 44 -21 0
60 -83 -30 0
-53 32 50 0
-80 -64 -79 0
-51 14 -70 0
70 92 61 0
-95 28 78 0
59 -81 84 0
-87 -39 -40 0
31 27 -22 0
-88 89 -44 0
68 -65 -24 0
54 -23 -69 0
81 71 -21 0
-3 -16 -20 0
28 19 -65 0
-58 -80 13 0
45 -15 -16 0
-36 -26 91 0
93 13 12 0
-45 95 25 0
55 -24 15 0
89 -59 -57 0
-72 -67 89 0
93 -67 49 0
76 -94 9 0
-22 36 63 0
26 -84 -20 0
-65 -56 -31 0
58 77 28 0
-89 40 -85 0
-69 -22 63 0
26 -41 -34 0
74 17 -4 0
29 -67 51 0
-92 -61 -38 0
85 -57 -35 0
-97 81 48 0
32 -20 -85 0
-37 73 25 0
-49 46 6 0
40 -60 53 0
34 72 14 0
94 10 -70 0
41 -60 -65 0
-91 -58 -63 0
88 -74 -85 0
-83 49 88 0
-32 36 -72 0
-29 -53 18 0
8 5 -3 0
-44 -5 -47 0
70 -56 90 0
-42 -92 -7 0
2 -14 -64 0
-79 -34 92 0
44 -83 13 0
7 31 39 0
-37 52 -24 0
12 72 -78 0
-85 -33 30 0
38 -32 -61 0
-47 -78 93 0
65 9 -47 0
-52 -26 23 0
-14 13 -25 0
78 -36 -3 0
-6 -10 74 0
-85 41 65 0
-40 -4 5 0
-22 84 -51 0
4 -47 -22 0
-60 11 16 0
-42 -97 -12 0
-69 92 -16 0
-64 12 79 0
97 46 24 0
41 -44 -59 0
-93 -80 -45 0
-21 34 -31 0
52 -31 81 0
50 26 -90 0
-41 -20 57 0
42 -69 31 0
31 23 27 0
-27 95 70 0
-37 -39 -72 0
13 -44 -48 0
47 -32 24 0
-38 74 -48 0
38 -55 -73 0
79 -11 30 0
88 1 19 0
74 93 14 0
-60 -77 71 0
80 -71 1 0
-87 -7 -19 0
48 -2 -9 0
-75 -82 80 0
24 -21 -34 0
12 -90 -18 0
-23 -87 45 0
39 69 -91 0
31 79 37 0
50 -30 -32 0
-30 -45 -60 0
-58 -89 -64 0
2 57 52 0
-44 25 85 0
-6 14 22 0
-7 -85 84 0
93 95 -6 0
22 -57 46 0
52 -84 14 0
19 7 1 0
6 -64 -12 0
-93 -55 46 0
-52 -57 64 0
-5 -24 -21 0
94 -26 -92 0
60 -35 -58 0
-37 91 59 0
-47 -79 3 0
41 -30 53 0
78 40 -59 0
74 1 -39 0
75 -37 13 0
-97 -2 82 0
8 75 -94 0
27 -45 21 0
-92 -52 -79 0
-91 -4 -2 0
30 -83 63 0
25 -54 -20 0
90 -11 84 0
87 -85 -14 0
26 -95 -54 0
-73 80 78 0
52 45 82 0
-13 82 48 0
35 -31 -38 0
31 32 92 0
74 -67 78 0
-17 -63 -80 0
50 69 -76 0
-92 -26 43 0
95 80 -54 0
-17 8 25 0
47 77 -30 0
-8 -61 -63 0
-29 -67 25 0
72 4 38 0
-85 80 44 0
81 42 56 0
81 31 16 0
48 -72 25 0
-7 55 -84 0
44 -83 43 0
95 -77 1 0
-73 42 -16 0
-44 -19 47 0
-45 11 -51 0
7 88 -40 0
49 -42 -56 0
-76 -51 -41 0
-48 -89 -19 0
-13 -25 79 0
-42 71 -11 0
-44 1 -20 0
-75 81 -5 0
-45 79 -76 0
13 15 62 0
-89 -94 -59 0
-27 -40 -18 0
-89 69 24 0
91 -59 -20 0
52 -3 -87 0
67 -40 -1 0
75 6 96 0
-30 -72 -58 0
-25 53 12 0
-11 77 7 0
20 -93 -49 0
88 -43 -93 0
16 92 55 0
67 -53 9 0
-16 15 -66 0
68 -63 -17 0
31 17 -12 0
7 39 76 0
54 -40 -23 0
7 26 -21 0
-36 88 -61 0
-7 85 58 0
67 -90 -69 0
-77 -40 21 0
95 50 80 0
63 -50 -43 0
-65 49 -14 0
-82 -86 57 0
-24 -47 -66 0
-20 26 -49 0
-84 51 -8 0
-62 61 76 0
-68 85 -62 0
-80 -43 75 0
-49 1 -90 0
40 20 -15 0
83 86 90 0
-36 68 -63 0
-93 -33 89 0
75 -11 -45 0
-54 -46 -83 0
-63 56 50 0
77 -16 -5 0
-58 -37 -85 0
-62 23 40 0
-87 -69 7 0
-9 -21 -18 0
43 4 61 0
64 43 -71 0
-14 -49 59 0
79 -33 -21 0
16 -4 36 0
-54 40 60 0
-37 54 -6 0
-57 -47 -22 0
-64 -38 -48 0
-15 6 -34 0
25 77 -84 0
17 -57 52 0
13 24 -41 0
92 38 47 0
-5 -14 70 0
-80 21 -82 0
-10 -48 50 0
59 43 -80 0
12 -86 64 0
-63 -47 31 0
-87 -46 -74 0
77 -95 42 0
-60 -78 -86 0
-59 -8 -55 0
69 -73 66 0
-7 -43 69 0
76 -50 31 0
-65 -83 75 0
-9 -81 10 0
45 93 47 0
47 44 59 0
-15 29 71 0
88 59 17 0
-61 -22 -38 0
-15 91 24 0
-51 81 21 0
-92 -72 50 0
26 91 34 0
78 -58 -16 0
-54 76 -82 0
-42 14 23 0
67 -70 -5 0
