p 96 408
-60 72 6 0
-67 81 55 0
-65 -87 84 0
-55 66 64 0
-83 57 77 0
95 7 -42 0
3 71 74 0
-63 -83 16 0
-6 -4 -95 0
-28 -72 -54 0
53 -78 -33 0
4 72 81 0
5 67 88 0
-11 42 84 0
25 -80 3 0
-82 -36 -61 0
-77 28 44 0
64 77 60 0
44 5 -70 0
84 27 91 0
-50 -79 10 0
-49 -28 -50 0
59 86 -22 0
93 -5 -23 0
-59 -29 27 0
-93 -18 84 0
41 -22 66 0
16 -56 -86 0
24 66 -41 0
17 74 29 0
-89 19 96 0
-92 44 -45 0
62 72 27 0
39 -74 -34 0
-52 43 -32 0
34 -76 -18 0
4 20 -37 0
1 24 93 0
-19 65 74 0
81 -92 -10 0
-66 41 -75 0
59 -78 -11 0
-36 37 78 0
-59 32 76 0
-25 9 -43 0
-29 -94 47 0
31 -57 -36 0
35 -84 -76 0
10 -18 -27 0
-22 8 63 0
61 56 45 0
63 -51 -86 0
66 84 83 0
38 -89 96 0
-16 -50 -93 0
2 -48 11 0
92 -62 81 0
-88 39 -55 0
30 -14 6 0
-19 20 -76 0
-48 45 -26 0
-20 -77 19 0
-88 56 -23 0
-64 -22 -28 0
70 -37 -93 0
-12 -77 -61 0
-71 61 90 0
-53 70 -58 0
-67 11 -55 0
78 -62 58 0
-29 74 64 0
-60 56 18 0
23 26 33 0
-19 67 17 0
-9 95 -61 0
22 -74 10 0
-94 -93 89 0
-20 50 -23 0
39 72 -70 0
-4 17 71 0
-96 52 -39 0
-60 13 -27 0
-31 -67 -47 0
93 -78 -12 0
87 90 21 0
-10 73 -89 0
77 -85 -47 0
37 -63 -9 0
-63 43 -87 0
-13 59 -30 0
-50 -39 22 0
-33 71 20 0
39 -81 -38 0
42 -3 12 0
10 -26 -17 0
-61 -21 20 0
-3 81 -8 0
-4 -21 -31 0
-68 -54 39 0
37 74 -47 0
23 -17 8 0
32 -26 10 0
19 -27 -32 0
96 93 21 0
29 14 -80 0
26 -1 -71 0
-90 -8 30 0
-66 73 11 0
34 79 -76 0
-37 -10 56 0
16 -86 -77 0
6 72 77 0
4 -35 46 0
46 -43 -64 0
18 -62 -87 0
-11 53 35 0
-54 82 -58 0
-69 -20 -9 0
11 -38 -30 0
60 88 16 0
47 -20 19 0
-13 -57 -12 0
-7 1 -93 0
-93 -21 -66 0
-16 -36 -20 0
-25 -90 59 0
-40 -13 74 0
-51 -65 3 0
23 -69 -27 0
-20 -68 -67 0
-63 18 -76 0
-12 51 69 0
80 44 27 0
55 88 23 0
29 -63 -55 0
65 39 -5 0
-3 -71 -77 0
-13 -25 -47 0
67 -77 -14 0
-62 -70 41 0
-88 82 60 0
-11 -69 -6 0
14 65 13 0
-39 6 95 0
-30 -17 68 0
-57 53 27 0
-49 4 64 0
-92 -87 -61 0
-42 -1 -81 0
-27 60 -5 0
21 19 26 0
69 -63 2 0
-91 -89 -3 0
-56 -59 16 0
29 96 93 0
27 46 42 0
-46 -5 -27 0
83 -33 -87 0
11 -44 9 0
79 80 -67 0
12 -65 67 0
-4 87 -82 0
73 -88 -16 0
-88 74 29 0
-67 -96 22 0
-92 90 91 0
53 -84 -49 0
80 17 54 0
-89 -42 -83 0
-40 -22 -30 0
-93 -88 8 0
27 -71 -7 0
72 -80 -54 0
69 93 -5 0
52 23 -88 0
1 47 -38 0
88 36 69 0
5 91 -53 0
57 31 24 0
15 -30 -25 0
10 -35 -57 0
-65 63 -25 0
-82 -43 -3 0
-5 11 65 0
-43 -9 -66 0
7 -20 -85 0
-84 31 56 0
65 2 -90 0
79 78 69 0
27 20 -33 0
18 -42 -32 0
19 -17 61 0
-38 96 46 0
47 44 60 0
-32 -27 96 0
-5 -95 48 0
-91 -5 54 0
45 -58 91 0
60 94 -37 0
-59 36 7 0
-14 -42 96 0
-40 66 28 0
-31 46 -57 0
55 82 46 0
6 77 -3 0
9 -74 -77 0
6 73 -65 0
-27 42 54 0
56 -29 -19 0
12 -42 -68 0
3 57 -96 0
50 -80 18 0
74 -19 -28 0
48 -13 86 0
-24 -94 36 0
67 21 83 0
-91 27 92 0
93 -53 -58 0
-12 9 -19 0
84 94 95 0
74 71 76 0
89 45 8 0
-48 84 64 0
96 -65 62 0
18 5 4 0
87 60 -25 0
-58 60 75 0
40 -52 61 0
70 -92 -95 0
-72 70 -27 0
68 -41 49 0
-75 70 67 0
19 -14 5 0
83 91 41 0
38 -89 71 0
21 -10 94 0
52 69 -20 0
-84 12 36 0
35 -76 -44 0
72 -3 24 0
71 80 79 0
-42 -37 -64 0
50 35 -63 0
-37 -60 -89 0
24 -79 -8 0
-59 78 62 0
-29 26 53 0
-48 90 81 0
-65 2 45 0
-70 -87 85 0
-5 16 61 0
83 13 -57 0
5 68 34 0
-94 -81 -68 0
-4 -53 6 0
-89 56 18 0
84 53 -65 0
-64 89 -2 0
-29 46 79 0
-96 61 27 0
-10 3 -51 0
-87 49 -6 0
71 -61 -58 0
43 -66 74 0
-41 47 -72 0
80 -75 3 0
-46 35 -36 0
-90 -39 -96 0
-80 -18 -52 0
59 -13 -27 0
75 -19 -83 0
-95 71 -8 0
2 67 -32 0
-66 -15 -50 0
41 -3 42 0
-34 21 -8 0
-10 72 -42 0
76 -68 9 0
65 -48 -74 0
-57 -12 10 0
22 30 74 0
25 -46 4 0
-28 65 78 0
27 91 24 0
-45 -58 -8 0
-71 89 1 0
44 79 86 0
64 62 26 0
-36 -20 75 0
-43 72 81 0
48 -67 -10 0
66 -57 92 0
84 76 -26 0
91 50 20 0
-73 40 -48 0
39 19 9 0
89 -72 7 0
75 29 -94 0
-59 1 -53 0
85 -3 -96 0
56 -54 69 0
-21 13 -9 0
56 89 -9 0
-8 62 30 0
33 -21 28 0
3 54 -66 0
18 -73 -80 0
18 -19 77 0
61 -4 64 0
60 95 -25 0
24 47 83 0
-29 91 -63 0
95 -75 19 0
33 22 84 0
67 -50 -95 0
11 62 29 0
92 -24 55 0
-65 -46 -74 0
73 70 -63 0
32 80 -54 0
-45 -62 74 0
-35 14 -96 0
-91 4 20 0
-48 -50 -85 0
-43 -62 -94 0
-28 -68 -35 0
-11 -46 57 0
65 -36 75 0
34 37 -27 0
39 -35 52 0
95 -58 -13 0
52 11 41 0
-79 55 -45 0
-17 -24 -93 0
30 -35 39 0
-77 88 53 0
-87 17 -43 0
-26 24 21 0
-22 -90 43 0
13 95 -61 0
-69 73 11 0
-10 -45 -37 0
-65 -31 -19 0
7 -64 -86 0
-3 68 33 0
-85 68 91 0
17 -61 54 0
76 65 67 0
48 37 12 0
-84 -17 -38 0
92 14 -93 0
-6 -36 71 0
57 -37 78 0
59 78 80 0
93 74 -43 0
-51 23 -52 0
57 -87 92 0
-4 -23 72 0
-24 73 93 0
26 -86 -84 0
-30 4 47 0
62 42 53 0
-95 -39 -88 0
-65 77 2 0
67 48 -18 0
-79 12 -33 0
31 80 14 0
26 12 96 0
4 -15 -67 0
50 81 8 0
11 -63 -85 0
70 50 -76 0
66 43 -17 0
-86 18 -62 0
-8 -87 -44 0
68 49 -53 0
30 27 86 0
-86 -77 6 0
-65 70 42 0
-79 49 -83 0
55 61 87 0
45 28 -85 0
-64 -76 -73 0
-31 59 49 0
-27 -82 -23 0
-47 41 -70 0
47 -22 65 0
43 4 17 0
38 -45 -8 0
69 -43 24 0
21 -1 -39 0
17 4 50 0
3 -81 -51 0
-41 39 38 0
49 33 -53 0
-4 96 -69 0
12 23 -71 0
44 68 18 0
-82 -50 -65 0
-52 -79 -62 0
-40 -75 37 0
-72 29 -62 0
-64 33 96 0
83 89 -42 0
90 -17 22 0
15 -91 -52 0
-32 -39 71 0
-10 70 40 0
