p 41 174
-39 -10 -33 0
-35 -19 10 0
19 -5 -37 0
24 -38 23 0
-21 -24 30 0
-33 15 25 0
4 -25 21 0
15 -30 37 0
-1 -5 37 0
-21 13 -14 0
16 12 -31 0
32 -6 20 0
-22 16 -40 0
16 -35 -13 0
10 40 19 0
-35 5 17 0
7 5 21 0
40 27 -33 0
2 -28 32 0
-22 -10 18 0
-20 -29 6 0
-16 20 21 0
-8 33 4 0
7 1 -30 0
-18 -21 -29 0
22 30 33 0
-7 -11 10 0
-12 24 -26 0
-16 -24 -7 0
-26 13 34 0
-18 -25 7 0
38 16 25 0
35 30 2 0
-37 13 30 0
-7 4 23 0
-5 -19 -25 0
5 -14 -7 0
-23 33 -35 0
18 30 7 0
-1 41 -10 0
41 29 15 0
-3 10 -21 0
-35 -3 15 0
9 -6 29 0
-24 -35 17 0
38 -29 -8 0
-1 -32 -37 0
17 25 33 0
-32 23 27 0
24 -17 29 0
-2 20 40 0
-26 -7 12 0
40 -37 -16 0
26 -37 -19 0
20 14 33 0
-37 -7 41 0
-28 -35 5 0
28 -33 1 0
23 12 -5 0
19 31 9 0
-26 -38 -5 0
7 26 -4 0
-25 -40 39 0
-22 10 17 0
-32 -4 -25 0
-30 -15 16 0
-17 -39 -28 0
-25 18 -31 0
-33 34 19 0
-9 29 12 0
-31 3 11 0
-3 -24 9 0
-2 13 -7 0
-40 -26 -15 0
9 -29 -19 0
-19 5 -24 0
-38 4 39 0
-37 -34 35 0
-13 39 18 0
10 -23 7 0
2 -19 36 0
-4 -20 -12 0
-41 5 -36 0
-15 -23 -35 0
-34 30 18 0
-23 -32 -14 0
40 -26 -9 0
-23 -18 39 0
36 39 16 0
-2 -19 -31 0
2 22 34 0
-5 39 14 0
24 10 -32 0
-19 -16 35 0
-7 37 -12 0
25 5 -35 0
2 11 -21 0
30 8 12 0
31 40 19 0
36 -2 -9 0
39 29 -5 0
8 6 -22 0
-34 21 10 0
-18 20 38 0
-26 -18 38 0
8 -41 19 0
12 22 -3 0
3 6 30 0
-40 37 -3 0
-31 19 34 0
22 -15 -38 0
-37 36 -19 0
-13 -21 -38 0
-39 -32 15 0
25 24 16 0
25 38 -16 0
-39 -17 -14 0
-40 19 -23 0
25 10 -39 0
32 33 26 0
-31 28 21 0
34 -3 -35 0
11 -10 -7 0
11 -24 17 0
-28 -40 17 0
-9 22 -30 0
37 -34 -38 0
-12 17 21 0
34 -20 33 0
-2 17 -27 0
33 -18 -30 0
-1 31 19 0
-13 -14 -23 0
41 12 -3 0
20 40 10 0
-37 21 -15 0
36 2 -33 0
25 -41 9 0
-31 -11 39 0
31 26 41 0
-32 -12 -25 0
-3 -11 9 0
-31 -24 38 0
-10 28 30 0
31 2 -34 0
-25 -23 14 0
-12 14 11 0
33 7 22 0
20 -1 -22 0
-1 -26 3 0
27 37 -25 0
8 29 25 0
-15 -21 -6 0
-40 -17 -25 0
-25 -5 14 0
-5 -16 -21 0
33 -30 16 0
-33 -37 25 0
-38 -31 -20 0
-19 -15 18 0
-26 -6 3 0
-20 13 14 0
26 -13 27 0
9 26 38 0
-36 -40 30 0
2 -37 -15 0
18 -16 -8 0
8 -38 -18 0
-12 -25 -23 0
16 11 10 0
4 -38 2 0
2 38 5 0
-14 27 22 0
31 -10 22 0
