p 44 187
43 5 -39 0
8 4 33 0
40 6 17 0
-42 -12 2 0
-10 -15 35 0
32 12 -31 0
-19 40 -35 0
23 -10 -6 0
17 33 -4 0
-42 -27 1 0
29 -15 13 0
5 38 -28 0
-42 -6 28 0
40 17 11 0
-19 -28 37 0
21 19 -33 0
-21 -11 -29 0
-9 40 -28 0
21 -12 28 0
37 23 8 0
-7 -18 -32 0
35 15 -9 0
19 8 26 0
3 34 -40 0
-25 -30 -32 0
-29 -40 4 0
-29 36 37 0
12 -30 10 0
-31 -16 -15 0
5 -11 -21 0
23 -19 -12 0
39 13 -3 0
5 -28 36 0
-39 20 -27 0
-4 16 -36 0
-37 22 -41 0
-39 -19 -42 0
-29 23 37 0
-2 23 32 0
-40 13 -15 0
14 -29 -28 0
26 -17 14 0
-8 -30 -35 0
10 -1 41 0
44 -17 19 0
-19 25 42 0
-27 -25 -38 0
-13 9 31 0
-13 -34 -7 0
-5 -30 -10 0
-32 30 -43 0
29 27 -14 0
24 7 -42 0
-24 2 -8 0
38 -35 -25 0
-17 23 31 0
-42 -28 6 0
25 28 3 0
13 -26 43 0
8 30 -27 0
41 -31 33 0
-1 44 -41 0
7 2 23 0
-20 16 -18 0
-24 -36 11 0
2 -21 9 0
-17 16 30 0
-13 -1 -28 0
27 1 -4 0
-14 -44 -11 0
-15 8 -38 0
-7 5 -41 0
-4 3 -8 0
-12 28 29 0
-38 -4 -21 0
-7 -42 23 0
23 4 35 0
-17 -35 -43 0
-8 3 25 0
-42 33 34 0
-28 -34 -11 0
20 -28 -7 0
-20 32 -29 0
20 -16 -23 0
-29 -3 -8 0
27 -10 -1 0
40 -1 24 0
13 -14 8 0
9 -14 -26 0
-6 -30 24 0
35 28 -13 0
-24 -28 6 0
-10 -2 -24 0
15 -21 14 0
19 -41 -28 0
2 41 -27 0
-21 16 22 0
-44 34 22 0
39 32 28 0
-36 34 2 0
-38 -1 -11 0
-2 42 33 0
-28 -30 -11 0
16 18 -33 0
-40 27 34 0
-29 -19 -28 0
22 -18 30 0
-16 42 12 0
3 -13 -24 0
17 24 -15 0
-10 -7 -8 0
10 26 39 0
-32 14 4 0
44 -27 29 0
8 9 -10 0
9 21 -3 0
2 -11 -4 0
-29 8 -44 0
31 -13 -32 0
-18 14 -8 0
-26 -31 -5 0
5 40 3 0
-24 -26 11 0
-19 8 16 0
-7 -30 39 0
8 34 1 0
17 31 -20 0
35 -1 -40 0
18 -41 -21 0
12 39 -11 0
29 -34 11 0
26 -8 13 0
24 2 -10 0
-19 -28 -24 0
-41 12 35 0
33 8 -15 0
15 8 -19 0
21 6 10 0
-10 -17 -9 0
-10 -16 -34 0
-28 -33 -13 0
34 44 -21 0
-13 5 -25 0
-23 42 -43 0
-29 23 -42 0
4 24 43 0
12 8 16 0
40 42 6 0
-12 7 -11 0
11 -2 34 0
17 4 44 0
19 -31 -16 0
-9 15 -37 0
-41 4 5 0
39 -7 -38 0
30 -18 -27 0
14 -44 43 0
22 5 8 0
8 43 -34 0
-5 -21 11 0
7 -9 27 0
-21 42 -40 0
-20 41 -8 0
-8 -42 -40 0
-13 30 -33 0
31 12 15 0
-36 -1 -31 0
12 21 -28 0
-39 10 -1 0
28 11 34 0
-16 4 -10 0
-28 24 -8 0
-22 -26 -19 0
-29 -10 19 0
16 34 7 0
31 -13 -33 0
-43 33 36 0
-38 -21 -43 0
14 -37 -22 0
-31 -7 -30 0
39 -10 -41 0
-2 -32 21 0
-36 -1 21 0
-13 9 -43 0
-29 39 22 0
35 -11 -39 0
-37 42 27 0
