p 79 336
-14 -55 12 0
12 -35 59 0
78 -6 -70 0
61 -40 -21 0
-52 -8 -70 0
-15 -19 -16 0
73 53 75 0
-51 -63 -23 0
-52 24 73 0
-21 -10 66 0
52 -44 8 0
-69 57 18 0
-25 1 -28 0
-75 -66 -2 0
73 25 69 0
-11 12 74 0
-70 22 33 0
26 -22 -56 0
56 68 45 0
32 -5 -55 0
53 -51 -62 0
38 30 6 0
-73 -41 -46 0
-79 29 50 0
-69 -59 47 0
32 55 9 0
59 79 6 0
71 -40 -25 0
23 56 34 0
-2 58 75 0
32 78 -16 0
-32 -25 26 0
-62 -46 -74 0
52 30 56 0
-77 25 31 0
-33 -78 -17 0
30 -4 6 0
-56 39 -73 0
-47 77 70 0
-52 -42 73 0
58 -15 -71 0
17 77 -43 0
9 -37 -52 0
54 18 17 0
53 -64 -68 0
24 32 -72 0
-6 -42 -28 0
-43 32 -16 0
-68 10 -67 0
76 -31 -57 0
-19 -78 9 0
63 72 -46 0
-8 56 47 0
63 34 -15 0
-48 -6 56 0
-22 77 31 0
-62 69 -67 0
-8 44 -66 0
23 62 3 0
-23 5 -68 0
-70 75 -54 0
14 39 -28 0
77 61 -11 0
-45 -37 65 0
-78 45 -56 0
-18 -75 -45 0
31 -9 74 0
50 -58 -34 0
72 8 -21 0
68 -72 -16 0
63 75 72 0
-31 -70 24 0
-62 47 -4 0
-31 69 52 0
34 -78 -14 0
12 44 43 0
56 -48 -50 0
-4 -19 -33 0
72 23 22 0
-65 -55 -12 0
3 -29 -79 0
18 -14 -50 0
15 -41 24 0
-27 36 -77 0
-40 -79 21 0
44 35 55 0
-17 -7 44 0
-58 3 -56 0
-38 70 -71 0
73 72 69 0
-34 43 37 0
-54 -77 -58 0
66 -2 -38 0
-15 -72 -55 0
78 -63 -54 0
-18 -61 -23 0
61 -66 -7 0
23 73 72 0
12 75 -73 0
34 22 -23 0
24 40 77 0
55 -44 -61 0
-27 -7 -62 0
74 37 -77 0
3 -29 17 0
49 -24 66 0
22 -71 -23 0
-76 72 -5 0
2 63 19 0
-1 -72 24 0
64 58 69 0
-43 -36 66 0
63 23 -1 0
-66 -61 -41 0
51 29 69 0
-70 52 9 0
45 -28 40 0
1 68 -33 0
45 -43 34 0
-52 13 71 0
-50 27 68 0
46 30 -68 0
-44 78 16 0
1 -10 -12 0
35 75 66 0
18 63 58 0
-37 47 -14 0
-8 15 -24 0
12 28 29 0
-13 -73 -57 0
8 28 23 0
-8 -60 75 0
-53 -52 34 0
66 -48 60 0
-8 -68 -61 0
-52 -20 -58 0
-12 -68 43 0
71 -66 -4 0
-65 23 -13 0
14 -57 -1 0
13 -24 63 0
-56 48 27 0
47 -32 -71 0
58 -15 -38 0
-65 2 72 0
-47 61 -7 0
47 -60 -26 0
-40 -33 -36 0
60 34 12 0
-32 -13 -64 0
60 -54 68 0
19 46 -39 0
19 -78 39 0
59 40 -72 0
30 -12 55 0
-8 -66 47 0
-78 70 20 0
31 64 17 0
6 45 18 0
-69 34 75 0
46 -4 -39 0
30 12 26 0
60 -62 -74 0
-26 -59 -35 0
-21 -68 17 0
63 66 20 0
38 54 -71 0
63 69 -22 0
-71 -46 41 0
-22 -46 -32 0
3 35 31 0
52 -58 -36 0
-44 -60 -47 0
-14 -79 -73 0
-69 59 -29 0
58 47 -14 0
-32 61 56 0
-52 -19 24 0
-74 37 61 0
-28 8 14 0
-4 -21 46 0
28 -24 -63 0
-18 -14 -19 0
-78 -55 20 0
74 75 -3 0
-18 -71 -27 0
4 -12 77 0
-58 -22 -43 0
44 -43 34 0
33 52 -79 0
-58 -48 50 0
11 3 -28 0
65 56 -30 0
69 38 -77 0
-42 11 30 0
-63 -3 -38 0
-3 -55 -36 0
69 19 -60 0
-24 -36 66 0
-3 -19 -16 0
7 -19 69 0
4 -3 -34 0
64 23 76 0
-28 -50 -24 0
-26 -33 8 0
-22 -67 -43 0
53 -44 -51 0
66 16 60 0
-41 27 -67 0
17 -25 46 0
-64 -20 46 0
38 66 -41 0
51 78 29 0
62 -61 -51 0
15 21 -13 0
-25 -4 -21 0
58 -31 16 0
-58 -26 20 0
47 -48 -60 0
-25 -11 30 0
-19 -38 49 0
79 23 -47 0
35 -18 -11 0
16 -22 15 0
-8 4 24 0
-27 13 3 0
-21 -6 79 0
17 18 -72 0
-37 55 -47 0
-79 -5 41 0
25 -52 -19 0
19 -61 51 0
-69 51 -43 0
51 -73 12 0
45 42 -63 0
21 20 -56 0
-38 -5 19 0
-21 57 34 0
14 -46 -9 0
64 19 -2 0
-19 22 -51 0
-50 74 6 0
-21 40 -72 0
60 -13 29 0
47 -69 44 0
34 -1 -4 0
10 -31 -42 0
-27 15 -9 0
44 40 37 0
-41 -19 42 0
-71 -27 73 0
73 52 45 0
-73 -39 27 0
-31 51 -32 0
68 -20 -77 0
54 -63 -17 0
64 70 -56 0
-27 8 -16 0
7 -21 15 0
19 -11 6 0
25 59 -39 0
-53 -40 -69 0
-13 2 -47 0
77 14 2 0
-70 78 49 0
-34 50 65 0
-14 6 28 0
-25 -78 -34 0
26 9 77 0
2 -54 4 0
46 23 30 0
-11 12 73 0
30 -47 -71 0
13 2 69 0
-25 -32 37 0
-61 3 -44 0
-59 -25 -36 0
40 -70 64 0
44 73 -64 0
55 -13 63 0
-46 -36 37 0
-65 36 -38 0
35 -68 -72 0
72 -60 -3 0
29 17 -11 0
-74 14 -17 0
47 37 60 0
-25 -9 -64 0
75 -16 -29 0
52 69 78 0
-56 54 -55 0
-73 -47 35 0
48 -15 -7 0
3 -32 37 0
46 -7 77 0
30 57 1 0
-31 -77 -69 0
11 68 -5 0
41 -31 -62 0
61 71 -54 0
65 76 10 0
23 -20 -14 0
59 -10 71 0
-58 12 44 0
43 23 -48 0
8 -46 1 0
24 17 -77 0
71 -61 59 0
-12 -24 9 0
13 25 33 0
5 -49 -35 0
57 -32 -28 0
-6 -7 73 0
-40 46 -55 0
-25 -61 -1 0
72 15 -42 0
32 -45 23 0
41 39 70 0
-37 15 43 0
37 -42 24 0
-51 -13 25 0
-64 -41 61 0
12 -19 -64 0
79 -53 -14 0
42 -63 78 0
70 -74 -34 0
37 58 -51 0
-63 72 73 0
62 18 6 0
45 66 -47 0
67 -56 38 0
-39 11 76 0
-17 -24 -59 0
-78 -51 -2 0
53 3 -32 0
-35 -27 -16 0
