p 58 247
-20 -39 -19 0
6 -30 14 0
38 -9 -11 0
22 1 3 0
-56 15 37 0
-27 -26 -25 0
-38 41 27 0
2 -12 -51 0
54 17 16 0
30 -10 -29 0
-6 -51 26 0
23 -18 -19 0
-44 10 25 0
37 -45 36 0
-1 41 -43 0
-34 36 -19 0
22 11 48 0
-17 -13 -36 0
-5 -13 -50 0
56 18 39 0
-34 12 -9 0
-21 -13 -23 0
55 1 -31 0
-17 42 -21 0
22 16 1 0
43 27 -28 0
22 -24 -31 0
-15 -24 21 0
-35 23 -19 0
-14 6 37 0
21 55 50 0
40 18 47 0
16 -33 -14 0
-36 -26 6 0
-50 9 -21 0
-54 -12 31 0
-30 9 18 0
-36 4 -9 0
41 -38 15 0
32 45 19 0
-29 -11 8 0
54 58 -48 0
28 -2 52 0
-43 14 36 0
48 -28 45 0
55 32 48 0
48 27 37 0
-9 -57 35 0
-19 -37 -39 0
-55 -45 -57 0
-32 -24 35 0
52 9 -20 0
41 44 22 0
31 -39 48 0
23 -38 50 0
-3 57 16 0
9 -57 -14 0
35 -31 29 0
-39 49 -43 0
-26 40 27 0
-47 -55 46 0
11 -56 23 0
-7 22 37 0
38 -17 -18 0
-34 15 -58 0
38 -17 11 0
-22 40 -45 0
23 30 44 0
-2 47 25 0
-42 43 48 0
6 -57 -14 0
30 3 -43 0
-7 44 -39 0
-7 43 -47 0
12 -37 -28 0
58 -16 20 0
54 -38 -12 0
24 41 2 0
4 -13 -3 0
24 7 -17 0
-1 -7 55 0
58 -31 57 0
34 5 15 0
13 47 31 0
-37 45 -16 0
-3 -21 10 0
-14 -30 35 0
-39 -25 13 0
28 10 23 0
47 11 -7 0
44 -41 1 0
37 -56 -3 0
29 5 -9 0
19 49 -8 0
18 -22 56 0
-58 42 27 0
-6 14 42 0
-44 36 -49 0
-24 -58 31 0
56 27 30 0
-11 -52 -36 0
39 21 -6 0
-1 -25 -38 0
47 -35 43 0
38 -47 -26 0
-47 -37 35 0
-26 -24 -46 0
-10 22 -13 0
-13 -30 -9 0
-40 49 56 0
-5 31 -2 0
-36 -51 35 0
-37 38 7 0
3 38 -30 0
-31 47 54 0
13 -33 1 0
8 -37 -14 0
-29 39 -46 0
-6 15 -40 0
15 40 -33 0
50 -44 -28 0
20 -36 -47 0
45 -35 -13 0
-15 18 8 0
-56 23 18 0
27 -43 42 0
-23 47 -6 0
5 39 -16 0
-21 32 2 0
-5 -33 -15 0
-6 1 22 0
2 46 -33 0
41 -28 -51 0
15 26 -4 0
-50 35 45 0
-49 24 -2 0
24 9 -37 0
44 58 48 0
57 -32 -36 0
-9 16 -53 0
-5 39 -11 0
38 -58 30 0
26 43 -44 0
-15 21 -53 0
-1 -30 -44 0
-35 -26 8 0
48 -4 -33 0
-36 -37 -49 0
15 -47 8 0
50 57 17 0
44 -41 25 0
-37 46 -21 0
-25 -16 -36 0
20 -18 4 0
-20 -54 -31 0
-15 7 53 0
20 -10 -9 0
58 2 16 0
14 -45 -55 0
25 19 -55 0
-25 -36 -32 0
-55 18 50 0
-34 -2 4 0
52 49 -6 0
-24 -31 -23 0
34 8 -43 0
-54 11 -31 0
21 29 16 0
53 7 -15 0
57 31 29 0
13 -15 20 0
-31 30 -54 0
-40 -18 45 0
-30 -58 -11 0
-33 -46 -50 0
-52 10 24 0
-31 -48 -18 0
-4 56 -29 0
-27 -50 -43 0
11 7 14 0
38 -45 -58 0
35 -13 -39 0
26 -51 -36 0
-53 28 -19 0
12 -20 14 0
-25 39 -7 0
7 55 -52 0
-15 -56 -4 0
40 22 38 0
18 14 3 0
11 -2 20 0
25 56 -39 0
18 -5 -21 0
-43 -56 -23 0
46 -24 9 0
56 -22 -8 0
39 -26 -45 0
42 15 -17 0
-41 -18 -30 0
-30 38 -28 0
42 20 -56 0
-53 -56 -22 0
15 -27 -20 0
-38 8 32 0
27 -22 57 0
-20 -6 29 0
40 15 -53 0
51 -2 57 0
-33 4 15 0
-49 -19 7 0
-14 44 -17 0
55 -9 36 0
-6 24 50 0
1 -10 -11 0
-50 45 10 0
33 -40 51 0
39 -47 21 0
-13 -42 16 0
-52 -17 7 0
-58 24 -39 0
-58 49 40 0
-39 -48 -29 0
-7 21 -23 0
-10 -51 8 0
40 44 6 0
-41 51 -44 0
24 -46 -21 0
-16 -30 57 0
45 -35 -29 0
-20 27 -15 0
-5 13 58 0
20 32 -56 0
44 -42 20 0
-11 -7 -16 0
-57 33 58 0
26 47 19 0
49 -36 -23 0
-58 41 38 0
16 -17 9 0
9 56 12 0
-18 -3 -50 0
-38 -22 -55 0
39 -50 49 0
-8 -28 -21 0
34 -54 14 0
-53 -40 -51 0
46 27 -19 0
