p 60 255
-1 6 -41 0
44 -8 7 0
58 15 32 0
-26 58 -25 0
17 33 -37 0
-49 -16 -7 0
37 14 -11 0
54 -48 -16 0
29 53 25 0
-18 -34 -46 0
44 -25 -12 0
-29 -4 -42 0
-15 -24 -21 0
-35 -30 -34 0
2 -56 25 0
17 2 25 0
-57 -38 3 0
21 -27 -12 0
24 31 -42 0
-46 -55 -25 0
14 -41 -9 0
-51 -55 -54 0
18 -25 48 0
47 -12 -2 0
-28 -53 -48 0
-32 60 33 0
-43 -29 -19 0
-39 -11 -10 0
-41 -13 15 0
9 -14 41 0
48 51 -39 0
55 -60 18 0
-46 28 38 0
21 24 -13 0
-45 -17 -40 0
-3 59 53 0
16 -24 -18 0
15 -24 44 0
-54 -40 -21 0
48 -12 18 0
29 -40 -17 0
-4 19 60 0
-34 60 -39 0
11 57 -7 0
-27 -20 56 0
-49 -44 50 0
-1 -52 -43 0
-46 -55 -35 0
-58 -29 34 0
-16 -48 -50 0
15 -37 -24 0
-39 -7 24 0
-55 -27 -32 0
-11 -51 27 0
24 -57 6 0
59 48 10 0
-44 -13 -39 0
-17 34 8 0
36 60 51 0
-42 -34 -12 0
-56 -23 36 0
14 1 16 0
38 39 -12 0
-59 46 13 0
-46 -27 48 0
-24 -4 35 0
-20 -25 -32 0
-40 -45 -3 0
-60 -5 -8 0
31 -22 10 0
50 27 -34 0
44 -57 -16 0
-20 -39 30 0
-59 36 -19 0
8 14 -39 0
23 -11 -37 0
25 13 -7 0
10 25 -58 0
34 -12 -46 0
36 13 -55 0
-18 38 -11 0
-45 36 -30 0
-57 -48 7 0
36 -25 14 0
-47 24 -33 0
-12 21 15 0
-54 14 53 0
-4 -19 16 0
16 -47 12 0
45 9 -22 0
5 -19 -45 0
6 -40 4 0
12 10 18 0
-52 -12 -46 0
53 -11 44 0
32 11 39 0
-23 -16 53 0
-33 -32 16 0
21 40 47 0
-46 -26 36 0
31 -10 -52 0
-39 -40 -29 0
49 -43 38 0
-46 -60 -30 0
46 52 -10 0
44 -11 -19 0
-46 -10 50 0
-51 -18 -50 0
-59 38 -27 0
58 -38 48 0
-31 24 -42 0
2 36 -40 0
-39 -12 -34 0
-21 7 44 0
-36 -21 4 0
-58 -13 -20 0
22 12 -31 0
48 26 -22 0
13 -4 10 0
10 19 41 0
-37 34 35 0
7 19 47 0
-39 -25 -47 0
-50 -20 35 0
28 55 39 0
-59 -55 31 0
-49 -54 37 0
-38 -11 -12 0
-21 56 -31 0
-33 17 -31 0
9 -34 59 0
-17 47 28 0
39 -11 -30 0
8 -20 -55 0
-2 -6 52 0
12 46 10 0
56 57 42 0
-25 -34 -60 0
-55 13 4 0
25 -33 57 0
20 24 7 0
-24 -53 -6 0
6 54 31 0
22 -31 -47 0
30 -4 -3 0
26 -21 -55 0
49 -14 -12 0
51 24 5 0
49 -11 -15 0
4 -7 30 0
12 -45 -42 0
12 21 -59 0
56 47 -27 0
22 -37 6 0
-25 -12 -4 0
8 16 -55 0
-44 -57 -43 0
-45 -10 -20 0
-43 58 51 0
11 -19 8 0
-8 52 53 0
-59 -34 -30 0
-15 26 -30 0
-31 48 11 0
-14 -56 -29 0
57 -33 -10 0
27 21 15 0
-22 3 17 0
21 -18 -37 0
-53 -4 -6 0
-5 -13 -50 0
13 2 33 0
60 -53 -56 0
-12 -40 -29 0
-11 12 55 0
-5 -14 32 0
50 -11 -25 0
27 58 -15 0
32 -29 -24 0
25 -51 9 0
-50 -26 -28 0
22 58 -44 0
13 60 -7 0
56 6 54 0
34 18 32 0
-13 9 -35 0
33 3 -30 0
54 20 -34 0
47 14 9 0
32 50 26 0
-18 4 45 0
1 24 -54 0
-42 -33 28 0
5 47 -25 0
30 -31 55 0
3 9 -12 0
-10 -41 11 0
-9 -19 -35 0
-26 -32 -52 0
60 -5 59 0
-59 4 16 0
-59 24 6 0
37 3 -31 0
15 33 20 0
-2 33 45 0
56 -40 -39 0
44 23 -29 0
-47 -19 -42 0
8 -43 5 0
-31 5 -60 0
-10 45 39 0
19 -35 46 0
20 -17 -21 0
-32 -18 60 0
31 59 -37 0
-14 -45 8 0
-58 54 -37 0
-8 -56 -11 0
-42 -6 -19 0
55 -33 -21 0
20 -26 19 0
1 36 -7 0
-48 44 -22 0
26 6 24 0
29 30 -44 0
-55 -45 -3 0
-36 -19 51 0
-27 30 -38 0
52 56 12 0
33 -24 -15 0
-43 -39 38 0
46 28 -58 0
29 30 -17 0
2 8 39 0
49 -47 9 0
-7 42 9 0
-4 -1 39 0
35 27 25 0
-46 59 -34 0
58 -44 30 0
-6 -18 7 0
14 48 21 0
7 49 24 0
27 -45 -20 0
-55 -35 -26 0
-14 24 36 0
-56 -24 37 0
-32 -11 46 0
-24 3 12 0
24 3 -50 0
28 5 4 0
57 -56 34 0
-47 -40 -8 0
60 58 -32 0
-36 30 38 0
