p 44 187
-15 -26 20 0
10 -43 -1 0
-7 -11 -43 0
24 -37 -11 0
-17 21 30 0
10 -36 -25 0
16 -18 39 0
-18 -26 9 0
-11 8 -16 0
-24 -23 20 0
10 30 22 0
-4 -29 -5 0
36 31 40 0
-9 25 -19 0
19 3 -40 0
-44 40 -41 0
-5 -25 -9 0
3 -42 -18 0
29 16 -24 0
-6 -20 -26 0
-27 10 5 0
-22 27 -40 0
30 37 -3 0
36 -2 -5 0
-40 -16 -26 0
-3 20 -39 0
-23 -8 35 0
33 -13 -25 0
26 -8 -20 0
7 -12 -11 0
9 -21 -34 0
3 18 37 0
-39 42 -27 0
-27 6 -30 0
43 -25 -1 0
-19 27 28 0
33 -42 -17 0
-30 3 -22 0
-36 -40 33 0
-15 -41 -4 0
9 -13 30 0
-19 -44 33 0
-16 -38 29 0
28 -35 -32 0
-15 25 23 0
-4 34 -23 0
37 -13 26 0
20 -10 27 0
-3 26 -40 0
-34 -15 -7 0
-15 -26 -9 0
-33 -5 -12 0
-4 -3 23 0
13 20 -22 0
-7 17 43 0
-8 -7 43 0
-22 -10 31 0
8 7 13 0
-33 -8 -18 0
-18 -11 25 0
44 19 -12 0
-38 -25 2 0
6 -33 -34 0
36 -39 18 0
-43 -39 34 0
9 18 5 0
-33 3 27 0
14 -20 41 0
10 44 19 0
36 33 -25 0
-24 -43 -37 0
-26 17 -2 0
-10 -38 42 0
-35 16 -18 0
-39 -26 10 0
-16 -25 -3 0
-17 1 -42 0
26 5 22 0
-34 -28 2 0
-14 40 -8 0
-43 -11 22 0
42 29 6 0
-17 10 -31 0
39 10 -38 0
-7 17 -10 0
-14 8 -19 0
-19 -23 42 0
-7 40 -31 0
-10 -34 16 0
13 -30 -43 0
35 -19 28 0
15 -2 18 0
-44 30 -42 0
-5 -6 8 0
-27 -44 30 0
-35 1 -37 0
44 24 -43 0
5 -35 -1 0
39 25 -40 0
-14 11 -16 0
-37 9 33 0
-27 44 -43 0
3 -9 -29 0
32 37 -42 0
-13 -38 16 0
-28 8 -26 0
-16 -5 41 0
34 3 -15 0
39 -5 11 0
1 29 37 0
9 -12 -27 0
-10 -31 38 0
34 12 18 0
35 39 -34 0
-27 35 5 0
-8 23 -29 0
-39 -6 22 0
10 -40 38 0
32 -40 11 0
16 -33 7 0
42 -3 -18 0
-38 -31 42 0
28 -18 12 0
34 -7 -9 0
21 -19 22 0
-24 35 16 0
-35 -41 -19 0
1 38 -17 0
16 26 -40 0
-2 -10 17 0
-1 18 -15 0
-3 9 -10 0
-42 -30 -28 0
14 30 17 0
43 8 -11 0
39 -19 -15 0
39 7 40 0
36 22 5 0
-38 18 -1 0
-3 -35 36 0
1 39 15 0
10 4 42 0
-1 4 42 0
42 -27 -29 0
12 -44 43 0
-13 31 -20 0
-28 29 -40 0
5 6 -30 0
26 35 2 0
27 16 40 0
9 -24 30 0
-36 20 -44 0
36 26 -28 0
-17 -24 -11 0
-21 -18 1 0
-22 12 -35 0
3 -33 23 0
35 1 -19 0
-15 35 -4 0
38 8 -1 0
42 -8 -19 0
3 -34 7 0
-9 -41 38 0
-19 1 -16 0
-40 22 -12 0
-43 12 -33 0
6 -35 -15 0
-36 -19 6 0
-15 -8 13 0
13 10 -3 0
-12 -19 44 0
-27 24 22 0
-31 -37 5 0
5 44 27 0
-30 -44 3 0
-25 31 28 0
-25 5 -43 0
39 14 -34 0
-21 -25 5 0
32 38 -13 0
17 13 -38 0
36 -15 -37 0
20 7 11 0
32 -31 -2 0
-39 12 7 0
17 -41 -14 0
-33 -12 -15 0
