p 88 374
20 -68 74 0
-9 21 12 0
-23 -14 73 0
-3 80 81 0
-4 87 45 0
-47 -43 -34 0
-22 -79 -18 0
37 35 56 0
85 -48 -66 0
17 73 65 0
-35 -41 -39 0
-79 -66 -30 0
-31 -52 -24 0
-4 -79 -24 0
-75 -41 -77 0
-34 85 -65 0
-58 25 10 0
7 -84 -62 0
-23 -54 43 0
-76 -2 -12 0
17 46 60 0
39 46 35 0
15 -86 50 0
42 50 -75 0
-58 76 -86 0
-15 -58 47 0
60 -54 11 0
24 -52 81 0
-32 -84 -33 0
29 -71 33 0
75 -80 88 0
45 -57 77 0
-1 25 -87 0
-44 2 -85 0
79 -83 -47 0
-53 66 -52 0
-17 -71 -74 0
-14 3 87 0
-50 -4 -85 0
-71 -21 -88 0
84 83 -68 0
55 14 70 0
-41 86 -4 0
-60 49 -33 0
-83 -59 1 0
-45 34 84 0
86 -16 -5 0
-43 -60 -23 0
-55 12 -22 0
11 -47 -7 0
-14 41 -42 0
70 14 -76 0
83 6 39 0
64 65 36 0
21 17 -86 0
8 -45 50 0
28 -74 -40 0
-75 -7 72 0
88 -23 -28 0
-61 46 62 0
-66 50 -82 0
-51 27 82 0
-79 -16 30 0
28 80 -24 0
73 66 60 0
-44 88 -53 0
-21 2 32 0
15 88 84 0
-27 -58 -59 0
-39 -12 -43 0
-51 62 -49 0
53 5 -7 0
66 -22 -16 0
40 76 17 0
-67 48 72 0
-7 48 -77 0
5 -72 48 0
-21 74 28 0
1 63 80 0
-80 1 -76 0
33 -7 -11 0
-74 -37 -83 0
33 8 -59 0
-39 67 -60 0
-78 47 38 0
-9 -24 37 0
-56 66 78 0
-33 71 -18 0
11 -71 -14 0
33 13 40 0
-34 -24 -47 0
-83 85 54 0
62 -76 -48 0
58 -50 30 0
-33 -87 -25 0
22 75 34 0
-1 -5 46 0
-57 -71 8 0
2 81 -51 0
47 66 -14 0
-2 -5 65 0
11 -37 -50 0
11 -56 71 0
-69 67 -63 0
40 52 2 0
27 -4 -47 0
68 74 69 0
-84 57 27 0
49 29 18 0
45 -59 -36 0
-40 82 13 0
-25 -72 34 0
-43 34 -68 0
-71 -59 -10 0
39 -66 71 0
-11 -88 -36 0
10 -50 23 0
58 33 -80 0
35 67 28 0
-26 19 -65 0
68 -79 -46 0
77 76 67 0
21 -67 78 0
53 17 -8 0
56 40 -10 0
-70 32 -58 0
65 -34 53 0
-38 64 20 0
-25 66 -31 0
-25 19 -60 0
48 43 -10 0
37 -51 -43 0
72 83 18 0
56 38 39 0
-40 -83 -65 0
-46 -71 72 0
8 -66 21 0
40 -73 -52 0
-42 -73 46 0
-65 22 -73 0
44 50 57 0
46 -25 75 0
67 -53 14 0
-10 86 31 0
-54 14 -78 0
75 67 -61 0
-13 -80 -47 0
-17 82 -40 0
-63 33 57 0
35 13 43 0
69 -30 17 0
83 -54 -56 0
-1 -63 43 0
65 -71 -63 0
-7 -80 41 0
88 37 2 0
76 7 57 0
-20 -32 81 0
-69 -56 -8 0
3 65 5 0
-58 -73 4 0
61 -22 -86 0
14 82 -16 0
71 -31 14 0
-33 15 -25 0
-50 13 60 0
-11 -1 -61 0
-77 54 -75 0
-18 62 63 0
-3 -85 -35 0
19 11 84 0
-71 54 -4 0
-46 78 4 0
61 -51 -9 0
-23 -26 87 0
-71 -57 -86 0
-11 30 -50 0
67 68 -80 0
-27 4 30 0
-87 -85 -28 0
-3 39 -64 0
43 -67 33 0
-52 -33 38 0
74 27 82 0
17 -41 -53 0
54 48 8 0
-16 -35 -30 0
-73 -51 -14 0
71 29 -75 0
13 60 39 0
-57 -40 -49 0
-86 50 -68 0
-36 -65 -77 0
58 -40 -82 0
-69 -14 -31 0
-77 81 23 0
-15 -80 -49 0
-59 86 -68 0
78 51 -17 0
-21 16 6 0
62 64 25 0
-33 46 25 0
16 -36 31 0
38 74 69 0
-62 -72 -16 0
-28 72 -23 0
-26 14 -54 0
-60 -51 64 0
79 49 -77 0
-39 -75 70 0
-25 -37 72 0
-31 9 -28 0
29 30 -3 0
-65 -61 -51 0
2 35 -83 0
16 -80 24 0
-37 17 -36 0
50 41 -13 0
81 51 41 0
82 32 61 0
-11 -69 -19 0
-6 38 25 0
-22 85 -60 0
-78 38 -24 0
-65 -55 18 0
-20 -11 71 0
11 73 -36 0
22 38 -58 0
84 38 -19 0
74 -73 46 0
-68 73 -65 0
13 -47 60 0
46 -78 -35 0
-36 60 -11 0
-9 -71 79 0
23 27 2 0
-88 -17 8 0
20 -14 35 0
-37 54 87 0
12 44 53 0
65 -85 86 0
15 -16 27 0
-48 41 -19 0
-45 -26 -66 0
-84 -17 35 0
12 1 -78 0
32 64 17 0
-29 83 -35 0
-8 -54 -44 0
-75 30 16 0
-43 3 22 0
38 -84 9 0
-8 25 -80 0
-27 -11 -29 0
36 -85 -71 0
-49 76 -19 0
49 -53 42 0
37 30 -61 0
21 -88 -33 0
-32 27 -3 0
-8 78 -30 0
-52 29 -28 0
-3 34 39 0
83 -39 76 0
-56 -66 -23 0
-51 42 62 0
-33 -13 7 0
31 -27 68 0
86 57 -48 0
-76 88 21 0
5 76 39 0
-17 -72 -52 0
33 39 1 0
-19 -41 58 0
-43 81 82 0
-74 28 33 0
-37 22 64 0
68 72 51 0
26 50 37 0
69 34 -57 0
-67 9 46 0
-35 -51 29 0
15 -58 53 0
-5 -56 39 0
78 -51 57 0
-40 -22 74 0
72 43 -31 0
12 -20 14 0
11 31 4 0
8 -80 15 0
-31 42 -85 0
-25 30 16 0
-57 -32 74 0
85 47 -25 0
52 -6 -81 0
-41 27 -9 0
-4 -76 17 0
-77 32 52 0
-4 21 -9 0
-56 -54 -58 0
75 -7 -33 0
-34 24 -86 0
51 -78 -36 0
65 61 88 0
7 60 74 0
27 73 -76 0
4 64 2 0
-28 32 37 0
38 70 88 0
-78 -68 -22 0
-46 -81 -73 0
-16 38 -60 0
-37 14 79 0
-36 4 52 0
30 22 -53 0
20 -56 -12 0
-43 -14 -10 0
71 48 -53 0
41 -66 -30 0
-4 -40 28 0
47 42 -19 0
-86 37 82 0
-22 -65 -34 0
-65 46 52 0
-28 58 5 0
45 -72 11 0
79 46 54 0
88 59 -54 0
-67 25 51 0
42 -54 72 0
23 -67 57 0
62 58 25 0
53 77 35 0
60 -39 21 0
18 36 -1 0
-49 72 -70 0
-50 68 75 0
2 -73 60 0
-50 34 86 0
32 -14 75 0
34 40 -39 0
-47 -45 -67 0
3 40 -15 0
41 45 17 0
-65 -82 -70 0
79 -35 -29 0
-18 -19 -83 0
62 4 27 0
71 -31 -49 0
40 -66 11 0
30 74 -16 0
75 -25 50 0
-57 -43 69 0
34 82 -54 0
-87 5 -77 0
-29 24 56 0
64 -13 -25 0
-57 -27 87 0
9 -17 -29 0
3 60 9 0
11 39 -14 0
34 -49 24 0
-58 32 -1 0
-36 54 -12 0
-22 56 50 0
-27 72 19 0
77 -41 -49 0
-17 -15 11 0
15 -62 -38 0
87 70 -73 0
63 -27 41 0
-64 19 25 0
70 -9 69 0
-24 72 77 0
