p 79 336
-12 15 -41 0
42 -4 68 0
-78 24 55 0
-14 76 -34 0
65 -41 -46 0
28 9 -40 0
-45 14 -61 0
41 -16 40 0
-74 34 30 0
-18 79 23 0
-62 53 -3 0
-43 -49 50 0
-43 38 31 0
-75 -56 -43 0
66 67 38 0
79 5 11 0
70 27 -31 0
10 14 68 0
-54 35 -39 0
51 -69 -25 0
-64 -30 73 0
-79 45 64 0
-45 -14 58 0
24 14 -30 0
1 -22 -43 0
78 30 60 0
-12 13 19 0
-27 -28 -24 0
9 17 -32 0
-34 47 -6 0
12 -66 -42 0
-75 4 -58 0
19 -25 -43 0
-4 -33 56 0
-9 -74 -6 0
66 74 -56 0
-24 43 60 0
35 8 -71 0
30 -45 50 0
68 13 4 0
-60 61 -41 0
3 -19 -13 0
-77 79 34 0
-71 50 -75 0
-25 -14 52 0
-21 -47 29 0
15 5 77 0
27 10 -76 0
-28 46 52 0
-40 -35 -52 0
-28 -39 67 0
-12 45 9 0
-57 -59 6 0
11 -40 -62 0
-65 2 -47 0
33 2 -68 0
-12 -34 -61 0
-39 -29 12 0
40 56 -7 0
11 79 -12 0
-44 69 33 0
13 53 -30 0
-71 -65 46 0
62 -25 49 0
46 -73 -30 0
40 54 -13 0
-47 -30 19 0
-9 21 -51 0
34 3 66 0
53 64 -52 0
35 22 76 0
7 54 11 0
22 47 39 0
-25 -23 77 0
52 -51 78 0
-40 44 9 0
-62 -52 -33 0
79 -57 60 0
-54 13 9 0
40 -7 -35 0
-13 63 59 0
-46 69 68 0
15 12 -31 0
64 -54 -5 0
7 14 61 0
-21 25 -42 0
-18 -11 -57 0
-38 39 18 0
-27 21 -60 0
-62 30 -28 0
-11 -63 -33 0
-56 -10 -63 0
-47 -22 36 0
5 -61 -33 0
42 -48 24 0
-10 43 -70 0
72 -50 32 0
63 -32 -64 0
76 -53 72 0
-37 -76 18 0
-54 26 75 0
-51 8 -16 0
49 -23 38 0
40 49 75 0
12 -76 -65 0
18 -77 -65 0
51 74 41 0
79 -53 20 0
-48 12 -77 0
16 -10 26 0
60 27 37 0
32 71 79 0
-60 48 -64 0
57 -39 59 0
30 18 -8 0
-71 -53 -67 0
-71 -32 -3 0
-27 -67 -60 0
-47 9 51 0
63 -10 -78 0
-28 74 -70 0
59 76 -63 0
74 -33 43 0
49 31 79 0
73 12 26 0
-43 38 28 0
22 -41 53 0
-45 -37 7 0
67 60 -75 0
-11 -45 39 0
53 -76 74 0
24 20 59 0
73 -63 12 0
10 15 11 0
48 -22 -33 0
-63 23 -1 0
28 -71 -69 0
-64 -54 67 0
-31 12 62 0
-67 -64 -47 0
36 -8 -5 0
-2 -51 -40 0
22 67 -4 0
23 28 64 0
61 13 -44 0
22 -35 77 0
15 -53 45 0
32 -76 -73 0
19 41 -57 0
-16 49 27 0
44 -61 -7 0
-47 -62 -2 0
-46 41 -50 0
-55 -51 -22 0
28 -6 -48 0
44 -27 40 0
-23 47 43 0
74 -4 -5 0
-12 -57 3 0
2 -54 -23 0
75 56 -5 0
-35 -5 52 0
9 -52 33 0
56 39 -9 0
-6 15 38 0
-77 -50 54 0
24 8 -67 0
-56 -46 -62 0
-17 19 61 0
44 -11 -29 0
-62 57 -67 0
-2 58 41 0
-10 31 72 0
52 78 55 0
6 75 -31 0
28 -78 -66 0
41 46 17 0
50 -26 -6 0
17 -51 72 0
-5 6 -31 0
-39 -33 20 0
7 -22 1 0
-7 30 79 0
19 55 51 0
57 -15 -60 0
43 65 -72 0
-14 -30 -33 0
11 -19 26 0
71 -58 46 0
18 19 -8 0
28 23 3 0
-32 -57 63 0
-41 -57 -26 0
-31 -65 -68 0
-30 19 -20 0
-37 47 56 0
-32 16 -72 0
-35 28 47 0
-63 -7 21 0
-25 -27 -67 0
-29 -19 -57 0
-55 -31 -60 0
-34 -70 -5 0
14 -12 -55 0
-57 -71 55 0
-14 21 -53 0
-25 -7 -41 0
-29 -78 72 0
13 20 -65 0
45 66 22 0
-61 -51 -65 0
9 -35 5 0
30 22 -66 0
45 -28 14 0
48 52 15 0
13 21 43 0
74 5 47 0
-60 -79 -63 0
47 43 45 0
-9 -26 -73 0
-39 -13 22 0
40 35 51 0
-68 -6 -78 0
-16 5 69 0
4 23 70 0
29 -74 31 0
25 -74 56 0
39 -16 9 0
65 -45 32 0
-39 10 76 0
3 9 -25 0
59 8 14 0
-76 23 -59 0
18 40 -37 0
42 33 43 0
-8 34 56 0
2 53 -3 0
59 4 64 0
70 -71 42 0
-19 35 -32 0
73 -78 23 0
-72 -47 48 0
-40 44 -39 0
66 46 41 0
-38 79 22 0
29 -18 -12 0
24 -44 -65 0
1 17 37 0
6 8 76 0
64 -57 -24 0
-56 6 -51 0
4 -32 -15 0
-38 31 32 0
44 -46 3 0
16 15 49 0
37 32 -34 0
55 64 51 0
-36 -13 -75 0
-79 45 19 0
-8 28 14 0
72 -39 -67 0
-73 -36 15 0
-16 -18 78 0
-32 76 27 0
58 28 -35 0
40 7 52 0
-37 39 45 0
3 23 51 0
25 -32 33 0
-57 -66 -34 0
-58 -28 -41 0
-65 75 -36 0
-41 -10 -46 0
64 7 -78 0
-64 62 -43 0
-68 5 -25 0
47 -27 53 0
-23 61 -65 0
-7 -34 6 0
29 -10 79 0
58 -47 19 0
-68 -32 -45 0
-46 -74 -68 0
76 46 70 0
24 -76 -25 0
65 11 47 0
5 71 43 0
-75 -19 -65 0
-34 13 50 0
-40 78 38 0
-39 -46 65 0
75 -53 -3 0
-44 -69 -79 0
-17 -4 64 0
-10 -12 53 0
-21 -58 63 0
-60 59 -56 0
-55 -27 52 0
68 48 -71 0
-21 -9 59 0
53 46 11 0
16 -68 43 0
-23 -36 5 0
-44 -54 29 0
-33 -46 12 0
-73 46 45 0
34 65 -68 0
-74 -30 17 0
29 -4 50 0
-64 -51 -32 0
-68 -62 57 0
35 -75 66 0
-52 -26 75 0
43 7 -4 0
61 10 -7 0
-47 -79 -41 0
-45 -34 72 0
60 -12 65 0
52 43 58 0
-21 40 -73 0
11 31 79 0
11 -61 39 0
-33 64 22 0
12 -42 56 0
-14 38 46 0
46 54 19 0
-58 41 -5 0
-66 -78 44 0
32 -1 4 0
3 49 6 0
29 62 -24 0
-4 72 53 0
76 33 -66 0
79 -1 68 0
-66 -73 48 0
-22 57 -46 0
