p 23 97
-6 -17 -14 0
-9 21 -1 0
23 13 15 0
2 14 -6 0
-17 -2 -7 0
14 -1 -20 0
-18 17 19 0
-8 7 -18 0
-16 11 -17 0
-3 -11 -16 0
-16 5 -4 0
-15 -21 -14 0
5 -6 -19 0
2 20 4 0
-1 -6 18 0
10 7 12 0
15 9 7 0
-2 21 -22 0
-12 -8 -4 0
8 -13 -5 0
-12 -10 7 0
6 2 -14 0
-18 -21 -8 0
14 13 19 0
12 -4 -6 0
5 -17 -14 0
-9 22 21 0
-7 -12 20 0
-5 14 18 0
-2 8 20 0
-19 -22 -2 0
-11 -22 9 0
-8 11 7 0
-1 -22 -15 0
-3 -8 -6 0
10 19 -3 0
11 8 -10 0
20 -19 23 0
-13 5 -21 0
-23 -17 -22 0
5 -15 8 0
9 17 -3 0
-10 -16 -21 0
21 6 10 0
18 -13 -14 0
15 -5 6 0
18 5 -14 0
-14 -19 12 0
-17 5 -18 0
-6 15 5 0
-12 10 4 0
6 -4 -14 0
23 -19 -4 0
21 20 8 0
-21 -17 19 0
-2 -11 -1 0
-21 5 6 0
-11 -8 -4 0
-15 -17 8 0
-4 -11 -21 0
-21 -4 13 0
16 22 -2 0
-11 -6 22 0
17 -21 -20 0
21 1 4 0
-9 3 -21 0
-10 -11 13 0
-10 -3 5 0
22 11 -10 0
2 17 12 0
19 -6 23 0
-1 11 10 0
12 -4 21 0
9 -17 8 0
16 -22 -20 0
-13 4 -16 0
-19 5 -9 0
-4 -9 11 0
21 3 18 0
11 -16 -9 0
14 23 -10 0
-9 -16 21 0
14 10 -9 0
-12 2 -15 0
-21 2 10 0
-10 14 8 0
1 13 4 0
4 10 15 0
17 -13 -10 0
8 -20 -11 0
-2 10 -20 0
-9 -6 21 0
20 9 -19 0
16 23 5 0
9 -23 -5 0
4 -9 2 0
17 23 -20 0
