p 15 63
-6 10 3 0
5 -1 -14 0
-12 -2 -4 0
-2 14 8 0
10 -13 3 0
13 9 6 0
-12 8 10 0
13 -6 -8 0
-6 -4 -14 0
-9 -15 5 0
13 -10 15 0
-1 3 -10 0
-9 3 -2 0
-3 1 14 0
-14 8 -6 0
-7 -10 12 0
-8 -11 -14 0
-11 14 -9 0
-1 -5 11 0
-9 12 11 0
-6 -15 -2 0
-11 -8 -15 0
2 -13 -10 0
7 -14 -13 0
15 -7 2 0
-11 -5 12 0
13 -8 1 0
7 3 -1 0
13 -14 -8 0
11 7 -13 0
9 -5 11 0
12 3 -1 0
-8 -12 -10 0
10 3 -9 0
3 4 6 0
-10 -12 6 0
-7 -2 -3 0
5 14 7 0
-2 -9 5 0
7 3 -14 0
-9 -8 4 0
-15 12 -4 0
2 -7 -14 0
-7 -13 4 0
12 -7 14 0
-15 5 13 0
-1 -8 14 0
1 8 11 0
1 2 -14 0
-13 -4 14 0
-7 2 8 0
4 -1 3 0
3 14 -4 0
12 -11 -6 0
-5 -13 -9 0
10 -6 -4 0
2 8 -12 0
-1 3 4 0
8 -2 -5 0
-14 13 5 0
5 6 -12 0
5 -6 -10 0
2 7 1 0
