p 51 217
50 -46 12 0
-32 -49 -16 0
-21 6 -36 0
23 -28 -50 0
-46 4 29 0
-38 -32 -18 0
-42 -29 -3 0
27 -17 30 0
11 44 27 0
-34 -41 -20 0
-39 -45 22 0
40 -31 2 0
-32 -10 -12 0
-46 -32 14 0
38 -42 21 0
29 35 26 0
-48 -40 -15 0
-45 -2 -43 0
44 -50 40 0
-8 47 20 0
10 23 -24 0
-42 -10 5 0
-35 -49 -30 0
6 44 46 0
45 10 11 0
-43 -41 -10 0
12 9 42 0
-13 10 -48 0
12 2 -17 0
31 -46 23 0
9 -46 48 0
20 12 31 0
4 27 33 0
-48 -25 18 0
-7 39 24 0
2 24 38 0
43 -11 38 0
-21 35 -27 0
49 35 -31 0
-13 24 15 0
37 -32 -33 0
-31 -15 -13 0
13 -35 -28 0
-40 -4 41 0
22 -39 -36 0
-14 -40 -36 0
9 39 -12 0
45 14 48 0
48 39 32 0
16 -51 -17 0
-19 -24 35 0
29 -40 -27 0
24 -11 -25 0
42 -51 3 0
-29 -1 -20 0
-18 25 -1 0
-28 45 -27 0
-44 -2 -45 0
42 -5 40 0
50 -40 -20 0
41 47 26 0
25 -50 35 0
-42 5 50 0
-36 -18 7 0
-15 7 -37 0
4 19 45 0
-46 36 14 0
-20 7 -5 0
11 51 39 0
-14 -49 -26 0
28 30 -23 0
-12 48 6 0
48 3 -37 0
-28 -2 -14 0
-51 12 -38 0
-47 46 8 0
14 37 -6 0
2 23 34 0
12 -49 46 0
32 -9 -35 0
-36 28 19 0
-39 -24 20 0
19 17 25 0
4 -12 6 0
-20 22 -46 0
50 28 47 0
-15 -31 33 0
-11 3 -45 0
-27 -15 49 0
-8 -4 24 0
38 49 18 0
3 22 -20 0
-37 -22 -23 0
-30 46 17 0
33 -29 -32 0
25 51 -27 0
-5 -14 51 0
-4 5 -28 0
-28 46 13 0
-47 9 -3 0
-37 20 -19 0
-45 -26 -3 0
-46 -30 29 0
21 50 34 0
-19 47 42 0
-37 29 -12 0
31 42 -10 0
-41 -2 -37 0
-27 10 -40 0
-39 -22 41 0
-21 49 12 0
-47 19 -4 0
17 -25 -11 0
2 -4 -5 0
31 -45 -13 0
25 1 -44 0
12 -33 -34 0
37 3 -41 0
-11 5 19 0
23 38 -39 0
-34 -21 -31 0
13 -5 25 0
31 15 46 0
-18 -49 -10 0
-30 10 -31 0
-41 5 -1 0
-39 15 -37 0
40 18 -34 0
-8 40 34 0
-42 -35 -33 0
-42 4 -16 0
-37 31 -9 0
-40 19 -9 0
-49 51 16 0
-19 18 20 0
-36 38 23 0
-50 -31 30 0
-35 -5 51 0
34 -8 5 0
-4 -28 -15 0
48 24 46 0
-37 28 -50 0
-18 -43 5 0
-19 -34 9 0
-43 -50 -35 0
39 32 -46 0
-46 -18 -25 0
-33 1 51 0
41 30 42 0
-16 -15 8 0
27 14 36 0
-51 -25 -23 0
-5 32 -14 0
-48 -25 36 0
-41 18 -32 0
11 41 -1 0
-22 15 -45 0
-11 -6 47 0
25 1 -33 0
25 -9 8 0
32 -28 -18 0
47 -24 -37 0
-40 -30 8 0
-8 33 11 0
-32 45 -19 0
1 39 44 0
16 -27 18 0
41 -28 42 0
-51 19 7 0
35 33 -16 0
-30 38 47 0
-12 46 -13 0
4 48 -43 0
50 -29 31 0
-23 16 21 0
-20 44 -17 0
11 41 15 0
-32 16 36 0
19 -30 40 0
-39 26 14 0
42 -27 39 0
-42 22 31 0
-7 8 -5 0
-4 -14 25 0
14 -6 -11 0
-10 -38 -40 0
49 -46 36 0
-39 -38 -44 0
23 15 -29 0
-50 22 1 0
-51 -41 -36 0
35 -51 10 0
-47 -12 -35 0
-33 -39 -1 0
39 33 -45 0
34 29 -45 0
-37 23 15 0
-35 -15 -6 0
-10 -23 38 0
33 -47 -12 0
-12 37 -41 0
-30 36 48 0
-51 25 -3 0
46 -42 32 0
-25 1 8 0
-44 -15 -7 0
7 -25 -35 0
37 28 47 0
7 9 -28 0
41 13 -7 0
39 5 -13 0
32 5 24 0
46 -7 -18 0
4 37 -29 0
29 5 2 0
-48 -17 14 0
35 46 -32 0
