p 96 408
-22 -40 -85 0
78 14 -26 0
-6 4 38 0
94 -48 -23 0
-76 -24 -23 0
-27 -81 2 0
55 79 91 0
-69 -64 34 0
-80 -26 -17 0
-30 48 40 0
85 -56 -47 0
-50 8 20 0
-96 -66 29 0
94 -3 48 0
-90 49 -1 0
-73 -42 -54 0
87 -18 54 0
67 -28 38 0
77 88 79 0
-91 -22 -17 0
-18 -6 77 0
12 67 -26 0
46 -3 -52 0
49 -21 -30 0
-31 -22 10 0
16 53 35 0
-21 28 -55 0
57 11 85 0
48 78 -24 0
-32 -38 -76 0
75 89 -88 0
83 14 80 0
-17 -75 -30 0
60 -25 33 0
-2 -17 76 0
79 95 -65 0
-85 90 95 0
-5 6 -54 0
-69 85 -10 0
5 95 -45 0
-13 -52 -87 0
92 79 -36 0
66 2 -33 0
-21 39 48 0
-34 7 91 0
-26 58 -94 0
80 -78 -49 0
55 -88 -78 0
-60 -46 23 0
12 -21 49 0
-26 -59 -83 0
-41 71 -62 0
-47 41 -64 0
56 -25 -94 0
21 -4 73 0
44 -19 -55 0
-67 -59 -73 0
-86 -54 93 0
93 37 40 0
79 70 -26 0
-11 -70 -88 0
-34 -96 -93 0
17 -64 41 0
56 10 12 0
-90 -24 18 0
-70 -75 -93 0
-13 47 17 0
-90 83 37 0
-79 -63 81 0
-19 -43 10 0
-72 17 74 0
-63 -13 3 0
-17 67 57 0
91 73 -62 0
-93 -95 -10 0
89 13 -44 0
45 50 -3 0
-41 -10 -84 0
-69 -77 -9 0
-79 -54 -10 0
50 10 -39 0
70 -3 42 0
22 90 -37 0
-60 -73 -17 0
-58 -57 -74 0
34 75 68 0
12 -54 42 0
-14 53 47 0
-33 -89 21 0
-52 -84 24 0
6 70 19 0
-33 -81 60 0
-11 -37 45 0
67 78 72 0
38 -93 -86 0
-2 68 -49 0
-31 26 -8 0
-65 52 -86 0
-40 1 -55 0
-46 -57 76 0
24 -14 3 0
-14 23 19 0
-88 54 -1 0
21 -79 -32 0
92 72 -80 0
-78 56 -39 0
64 11 -51 0
-94 96 88 0
-60 -47 34 0
-49 -39 -72 0
46 29 56 0
3 52 -42 0
75 -42 -49 0
-24 -65 18 0
-38 29 -39 0
92 -88 67 0
74 26 89 0
-49 37 62 0
77 -75 53 0
28 -95 -49 0
77 -9 41 0
5 82 32 0
-30 -48 54 0
-39 -79 -36 0
-20 95 61 0
-59 -69 54 0
3 10 75 0
2 20 -67 0
-18 -28 58 0
89 65 -60 0
-31 -85 -51 0
88 45 -38 0
34 96 94 0
59 -75 -49 0
53 -96 -20 0
-43 38 80 0
-74 14 89 0
77 68 -44 0
-5 -86 43 0
-64 -66 -9 0
44 10 90 0
8 39 -84 0
-75 85 -90 0
-90 -36 92 0
-26 46 73 0
12 70 28 0
-52 15 -56 0
37 83 -7 0
72 -40 -59 0
-68 89 72 0
59 -11 14 0
-73 -6 -84 0
-36 -74 88 0
11 -45 20 0
20 -44 87 0
-92 -56 74 0
-78 -92 42 0
-40 -62 75 0
6 -40 35 0
43 77 -23 0
-91 44 -11 0
-47 -29 -62 0
-58 43 -32 0
-6 -5 72 0
4 -11 45 0
96 -66 27 0
-9 -24 15 0
41 36 -47 0
14 -8 42 0
-61 -27 39 0
30 -47 2 0
-10 -5 -45 0
-94 -96 -85 0
40 -60 -77 0
22 4 86 0
-43 -79 26 0
88 4 11 0
-5 51 -25 0
27 82 68 0
-87 -45 -5 0
-27 -45 -13 0
76 94 30 0
-42 40 -18 0
-12 46 -44 0
-82 -48 -87 0
3 85 -88 0
-43 -75 -76 0
-90 -77 21 0
-6 -79 17 0
-14 82 34 0
24 -40 -57 0
-20 39 -44 0
12 84 -88 0
-60 -61 -90 0
-41 67 2 0
6 61 -19 0
56 79 11 0
81 10 84 0
-83 43 -88 0
40 81 -85 0
75 17 -14 0
85 91 -50 0
21 15 78 0
81 -3 -46 0
95 -64 75 0
-77 -48 7 0
-4 46 -93 0
-36 25 20 0
-31 -68 -94 0
-90 1 -85 0
-66 -8 -5 0
36 40 -10 0
-11 66 64 0
34 -50 -51 0
55 -2 -26 0
-74 62 -84 0
-57 -88 50 0
-37 18 -53 0
71 80 -18 0
-3 -74 63 0
-4 50 -31 0
51 -88 43 0
24 57 -37 0
-37 -55 -89 0
17 -55 -23 0
-67 29 47 0
96 80 88 0
79 88 35 0
-18 50 51 0
-15 31 89 0
1 24 50 0
-69 4 34 0
-32 49 45 0
70 34 -49 0
74 -35 46 0
88 76 86 0
72 92 -60 0
-60 63 9 0
5 -76 -73 0
-31 -37 70 0
-80 69 -21 0
-16 28 -63 0
-85 33 60 0
12 -44 -41 0
-16 -69 -30 0
5 83 94 0
33 -69 88 0
-78 -12 62 0
61 36 -20 0
35 23 16 0
-56 61 -12 0
-80 87 -75 0
-53 62 20 0
-32 69 25 0
14 66 -71 0
27 -2 -31 0
44 -17 -19 0
64 -85 41 0
-43 -91 -34 0
-35 42 86 0
28 13 80 0
-23 74 19 0
-70 -76 -60 0
66 59 -72 0
-70 -13 73 0
-27 23 63 0
-52 -21 42 0
-34 -9 24 0
13 -95 93 0
88 -45 -69 0
-50 -69 56 0
-39 40 59 0
78 88 -20 0
94 11 -91 0
35 32 -91 0
41 -95 1 0
95 -40 -87 0
-54 -88 -37 0
-83 63 -42 0
35 2 -93 0
-64 32 -3 0
-46 -66 21 0
-44 17 -80 0
-85 -78 -25 0
-85 69 1 0
-13 -50 72 0
32 -82 -72 0
-42 -50 -83 0
-9 -34 -87 0
-77 79 -57 0
-55 67 -30 0
52 -17 -49 0
-22 84 70 0
34 48 38 0
-36 26 -61 0
5 -59 -56 0
41 61 -73 0
59 -96 -34 0
29 -93 94 0
75 -50 -96 0
51 63 32 0
73 -15 -50 0
-31 2 -62 0
-83 14 -44 0
-62 -91 -1 0
28 78 -35 0
-94 9 -23 0
-21 70 76 0
-39 -10 -8 0
90 8 47 0
-91 -19 63 0
-25 -52 -53 0
12 -3 -22 0
23 45 -61 0
70 -58 -7 0
32 46 28 0
83 2 -53 0
-92 -35 -96 0
33 87 64 0
74 37 -24 0
-51 -84 14 0
11 47 -22 0
-39 63 66 0
-13 2 -82 0
-81 -90 -61 0
-60 -42 13 0
-22 16 -6 0
-47 -9 78 0
48 49 46 0
-80 28 -73 0
73 77 44 0
3 -67 61 0
-25 13 47 0
35 63 -70 0
36 -86 58 0
31 35 -52 0
33 27 -37 0
45 -29 44 0
-72 -5 60 0
-62 -5 43 0
18 32 17 0
-57 31 -4 0
16 -29 39 0
-36 -80 -15 0
66 -57 -43 0
59 80 -27 0
-81 -32 -5 0
77 -27 56 0
18 -6 78 0
-1 24 14 0
67 -88 38 0
79 -94 76 0
-45 -92 -78 0
19 40 8 0
-83 -61 80 0
30 92 55 0
-32 -65 -33 0
44 41 -27 0
15 59 79 0
-31 2 9 0
-11 59 31 0
-49 -2 -85 0
-36 10 -82 0
-52 25 51 0
-60 7 -93 0
86 76 85 0
-84 -93 -71 0
-93 -74 33 0
-10 50 60 0
22 -1 -95 0
-78 36 -53 0
-11 -2 -46 0
-21 -1 11 0
-61 95 87 0
-60 -10 -46 0
76 -9 -86 0
73 6 64 0
45 78 -15 0
-51 -18 10 0
76 19 -61 0
44 -64 59 0
-95 81 26 0
87 69 -16 0
71 84 -2 0
1 58 -18 0
-72 -8 -65 0
-30 -1 87 0
49 45 82 0
84 53 5 0
61 -14 20 0
-54 38 -77 0
-50 30 22 0
-69 -77 -95 0
52 51 -66 0
-9 72 39 0
-88 11 48 0
71 87 79 0
93 95 -46 0
41 12 -71 0
10 -39 28 0
47 82 43 0
76 -18 -22 0
-6 23 -32 0
-63 33 53 0
-14 16 -67 0
67 -17 95 0
-74 -96 88 0
-43 -63 37 0
