p 63 268
10 25 -1 0
8 3 -38 0
17 15 7 0
19 54 -35 0
4 15 -36 0
-51 -17 -13 0
21 58 25 0
14 55 -50 0
-24 -25 -10 0
-54 44 33 0
63 54 27 0
2 -9 34 0
15 2 -3 0
58 -6 -8 0
10 63 21 0
16 49 -56 0
9 38 -58 0
-16 -21 29 0
31 -51 15 0
23 -18 -1 0
-53 59 -54 0
-61 7 46 0
8 63 40 0
-28 21 49 0
1 11 -16 0
11 13 -16 0
9 -56 58 0
30 -2 -16 0
55 14 -46 0
51 -42 -11 0
25 29 41 0
-47 32 -58 0
-8 6 -29 0
17 27 -26 0
54 -23 -38 0
-63 56 27 0
-59 30 -56 0
51 -6 -5 0
-3 -26 61 0
-24 -51 -61 0
53 33 -3 0
1 -59 -27 0
35 -32 -26 0
57 -48 -56 0
34 26 44 0
-13 9 5 0
41 -32 19 0
-11 -31 -51 0
12 16 40 0
34 -27 4 0
-23 -42 -2 0
-19 4 -63 0
-27 40 -43 0
-9 45 -10 0
2 -39 6 0
-11 24 -5 0
45 13 25 0
60 -18 44 0
34 19 62 0
42 -9 51 0
24 48 61 0
-60 7 34 0
32 -48 34 0
-41 23 49 0
38 49 41 0
26 -31 16 0
-47 22 -11 0
-2 23 45 0
17 7 8 0
2 -62 6 0
-50 46 -24 0
-40 -32 29 0
34 -33 -21 0
-28 57 -14 0
19 42 12 0
-22 -7 -52 0
-3 -48 -57 0
-25 -13 -57 0
-5 55 53 0
-14 55 2 0
-44 5 -7 0
39 -14 8 0
60 -41 63 0
-26 -18 -35 0
-58 56 -18 0
-3 48 49 0
56 -37 41 0
7 -55 11 0
-58 31 54 0
-59 55 58 0
16 2 28 0
-53 24 57 0
-7 -25 -37 0
55 -15 26 0
-25 -20 22 0
-34 -57 51 0
-41 35 -4 0
46 49 30 0
39 -36 24 0
-62 38 39 0
-32 -23 8 0
20 2 -52 0
48 59 7 0
-56 -26 -6 0
12 -57 -61 0
54 1 53 0
-59 21 -15 0
60 -30 58 0
51 45 4 0
-7 38 11 0
30 34 -54 0
27 -42 38 0
6 11 -56 0
-22 49 30 0
-36 57 -42 0
5 -6 -49 0
-28 -5 -37 0
-9 -31 46 0
53 5 -16 0
40 -4 -50 0
36 29 -23 0
61 40 13 0
-26 -28 2 0
1 -26 24 0
59 -27 -57 0
55 15 52 0
21 -33 -29 0
39 -49 50 0
-50 6 -51 0
-19 -60 -44 0
-33 -38 45 0
-40 -50 27 0
-50 -60 25 0
16 44 -29 0
-20 52 7 0
-1 9 -43 0
-44 -17 -49 0
57 -45 52 0
-33 -41 2 0
7 -3 -62 0
39 59 -3 0
8 -21 44 0
-22 6 -47 0
-58 10 -44 0
-60 50 39 0
-27 -34 -52 0
-43 -59 -40 0
-39 -46 9 0
-35 42 40 0
53 54 -63 0
-46 -22 -27 0
7 -12 -3 0
-35 16 -24 0
-43 9 -50 0
-47 5 21 0
-35 41 -13 0
-24 52 -15 0
-58 35 18 0
20 -23 -4 0
13 12 -48 0
-63 39 4 0
62 -44 27 0
-32 -34 20 0
18 27 -5 0
-5 20 -57 0
30 10 49 0
53 19 46 0
-41 54 39 0
-37 16 -21 0
25 35 -23 0
48 19 9 0
29 36 -22 0
-63 14 20 0
-31 -46 30 0
9 -52 61 0
53 40 -17 0
-63 7 -4 0
-33 -29 -38 0
-57 19 37 0
-1 8 44 0
-17 34 -50 0
13 -61 16 0
-41 -7 -30 0
52 -12 -25 0
-55 12 -39 0
-51 46 -44 0
-61 46 -55 0
5 -16 49 0
2 52 19 0
-14 31 -44 0
-61 -9 -23 0
19 5 17 0
-20 -17 23 0
-10 -59 -31 0
48 -12 54 0
-24 8 52 0
-26 28 -42 0
-35 -52 44 0
13 -34 55 0
-63 -57 13 0
-58 26 56 0
-56 22 30 0
14 4 29 0
28 -56 -29 0
-53 59 -32 0
42 6 49 0
62 36 19 0
12 41 -4 0
-19 20 10 0
-10 22 -7 0
-20 -31 15 0
-55 -12 10 0
-12 -29 43 0
-2 12 38 0
20 15 -7 0
42 20 -13 0
-35 -63 -50 0
-58 -40 51 0
44 13 -62 0
-7 10 57 0
-35 -27 -63 0
-41 18 -6 0
28 22 5 0
6 53 -59 0
54 -40 38 0
-61 59 -37 0
46 23 25 0
18 -26 -57 0
52 40 47 0
4 39 -1 0
-7 -20 -47 0
-37 33 18 0
-52 -40 19 0
-60 50 -22 0
7 30 -50 0
-50 21 -33 0
6 -59 -48 0
36 -22 49 0
-16 -27 3 0
22 -8 -48 0
51 -35 42 0
-15 -55 -58 0
-14 -37 -53 0
3 -51 48 0
-9 24 -11 0
-9 -12 3 0
-2 49 -41 0
-43 -60 8 0
25 -35 -45 0
-59 -43 5 0
-11 -1 57 0
47 18 -21 0
-39 20 24 0
44 -61 18 0
-40 29 7 0
-24 -39 14 0
2 -7 -24 0
-29 -20 -5 0
30 -54 -16 0
16 18 29 0
43 41 56 0
-60 21 54 0
-8 -39 46 0
-19 -48 26 0
-10 -46 24 0
26 23 34 0
-41 -63 48 0
-26 16 -56 0
