p 44 187
-19 -44 28 0
-8 -13 1 0
-43 3 30 0
8 -27 1 0
2 -16 7 0
9 -34 26 0
-1 -22 6 0
16 -33 42 0
-24 23 -10 0
-39 16 -18 0
21 -42 24 0
34 -16 21 0
38 -22 35 0
22 38 -27 0
14 -10 -23 0
-27 14 36 0
-19 -29 -9 0
-8 -39 33 0
-14 42 -1 0
44 -31 27 0
11 4 28 0
-28 17 9 0
30 -31 9 0
-27 42 43 0
24 16 20 0
7 -15 14 0
23 27 -33 0
1 24 -35 0
32 5 -9 0
-7 13 31 0
44 -27 -41 0
5 24 7 0
-30 16 25 0
36 40 -37 0
-19 -8 32 0
4 -15 18 0
36 7 17 0
-36 -41 -1 0
-12 10 -33 0
-41 43 16 0
-30 16 -39 0
-11 34 -5 0
-4 -10 29 0
8 12 -5 0
-32 -37 28 0
-14 -15 -9 0
-15 -33 -7 0
21 -40 -34 0
34 -13 9 0
6 -40 33 0
-36 8 -13 0
-34 -10 4 0
41 27 34 0
-8 29 3 0
20 -34 -24 0
-42 10 -41 0
43 32 20 0
5 -40 -43 0
-11 -4 41 0
-33 41 -20 0
16 7 12 0
17 -42 -43 0
11 -30 40 0
35 6 -37 0
-40 35 -44 0
-5 41 3 0
-36 18 -38 0
17 6 35 0
-39 -35 38 0
27 26 13 0
16 -11 15 0
-44 33 29 0
-21 -2 -22 0
-6 -32 4 0
11 -10 27 0
14 17 -2 0
-29 -24 31 0
27 12 23 0
-17 14 7 0
-41 -10 -11 0
22 -41 -39 0
-34 -39 11 0
33 -35 -3 0
1 -30 11 0
-42 2 19 0
8 35 -19 0
27 -31 12 0
-20 -4 -13 0
-7 15 -19 0
-13 17 -14 0
-20 22 27 0
1 -33 29 0
37 10 22 0
21 -42 43 0
-28 -36 10 0
10 17 -25 0
-13 -39 -15 0
7 -16 22 0
-32 31 -22 0
-14 37 -1 0
-25 20 -10 0
-44 -20 -16 0
5 -35 -29 0
26 -7 29 0
12 -24 20 0
-16 -14 -27 0
-24 -27 11 0
30 -18 -23 0
-43 -28 42 0
-23 10 4 0
35 -25 8 0
-38 -5 -41 0
13 29 1 0
29 24 -17 0
22 41 14 0
38 11 -20 0
-8 -38 -42 0
-26 -23 -35 0
-21 -44 -1 0
-24 38 13 0
-31 -29 11 0
-42 -23 -41 0
32 -4 -41 0
-3 44 23 0
-1 -19 -8 0
36 17 -27 0
-18 9 20 0
-11 -2 18 0
-17 -38 32 0
37 19 -8 0
-41 38 -20 0
-40 37 30 0
4 24 28 0
-37 -22 -6 0
-44 -38 3 0
40 -1 15 0
33 -18 1 0
-17 -13 18 0
18 19 -40 0
-7 -25 -17 0
-39 23 -43 0
-37 -7 8 0
30 11 34 0
15 8 42 0
13 18 41 0
-29 -9 43 0
33 -19 6 0
-29 -43 22 0
35 5 14 0
30 36 -20 0
35 33 -10 0
-36 31 -21 0
19 29 18 0
-39 -7 36 0
43 3 17 0
9 3 -36 0
44 33 32 0
-13 11 39 0
44 31 6 0
34 2 -20 0
-34 -43 -7 0
44 24 37 0
-29 9 -27 0
-31 -21 28 0
34 44 36 0
43 10 -21 0
-10 -15 13 0
-31 -30 22 0
-14 -20 -24 0
-31 34 18 0
-8 -26 3 0
-2 -3 11 0
8 -42 -11 0
-7 38 13 0
1 43 17 0
-22 -27 7 0
-4 -26 -22 0
-40 10 27 0
27 35 -37 0
6 -29 27 0
-14 26 2 0
-21 -7 -16 0
4 38 -37 0
-7 9 -17 0
43 20 44 0
-7 20 9 0
16 -11 25 0
