p 83 353
-11 -60 -29 0
-49 24 68 0
-7 -4 -65 0
13 -52 29 0
15 -54 41 0
-43 -80 58 0
-15 -76 21 0
72 -34 22 0
-56 -32 10 0
-68 -83 5 0
-12 -10 59 0
-3 15 18 0
68 18 59 0
29 -30 64 0
64 -68 -2 0
-35 -9 -42 0
-52 34 -53 0
37 -55 -14 0
-77 -4 -60 0
-34 44 -52 0
-59 -54 -3 0
68 -6 29 0
-14 26 -9 0
73 -54 -59 0
54 -25 52 0
-40 -43 17 0
-67 -16 70 0
30 59 35 0
-49 -77 -28 0
-42 74 -16 0
37 -18 56 0
-83 -78 -55 0
-71 -57 75 0
-70 50 11 0
73 29 -75 0
55 79 69 0
-47 -35 -50 0
40 -78 -3 0
-41 -75 73 0
38 -49 68 0
33 -79 -21 0
45 66 61 0
62 10 -20 0
77 -71 -47 0
-30 65 1 0
-4 -14 -52 0
29 15 -46 0
27 33 31 0
78 -31 77 0
-51 -52 69 0
25 -63 -22 0
50 -27 -59 0
46 -72 -30 0
-17 19 -83 0
51 -5 -83 0
23 18 -39 0
48 -53 59 0
-50 -16 1 0
21 80 -79 0
-50 -62 -8 0
-8 -5 -23 0
47 -83 -61 0
-62 -10 -47 0
-14 50 31 0
26 52 46 0
-10 36 -63 0
-42 21 -20 0
17 30 -3 0
79 -59 -75 0
-36 -9 15 0
-19 -70 -61 0
13 75 50 0
-28 33 -31 0
43 -40 -70 0
28 12 -58 0
-67 -28 -1 0
-28 20 47 0
-8 -12 -38 0
-71 -19 28 0
79 -37 -40 0
-21 -12 14 0
-82 45 -48 0
-56 -80 72 0
62 -27 -63 0
27 -18 -30 0
79 24 -77 0
-67 -43 29 0
68 15 14 0
31 65 44 0
12 44 -33 0
-17 -12 27 0
26 -6 -74 0
-8 35 11 0
-79 -29 -19 0
-2 6 -29 0
-3 -78 15 0
-82 -26 -30 0
11 48 17 0
71 56 -6 0
-15 -36 -68 0
11 52 -66 0
40 -53 -11 0
-79 23 -83 0
-44 50 -47 0
32 78 52 0
-64 52 13 0
-16 69 1 0
-74 -37 30 0
48 81 -13 0
-76 -38 61 0
-2 44 -71 0
58 69 -62 0
-54 76 15 0
-75 -69 -30 0
-81 19 -41 0
-29 -21 2 0
46 -1 -72 0
-33 -10 45 0
-24 7 -50 0
-10 -18 -45 0
-55 30 60 0
19 -43 -61 0
65 -2 -72 0
-55 69 39 0
31 -68 -73 0
-12 64 -52 0
-12 -48 57 0
53 -62 73 0
-83 5 -13 0
72 31 -21 0
-61 -36 35 0
13 -58 16 0
-75 -64 80 0
26 70 -64 0
-61 -67 43 0
-37 15 -31 0
48 21 -73 0
13 60 -59 0
28 21 -18 0
21 10 -58 0
20 18 -60 0
-72 34 -75 0
52 59 -49 0
11 50 -40 0
54 81 -18 0
37 47 -10 0
19 49 75 0
-13 -9 -68 0
3 69 -44 0
16 -36 23 0
-59 35 -78 0
-60 -67 68 0
-45 -15 -27 0
33 -69 30 0
-61 73 -38 0
69 -21 28 0
53 78 13 0
31 -76 -57 0
55 -13 -9 0
-69 38 60 0
41 -40 9 0
65 58 -50 0
74 -57 -37 0
-68 50 58 0
-60 -40 73 0
60 -1 -33 0
-35 -26 59 0
6 -60 -22 0
-20 41 45 0
50 -38 8 0
41 60 -6 0
13 27 1 0
-76 -12 -82 0
-50 14 -4 0
-35 -39 21 0
57 15 -78 0
-79 -68 53 0
-45 63 12 0
57 -4 -80 0
59 -44 27 0
-13 19 -32 0
64 57 -22 0
79 -69 34 0
-40 23 -18 0
70 -71 62 0
46 69 -21 0
22 -30 60 0
-36 69 -52 0
16 18 13 0
44 78 25 0
-52 55 73 0
69 -53 32 0
8 26 -41 0
-51 59 -57 0
-63 -13 73 0
54 -8 45 0
20 12 5 0
23 40 37 0
6 -44 -25 0
25 19 75 0
-39 8 25 0
-79 63 25 0
22 -72 -54 0
-81 47 -58 0
34 68 -14 0
14 67 -20 0
-39 3 20 0
53 61 74 0
36 -21 -25 0
-40 14 82 0
71 63 -56 0
-5 23 -58 0
3 -71 -24 0
54 -26 -58 0
68 43 -63 0
10 -40 -62 0
25 -43 -48 0
8 42 -63 0
27 32 -83 0
-52 -77 27 0
-20 4 54 0
61 8 25 0
76 -24 79 0
53 -61 -25 0
56 60 1 0
32 -27 13 0
23 44 16 0
-51 -6 53 0
28 -21 34 0
-77 55 46 0
-23 -65 82 0
5 -45 -77 0
-83 66 49 0
-64 -17 -16 0
-8 5 -16 0
-75 -38 46 0
-80 65 -68 0
34 -58 39 0
41 -30 23 0
-19 -15 57 0
56 79 -16 0
-73 -21 -57 0
19 63 21 0
32 -66 -6 0
-35 82 -81 0
-34 -57 -65 0
-68 -61 40 0
-13 48 -71 0
60 58 -13 0
-11 77 -23 0
29 -57 12 0
-65 -44 59 0
-11 22 -12 0
-24 -35 -72 0
58 -45 -62 0
80 60 -48 0
-21 44 52 0
-47 -62 75 0
25 8 24 0
-72 73 42 0
-23 -60 18 0
27 -46 -57 0
76 -67 80 0
-6 25 56 0
21 70 -38 0
-25 -22 -21 0
2 -56 -20 0
14 68 51 0
55 -60 54 0
-22 -78 27 0
-76 -42 -34 0
56 -59 67 0
-17 -79 -49 0
-74 -27 -77 0
-44 38 -16 0
-46 -60 51 0
52 -72 -71 0
41 -33 -19 0
1 42 62 0
-83 -30 -56 0
-34 -46 1 0
-6 56 16 0
-62 -22 -49 0
-56 -77 -44 0
1 53 25 0
83 51 75 0
71 -24 64 0
64 68 -26 0
-13 -5 -7 0
-27 -6 -74 0
22 -54 -36 0
-40 69 82 0
50 61 69 0
-62 69 -26 0
-9 -12 2 0
-20 -27 -15 0
-5 -55 68 0
18 7 -62 0
-61 10 -13 0
-40 65 25 0
72 -2 70 0
47 -52 3 0
6 26 10 0
-22 70 78 0
-68 -71 -26 0
-30 -28 17 0
40 -74 75 0
27 80 13 0
-3 47 30 0
21 -52 78 0
20 67 -59 0
-72 66 -68 0
-59 52 13 0
24 -58 -73 0
-2 38 76 0
-71 47 -51 0
76 -27 -74 0
-79 -74 61 0
-7 -19 -41 0
-35 -16 52 0
75 -64 -36 0
-58 -27 9 0
-21 60 50 0
25 -33 76 0
63 73 19 0
-42 21 13 0
7 40 47 0
41 24 -77 0
38 -73 -48 0
82 3 63 0
61 2 65 0
32 65 71 0
77 -56 27 0
-28 15 4 0
-17 -75 46 0
14 82 -29 0
-12 1 -52 0
-39 -41 -25 0
78 -81 8 0
-81 79 69 0
-44 2 -10 0
-77 -31 -24 0
29 39 3 0
33 73 72 0
-61 1 -14 0
23 -46 -57 0
-42 79 38 0
-73 14 12 0
1 19 -7 0
-59 -23 45 0
63 17 27 0
55 56 -16 0
-53 57 -16 0
