p 44 187
-17 -18 32 0
21 37 -36 0
44 -17 -12 0
-22 23 21 0
-34 18 42 0
39 -4 -1 0
20 -7 41 0
-26 36 20 0
19 -28 43 0
-27 43 -23 0
-35 13 37 0
-23 44 15 0
-6 42 -40 0
-10 6 -7 0
21 -44 -14 0
-25 30 -22 0
9 24 -20 0
3 6 37 0
-23 27 -30 0
23 -37 6 0
-5 -17 -22 0
-11 -9 32 0
24 -21 34 0
14 41 33 0
-2 -37 40 0
-33 -34 19 0
-15 24 2 0
-6 -42 14 0
-42 -1 20 0
6 -35 17 0
-18 -25 24 0
39 27 -31 0
17 -25 9 0
-9 11 -19 0
3 5 23 0
18 9 -2 0
-30 -38 7 0
-25 -24 -31 0
9 17 21 0
-6 -21 -17 0
33 30 -6 0
-2 -17 1 0
-23 31 20 0
-14 -25 -9 0
-41 39 19 0
9 -37 -1 0
-6 28 -19 0
24 37 26 0
26 30 -35 0
26 12 25 0
14 -23 -38 0
19 -39 24 0
-40 39 35 0
-40 -39 -35 0
31 16 -1 0
-26 -44 -42 0
-24 30 44 0
4 1 -29 0
-10 3 -4 0
-6 -15 25 0
-19 11 31 0
20 28 -23 0
-31 -30 18 0
-28 -34 -16 0
-29 14 -42 0
15 41 -1 0
41 -37 -9 0
-31 21 41 0
-5 -28 12 0
-15 -39 -33 0
-36 -34 43 0
18 43 -15 0
-22 20 11 0
-30 -43 -39 0
21 11 -42 0
33 25 29 0
9 25 6 0
-2 -20 40 0
-29 16 -13 0
2 7 1 0
-19 -12 -24 0
-43 27 3 0
21 -41 -3 0
-8 -10 37 0
-39 -22 -13 0
18 -11 -14 0
-41 -29 4 0
-6 10 -14 0
23 16 10 0
-6 -12 15 0
26 -37 6 0
-32 11 39 0
-32 22 21 0
-24 -15 13 0
31 6 -32 0
-28 -13 31 0
27 3 -44 0
10 -24 -9 0
6 7 39 0
14 20 -24 0
-37 -39 -32 0
-22 -23 43 0
-42 36 15 0
-5 -6 26 0
-18 23 28 0
-19 -28 -8 0
-38 30 -10 0
42 1 -27 0
-6 1 -22 0
-16 10 -21 0
19 13 17 0
12 3 -15 0
13 34 -25 0
43 -4 31 0
-36 18 40 0
37 -12 19 0
-27 40 10 0
40 11 33 0
11 22 -4 0
-41 -18 25 0
-42 -18 10 0
-37 11 -40 0
38 22 17 0
-27 -30 11 0
-4 -1 -33 0
28 39 -43 0
-40 21 -12 0
23 2 9 0
-5 -19 -40 0
-24 16 36 0
19 21 -1 0
-27 44 -40 0
-17 -10 -9 0
-9 4 -32 0
36 -15 29 0
22 -11 -14 0
40 -24 -14 0
24 10 -38 0
-18 -33 -42 0
-43 16 34 0
28 21 3 0
41 -20 -12 0
-21 -20 -42 0
-30 5 -35 0
3 19 -40 0
13 1 2 0
-27 7 -4 0
-7 4 15 0
-30 -18 5 0
-37 -32 3 0
9 8 22 0
18 -33 -7 0
-27 -38 24 0
-20 17 -44 0
-14 -18 20 0
34 -12 32 0
-28 -25 -16 0
-21 -43 -12 0
9 25 26 0
26 27 -42 0
-29 37 18 0
2 -4 29 0
12 -4 33 0
-37 -39 42 0
10 22 -5 0
44 4 1 0
4 12 27 0
-21 -38 -11 0
-32 44 -16 0
36 -30 -4 0
15 4 44 0
13 -14 -22 0
8 -10 -6 0
-39 -31 19 0
27 -33 -34 0
14 1 5 0
-26 34 -27 0
-18 14 -11 0
28 -9 -6 0
31 -42 15 0
-12 10 -43 0
-36 8 -28 0
-31 -32 -22 0
-41 -6 -26 0
-40 -13 21 0
-35 23 41 0
-11 -13 3 0
