p 42 178
-22 38 31 0
-21 9 23 0
26 -16 -22 0
-29 37 32 0
14 15 -34 0
-25 6 33 0
-6 -25 17 0
-3 -37 -30 0
-32 -11 13 0
-6 18 -15 0
-18 -34 30 0
39 -20 13 0
38 41 -31 0
14 10 -1 0
20 15 -41 0
21 26 -1 0
38 -7 16 0
-41 -39 37 0
17 20 15 0
27 -19 42 0
-3 42 -28 0
19 25 -33 0
-7 23 18 0
-2 -1 14 0
13 7 -24 0
24 -30 31 0
28 35 -42 0
-22 28 26 0
-37 7 -28 0
-5 6 29 0
6 -40 5 0
-42 -36 -29 0
8 7 -36 0
-9 -38 18 0
-31 9 -26 0
36 -27 3 0
-40 9 -39 0
3 -35 -16 0
-24 -18 21 0
-8 35 12 0
-8 37 21 0
14 27 -33 0
21 -18 11 0
-38 15 -9 0
24 39 -2 0
31 19 -26 0
-6 -14 10 0
-1 -29 -37 0
-17 19 33 0
28 34 16 0
21 -3 -37 0
-9 35 2 0
40 34 22 0
30 25 -7 0
15 35 7 0
-23 -21 -6 0
-2 19 -17 0
40 4 42 0
-33 -15 2 0
22 -40 -20 0
14 -25 -32 0
12 33 -31 0
18 22 -28 0
22 -35 -31 0
24 21 -26 0
-5 -20 34 0
-7 -39 -15 0
-17 -42 25 0
24 8 -40 0
-32 -14 38 0
-33 -36 3 0
-9 -39 12 0
30 2 7 0
-28 23 -3 0
11 -17 -26 0
-27 -6 -34 0
-22 23 -12 0
31 19 25 0
19 -14 -3 0
19 1 -15 0
-35 25 17 0
7 -25 29 0
36 29 -8 0
8 -39 18 0
-26 -7 -16 0
-5 -2 -36 0
20 -19 -2 0
24 -15 17 0
28 23 -12 0
-24 34 -33 0
-20 -29 -11 0
-17 14 -9 0
-25 8 -10 0
20 -1 35 0
29 33 18 0
-38 -22 34 0
-42 -30 -2 0
-2 -32 -14 0
34 8 -15 0
-7 -21 -25 0
-27 -33 3 0
12 -39 -13 0
27 40 32 0
-37 39 35 0
-10 -14 -8 0
19 -38 25 0
-11 -14 41 0
32 41 18 0
-6 7 -36 0
4 38 33 0
9 -11 -16 0
39 15 9 0
12 28 26 0
32 8 -27 0
39 4 -7 0
2 42 8 0
-35 -10 17 0
-30 7 -42 0
-12 -28 41 0
35 -40 5 0
-30 -32 16 0
6 22 1 0
-11 34 29 0
-22 -9 -26 0
-17 6 28 0
11 -42 35 0
-7 42 -6 0
6 -12 -34 0
-24 -6 -33 0
20 6 -1 0
-1 -2 -10 0
15 -16 -36 0
-2 41 38 0
22 25 19 0
-14 -7 24 0
-6 15 28 0
33 -31 27 0
10 27 -42 0
-16 28 -17 0
-34 16 31 0
-25 -27 -26 0
34 -22 15 0
-35 31 -33 0
-12 -39 5 0
1 28 21 0
-23 37 8 0
20 -12 13 0
12 27 6 0
-34 25 20 0
22 -17 3 0
16 17 -26 0
26 42 2 0
-1 -31 14 0
-12 11 5 0
-38 12 -28 0
30 19 31 0
30 -33 -35 0
9 12 30 0
9 20 13 0
-17 -23 -20 0
6 35 36 0
-42 31 -26 0
26 -16 38 0
-30 17 37 0
-36 20 -14 0
33 -10 25 0
9 21 17 0
6 34 11 0
36 22 31 0
29 31 -39 0
-17 -5 -29 0
-10 31 -14 0
11 34 36 0
27 34 18 0
13 25 -22 0
-16 -36 22 0
-12 -37 -42 0
-1 -32 -28 0
