p 86 366
-35 -81 -13 0
-66 61 -54 0
76 -63 25 0
-72 -5 16 0
69 -41 22 0
-48 37 -20 0
-46 25 52 0
-74 29 -25 0
-58 -47 -61 0
77 -8 -31 0
-21 -4 -70 0
-67 52 35 0
53 -36 81 0
53 66 -33 0
-8 38 13 0
5 80 4 0
27 -36 74 0
56 -31 25 0
-6 -39 -3 0
65 81 34 0
-21 10 18 0
61 62 -64 0
-15 -37 -22 0
82 -23 56 0
-19 -78 75 0
-45 16 -9 0
-48 14 -28 0
55 -38 79 0
44 -51 42 0
-86 -30 40 0
-44 -63 15 0
21 -73 -46 0
62 -60 26 0
-50 56 46 0
54 38 -60 0
53 -5 46 0
10 -73 -28 0
-65 20 34 0
61 -85 -4 0
48 -33 -20 0
37 48 72 0
52 79 3 0
71 82 -43 0
-60 -1 31 0
20 5 18 0
34 -5 -66 0
-86 61 40 0
-35 -4 -80 0
69 24 -85 0
-39 3 57 0
-33 -9 46 0
14 6 27 0
-31 -67 84 0
-62 -10 -73 0
76 -15 21 0
-44 -67 -64 0
14 8 -74 0
32 -25 66 0
-38 35 18 0
52 85 -55 0
-24 -9 -19 0
71 -8 56 0
2 44 -4 0
33 11 -72 0
-71 -27 74 0
6 -26 38 0
52 -80 30 0
33 -10 65 0
19 47 76 0
-28 -61 -84 0
48 25 -32 0
-69 10 -15 0
-56 -16 30 0
-55 -44 -2 0
-39 -78 -31 0
46 18 -5 0
-50 -5 -68 0
-76 -34 15 0
2 82 -23 0
74 -76 -8 0
-59 -72 -23 0
-72 -19 -6 0
18 -8 11 0
74 -32 65 0
-73 28 16 0
32 -20 -53 0
-55 -37 74 0
25 81 22 0
-61 -5 8 0
-74 -9 -46 0
-46 40 -36 0
-16 -37 4 0
-63 -22 47 0
4 -50 10 0
8 42 85 0
-75 6 -14 0
4 -30 44 0
-67 -23 -37 0
-36 -33 4 0
58 -69 -65 0
-12 4 28 0
26 61 20 0
41 -21 10 0
8 54 -4 0
-61 -2 12 0
59 17 -57 0
-8 -59 71 0
51 -64 83 0
45 -34 -75 0
39 -3 -27 0
-13 -51 58 0
-25 -1 45 0
76 -11 -54 0
-26 40 7 0
43 83 33 0
6 16 -83 0
13 -64 -57 0
80 18 47 0
-26 -77 30 0
70 50 66 0
1 22 54 0
57 -56 78 0
-72 -73 -74 0
-17 -66 -60 0
-39 58 18 0
77 -25 33 0
63 40 -54 0
-63 -19 83 0
14 -13 -52 0
52 79 -8 0
-8 16 58 0
63 -86 -41 0
-53 4 -31 0
60 50 -66 0
54 -42 -21 0
19 -74 -8 0
4 57 -61 0
51 12 -84 0
-74 37 -57 0
-37 -82 -9 0
-23 84 -1 0
-65 62 1 0
73 -33 41 0
62 82 10 0
-70 -14 77 0
-16 -83 -85 0
4 -82 83 0
65 -83 -67 0
57 81 -32 0
62 -31 -67 0
-84 17 -46 0
-71 -1 -36 0
-44 -61 -28 0
79 37 -62 0
64 20 -5 0
-24 -50 -9 0
-48 40 68 0
50 -18 -23 0
-68 59 -46 0
-77 -43 -86 0
5 66 -56 0
-75 -20 -37 0
-19 43 9 0
37 40 -27 0
-23 15 -14 0
-12 23 -82 0
17 12 -66 0
-46 39 54 0
-41 -19 55 0
-39 -27 35 0
-72 86 -33 0
-82 66 -21 0
-62 -42 85 0
4 -82 40 0
27 21 -54 0
61 73 27 0
69 16 15 0
-14 21 -83 0
-4 35 -9 0
-74 -12 -7 0
17 -9 52 0
-23 -5 67 0
65 -50 49 0
-83 27 36 0
63 49 60 0
42 70 -74 0
-7 -30 -74 0
-71 4 -38 0
33 43 42 0
25 -34 9 0
-72 -11 -48 0
-85 64 -31 0
-10 -77 79 0
-50 26 59 0
13 -30 -14 0
65 -28 -39 0
62 -58 61 0
-41 2 -52 0
-6 2 47 0
73 -51 -75 0
24 82 83 0
-86 -36 -5 0
18 -9 -21 0
54 58 -20 0
-5 12 -50 0
-80 59 60 0
31 -17 -85 0
-75 -74 -44 0
-79 -15 -82 0
-24 -38 80 0
78 -76 -85 0
54 -11 5 0
32 48 -35 0
1 56 51 0
73 49 -64 0
76 -39 53 0
-31 54 -68 0
-57 16 25 0
-68 -79 27 0
-67 17 -35 0
81 1 -22 0
20 -64 4 0
73 -68 -47 0
83 10 -13 0
-7 81 -73 0
-60 8 -57 0
14 -2 -24 0
-2 8 -62 0
-55 32 11 0
-13 67 -10 0
-19 -79 29 0
58 20 -76 0
-70 29 -38 0
-38 -28 -55 0
15 52 61 0
54 -60 3 0
38 40 20 0
-56 12 57 0
-16 -44 -85 0
10 -40 -18 0
-83 81 58 0
-84 64 7 0
-83 3 19 0
79 -25 46 0
-43 -10 44 0
-9 -74 -42 0
-24 -23 80 0
31 10 85 0
39 79 -41 0
-70 17 85 0
65 13 -63 0
-54 24 -14 0
-29 -74 -36 0
-22 7 85 0
59 82 -14 0
31 13 9 0
66 -24 53 0
-68 -67 -31 0
17 -59 -13 0
-71 75 41 0
29 48 -3 0
-21 -82 66 0
-59 -86 17 0
40 70 38 0
82 83 23 0
78 63 -28 0
-52 2 -57 0
-61 -65 -86 0
26 -51 -48 0
-40 26 -4 0
37 -83 15 0
33 -7 81 0
-53 -49 -24 0
-6 -58 2 0
-55 -14 63 0
-39 -12 -79 0
-70 63 43 0
-1 2 15 0
83 -25 53 0
70 31 12 0
-2 -76 -10 0
-25 -61 -76 0
31 -74 -18 0
16 60 -66 0
17 54 53 0
-28 -12 -30 0
-72 48 -24 0
60 -55 -41 0
30 -40 -9 0
78 -16 82 0
-51 79 5 0
34 -32 18 0
11 38 54 0
-2 -27 72 0
27 -67 69 0
-55 67 65 0
22 -68 16 0
75 85 74 0
31 -9 -71 0
45 53 -8 0
11 70 -80 0
-52 41 -34 0
47 -64 -18 0
60 -6 52 0
47 43 13 0
-20 -7 -37 0
-50 -75 -57 0
31 10 85 0
67 -35 48 0
53 -44 -48 0
62 -31 5 0
-74 85 -18 0
-61 20 -4 0
-51 77 67 0
46 -49 -69 0
-62 6 68 0
-19 41 2 0
-43 64 -24 0
-44 -51 -33 0
-3 -77 19 0
79 -82 51 0
-5 60 18 0
-62 -73 -60 0
46 77 75 0
84 50 2 0
52 72 45 0
-3 37 18 0
-57 34 -39 0
-32 -12 -18 0
-31 10 74 0
-4 27 -18 0
-82 -38 -68 0
28 -38 -33 0
-15 -26 5 0
4 -69 -58 0
-21 -10 -38 0
16 20 51 0
-52 -28 45 0
-83 -79 6 0
-55 -3 -24 0
54 86 39 0
-36 -68 -41 0
62 -8 -67 0
-83 -49 -67 0
-34 77 -11 0
-14 -9 -56 0
69 38 -50 0
-11 18 -77 0
39 80 14 0
-34 -8 67 0
-12 29 -28 0
18 -30 13 0
43 -26 83 0
-37 -59 79 0
-66 57 -29 0
30 35 -32 0
-12 56 -13 0
-26 -76 -83 0
56 58 55 0
59 -75 -26 0
8 1 -28 0
-56 -13 68 0
-37 -44 -75 0
3 -86 -6 0
-13 58 77 0
24 -7 69 0
