p 52 221
9 -12 -44 0
4 6 -32 0
6 50 -44 0
10 -24 -52 0
-14 -21 50 0
-20 -51 -7 0
-12 28 46 0
-1 -29 31 0
25 30 36 0
27 -4 -26 0
40 28 -11 0
-27 -38 22 0
-8 -50 9 0
16 23 -38 0
-30 -14 -15 0
33 23 -15 0
36 -21 6 0
-5 19 -22 0
-52 29 40 0
35 -14 31 0
40 7 -25 0
-6 -50 15 0
12 47 -9 0
-18 -8 25 0
13 11 34 0
-23 -47 22 0
-15 9 -2 0
-27 -50 -9 0
43 -29 -21 0
-52 -22 14 0
39 -25 32 0
36 -9 -50 0
19 -20 47 0
18 16 9 0
-42 37 -38 0
-2 -6 38 0
31 -13 -15 0
47 11 27 0
33 -10 -44 0
46 -28 15 0
-9 40 -28 0
-15 18 -25 0
-50 38 29 0
-41 7 -18 0
-20 -39 -49 0
45 43 -37 0
50 23 44 0
49 -51 29 0
33 4 -39 0
-19 22 11 0
24 22 -41 0
-44 48 -35 0
7 -24 16 0
-19 44 -22 0
26 -33 -28 0
-19 16 -5 0
-49 -46 39 0
14 -43 -52 0
-31 33 41 0
4 -20 -30 0
-28 35 9 0
-19 14 41 0
-37 -52 -23 0
-7 6 -42 0
-41 17 2 0
50 45 -16 0
26 -29 45 0
7 -48 3 0
51 -25 -1 0
33 35 -38 0
15 -20 46 0
47 46 3 0
-42 46 15 0
46 34 35 0
-22 -47 14 0
-38 27 -37 0
22 40 -37 0
39 4 -18 0
38 18 34 0
18 46 -5 0
28 50 -20 0
18 -43 -15 0
44 41 36 0
15 -48 -22 0
6 -28 -23 0
25 -10 6 0
-25 -51 -42 0
-34 -27 40 0
-23 -25 -30 0
25 -17 -42 0
-23 -1 -32 0
-11 -27 48 0
45 -20 -25 0
32 -52 16 0
-4 30 -7 0
45 46 -49 0
-23 20 -50 0
25 40 42 0
-17 40 49 0
22 -48 18 0
-38 36 -27 0
-43 -20 -12 0
-42 15 -32 0
-22 18 -41 0
47 -23 27 0
-45 -27 19 0
7 39 15 0
49 -5 30 0
-6 -27 36 0
-21 11 16 0
-43 -16 10 0
-12 -32 15 0
43 -47 -35 0
-52 33 -29 0
35 30 -22 0
10 -2 37 0
-6 16 -36 0
-49 35 -12 0
-20 -2 50 0
-5 4 6 0
-52 41 -16 0
-49 -46 51 0
-7 -32 12 0
10 -49 34 0
-17 -21 -30 0
12 -5 -7 0
19 15 -20 0
51 4 -17 0
44 43 -46 0
-49 -21 -44 0
-48 21 28 0
39 -26 -47 0
8 -19 3 0
-33 -16 31 0
-23 -22 -14 0
7 17 -21 0
-37 -10 -42 0
-26 31 41 0
-2 13 -43 0
16 48 -26 0
-3 -30 42 0
-7 -33 -41 0
-51 -33 34 0
-39 30 29 0
-10 -12 -1 0
20 26 2 0
16 33 -7 0
-15 -13 28 0
-13 19 18 0
3 48 37 0
-44 39 17 0
-29 -1 -45 0
11 -38 51 0
31 49 10 0
8 49 24 0
23 33 -36 0
19 -46 38 0
-10 -45 -6 0
-14 -11 52 0
-5 -11 -19 0
3 -6 -32 0
36 -47 10 0
-28 -6 24 0
-34 -52 -14 0
47 -27 -45 0
-52 22 6 0
-18 46 2 0
-7 -50 8 0
-44 32 -28 0
-15 -33 -52 0
43 -13 -12 0
3 -29 -2 0
22 21 28 0
21 -17 -51 0
23 -20 -4 0
-12 -31 18 0
21 -27 41 0
52 -39 -30 0
-40 -22 27 0
-8 37 4 0
45 -28 38 0
-31 -37 39 0
29 16 -1 0
37 -43 -42 0
10 -29 -44 0
32 -9 -36 0
30 4 -49 0
7 33 21 0
43 34 -21 0
-10 -28 -48 0
-8 -28 -45 0
42 -8 -26 0
16 27 -13 0
-25 22 49 0
20 19 -28 0
-11 1 20 0
-26 7 -35 0
50 28 -42 0
-5 -43 -44 0
-21 -52 -15 0
-39 -21 29 0
30 -17 -19 0
-1 47 -30 0
33 15 41 0
-26 -51 19 0
10 -41 -39 0
-37 -5 -7 0
33 28 25 0
42 17 -32 0
-28 -19 13 0
-39 38 6 0
5 -40 -46 0
51 -9 17 0
-17 -44 -47 0
30 -45 -49 0
-2 42 -38 0
23 -21 -27 0
7 -6 29 0
50 -28 -3 0
17 24 -14 0
20 26 31 0
