p 72 306
-35 62 56 0
-3 -13 19 0
-64 -16 -22 0
65 24 -48 0
-52 51 -36 0
-11 22 45 0
-40 16 -25 0
7 -26 4 0
-3 -67 54 0
-16 15 -36 0
24 41 32 0
68 19 -31 0
8 -3 15 0
71 57 -67 0
-8 -62 17 0
-30 56 21 0
-36 56 18 0
-68 -28 3 0
12 31 58 0
18 -72 7 0
29 72 24 0
-72 71 23 0
57 27 69 0
14 27 -47 0
33 11 47 0
-56 -13 -26 0
-39 -33 -25 0
-8 -10 66 0
10 54 -48 0
39 71 22 0
-45 -62 -3 0
-69 27 -58 0
-12 42 -8 0
-19 -8 68 0
-12 7 41 0
-8 -43 65 0
-65 -27 2 0
-19 33 67 0
11 37 -69 0
-43 -6 -60 0
26 55 71 0
4 -67 23 0
-63 7 11 0
-38 -6 -11 0
36 25 -12 0
30 34 59 0
32 58 -51 0
-54 -28 -48 0
51 -9 15 0
-28 -26 -65 0
21 -59 23 0
-23 27 37 0
-22 -46 57 0
13 45 33 0
23 -67 22 0
43 -29 42 0
-42 -1 -68 0
-37 -43 19 0
46 14 66 0
37 39 -34 0
-28 18 -30 0
7 66 -16 0
51 -6 -48 0
53 -48 -18 0
-29 -13 62 0
-26 9 22 0
-9 35 33 0
-72 -52 24 0
-51 -64 -9 0
51 31 -33 0
63 -23 -22 0
46 -47 57 0
-43 17 -12 0
65 23 -24 0
70 -23 -15 0
-45 28 -48 0
-72 -1 18 0
58 13 -38 0
-1 33 9 0
56 67 -23 0
67 72 -39 0
44 9 72 0
37 70 57 0
37 44 -53 0
-64 18 50 0
7 72 -61 0
-61 6 -42 0
21 18 34 0
-26 4 -58 0
-19 -26 20 0
-71 58 -13 0
18 -47 50 0
-44 -47 -29 0
-43 -17 59 0
14 -69 55 0
10 -64 71 0
9 49 19 0
37 1 -20 0
-43 44 27 0
-1 -55 -38 0
-13 22 -25 0
-18 -61 56 0
25 36 48 0
-14 42 45 0
17 58 68 0
-19 2 28 0
71 -51 -22 0
-46 64 13 0
-52 14 12 0
6 13 -33 0
-71 -3 -30 0
-44 39 61 0
-9 6 1 0
-30 40 -2 0
1 4 46 0
-10 35 -34 0
-71 -32 -7 0
-4 67 26 0
-32 -11 -35 0
-9 60 65 0
8 -65 -71 0
-57 -7 -38 0
-6 27 19 0
-67 69 12 0
-49 54 -30 0
-30 43 -64 0
65 60 -46 0
-1 46 -36 0
-43 -53 -26 0
36 -15 22 0
67 -44 -42 0
-8 44 67 0
-3 43 32 0
-11 -19 -23 0
49 10 -48 0
24 -22 23 0
58 -20 -56 0
-61 -41 50 0
58 5 50 0
18 67 8 0
-71 -56 -2 0
-51 42 -69 0
-20 68 -57 0
-59 15 42 0
-12 47 -14 0
-35 -37 -4 0
16 -46 5 0
40 -70 71 0
-25 -53 46 0
5 65 31 0
51 13 -24 0
-72 38 -60 0
69 -24 -47 0
19 -2 -69 0
-11 -24 26 0
-48 3 -34 0
70 -37 -61 0
52 -12 53 0
14 -62 -57 0
-35 40 61 0
70 -38 -14 0
-47 -37 -63 0
13 18 -21 0
-53 10 -2 0
-70 26 9 0
-13 -25 15 0
4 -14 64 0
-66 9 -50 0
-6 17 67 0
23 52 29 0
45 58 64 0
43 6 19 0
19 -67 65 0
-51 -6 56 0
8 -70 27 0
-39 56 26 0
41 -43 -23 0
-4 -27 -67 0
53 -14 -67 0
6 -25 -60 0
38 9 -71 0
-54 9 -49 0
-63 51 61 0
16 8 65 0
-11 -48 -43 0
-56 -13 61 0
-21 48 -47 0
-21 9 -45 0
-53 59 49 0
-68 52 -32 0
-21 -49 -59 0
-36 -55 -44 0
-6 67 -38 0
23 -31 -67 0
62 -36 60 0
-8 -63 -38 0
69 -29 17 0
53 21 -47 0
8 -44 15 0
-49 21 51 0
33 35 -31 0
-43 -66 63 0
25 15 26 0
45 -63 -18 0
-64 -70 -65 0
72 -44 6 0
-62 45 51 0
19 69 -59 0
-46 -72 69 0
-29 -32 52 0
-39 -49 -1 0
34 -43 -55 0
-54 -49 -31 0
16 69 -58 0
61 -4 3 0
-3 -8 -70 0
28 47 11 0
-2 -66 68 0
-49 66 -72 0
-26 35 55 0
-64 51 14 0
12 62 61 0
29 1 -48 0
-38 -58 33 0
28 -53 -68 0
-21 11 -17 0
-34 57 -46 0
59 61 -70 0
1 -71 -57 0
-59 -54 -58 0
65 8 66 0
-5 71 -66 0
67 -53 2 0
-42 -7 64 0
3 58 -19 0
50 13 33 0
-54 -43 72 0
-52 54 -20 0
-50 -49 -48 0
13 -59 34 0
-10 68 -69 0
-52 43 45 0
-40 41 -31 0
60 53 22 0
71 -21 59 0
60 39 -63 0
-56 59 -48 0
-12 -54 -8 0
-52 -14 -5 0
-19 16 -3 0
-12 30 9 0
64 41 53 0
27 -59 -60 0
-64 -68 18 0
-38 41 -9 0
4 48 -40 0
-9 55 -12 0
35 -53 16 0
46 13 -38 0
-57 -16 -29 0
-36 -12 -72 0
-3 -56 -61 0
5 20 15 0
7 -47 -33 0
-42 -59 2 0
47 46 61 0
9 -34 -62 0
3 71 10 0
59 40 67 0
-27 18 -21 0
-58 72 38 0
42 33 -10 0
3 1 5 0
-4 -27 14 0
-10 -65 -1 0
12 -32 11 0
44 42 -69 0
-13 31 8 0
63 -72 -5 0
7 69 -46 0
-71 18 4 0
-39 -4 -68 0
41 59 58 0
-65 37 70 0
-71 8 -57 0
-22 -20 69 0
16 -63 15 0
-31 28 58 0
-32 58 54 0
30 41 20 0
-43 41 -8 0
47 -31 29 0
64 16 9 0
-26 -45 56 0
58 -31 38 0
13 -34 72 0
-30 -69 -37 0
46 -14 54 0
6 55 40 0
-50 -64 71 0
12 61 -42 0
-59 -14 -29 0
-63 2 -6 0
5 -18 -4 0
72 8 -22 0
-33 -28 29 0
