p 84 357
61 23 -70 0
54 8 53 0
-9 -4 -50 0
-51 19 -70 0
-78 -3 28 0
-74 12 30 0
66 -64 74 0
-27 21 62 0
-64 47 3 0
76 67 31 0
-21 -2 39 0
-44 45 12 0
-53 54 -1 0
29 63 22 0
40 56 -54 0
-52 27 83 0
7 68 -30 0
-61 -4 1 0
25 12 -34 0
19 -63 -8 0
44 61 82 0
71 -65 -49 0
50 -55 26 0
-24 78 81 0
37 -36 22 0
53 76 35 0
-58 13 -29 0
12 60 -36 0
-20 -29 -26 0
-81 31 -35 0
-39 13 -8 0
76 -27 46 0
39 -76 22 0
43 -27 71 0
-11 -30 -47 0
-9 -80 46 0
-80 18 54 0
-40 44 39 0
-18 38 73 0
-23 -38 48 0
-43 31 -5 0
46 -45 73 0
56 12 48 0
70 -3 41 0
-11 -66 44 0
-44 14 -17 0
-25 28 -3 0
-80 -31 -79 0
8 16 -46 0
-63 -62 -75 0
-73 -61 -72 0
-60 3 14 0
23 -50 -63 0
-63 -16 -75 0
-34 67 -18 0
-20 61 7 0
-9 -27 -77 0
40 -14 -32 0
67 81 15 0
-5 -68 -60 0
66 30 -46 0
-9 -73 25 0
28 -11 -26 0
53 6 8 0
-58 -62 24 0
13 -63 75 0
76 44 56 0
-36 57 17 0
84 -80 -68 0
70 32 46 0
80 -30 -2 0
-73 1 -62 0
10 81 12 0
-70 30 77 0
13 18 4 0
-34 -36 44 0
-35 -18 -17 0
66 70 71 0
-62 -49 59 0
-78 -51 9 0
-79 61 -53 0
-24 48 39 0
-50 17 -83 0
58 28 31 0
-55 40 71 0
-49 -69 -47 0
-10 -82 37 0
59 62 -78 0
54 -31 -29 0
-40 -50 56 0
-21 53 -44 0
64 10 29 0
10 1 8 0
58 -80 36 0
46 32 66 0
5 -9 -79 0
34 55 28 0
-20 66 75 0
-58 -5 43 0
-45 42 35 0
-14 48 -29 0
-10 60 77 0
-70 -53 29 0
29 -50 34 0
51 -43 -46 0
28 -29 84 0
-8 -14 -66 0
14 -32 61 0
42 12 4 0
44 62 -47 0
-26 -45 79 0
49 72 60 0
53 -36 -19 0
-80 64 -49 0
39 23 4 0
-72 -61 38 0
24 53 -69 0
-4 -54 -52 0
-77 31 28 0
-32 -13 -37 0
-48 -45 52 0
-54 -5 -67 0
-28 -53 39 0
51 -68 -76 0
-51 -6 -46 0
80 9 82 0
-47 -74 -55 0
42 4 -81 0
10 53 59 0
-84 -24 -36 0
74 54 11 0
48 6 -79 0
-52 -10 -14 0
8 41 61 0
-6 24 69 0
-66 -26 -33 0
-83 -61 37 0
-49 -80 47 0
47 -11 -80 0
-77 -84 63 0
-9 35 -77 0
43 -18 -64 0
13 -18 -47 0
-29 82 -26 0
-24 9 -27 0
-9 22 26 0
-20 -66 -48 0
-59 -83 29 0
35 -23 53 0
-56 40 -75 0
-9 -57 5 0
-49 -50 -13 0
2 -80 81 0
15 -75 21 0
-72 51 -5 0
-13 -21 57 0
-49 -70 63 0
-4 9 45 0
-65 23 33 0
48 66 -31 0
-28 68 -22 0
66 -77 3 0
-83 10 65 0
35 -54 18 0
24 -83 -74 0
56 -76 58 0
-54 -58 -1 0
-53 4 39 0
-59 -44 -36 0
-31 -79 -5 0
14 -5 -19 0
79 -2 51 0
-54 -77 -11 0
-1 -62 -30 0
-34 15 31 0
-3 -41 20 0
38 -75 2 0
44 76 70 0
-81 23 -56 0
-42 71 -35 0
83 48 -1 0
-24 30 -54 0
-16 58 -45 0
-9 45 -64 0
-69 29 2 0
12 -72 36 0
30 -19 -29 0
65 -17 -74 0
-69 -79 40 0
-26 -42 38 0
68 -41 -64 0
-29 -17 75 0
26 -77 -73 0
-14 18 -48 0
51 71 -41 0
33 79 -30 0
-64 47 -37 0
70 -32 -78 0
-63 72 30 0
8 19 -74 0
35 78 28 0
32 -62 27 0
39 -82 -27 0
62 -53 10 0
58 57 -61 0
-39 -81 -71 0
-63 -30 -68 0
-5 -3 52 0
-84 -25 -81 0
4 29 -78 0
68 46 -1 0
-80 11 22 0
65 75 36 0
79 14 1 0
-10 -9 -19 0
12 74 76 0
66 64 11 0
1 -28 64 0
10 17 15 0
-25 66 -72 0
57 -63 -78 0
-11 -38 -73 0
53 71 63 0
-30 60 78 0
-14 -8 32 0
-74 66 -34 0
82 35 -7 0
15 42 -60 0
80 -62 28 0
-83 -38 -68 0
22 -3 -14 0
44 -56 -9 0
44 -40 -79 0
-67 50 -51 0
57 8 36 0
-78 -76 11 0
60 80 54 0
-44 -60 -71 0
20 18 -81 0
-1 79 20 0
-43 7 -40 0
33 64 68 0
24 -6 47 0
-28 65 81 0
69 73 -12 0
71 41 64 0
-49 -40 -24 0
52 30 -48 0
43 12 59 0
-17 -84 -39 0
76 -74 12 0
-21 -77 29 0
17 34 -2 0
3 46 -15 0
-51 11 77 0
41 22 -5 0
6 60 -41 0
62 30 13 0
73 -62 -75 0
-65 -54 66 0
70 36 41 0
70 -33 -79 0
-31 13 -61 0
26 -60 -8 0
7 80 3 0
-77 -28 63 0
-14 74 63 0
14 56 -34 0
-38 51 -63 0
2 -64 44 0
44 31 -78 0
-84 -77 -61 0
-5 -46 -64 0
-51 32 6 0
-46 -58 80 0
-41 -37 57 0
-63 -50 51 0
74 83 -64 0
41 -9 3 0
48 11 53 0
-50 -16 49 0
-65 -75 -14 0
32 -11 -70 0
20 77 -59 0
7 23 62 0
78 -12 -15 0
39 64 -52 0
-19 -11 -32 0
-69 -44 57 0
-26 84 24 0
-49 -53 47 0
18 -8 74 0
-18 -21 -72 0
-46 -32 -50 0
19 -5 20 0
-7 -25 -33 0
-49 6 -75 0
66 -56 -9 0
2 47 -20 0
45 58 -81 0
34 31 -33 0
-15 49 76 0
84 38 23 0
-84 -65 -64 0
20 -73 -5 0
28 -68 -52 0
-41 78 -16 0
-46 -82 -17 0
38 -20 -58 0
-5 -54 8 0
-36 -18 2 0
-9 40 26 0
-52 -51 -42 0
71 -1 -4 0
6 78 11 0
7 84 -77 0
-40 -4 77 0
24 61 -37 0
-11 -78 -6 0
47 53 39 0
-20 32 -24 0
12 79 -20 0
-44 -25 19 0
59 -8 -78 0
-49 59 55 0
81 63 -34 0
-29 -76 -6 0
-9 81 12 0
70 15 -75 0
59 18 24 0
68 41 5 0
-2 -22 25 0
36 -64 55 0
-31 35 -5 0
-65 -22 -4 0
-26 49 10 0
71 -12 27 0
-62 1 -59 0
-18 -66 30 0
14 -53 37 0
-72 2 -41 0
-21 45 11 0
-12 23 -83 0
84 27 -68 0
38 14 -67 0
6 -27 15 0
-83 75 -22 0
-66 -62 -59 0
59 -4 46 0
82 -29 -75 0
18 -53 4 0
-70 14 74 0
-22 -18 65 0
62 20 -17 0
-27 83 -59 0
42 -75 55 0
37 -55 75 0
