p 83 353
-37 66 -8 0
-7 -75 -14 0
33 -69 62 0
-8 36 -23 0
-34 81 76 0
-5 -30 80 0
18 -48 -8 0
69 22 -79 0
-5 60 9 0
-37 33 -47 0
-39 -72 73 0
73 49 22 0
27 -33 67 0
31 -79 2 0
6 -43 -62 0
26 -66 -28 0
-10 -15 32 0
54 -48 3 0
-75 22 15 0
-74 77 69 0
-36 69 40 0
-36 -61 70 0
39 1 26 0
-22 -11 41 0
57 -12 56 0
29 30 49 0
50 -9 17 0
34 -83 41 0
-52 8 -66 0
25 -26 -61 0
-82 -33 21 0
50 13 -33 0
40 -60 -13 0
-45 -20 16 0
60 63 -39 0
21 67 -1 0
44 -34 77 0
-35 61 51 0
-50 -3 -56 0
-5 -63 40 0
7 -74 -18 0
13 59 52 0
-41 -5 72 0
-68 80 -19 0
21 -12 82 0
82 -34 71 0
13 -60 -82 0
-6 -21 78 0
-17 -51 37 0
9 55 38 0
-18 -64 81 0
24 -71 -30 0
45 -71 -79 0
21 70 32 0
20 -48 60 0
-3 -60 29 0
-22 47 -83 0
-29 5 42 0
24 53 72 0
31 16 -30 0
-78 -29 -33 0
79 49 -5 0
-49 -15 70 0
17 76 13 0
62 7 -63 0
-4 22 59 0
-72 2 32 0
-38 36 -10 0
-63 -29 24 0
-71 67 -25 0
-9 7 -54 0
-54 82 34 0
-76 38 66 0
-79 62 17 0
-82 57 74 0
24 -43 -37 0
68 36 32 0
13 -49 -33 0
-47 -16 -73 0
-78 47 23 0
-68 -4 -29 0
-53 1 -20 0
-4 39 -60 0
59 64 36 0
-8 82 2 0
75 -11 -52 0
-11 65 -9 0
-34 -16 -24 0
42 -26 -51 0
-59 42 14 0
-44 -58 -40 0
-50 71 44 0
-77 12 -69 0
77 67 32 0
12 14 74 0
64 76 -32 0
-74 3 -44 0
-54 -30 16 0
-58 16 -19 0
-57 13 -51 0
53 66 9 0
-47 -6 -7 0
14 -64 -10 0
14 -28 -55 0
-1 48 25 0
44 25 8 0
6 75 -38 0
-16 69 -34 0
83 -13 26 0
11 -17 66 0
-52 60 -39 0
18 52 57 0
58 -69 56 0
-66 20 5 0
28 17 41 0
17 60 -33 0
-72 -3 8 0
-28 -7 47 0
68 -49 56 0
26 44 -79 0
-57 -10 59 0
76 -56 -53 0
8 -33 47 0
-71 28 15 0
-3 68 78 0
-26 -32 3 0
9 16 -23 0
-58 -43 -52 0
26 12 -83 0
10 -21 26 0
-14 48 64 0
16 4 -77 0
22 68 3 0
35 73 14 0
5 37 -9 0
56 30 -61 0
-7 12 64 0
22 -16 -49 0
66 44 53 0
22 -52 63 0
-48 -75 -57 0
-10 42 -61 0
83 -15 -59 0
-3 66 -51 0
61 36 -32 0
-54 73 19 0
-73 45 31 0
43 18 79 0
-59 -60 -62 0
41 -46 -77 0
38 27 -61 0
4 -23 32 0
27 23 -5 0
64 59 -12 0
7 -11 -60 0
24 -22 19 0
74 -22 68 0
53 -52 -39 0
22 -44 21 0
-57 -41 -60 0
62 54 -6 0
27 19 -75 0
49 33 -42 0
-37 -18 54 0
-43 -17 1 0
27 -7 -77 0
-74 20 71 0
-79 -15 -77 0
10 4 53 0
-65 82 -58 0
-53 -71 9 0
-36 -2 81 0
78 53 56 0
50 79 -32 0
-21 -46 61 0
-63 -2 -35 0
-65 62 -72 0
-50 78 -26 0
15 -60 -32 0
64 2 -59 0
-79 -37 -77 0
-80 -60 -50 0
72 76 61 0
-82 80 64 0
-53 46 -68 0
-81 -66 22 0
34 -25 62 0
60 -51 -5 0
2 -56 -8 0
62 -42 -53 0
-47 2 29 0
-79 -10 63 0
-21 -14 82 0
10 -40 51 0
34 19 4 0
-7 -41 68 0
55 -37 -81 0
11 18 22 0
-25 -7 -48 0
74 82 -4 0
48 30 69 0
-29 -74 -79 0
-17 73 82 0
22 -14 63 0
-15 14 -59 0
-83 43 -77 0
72 50 -8 0
-38 51 33 0
83 54 21 0
-74 63 60 0
-83 75 -22 0
81 55 58 0
39 -77 79 0
-24 50 36 0
48 -8 21 0
-24 31 72 0
61 36 70 0
14 58 -34 0
-40 39 54 0
-36 17 -56 0
32 -23 6 0
-43 -71 -78 0
1 34 -14 0
72 39 -66 0
-32 7 62 0
-49 -73 33 0
72 -24 78 0
43 68 34 0
77 -37 45 0
-82 39 74 0
-44 -82 8 0
53 -74 -58 0
-78 10 76 0
2 83 11 0
-1 47 -63 0
-32 22 -21 0
70 -2 -38 0
-49 16 -78 0
-55 -18 6 0
46 -10 26 0
14 -32 7 0
37 72 56 0
46 -13 80 0
6 50 -67 0
-46 19 -31 0
-37 35 22 0
-73 3 -29 0
-14 -22 12 0
-3 56 -25 0
-83 -60 -47 0
51 -22 -13 0
19 80 68 0
-20 -42 45 0
72 63 25 0
67 -24 73 0
-59 -3 -34 0
-29 -35 -16 0
39 36 61 0
83 -7 63 0
53 -69 -18 0
-55 56 23 0
-38 -13 -20 0
-76 47 -82 0
80 -45 12 0
39 75 -49 0
80 55 19 0
49 35 13 0
28 -77 -14 0
54 46 -11 0
8 64 -51 0
-26 -71 70 0
59 -70 -2 0
33 -37 -76 0
-82 46 83 0
31 -79 -24 0
-48 12 16 0
68 -14 -5 0
-58 9 38 0
-81 49 -78 0
72 -11 -71 0
26 59 -66 0
-45 9 -35 0
-72 -40 -23 0
-32 4 82 0
-52 44 68 0
67 -68 3 0
31 -49 -9 0
26 -24 68 0
6 -50 70 0
36 54 -5 0
26 16 6 0
-4 -14 -6 0
-44 -54 -80 0
-82 30 37 0
43 26 -56 0
-53 68 7 0
18 75 -2 0
-33 -58 -83 0
-43 -79 38 0
59 -46 24 0
44 -36 -27 0
42 -21 82 0
26 54 -56 0
-43 73 -4 0
12 -74 49 0
-3 40 -23 0
7 -48 -49 0
-28 24 30 0
2 54 -19 0
16 47 -20 0
6 17 -27 0
-76 -55 54 0
47 5 9 0
9 -81 -62 0
58 26 -47 0
-32 -47 78 0
-64 48 -10 0
69 65 20 0
-74 62 15 0
-83 -19 -28 0
-46 -9 -41 0
-39 -83 -36 0
54 -16 21 0
-16 -17 -54 0
-67 2 -63 0
12 -18 78 0
-18 6 -25 0
77 29 34 0
73 3 24 0
30 75 64 0
67 77 50 0
-49 -64 63 0
-68 65 -62 0
-49 55 -37 0
32 -6 -66 0
-79 62 22 0
-67 69 -30 0
-28 -38 -79 0
13 78 -67 0
-3 50 -62 0
-2 -62 17 0
-30 81 -18 0
-3 21 -76 0
-76 -7 -43 0
-80 45 -33 0
1 -60 5 0
-33 -29 56 0
-44 51 -65 0
62 -37 -57 0
-67 50 -19 0
54 49 -34 0
-23 -47 -77 0
32 -50 18 0
