p 28 119
-23 7 1 0
-26 -3 24 0
-11 28 16 0
-19 17 -5 0
17 16 7 0
27 14 -13 0
-20 -13 6 0
15 -24 -27 0
-7 22 -20 0
-21 27 24 0
18 4 20 0
-10 19 -3 0
-28 21 -18 0
6 -20 -18 0
-16 -14 -19 0
2 -19 -26 0
22 10 -18 0
25 11 13 0
-26 -18 23 0
9 -16 -28 0
23 8 19 0
8 2 13 0
-7 4 22 0
-28 -7 25 0
-2 10 15 0
-23 5 4 0
16 -10 12 0
-28 11 -2 0
-7 -5 -9 0
19 5 10 0
-22 -3 11 0
-4 -12 14 0
16 -6 20 0
-20 3 -22 0
-6 25 -23 0
-16 -4 21 0
-13 16 -23 0
19 -13 -7 0
2 11 6 0
7 26 22 0
4 -15 28 0
-20 -21 -18 0
-12 -15 27 0
3 10 26 0
18 26 -24 0
-19 22 17 0
-14 -18 5 0
-11 -25 22 0
-1 -7 20 0
17 -8 -26 0
25 15 14 0
4 -22 -26 0
-27 -19 1 0
-6 17 27 0
22 -18 -8 0
11 23 3 0
24 10 5 0
3 -17 1 0
26 -5 6 0
-28 13 -5 0
-2 13 -19 0
-7 -3 -14 0
-21 12 28 0
20 -7 -14 0
24 -23 18 0
-2 14 -12 0
15 18 23 0
-4 -18 15 0
19 20 -6 0
-15 25 3 0
-16 6 1 0
12 -4 -16 0
-20 8 -2 0
5 -25 12 0
17 -9 11 0
18 -6 -23 0
11 23 18 0
13 27 -7 0
26 -25 -19 0
-17 -25 3 0
24 -10 4 0
-28 -5 -6 0
22 -20 3 0
24 -7 20 0
-1 19 -16 0
20 2 4 0
11 -15 20 0
-2 5 -8 0
-24 11 22 0
20 -21 -10 0
17 -18 -1 0
-24 -28 -4 0
-2 -3 -17 0
7 13 9 0
17 -22 -8 0
14 -15 -24 0
28 19 -3 0
2 -14 5 0
2 -24 -25 0
-19 -13 11 0
11 -2 13 0
12 8 -7 0
-13 -2 -8 0
26 8 -7 0
7 -6 -2 0
17 20 -21 0
13 12 -6 0
20 6 -24 0
-17 27 10 0
-24 11 -20 0
11 -7 6 0
11 -22 4 0
15 26 -25 0
2 -19 -21 0
3 13 -4 0
22 23 -12 0
24 -27 -17 0
-5 6 20 0
-11 -2 27 0
