p 87 370
70 46 16 0
-18 23 69 0
-21 25 17 0
84 -9 34 0
61 -38 79 0
47 -57 4 0
10 32 64 0
14 -5 23 0
-35 83 -47 0
51 -12 -19 0
11 -36 64 0
-14 45 -80 0
17 66 8 0
-78 -7 -11 0
16 -75 64 0
-13 80 26 0
-45 49 17 0
-44 41 -11 0
-47 -31 21 0
-51 -11 25 0
-85 42 -30 0
45 -48 -11 0
66 -41 -33 0
-80 54 46 0
-15 60 -73 0
34 -55 31 0
-25 -64 84 0
-25 -31 40 0
-29 -61 -8 0
-38 -78 69 0
26 -8 -78 0
-16 51 -45 0
-52 83 8 0
-44 12 48 0
-47 -54 12 0
81 7 -38 0
63 -15 80 0
-2 -53 72 0
66 -26 -2 0
-48 33 21 0
-18 53 -73 0
-84 41 36 0
79 31 36 0
40 36 5 0
-74 71 -36 0
47 -42 30 0
-50 48 -51 0
61 40 -72 0
41 7 -46 0
77 -23 73 0
3 8 51 0
4 -17 -23 0
34 83 1 0
15 -25 -66 0
79 -74 -71 0
-18 -48 22 0
-5 81 52 0
-13 63 67 0
84 82 -49 0
-57 11 21 0
6 -87 20 0
-51 19 14 0
15 83 -69 0
53 64 -57 0
-81 80 -13 0
64 60 32 0
9 20 -85 0
-68 -43 -1 0
71 -23 66 0
-31 -57 -21 0
-5 -27 70 0
68 13 44 0
-57 85 23 0
52 81 46 0
-13 86 -9 0
-26 64 65 0
79 -8 -23 0
51 40 -8 0
-37 8 -27 0
-85 21 4 0
85 30 -5 0
17 62 79 0
-76 60 -12 0
-18 -60 6 0
-72 -24 17 0
-74 -45 -69 0
13 4 -56 0
-8 -35 72 0
-83 -41 -76 0
62 8 -71 0
-69 47 -84 0
12 84 51 0
78 62 73 0
-77 25 24 0
-18 -22 65 0
35 -86 9 0
3 12 7 0
26 -23 -48 0
-67 -20 83 0
-53 -59 34 0
59 82 54 0
52 18 68 0
-59 77 -51 0
-85 60 -73 0
48 7 -49 0
-23 39 42 0
-66 -40 -54 0
-37 -80 82 0
-85 75 -63 0
-63 6 -53 0
-48 40 61 0
-9 -28 -75 0
51 79 54 0
-58 -62 36 0
27 77 -60 0
56 -5 -42 0
-75 -45 5 0
37 -10 81 0
53 -84 -47 0
50 -66 -67 0
-22 -85 63 0
49 86 -8 0
-35 79 16 0
-32 -84 -19 0
-82 -69 -45 0
-24 -39 -59 0
-57 4 18 0
33 16 21 0
-5 39 87 0
62 35 37 0
-58 -19 4 0
-2 -35 55 0
-77 -69 -21 0
-67 69 24 0
-30 59 70 0
49 70 83 0
-65 -23 58 0
80 9 38 0
80 -21 -72 0
42 -12 50 0
-26 -67 34 0
-75 49 80 0
-8 -22 63 0
73 -53 -72 0
-66 64 -78 0
67 -40 75 0
-22 -25 5 0
78 -35 -68 0
-30 -82 -33 0
-10 -75 -80 0
-3 77 -53 0
23 55 25 0
-82 1 24 0
60 58 10 0
-55 -72 -22 0
-2 12 -68 0
69 -86 -66 0
35 -41 -60 0
-41 72 -45 0
-64 65 72 0
-15 77 -68 0
-27 -1 29 0
2 -51 -84 0
-5 64 53 0
-61 -5 29 0
75 27 -55 0
86 63 58 0
-37 72 -60 0
5 51 63 0
-70 -16 49 0
-72 -55 50 0
8 -81 -75 0
71 67 63 0
-64 -87 86 0
-61 65 -40 0
12 13 19 0
-28 16 6 0
-87 23 39 0
-28 -7 21 0
-34 -52 -57 0
33 11 23 0
20 85 -77 0
-36 -48 -22 0
87 -61 2 0
-43 27 58 0
29 58 34 0
54 1 14 0
53 -63 9 0
-12 -62 -85 0
43 57 -28 0
-38 -79 84 0
-77 -72 73 0
-31 -50 2 0
22 -32 -52 0
70 -46 -16 0
-19 21 2 0
-9 -17 -63 0
-54 -82 78 0
-58 -41 -55 0
-32 61 28 0
-54 10 -56 0
84 11 -21 0
74 30 -68 0
-76 8 71 0
63 78 40 0
39 46 -44 0
-8 40 56 0
-20 35 -36 0
-24 36 -68 0
-76 -62 -38 0
-25 86 48 0
-15 74 38 0
70 -63 44 0
13 -51 -58 0
45 -66 -21 0
58 55 -29 0
15 50 -24 0
11 -47 -79 0
-11 85 -5 0
60 67 61 0
-37 -31 -55 0
-78 19 -84 0
-80 -3 29 0
42 -86 30 0
-37 -44 77 0
-78 21 -22 0
40 -18 69 0
-49 18 79 0
31 -83 78 0
-14 65 -30 0
-1 -87 -67 0
-13 -16 64 0
38 65 -47 0
-38 -86 16 0
47 -70 -12 0
56 -58 -19 0
-51 -84 -5 0
47 64 -12 0
-8 9 -70 0
57 -2 -83 0
70 57 -43 0
-71 -10 -59 0
-48 -54 -78 0
65 11 4 0
-58 -23 -59 0
76 -58 4 0
46 29 -2 0
-10 48 -41 0
-39 18 63 0
-48 -36 -44 0
35 18 -69 0
86 44 -22 0
65 -52 67 0
56 84 58 0
-62 -25 61 0
19 -52 24 0
-10 76 32 0
13 -1 38 0
75 -27 -51 0
-62 45 -82 0
77 39 -33 0
-37 8 -6 0
-87 20 -15 0
85 49 -17 0
-38 14 43 0
-82 63 -13 0
-21 29 22 0
30 -29 -84 0
-24 74 -85 0
-38 53 -32 0
-4 -34 -2 0
-82 2 -73 0
59 57 -22 0
39 -40 54 0
-13 80 50 0
-83 -32 55 0
23 -46 31 0
86 -40 5 0
8 -72 -40 0
49 64 -1 0
6 -86 -77 0
14 64 -22 0
54 5 32 0
-11 -44 -86 0
78 2 -37 0
85 3 -36 0
79 49 76 0
-9 12 32 0
-1 -75 -68 0
-77 -55 -39 0
52 30 46 0
59 56 -55 0
28 -44 67 0
12 -57 -67 0
-82 -25 -27 0
-50 54 -5 0
-11 -9 76 0
18 8 -4 0
-84 67 -39 0
-11 60 59 0
41 6 20 0
61 71 -28 0
-35 10 62 0
-62 -47 82 0
-63 47 -84 0
74 53 -21 0
43 14 -77 0
60 15 -12 0
-50 -6 -81 0
74 48 -50 0
-25 -76 -37 0
-38 -32 -44 0
32 74 59 0
33 -70 -69 0
-16 -19 -11 0
-67 77 -1 0
79 64 30 0
28 -11 61 0
-49 -12 82 0
63 -24 -40 0
-3 69 -17 0
85 13 35 0
-5 40 74 0
2 -25 1 0
-15 -38 61 0
-82 -47 -36 0
26 -38 83 0
15 -68 40 0
33 36 -81 0
-19 -56 -70 0
-32 -12 -10 0
85 -29 -6 0
-24 -60 -16 0
-66 -32 54 0
-56 -40 -70 0
-20 12 -14 0
46 -49 71 0
-51 26 3 0
-26 87 -34 0
-44 52 66 0
-72 -30 46 0
78 -27 -31 0
-75 34 -23 0
-49 5 -31 0
-64 22 -3 0
-59 -10 -46 0
-34 -37 -15 0
-30 16 59 0
-32 -57 -81 0
30 20 50 0
18 -9 -44 0
69 -17 -38 0
-52 -51 6 0
56 -76 78 0
-35 -57 81 0
-80 -78 7 0
-62 -32 -80 0
-82 22 -10 0
34 23 -87 0
-50 38 -78 0
70 82 36 0
-61 -32 4 0
22 -61 44 0
-54 11 50 0
11 -67 15 0
34 -48 28 0
17 -13 -21 0
-60 80 50 0
78 -79 -70 0
-46 -23 -44 0
