p 61 259
51 43 6 0
11 -36 -40 0
44 -14 -29 0
-26 21 -7 0
4 -29 -42 0
23 6 -53 0
-21 48 -20 0
3 40 -17 0
27 21 -44 0
50 60 -32 0
-25 14 11 0
27 47 23 0
-45 9 10 0
44 -22 15 0
-14 23 -36 0
-38 -60 8 0
15 -53 -30 0
-50 -43 16 0
4 9 2 0
36 -1 -35 0
-53 -1 48 0
-26 41 -54 0
-53 47 23 0
45 41 -61 0
-24 -56 -42 0
16 -57 -47 0
59 49 -26 0
43 -19 -56 0
4 -53 37 0
-13 32 -44 0
29 -13 34 0
3 -32 -54 0
-35 -40 -12 0
29 59 42 0
49 45 -34 0
-49 32 -39 0
-45 -32 16 0
56 -23 -49 0
-27 -23 -52 0
22 26 -41 0
-10 -60 -40 0
30 -58 39 0
9 -15 -46 0
-47 -60 41 0
-1 -26 60 0
-47 -16 3 0
20 54 -15 0
-26 1 -7 0
13 -2 30 0
-43 25 -2 0
27 -44 16 0
-43 11 33 0
-2 -17 -26 0
-33 -21 -38 0
-25 38 -2 0
-17 -21 -14 0
-42 -58 -37 0
40 -18 49 0
5 58 -25 0
48 23 -47 0
-26 -39 -22 0
-44 49 -29 0
28 35 40 0
11 13 -28 0
48 -55 -23 0
46 12 45 0
-24 -26 50 0
34 -14 12 0
25 -51 36 0
48 8 11 0
7 42 25 0
27 21 18 0
31 48 -18 0
58 -34 49 0
-52 37 -55 0
3 -16 -40 0
30 57 46 0
-17 -9 22 0
25 52 37 0
1 -24 -53 0
-50 19 -8 0
-15 -26 -59 0
30 7 -59 0
23 8 43 0
-36 -46 -9 0
-26 -56 14 0
14 49 24 0
32 -39 -20 0
7 -19 16 0
7 -43 58 0
59 53 -21 0
-37 41 -39 0
-24 27 -35 0
42 -21 15 0
5 19 -57 0
48 52 22 0
-20 14 3 0
33 -54 26 0
-49 59 -57 0
-58 -16 -26 0
24 -3 34 0
-59 52 -2 0
-54 -21 16 0
1 31 -27 0
22 -59 54 0
4 2 8 0
-10 -24 58 0
31 -25 35 0
23 -32 -20 0
-57 3 -10 0
40 -47 -25 0
-8 -38 12 0
-30 33 -46 0
-32 58 54 0
12 -45 -22 0
1 4 -43 0
57 -9 51 0
-38 1 56 0
59 6 53 0
-11 23 -36 0
-53 56 -7 0
-28 14 -54 0
-9 -45 39 0
57 46 27 0
22 33 -38 0
-16 33 -61 0
20 -57 -11 0
-42 36 11 0
-26 -20 -13 0
27 55 -18 0
47 -5 17 0
-43 -38 -57 0
-14 38 8 0
58 33 -21 0
14 -17 -39 0
5 -36 25 0
-3 -7 -20 0
-4 10 57 0
-26 -47 -4 0
24 6 49 0
-59 -2 12 0
-28 -34 -40 0
5 -59 20 0
40 -26 13 0
32 -61 3 0
5 -58 14 0
-9 19 52 0
40 60 -11 0
-17 34 53 0
23 -44 -42 0
-10 -32 43 0
17 -56 -18 0
-45 -24 20 0
3 -47 -8 0
-18 20 44 0
20 -37 58 0
-25 40 -37 0
-30 38 -50 0
-15 -60 33 0
61 -16 -20 0
2 -20 54 0
-27 -59 -29 0
-56 30 -46 0
38 4 61 0
54 -26 42 0
41 -53 -30 0
21 59 -4 0
-55 18 52 0
10 53 28 0
26 12 -42 0
41 9 -20 0
-36 45 -41 0
-61 55 32 0
52 61 -37 0
-18 -36 12 0
52 -46 33 0
-29 -49 -58 0
-16 -28 48 0
-53 -60 -9 0
-27 53 -7 0
-19 58 -60 0
-47 57 -33 0
-56 -58 -27 0
57 55 37 0
-38 -46 -18 0
10 -14 -40 0
37 -48 53 0
-35 29 11 0
-10 28 -11 0
43 1 12 0
61 26 28 0
-47 -9 -57 0
36 -52 -35 0
-34 42 -6 0
-16 -38 -41 0
41 61 5 0
15 36 -19 0
45 44 36 0
25 20 -12 0
-55 -45 -10 0
59 -19 -36 0
-14 -12 -55 0
40 25 20 0
-60 -19 -56 0
-7 -59 -45 0
9 -54 23 0
-31 32 9 0
26 -43 -52 0
-45 -16 -35 0
1 -8 9 0
-16 -31 -42 0
-41 29 -2 0
9 47 14 0
-40 5 4 0
38 20 18 0
-23 42 -56 0
32 20 -52 0
-55 -26 -49 0
22 31 18 0
42 22 -25 0
-46 21 -54 0
40 -23 -36 0
-45 53 -29 0
-23 10 -18 0
-42 -21 24 0
34 40 50 0
-38 -29 -26 0
44 -10 13 0
-12 -7 52 0
57 -61 -5 0
54 -18 6 0
60 50 -15 0
58 -13 1 0
38 -10 9 0
-26 -33 -32 0
44 46 -22 0
10 40 17 0
22 15 31 0
23 58 -57 0
13 14 -1 0
7 3 -44 0
-53 -50 -18 0
10 -16 -32 0
18 -30 1 0
29 -43 -7 0
-49 -19 -29 0
-32 43 -50 0
-22 13 29 0
49 50 -7 0
2 18 -38 0
-16 -3 -14 0
-26 -9 -19 0
-22 -8 42 0
42 14 -5 0
2 -47 3 0
11 36 23 0
-44 -22 58 0
-36 -4 26 0
43 29 48 0
