p 18 76
9 4 -5 0
-9 -8 15 0
-6 -13 -11 0
17 5 3 0
6 -11 -12 0
-15 -14 17 0
5 -3 9 0
6 -2 9 0
-5 -2 -1 0
4 8 13 0
3 -1 5 0
1 -3 15 0
2 1 8 0
-15 9 -13 0
2 -11 -5 0
13 -1 5 0
-12 -2 -15 0
18 13 6 0
-11 16 -10 0
14 9 1 0
5 13 3 0
-5 -9 -8 0
12 6 5 0
14 -1 -17 0
-10 13 -4 0
16 -4 -11 0
9 18 13 0
-11 15 -12 0
18 8 -14 0
-12 -5 -15 0
-8 16 18 0
11 -15 18 0
11 -8 16 0
-4 -17 -18 0
-18 2 1 0
2 5 -12 0
-16 8 9 0
-11 7 -6 0
-15 17 -7 0
7 -2 -12 0
3 2 -6 0
5 18 -8 0
4 -14 -13 0
9 15 -1 0
-4 1 11 0
-11 -15 -4 0
-1 10 -4 0
5 7 4 0
1 11 15 0
9 -4 15 0
12 -11 15 0
10 4 13 0
-12 -11 10 0
-2 -7 3 0
-11 -14 -16 0
-6 11 -9 0
18 12 16 0
6 -15 -3 0
-7 15 -12 0
-4 -9 -2 0
-11 2 -16 0
11 -16 -12 0
8 -6 4 0
3 -7 5 0
-14 -8 -15 0
-18 8 -13 0
-8 -4 -7 0
6 16 5 0
14 6 -16 0
-10 4 7 0
5 1 14 0
17 -16 13 0
15 17 7 0
-2 5 -18 0
-13 17 -15 0
-16 -6 10 0
