p 45 191
-18 -41 28 0
-35 -24 -21 0
24 35 -11 0
19 -1 -17 0
8 -34 -10 0
3 33 -4 0
36 4 23 0
-35 19 -5 0
-26 -18 -16 0
4 -38 31 0
37 -21 -28 0
14 -24 10 0
22 34 -40 0
45 9 7 0
-30 14 26 0
23 -17 20 0
9 -16 18 0
-4 10 8 0
7 43 -15 0
-38 17 -1 0
-25 -34 -14 0
-22 -34 -37 0
7 -42 36 0
-14 11 -17 0
-21 -13 -11 0
35 -2 -45 0
32 14 7 0
39 28 26 0
22 -20 -14 0
-35 -24 -37 0
-28 43 -19 0
44 -33 4 0
-38 -12 7 0
8 -6 23 0
-42 -23 -3 0
18 30 35 0
16 31 -11 0
-45 5 36 0
-39 40 26 0
-16 -38 -11 0
26 33 -44 0
-24 -41 4 0
-6 -42 1 0
4 -24 1 0
25 -15 7 0
21 -27 -15 0
-36 32 -37 0
-30 23 -32 0
25 -2 -10 0
29 16 -26 0
-34 -23 41 0
-31 -24 -42 0
3 29 19 0
36 -17 -16 0
45 -8 9 0
-40 -2 23 0
43 -1 6 0
3 -33 22 0
-8 -31 -43 0
9 3 18 0
44 -22 29 0
-17 -31 8 0
42 -22 -27 0
30 7 -45 0
38 -22 -25 0
-40 13 10 0
1 19 -20 0
19 -20 -24 0
31 33 -15 0
2 37 17 0
-26 5 -32 0
-32 34 -21 0
-7 -22 -40 0
19 18 39 0
14 4 12 0
-13 -36 -1 0
-39 10 -19 0
30 -36 -33 0
-7 -30 -44 0
27 38 43 0
-24 -3 -31 0
-35 3 -13 0
43 -24 -20 0
-27 34 -2 0
-27 40 21 0
-2 -36 -1 0
-27 18 32 0
34 44 15 0
3 -31 8 0
-41 -21 39 0
-19 24 26 0
21 -8 -4 0
-37 24 -17 0
12 -4 -6 0
-34 -17 24 0
14 -23 -40 0
-41 -14 -25 0
17 38 -43 0
-6 4 -17 0
-21 22 11 0
-5 -21 33 0
-10 19 15 0
27 30 -29 0
-28 -17 -32 0
-20 38 31 0
42 -18 4 0
-39 43 -41 0
-13 45 -27 0
-13 31 -42 0
10 -12 -21 0
40 -36 -12 0
38 13 -37 0
-7 8 44 0
2 -13 15 0
7 -1 18 0
-10 -17 -26 0
-11 -39 -12 0
19 -44 8 0
8 -44 39 0
-17 -41 14 0
8 27 -40 0
-15 5 9 0
-8 -2 31 0
-2 15 -21 0
29 40 -15 0
23 35 -20 0
-37 -23 -39 0
13 -39 33 0
-18 42 -13 0
29 5 -43 0
17 -22 40 0
16 25 -32 0
40 -5 3 0
-40 43 1 0
-25 -34 -28 0
-2 -14 42 0
-9 43 -41 0
10 -29 45 0
38 19 17 0
42 -36 -14 0
-9 28 8 0
-33 -6 -26 0
-4 31 39 0
26 -4 -18 0
3 -16 -13 0
-14 18 35 0
37 27 1 0
-20 41 19 0
-5 -17 27 0
18 38 42 0
-9 -13 -8 0
-16 -5 -23 0
-1 -31 33 0
8 30 -38 0
32 18 -31 0
-22 -43 -24 0
42 -19 -29 0
25 16 44 0
29 38 -23 0
-14 -21 -10 0
21 1 9 0
12 33 20 0
-40 -13 -14 0
-19 -17 -24 0
-6 -13 -28 0
11 40 17 0
-31 -7 -5 0
-34 31 -43 0
-42 40 34 0
18 36 -27 0
-10 -2 -45 0
-33 8 9 0
22 1 6 0
-24 30 -9 0
-44 35 -10 0
21 -22 14 0
-18 43 -31 0
18 4 11 0
-20 -15 -42 0
-6 -30 -38 0
-37 13 14 0
-4 36 -21 0
-20 -21 -29 0
13 -40 -4 0
-6 -2 21 0
-30 -44 13 0
12 -42 39 0
-3 7 15 0
17 -38 -19 0
-20 -36 5 0
5 38 16 0
