p 99 421
-89 -29 20 0
18 -97 -76 0
43 53 94 0
-22 86 -36 0
-17 -57 18 0
95 88 -99 0
-27 94 -45 0
-67 -91 -11 0
67 27 -1 0
-58 -38 26 0
99 -1 -74 0
22 1 5 0
34 -11 52 0
-90 -14 -15 0
-4 -19 37 0
43 -29 68 0
63 -57 -40 0
90 -96 84 0
24 -67 12 0
-38 -99 50 0
9 3 65 0
54 29 31 0
57 91 -90 0
-86 37 -80 0
62 42 91 0
-43 34 32 0
-58 44 15 0
77 21 23 0
4 -30 -28 0
32 51 73 0
81 -8 -41 0
-12 62 -49 0
-19 -6 -7 0
33 21 -18 0
94 -60 79 0
-57 -56 -18 0
-46 -26 -92 0
85 -6 94 0
90 25 -24 0
-96 -83 40 0
-30 47 -78 0
-17 97 -83 0
-71 -93 64 0
48 -33 41 0
-78 23 -18 0
76 -45 27 0
52 35 96 0
-42 99 -21 0
-63 42 2 0
-3 -91 -66 0
-89 98 30 0
-66 93 24 0
-39 48 74 0
-46 -71 -30 0
-87 -46 -83 0
-67 -70 -92 0
91 -20 45 0
73 99 50 0
-39 77 -14 0
-63 -53 -86 0
-57 -98 43 0
24 -89 -46 0
53 8 -36 0
22 56 -53 0
59 71 -2 0
80 91 -39 0
90 80 -19 0
-96 -93 -69 0
-58 88 97 0
-6 -85 32 0
63 58 67 0
86 -15 -45 0
74 12 83 0
21 -32 68 0
-21 62 -47 0
27 -83 49 0
-78 18 35 0
42 56 -69 0
-89 -52 -23 0
-51 -3 -62 0
-56 -84 -93 0
-96 69 -5 0
96 13 -17 0
27 50 -78 0
-85 -13 -5 0
-33 76 68 0
-31 -83 74 0
-50 -58 -25 0
-19 -38 40 0
59 10 -86 0
99 -50 -30 0
11 42 37 0
90 -63 5 0
-49 -61 -78 0
25 -66 72 0
35 4 -23 0
-80 34 -53 0
-41 82 38 0
-33 49 79 0
6 -50 -61 0
-40 -29 99 0
19 -53 -93 0
83 -88 -66 0
78 -56 54 0
88 -8 -9 0
56 86 36 0
81 19 92 0
-87 -30 -77 0
-21 -29 20 0
-9 96 -17 0
-25 70 -68 0
94 -75 -10 0
81 -49 27 0
-85 -53 -8 0
-28 -78 -91 0
-74 78 38 0
9 -30 -99 0
-74 -27 73 0
-27 -86 -85 0
87 28 95 0
35 -88 12 0
-2 -77 91 0
-68 53 90 0
47 -20 85 0
-13 -4 -20 0
29 -82 -92 0
52 -34 45 0
39 -61 51 0
47 -92 81 0
31 66 -83 0
44 4 -36 0
73 29 -11 0
7 16 -72 0
6 -10 -41 0
89 -95 23 0
4 -36 70 0
28 92 93 0
85 56 13 0
-39 -16 36 0
54 -53 10 0
-93 52 74 0
42 -21 65 0
-86 -77 -36 0
43 -63 9 0
-53 16 2 0
-84 -71 18 0
-87 69 -10 0
37 56 -6 0
92 41 -11 0
-16 -24 30 0
89 -14 9 0
6 -38 -76 0
-67 95 90 0
-34 -24 32 0
61 35 45 0
-29 17 -91 0
-79 -86 37 0
66 -44 -62 0
26 -53 -96 0
-7 -32 -40 0
97 34 54 0
-19 11 -32 0
40 -71 -5 0
44 48 28 0
-83 -39 35 0
-68 -99 -52 0
97 -59 -24 0
90 -8 -14 0
-44 95 -80 0
-32 -6 -66 0
-57 74 -20 0
17 72 -60 0
-67 -74 29 0
46 77 -17 0
-54 43 -49 0
15 46 -76 0
-41 -31 -16 0
92 -67 33 0
75 -22 -33 0
-80 -29 94 0
77 52 -26 0
-63 -34 -31 0
-41 -56 77 0
42 22 57 0
-93 -71 -28 0
52 -90 70 0
-23 84 -38 0
50 90 -36 0
96 -54 80 0
-72 -69 -27 0
-93 19 16 0
88 35 79 0
-66 -19 13 0
-61 -30 -6 0
-41 93 43 0
-26 -46 4 0
84 -7 -72 0
76 64 -96 0
55 -91 -69 0
8 75 -94 0
-5 71 -32 0
24 -42 39 0
15 -16 32 0
-25 17 -73 0
-52 -97 -49 0
-47 50 86 0
-39 10 -82 0
7 45 71 0
-35 70 96 0
15 -43 -40 0
-55 -40 -5 0
44 -7 6 0
-65 -68 38 0
-81 -74 -46 0
45 -96 -90 0
-18 23 96 0
22 -51 6 0
66 -93 -37 0
-1 49 -65 0
-3 33 -71 0
-11 2 90 0
89 96 -56 0
-3 88 9 0
-85 41 49 0
32 -62 -13 0
-95 -37 -21 0
98 -80 89 0
-93 -24 -54 0
32 66 15 0
46 30 89 0
-18 42 -87 0
3 47 80 0
29 87 3 0
-77 97 19 0
-94 30 26 0
38 81 71 0
80 -57 -14 0
-79 48 -15 0
22 81 -76 0
92 72 -62 0
-8 74 -41 0
-86 62 93 0
84 90 -65 0
-33 50 -58 0
45 -47 52 0
-38 -28 -91 0
59 -49 18 0
68 -92 -88 0
30 -58 -53 0
-40 -79 -41 0
-32 -82 97 0
94 5 -92 0
-95 29 4 0
75 -64 46 0
-3 98 -92 0
92 -52 93 0
17 83 28 0
-17 -98 -5 0
52 17 -71 0
-61 -52 12 0
-6 86 88 0
-60 -85 -81 0
91 -54 65 0
-56 50 -63 0
-34 -62 77 0
73 1 31 0
37 64 -87 0
-25 82 95 0
53 5 -81 0
-24 48 -35 0
5 55 37 0
-45 -50 -11 0
-50 19 -3 0
10 -71 -35 0
-40 -92 -71 0
-58 -44 -98 0
-38 -53 16 0
-21 53 -68 0
44 -62 80 0
-68 -96 41 0
-90 10 18 0
10 -81 -89 0
-72 -69 23 0
-40 -73 -2 0
56 -42 27 0
-62 -57 14 0
52 -20 64 0
15 63 41 0
-2 40 -1 0
95 -3 -34 0
-80 -44 -47 0
-90 80 87 0
42 -37 51 0
62 54 59 0
-58 -31 -57 0
24 15 -61 0
76 93 44 0
-17 44 -26 0
-9 -30 80 0
-18 -98 12 0
-72 -88 -12 0
58 29 2 0
18 90 -3 0
7 44 61 0
-40 45 -42 0
99 16 -3 0
-35 -71 -23 0
63 40 -49 0
-96 90 17 0
43 -80 -21 0
-1 72 -29 0
27 2 17 0
-73 -19 -8 0
64 -46 -43 0
-76 7 -91 0
31 39 25 0
8 -49 79 0
7 88 -99 0
-91 94 -31 0
-88 6 79 0
-47 68 -5 0
-41 -12 -6 0
-15 -8 84 0
43 -22 -39 0
20 59 18 0
40 -43 -80 0
43 89 -94 0
-93 -30 35 0
21 -57 39 0
47 -14 58 0
47 30 -58 0
51 -52 20 0
15 42 -30 0
-47 -33 1 0
62 70 -7 0
-9 57 60 0
-35 96 90 0
-84 17 -29 0
2 -1 -49 0
-20 -43 -6 0
-22 17 12 0
-45 82 71 0
6 37 -19 0
-34 74 22 0
87 79 -41 0
-62 24 -65 0
-8 -81 -58 0
-14 -62 -29 0
55 -83 -72 0
21 -94 -65 0
88 -85 20 0
28 53 -73 0
-67 17 35 0
41 -35 -78 0
63 69 44 0
52 -30 39 0
91 -77 25 0
-65 99 9 0
17 16 25 0
-8 32 64 0
8 -27 -42 0
73 97 78 0
35 94 -95 0
88 81 34 0
31 -10 87 0
-70 -4 45 0
68 32 93 0
90 82 -33 0
16 -2 -21 0
-66 46 55 0
43 -48 -47 0
63 83 1 0
68 8 -20 0
-35 -24 -71 0
66 -60 77 0
79 23 80 0
-5 87 61 0
98 -69 52 0
-40 1 92 0
-80 82 -33 0
14 -62 -6 0
78 29 7 0
-65 -18 12 0
-40 67 -6 0
-30 -40 -96 0
91 54 8 0
46 -96 69 0
-76 93 2 0
-28 7 19 0
53 24 -81 0
68 -78 81 0
90 -61 77 0
-36 -84 -63 0
-89 -55 -76 0
-66 -72 -13 0
-74 9 -8 0
-68 83 -99 0
-66 74 -28 0
-3 -34 -37 0
52 16 -17 0
-43 -18 7 0
18 99 -44 0
11 82 -65 0
97 -5 -8 0
-4 17 -51 0
75 66 49 0
65 59 4 0
-61 -36 21 0
-54 -15 -89 0
50 -8 16 0
-35 93 -14 0
-60 -45 -94 0
-13 48 17 0
74 12 -83 0
84 38 -48 0
66 -55 -14 0
60 5 93 0
-12 18 -80 0
71 -35 -83 0
16 -71 43 0
83 73 -16 0
