p 46 195
-4 5 29 0
-34 30 2 0
33 40 1 0
26 28 13 0
-19 11 -1 0
42 4 -13 0
-3 -41 19 0
21 -8 25 0
42 4 -20 0
34 20 -8 0
39 -12 -25 0
-16 -20 15 0
29 23 41 0
45 -4 -17 0
-31 -1 9 0
-29 25 -14 0
-41 -20 1 0
-30 34 16 0
-29 5 -18 0
-3 -31 23 0
-18 -16 7 0
-23 -22 -3 0
-24 -36 -35 0
44 -46 -37 0
-11 28 4 0
24 -30 -46 0
25 -40 -36 0
24 32 -31 0
12 26 43 0
-17 39 13 0
35 29 15 0
-30 -42 -39 0
-20 33 18 0
32 -6 -17 0
46 -16 -6 0
26 -28 25 0
1 -37 15 0
-30 -18 -11 0
-41 -4 -34 0
27 45 2 0
-5 21 23 0
-9 14 -10 0
31 -35 30 0
10 4 14 0
4 19 -6 0
-46 44 26 0
28 -23 29 0
-35 36 -43 0
44 -33 12 0
-26 -37 -18 0
18 -16 6 0
2 -43 18 0
-24 1 -4 0
-5 3 -28 0
-22 12 30 0
-20 30 6 0
-43 19 -12 0
38 -12 -42 0
35 -20 -6 0
45 -17 -10 0
15 34 5 0
-43 12 35 0
41 -15 -22 0
-18 -12 24 0
-38 16 6 0
24 22 9 0
-34 3 -22 0
45 -42 -46 0
-46 5 24 0
46 -36 32 0
18 -7 -38 0
-36 -44 24 0
28 23 14 0
43 29 5 0
35 25 -6 0
23 46 27 0
-28 -4 42 0
30 -15 14 0
-23 -11 -6 0
30 -38 -4 0
-46 43 18 0
-32 -45 -16 0
-17 -7 33 0
6 -18 36 0
8 10 -46 0
10 42 20 0
-45 -8 9 0
-28 -11 -33 0
3 27 42 0
-28 -20 26 0
-14 28 -43 0
10 35 25 0
4 -26 -40 0
2 44 42 0
-45 14 -6 0
36 -31 25 0
30 28 14 0
-9 -33 21 0
36 13 16 0
-13 1 -42 0
29 14 -44 0
14 41 -1 0
37 -12 -45 0
-25 -31 12 0
42 25 -16 0
18 34 -2 0
-16 -7 14 0
28 -35 44 0
24 -7 1 0
-42 -37 22 0
-3 6 -19 0
1 -2 26 0
33 -44 -15 0
1 25 -42 0
-31 30 -20 0
22 -43 -25 0
-11 -45 -46 0
-11 19 20 0
12 -5 41 0
12 39 7 0
-16 2 -42 0
-44 40 17 0
-31 4 -28 0
42 -27 34 0
-26 37 40 0
-20 -30 7 0
44 43 -37 0
43 38 32 0
-17 31 -37 0
20 -31 -21 0
27 -21 -26 0
10 -13 36 0
44 -19 35 0
43 46 -9 0
11 6 26 0
34 13 -9 0
12 15 -36 0
-6 32 29 0
-28 43 -30 0
36 -6 22 0
9 16 -11 0
-35 -21 -12 0
-8 -21 -45 0
21 -14 10 0
26 -43 40 0
46 -21 27 0
29 13 1 0
40 31 -33 0
22 -7 -40 0
-3 -26 -27 0
7 -9 -22 0
5 30 26 0
-15 -30 -9 0
-37 -27 12 0
-35 46 -17 0
-28 -36 33 0
-3 -10 37 0
-18 30 -36 0
-45 -37 14 0
17 -11 7 0
34 -24 -7 0
12 30 -5 0
-8 -30 2 0
44 -30 40 0
-19 -27 30 0
-6 -27 -43 0
20 -38 -45 0
34 -43 36 0
-25 -34 35 0
-13 33 -4 0
45 7 -21 0
9 45 -10 0
-14 -25 -13 0
14 -31 -21 0
-2 12 -21 0
-17 18 30 0
44 -34 31 0
19 -26 18 0
-21 35 -8 0
18 -26 -38 0
42 1 -2 0
34 -37 -32 0
16 26 4 0
35 4 -17 0
31 -14 43 0
-32 19 3 0
30 36 37 0
-10 45 -9 0
30 23 -17 0
11 40 13 0
3 19 16 0
-2 -25 37 0
9 -1 -13 0
44 31 15 0
41 5 -20 0
