p 94 400
24 37 15 0
-4 64 -34 0
57 58 93 0
-2 -92 56 0
-34 70 -53 0
-69 18 40 0
90 46 63 0
-75 -15 -5 0
-47 -17 88 0
61 7 -17 0
-38 79 -70 0
-53 -25 -18 0
88 81 -46 0
57 -24 25 0
7 49 -86 0
48 -58 -8 0
-1 94 42 0
63 24 28 0
-13 -93 72 0
-30 88 -58 0
82 -44 62 0
-65 -82 -2 0
1 29 -24 0
94 45 -18 0
-27 87 35 0
-51 -40 90 0
89 -43 -57 0
83 35 -54 0
-41 -31 49 0
-55 -78 86 0
43 70 84 0
-71 -94 -32 0
-31 53 49 0
-10 -72 -77 0
57 -1 41 0
10 4 33 0
-23 -65 -35 0
63 31 88 0
71 -58 -86 0
-7 63 -82 0
88 -56 -94 0
-69 -25 11 0
33 -22 -76 0
-56 -19 -13 0
25 92 78 0
10 -16 38 0
-52 -75 -72 0
-56 41 7 0
-54 -29 -23 0
25 -62 -9 0
35 -22 -33 0
-55 -31 -74 0
-68 73 45 0
77 93 42 0
82 84 -40 0
75 -85 72 0
-22 -44 15 0
-11 43 -26 0
-58 64 44 0
-93 85 34 0
-35 -26 -34 0
89 9 -85 0
61 -60 67 0
-30 -23 -44 0
-36 -29 -22 0
75 -69 -85 0
24 -27 40 0
4 6 58 0
47 -90 -35 0
-69 -47 -75 0
44 -64 28 0
71 -4 -72 0
-12 59 26 0
21 1 -86 0
57 1 -90 0
-44 87 -27 0
80 87 66 0
75 -41 33 0
6 -77 -7 0
64 47 31 0
-49 -85 -74 0
50 -37 -39 0
-58 -30 -15 0
5 92 13 0
-70 -79 67 0
-36 2 -93 0
73 -93 31 0
-57 46 86 0
-37 -1 -38 0
-12 48 17 0
40 -13 -61 0
-36 -40 -15 0
87 -41 -50 0
-46 -10 -13 0
83 58 -89 0
-19 72 33 0
-90 -65 -59 0
-85 10 65 0
31 -47 76 0
-14 -12 13 0
83 -76 -10 0
-43 44 8 0
15 -74 50 0
89 75 16 0
-63 -49 41 0
48 -12 -45 0
36 -69 27 0
-94 -87 -93 0
-80 65 -62 0
42 -24 -77 0
-51 72 -49 0
-81 33 -12 0
86 -47 45 0
61 -25 76 0
71 -83 -70 0
-22 -63 -16 0
-52 43 -82 0
-51 -85 -78 0
42 -1 -87 0
-74 27 -91 0
-38 -73 -81 0
-75 38 79 0
69 14 -63 0
73 -34 -64 0
25 64 7 0
33 54 -7 0
-86 -93 -15 0
38 42 88 0
-33 21 -90 0
64 -56 -85 0
-78 41 93 0
-26 -87 25 0
-71 41 -46 0
21 -38 89 0
85 76 37 0
-10 -59 46 0
-80 20 32 0
-65 50 -78 0
-45 -41 18 0
-59 38 -7 0
-55 49 -61 0
70 7 -74 0
65 -28 46 0
-35 -69 60 0
50 -41 -72 0
-62 -89 -33 0
-58 79 -43 0
55 -28 -85 0
84 10 46 0
61 -64 -74 0
-90 -2 22 0
48 34 39 0
-58 16 -85 0
-19 -43 33 0
71 15 67 0
-70 -20 -82 0
-76 -52 56 0
36 15 -88 0
75 -1 13 0
-64 -65 -72 0
54 83 -78 0
24 70 -25 0
53 49 37 0
-55 -45 33 0
-84 -4 -26 0
24 -79 -37 0
24 -58 69 0
94 -80 79 0
-43 -78 -89 0
62 -34 -46 0
-83 4 26 0
-86 -65 -53 0
63 65 -11 0
79 -45 68 0
-10 -7 -60 0
-79 71 78 0
64 -68 53 0
20 21 -88 0
-15 63 -62 0
26 62 7 0
45 44 54 0
-55 92 -82 0
72 -51 29 0
-16 -31 -90 0
-1 -36 -25 0
-74 49 42 0
23 28 72 0
80 43 -4 0
61 -42 75 0
-46 81 18 0
-76 -92 -47 0
33 -79 -38 0
33 -24 50 0
-47 -43 18 0
-60 -25 75 0
58 8 73 0
6 21 63 0
-42 78 -68 0
-27 -62 -51 0
-53 9 72 0
-38 9 -53 0
-52 -91 62 0
32 65 -94 0
-45 -30 -79 0
-34 26 -22 0
-82 84 -78 0
52 -69 44 0
57 -10 -31 0
-34 -5 3 0
-62 -6 44 0
18 23 -79 0
-42 31 -73 0
66 42 -71 0
18 39 -16 0
-56 21 -46 0
-84 13 83 0
90 63 -78 0
-40 -57 31 0
-70 -60 12 0
-72 -13 -60 0
-39 -31 57 0
-31 -12 -37 0
70 -83 48 0
-81 27 88 0
-40 23 -12 0
71 1 -93 0
-80 -64 -18 0
-34 -74 21 0
-32 -12 1 0
35 -33 10 0
-83 -9 -78 0
-50 -24 33 0
14 84 -26 0
-27 -42 85 0
6 42 -65 0
-76 77 -24 0
-31 61 -57 0
-81 -18 -15 0
-22 87 -68 0
-11 -62 19 0
-25 81 88 0
-40 -36 -83 0
-20 -36 -91 0
-34 -22 27 0
52 -91 -15 0
-21 -43 -67 0
-35 -39 70 0
21 -69 63 0
-40 -20 16 0
92 -1 44 0
-54 81 40 0
-90 29 61 0
-48 60 -19 0
-41 -78 54 0
-24 33 -38 0
-77 -6 -49 0
-74 -27 -71 0
56 -92 -85 0
75 78 -13 0
55 -45 28 0
18 52 -63 0
58 -52 81 0
41 -77 5 0
12 21 91 0
-28 37 19 0
52 46 77 0
5 43 92 0
62 -22 69 0
39 -90 -14 0
25 19 -26 0
-45 93 -3 0
82 -71 8 0
-60 -9 50 0
56 76 -7 0
-1 25 48 0
-32 54 -89 0
19 -91 -6 0
7 -30 42 0
-10 72 -64 0
67 38 -89 0
-11 89 23 0
-39 -13 -31 0
-30 64 47 0
-9 -92 -91 0
7 10 18 0
-40 -34 13 0
75 14 -78 0
18 83 45 0
23 -15 -28 0
-81 2 -92 0
24 -56 -68 0
11 -34 4 0
50 14 64 0
-81 -91 74 0
-46 -66 34 0
-20 -50 -37 0
-30 5 -54 0
20 39 84 0
-84 42 92 0
-59 -77 19 0
3 48 -20 0
-14 -49 -21 0
46 51 84 0
-16 38 74 0
-83 53 -61 0
30 -20 1 0
-36 -7 85 0
77 -82 17 0
-41 51 -1 0
13 41 -59 0
-93 19 18 0
-48 -91 1 0
-18 62 -25 0
-19 73 94 0
10 71 -88 0
-18 79 -36 0
86 -2 76 0
68 39 67 0
-35 27 29 0
1 2 88 0
-82 -51 -84 0
-23 4 88 0
-36 52 72 0
-65 34 -22 0
-59 8 -34 0
-73 77 43 0
74 -27 -59 0
-71 38 34 0
-14 -65 78 0
69 58 -66 0
58 26 3 0
-57 -17 -48 0
91 -79 90 0
58 17 93 0
-16 63 25 0
61 39 77 0
-36 31 71 0
41 -23 -28 0
-48 -8 -36 0
90 75 -58 0
-85 -73 37 0
89 64 15 0
36 19 -57 0
-17 -67 51 0
31 7 -82 0
14 -38 71 0
-1 29 -80 0
-17 11 -87 0
-63 -90 -8 0
-72 -81 52 0
2 53 -8 0
31 -88 18 0
-7 -58 32 0
-63 -52 84 0
72 -84 -55 0
-39 4 58 0
-46 -38 94 0
7 -61 -86 0
-77 69 23 0
84 -10 51 0
-55 1 -77 0
-65 38 47 0
-93 10 25 0
93 -55 88 0
-64 -91 51 0
-27 39 -16 0
-28 -37 27 0
-49 16 -89 0
43 -49 85 0
57 -88 -56 0
-64 -7 -51 0
1 -39 -92 0
24 -55 -46 0
-24 40 -23 0
-19 82 -63 0
16 11 42 0
-92 -66 89 0
23 -38 32 0
17 -45 -68 0
-13 -58 88 0
-36 -85 -7 0
93 28 86 0
86 14 -64 0
22 -61 -33 0
55 -9 -85 0
-42 66 51 0
4 83 46 0
-22 -85 65 0
86 -79 -76 0
27 -54 40 0
31 10 20 0
83 87 -66 0
-65 87 -6 0
-23 -20 -47 0
66 73 41 0
-34 45 -89 0
82 63 -79 0
59 -71 27 0
-62 -58 15 0
70 73 -91 0
