p 85 362
-8 -11 -24 0
-1 13 -35 0
-52 -76 10 0
-44 -1 -14 0
81 43 -30 0
-65 -59 -47 0
-54 37 -3 0
16 19 32 0
-41 80 79 0
-12 -72 66 0
51 85 -70 0
7 -14 -21 0
41 -73 -16 0
50 37 -66 0
-4 79 51 0
13 -68 63 0
2 -56 -75 0
-30 19 -58 0
22 60 8 0
9 -35 -30 0
13 81 -36 0
37 -22 -15 0
-18 -55 -49 0
31 14 75 0
67 -47 1 0
-69 -76 -73 0
-47 -32 79 0
-6 69 50 0
-17 -3 -43 0
36 53 54 0
-44 16 7 0
75 6 -1 0
-55 -42 -61 0
83 24 -2 0
27 73 23 0
-67 -33 -48 0
11 -61 -68 0
13 45 -19 0
11 -46 45 0
-55 82 54 0
69 -71 31 0
-30 -5 11 0
74 -21 -62 0
-85 -81 -70 0
31 36 -70 0
22 12 -76 0
-74 67 7 0
-16 37 -29 0
50 45 35 0
-13 -2 79 0
-11 -1 22 0
-78 -19 -38 0
-41 -20 4 0
-64 -56 58 0
-8 -50 41 0
-1 21 72 0
39 42 -62 0
-34 28 7 0
-82 33 52 0
-39 -31 13 0
16 43 -57 0
-5 63 20 0
7 -2 23 0
-38 -11 -18 0
-16 -52 -5 0
-53 20 -40 0
81 -25 22 0
-32 -13 62 0
-40 36 12 0
29 39 -82 0
-39 -27 -74 0
67 -12 -39 0
-57 31 -77 0
39 80 -5 0
85 -67 -55 0
84 10 4 0
57 69 22 0
-72 -61 -58 0
-54 46 71 0
4 44 82 0
-17 25 62 0
-48 68 -78 0
-51 -43 -9 0
-81 27 43 0
-65 -76 -56 0
-63 37 71 0
12 19 49 0
40 15 -84 0
-41 79 -2 0
-32 -9 -77 0
-57 72 1 0
6 -36 -45 0
-44 -70 -83 0
83 85 -60 0
-46 -36 -32 0
-1 -33 4 0
24 52 -7 0
45 20 29 0
40 70 51 0
-85 50 77 0
-8 5 56 0
84 27 54 0
30 72 -57 0
61 42 72 0
-77 42 -55 0
-44 18 4 0
-34 -35 26 0
18 25 -32 0
-20 58 16 0
46 -80 -43 0
-4 -22 -13 0
-48 -56 -60 0
3 -67 26 0
38 54 72 0
21 16 60 0
80 56 -30 0
37 -28 -82 0
-31 28 27 0
-3 53 -21 0
-84 62 34 0
83 -53 -44 0
-18 -66 29 0
48 17 8 0
-37 81 75 0
11 -85 -44 0
-64 14 43 0
-48 20 -14 0
66 82 -68 0
8 -13 -70 0
11 76 53 0
39 54 12 0
-16 50 41 0
-9 18 71 0
71 -84 19 0
13 -2 -22 0
-63 -4 -42 0
35 42 6 0
64 -53 -25 0
29 -35 60 0
9 53 -78 0
6 -62 -78 0
-56 -58 24 0
21 -1 9 0
56 -70 51 0
60 48 -58 0
62 -14 34 0
-43 47 45 0
80 -35 -72 0
85 -51 24 0
-62 -76 -25 0
42 12 72 0
46 -5 -59 0
-84 44 48 0
78 -48 71 0
-54 9 -43 0
84 70 17 0
-13 -40 25 0
-51 -65 -9 0
42 -55 81 0
-32 -76 -72 0
-50 65 -83 0
50 -10 -61 0
81 7 6 0
81 9 -10 0
-34 -58 61 0
-77 -39 25 0
-9 -15 -79 0
72 -65 43 0
11 -42 -37 0
-82 -21 31 0
-40 -30 -51 0
-26 -75 -30 0
51 57 39 0
-54 -58 30 0
-6 76 -82 0
46 81 -19 0
-72 27 76 0
83 -25 -80 0
-13 1 41 0
-62 22 -64 0
-23 10 -76 0
-5 -19 -17 0
-25 71 5 0
-25 53 -35 0
69 -27 15 0
47 -39 40 0
11 -7 68 0
-72 6 79 0
-28 81 29 0
16 -78 85 0
68 -39 -38 0
-66 -60 74 0
-21 65 -35 0
16 -45 70 0
-82 -79 -61 0
-70 51 -54 0
-15 20 31 0
80 56 -65 0
-16 44 19 0
53 -23 72 0
47 36 -59 0
-38 7 62 0
13 52 44 0
3 -32 -74 0
29 -66 81 0
-41 -24 66 0
-85 33 79 0
36 -19 -27 0
-44 18 -74 0
68 42 -56 0
16 47 -37 0
21 -4 48 0
16 -31 32 0
85 45 -57 0
22 78 -25 0
-49 -32 -70 0
51 75 20 0
-63 -37 -3 0
81 -62 -64 0
-47 -59 -68 0
2 48 10 0
35 2 -10 0
-65 67 4 0
-47 -38 -44 0
75 10 47 0
-58 70 -30 0
44 -27 -7 0
-84 22 59 0
-23 41 32 0
-50 -46 -77 0
-83 -49 -18 0
7 -59 -15 0
-39 11 29 0
29 -28 85 0
16 26 4 0
63 19 44 0
6 -34 -80 0
-57 67 -59 0
-3 -56 66 0
46 18 8 0
-70 39 54 0
-43 -18 -83 0
-1 14 5 0
63 -74 -66 0
-61 53 -66 0
37 -41 14 0
-69 62 -54 0
60 -9 -18 0
-68 61 26 0
26 74 -6 0
42 -41 66 0
73 -17 52 0
26 54 -46 0
-46 78 49 0
-51 -2 -65 0
72 78 -62 0
-14 -47 60 0
37 -15 -6 0
-5 20 11 0
-18 -79 2 0
77 -17 -18 0
35 -70 74 0
73 -49 -23 0
-72 18 -69 0
26 -65 -62 0
-17 -49 22 0
-51 -11 -19 0
-46 -32 9 0
-27 -7 -13 0
-71 -53 -39 0
44 79 -57 0
31 13 -10 0
60 -74 -49 0
35 38 -81 0
-80 -19 -65 0
46 11 28 0
23 -50 -63 0
64 44 -28 0
-16 -9 73 0
34 1 -72 0
-65 36 -34 0
-45 42 59 0
77 4 -38 0
-74 -18 -61 0
21 79 -24 0
71 17 82 0
36 38 42 0
-63 67 4 0
-5 -17 69 0
-1 84 58 0
-45 50 29 0
52 82 42 0
15 -26 28 0
2 68 50 0
47 37 78 0
58 -69 55 0
57 -71 9 0
-12 76 -56 0
-50 -40 -15 0
-24 -29 -43 0
47 21 54 0
32 -34 -19 0
-70 -47 -76 0
67 -2 -62 0
-68 -22 -42 0
-80 -13 -24 0
-66 -50 76 0
-53 68 82 0
7 -17 73 0
71 -77 10 0
-8 -58 -24 0
82 7 2 0
8 -39 -36 0
12 77 34 0
24 -44 -63 0
61 6 74 0
-59 73 21 0
59 60 -12 0
14 -28 80 0
-24 23 51 0
3 -73 -38 0
-59 17 69 0
50 -7 -59 0
-37 -52 -9 0
-21 -1 -15 0
70 28 77 0
60 -58 7 0
67 74 31 0
78 3 62 0
-44 -15 -23 0
-57 73 49 0
75 -78 72 0
38 -66 -54 0
30 -12 -65 0
-40 80 47 0
-14 -12 55 0
-19 -25 24 0
-55 -80 61 0
24 -4 -9 0
-37 28 49 0
-76 -6 8 0
62 -38 -51 0
-67 -6 -13 0
-39 -27 -14 0
75 -25 35 0
-60 30 -50 0
-27 49 82 0
79 2 -20 0
-73 82 59 0
-20 -5 -21 0
-43 40 58 0
-64 -44 -24 0
65 -27 -73 0
-80 -20 -2 0
67 -57 25 0
-26 -53 -37 0
83 -79 -65 0
-75 -50 5 0
13 -26 -37 0
-47 -83 -40 0
24 7 31 0
10 59 28 0
