p 94 400
92 22 -9 0
48 56 9 0
-87 -59 74 0
-43 71 81 0
14 28 57 0
20 86 22 0
91 -27 -31 0
-53 51 -80 0
81 -24 -50 0
10 90 32 0
48 6 -43 0
-24 49 -91 0
-17 -19 -58 0
68 -93 79 0
-51 -55 7 0
-45 80 -29 0
-83 -91 -66 0
22 32 20 0
-13 57 73 0
-46 78 -45 0
67 -5 -26 0
-77 51 -65 0
34 -78 67 0
-35 80 -40 0
-60 -18 15 0
-18 -5 66 0
12 -92 64 0
67 -63 45 0
-58 -61 67 0
47 86 -52 0
88 12 -79 0
41 -89 4 0
-35 36 24 0
12 87 -8 0
-1 51 -2 0
85 -18 -9 0
-14 -23 -73 0
46 -87 -18 0
5 85 25 0
48 44 -20 0
-51 55 74 0
-24 51 -47 0
17 28 35 0
83 7 64 0
2 10 27 0
9 -30 -6 0
26 45 15 0
-60 57 80 0
58 -75 -32 0
32 39 46 0
-23 75 82 0
37 30 79 0
-49 47 -31 0
72 -11 33 0
88 75 50 0
11 78 -43 0
-41 -90 -59 0
-67 -15 83 0
29 39 57 0
69 -73 57 0
-89 39 -64 0
-64 91 -65 0
35 93 -5 0
-28 -35 83 0
5 1 69 0
-66 -61 -22 0
37 -56 -60 0
-18 -22 41 0
17 -54 -64 0
1 92 93 0
-60 -30 20 0
-44 1 -54 0
92 -49 51 0
32 -82 73 0
-69 65 8 0
19 -84 -55 0
-53 -14 23 0
58 36 -17 0
-78 -69 21 0
-31 -80 15 0
-10 91 -72 0
-84 -35 43 0
12 59 -72 0
42 73 -57 0
9 -30 -85 0
24 -58 -49 0
-80 -36 39 0
53 86 -20 0
47 26 -55 0
-89 -41 80 0
-25 -15 20 0
-79 13 -77 0
-30 -61 -78 0
-63 -38 -23 0
45 -85 79 0
-55 40 71 0
91 49 -76 0
3 33 -55 0
-41 -89 64 0
28 92 39 0
-56 66 60 0
94 -41 1 0
28 -69 13 0
-52 4 -32 0
-21 -41 1 0
67 86 51 0
75 65 -94 0
-12 -68 -14 0
-38 -64 19 0
-25 -49 -85 0
62 -94 13 0
-30 31 55 0
-27 -28 -54 0
-76 28 45 0
5 65 54 0
30 -69 -20 0
14 17 -23 0
-20 91 -15 0
-73 71 -4 0
39 51 74 0
-12 -53 62 0
81 43 -66 0
-72 -10 -66 0
54 -59 33 0
35 34 -57 0
-13 -90 56 0
-52 -67 -64 0
38 27 -65 0
-74 -39 -83 0
18 -80 67 0
-41 47 -48 0
-55 77 -53 0
73 -60 52 0
-45 66 -48 0
-1 -55 14 0
-21 -42 62 0
22 69 49 0
89 26 -45 0
23 -22 93 0
47 40 86 0
37 -51 61 0
-60 27 53 0
-76 48 93 0
-46 -20 -49 0
-75 65 -55 0
70 -32 69 0
-30 55 -58 0
72 -21 -38 0
53 6 91 0
-59 -64 14 0
-85 -45 -17 0
19 -76 -54 0
62 -60 -11 0
80 18 75 0
-92 -60 18 0
66 -22 -83 0
68 -71 -1 0
-85 82 32 0
59 -69 48 0
41 -55 56 0
5 80 -71 0
-60 -36 23 0
-77 -83 58 0
-19 -39 54 0
-56 8 12 0
-62 -76 -51 0
88 -13 -43 0
3 -8 -22 0
48 -32 38 0
-3 52 -61 0
55 -38 16 0
11 -60 78 0
36 29 20 0
-52 3 82 0
19 -59 41 0
-65 82 14 0
-48 -32 45 0
14 51 -36 0
59 -62 32 0
-19 -72 38 0
79 39 -51 0
-67 13 -55 0
-70 -64 14 0
52 -10 -46 0
72 11 74 0
54 68 55 0
-79 -58 -63 0
3 47 -28 0
-60 -63 55 0
-79 -89 21 0
-77 -71 -22 0
-9 34 23 0
-8 84 58 0
75 19 50 0
19 -53 -69 0
-28 61 -1 0
32 94 -10 0
46 74 73 0
-1 -44 -22 0
37 -10 -25 0
28 14 39 0
-56 -25 -18 0
-51 35 -70 0
-88 -55 6 0
72 -8 79 0
71 -68 -38 0
-1 3 -59 0
-68 -65 30 0
63 -59 -1 0
53 -88 -74 0
90 -41 11 0
-55 35 -56 0
-16 -56 -65 0
-78 -66 -27 0
-83 -50 -12 0
59 25 -42 0
-7 86 -16 0
35 -12 2 0
27 48 18 0
59 13 -21 0
81 82 -59 0
-73 23 -71 0
-37 -59 -74 0
66 -53 11 0
-40 -86 -11 0
60 27 -18 0
-54 -88 38 0
56 -81 -67 0
81 69 44 0
83 -68 -11 0
12 54 -40 0
-74 -67 -82 0
43 31 92 0
-25 82 -40 0
15 -51 -71 0
87 -26 -52 0
14 -52 82 0
-67 -39 -31 0
-49 20 -8 0
-73 -13 32 0
7 31 -28 0
-19 45 86 0
47 -13 76 0
25 72 -12 0
48 -76 -70 0
89 75 28 0
86 22 67 0
-30 66 -83 0
92 18 -82 0
28 -90 37 0
-63 5 -84 0
90 -42 -70 0
-82 -53 17 0
-36 -13 10 0
67 -77 -93 0
8 -86 -19 0
-15 -83 18 0
-35 -18 -86 0
-26 8 -20 0
-26 -76 -67 0
38 -42 -83 0
-36 64 26 0
-41 72 -55 0
-43 -85 -38 0
-94 -17 88 0
-64 -44 51 0
27 -68 -34 0
19 85 91 0
-2 55 -20 0
-41 94 51 0
-74 48 -13 0
3 93 -52 0
27 -15 -51 0
-64 26 -29 0
22 -47 -30 0
-33 27 22 0
-63 -16 29 0
-16 17 -68 0
-88 -58 -82 0
19 -46 -94 0
-20 86 33 0
24 -87 -10 0
57 37 -76 0
-61 -7 4 0
-24 26 83 0
-32 43 -79 0
-78 -35 -64 0
86 45 8 0
-23 -3 2 0
-82 -23 -76 0
78 88 94 0
-79 -62 22 0
-64 35 -59 0
-31 -58 -1 0
57 4 48 0
41 -16 43 0
-2 84 -93 0
-14 58 -52 0
-50 27 16 0
-22 28 72 0
-11 -90 -82 0
87 -44 92 0
14 28 31 0
-74 83 -38 0
79 -8 67 0
-92 37 -63 0
68 70 40 0
47 72 -65 0
84 -34 -20 0
35 93 49 0
-16 81 72 0
75 50 8 0
57 85 7 0
-21 63 -6 0
64 -18 70 0
67 88 -81 0
22 58 7 0
-82 -58 -25 0
-85 -14 83 0
19 34 -61 0
-14 13 32 0
11 54 83 0
48 83 70 0
13 -27 87 0
-23 -48 44 0
71 12 -60 0
-11 -90 89 0
19 27 -82 0
41 -18 -42 0
61 -43 -57 0
-88 12 10 0
-77 -92 -62 0
-35 -36 -59 0
-6 -21 -20 0
-32 27 -67 0
4 -75 53 0
-8 -70 -60 0
48 21 35 0
30 81 -76 0
-62 -39 -85 0
-58 -12 93 0
-54 -28 -64 0
55 -10 -81 0
-74 -11 -69 0
-51 -32 10 0
-63 90 -14 0
-46 -32 69 0
-24 -83 1 0
52 4 78 0
63 6 70 0
-48 -56 -82 0
43 -10 26 0
32 37 91 0
-25 -92 -37 0
-7 -82 13 0
40 -46 86 0
-28 -18 15 0
11 72 15 0
-44 28 -84 0
-6 -70 48 0
46 76 -13 0
-18 -22 25 0
-59 24 10 0
82 -84 63 0
-71 46 -77 0
-39 -77 1 0
-59 -48 8 0
4 -64 -89 0
60 -82 -21 0
12 83 25 0
-88 77 36 0
17 -26 -32 0
-42 -56 -88 0
-38 -15 69 0
50 37 -90 0
-85 78 -19 0
34 72 62 0
64 -51 -88 0
90 -18 50 0
61 67 30 0
20 -83 3 0
-58 35 76 0
-24 81 -1 0
32 -63 -17 0
-61 73 75 0
-2 27 -4 0
-18 87 94 0
71 -19 -40 0
-35 6 1 0
-83 84 -7 0
-3 -43 -37 0
77 -25 74 0
-11 -81 48 0
-18 50 -58 0
-76 71 9 0
91 -1 16 0
-51 10 -82 0
-6 -55 -73 0
32 44 -7 0
65 80 -78 0
