p 43 183
-36 24 28 0
8 9 37 0
-21 -39 7 0
-13 11 -33 0
-38 7 -9 0
-43 36 -12 0
39 -13 4 0
-1 12 -6 0
-22 -14 -12 0
20 4 37 0
-10 35 4 0
38 -3 1 0
-16 27 -17 0
-9 16 30 0
-32 17 -42 0
12 40 25 0
-22 -41 42 0
-29 -42 22 0
32 21 43 0
-6 35 -24 0
33 -4 -3 0
-36 -3 35 0
13 21 17 0
32 27 -40 0
2 33 -24 0
6 -1 29 0
2 1 -22 0
38 23 4 0
-33 17 12 0
-3 41 -21 0
-38 18 20 0
-41 31 36 0
-8 -11 15 0
43 35 -16 0
-33 -1 -4 0
27 20 -39 0
18 25 30 0
41 16 34 0
-24 23 -10 0
-27 -39 13 0
-11 -24 28 0
35 18 5 0
37 12 2 0
35 -41 30 0
-14 -17 10 0
-4 -6 -29 0
21 -27 -35 0
17 -6 34 0
9 16 -6 0
13 -20 -39 0
-31 39 29 0
18 -31 -33 0
-5 -17 26 0
-40 37 -9 0
38 10 -2 0
12 16 32 0
-28 20 18 0
6 29 10 0
25 -15 26 0
-13 -22 -33 0
-17 11 22 0
-10 -43 -26 0
27 -26 20 0
-35 -33 7 0
-26 4 14 0
26 25 13 0
-22 -41 -39 0
-36 -28 -42 0
42 38 14 0
-3 23 -29 0
-42 -37 28 0
-37 32 -41 0
-35 13 -40 0
43 -19 39 0
22 16 -3 0
-30 -11 23 0
-20 5 10 0
4 38 17 0
4 42 -26 0
29 -26 -25 0
-17 -11 -37 0
-42 29 18 0
-39 -16 -15 0
27 -20 -34 0
33 29 26 0
20 6 -21 0
24 -41 -7 0
-28 -2 23 0
-1 -27 -21 0
33 39 -14 0
27 -36 -31 0
42 -39 -12 0
-37 21 30 0
-24 30 18 0
11 28 32 0
42 -3 -17 0
29 -21 -43 0
3 -39 27 0
-38 39 11 0
-11 -13 -33 0
-33 -38 8 0
41 42 3 0
10 38 -6 0
26 5 43 0
15 26 -11 0
-7 -38 -32 0
-2 5 -40 0
-26 7 19 0
8 -32 23 0
31 -1 5 0
27 -20 -15 0
16 -14 -24 0
29 -28 -40 0
-37 -31 -9 0
40 38 28 0
-22 -24 26 0
28 -17 -14 0
31 22 38 0
8 -41 -7 0
-40 26 37 0
-21 32 7 0
12 13 39 0
35 15 4 0
-38 -9 35 0
36 40 -11 0
25 -9 -22 0
-35 14 -13 0
-31 42 23 0
-14 9 18 0
-24 -7 21 0
2 5 -31 0
9 23 3 0
15 39 -20 0
24 6 -41 0
41 17 -10 0
23 6 3 0
-38 -1 26 0
-15 20 -23 0
2 43 41 0
-30 37 20 0
-28 17 -37 0
-37 -26 41 0
24 -23 -6 0
-16 14 -4 0
-36 -1 4 0
4 -16 8 0
10 -19 -1 0
19 -27 -9 0
4 -35 21 0
11 -21 -34 0
8 -13 41 0
24 -8 -21 0
-27 28 -39 0
-5 36 3 0
-11 26 -2 0
-28 33 -27 0
-18 -13 -41 0
-40 -33 39 0
14 1 -38 0
35 -27 13 0
40 -24 -43 0
-18 -1 -13 0
-43 -36 22 0
-5 -7 16 0
-8 -26 38 0
-14 -15 -33 0
-29 19 -11 0
32 -2 27 0
33 25 12 0
-43 17 19 0
-42 35 27 0
14 26 -31 0
24 25 -31 0
7 -31 34 0
26 -35 11 0
15 2 21 0
18 -10 29 0
-35 24 -27 0
-22 -27 -36 0
-13 -32 -3 0
-14 -4 -18 0
-21 29 32 0
36 -1 21 0
