p 48 204
-29 12 47 0
26 1 -7 0
48 -38 -30 0
-40 26 28 0
-42 -21 -13 0
17 19 -36 0
45 8 -27 0
-3 7 9 0
6 14 -22 0
-19 25 39 0
25 -5 -3 0
20 -22 -16 0
31 43 27 0
44 35 32 0
29 -8 -41 0
-33 -23 34 0
8 -26 -38 0
24 26 -17 0
-4 -9 14 0
-31 -47 -3 0
-45 24 -9 0
-16 -23 -25 0
-39 2 -21 0
-9 -37 40 0
37 2 -26 0
37 18 -28 0
22 -16 20 0
4 37 -31 0
-29 -10 40 0
-27 15 11 0
40 -13 -37 0
-33 -13 -2 0
36 -39 21 0
-48 -7 14 0
-41 13 10 0
-11 -33 20 0
13 6 -9 0
45 -28 1 0
-46 -34 -29 0
2 -8 10 0
2 14 -30 0
-41 -19 35 0
48 -6 -17 0
7 -39 44 0
-37 -18 7 0
-11 -20 -27 0
-37 -29 -42 0
-35 33 -31 0
-32 1 46 0
7 8 -25 0
-44 -25 -27 0
14 6 5 0
-13 -4 34 0
28 24 -3 0
-47 41 -19 0
-21 -10 47 0
-13 36 6 0
24 -28 -46 0
-42 -26 -39 0
1 -32 23 0
42 23 -24 0
-7 -19 18 0
-37 -38 25 0
23 13 -47 0
-9 -48 47 0
30 -38 41 0
38 -7 45 0
-12 -14 -3 0
7 41 -40 0
26 -38 -19 0
13 24 26 0
-31 39 -41 0
3 42 -29 0
-20 42 -36 0
26 32 -39 0
-39 -13 43 0
39 26 -16 0
5 36 11 0
1 43 28 0
-18 27 -44 0
10 17 -2 0
4 12 -35 0
-38 -40 -43 0
-11 -12 6 0
-21 44 41 0
-24 9 -28 0
34 17 15 0
29 8 35 0
11 -5 -48 0
-46 -11 40 0
29 3 -45 0
33 -25 43 0
38 -14 -25 0
12 -39 -24 0
-13 8 7 0
3 27 -19 0
-48 -16 22 0
13 35 -25 0
-6 46 8 0
-13 12 -21 0
-34 -5 37 0
9 44 42 0
5 -36 -27 0
40 46 -7 0
22 11 19 0
-28 26 -33 0
34 -5 37 0
-47 -21 34 0
-26 18 -1 0
40 -22 12 0
-33 -2 29 0
-35 -12 13 0
34 38 -36 0
-36 -18 -6 0
-46 -17 2 0
-30 45 29 0
32 40 25 0
-34 -32 -38 0
43 -45 -2 0
-1 -40 -17 0
1 -4 15 0
28 14 -18 0
-46 48 3 0
-24 36 19 0
4 -9 42 0
-22 16 -38 0
34 -8 -38 0
-45 22 11 0
6 37 8 0
-19 -9 -2 0
-40 -21 -28 0
16 -20 48 0
24 -13 -45 0
-8 -11 -18 0
22 -7 32 0
-42 19 17 0
-22 35 -48 0
-28 -20 -6 0
-30 -22 -19 0
45 -37 -11 0
-27 30 -14 0
-23 15 -10 0
2 3 -10 0
-2 27 39 0
33 8 -28 0
-13 -11 26 0
-7 12 14 0
-3 27 -22 0
-4 1 26 0
33 13 3 0
-31 -24 -21 0
-3 -19 24 0
7 -10 29 0
-21 -38 -44 0
7 4 -48 0
11 -40 -3 0
6 -38 -7 0
-17 -25 44 0
-5 48 -37 0
17 5 -42 0
-22 23 -36 0
16 14 23 0
-2 7 -35 0
-2 -13 10 0
6 10 20 0
44 39 -14 0
14 15 45 0
-42 8 -5 0
-14 35 16 0
2 5 -3 0
20 -5 -24 0
38 4 -7 0
-30 23 43 0
-7 34 42 0
10 -15 43 0
18 -41 47 0
-16 -10 -43 0
-40 44 -37 0
5 2 -30 0
1 -31 2 0
-24 -10 43 0
-12 -7 -22 0
22 -32 -37 0
46 -24 -41 0
-2 -3 -43 0
38 -44 14 0
18 39 19 0
-2 42 -45 0
-19 18 -31 0
-4 -28 -1 0
-44 7 -43 0
-15 -18 -14 0
-4 -37 45 0
-11 -20 37 0
-20 -32 26 0
25 -28 -12 0
33 47 -15 0
15 -44 -33 0
-15 14 10 0
42 -44 25 0
-30 -10 -42 0
-10 -35 -11 0
-38 -33 -2 0
-44 31 -37 0
