p 52 221
17 28 -48 0
46 -41 -2 0
-34 -14 26 0
41 33 -22 0
-17 14 -21 0
41 4 20 0
-29 -8 -34 0
19 30 -15 0
-29 8 36 0
12 14 10 0
-1 9 11 0
-7 -29 51 0
-13 4 49 0
-30 2 16 0
9 19 -8 0
47 3 -22 0
48 -16 38 0
48 2 22 0
-1 -32 42 0
51 -24 -20 0
-8 -31 -7 0
-8 4 25 0
-15 13 -36 0
36 6 41 0
-25 -1 36 0
-17 16 42 0
41 14 -19 0
20 -42 45 0
43 -16 46 0
14 10 36 0
-11 -51 4 0
49 -37 -34 0
16 -34 22 0
2 22 -29 0
17 -39 8 0
38 35 51 0
-38 44 -16 0
2 -8 13 0
-28 18 46 0
19 46 -13 0
38 -43 -11 0
22 -42 -23 0
43 51 -38 0
-16 -18 -45 0
-20 -50 -14 0
-22 -10 -5 0
29 -49 -41 0
-18 -38 -25 0
-29 -17 -44 0
-42 -52 11 0
-20 -37 -13 0
3 -33 -13 0
17 -12 -4 0
47 -39 41 0
-49 41 -6 0
-30 39 -43 0
-14 32 27 0
42 7 5 0
37 -29 16 0
-42 -35 -45 0
-9 20 -7 0
-27 5 26 0
34 -24 17 0
32 -8 17 0
14 -21 4 0
8 -21 -2 0
43 -3 -16 0
-7 41 -30 0
-41 13 -31 0
-31 -36 3 0
12 -5 10 0
-12 42 -39 0
-34 -31 -16 0
37 -45 -46 0
-1 41 -6 0
-8 48 -37 0
-47 19 -16 0
19 12 18 0
-43 -36 47 0
-17 -10 -41 0
13 32 44 0
20 -36 11 0
40 -10 -16 0
-7 38 40 0
20 12 -29 0
8 43 -23 0
23 -28 41 0
6 -10 -51 0
-24 6 -41 0
19 34 3 0
-23 48 -24 0
5 -36 -12 0
18 -38 -50 0
18 24 -40 0
47 -24 45 0
-46 -22 -4 0
27 -23 3 0
19 35 -15 0
8 20 17 0
-19 -2 -31 0
-39 12 -38 0
-46 -30 5 0
-10 25 30 0
-28 42 -22 0
-19 15 9 0
3 -39 -14 0
25 -24 39 0
-35 33 46 0
-23 -29 -36 0
14 30 46 0
-3 -16 21 0
49 -21 -32 0
49 44 -26 0
26 -45 3 0
-39 -24 -3 0
-27 -15 -13 0
14 -32 18 0
29 -28 17 0
-40 23 45 0
30 -27 -18 0
24 23 36 0
-3 11 -22 0
38 -39 31 0
32 6 -27 0
22 47 34 0
-6 -20 -39 0
24 49 -11 0
-45 7 14 0
-52 22 23 0
-29 -24 -32 0
46 -47 29 0
48 -41 -50 0
-16 -41 -12 0
-25 42 -48 0
34 -51 -26 0
33 38 -17 0
31 -39 -33 0
-48 7 -4 0
-24 -22 33 0
-9 10 47 0
-39 -25 -1 0
-13 46 -3 0
6 33 5 0
49 1 47 0
14 28 -23 0
13 32 46 0
3 36 -44 0
-10 -39 -20 0
11 -22 43 0
-52 18 1 0
-27 -34 10 0
-1 4 46 0
22 -39 35 0
40 49 -12 0
31 -25 -32 0
-43 6 33 0
-45 52 30 0
52 12 -30 0
-25 -46 -33 0
30 17 -4 0
-39 -22 25 0
-6 -40 20 0
-51 -12 -35 0
41 12 20 0
37 -51 -27 0
30 52 -49 0
-25 -20 -7 0
-44 24 6 0
-49 17 -11 0
8 -13 -22 0
47 15 -44 0
21 -9 -1 0
15 -23 -39 0
38 -40 37 0
-25 -4 -11 0
7 49 14 0
-48 50 26 0
4 3 1 0
25 -42 33 0
-50 13 -15 0
-2 -7 -36 0
42 -47 33 0
9 47 -36 0
-17 45 -6 0
-25 41 -11 0
-27 2 -31 0
-50 -31 -1 0
-20 13 -26 0
27 4 -32 0
-46 27 -1 0
10 46 37 0
-6 17 -42 0
-8 -33 2 0
29 49 35 0
25 -28 -16 0
-18 21 -29 0
39 -27 -45 0
12 29 38 0
30 4 -8 0
34 -18 -12 0
-14 -32 -12 0
2 19 -47 0
-46 -28 -48 0
30 17 -24 0
22 -18 1 0
34 21 13 0
-46 52 12 0
-43 -10 -20 0
-17 38 -22 0
-49 17 -10 0
48 -15 -4 0
-21 30 -8 0
18 -12 -36 0
40 36 -10 0
-21 -28 -32 0
-25 -16 39 0
29 6 -42 0
52 48 -24 0
2 44 -16 0
-52 48 23 0
6 9 3 0
