p 44 187
23 9 28 0
44 -5 -15 0
-20 16 -30 0
-42 11 -21 0
17 -14 -22 0
-36 -11 -7 0
-3 -9 -30 0
-22 25 -11 0
-40 -24 -26 0
-19 -31 30 0
41 27 38 0
-40 -37 31 0
11 43 -41 0
18 12 -17 0
24 22 -25 0
-12 1 25 0
-17 -37 -30 0
-6 -3 -33 0
27 14 -11 0
-44 29 -20 0
-31 38 26 0
-32 -9 44 0
5 -42 -43 0
5 1 28 0
37 -17 7 0
10 -6 24 0
34 23 -43 0
-32 -38 9 0
-15 41 43 0
16 39 31 0
2 17 -31 0
-32 7 -27 0
-1 36 30 0
-36 -31 21 0
6 5 3 0
-29 -42 -30 0
39 -9 19 0
44 -5 -28 0
17 38 42 0
-35 -23 -17 0
30 31 -39 0
-16 13 15 0
18 -5 -14 0
8 13 -11 0
22 -40 16 0
15 -36 25 0
28 -34 22 0
6 24 27 0
-6 -41 28 0
31 20 -41 0
-24 -11 -27 0
17 -31 -18 0
-28 -2 3 0
-2 38 27 0
-9 39 4 0
11 -32 -27 0
4 -27 -44 0
14 -21 -18 0
15 40 36 0
-41 36 -26 0
-29 44 30 0
20 -21 -31 0
-24 23 -19 0
42 32 -10 0
35 2 17 0
38 -17 -28 0
-12 -3 -38 0
-30 -21 -35 0
-8 7 20 0
-29 26 28 0
27 -20 -19 0
-29 -35 -39 0
24 2 42 0
29 -37 -14 0
36 -12 -7 0
-42 -37 10 0
-11 -10 -40 0
6 -39 30 0
-4 28 1 0
4 -23 2 0
26 -40 21 0
-39 -11 -1 0
8 -31 -17 0
14 -7 -28 0
27 22 -24 0
-44 34 23 0
-34 5 23 0
27 -36 -37 0
-23 -7 -9 0
-37 8 -9 0
-34 -4 38 0
35 -42 43 0
-12 39 11 0
-26 -36 14 0
22 15 31 0
33 44 -28 0
-10 -38 -4 0
24 28 -35 0
35 -19 -10 0
-30 27 21 0
28 8 -23 0
-15 -23 41 0
11 16 -24 0
15 -29 -40 0
39 -14 22 0
-4 -31 -2 0
-36 6 -16 0
4 -9 -17 0
14 38 -5 0
-35 -2 24 0
-3 -8 33 0
27 -40 18 0
-30 -19 27 0
15 -7 -28 0
11 -37 40 0
-44 -11 -31 0
-38 21 -20 0
21 28 -11 0
14 -27 -9 0
-29 -31 -11 0
14 5 44 0
-14 -39 32 0
-5 21 30 0
20 38 -14 0
3 -26 -11 0
36 14 4 0
-14 7 -24 0
20 -32 38 0
-20 -21 -37 0
-12 -18 28 0
29 10 -36 0
25 -28 37 0
13 30 -2 0
-6 42 9 0
32 5 43 0
7 42 -29 0
-25 -12 17 0
-9 33 13 0
18 37 31 0
-12 -42 15 0
-35 38 14 0
-22 -8 30 0
40 4 9 0
-31 38 2 0
-39 4 21 0
-11 14 7 0
-12 -8 -31 0
40 -26 -21 0
18 31 -41 0
-32 -23 -22 0
-30 3 15 0
12 38 -5 0
31 28 -41 0
36 -34 1 0
40 21 -16 0
-10 30 21 0
-17 -1 36 0
-25 11 -7 0
-20 5 -44 0
41 3 5 0
11 -25 16 0
-9 -4 -39 0
28 -22 -34 0
19 -27 4 0
-5 -40 -9 0
-14 -32 -11 0
-2 -15 21 0
-7 31 38 0
-29 35 26 0
-31 -13 17 0
-26 9 -22 0
-18 15 32 0
-43 -16 36 0
-23 -41 12 0
-29 -24 35 0
29 -33 43 0
25 44 10 0
22 6 -40 0
-40 22 21 0
35 9 -17 0
40 -15 9 0
32 19 -21 0
-13 -20 26 0
-8 -17 -9 0
39 41 -14 0
-7 -13 -26 0
-18 -16 -41 0
