p 31 132
21 9 31 0
11 19 1 0
-17 20 -29 0
9 -8 -13 0
-10 4 17 0
-6 14 -21 0
8 22 -11 0
-22 -21 18 0
-20 17 -22 0
7 -2 13 0
-6 -3 7 0
5 27 18 0
-12 -17 16 0
-31 22 -26 0
-21 27 28 0
-6 3 -13 0
22 16 25 0
-5 -27 6 0
-18 -2 -25 0
13 22 17 0
1 -3 30 0
5 17 4 0
22 -6 19 0
-17 3 14 0
-17 29 -5 0
12 20 -30 0
6 -3 24 0
4 29 23 0
-29 27 12 0
-10 -4 -14 0
-11 -25 -4 0
-9 27 -11 0
4 -14 -24 0
-25 2 -26 0
-4 28 -3 0
31 1 -28 0
20 24 27 0
-4 -25 16 0
26 13 16 0
17 -26 -31 0
11 -28 13 0
-27 4 25 0
-15 -9 -30 0
16 -11 -8 0
-8 -14 -15 0
20 9 17 0
-29 -11 28 0
8 24 26 0
-2 -14 27 0
-20 8 17 0
5 10 23 0
26 -23 -4 0
4 9 15 0
-17 -19 24 0
-9 -23 -11 0
-10 26 -18 0
-22 25 29 0
-4 -27 28 0
-10 -22 -30 0
-7 -16 17 0
19 -6 -26 0
-23 14 30 0
14 19 6 0
9 23 -1 0
31 5 8 0
4 -3 -25 0
-23 -17 4 0
-16 14 -11 0
26 -2 30 0
31 28 30 0
5 6 1 0
22 -21 2 0
-15 -26 22 0
6 -10 -7 0
21 -22 -30 0
-5 25 -15 0
-30 22 18 0
11 -25 -28 0
15 25 24 0
12 17 -4 0
10 20 -4 0
12 -28 -20 0
-6 -10 -21 0
-9 -6 31 0
-28 -20 -30 0
17 10 23 0
31 -16 12 0
-5 2 20 0
-26 23 -2 0
13 -22 -3 0
26 -22 25 0
-11 8 -28 0
24 15 20 0
18 -31 7 0
-26 27 -19 0
7 -26 11 0
-11 21 -18 0
18 23 11 0
5 -7 11 0
-13 -20 2 0
-18 -12 23 0
-27 13 -15 0
-1 -10 -13 0
13 3 25 0
-26 7 -4 0
7 3 -1 0
17 24 -14 0
8 -29 5 0
12 -13 -24 0
-17 -9 3 0
22 19 -31 0
-25 10 -14 0
30 23 18 0
27 7 -22 0
9 24 8 0
-29 -22 -1 0
-12 14 10 0
-28 -16 -27 0
-18 -31 -11 0
24 17 -31 0
-16 23 13 0
-30 -26 5 0
-23 30 -27 0
18 -24 23 0
16 4 -18 0
25 10 18 0
-23 -2 12 0
-7 10 -30 0
31 -4 26 0
-29 -22 -9 0
-10 9 -18 0
23 -2 22 0
