p 86 366
-50 18 40 0
-9 -68 32 0
75 72 83 0
40 -18 -56 0
11 -86 73 0
33 21 83 0
-20 -64 76 0
-75 58 80 0
-81 -17 58 0
-58 22 30 0
17 46 65 0
-82 85 41 0
36 42 -24 0
-38 -74 41 0
28 -56 63 0
-55 73 -12 0
26 51 -47 0
-24 16 46 0
24 -47 -75 0
41 -42 70 0
-58 61 40 0
84 58 -64 0
-56 75 25 0
45 5 -4 0
-34 59 -4 0
20 75 -78 0
8 -69 4 0
20 -16 39 0
28 46 61 0
63 -64 28 0
28 -79 -20 0
22 5 -24 0
9 -15 59 0
75 45 -19 0
-72 20 67 0
-81 78 -44 0
-74 46 -79 0
81 -82 15 0
49 -22 14 0
77 13 -61 0
9 -84 -23 0
75 -16 -22 0
45 53 57 0
76 3 -83 0
-60 22 -57 0
-19 -62 -30 0
28 69 -35 0
22 41 25 0
57 37 15 0
-29 -76 -30 0
-62 -5 -7 0
-6 65 -4 0
-4 46 60 0
48 4 36 0
-66 -44 78 0
-40 -67 11 0
43 29 79 0
56 38 -10 0
76 -35 78 0
50 86 -80 0
-19 3 49 0
-2 35 84 0
-23 1 -44 0
-29 -20 -74 0
-15 61 -31 0
-19 11 -37 0
58 -86 14 0
-30 -45 -46 0
-52 27 61 0
-58 -30 39 0
49 66 -26 0
43 68 -36 0
-44 46 16 0
-32 -51 45 0
52 -53 -7 0
31 -24 -71 0
-12 -81 -19 0
-17 42 -19 0
-63 77 21 0
13 -7 54 0
-70 60 -51 0
-50 64 -2 0
-75 -30 -82 0
66 84 -38 0
40 -57 -16 0
-36 -14 -46 0
-27 30 58 0
-79 -68 -11 0
-54 67 79 0
-85 -58 -81 0
-32 -7 -76 0
11 -60 44 0
-38 -46 66 0
50 74 -24 0
60 26 61 0
44 3 -8 0
-58 77 44 0
57 -84 32 0
6 -29 -12 0
81 -69 -9 0
-11 80 -73 0
-38 81 78 0
54 -11 -17 0
59 51 -1 0
47 -14 44 0
-36 -5 -56 0
36 9 41 0
37 -16 44 0
69 66 -60 0
-41 -86 -46 0
-1 -78 55 0
-30 -38 -52 0
-45 69 -22 0
-51 26 -57 0
-11 -45 72 0
15 -63 -9 0
-52 -75 19 0
14 -56 6 0
54 -22 46 0
-82 -55 -33 0
40 6 15 0
12 11 -57 0
34 78 61 0
68 81 24 0
12 -3 48 0
-70 55 34 0
4 35 -73 0
1 -81 -74 0
-85 53 24 0
9 38 -58 0
9 13 -31 0
-62 -77 66 0
57 -42 24 0
-78 -80 6 0
-4 -64 38 0
-72 56 -59 0
36 -40 -29 0
-52 38 -28 0
-76 40 -33 0
-21 29 14 0
-75 -47 -78 0
57 71 -72 0
6 -55 46 0
-77 68 -23 0
-33 -14 -3 0
50 -67 51 0
44 60 -79 0
-14 -58 -18 0
-29 -76 -51 0
61 43 -73 0
2 -47 86 0
16 81 -34 0
48 1 63 0
62 -36 20 0
-60 17 -56 0
56 -67 -18 0
-31 -6 46 0
-70 -52 8 0
51 4 -70 0
-21 20 47 0
-19 52 67 0
61 -60 26 0
-67 -81 -51 0
67 -65 -26 0
-74 63 -61 0
-82 20 21 0
20 -80 -45 0
30 73 58 0
-81 71 -50 0
-29 -38 57 0
-26 -41 -66 0
-72 19 70 0
84 80 -18 0
76 79 39 0
-58 -19 -25 0
50 54 -21 0
71 12 -83 0
-15 82 -63 0
-55 -50 -75 0
-46 40 -67 0
77 79 -59 0
-45 1 -48 0
53 -84 10 0
-63 38 73 0
-81 37 30 0
62 86 -6 0
37 27 45 0
-80 -86 56 0
62 64 25 0
72 43 -56 0
49 -39 18 0
80 -74 20 0
58 49 37 0
-27 -78 -51 0
-26 -40 63 0
-22 59 1 0
24 -18 10 0
19 46 -32 0
11 86 71 0
26 -43 -27 0
34 53 72 0
21 67 28 0
75 -63 49 0
-36 64 54 0
-66 50 62 0
-49 39 26 0
42 73 33 0
20 -8 -32 0
-30 57 -37 0
78 61 17 0
30 70 -46 0
50 74 26 0
55 -76 -5 0
-70 61 -53 0
-9 41 52 0
22 -39 59 0
67 -47 7 0
-2 -60 53 0
-41 -56 -49 0
20 -76 -17 0
-83 -58 -6 0
-29 81 -83 0
-53 72 -64 0
67 -16 -51 0
41 66 39 0
19 -66 18 0
33 -65 26 0
-62 68 12 0
7 34 -4 0
-52 -28 3 0
38 -42 73 0
23 53 -66 0
59 36 50 0
-72 71 6 0
-70 60 -38 0
-49 59 -56 0
-23 28 8 0
-17 7 72 0
-24 75 -76 0
-57 -23 -55 0
-11 -53 -9 0
12 19 28 0
52 7 -21 0
-85 -6 -72 0
-50 58 5 0
48 -7 19 0
-85 -63 -52 0
74 -66 20 0
-22 -15 25 0
-55 -51 -7 0
-53 85 -33 0
10 -35 -86 0
-79 -59 -30 0
-43 84 23 0
33 -8 37 0
70 -17 22 0
44 -58 36 0
-66 79 40 0
-52 -53 35 0
43 -24 -82 0
-27 16 14 0
-22 49 -51 0
-12 55 86 0
32 44 38 0
73 30 -6 0
-77 -47 78 0
27 -69 54 0
68 -73 81 0
-1 20 -73 0
-43 44 -20 0
19 -83 -43 0
63 -67 -25 0
2 -23 -11 0
-55 21 -76 0
52 28 78 0
46 79 -24 0
-5 -57 66 0
23 35 76 0
-74 34 -14 0
-8 3 -60 0
-53 -68 -14 0
-63 -61 -80 0
69 23 77 0
85 -73 69 0
22 -36 76 0
-39 -23 85 0
82 22 6 0
-42 -77 -50 0
-40 20 -45 0
-85 3 48 0
-25 -51 -18 0
7 -72 -80 0
-37 62 81 0
-66 -32 51 0
-18 -83 -84 0
-22 33 8 0
84 -85 -4 0
-3 -69 39 0
50 -35 -46 0
-77 41 -58 0
-80 71 18 0
83 -21 -41 0
-13 25 -55 0
13 -49 78 0
38 51 -39 0
52 21 50 0
-31 56 22 0
-10 -76 62 0
-8 -75 -44 0
59 56 -61 0
85 45 58 0
-45 -77 84 0
82 -9 -10 0
29 -55 -22 0
-36 52 34 0
-48 -82 -27 0
56 -8 39 0
63 86 6 0
-86 74 -82 0
-68 -6 -49 0
83 -61 -11 0
-49 -52 20 0
-65 -59 4 0
46 21 30 0
43 51 -48 0
-28 17 27 0
-52 -50 -66 0
-66 -40 -71 0
-18 17 -28 0
77 -12 44 0
-50 39 81 0
-2 -56 -1 0
48 -86 32 0
-5 46 75 0
-31 -51 57 0
24 -63 4 0
65 -45 15 0
-73 17 -29 0
-33 -83 54 0
74 39 -70 0
3 18 -73 0
5 2 -51 0
-9 -48 55 0
76 -31 12 0
52 -32 10 0
75 -32 -15 0
-49 -13 -38 0
3 6 68 0
-57 -36 7 0
13 -2 41 0
7 -15 64 0
-40 38 -32 0
70 -20 -16 0
73 -78 -56 0
78 39 -21 0
8 85 -44 0
-74 8 76 0
85 31 -80 0
31 -26 18 0
-78 66 57 0
-50 -38 -82 0
32 23 7 0
18 -65 -71 0
-70 6 20 0
24 -83 -51 0
38 48 -80 0
