p 90 383
-41 -29 -61 0
-20 -55 11 0
-49 -39 -70 0
55 -38 70 0
22 8 -5 0
-42 -38 -60 0
-18 -66 22 0
-66 18 6 0
19 15 -42 0
75 4 24 0
64 28 -76 0
11 1 -19 0
-12 88 -30 0
-32 14 -72 0
-80 86 -8 0
82 -16 29 0
-27 45 40 0
5 -88 34 0
81 30 -27 0
88 66 45 0
87 -35 -5 0
-35 53 6 0
-80 -77 -33 0
6 -70 -89 0
87 -35 60 0
-27 26 80 0
-89 64 -61 0
-7 -45 66 0
87 49 -85 0
-50 -44 -54 0
10 55 30 0
33 -26 -35 0
-50 -70 -9 0
40 -54 1 0
-74 63 60 0
-74 45 82 0
20 77 29 0
-3 -57 -30 0
50 64 80 0
1 -32 -20 0
29 19 -86 0
46 2 33 0
74 -59 -42 0
-38 3 80 0
39 -9 58 0
-83 -31 80 0
17 87 28 0
-84 59 3 0
-8 -75 67 0
77 60 15 0
32 -81 48 0
23 19 67 0
89 -10 -40 0
26 -80 -10 0
-20 16 85 0
-46 -27 67 0
64 -18 -51 0
62 -15 -26 0
83 62 -89 0
-85 -35 -83 0
-59 -83 -87 0
-23 64 -43 0
-11 46 -49 0
15 -68 22 0
-84 14 60 0
-30 16 19 0
-44 71 2 0
6 16 -41 0
14 88 -72 0
-90 -73 87 0
60 11 -34 0
35 -66 37 0
-46 -87 22 0
-88 -86 16 0
-33 -76 35 0
59 -46 -53 0
-57 -80 -31 0
-60 89 -81 0
4 -70 20 0
-87 13 -88 0
87 41 62 0
7 77 -75 0
-59 -78 -2 0
-28 -51 -18 0
-30 -89 -6 0
39 47 -50 0
10 86 -24 0
-5 -43 40 0
-25 -62 84 0
-47 87 62 0
-46 -75 -82 0
-53 -63 11 0
-10 23 -72 0
-41 -3 65 0
75 76 -2 0
-5 55 -66 0
-88 -41 -42 0
-74 63 58 0
-35 80 -55 0
70 -88 -77 0
71 29 -33 0
-50 68 22 0
-31 65 -73 0
-7 53 -71 0
60 89 85 0
-78 -8 27 0
-48 70 -32 0
19 -59 43 0
55 44 -60 0
-89 36 -72 0
85 -17 -49 0
-28 1 -15 0
18 67 20 0
54 -45 -58 0
48 56 -66 0
53 18 -2 0
-1 -33 27 0
32 -77 56 0
-37 -77 6 0
76 38 61 0
16 47 73 0
54 -29 67 0
-10 47 -72 0
31 10 63 0
-59 -4 26 0
-14 9 -62 0
-84 36 2 0
-61 77 -20 0
90 33 30 0
74 70 80 0
10 31 24 0
-19 -53 26 0
-23 -74 48 0
-11 85 17 0
-71 -70 49 0
-4 41 83 0
77 36 51 0
-22 57 27 0
-21 -16 47 0
37 -3 -42 0
32 -64 81 0
76 12 -40 0
-25 40 43 0
-34 -36 75 0
-58 9 -67 0
-20 -58 -15 0
39 -11 -32 0
-6 43 58 0
22 -68 -81 0
-83 53 2 0
-56 -81 70 0
-54 -69 11 0
-15 69 -1 0
18 11 -32 0
84 -37 44 0
85 53 -74 0
75 -21 19 0
1 -48 -79 0
-33 48 30 0
-63 12 -51 0
14 63 45 0
11 25 79 0
-44 58 25 0
-20 -47 -90 0
9 -90 -25 0
61 -36 -9 0
76 11 -32 0
37 24 6 0
5 30 -85 0
40 89 -68 0
75 -25 73 0
86 16 -60 0
1 -87 64 0
-22 -34 -38 0
-88 12 -11 0
43 -66 56 0
33 11 -90 0
46 72 65 0
-47 -75 -61 0
74 51 40 0
90 34 -67 0
-81 73 -7 0
60 14 -23 0
-22 -87 -14 0
-32 -30 42 0
-64 73 76 0
51 81 6 0
-24 74 -66 0
18 -27 -26 0
22 36 83 0
6 -3 -30 0
-64 7 72 0
36 41 11 0
-82 -63 -22 0
44 -46 57 0
73 -41 -88 0
-43 3 85 0
37 14 60 0
-37 80 -68 0
-43 11 67 0
61 -27 54 0
5 34 44 0
17 -66 89 0
77 24 -89 0
-5 58 43 0
56 9 11 0
66 30 -67 0
-81 -77 -20 0
73 -29 46 0
9 -65 27 0
19 39 -76 0
27 45 64 0
23 -7 -29 0
-10 70 -51 0
-31 -15 -11 0
60 -31 68 0
-25 -10 -18 0
88 78 70 0
17 11 -25 0
75 -44 80 0
-80 67 -23 0
34 -24 -74 0
-65 20 -48 0
27 35 -43 0
39 -13 -5 0
36 -54 -67 0
32 -11 87 0
49 2 20 0
-6 78 25 0
56 23 82 0
-71 -18 88 0
84 57 48 0
-21 52 26 0
11 -56 68 0
-78 37 81 0
5 35 -45 0
-69 9 -59 0
-3 6 -66 0
-73 4 -45 0
71 27 -56 0
1 63 28 0
84 37 29 0
10 -23 44 0
-26 36 -50 0
-40 -1 44 0
-63 59 -60 0
21 -57 -30 0
20 51 28 0
-88 -7 50 0
-13 30 56 0
88 37 -49 0
87 41 -65 0
86 52 35 0
71 3 5 0
-12 25 -68 0
38 70 -42 0
-76 -4 -27 0
49 -52 -37 0
51 -64 31 0
68 87 -88 0
38 -43 -66 0
76 -87 23 0
86 8 -69 0
-28 73 -6 0
-48 3 -74 0
-60 -16 13 0
-6 -44 45 0
18 12 -3 0
89 -53 40 0
61 74 -19 0
25 35 -21 0
-43 -74 -29 0
-89 7 -33 0
17 9 -53 0
6 88 20 0
80 -4 85 0
88 -59 55 0
33 56 20 0
-16 -11 -14 0
-63 -89 -52 0
61 -89 -12 0
-22 66 85 0
-51 -43 -83 0
-72 68 -28 0
-77 -64 -49 0
41 -7 35 0
-72 -55 30 0
55 -17 -25 0
38 -25 -3 0
-58 22 25 0
-75 37 56 0
88 34 -38 0
-17 -59 -83 0
-75 -15 40 0
57 12 65 0
-24 -23 43 0
30 4 -20 0
14 30 -32 0
-74 -4 -43 0
-73 -74 -68 0
-32 -48 71 0
11 69 72 0
-84 3 87 0
29 30 -3 0
-7 -47 43 0
65 -38 83 0
-44 56 30 0
-29 -62 -28 0
-43 10 -78 0
-23 -35 -8 0
19 -22 -30 0
44 -48 -15 0
-75 61 -19 0
43 -33 49 0
66 54 -60 0
-36 48 -62 0
-78 53 70 0
-6 -40 -30 0
38 -16 -46 0
23 -50 -40 0
-40 -75 42 0
-66 42 -78 0
12 -25 -83 0
77 -61 -15 0
13 81 25 0
-69 -31 -74 0
50 16 -59 0
19 3 -48 0
4 -32 87 0
70 13 47 0
-68 90 61 0
-37 27 35 0
-30 -3 -4 0
-82 56 16 0
80 -84 -21 0
-23 39 -43 0
3 10 -87 0
57 -37 41 0
87 85 -62 0
-67 -58 82 0
-46 29 -71 0
-82 88 73 0
68 85 -56 0
80 3 60 0
31 -15 -3 0
23 68 -53 0
-87 -2 30 0
-19 62 -37 0
52 -26 83 0
-79 -61 -7 0
-30 43 -21 0
-18 12 15 0
-13 -86 -83 0
49 56 -30 0
41 -39 -30 0
-53 -3 32 0
-43 -62 3 0
-28 -17 22 0
3 67 38 0
80 4 45 0
-78 72 70 0
-70 62 -58 0
-47 5 60 0
38 -76 16 0
86 -8 44 0
-3 -1 -68 0
-21 -55 -88 0
-53 -31 62 0
46 -12 71 0
-2 32 11 0
-32 6 -12 0
-33 -55 72 0
-18 59 73 0
80 61 -28 0
-75 -11 35 0
66 -50 80 0
73 4 14 0
72 -74 -44 0
4 70 -23 0
89 20 -67 0
44 55 68 0
-66 71 2 0
6 -4 40 0
