p 52 221
-46 -7 27 0
-36 13 12 0
47 -29 -34 0
-33 16 -1 0
36 -8 46 0
38 -42 -36 0
-21 28 -23 0
19 -16 50 0
15 32 52 0
44 -15 33 0
-37 -25 17 0
-25 -3 -48 0
20 -49 -10 0
41 -35 33 0
-18 31 -13 0
48 -20 7 0
45 20 -49 0
28 23 29 0
15 -32 35 0
24 28 46 0
-47 52 -44 0
-42 -51 31 0
-30 -49 -23 0
50 -2 3 0
4 48 -37 0
-1 -4 -49 0
8 -19 -26 0
21 42 9 0
-14 -6 49 0
26 51 -42 0
5 4 11 0
-18 -30 -47 0
-2 46 36 0
48 -19 -32 0
-39 -18 37 0
51 -25 49 0
23 -14 1 0
3 31 -6 0
15 25 -17 0
43 4 -31 0
-24 9 -34 0
-1 6 44 0
-18 41 -9 0
-13 29 21 0
48 -30 -50 0
-34 -19 -11 0
-42 -5 -49 0
41 28 -52 0
-49 -14 46 0
47 17 37 0
-43 16 19 0
-3 -10 -31 0
1 43 20 0
52 -6 47 0
-44 -25 -52 0
19 20 -11 0
11 51 48 0
-42 -52 31 0
38 13 10 0
-29 -25 -24 0
-47 29 -37 0
41 15 -22 0
36 -10 29 0
13 24 1 0
9 -16 52 0
-3 6 44 0
-42 12 26 0
39 1 -29 0
20 5 30 0
-28 9 3 0
42 15 27 0
47 -14 40 0
-45 23 -25 0
-35 -43 33 0
-27 16 -21 0
46 -6 7 0
17 12 11 0
-5 -6 -22 0
-6 -7 36 0
24 -52 -32 0
-15 -22 -43 0
-47 -35 2 0
-25 -19 26 0
4 35 45 0
-21 -26 -24 0
-13 -40 -2 0
-48 7 -16 0
-10 -9 39 0
47 -21 31 0
18 45 -40 0
-42 35 -37 0
15 44 21 0
-33 6 -17 0
49 40 -25 0
-29 8 -32 0
-21 -46 -52 0
-23 -9 45 0
-15 6 21 0
-43 51 37 0
-41 -32 28 0
-38 -34 -6 0
17 16 49 0
41 35 -21 0
34 -10 -16 0
-13 31 -20 0
-27 33 -3 0
-35 -37 -16 0
-39 -7 17 0
-17 -35 -34 0
-32 -45 -25 0
14 -11 -1 0
19 -1 -11 0
14 -47 -22 0
-12 -40 15 0
30 35 7 0
-16 47 8 0
-3 5 45 0
-31 -13 -43 0
10 -32 -33 0
-39 13 -29 0
-50 -15 -52 0
-23 -19 7 0
38 21 31 0
-12 1 20 0
-44 28 1 0
4 -49 13 0
-20 39 9 0
-18 -32 -9 0
39 -17 -21 0
-3 -48 -7 0
20 25 32 0
-39 49 -7 0
-14 -3 -47 0
-35 -18 9 0
-52 -35 14 0
-51 -38 -45 0
-39 -20 38 0
3 -40 43 0
43 -4 15 0
-22 45 -15 0
-44 7 -5 0
-21 13 -33 0
31 -21 15 0
-10 -51 24 0
-11 -13 48 0
-25 3 -19 0
34 40 9 0
19 -22 26 0
-30 50 13 0
45 47 12 0
-5 -30 35 0
19 50 3 0
-23 9 2 0
-14 -31 48 0
-10 -20 49 0
43 25 -36 0
40 25 -15 0
-40 -35 29 0
-46 -35 30 0
14 -11 -4 0
33 -3 36 0
22 -42 -39 0
12 25 -22 0
5 -27 36 0
23 -16 -40 0
-15 -7 36 0
1 17 -35 0
-19 21 -40 0
6 3 29 0
25 -1 2 0
-36 37 -8 0
32 -2 46 0
-25 -14 47 0
-7 32 -46 0
43 -37 -44 0
-14 -48 5 0
-19 -23 -49 0
47 29 -14 0
-30 44 18 0
43 31 -34 0
42 -33 -13 0
20 -32 -22 0
-24 -16 -38 0
21 9 -32 0
-39 34 -25 0
14 -5 40 0
-19 41 45 0
-50 -18 21 0
-42 -11 -2 0
-12 -29 -41 0
21 24 -50 0
-33 37 40 0
33 -38 47 0
12 28 -52 0
-38 -43 32 0
7 36 -45 0
14 -27 21 0
22 -47 -17 0
-52 -2 -31 0
12 -49 29 0
-42 31 29 0
-3 -9 48 0
-27 -21 1 0
36 28 37 0
-23 -22 8 0
14 18 43 0
-8 32 10 0
-46 -32 -17 0
-38 -21 15 0
-1 50 16 0
-7 -3 27 0
7 14 46 0
52 37 -35 0
-29 -8 -11 0
28 -4 -23 0
35 5 36 0
-50 -47 32 0
-32 5 -4 0
16 17 7 0
24 -19 1 0
-33 26 -39 0
