p 99 421
26 98 75 0
60 17 79 0
98 -7 46 0
7 -11 52 0
81 -15 7 0
41 94 -7 0
30 57 77 0
-1 -10 60 0
43 40 3 0
-76 -24 33 0
37 67 -46 0
91 98 -43 0
55 31 -64 0
90 34 -29 0
45 -62 66 0
41 -83 -42 0
-91 89 67 0
71 9 36 0
-13 29 93 0
-27 -21 68 0
3 -9 56 0
-81 -50 16 0
95 90 37 0
-21 74 31 0
41 68 -61 0
-54 -3 8 0
-96 15 47 0
28 -3 -34 0
-44 71 -76 0
88 -21 86 0
-20 71 81 0
43 30 -37 0
18 -74 14 0
-13 -30 -22 0
-86 -83 -20 0
-61 -9 -42 0
-82 -41 6 0
31 45 -43 0
90 93 -77 0
25 94 -57 0
-77 85 28 0
-32 -98 -70 0
-48 35 47 0
5 57 -20 0
-3 -85 -24 0
-24 61 -52 0
54 55 29 0
25 -79 75 0
-3 -53 75 0
45 -24 -74 0
34 -2 37 0
-55 34 -93 0
-74 33 -35 0
-81 58 -26 0
60 1 -53 0
14 27 -99 0
-48 -59 19 0
-76 -62 -39 0
-24 64 -55 0
98 9 -70 0
-34 4 -24 0
77 -9 -17 0
71 46 -39 0
31 63 -62 0
11 93 -72 0
-27 -59 18 0
43 72 97 0
62 -84 12 0
-57 16 26 0
53 -16 85 0
59 14 54 0
-32 -11 41 0
56 -75 77 0
52 4 69 0
3 74 28 0
63 -10 43 0
78 -37 -82 0
-83 73 48 0
-43 34 75 0
-88 -87 67 0
92 -74 48 0
-57 -74 -1 0
43 -69 33 0
87 54 -33 0
26 77 19 0
-86 67 -41 0
38 -48 68 0
-44 48 3 0
-97 34 41 0
16 14 -50 0
39 72 15 0
-14 71 -1 0
66 86 83 0
3 70 71 0
71 -79 -95 0
64 59 15 0
-95 58 -84 0
83 -26 61 0
76 -11 6 0
51 10 -76 0
83 43 -47 0
78 46 -98 0
-61 -49 20 0
77 87 29 0
-12 -53 -29 0
-11 -95 -8 0
-46 12 -75 0
-11 -39 -53 0
-77 -3 -8 0
58 77 69 0
-99 93 6 0
54 60 -13 0
-78 -2 12 0
99 -47 86 0
-77 -8 -29 0
-90 -75 27 0
-68 58 66 0
-63 43 -3 0
-30 41 -51 0
92 84 25 0
-30 -81 -6 0
75 44 48 0
-84 12 -74 0
-48 90 94 0
23 -36 63 0
34 68 -64 0
-59 23 -18 0
-76 -4 -47 0
-94 36 -21 0
-94 -66 -29 0
-59 36 -90 0
-44 -66 85 0
-94 33 13 0
-89 29 -77 0
-45 -4 72 0
92 -4 -14 0
12 66 -8 0
-25 91 -12 0
10 46 -48 0
-7 5 17 0
-30 63 97 0
-76 61 1 0
51 97 -74 0
-76 -41 34 0
-63 3 74 0
-19 -57 4 0
-58 63 -82 0
-15 -80 25 0
-31 81 -70 0
-71 77 -21 0
42 -57 46 0
-19 51 96 0
-89 96 18 0
-49 78 19 0
8 75 65 0
-76 13 3 0
66 -98 -3 0
3 70 -51 0
-9 13 -97 0
2 10 17 0
19 92 8 0
-49 -56 77 0
-80 -42 38 0
77 56 -10 0
72 42 20 0
54 30 71 0
-71 -74 33 0
-57 -50 -75 0
94 72 49 0
23 36 78 0
32 -12 -50 0
-3 96 -30 0
-88 -58 48 0
78 -19 -35 0
8 -42 -74 0
-41 -12 61 0
-84 6 -52 0
-26 36 70 0
23 -47 38 0
57 18 9 0
-45 33 -7 0
69 -74 -87 0
-50 46 -6 0
43 -24 -48 0
-61 39 -92 0
-8 -62 -63 0
10 -68 20 0
52 -53 -68 0
-69 -66 -40 0
38 -30 77 0
-44 73 6 0
-37 35 -57 0
-42 -55 -22 0
20 -76 -90 0
61 -14 55 0
45 16 27 0
51 -71 36 0
-58 -77 -53 0
25 -43 20 0
-96 19 53 0
18 27 3 0
35 -97 -10 0
21 -39 60 0
17 -35 83 0
-7 58 -10 0
14 -76 6 0
88 -39 -65 0
-13 98 53 0
-82 26 92 0
-91 90 1 0
17 -8 58 0
27 -60 88 0
46 -36 82 0
-9 8 -31 0
-36 7 42 0
8 -13 97 0
57 89 25 0
-78 -34 94 0
82 -95 60 0
-86 -80 4 0
65 -58 4 0
-22 33 -7 0
-97 -7 90 0
-7 43 44 0
98 -90 79 0
4 -67 15 0
39 -61 87 0
-58 -42 20 0
60 -47 -42 0
42 -12 -20 0
-80 -97 6 0
-53 26 80 0
-68 -74 -3 0
-49 28 -50 0
-23 70 83 0
57 -51 76 0
-67 -85 -4 0
-28 -36 -71 0
-65 -13 68 0
82 20 -76 0
-48 59 81 0
-71 18 -43 0
-18 -44 71 0
-62 38 -8 0
82 68 26 0
-93 58 -5 0
8 13 33 0
-8 -4 -74 0
-8 40 -37 0
-83 52 33 0
-34 59 -23 0
11 96 -58 0
87 -41 -37 0
60 -50 92 0
-34 -17 -33 0
-56 45 46 0
96 -63 52 0
-31 -65 -5 0
70 61 -63 0
29 48 70 0
-53 93 79 0
80 -72 -13 0
-51 -3 -41 0
-5 91 -31 0
69 33 -4 0
21 -33 59 0
-13 6 48 0
24 74 -17 0
38 83 -20 0
49 -41 20 0
-60 -28 79 0
-34 36 45 0
80 -92 84 0
55 -11 -25 0
-9 -2 48 0
8 -73 -71 0
-85 -34 36 0
-36 -41 -29 0
-41 -86 -6 0
49 21 -57 0
10 -3 -46 0
-41 -73 -86 0
-92 -44 -77 0
-84 -32 90 0
30 95 -43 0
-91 66 -14 0
15 -79 90 0
10 -13 51 0
5 90 62 0
35 52 -6 0
-20 -49 -98 0
-45 -72 88 0
39 25 -14 0
-46 -70 82 0
-54 -26 40 0
65 -56 91 0
55 -66 -5 0
-43 82 31 0
-26 18 52 0
34 25 1 0
47 96 -15 0
-68 5 -73 0
45 52 63 0
88 54 -65 0
60 -13 -72 0
-95 -63 55 0
-52 55 42 0
48 -52 -8 0
80 -79 70 0
-2 -43 -31 0
24 71 69 0
31 54 41 0
72 -41 4 0
49 86 -60 0
-99 -49 -47 0
-20 -5 -34 0
-27 -83 93 0
-38 -33 49 0
48 -81 24 0
4 -12 94 0
10 19 -6 0
36 55 33 0
-1 5 -46 0
44 -18 36 0
41 77 79 0
-92 -36 10 0
-40 82 -9 0
6 91 -87 0
44 -15 -82 0
-55 -35 -36 0
-68 23 -83 0
71 77 19 0
37 2 23 0
-66 -42 -57 0
42 -37 72 0
-12 99 -71 0
38 35 4 0
-23 21 37 0
-35 71 27 0
-14 -92 36 0
-17 26 91 0
-96 -13 -3 0
37 20 -70 0
-49 -99 54 0
-30 56 53 0
-33 -2 -18 0
62 -92 11 0
40 -11 -52 0
-90 -58 -42 0
-4 65 -85 0
-98 70 -83 0
-80 98 -46 0
99 -40 -71 0
-2 -12 -73 0
22 -3 -56 0
69 -16 96 0
87 19 65 0
16 85 -74 0
62 49 -22 0
70 -32 7 0
28 -35 -41 0
-57 -23 -2 0
-8 -28 41 0
-12 43 93 0
98 90 -17 0
-24 25 84 0
53 -51 81 0
86 77 59 0
-24 -51 -85 0
-13 -27 26 0
-7 95 17 0
89 11 1 0
16 11 39 0
9 94 -42 0
41 -75 60 0
7 62 -49 0
-68 -16 -55 0
-97 -5 -9 0
-97 52 -60 0
9 49 -72 0
-62 23 -26 0
-11 67 93 0
-31 11 -15 0
-41 49 36 0
81 7 -91 0
-18 20 -78 0
-34 -32 77 0
-95 -98 51 0
61 85 7 0
-2 19 81 0
65 79 85 0
-16 38 65 0
50 46 -82 0
24 -35 34 0
17 37 7 0
-53 -1 35 0
20 98 -94 0
-29 -13 -28 0
7 -95 -10 0
-25 -84 78 0
7 71 25 0
47 54 2 0
77 53 -61 0
-67 75 -18 0
21 26 3 0
85 56 10 0
67 -40 -18 0
-43 62 -69 0
13 -30 -74 0
-16 -87 -49 0
-45 -93 -58 0
87 48 -88 0
21 -15 74 0
-93 7 77 0
-77 -4 74 0
-6 -21 75 0
21 57 2 0
24 -72 49 0
-37 -10 77 0
-96 58 8 0
50 -73 -67 0
