p 78 332
75 12 -70 0
9 -10 -7 0
14 67 59 0
-26 -35 -60 0
39 37 -20 0
-25 -62 -27 0
15 -64 37 0
32 31 -46 0
-24 -1 -53 0
-50 -63 -41 0
-74 26 76 0
7 58 31 0
-78 47 -67 0
15 68 54 0
-52 -50 1 0
52 53 -12 0
29 -49 -75 0
-11 -10 52 0
-32 -61 25 0
64 2 -14 0
3 14 -78 0
12 37 52 0
-10 -72 34 0
-22 -5 -60 0
-77 -34 22 0
45 -21 17 0
-37 39 42 0
18 35 -37 0
57 60 -61 0
-63 73 35 0
53 -39 20 0
57 6 -15 0
26 -38 14 0
70 9 28 0
-77 -41 -71 0
-52 -49 56 0
-7 26 -23 0
58 -34 57 0
-50 -25 -20 0
13 -65 50 0
-45 22 -3 0
31 -47 -54 0
38 -32 71 0
56 16 31 0
-58 -3 5 0
72 -10 19 0
25 -56 77 0
12 33 -47 0
50 -16 -54 0
10 46 -48 0
20 -22 21 0
-33 -73 6 0
65 -50 22 0
-2 63 62 0
-24 -70 -38 0
-9 -46 73 0
-70 -19 -43 0
4 -11 22 0
31 6 -11 0
45 -62 -29 0
37 -73 51 0
-53 -25 -77 0
32 -29 75 0
-33 34 -36 0
-42 23 16 0
65 -38 33 0
78 65 -64 0
14 -55 -64 0
-25 -70 -33 0
12 43 76 0
76 73 -10 0
-58 37 69 0
2 -42 8 0
-1 -42 -74 0
-16 70 -68 0
36 76 -73 0
-12 61 14 0
34 75 3 0
-19 -22 66 0
-48 -57 -11 0
63 -56 50 0
6 28 43 0
55 52 -51 0
71 65 58 0
-6 22 39 0
21 -44 48 0
37 4 -44 0
-18 -46 24 0
11 71 67 0
-58 35 -60 0
3 19 29 0
55 -49 -66 0
-47 62 40 0
-62 52 6 0
33 61 12 0
66 78 37 0
-19 -70 47 0
-8 42 28 0
21 56 -62 0
-70 -47 -51 0
-64 -14 -26 0
-53 -47 -21 0
-5 28 9 0
61 9 -21 0
50 33 5 0
7 -64 -22 0
19 -56 10 0
66 -14 -75 0
23 -31 -39 0
6 -2 19 0
27 -8 -19 0
49 -38 -69 0
68 -57 -49 0
75 51 19 0
-2 -21 -58 0
56 76 17 0
20 -63 -54 0
20 -73 -34 0
-72 -45 -61 0
-64 26 -11 0
-62 -6 48 0
49 65 75 0
26 -62 40 0
34 4 7 0
28 47 -44 0
68 -31 12 0
-64 17 62 0
-14 -24 13 0
55 -29 -76 0
-9 56 51 0
-73 -4 -54 0
18 -70 20 0
-18 -71 -57 0
-18 -54 31 0
-55 -48 -9 0
39 24 -58 0
-16 -32 -48 0
-28 48 -16 0
-51 20 32 0
-1 -46 23 0
41 72 -59 0
75 57 56 0
-21 -59 8 0
25 -40 -41 0
-58 47 -10 0
-73 6 1 0
-29 -66 -77 0
-14 39 30 0
-60 21 62 0
-67 63 51 0
68 9 55 0
-37 -36 11 0
-14 43 -24 0
-24 -74 35 0
-25 -41 67 0
-16 37 -50 0
53 29 77 0
49 -72 -76 0
34 17 76 0
7 9 -42 0
-73 16 -32 0
67 28 9 0
58 47 49 0
-75 -66 -15 0
-37 -13 -53 0
-6 51 -12 0
38 20 2 0
61 23 35 0
54 48 76 0
17 42 -26 0
76 42 -10 0
-6 60 2 0
66 -42 -22 0
55 69 -31 0
22 -46 56 0
-49 -63 -24 0
-67 -76 -50 0
61 70 35 0
15 -32 43 0
46 67 -4 0
34 -60 41 0
52 32 -11 0
-23 -73 62 0
-45 -17 -5 0
8 71 -22 0
-19 11 39 0
-44 65 -17 0
-67 -43 -77 0
7 -42 48 0
-21 -75 78 0
70 -37 -54 0
78 -2 65 0
16 -27 -45 0
26 -21 -76 0
8 -53 -20 0
9 -51 28 0
45 -44 48 0
-46 73 66 0
7 -24 2 0
-69 54 -19 0
74 -16 8 0
61 29 21 0
52 -66 30 0
26 58 50 0
41 -12 -34 0
-60 -16 70 0
65 72 6 0
-6 -26 16 0
-76 -43 -49 0
-46 44 34 0
-35 -73 39 0
-35 -2 38 0
-71 -68 52 0
-32 -58 69 0
-24 -8 70 0
-47 -76 -64 0
12 50 -42 0
-77 5 -39 0
42 8 -5 0
-19 35 -59 0
-61 46 50 0
11 -37 -50 0
-69 78 31 0
68 -18 -28 0
56 -62 -9 0
-70 -4 38 0
58 -23 27 0
-43 22 -42 0
-53 2 -7 0
-43 -21 -14 0
-28 45 -43 0
3 49 -1 0
60 -20 66 0
-72 54 76 0
27 -57 24 0
-31 27 -76 0
31 49 18 0
-32 -7 45 0
-76 -53 -13 0
19 44 -49 0
5 10 14 0
73 46 59 0
-5 -26 65 0
51 78 -39 0
12 -6 -25 0
3 -31 -44 0
23 67 48 0
53 -40 -62 0
-71 58 60 0
-11 -24 -25 0
52 40 -20 0
76 65 38 0
-77 76 -53 0
2 57 8 0
-56 41 76 0
44 -52 62 0
-20 -26 -7 0
3 -40 -42 0
36 -66 -21 0
75 -46 -32 0
38 -14 66 0
-67 12 -51 0
9 -8 44 0
-48 59 -47 0
-77 18 -71 0
6 -24 -29 0
-37 -1 -47 0
45 -49 -50 0
-12 11 -13 0
62 -35 77 0
30 49 35 0
-22 3 -4 0
7 -49 75 0
26 21 -72 0
-8 -39 -26 0
28 1 -29 0
5 34 -12 0
-47 -12 53 0
35 55 12 0
-55 -57 -47 0
-21 71 49 0
22 19 -44 0
-65 39 -66 0
31 -13 26 0
61 52 -48 0
-65 -24 -10 0
-42 -55 -36 0
-36 -37 -55 0
-5 27 -25 0
7 54 -45 0
-74 -53 -46 0
65 25 64 0
-56 67 31 0
-77 58 56 0
7 -57 25 0
10 59 -72 0
25 -2 -66 0
13 -41 35 0
61 -57 -24 0
6 1 -76 0
22 -56 -25 0
-38 51 66 0
-59 -56 77 0
-10 -28 -55 0
-65 17 -5 0
59 76 50 0
40 51 -74 0
55 57 -61 0
-57 -33 -16 0
70 -19 41 0
49 -68 22 0
-44 22 -9 0
-32 68 13 0
14 -58 1 0
59 69 -38 0
7 42 27 0
-28 52 -73 0
34 -15 -77 0
-47 -55 62 0
-78 -61 32 0
-42 2 58 0
76 -77 34 0
63 -62 -20 0
-26 -44 -78 0
-50 -64 9 0
-74 25 -18 0
63 -69 60 0
41 -38 -56 0
6 72 66 0
21 -58 53 0
64 17 -26 0
36 62 -70 0
