p 26 110
-21 -10 24 0
-6 7 -24 0
6 4 -5 0
-11 -4 5 0
18 9 -4 0
23 26 -1 0
1 -3 16 0
-3 14 -18 0
10 -1 -20 0
-26 -10 19 0
4 26 -10 0
8 -19 11 0
2 -1 -3 0
18 25 -4 0
6 -4 -16 0
-16 -18 23 0
-14 17 -20 0
16 23 -18 0
4 -10 -7 0
1 -14 26 0
3 7 26 0
1 -2 15 0
14 19 -12 0
9 10 7 0
-18 2 7 0
1 -11 -22 0
-4 16 -26 0
-3 22 -25 0
-13 -2 24 0
6 11 -2 0
20 10 24 0
-1 25 -5 0
-16 13 3 0
9 -7 24 0
-4 9 -22 0
7 -18 -15 0
9 7 -10 0
12 21 -4 0
-2 8 -3 0
16 1 -21 0
-24 17 12 0
6 -1 18 0
-14 -25 -13 0
-1 -8 18 0
-19 14 22 0
24 23 13 0
3 -14 -6 0
-19 18 -8 0
-14 22 8 0
-24 -9 -14 0
-12 3 8 0
13 -25 -1 0
1 19 9 0
6 -2 -4 0
-3 23 -26 0
8 26 -15 0
-9 18 17 0
5 9 -24 0
-22 -24 -14 0
14 18 -17 0
14 15 -2 0
10 9 -1 0
10 -5 26 0
-12 22 3 0
-6 11 -8 0
-3 -6 5 0
-20 6 -7 0
25 -10 -4 0
1 22 14 0
-26 -17 -18 0
20 1 23 0
-15 -23 -14 0
-21 -14 26 0
-19 18 14 0
-10 6 15 0
-6 20 -25 0
-26 -5 24 0
-25 -19 24 0
-9 -5 16 0
-26 9 20 0
-21 -23 11 0
24 -6 22 0
-25 -11 21 0
-7 -8 3 0
-13 3 19 0
-16 -26 2 0
12 -24 19 0
21 -25 -16 0
22 18 20 0
12 -11 26 0
24 17 -8 0
19 14 -9 0
18 26 22 0
15 14 5 0
12 24 4 0
-1 9 -6 0
-3 -26 -1 0
-15 -16 24 0
-10 2 -5 0
26 -25 19 0
-17 -8 -14 0
-18 2 -8 0
25 24 1 0
5 -20 -21 0
-17 -18 -1 0
24 -8 20 0
-15 -1 -19 0
22 4 21 0
25 -17 24 0
-7 -18 1 0
