p 12 51
-4 -12 11 0
-11 -5 2 0
6 -11 -7 0
-11 8 12 0
3 4 8 0
-8 -1 -11 0
8 -4 -6 0
6 -3 -5 0
-3 -1 7 0
9 -2 -7 0
-6 2 12 0
6 12 -9 0
2 11 -3 0
3 -9 4 0
1 8 10 0
8 -3 -9 0
-3 1 -11 0
-10 9 -1 0
10 -12 -3 0
12 6 5 0
5 -4 -6 0
3 2 -12 0
-12 -10 -8 0
4 5 6 0
9 -2 1 0
4 3 -12 0
-4 9 12 0
10 3 -4 0
-12 2 -7 0
-9 -8 -12 0
-9 2 12 0
6 5 7 0
-4 -1 -2 0
9 4 2 0
4 2 -7 0
11 7 -2 0
10 12 8 0
-4 2 -9 0
-11 -10 8 0
12 -5 9 0
5 -8 -7 0
4 10 -9 0
-8 -2 12 0
-4 5 9 0
-4 -6 11 0
5 1 10 0
1 -8 -10 0
7 8 -4 0
-4 7 3 0
7 -10 -6 0
-4 5 1 0
