p 82 349
74 68 45 0
23 10 -20 0
18 -2 -49 0
-30 -3 -76 0
82 -15 33 0
48 -19 -72 0
14 -77 -53 0
-21 -64 -29 0
-58 74 -30 0
-47 -69 -46 0
61 -77 -19 0
7 81 -63 0
74 -75 -33 0
51 14 80 0
63 -28 82 0
43 48 79 0
-76 -78 -72 0
55 -21 -22 0
-33 4 72 0
64 60 -15 0
-11 59 26 0
-60 34 -33 0
-59 22 -80 0
26 -21 -30 0
-50 -60 -52 0
-63 7 -45 0
32 49 57 0
-46 -82 -39 0
71 46 76 0
-68 50 -28 0
15 41 43 0
60 -44 -56 0
-52 73 42 0
79 -68 -9 0
19 -74 30 0
-80 12 21 0
79 -9 -76 0
73 69 70 0
12 49 -54 0
-13 9 12 0
60 -38 54 0
-22 -59 -32 0
-15 68 47 0
71 11 45 0
80 -51 39 0
59 -63 -62 0
10 -66 40 0
-60 77 -46 0
-21 -41 -7 0
17 -80 -28 0
68 -27 59 0
-42 4 -14 0
79 -62 68 0
-2 -46 20 0
64 -56 45 0
51 33 -16 0
63 -60 20 0
-53 22 76 0
-38 -52 16 0
-53 -49 35 0
1 35 -31 0
-39 -68 64 0
-13 16 -23 0
56 69 -18 0
30 17 -49 0
79 -58 -82 0
-63 -36 52 0
-23 15 -32 0
25 -26 -9 0
63 17 30 0
6 70 -16 0
12 -48 -8 0
-58 -43 -45 0
71 77 -49 0
3 49 43 0
-54 67 -29 0
36 -26 -24 0
-8 62 -41 0
-73 55 81 0
-60 -34 48 0
37 2 21 0
-51 -27 80 0
-37 -38 40 0
-8 -21 79 0
26 49 -24 0
57 -56 43 0
-68 -41 66 0
-46 -35 -75 0
-66 53 -78 0
-12 20 -41 0
-35 2 20 0
-12 58 -10 0
-81 -78 -66 0
-14 -70 -49 0
-59 37 56 0
14 -26 -25 0
77 -37 -44 0
-14 -61 -72 0
-56 46 -76 0
54 -44 14 0
29 55 41 0
69 -71 -18 0
-26 46 -21 0
-41 63 -21 0
41 52 -34 0
7 59 79 0
24 19 -37 0
-64 -8 35 0
73 -1 4 0
61 -10 -26 0
17 -40 -67 0
-50 62 61 0
-3 77 -48 0
78 -47 -66 0
8 -32 -34 0
74 1 51 0
-33 -45 53 0
-55 -18 -28 0
44 48 -2 0
-48 12 -73 0
-61 -65 -12 0
18 55 -72 0
-37 -44 -28 0
-64 -43 -57 0
18 -6 -66 0
-37 27 -49 0
-71 -48 -64 0
32 80 64 0
53 36 -39 0
-79 16 -72 0
-11 68 -31 0
-29 -24 -6 0
73 -36 62 0
-42 -27 -81 0
-38 73 -71 0
-33 -2 75 0
-29 -42 -70 0
-15 23 -1 0
-35 17 23 0
-60 -42 -41 0
61 49 -60 0
-23 67 -29 0
82 -74 -17 0
50 70 30 0
-10 -37 45 0
-51 -6 -54 0
57 56 82 0
-62 81 -64 0
-42 -53 -37 0
-1 -57 -19 0
30 21 -7 0
2 53 -45 0
48 -30 -42 0
-64 58 -6 0
9 -42 -18 0
45 -53 16 0
62 -66 8 0
-41 59 -79 0
-36 8 81 0
75 -50 -4 0
26 37 -6 0
25 -8 26 0
-29 -24 -56 0
-65 52 -25 0
-24 -73 4 0
-17 -76 -8 0
-27 63 4 0
-81 -47 56 0
-45 40 -25 0
-40 -9 -12 0
-12 27 -13 0
-66 -48 17 0
-21 1 60 0
5 67 3 0
33 -37 -81 0
65 43 55 0
-54 -53 39 0
50 -8 21 0
70 52 64 0
-37 -20 34 0
63 51 15 0
36 -12 6 0
22 -17 48 0
2 79 -46 0
40 52 45 0
52 70 63 0
82 -64 -79 0
-54 -68 79 0
80 -40 61 0
23 -73 11 0
-8 13 40 0
45 -13 58 0
8 -2 80 0
34 -61 -71 0
3 -76 55 0
-41 -25 59 0
24 29 -7 0
51 -34 35 0
39 22 30 0
3 13 -62 0
5 24 52 0
7 -14 -13 0
-46 -42 9 0
10 -5 -54 0
-28 3 -1 0
70 59 30 0
-26 -5 -29 0
67 54 10 0
26 39 8 0
-13 -45 -39 0
-2 -52 35 0
-1 -82 -15 0
54 -43 -11 0
-48 -7 47 0
68 6 -46 0
-19 57 -34 0
-74 -7 43 0
71 65 -7 0
53 -50 4 0
-53 -23 -6 0
48 -59 68 0
59 66 2 0
-30 -73 22 0
-15 -69 -75 0
75 -65 12 0
-78 1 73 0
10 -8 -23 0
-39 -72 78 0
79 -23 -26 0
-19 -11 -14 0
-18 -73 48 0
-7 -77 -59 0
32 -50 -13 0
-38 -68 -60 0
-74 -23 3 0
-29 46 -12 0
-46 -33 -70 0
-11 53 30 0
-34 -65 69 0
31 -58 -46 0
-68 -6 -16 0
50 -63 37 0
-78 -73 -49 0
12 11 19 0
-52 -72 -81 0
-50 -12 27 0
46 -35 -38 0
-69 -15 64 0
-33 -27 9 0
69 -31 -77 0
43 48 22 0
-16 -76 34 0
30 -45 -23 0
18 61 -32 0
65 -28 75 0
-74 75 -48 0
-56 -7 -81 0
37 -52 -64 0
38 -66 -75 0
3 -56 -44 0
-61 -3 -49 0
8 9 56 0
3 -19 -42 0
-80 -40 82 0
13 7 -3 0
-49 -15 54 0
72 -33 64 0
27 18 75 0
30 17 -56 0
11 18 47 0
46 -26 77 0
28 6 -74 0
64 -67 -46 0
-61 25 21 0
63 -54 69 0
38 -9 47 0
-10 -69 -50 0
18 44 -81 0
-65 40 49 0
-21 -48 -52 0
-60 17 -6 0
-6 46 40 0
20 -54 -7 0
-29 60 51 0
49 -13 60 0
-42 -11 44 0
-52 29 -66 0
55 -16 -6 0
-10 -82 42 0
-28 -27 -49 0
35 25 -57 0
47 49 66 0
60 34 -43 0
74 -41 -54 0
25 37 -50 0
-18 -60 -46 0
9 -16 -33 0
32 -7 58 0
-43 -65 -52 0
-55 -19 11 0
-49 -11 -27 0
-81 48 15 0
-52 -57 15 0
-49 -12 -18 0
70 -60 -48 0
-12 17 -49 0
27 -12 36 0
50 46 78 0
31 26 -69 0
-24 32 36 0
14 74 35 0
67 -32 -44 0
-64 28 -8 0
-38 42 -76 0
-30 82 -48 0
3 -57 -56 0
56 -49 35 0
-13 41 -61 0
33 51 -58 0
59 -64 56 0
-81 39 56 0
68 56 -57 0
16 -1 10 0
-14 -62 10 0
-71 -60 46 0
-57 -45 -46 0
-75 -18 -11 0
56 -80 44 0
-81 49 65 0
-14 76 -22 0
57 18 -81 0
63 12 47 0
36 -6 22 0
39 30 -49 0
-1 -11 5 0
-31 81 -13 0
-64 -17 70 0
-53 -40 67 0
75 3 -56 0
38 52 -65 0
-44 19 -27 0
-35 -54 -50 0
-5 25 69 0
-3 -13 -62 0
-56 15 -29 0
19 44 22 0
-37 56 -14 0
19 34 -27 0
-27 46 -15 0
