p 87 370
82 -12 -77 0
29 -72 47 0
-42 -81 53 0
-72 -76 13 0
-40 71 -49 0
64 -8 -41 0
-59 -84 -83 0
10 70 -47 0
6 -27 11 0
41 56 -85 0
-40 -18 -4 0
35 84 8 0
-26 39 76 0
-17 53 -33 0
39 36 -22 0
3 -16 86 0
-79 -39 -60 0
76 60 -21 0
40 38 52 0
-32 -44 73 0
68 77 17 0
-6 9 -22 0
-44 -9 67 0
69 -86 42 0
-7 30 -77 0
-22 -66 71 0
16 17 -15 0
49 -14 39 0
46 86 72 0
41 5 59 0
-84 -79 36 0
77 -62 57 0
51 54 -29 0
5 23 63 0
52 -77 -25 0
-48 83 4 0
84 5 -29 0
69 -77 -52 0
6 -63 14 0
80 59 -82 0
30 67 81 0
-27 45 31 0
-56 34 -80 0
57 -58 75 0
-15 -44 46 0
-10 -86 -75 0
6 -85 -27 0
14 19 36 0
-52 -34 67 0
-32 -6 -5 0
-11 7 -4 0
-8 -40 31 0
-70 73 -44 0
-62 -39 54 0
46 -53 -37 0
-79 -25 -29 0
-30 63 -26 0
37 47 81 0
77 -69 -75 0
30 13 -14 0
42 -58 -41 0
-11 -32 -30 0
-14 -53 26 0
58 1 -31 0
8 4 50 0
72 85 22 0
-37 -76 -63 0
-47 -61 -77 0
-47 -54 -25 0
-3 21 -57 0
-62 53 -36 0
-5 24 -53 0
67 -1 -47 0
57 -30 -27 0
10 81 18 0
-12 -53 -32 0
-8 53 -5 0
31 -56 1 0
54 31 69 0
31 -54 -83 0
64 18 66 0
34 -50 3 0
-57 48 41 0
-5 -32 15 0
-26 -57 86 0
70 -87 -5 0
65 11 -86 0
-72 -81 -18 0
55 -56 -77 0
25 78 31 0
-81 -60 -46 0
42 68 17 0
-19 39 -36 0
-8 27 52 0
-83 15 9 0
9 -59 -29 0
-50 29 55 0
-76 35 -42 0
37 45 65 0
-51 -69 -85 0
78 52 3 0
-9 76 24 0
-77 -47 -76 0
-87 -34 12 0
-25 -75 -43 0
69 -78 60 0
26 18 -40 0
-17 79 54 0
-59 -51 -39 0
76 -10 -54 0
-48 4 -73 0
-12 -84 -64 0
-10 -80 1 0
-81 67 -9 0
25 65 44 0
66 74 -67 0
-9 3 -6 0
26 -55 56 0
-55 27 -43 0
-44 -58 2 0
-80 15 78 0
83 6 71 0
28 -84 76 0
66 35 79 0
-83 -55 81 0
-46 63 29 0
61 -57 29 0
84 -28 -70 0
87 -85 67 0
86 85 83 0
-26 1 -59 0
-1 -56 80 0
69 -43 -5 0
-65 34 22 0
61 45 66 0
-41 -52 62 0
-12 19 26 0
33 62 63 0
-79 37 -14 0
-54 -19 -7 0
30 -15 36 0
81 -23 -11 0
86 -81 47 0
-53 38 62 0
-59 76 73 0
72 66 8 0
-56 52 6 0
87 3 7 0
-40 54 -61 0
83 61 52 0
58 -32 3 0
-52 -24 38 0
60 83 -48 0
-43 -6 -76 0
-73 78 15 0
-73 -36 -41 0
20 28 79 0
-47 13 -69 0
-36 52 -53 0
-48 29 80 0
-79 -72 -39 0
69 44 -40 0
18 -57 72 0
51 38 12 0
63 -47 -45 0
78 56 -84 0
-11 6 -19 0
86 5 -67 0
25 55 27 0
24 -45 -85 0
-48 -70 -87 0
-27 -72 71 0
37 45 -38 0
-69 7 -40 0
79 71 23 0
1 28 -65 0
-50 -84 -60 0
55 -73 -47 0
65 40 -4 0
3 -78 23 0
57 -43 19 0
-84 49 87 0
-78 -67 43 0
47 -72 -6 0
-65 -76 -9 0
-79 -8 41 0
10 60 4 0
16 49 -76 0
68 -74 -4 0
-35 42 32 0
-76 79 29 0
-83 -7 57 0
-49 -46 33 0
-56 86 -6 0
71 -63 -85 0
-82 49 -35 0
11 -85 27 0
-19 14 -7 0
-75 55 -61 0
-39 -33 67 0
-61 -43 -55 0
-6 39 -12 0
49 -81 72 0
12 83 -59 0
84 -37 -60 0
-26 58 -71 0
62 -75 14 0
-54 -83 -13 0
-41 23 -52 0
51 -2 -5 0
42 45 79 0
53 -71 68 0
-81 18 -12 0
61 -83 -15 0
14 15 74 0
72 53 12 0
-52 27 36 0
21 -66 6 0
-79 -30 -56 0
59 73 72 0
46 -51 69 0
50 -81 -61 0
2 59 69 0
19 82 62 0
-74 52 -33 0
-74 53 10 0
-70 79 86 0
-83 -55 33 0
-86 -49 -38 0
37 -12 73 0
29 3 -1 0
-10 -69 26 0
-33 53 -45 0
71 -68 1 0
20 40 -22 0
-83 3 21 0
58 26 -79 0
24 64 -72 0
-1 57 9 0
80 30 -52 0
-82 -54 -60 0
-5 -81 10 0
28 -30 55 0
8 -13 49 0
-35 65 -57 0
-35 13 33 0
-29 -73 -49 0
-52 6 -7 0
-75 19 76 0
9 30 64 0
78 -77 -59 0
35 -71 -17 0
54 71 22 0
-33 -18 -86 0
-82 66 86 0
76 67 41 0
22 -63 -26 0
79 -38 -56 0
9 -80 -26 0
-28 83 7 0
-4 -28 75 0
-31 -72 69 0
28 58 -29 0
1 -63 -85 0
59 14 -58 0
-51 46 -57 0
-53 55 47 0
-76 5 85 0
29 42 74 0
65 -3 -36 0
59 -67 31 0
59 51 69 0
-59 -25 18 0
-23 -12 53 0
87 34 -55 0
-2 71 -28 0
75 28 -20 0
-49 83 4 0
-6 -55 -75 0
-35 -74 -27 0
60 24 -14 0
44 75 20 0
2 -76 -60 0
26 17 40 0
70 38 -21 0
-83 37 35 0
46 27 -70 0
-4 25 -74 0
44 35 80 0
5 3 62 0
32 49 -37 0
76 -13 59 0
37 18 -35 0
37 -75 -67 0
-74 -65 8 0
-43 -26 -50 0
20 -83 -7 0
-22 13 14 0
-36 1 79 0
62 83 42 0
-63 -61 -83 0
49 18 -46 0
55 46 -10 0
-21 62 -31 0
-78 -70 -4 0
61 33 -55 0
-64 32 -83 0
82 3 85 0
75 -27 -20 0
15 69 65 0
-63 -29 20 0
-23 -67 45 0
-66 -16 -2 0
-82 -14 75 0
-61 -22 -85 0
-10 -9 -53 0
-15 -29 -23 0
-39 -30 23 0
-67 86 54 0
39 27 -5 0
29 71 69 0
-25 35 -42 0
-42 -53 -56 0
38 -71 -81 0
-46 -30 59 0
-84 -34 -53 0
-52 -13 -8 0
-18 10 28 0
-30 -38 -71 0
-72 -4 55 0
-18 -14 54 0
-78 12 -30 0
-9 -85 74 0
68 75 31 0
41 49 -71 0
30 -27 -12 0
-40 -82 83 0
59 -21 -64 0
-83 -71 15 0
-29 -75 -56 0
-45 78 -84 0
-43 42 -52 0
77 65 -21 0
-7 -19 -1 0
-79 24 -1 0
-48 60 -62 0
-68 59 -14 0
-15 8 9 0
35 -27 -64 0
-68 65 27 0
16 -40 76 0
-5 -41 21 0
-87 37 27 0
37 59 -44 0
39 -59 -8 0
-54 3 59 0
36 66 1 0
-46 33 -19 0
-31 5 -8 0
86 53 -75 0
-68 36 -10 0
-11 -60 -63 0
-50 -56 -70 0
8 10 17 0
1 15 34 0
40 6 -57 0
-65 9 21 0
-63 -30 8 0
-13 -44 6 0
-72 -61 20 0
