p 71 302
22 -41 -63 0
-9 -30 -71 0
10 -2 58 0
22 -16 -30 0
26 50 -29 0
-18 -52 48 0
69 4 -43 0
-50 6 -14 0
61 9 -34 0
27 3 25 0
11 28 44 0
19 -12 44 0
25 29 42 0
-58 -24 -42 0
-18 41 5 0
14 12 19 0
66 -57 -12 0
-69 -42 59 0
53 -7 -35 0
-67 -34 -1 0
-20 -28 31 0
12 -34 -3 0
24 -62 -42 0
-53 27 -10 0
-46 -40 -65 0
63 67 68 0
-5 66 21 0
52 62 -51 0
-37 -44 10 0
3 -27 20 0
48 -35 28 0
57 -34 -16 0
-30 -46 15 0
55 -42 -64 0
1 60 13 0
45 8 -42 0
61 -9 -3 0
-66 -51 30 0
17 -6 -23 0
45 67 -63 0
-19 -17 20 0
66 38 -28 0
-66 57 -50 0
42 -36 -6 0
-6 1 26 0
13 67 -20 0
-61 -62 -9 0
24 -10 32 0
53 68 25 0
69 -2 -67 0
1 -58 -23 0
21 -67 -54 0
-6 11 -27 0
-37 60 -55 0
-18 40 33 0
8 -25 -60 0
-11 -63 -26 0
-16 -2 22 0
-35 58 -30 0
27 -20 -65 0
19 20 45 0
-70 6 -34 0
-44 26 2 0
34 38 30 0
14 16 -27 0
19 62 -53 0
42 -36 -1 0
-29 -21 -66 0
51 -44 46 0
-63 -45 15 0
-33 -68 31 0
-12 -7 -2 0
63 -23 40 0
57 31 -20 0
-38 67 39 0
61 24 -42 0
-23 -59 70 0
55 30 9 0
-47 50 -49 0
-67 -4 64 0
68 -45 1 0
15 57 1 0
-36 -38 43 0
63 -15 -8 0
-62 -42 26 0
-24 -13 8 0
-46 66 -24 0
-38 -47 -33 0
18 62 15 0
-58 -8 45 0
71 -62 60 0
19 -40 -13 0
38 34 -14 0
-54 4 -28 0
-64 -30 -49 0
-13 -42 62 0
35 -69 -28 0
12 45 27 0
-30 32 -44 0
49 -40 30 0
-26 5 -2 0
-71 -4 38 0
-47 33 55 0
27 31 -26 0
34 -57 22 0
-33 -4 -40 0
48 -51 -12 0
17 16 37 0
52 -9 33 0
-66 3 -37 0
59 -16 43 0
-47 -17 -13 0
8 10 47 0
39 -7 12 0
-17 -58 67 0
7 -59 39 0
-20 19 37 0
-38 57 27 0
-29 -70 71 0
67 -35 -49 0
32 -56 -45 0
-45 33 55 0
21 14 -5 0
39 51 -45 0
21 55 45 0
-27 -52 -45 0
-17 3 -16 0
-53 -11 27 0
16 13 -48 0
38 52 -3 0
-18 16 44 0
30 -42 20 0
-8 -35 61 0
43 65 11 0
-56 62 -19 0
43 8 -31 0
2 -70 -15 0
29 50 24 0
66 69 -38 0
-45 -1 42 0
-44 15 -68 0
71 -65 -37 0
-3 -2 39 0
42 -71 40 0
50 56 16 0
-31 22 -25 0
-36 49 9 0
71 23 -26 0
10 -71 -51 0
62 -68 -8 0
69 -49 11 0
60 -12 -21 0
-8 29 2 0
31 15 56 0
41 -19 -34 0
60 11 24 0
67 -7 39 0
-51 -5 56 0
70 -17 -55 0
70 -61 -54 0
-40 -11 61 0
-43 -61 -71 0
26 -56 40 0
16 -53 -42 0
-43 -40 50 0
29 -7 -32 0
12 -60 -57 0
44 13 60 0
28 55 -1 0
71 62 53 0
-62 -3 27 0
4 -46 -20 0
-5 25 60 0
-30 60 8 0
-59 33 24 0
62 -10 42 0
51 46 61 0
-21 15 3 0
-71 -57 -24 0
17 14 -29 0
18 61 11 0
-39 -35 63 0
-12 29 -62 0
53 37 -31 0
-39 -66 -65 0
58 3 25 0
-12 -49 69 0
-39 69 -70 0
46 30 -71 0
-26 45 -5 0
-25 -9 44 0
67 32 -63 0
30 -20 70 0
-3 1 -39 0
56 -6 11 0
-1 44 -16 0
-52 -9 38 0
-53 64 -19 0
-67 -71 -25 0
69 -17 20 0
57 5 -31 0
-46 -19 14 0
-53 40 13 0
57 56 60 0
-27 -33 -10 0
14 -65 17 0
32 -41 -69 0
-44 -32 52 0
-25 -41 7 0
59 -22 7 0
19 -44 50 0
18 -16 47 0
-43 -24 70 0
-53 -56 -38 0
34 30 -47 0
-14 -40 57 0
45 27 -1 0
-34 -66 -23 0
-47 44 -32 0
-38 -63 41 0
-44 -16 -50 0
5 -18 -58 0
38 58 55 0
63 44 -42 0
30 -17 -62 0
-70 7 52 0
29 -63 66 0
12 55 -43 0
58 -48 36 0
67 -31 66 0
-43 -26 65 0
-48 45 -29 0
-58 47 -66 0
40 -2 -1 0
-45 -32 31 0
-45 26 -61 0
27 44 -64 0
-38 56 45 0
68 35 -45 0
-45 15 -50 0
-34 11 6 0
45 -62 39 0
62 -22 -20 0
-70 -46 50 0
-69 35 -25 0
65 -67 -54 0
19 29 17 0
-3 46 62 0
46 32 -50 0
-62 50 -19 0
61 -17 -69 0
-62 -49 -53 0
-14 37 -28 0
-45 -31 9 0
38 -64 -59 0
-2 -71 10 0
60 -28 45 0
-21 -41 66 0
65 -56 39 0
-13 -34 -29 0
8 -24 -64 0
-61 -44 28 0
24 71 29 0
-54 -24 31 0
21 -15 -2 0
-53 -70 -12 0
8 -4 -18 0
7 8 -43 0
41 -61 -21 0
-48 31 56 0
11 -43 55 0
23 -39 -27 0
46 28 51 0
59 -8 -39 0
62 -65 -34 0
-54 -48 69 0
-12 -60 -61 0
24 27 -61 0
20 -62 30 0
2 -26 -48 0
-54 -62 -45 0
44 40 -10 0
-23 -51 -7 0
45 -1 -9 0
45 -59 68 0
-71 -63 32 0
63 -71 7 0
-22 -67 -6 0
42 -15 51 0
-68 48 -63 0
25 -67 -56 0
-63 57 9 0
-40 -69 43 0
35 -30 60 0
49 12 19 0
66 -19 52 0
-21 35 -9 0
-69 -18 66 0
64 -27 -61 0
-69 21 6 0
-6 -65 -1 0
68 55 -18 0
