p 55 234
35 -1 39 0
-45 43 28 0
36 -48 -12 0
27 -39 -7 0
19 -6 -12 0
-22 46 -21 0
15 -12 -25 0
37 30 31 0
40 -49 -33 0
-23 20 27 0
-51 -44 9 0
-37 -50 12 0
44 -49 -14 0
8 -12 36 0
2 5 54 0
-43 -37 -24 0
5 17 24 0
32 -5 3 0
29 7 -19 0
-43 -53 37 0
50 -55 -53 0
-32 2 50 0
-46 -49 6 0
-27 6 -12 0
-33 44 25 0
-6 -46 40 0
-8 21 -22 0
10 25 -47 0
51 52 -20 0
-53 -15 6 0
18 12 -38 0
53 40 -5 0
55 -25 -15 0
-23 -21 31 0
43 5 -14 0
-36 -7 40 0
43 48 31 0
52 34 -33 0
37 -30 -25 0
-17 -15 -30 0
-7 27 -48 0
26 24 -18 0
-1 9 18 0
29 3 -6 0
39 -55 -4 0
27 -46 -52 0
-10 4 -48 0
-36 4 -44 0
39 23 42 0
-10 39 50 0
-50 37 55 0
-47 53 27 0
19 36 53 0
-8 -36 9 0
-54 4 -52 0
-51 -50 40 0
-25 7 5 0
35 27 47 0
-17 54 52 0
14 39 -4 0
-51 33 48 0
-23 -37 -8 0
18 -27 -51 0
52 -18 17 0
16 -8 -37 0
27 40 10 0
-17 -26 52 0
43 -20 8 0
40 2 26 0
-12 -51 32 0
4 15 54 0
11 -3 48 0
-51 49 -48 0
5 28 45 0
-35 -42 -28 0
-48 50 -4 0
22 43 47 0
-37 11 5 0
47 -49 -52 0
20 49 14 0
50 4 -22 0
-13 -2 40 0
-2 -28 22 0
-55 -44 50 0
54 37 42 0
-13 -43 20 0
4 48 9 0
-10 9 5 0
52 8 9 0
25 20 -49 0
-30 -15 -55 0
-23 1 45 0
-19 -9 -50 0
-18 8 -34 0
-11 -25 -52 0
16 6 55 0
46 43 27 0
-10 -6 -12 0
2 6 -32 0
-19 -4 -10 0
33 47 -43 0
-40 26 -53 0
-8 51 -26 0
-41 52 6 0
7 25 -6 0
-27 -50 3 0
1 39 41 0
-37 -52 35 0
-30 41 -32 0
45 28 -25 0
1 -7 -5 0
-28 52 -42 0
53 -34 4 0
-7 -37 50 0
-27 -41 -52 0
-33 15 44 0
9 -24 -44 0
30 38 -55 0
-54 13 -3 0
50 1 24 0
35 -2 40 0
-1 -19 36 0
-38 5 37 0
-54 14 9 0
31 -34 37 0
38 -20 24 0
20 -23 13 0
26 -34 -8 0
38 17 -23 0
38 -52 31 0
-17 -4 34 0
50 55 -51 0
17 40 16 0
-44 19 30 0
53 -29 6 0
42 -38 21 0
-23 -40 13 0
29 -8 -19 0
16 -40 54 0
-16 -47 -55 0
-34 8 31 0
-41 -31 54 0
24 12 13 0
-14 31 -51 0
-2 49 36 0
-33 34 17 0
21 41 -14 0
35 20 -38 0
21 18 -16 0
32 -51 -20 0
-17 52 36 0
22 -1 -51 0
43 45 -36 0
-43 7 -32 0
17 -43 16 0
-49 -11 15 0
-9 16 -43 0
-27 6 1 0
-27 -13 51 0
42 5 35 0
33 -34 7 0
-4 51 -24 0
54 40 -9 0
-54 15 22 0
-26 -40 -32 0
-14 40 27 0
-45 44 -20 0
-23 -28 -49 0
13 -52 -2 0
35 -44 -23 0
-47 -51 -13 0
51 23 24 0
47 -40 -32 0
26 12 47 0
-44 43 48 0
51 -38 -25 0
-45 36 35 0
23 -34 -36 0
-47 43 -5 0
-10 33 -13 0
7 -20 48 0
51 -37 17 0
-19 -28 31 0
1 -6 -23 0
41 2 -46 0
50 33 55 0
10 6 -25 0
-16 38 -34 0
15 -8 -9 0
-55 21 -26 0
-35 53 13 0
-40 -34 -5 0
31 -34 43 0
17 -3 -50 0
-42 -12 -32 0
43 36 22 0
4 -38 -49 0
11 -43 23 0
40 45 -12 0
40 -17 -11 0
-7 43 -24 0
25 -49 -44 0
20 -44 5 0
44 -46 18 0
-17 43 23 0
28 21 -16 0
14 -25 -55 0
53 19 -27 0
-47 31 28 0
-22 -35 1 0
-3 16 5 0
7 37 1 0
13 1 -51 0
-33 15 35 0
36 -35 -22 0
40 -28 35 0
-27 55 7 0
-54 -50 15 0
30 28 40 0
-29 -42 -37 0
53 -13 -27 0
-24 21 29 0
43 -45 54 0
-20 -38 27 0
-32 -26 38 0
-13 -23 35 0
-8 49 9 0
25 34 32 0
-7 -3 52 0
45 -27 44 0
-6 -18 -35 0
44 -45 -19 0
15 -48 26 0
-43 -27 -51 0
