p 73 310
69 -49 38 0
-47 7 50 0
-38 63 68 0
20 35 -8 0
19 2 -27 0
68 58 -5 0
39 -10 -38 0
-64 68 47 0
-18 37 -45 0
2 29 -69 0
68 -35 1 0
-9 -50 72 0
-12 38 70 0
1 -55 37 0
46 -16 -7 0
40 -25 71 0
-50 49 15 0
-28 40 -71 0
-36 39 23 0
2 -6 17 0
-35 9 8 0
64 3 -37 0
48 -16 -52 0
59 61 -52 0
-65 66 47 0
-30 41 -37 0
-71 -60 52 0
55 57 -45 0
15 -33 57 0
3 -13 4 0
10 49 -4 0
37 -1 -49 0
-47 62 -53 0
-34 -19 46 0
63 26 2 0
64 1 -15 0
-13 21 -71 0
-60 -71 -42 0
-15 4 51 0
72 19 -70 0
22 37 27 0
-44 66 -60 0
-24 36 -11 0
15 35 -1 0
25 -55 -53 0
25 -30 -67 0
-65 -1 62 0
24 67 21 0
59 -49 -23 0
-72 -53 61 0
-56 -60 10 0
-3 -36 30 0
-12 -3 -7 0
19 -6 13 0
-55 -33 72 0
-35 -59 -49 0
27 34 73 0
14 -52 -12 0
-73 62 -19 0
67 -61 -65 0
43 34 -11 0
-2 -10 -35 0
-64 -72 -52 0
53 -48 -72 0
-41 47 62 0
2 39 -38 0
55 -27 61 0
56 -17 -41 0
-73 16 56 0
-58 -31 72 0
39 6 54 0
-2 -12 -55 0
48 56 73 0
-64 -32 28 0
-50 7 -32 0
-24 -20 -62 0
-51 -60 49 0
38 -7 -51 0
49 -42 23 0
59 -44 -43 0
-17 -5 -29 0
28 -10 -41 0
-66 52 -11 0
39 -32 23 0
-26 54 8 0
22 42 -62 0
58 -68 -13 0
45 19 -8 0
-12 -51 -4 0
61 -53 -32 0
-16 -46 -53 0
-32 -4 45 0
28 -16 -27 0
-16 -70 -65 0
23 24 -68 0
-59 21 -45 0
50 -53 -27 0
20 -44 -33 0
-18 16 13 0
19 -42 39 0
-4 15 13 0
-61 52 -53 0
22 3 60 0
62 16 -20 0
21 35 5 0
46 71 -72 0
-10 -70 4 0
11 7 -25 0
15 67 58 0
-52 -30 42 0
50 17 19 0
-59 24 9 0
23 62 -24 0
-17 -66 69 0
-10 46 -22 0
3 -37 59 0
61 -11 65 0
-25 -40 60 0
24 13 -10 0
7 -62 43 0
35 -60 70 0
41 69 -2 0
64 -4 9 0
36 71 20 0
-22 -55 -44 0
-12 70 6 0
27 62 60 0
51 -37 50 0
-67 56 -26 0
-46 22 64 0
4 20 59 0
-36 -45 -48 0
-58 -43 4 0
37 39 -2 0
-28 13 -26 0
-64 27 29 0
-36 24 31 0
-34 24 -46 0
66 -54 24 0
-36 31 -5 0
-24 56 -44 0
10 51 11 0
40 -39 -73 0
-13 -4 -62 0
24 -68 -10 0
-69 -67 -26 0
43 -65 -23 0
-5 33 60 0
41 -22 -39 0
-29 -46 -73 0
16 46 -43 0
-50 -7 58 0
-28 71 33 0
34 -19 -27 0
-72 11 -34 0
35 -69 46 0
-63 -4 67 0
2 21 -52 0
-10 -1 9 0
48 -59 72 0
12 60 -71 0
-73 -6 59 0
52 -38 -28 0
-25 -24 -42 0
-29 -24 -42 0
55 13 -28 0
51 -33 -47 0
-3 -13 60 0
-27 16 -45 0
-63 -29 62 0
-34 -20 18 0
-35 26 63 0
-44 40 -18 0
-4 5 -47 0
34 54 18 0
-42 30 -29 0
38 36 -41 0
68 24 5 0
56 -19 47 0
62 -55 -39 0
-7 26 22 0
-62 -39 40 0
67 -70 8 0
42 -64 70 0
61 40 37 0
52 -69 28 0
37 -50 -11 0
-35 72 -46 0
20 42 -9 0
-10 -38 -26 0
-5 49 21 0
33 -26 57 0
11 -60 14 0
-57 -24 -63 0
-45 -51 10 0
43 -30 -27 0
-69 -32 17 0
-29 73 -15 0
22 -10 9 0
15 -13 5 0
-28 -47 -25 0
-24 -12 4 0
46 -17 -20 0
69 -28 -14 0
40 9 8 0
50 10 11 0
-22 -38 39 0
-38 -16 41 0
-58 5 -57 0
-54 -63 59 0
-60 -25 38 0
40 17 24 0
50 73 34 0
-6 -24 -39 0
-51 46 50 0
13 -24 -5 0
8 -38 -17 0
-28 50 64 0
23 -46 63 0
13 -24 -45 0
5 -51 55 0
71 50 -48 0
-3 -50 59 0
12 41 -69 0
-18 -28 35 0
17 24 -66 0
-47 -55 -26 0
-71 42 -29 0
-2 -25 -52 0
8 -16 -64 0
-53 -58 -28 0
60 51 -55 0
66 73 67 0
22 68 -26 0
-14 19 -60 0
-57 45 25 0
64 -15 -50 0
-44 -14 69 0
-1 8 -13 0
42 -62 55 0
-23 -3 -4 0
49 -38 -32 0
-17 -34 32 0
-15 29 -11 0
64 51 30 0
-7 -19 -21 0
40 47 -26 0
21 -36 72 0
-38 -50 -28 0
23 67 43 0
56 65 -1 0
31 -73 -9 0
18 -60 -10 0
-23 -66 -17 0
3 -51 -49 0
-17 62 -18 0
-22 -26 -28 0
64 59 55 0
-28 -1 -61 0
-71 -30 3 0
8 -20 23 0
-29 -35 40 0
-8 5 42 0
54 3 20 0
-7 12 44 0
-42 8 -55 0
50 1 24 0
-60 -28 55 0
44 -34 -39 0
23 41 -58 0
29 44 -63 0
-49 -58 25 0
-19 -49 42 0
48 -12 3 0
15 71 -48 0
-16 -7 -53 0
24 -29 7 0
-19 -34 -47 0
-21 27 -48 0
42 -69 54 0
-49 59 40 0
-46 -19 -32 0
33 -32 14 0
-72 -26 37 0
71 44 -55 0
-6 36 -8 0
-71 13 36 0
-49 -16 -34 0
-26 -11 -10 0
-21 69 42 0
29 -14 -68 0
26 47 55 0
-72 -31 -16 0
-64 -44 -21 0
-64 -27 6 0
3 -56 -10 0
33 31 -65 0
6 30 -70 0
-45 -47 63 0
-12 -19 31 0
-35 11 56 0
63 4 -69 0
2 -26 -34 0
-54 -29 -68 0
45 -12 -48 0
-5 -11 -36 0
53 29 54 0
47 15 -16 0
5 23 29 0
57 48 67 0
