p 43 183
-37 33 39 0
27 25 -12 0
1 25 -18 0
-37 35 12 0
-20 -17 -41 0
17 43 6 0
32 -1 -16 0
32 -13 -7 0
39 -30 4 0
-21 12 -16 0
-33 6 29 0
25 26 -22 0
15 -41 -7 0
8 22 -27 0
-6 -24 7 0
33 -2 8 0
-36 8 10 0
-22 -35 -25 0
-34 -8 2 0
-15 -32 2 0
23 37 -9 0
19 9 -25 0
-16 -20 -27 0
-1 -38 8 0
24 20 -23 0
23 -2 -4 0
35 21 -3 0
6 19 40 0
17 9 5 0
-10 -30 -27 0
-31 28 12 0
-24 -27 -4 0
-33 20 -22 0
39 42 29 0
-3 36 -25 0
-10 -23 -7 0
43 27 -15 0
24 -23 -33 0
-41 -23 -25 0
-9 -43 41 0
36 2 -10 0
-10 -39 11 0
-1 -14 -39 0
-34 7 19 0
14 30 -13 0
-37 -23 38 0
-29 25 -23 0
-6 -1 42 0
-10 27 -24 0
20 -24 -1 0
-36 22 23 0
-1 31 -7 0
-11 43 -23 0
-8 -34 41 0
35 2 24 0
-10 -35 -6 0
-32 -18 31 0
-12 20 -31 0
-15 -19 38 0
-14 37 31 0
-35 -33 27 0
-39 -29 -1 0
24 -30 31 0
-11 24 -31 0
-27 -41 -13 0
4 7 -21 0
-20 30 1 0
28 42 -11 0
8 22 -42 0
-43 6 10 0
11 -24 34 0
1 14 -38 0
34 -2 -31 0
41 -8 26 0
29 -43 -7 0
5 27 -28 0
37 -10 -9 0
22 -28 3 0
34 -32 10 0
-4 22 -27 0
-28 39 -16 0
-41 20 -19 0
40 7 -29 0
2 3 -14 0
-7 1 -27 0
-4 40 2 0
-41 -13 38 0
30 -32 -17 0
25 3 -22 0
29 -35 -36 0
-6 14 33 0
1 11 17 0
37 -6 -13 0
29 -42 37 0
-42 20 25 0
25 6 -30 0
35 -32 42 0
34 6 -38 0
5 -17 11 0
34 13 -36 0
40 -28 -43 0
1 43 17 0
39 -17 -28 0
-16 -20 29 0
-16 -13 14 0
-9 -21 -15 0
-23 16 41 0
-18 1 13 0
-20 -22 6 0
-1 7 -36 0
-19 -25 -17 0
-33 18 6 0
18 -37 12 0
-6 -13 -26 0
15 1 14 0
-10 -7 -5 0
12 14 -31 0
-11 -9 37 0
21 32 25 0
15 16 -41 0
19 -16 -31 0
-35 -4 33 0
-8 38 -12 0
28 5 8 0
31 16 37 0
-34 -26 -1 0
17 24 -11 0
13 -18 -28 0
14 11 -29 0
-1 6 25 0
38 -20 32 0
-25 40 28 0
-19 -16 40 0
19 2 3 0
42 -9 -36 0
25 -16 34 0
42 -14 40 0
-27 -20 -39 0
-7 -4 40 0
-34 -12 18 0
-32 34 -11 0
3 -22 35 0
36 25 -11 0
-4 9 42 0
-11 -30 33 0
-37 21 32 0
7 -31 17 0
33 22 23 0
29 17 34 0
-43 24 6 0
-31 10 28 0
-41 32 -34 0
7 4 35 0
15 2 23 0
-28 3 19 0
-22 36 21 0
4 35 -13 0
-10 42 5 0
-25 14 23 0
2 11 1 0
-27 2 -11 0
-21 -14 28 0
8 -22 40 0
-25 -35 22 0
-14 11 19 0
30 -7 -31 0
25 18 -15 0
-34 -21 25 0
40 -2 28 0
-43 40 13 0
-27 -34 20 0
-39 40 -2 0
31 43 -33 0
-19 -18 -3 0
29 -3 -4 0
41 -37 7 0
-13 9 -21 0
-18 37 -17 0
21 23 11 0
20 -40 -15 0
24 -32 -11 0
-22 -2 -3 0
6 42 18 0
