p 99 421
54 21 98 0
24 97 51 0
-9 -20 78 0
39 -45 -89 0
-49 37 -99 0
-55 -68 21 0
-67 59 56 0
-1 -45 26 0
41 74 -37 0
-8 80 67 0
75 79 -47 0
41 -15 94 0
-99 -8 -52 0
-45 -69 9 0
68 -4 44 0
-90 98 40 0
61 90 -55 0
96 -93 -28 0
62 9 95 0
76 99 1 0
-59 48 97 0
-67 1 -85 0
-33 -13 30 0
31 97 -51 0
80 53 -90 0
88 33 16 0
48 -85 -21 0
60 66 -37 0
73 83 -43 0
91 53 -46 0
-89 -69 -77 0
-60 -59 99 0
-43 47 5 0
37 88 41 0
-25 75 -49 0
70 85 -58 0
-17 -60 -95 0
-7 -26 -20 0
-41 98 38 0
-53 5 -15 0
-63 -12 46 0
75 68 1 0
10 -98 91 0
-12 95 -14 0
-51 75 -28 0
23 -43 21 0
98 43 -84 0
41 -33 61 0
32 -52 -94 0
-8 66 -57 0
-24 23 -52 0
-99 24 29 0
53 60 10 0
-2 -1 73 0
54 97 -5 0
-89 -41 -45 0
29 17 -55 0
39 34 -21 0
26 67 60 0
96 10 -36 0
99 -75 -58 0
-32 -3 -30 0
26 66 7 0
-85 -22 52 0
90 -82 59 0
75 -24 11 0
84 -59 30 0
-51 22 77 0
67 -2 -57 0
55 56 -36 0
-70 83 30 0
-76 -79 -48 0
-33 -32 -82 0
-24 31 30 0
46 84 -34 0
-40 15 -88 0
27 46 -90 0
-14 -78 62 0
79 -72 -32 0
39 71 -17 0
-22 -55 43 0
92 59 17 0
47 35 -40 0
-3 -58 -14 0
40 49 41 0
-43 -49 -91 0
44 45 14 0
81 -8 75 0
84 90 -77 0
88 -44 -77 0
56 34 66 0
94 23 -59 0
96 1 -37 0
-82 -40 -68 0
-63 -60 -20 0
-90 50 80 0
79 14 -71 0
18 -69 -39 0
-15 69 -50 0
38 -26 55 0
95 26 10 0
-53 89 -14 0
1 -10 67 0
-82 -25 -29 0
49 -64 -22 0
32 -65 -72 0
47 37 -4 0
-8 76 -11 0
-18 8 91 0
-35 -52 10 0
54 90 -9 0
-83 54 5 0
-29 59 -13 0
-5 -92 -80 0
26 -95 -69 0
94 49 52 0
2 50 -63 0
-10 78 63 0
-67 74 84 0
27 59 12 0
91 -1 -60 0
19 68 52 0
47 -36 12 0
70 -21 78 0
-61 76 99 0
-11 -48 60 0
-68 -15 -20 0
7 -87 -80 0
45 78 60 0
97 -19 -33 0
-18 80 24 0
-76 29 -73 0
-33 90 7 0
-90 -48 -65 0
33 -29 -36 0
20 -58 -32 0
-46 -37 66 0
90 49 -93 0
49 68 -91 0
-69 42 15 0
25 18 -42 0
-70 86 -66 0
-53 37 -38 0
-60 -3 18 0
86 -44 -94 0
-27 -60 24 0
20 -22 89 0
80 -76 95 0
-4 23 -44 0
-12 69 63 0
-61 4 -69 0
-49 -72 -96 0
60 43 -49 0
-86 -55 -70 0
41 90 -20 0
-92 77 -1 0
39 -37 -69 0
-61 69 -40 0
-85 7 -43 0
53 -94 -1 0
72 -31 83 0
39 -84 -99 0
-3 -38 42 0
90 63 -71 0
57 -7 -38 0
-67 85 -84 0
74 87 39 0
-66 -78 59 0
-6 -13 26 0
47 -83 -50 0
99 -34 -10 0
76 -6 83 0
93 -52 25 0
34 -31 98 0
57 -99 -46 0
17 -74 -18 0
-53 -87 -12 0
-89 -65 -61 0
-83 95 -56 0
93 -38 77 0
72 -44 -62 0
70 -41 -39 0
52 -83 -48 0
-21 89 -2 0
96 -35 69 0
3 -16 -82 0
-71 40 -64 0
30 -60 -47 0
-97 26 87 0
3 -25 12 0
-23 -11 30 0
23 39 51 0
-42 93 -2 0
-46 -16 -18 0
53 87 6 0
29 -47 -41 0
48 13 -36 0
-70 -90 -65 0
-54 25 -7 0
93 6 -88 0
-9 21 -10 0
-50 6 69 0
-20 26 5 0
-26 -64 -97 0
64 -73 -91 0
-46 82 54 0
95 -25 -87 0
-39 13 -78 0
97 -95 57 0
33 -1 28 0
55 -45 44 0
19 5 39 0
17 -42 -96 0
-33 67 29 0
50 61 -62 0
-28 26 43 0
-91 -53 -77 0
-65 5 -29 0
-10 -84 -78 0
45 -33 85 0
34 30 97 0
72 78 -74 0
74 -65 -26 0
-21 43 -27 0
18 -44 -86 0
-81 -28 4 0
-69 92 -70 0
93 65 71 0
50 -58 -5 0
25 48 -53 0
42 -5 32 0
71 50 45 0
56 -24 -60 0
44 98 -68 0
-28 82 -27 0
73 93 82 0
-88 -76 92 0
-39 -41 -22 0
-2 8 53 0
-89 84 10 0
35 -21 -26 0
-27 93 15 0
-75 48 76 0
48 -15 -84 0
9 -86 62 0
-11 -28 -20 0
42 88 -48 0
-25 -8 -77 0
3 -9 -27 0
-9 50 -26 0
-74 -47 -24 0
66 -40 -39 0
97 51 28 0
-24 -13 68 0
-10 55 -29 0
-97 17 98 0
41 -35 -90 0
-9 -40 -23 0
15 -62 -38 0
-22 -23 71 0
-30 -4 42 0
14 -93 -78 0
-6 -57 -21 0
-91 -97 -62 0
3 72 -73 0
54 22 -1 0
-23 95 29 0
41 92 -69 0
48 83 -79 0
7 -87 -39 0
6 -98 72 0
48 84 28 0
-69 51 -50 0
16 -6 83 0
-52 -85 41 0
-69 -44 -47 0
-58 6 67 0
-87 -93 19 0
-16 -54 34 0
-80 -65 -43 0
21 -41 -12 0
-98 97 -18 0
-11 7 -65 0
9 67 -84 0
-22 -67 30 0
17 -96 87 0
99 45 -41 0
-70 -58 49 0
-15 -26 77 0
11 -20 -73 0
79 -36 41 0
50 83 -66 0
-16 32 40 0
-5 53 18 0
84 -85 -53 0
56 -93 -64 0
-31 78 -74 0
56 83 54 0
-13 40 -67 0
-5 -3 38 0
63 69 99 0
23 -79 5 0
80 -27 -95 0
96 81 43 0
-66 -63 9 0
90 -70 -57 0
29 39 96 0
87 -83 26 0
-46 -92 86 0
83 99 -3 0
-3 82 -29 0
-92 73 41 0
-7 61 -10 0
89 -99 -80 0
-71 -48 3 0
-56 54 -88 0
21 18 1 0
-84 11 -1 0
-27 -32 78 0
30 -86 -21 0
-42 -1 -96 0
97 -45 3 0
-55 -84 -97 0
-59 -56 -88 0
68 -30 -74 0
57 73 -81 0
-89 56 -63 0
-7 -45 -25 0
37 -23 -31 0
-82 83 -17 0
-37 65 62 0
76 -65 -53 0
-83 41 -1 0
75 -35 -95 0
-43 80 94 0
55 28 22 0
60 -39 -80 0
30 -31 -81 0
2 59 51 0
82 -3 -83 0
46 -44 -69 0
58 24 -6 0
-69 52 34 0
2 -75 -6 0
30 -50 34 0
-43 -74 -95 0
-62 3 -31 0
-70 -46 -11 0
77 42 58 0
-34 38 -6 0
92 -95 58 0
-25 -86 57 0
5 16 90 0
-70 90 -45 0
-3 -83 -66 0
80 94 -2 0
-50 75 74 0
93 23 42 0
-70 -39 67 0
-31 34 76 0
-46 91 54 0
-97 -6 88 0
29 -19 -88 0
-21 20 -91 0
-66 -35 -19 0
-75 66 -99 0
71 -54 -35 0
36 34 -67 0
46 77 70 0
-65 38 7 0
-58 14 15 0
3 -7 -48 0
98 34 -37 0
66 90 -39 0
93 46 -55 0
-69 72 -22 0
-32 -19 37 0
58 -40 42 0
67 64 -4 0
24 -23 89 0
39 -23 -86 0
96 82 65 0
43 -14 12 0
77 -38 -81 0
77 -41 -49 0
61 -47 -41 0
-67 -50 49 0
71 1 97 0
-95 18 -69 0
79 -65 -19 0
31 -68 98 0
-93 -5 -46 0
-84 -12 50 0
6 -68 -71 0
-9 82 -52 0
-24 -3 55 0
-22 -38 81 0
-64 -95 10 0
-52 -97 82 0
-9 54 33 0
-72 78 27 0
-57 15 -10 0
22 -98 -2 0
15 -3 96 0
25 -2 -11 0
90 34 51 0
3 43 89 0
-42 -35 21 0
78 6 -67 0
10 -63 36 0
24 47 -56 0
-94 66 93 0
61 -55 52 0
77 -52 56 0
-32 -18 -83 0
75 -43 33 0
-68 -72 84 0
42 73 -96 0
-89 -32 -13 0
42 -84 66 0
35 -16 43 0
