p 14 59
14 7 -5 0
1 -14 12 0
3 9 2 0
4 -1 -5 0
-6 7 -5 0
12 -10 6 0
9 -12 -5 0
-10 11 9 0
-13 -6 -2 0
9 14 -2 0
12 7 6 0
-11 -14 1 0
-8 -13 5 0
4 -12 14 0
-2 14 -13 0
3 14 -12 0
-6 -13 11 0
12 -14 -8 0
12 -7 -3 0
5 11 13 0
9 -1 13 0
12 -8 4 0
-7 12 1 0
5 3 -1 0
2 1 12 0
3 11 6 0
10 -11 -6 0
-5 12 -2 0
9 3 -10 0
8 -12 10 0
6 13 -8 0
11 14 -5 0
8 2 -4 0
8 14 -11 0
-9 -12 4 0
9 5 -8 0
-1 14 -8 0
-8 -2 11 0
-8 7 2 0
-14 -13 6 0
-6 -3 -10 0
1 10 -5 0
-14 -6 -13 0
5 -6 -7 0
14 2 -5 0
-4 11 -1 0
6 11 7 0
7 -3 1 0
-4 -12 -7 0
9 13 2 0
10 9 -12 0
-2 -12 7 0
-2 11 5 0
7 1 -11 0
-10 13 9 0
-8 -11 2 0
-8 -13 12 0
-9 1 -11 0
11 10 -12 0
