p 78 332
-24 28 74 0
10 -71 -45 0
52 -47 -32 0
-75 -12 -58 0
-19 -76 -14 0
-13 -48 -42 0
-43 45 29 0
68 69 35 0
34 39 -8 0
-70 -30 -76 0
-54 44 62 0
62 4 -65 0
-2 -63 6 0
-21 31 61 0
-50 75 -27 0
51 22 53 0
18 -4 2 0
-54 16 -9 0
-23 -3 59 0
-61 -3 17 0
-23 51 38 0
-39 -44 -55 0
-63 49 71 0
14 -43 3 0
-76 50 -45 0
39 -13 -38 0
-34 75 28 0
25 49 75 0
-58 53 7 0
77 45 51 0
-4 59 58 0
-10 51 -4 0
-10 54 -45 0
17 -74 -67 0
50 -54 -66 0
28 -74 54 0
-25 -15 19 0
-1 -44 -13 0
-12 19 9 0
-7 54 -64 0
-69 30 19 0
55 6 13 0
3 -63 70 0
37 43 1 0
-30 -19 -25 0
-61 -45 -22 0
-12 -77 9 0
32 -22 44 0
-13 -44 -63 0
74 -73 -34 0
-57 28 4 0
-53 -76 28 0
5 18 78 0
-38 10 25 0
52 -46 -57 0
-54 75 69 0
12 36 -5 0
43 50 1 0
-50 73 7 0
20 32 -24 0
18 -38 -54 0
-5 -1 -58 0
-42 -44 -50 0
-63 -2 -31 0
39 44 -60 0
-12 25 22 0
-13 -17 -49 0
37 18 32 0
71 8 -76 0
46 -15 -51 0
38 70 -44 0
-29 33 -4 0
-1 24 -11 0
1 77 71 0
67 62 -12 0
7 -63 16 0
-49 -13 39 0
-26 63 34 0
-51 -34 -5 0
-75 -64 70 0
-48 -68 -70 0
-20 28 62 0
-3 59 -45 0
-32 -2 -45 0
31 43 1 0
-20 27 6 0
45 -57 -56 0
13 -66 -30 0
-20 51 -73 0
-58 5 -63 0
-33 -22 51 0
67 12 13 0
37 3 -21 0
-37 63 -48 0
69 37 -50 0
-58 33 -1 0
54 -36 57 0
-43 -25 53 0
-54 -8 73 0
-54 73 -17 0
67 -66 -46 0
-68 2 34 0
43 67 -9 0
-8 -26 24 0
24 53 40 0
-37 2 50 0
-56 57 63 0
-76 -50 73 0
43 67 50 0
-60 10 63 0
-73 -10 31 0
11 40 54 0
2 -44 72 0
63 39 20 0
-60 54 -74 0
18 76 39 0
58 -71 -53 0
-52 32 -49 0
46 -51 44 0
-69 59 31 0
-32 71 -54 0
-29 69 37 0
21 4 -7 0
19 -71 -27 0
73 -36 -19 0
-48 43 -66 0
37 33 71 0
3 9 23 0
20 -60 56 0
-54 -66 52 0
40 -68 -72 0
36 -13 -9 0
71 -50 -67 0
-39 -33 57 0
-7 -46 -59 0
-76 -32 -6 0
9 -35 -36 0
13 56 -44 0
41 -63 48 0
58 -52 28 0
7 -74 -8 0
-49 47 -40 0
34 -26 57 0
68 -25 5 0
61 -25 -28 0
16 -29 26 0
-51 -70 -19 0
-26 11 -17 0
-71 24 27 0
7 21 -27 0
69 -6 55 0
70 43 -69 0
-20 49 70 0
69 34 -47 0
3 33 39 0
49 44 -62 0
71 -48 -28 0
-70 -53 59 0
68 -37 47 0
17 -51 56 0
-15 23 -65 0
69 -31 -2 0
67 74 -24 0
56 19 -43 0
-4 5 -13 0
77 -55 -70 0
-26 33 -5 0
32 -62 -69 0
13 70 -18 0
57 -66 6 0
4 17 59 0
40 -21 41 0
64 -68 76 0
-29 -34 -54 0
53 67 -56 0
43 -15 -77 0
-46 -52 71 0
20 -71 -46 0
34 -33 -35 0
-27 24 11 0
-10 70 13 0
-25 -57 78 0
41 -38 -50 0
-32 -71 51 0
-77 56 74 0
70 29 30 0
76 24 62 0
-41 -48 -63 0
22 -65 -51 0
-39 -25 -73 0
-35 54 34 0
41 -65 11 0
-69 -7 -16 0
-43 32 -1 0
55 -58 70 0
-78 -21 73 0
34 37 61 0
22 -61 32 0
-13 -42 -44 0
44 19 72 0
-55 74 49 0
-56 -43 -15 0
-17 -77 6 0
-18 48 66 0
-49 -55 44 0
-65 -75 -19 0
-39 -7 33 0
-28 68 45 0
29 78 -69 0
-21 -14 40 0
-14 12 18 0
50 5 -33 0
62 -19 2 0
23 18 -7 0
69 -20 73 0
6 -35 -77 0
14 39 -9 0
58 44 -20 0
-28 74 -9 0
64 -66 -34 0
40 56 28 0
72 77 -3 0
63 23 -54 0
24 66 -23 0
26 23 -49 0
-11 -30 -40 0
1 -23 -59 0
-44 34 -16 0
-37 57 -2 0
19 -29 31 0
-12 -14 51 0
-64 -33 45 0
-11 -26 37 0
-24 -71 1 0
-36 33 58 0
78 -63 -51 0
-19 -37 1 0
62 35 32 0
-48 -60 -32 0
-71 49 2 0
-50 -76 15 0
-32 -30 67 0
-44 -11 -75 0
-4 -63 48 0
28 7 -41 0
32 70 61 0
52 -14 11 0
-35 -22 -16 0
-56 -15 2 0
-47 -41 54 0
-7 -57 43 0
17 1 20 0
-48 -15 4 0
34 -54 -46 0
-78 -23 -14 0
61 4 -53 0
-17 -5 -29 0
7 30 67 0
29 5 21 0
-31 -44 -73 0
73 27 -35 0
-39 24 1 0
37 53 43 0
-72 14 8 0
6 -26 40 0
48 -78 38 0
-32 -11 3 0
-9 31 -62 0
75 69 -63 0
47 26 -74 0
5 73 49 0
-76 18 -30 0
-2 -18 24 0
-35 9 49 0
-72 75 -74 0
41 -64 29 0
57 -56 -44 0
21 -47 -66 0
63 -18 17 0
-6 -69 60 0
-12 46 48 0
44 25 59 0
49 34 21 0
42 -23 -15 0
7 -57 -60 0
-71 -56 -3 0
-66 52 -28 0
1 46 -53 0
47 63 -71 0
-31 33 -19 0
25 22 -15 0
48 41 15 0
34 42 -67 0
67 -4 -48 0
40 59 25 0
62 28 -16 0
73 44 71 0
77 -28 -72 0
-64 -43 -14 0
31 44 -55 0
-47 74 -6 0
-42 74 22 0
-54 3 -45 0
-72 26 46 0
46 64 21 0
72 -42 -56 0
28 3 67 0
62 40 -57 0
-58 -72 -21 0
17 29 -9 0
-54 76 59 0
23 47 -6 0
-31 18 -40 0
68 -76 -32 0
-24 -39 -36 0
-22 68 24 0
10 -16 6 0
-62 -70 -55 0
-35 47 3 0
34 -36 67 0
-38 -59 -26 0
9 -35 28 0
-59 -20 -60 0
15 -59 -37 0
-27 -40 1 0
-65 40 10 0
15 -4 -73 0
-10 17 49 0
-69 29 37 0
-26 -28 -41 0
36 53 19 0
-25 70 -1 0
