p 26 110
5 -3 11 0
2 -4 3 0
-20 -4 23 0
-26 -1 3 0
17 19 9 0
-15 -26 -13 0
5 -20 19 0
7 4 -18 0
-1 23 5 0
-10 -16 21 0
10 -23 -6 0
21 9 2 0
-8 -7 17 0
-25 -20 -4 0
10 -6 -2 0
-13 -21 -6 0
-15 -11 -6 0
14 -7 8 0
-19 17 6 0
7 -2 -12 0
-17 1 -13 0
14 -23 -12 0
11 3 -19 0
5 -18 -9 0
-2 25 -14 0
-17 13 -16 0
5 9 1 0
17 -16 -21 0
-12 -3 2 0
11 -6 -14 0
-4 12 17 0
-11 -3 -15 0
-17 -12 -25 0
-12 -18 -1 0
-25 3 -12 0
10 -3 20 0
-8 24 20 0
6 -23 18 0
-16 -13 -3 0
-8 -20 -11 0
-22 10 -20 0
19 3 18 0
8 26 -15 0
-21 -12 22 0
-22 -9 -3 0
-17 -2 -6 0
-21 14 19 0
11 9 -23 0
24 -19 8 0
-17 -8 -23 0
5 -24 9 0
5 -14 -1 0
7 -26 8 0
16 -8 -10 0
-16 -22 -12 0
-8 24 -7 0
-1 -17 -21 0
-22 -16 -24 0
3 22 -18 0
-11 22 -14 0
-2 10 -23 0
13 -4 6 0
-11 20 16 0
-14 -19 11 0
15 12 13 0
-19 -20 17 0
21 9 -23 0
-25 24 -1 0
7 14 -3 0
-9 6 -24 0
-9 -15 -24 0
-20 -11 -13 0
-16 8 -4 0
-12 -26 16 0
-9 -11 -18 0
-15 10 -21 0
20 25 -9 0
20 22 -2 0
-1 -25 17 0
11 24 -4 0
-25 -6 -18 0
2 -24 13 0
-16 24 22 0
8 19 -15 0
5 -26 2 0
-24 4 5 0
19 -21 23 0
10 18 -3 0
-15 -19 4 0
11 -6 15 0
2 15 8 0
23 8 22 0
14 3 5 0
-18 9 6 0
4 3 -8 0
12 -15 22 0
22 12 -19 0
5 16 7 0
2 -21 26 0
23 -7 22 0
5 16 -1 0
10 25 8 0
-17 -7 15 0
11 -2 7 0
-8 19 14 0
1 -23 11 0
-23 16 7 0
15 1 -24 0
20 23 2 0
15 -14 21 0
