p 26 110
7 -22 16 0
24 -26 -21 0
19 -16 -9 0
-22 -3 -15 0
-6 -13 -10 0
-12 5 10 0
15 1 -19 0
26 4 -18 0
-11 21 -26 0
9 -8 -17 0
17 13 19 0
1 12 -11 0
-2 6 -7 0
6 16 -21 0
-18 23 12 0
-15 -21 20 0
-21 -5 7 0
13 -25 19 0
18 -23 1 0
-26 1 -25 0
13 12 17 0
22 -5 17 0
5 17 8 0
-12 21 -17 0
5 -13 -25 0
-21 -2 9 0
-4 -2 -26 0
13 -8 9 0
-6 24 -26 0
-21 25 16 0
-22 -25 -3 0
-9 -18 -6 0
17 21 3 0
16 24 3 0
14 -23 5 0
10 15 5 0
-15 -1 -7 0
15 -16 8 0
-9 -2 16 0
17 -12 -8 0
-4 21 13 0
-21 -6 -12 0
10 -7 18 0
9 18 10 0
9 -13 -14 0
-10 -16 25 0
-22 -18 -20 0
-24 4 -19 0
5 16 -20 0
-17 6 12 0
-8 -10 7 0
-9 -19 17 0
-14 8 3 0
-6 13 9 0
15 16 26 0
12 19 -26 0
-12 1 2 0
7 14 5 0
-13 20 7 0
9 20 -25 0
-16 -26 19 0
-14 24 15 0
-21 -9 -25 0
-13 8 15 0
2 -10 25 0
13 6 -9 0
8 -26 -21 0
-12 -16 3 0
-7 9 -1 0
17 13 6 0
-10 4 -3 0
10 19 -6 0
-13 -1 12 0
15 -20 3 0
-11 25 21 0
-5 -6 -4 0
-22 10 -4 0
8 6 -5 0
-5 -17 19 0
-3 -26 -23 0
16 -4 -21 0
11 24 -5 0
13 19 -6 0
14 -25 -16 0
-6 -24 19 0
-1 26 6 0
-15 4 14 0
24 -16 -14 0
2 12 -18 0
11 26 -22 0
12 -8 21 0
-15 8 -9 0
-1 24 -6 0
19 25 -8 0
13 -10 -11 0
-26 -6 12 0
-4 14 -9 0
6 -10 -14 0
-5 -20 -19 0
-16 3 26 0
-14 13 20 0
-6 -20 5 0
-16 -6 14 0
-3 -10 -4 0
6 -11 -14 0
6 -8 -16 0
-9 -6 24 0
8 24 20 0
9 -26 -16 0
25 -18 21 0
