p 30 127
2 30 18 0
13 -7 -6 0
-14 4 7 0
20 -10 27 0
-18 -6 -17 0
23 -5 -27 0
4 7 -10 0
4 -26 -28 0
29 11 -23 0
10 16 -7 0
12 -27 3 0
-14 18 -11 0
6 10 -8 0
-16 21 14 0
3 16 -20 0
3 9 15 0
15 24 12 0
-29 10 -13 0
-16 -5 28 0
-24 4 11 0
7 25 2 0
-19 26 9 0
-30 24 -15 0
21 25 -16 0
20 17 13 0
-23 15 21 0
-4 -11 29 0
-20 4 -25 0
29 -18 16 0
24 21 25 0
-16 -14 21 0
11 3 -19 0
12 24 -16 0
15 -24 16 0
-26 4 -12 0
16 11 -2 0
-6 -24 -3 0
30 12 17 0
7 8 12 0
-29 28 -20 0
-21 22 15 0
28 -10 -29 0
2 23 -15 0
-2 -6 -16 0
4 28 -18 0
-26 -2 16 0
27 14 22 0
-4 -7 21 0
4 27 10 0
-22 -9 -30 0
30 2 -22 0
18 11 -22 0
-21 13 5 0
15 6 -21 0
-23 -16 29 0
-3 10 22 0
-27 -14 5 0
10 17 11 0
-11 25 15 0
21 2 16 0
16 -19 -3 0
4 19 13 0
-5 23 17 0
-15 9 -20 0
8 -2 20 0
1 -29 15 0
15 -13 9 0
-5 -19 25 0
-22 -5 16 0
21 -24 -14 0
27 -18 13 0
1 -24 5 0
-6 -13 -19 0
-10 -30 11 0
12 2 -7 0
16 -28 -15 0
-23 -14 -5 0
29 21 22 0
12 26 -10 0
2 6 -21 0
-26 -21 19 0
-1 -28 -7 0
-3 14 -21 0
19 1 9 0
-17 26 -18 0
30 6 22 0
26 6 30 0
-14 13 -1 0
-30 -16 -20 0
-20 22 -29 0
9 -20 -2 0
-2 -17 4 0
-25 1 -8 0
-19 -14 -16 0
-23 -17 8 0
7 19 30 0
20 -29 11 0
7 -1 26 0
1 25 11 0
-8 12 25 0
27 -19 21 0
-4 7 3 0
29 -27 -6 0
1 -29 -17 0
-6 -3 15 0
24 -3 9 0
-19 2 -23 0
5 26 -17 0
11 22 4 0
-17 -6 -16 0
-4 12 8 0
-27 -14 29 0
25 -20 -6 0
-16 -9 -28 0
-29 -1 10 0
-27 -26 3 0
4 -28 6 0
-15 28 -2 0
9 28 24 0
-15 -20 13 0
-16 -13 -26 0
-30 -3 -4 0
6 -8 -4 0
21 -30 2 0
29 20 -17 0
5 26 8 0
17 4 1 0
