p 40 170
-5 36 -17 0
-22 21 -6 0
-4 -21 24 0
-29 -30 -25 0
-38 -2 27 0
40 -34 37 0
6 33 25 0
2 16 6 0
-35 28 -11 0
16 5 -22 0
-24 37 -27 0
40 -15 1 0
21 -2 -6 0
14 -37 35 0
-32 39 -13 0
-10 38 8 0
-17 -30 -5 0
-32 -8 31 0
6 22 24 0
15 -31 37 0
-8 9 -13 0
25 -21 -26 0
-8 -33 -21 0
-27 -7 -33 0
22 -25 -18 0
4 -2 -20 0
16 8 25 0
-2 16 32 0
35 -7 40 0
4 -31 -16 0
33 -18 25 0
-36 4 1 0
-16 -33 -22 0
19 -38 20 0
-26 -35 30 0
-30 20 -7 0
-7 -39 -14 0
38 -21 -20 0
20 29 -38 0
13 38 34 0
19 29 -18 0
-14 22 2 0
36 -20 16 0
-33 -6 -7 0
40 37 13 0
29 4 -11 0
-7 37 -9 0
-34 21 2 0
20 29 -35 0
24 -32 10 0
-28 -40 11 0
-19 35 -5 0
16 4 18 0
10 -30 19 0
7 -31 -22 0
-18 -26 -1 0
-12 -27 18 0
-32 -9 -31 0
-29 -24 30 0
8 30 -9 0
4 37 -8 0
-14 25 -27 0
14 21 -1 0
-1 -9 -19 0
-27 -12 20 0
-15 -12 -24 0
28 11 -6 0
10 -5 -27 0
27 -36 7 0
-22 -14 25 0
2 15 25 0
22 -15 24 0
-32 21 -12 0
-21 -16 -3 0
19 1 18 0
-30 -28 36 0
39 -33 -17 0
-25 36 34 0
7 6 30 0
12 13 20 0
39 16 -30 0
35 19 22 0
25 -6 -26 0
-37 -22 20 0
-40 -25 21 0
-30 16 -8 0
1 21 -29 0
-33 3 39 0
13 40 29 0
-22 -5 37 0
-17 -32 9 0
-10 -5 4 0
33 35 -14 0
13 -17 -32 0
2 39 -20 0
-12 -18 -15 0
35 36 13 0
-25 9 -29 0
-17 18 -15 0
-27 -23 -39 0
-27 -31 -6 0
20 13 17 0
6 24 15 0
-27 -35 -17 0
17 -3 -20 0
15 39 -1 0
25 -3 26 0
21 -18 -19 0
16 28 -40 0
-24 3 28 0
8 -29 18 0
16 -3 -11 0
-20 27 36 0
-37 -10 27 0
6 37 -1 0
6 7 17 0
40 -12 -15 0
35 -7 -28 0
11 -4 16 0
40 -27 12 0
-20 -26 -33 0
1 40 -10 0
-16 18 -24 0
11 3 30 0
-25 16 -28 0
-33 -2 -34 0
9 27 -16 0
-36 -25 -23 0
2 33 11 0
-7 33 -21 0
29 -7 -31 0
24 23 -8 0
7 -37 34 0
-13 -30 -9 0
5 -27 -7 0
2 17 31 0
30 17 31 0
-32 27 2 0
-6 37 -22 0
-34 37 10 0
-27 8 4 0
3 26 -33 0
-1 13 -39 0
18 -25 -5 0
-25 -10 39 0
8 31 12 0
31 -8 -16 0
24 -38 33 0
-20 -9 -16 0
28 -12 8 0
26 29 25 0
21 8 -34 0
-22 -3 32 0
29 -16 -37 0
2 -13 -11 0
22 9 -13 0
-39 37 19 0
25 24 -18 0
14 -10 -1 0
30 5 -14 0
10 27 1 0
-9 -37 -32 0
17 16 25 0
28 39 29 0
14 9 -17 0
5 3 -1 0
-26 11 -10 0
-26 38 -14 0
-9 -19 10 0
20 19 -28 0
