p 12 51
-8 -5 -11 0
7 -6 11 0
8 6 -1 0
8 9 -11 0
3 12 -8 0
9 -6 -2 0
7 1 8 0
7 -1 -3 0
-6 -2 -4 0
11 -8 2 0
-5 -6 -1 0
2 -10 -1 0
-1 8 -5 0
6 12 -11 0
-2 5 6 0
-9 -11 7 0
-8 -10 9 0
5 -8 -2 0
-8 2 -10 0
10 -2 3 0
-7 12 1 0
2 9 -10 0
-3 -8 -12 0
4 12 6 0
-3 -6 4 0
9 8 5 0
12 5 -6 0
5 -12 -8 0
10 -6 -8 0
-1 12 -8 0
2 6 7 0
8 2 -5 0
7 5 -9 0
-8 11 12 0
-11 -6 7 0
-8 -5 11 0
-4 9 7 0
-3 -8 1 0
10 -12 6 0
11 -10 1 0
3 11 9 0
-10 8 6 0
-7 8 -6 0
-9 -4 -3 0
8 9 1 0
-10 -5 -7 0
-1 -4 11 0
-9 12 10 0
-3 -12 -5 0
2 4 12 0
12 9 6 0
