p 99 421
40 72 81 0
21 45 78 0
50 -78 -53 0
22 7 21 0
25 -93 -73 0
64 -59 -37 0
76 -33 73 0
94 24 40 0
30 -92 -78 0
-6 37 63 0
18 44 28 0
28 70 82 0
-99 -28 -18 0
36 12 -20 0
-48 19 12 0
71 55 -30 0
75 44 39 0
39 -77 -84 0
-97 -11 -68 0
-64 -95 -10 0
-12 -99 23 0
-28 -23 46 0
-71 -87 -39 0
-99 17 -41 0
-6 -60 87 0
-69 -28 -66 0
-22 -48 -92 0
-89 -63 -9 0
96 67 -3 0
70 -23 24 0
-23 -71 -49 0
-52 79 67 0
-59 56 -52 0
64 -25 13 0
57 3 -15 0
83 64 -34 0
83 45 44 0
49 -69 -89 0
-70 22 24 0
51 50 9 0
-68 -85 15 0
98 93 -35 0
-89 -31 2 0
-51 69 -37 0
-30 43 -83 0
-16 72 -80 0
-92 26 -76 0
-23 -38 24 0
19 26 73 0
-27 75 91 0
77 -30 9 0
-4 48 92 0
-88 31 64 0
-68 -80 26 0
18 -88 -66 0
86 22 -38 0
45 -21 -35 0
-28 57 -90 0
-60 -88 61 0
43 96 6 0
40 65 -86 0
62 -70 10 0
75 -30 63 0
-57 -15 3 0
-9 69 39 0
-52 55 18 0
-44 -22 3 0
43 7 -88 0
30 -23 -13 0
-84 85 44 0
16 -60 -78 0
-88 23 -4 0
31 -59 28 0
42 -4 29 0
99 -62 81 0
-81 48 73 0
6 -74 68 0
-61 -21 54 0
-29 -36 63 0
60 -82 -14 0
35 93 41 0
46 67 -50 0
-53 -97 6 0
25 94 38 0
31 -32 83 0
-30 -37 50 0
-19 -99 27 0
-49 52 -97 0
-71 48 -40 0
38 -62 50 0
-27 -4 -53 0
91 -24 -29 0
-90 -73 69 0
-64 44 74 0
25 9 51 0
-74 -86 73 0
-44 -4 -69 0
73 -98 -66 0
72 56 3 0
39 -70 -88 0
55 81 1 0
-16 -37 -35 0
-58 -13 47 0
-6 15 -71 0
-25 -48 -7 0
66 -7 74 0
-67 -46 -83 0
21 -58 -4 0
-3 96 28 0
87 -55 -7 0
-64 30 48 0
18 83 -27 0
-83 -66 67 0
90 50 41 0
29 -47 -3 0
4 -42 70 0
25 82 95 0
78 94 -21 0
-59 -57 -15 0
16 -80 79 0
-79 -37 95 0
-31 -87 27 0
76 -72 34 0
47 -95 -24 0
-29 88 84 0
41 69 -64 0
74 21 -51 0
24 -68 11 0
-7 5 29 0
57 63 -83 0
31 80 44 0
12 65 78 0
84 -69 -21 0
78 -25 -18 0
42 83 62 0
-89 -39 -36 0
1 -66 -3 0
-8 21 -22 0
95 -39 -92 0
-43 12 48 0
-21 58 -32 0
-66 -78 -47 0
-12 -81 69 0
-53 86 -66 0
-31 4 44 0
-58 22 -6 0
-71 -24 -72 0
30 32 -55 0
-86 89 95 0
-20 -35 42 0
49 19 15 0
26 -97 -62 0
-8 50 18 0
64 -77 -18 0
-29 79 76 0
87 8 12 0
-25 -67 46 0
93 64 -34 0
54 -60 91 0
-90 5 -66 0
98 21 -64 0
-97 55 3 0
65 56 -26 0
99 -61 -25 0
59 52 -11 0
-30 -39 -42 0
9 46 60 0
-61 20 67 0
-40 65 -53 0
47 -39 -72 0
55 19 -67 0
-17 -24 36 0
77 -47 -43 0
-58 -29 -85 0
-53 -50 -66 0
24 -59 -73 0
21 -87 -54 0
-27 23 -75 0
63 87 -64 0
-19 15 65 0
-30 15 44 0
48 96 29 0
-51 -84 -20 0
-57 -43 8 0
-84 -56 -89 0
-83 1 -16 0
54 55 70 0
92 -84 54 0
36 -86 -33 0
70 77 -55 0
-49 -95 -65 0
36 -95 -85 0
-21 10 -55 0
-69 24 -48 0
81 34 90 0
-90 28 3 0
11 34 74 0
-49 20 59 0
93 -71 30 0
-23 37 72 0
40 81 31 0
75 -65 -59 0
-92 6 9 0
17 68 22 0
-21 -94 87 0
26 -1 -17 0
23 -71 33 0
-89 -68 69 0
-4 -16 -80 0
69 -1 -9 0
-25 -85 -34 0
99 49 -16 0
-76 63 -7 0
-42 39 -27 0
68 8 22 0
-16 -90 -37 0
85 14 -35 0
-15 36 -93 0
97 -98 88 0
8 42 -46 0
9 -87 24 0
89 95 -86 0
-50 -83 -40 0
-98 -5 67 0
49 61 -6 0
28 35 -3 0
26 61 36 0
86 -81 14 0
72 51 -74 0
-66 87 -72 0
62 57 -81 0
-65 -16 67 0
-17 -73 71 0
-77 58 -88 0
-49 -32 95 0
-42 -32 -68 0
-95 82 74 0
64 70 94 0
-14 82 29 0
-41 -36 47 0
-99 -22 1 0
65 40 -83 0
-47 67 90 0
-99 -91 -98 0
-92 -73 -46 0
-74 -82 78 0
-9 31 81 0
13 57 5 0
91 65 81 0
-51 -36 14 0
-47 22 88 0
28 -80 -58 0
18 35 -62 0
-86 78 -40 0
53 -74 32 0
92 -82 -70 0
14 15 36 0
82 81 10 0
-20 74 -39 0
-57 -92 60 0
3 -60 46 0
38 -52 -66 0
-7 51 84 0
6 73 -89 0
-86 -76 -11 0
35 -15 33 0
-54 64 -67 0
-52 17 37 0
3 -16 -25 0
-29 -81 1 0
-86 -85 36 0
23 72 -18 0
70 61 49 0
6 -51 -18 0
80 37 52 0
-94 -79 21 0
-13 -67 95 0
11 21 -40 0
87 57 91 0
-39 70 30 0
75 -53 -36 0
60 44 -82 0
68 -2 86 0
-63 51 -18 0
-55 46 -60 0
-56 67 -94 0
65 -8 70 0
5 -7 -94 0
72 -27 91 0
-16 -61 77 0
79 16 55 0
95 53 -12 0
-93 -34 -79 0
-87 -84 49 0
13 68 -25 0
-18 -79 -87 0
82 89 -27 0
78 -61 -40 0
66 87 -55 0
-59 -71 74 0
35 -82 24 0
59 -95 94 0
-9 -21 29 0
79 -83 -87 0
-89 20 -15 0
27 -11 71 0
-64 74 -55 0
-37 81 6 0
16 54 -53 0
-71 -58 -87 0
25 48 90 0
-1 26 -9 0
52 -75 71 0
-71 73 -15 0
26 93 92 0
54 -65 -56 0
-22 -49 2 0
-5 -50 76 0
-92 45 96 0
93 95 52 0
-10 -28 -67 0
46 -16 24 0
-19 29 -24 0
53 88 50 0
-27 -60 -22 0
-10 -30 22 0
-79 45 86 0
-93 -24 -78 0
-85 73 -87 0
-50 -27 -68 0
-10 -64 -3 0
34 -9 27 0
34 -89 -30 0
-72 68 -9 0
59 1 -26 0
45 84 -68 0
-92 50 -79 0
41 -19 44 0
-10 -69 62 0
30 -24 48 0
42 92 4 0
85 -15 -26 0
85 20 -90 0
-99 -20 95 0
75 64 4 0
-77 -57 -32 0
-90 -75 -54 0
-45 68 -88 0
85 -37 -29 0
-69 -11 33 0
2 59 -62 0
-8 -16 58 0
-10 -42 -56 0
84 12 82 0
-80 56 25 0
-68 56 -47 0
27 -97 -2 0
71 -73 35 0
-65 -99 44 0
-94 -60 -74 0
-68 46 18 0
42 7 -43 0
-12 73 50 0
49 48 62 0
-33 39 -10 0
-73 -92 21 0
-34 -39 -81 0
82 -75 -35 0
-63 -65 -10 0
26 50 21 0
37 73 61 0
68 -93 -75 0
-70 -78 98 0
57 46 58 0
-46 73 -95 0
9 -69 -34 0
25 -12 55 0
-41 -26 -32 0
23 -1 -33 0
-19 22 -49 0
8 -31 -25 0
-92 -87 -24 0
-89 -31 -85 0
46 -93 24 0
-95 48 90 0
9 83 -71 0
-4 -23 -85 0
-84 23 16 0
23 18 -88 0
34 -33 -17 0
12 19 -78 0
59 -38 -11 0
18 19 -16 0
-2 -41 -58 0
89 23 6 0
23 -69 -56 0
-77 -61 -9 0
-68 46 -4 0
-57 -35 43 0
-69 -48 81 0
69 10 45 0
-43 -29 -14 0
-14 -45 -6 0
-14 67 98 0
-40 -19 -81 0
23 -18 16 0
-9 -5 -18 0
35 74 -24 0
-82 -11 -17 0
-82 99 66 0
56 -53 30 0
-80 -99 -67 0
-94 78 -98 0
-65 57 -81 0
-33 58 43 0
-26 -71 -93 0
4 50 86 0
-19 -14 89 0
-26 84 14 0
-10 -69 5 0
-34 54 -40 0
