p 60 255
-53 26 34 0
54 -1 15 0
9 -8 26 0
48 -37 44 0
57 -34 14 0
25 -1 16 0
-59 3 54 0
48 33 2 0
-1 -38 -22 0
3 40 -56 0
51 -35 33 0
53 -39 -12 0
-58 31 59 0
-49 28 -6 0
34 -52 -32 0
-13 39 -35 0
-49 -58 -24 0
-60 14 34 0
40 -49 -52 0
-2 -58 47 0
-22 -19 -35 0
38 29 -19 0
32 57 -20 0
-15 8 46 0
3 -24 28 0
47 20 41 0
18 34 26 0
-59 -23 37 0
25 19 -48 0
-47 36 -2 0
16 54 -30 0
-23 6 2 0
49 -5 -50 0
-16 -35 33 0
7 -59 52 0
25 23 -59 0
8 -4 -13 0
25 12 -37 0
23 -43 47 0
53 39 -27 0
48 39 29 0
-33 -51 -44 0
27 -4 -29 0
46 -4 59 0
-3 -21 -22 0
-14 -52 21 0
-49 11 -28 0
-59 -48 54 0
52 -18 -26 0
-22 58 38 0
55 -36 -18 0
39 56 46 0
18 -45 -46 0
29 19 17 0
-22 3 35 0
20 -24 -10 0
-33 -58 -25 0
4 -14 46 0
-35 -7 -21 0
15 44 46 0
19 53 13 0
-6 10 -3 0
-21 -48 9 0
-53 -29 -35 0
29 -7 38 0
10 -38 -2 0
29 -18 -5 0
50 -8 -54 0
-36 -30 -21 0
38 55 11 0
21 44 52 0
-50 60 -27 0
44 -25 -8 0
-30 -33 -4 0
23 -50 -55 0
-49 -43 57 0
-59 -49 -35 0
27 16 51 0
55 22 53 0
60 -32 50 0
-14 -27 -8 0
10 -30 42 0
49 4 11 0
-48 -13 35 0
9 -24 -10 0
-52 28 -5 0
-15 -52 -34 0
11 -46 -32 0
-55 -30 52 0
-41 49 40 0
46 -31 -43 0
-30 24 26 0
34 -38 23 0
-45 36 -16 0
18 56 12 0
58 14 30 0
-54 -49 8 0
13 59 -6 0
8 -30 -2 0
8 -44 -15 0
-20 39 5 0
9 34 -57 0
-31 -55 -54 0
-22 -29 46 0
13 -39 2 0
16 -18 29 0
-52 -16 39 0
-29 -49 -28 0
7 51 -2 0
-56 -53 -31 0
-35 12 -3 0
-14 53 21 0
-25 -11 -12 0
-44 -30 -21 0
-47 36 45 0
-27 -53 -50 0
49 -37 -36 0
26 13 60 0
13 10 -51 0
-6 1 -32 0
-50 4 17 0
43 4 33 0
32 39 38 0
26 34 55 0
40 -26 25 0
-1 14 32 0
-16 -13 -21 0
7 41 -32 0
19 44 5 0
-51 14 -42 0
-46 42 8 0
2 36 -10 0
19 36 40 0
-32 -56 50 0
-31 -57 -49 0
-44 -18 -7 0
3 -60 -38 0
47 -27 -15 0
-47 26 44 0
-20 43 -58 0
-36 -32 23 0
-23 -21 -42 0
46 29 25 0
34 -44 -1 0
-26 8 -20 0
-2 -49 -51 0
20 -26 -4 0
20 4 7 0
-57 58 12 0
53 -26 58 0
-4 59 -38 0
-10 49 60 0
-53 -36 -60 0
55 -19 41 0
-23 -11 -13 0
-25 -46 15 0
51 59 -32 0
-37 29 -14 0
25 52 -43 0
-52 12 -36 0
48 4 -17 0
-51 38 3 0
44 27 32 0
27 15 -28 0
36 -22 -27 0
-51 -28 52 0
3 18 -21 0
-28 -37 -34 0
-3 23 4 0
-60 -28 17 0
17 -7 -30 0
-55 10 1 0
11 51 -8 0
6 -20 41 0
-19 28 9 0
40 56 53 0
-44 -36 34 0
-44 17 -34 0
-45 -32 -58 0
-1 -6 5 0
46 51 -35 0
-57 -2 -6 0
-39 12 31 0
36 -34 -33 0
-52 -40 12 0
-37 20 -59 0
-60 -19 -17 0
-10 30 -44 0
-26 32 -55 0
58 39 60 0
8 -48 21 0
50 -24 -32 0
10 -21 58 0
7 56 -22 0
51 -38 -11 0
34 3 -50 0
-44 8 12 0
46 13 26 0
1 -59 34 0
60 -29 35 0
6 -30 2 0
40 46 39 0
7 39 15 0
-4 48 -12 0
-19 -51 32 0
8 48 -30 0
17 21 -10 0
7 -31 59 0
-49 57 26 0
-53 -39 56 0
-9 -27 13 0
13 -36 55 0
-51 -46 31 0
-23 -35 -50 0
-11 18 -38 0
-48 46 19 0
14 -59 42 0
34 -27 -8 0
40 10 34 0
2 50 -35 0
-5 25 -32 0
37 28 23 0
-27 22 23 0
21 -16 50 0
-43 -17 37 0
-39 23 -11 0
7 23 24 0
24 -38 -34 0
-20 33 -49 0
54 5 -40 0
-47 -58 -10 0
43 12 26 0
54 28 -53 0
31 -17 18 0
-41 19 55 0
-21 47 -36 0
-24 39 -46 0
-58 59 -51 0
19 28 48 0
23 53 4 0
48 -38 -25 0
55 -20 -46 0
30 14 -55 0
-10 6 -38 0
24 -38 59 0
35 34 17 0
-7 -40 33 0
23 -2 58 0
-12 -15 -57 0
-49 -14 -15 0
-47 -27 -14 0
-59 12 19 0
-20 56 -39 0
-24 38 -52 0
-21 34 -49 0
