p 86 366
53 1 69 0
18 61 -16 0
43 25 -85 0
-16 -49 38 0
10 14 65 0
-23 30 -6 0
-76 7 -82 0
19 -70 -28 0
44 -5 -17 0
47 -39 13 0
-7 -28 -86 0
-41 69 -22 0
-40 -60 67 0
36 52 23 0
27 9 -61 0
83 -56 -3 0
72 -53 -50 0
42 57 29 0
-3 -16 -37 0
-75 36 -35 0
47 -40 60 0
-4 -24 -76 0
-58 -60 -57 0
67 21 -80 0
-38 41 -65 0
-47 60 81 0
-39 -41 -55 0
29 -72 -62 0
-68 53 63 0
-40 84 -46 0
12 -23 4 0
39 -62 50 0
86 67 52 0
30 -86 47 0
30 83 -74 0
27 -26 7 0
65 -33 35 0
34 62 -41 0
-43 -42 -76 0
-49 -10 -60 0
-1 50 -25 0
73 1 9 0
2 62 86 0
-44 81 63 0
-11 -60 -72 0
-39 52 29 0
-64 4 -42 0
-66 -43 -4 0
64 -48 -57 0
-26 76 -3 0
84 75 78 0
32 33 -53 0
-48 25 39 0
9 -72 -19 0
58 -30 14 0
-76 32 53 0
86 -1 16 0
51 -56 67 0
-23 31 -78 0
-21 -73 50 0
-11 7 -1 0
-62 51 50 0
-41 -27 -18 0
38 -17 34 0
49 -86 30 0
-16 -45 25 0
-59 23 -26 0
45 84 76 0
-29 -24 -40 0
38 -64 -81 0
-46 -26 34 0
7 48 -76 0
-78 -3 60 0
8 42 -45 0
-24 6 9 0
75 6 16 0
5 -53 30 0
-10 -78 -34 0
-79 39 -82 0
11 23 48 0
-13 32 -42 0
62 -70 47 0
-30 83 38 0
85 3 -82 0
45 8 -69 0
-52 -53 24 0
-33 9 69 0
-86 -3 -47 0
-50 -82 19 0
9 62 33 0
-37 -6 57 0
60 32 5 0
-54 58 -7 0
-4 23 -51 0
35 -43 55 0
-12 -47 17 0
-9 -10 -49 0
-39 -50 38 0
55 -45 4 0
-10 78 -14 0
26 -16 -62 0
18 35 -22 0
-39 67 -44 0
69 15 47 0
85 -9 -78 0
24 -30 -66 0
31 56 23 0
7 83 48 0
75 -78 20 0
-83 69 -26 0
-67 -2 -29 0
64 65 81 0
-64 -31 39 0
86 18 -83 0
-59 -82 79 0
-8 25 -65 0
13 -36 39 0
82 81 -44 0
-36 -28 76 0
-1 -62 79 0
25 75 82 0
36 -19 12 0
16 -39 21 0
-84 -28 52 0
-84 -35 58 0
20 51 -72 0
27 60 78 0
19 -66 71 0
-43 -27 -40 0
-60 81 -63 0
-15 -39 71 0
-46 71 70 0
11 -20 3 0
73 -2 33 0
-3 -35 -22 0
15 -76 -23 0
20 26 -34 0
75 21 25 0
43 -3 -68 0
-81 66 -36 0
-68 42 -16 0
-54 45 19 0
14 -10 1 0
49 -23 82 0
78 41 -83 0
78 -71 -34 0
-60 7 77 0
-15 -49 -5 0
-34 10 51 0
-82 -59 2 0
85 -11 38 0
-67 54 79 0
31 -73 45 0
34 -51 -61 0
43 72 42 0
26 60 -1 0
-25 -28 5 0
57 58 -28 0
65 -27 52 0
17 47 22 0
-64 65 -73 0
-26 45 -44 0
25 77 4 0
20 -67 77 0
-50 49 18 0
-86 -54 -18 0
-42 -53 24 0
57 -36 50 0
81 49 -77 0
-49 37 26 0
39 12 61 0
-63 -15 17 0
-64 9 44 0
-86 -60 26 0
-55 -35 -81 0
69 50 5 0
-82 -56 13 0
-22 -66 1 0
-32 68 -67 0
-82 -70 -77 0
18 28 50 0
22 17 -28 0
85 51 47 0
-24 -46 -57 0
-57 17 -21 0
-49 -62 -59 0
72 -62 -4 0
-30 81 -9 0
-5 -45 22 0
-83 -51 -58 0
6 -60 62 0
-13 39 -52 0
-66 51 16 0
20 -57 -37 0
-7 -51 -76 0
20 21 53 0
-74 -13 63 0
-25 28 26 0
-57 3 52 0
-32 69 -1 0
-58 -18 6 0
43 14 -7 0
-74 -3 -11 0
-15 -38 -9 0
9 -41 6 0
-64 -32 -17 0
-4 -59 60 0
40 37 -86 0
-20 38 63 0
-55 47 -10 0
71 38 72 0
60 -28 -12 0
35 -32 -16 0
55 73 74 0
67 -65 45 0
16 -49 5 0
-61 9 -42 0
17 -33 -4 0
-80 32 22 0
82 86 43 0
-84 80 -50 0
22 74 84 0
47 34 -39 0
-7 -73 25 0
-68 -67 60 0
-56 -37 -8 0
2 33 -36 0
28 -46 -51 0
-62 34 61 0
-17 -33 -50 0
-43 48 36 0
-67 64 50 0
38 2 -36 0
75 50 56 0
59 -29 -75 0
-69 -5 10 0
-38 13 -30 0
73 -85 62 0
34 -28 33 0
-71 -30 -53 0
61 34 33 0
14 -6 -23 0
4 27 -25 0
27 23 -83 0
-47 51 -81 0
-42 45 55 0
-44 -53 -51 0
83 -82 59 0
-50 -32 -36 0
-13 39 -86 0
-13 -54 -15 0
-41 40 -21 0
-20 -86 67 0
-10 2 -19 0
60 20 -71 0
-55 53 -82 0
37 42 66 0
-11 -40 54 0
70 35 38 0
-81 49 75 0
-81 -18 50 0
-48 21 -61 0
80 47 71 0
6 17 -70 0
-20 -5 24 0
-43 -22 -59 0
-65 -83 12 0
55 -68 51 0
61 -79 16 0
51 47 -34 0
-30 68 -3 0
-23 46 29 0
62 -72 12 0
-45 -24 37 0
-25 73 -60 0
31 65 -8 0
43 -53 -76 0
-35 49 -67 0
20 70 47 0
15 -12 -47 0
-40 12 -72 0
36 31 50 0
51 64 -55 0
52 -5 -14 0
39 -19 70 0
-73 -27 -8 0
-33 73 14 0
-71 -65 1 0
59 23 24 0
2 -27 12 0
-35 72 53 0
60 -42 7 0
-31 72 9 0
-24 -1 -29 0
11 -6 -66 0
-25 -81 -26 0
3 61 64 0
-58 2 -26 0
35 -44 81 0
-72 58 39 0
45 -7 -52 0
11 49 -80 0
-33 -32 29 0
-85 -15 -12 0
1 41 23 0
54 60 -16 0
-11 56 43 0
21 57 60 0
-6 64 -11 0
-6 -77 39 0
4 -46 66 0
-86 -13 -32 0
33 38 20 0
29 74 -71 0
-74 15 73 0
-41 66 -39 0
59 -29 42 0
-86 28 17 0
7 62 19 0
-10 -66 -40 0
-10 -11 80 0
22 3 40 0
63 -1 36 0
23 -74 -29 0
-23 -55 -60 0
-35 -4 -3 0
-74 -50 20 0
-68 40 -16 0
-82 9 -24 0
-44 -1 84 0
49 46 81 0
61 19 81 0
63 65 -64 0
41 -1 -34 0
-48 -29 -52 0
-29 75 13 0
-58 30 -16 0
38 -58 -63 0
-76 28 -38 0
-82 2 69 0
-86 71 9 0
24 -70 -83 0
-40 9 -23 0
7 -76 -72 0
23 6 -35 0
13 -52 -80 0
68 -45 -7 0
-5 -50 -15 0
-1 67 79 0
44 -64 -36 0
-15 -39 -28 0
65 54 -6 0
-32 -69 84 0
55 73 -61 0
-35 -51 33 0
84 77 -61 0
16 -46 -37 0
-54 19 -48 0
-42 50 -69 0
8 -13 6 0
30 -74 -18 0
-40 -50 73 0
10 -54 -81 0
-73 -70 -51 0
19 -49 28 0
-53 -19 42 0
