p 46 195
-6 31 -21 0
34 1 -44 0
-3 -4 -18 0
-24 11 23 0
-27 20 -30 0
-15 -30 -44 0
-1 -43 24 0
14 -18 41 0
38 18 -28 0
46 -11 -33 0
-2 4 20 0
25 -27 -28 0
-8 -7 -40 0
9 11 35 0
14 -42 39 0
-37 4 14 0
-14 -9 5 0
2 -31 -30 0
16 42 38 0
-45 -7 -43 0
31 -15 39 0
35 -42 -45 0
30 -25 -12 0
-16 -2 10 0
13 -23 -17 0
25 -24 -35 0
32 -27 -29 0
35 22 -15 0
-36 -30 24 0
-40 41 28 0
-39 -18 1 0
-4 45 3 0
-40 -1 22 0
-18 28 24 0
-32 3 -12 0
31 20 44 0
18 11 -15 0
45 -11 -42 0
-6 -32 -16 0
22 43 -32 0
19 -31 -26 0
12 -9 27 0
12 7 21 0
11 7 -45 0
-3 21 4 0
28 -43 41 0
-24 1 42 0
10 17 -5 0
-20 44 -46 0
22 12 -3 0
-1 -45 -13 0
45 -42 -28 0
3 38 8 0
-6 32 -23 0
25 5 22 0
25 41 -9 0
-29 -30 41 0
-33 -17 35 0
33 -45 -14 0
45 -12 39 0
-2 25 39 0
37 -31 21 0
-2 -18 40 0
-29 39 45 0
25 30 -44 0
2 46 -31 0
-15 -12 46 0
-41 -1 -3 0
45 -33 3 0
12 16 -17 0
-15 -14 -43 0
37 -33 13 0
-29 -21 42 0
16 17 19 0
-44 -6 21 0
37 5 -27 0
27 -40 -42 0
-44 -27 36 0
29 14 -44 0
2 -30 20 0
12 4 40 0
24 -42 1 0
32 -4 -5 0
33 -3 15 0
-32 2 46 0
40 -21 41 0
27 -8 -13 0
-3 -14 -13 0
-5 41 14 0
-13 37 -2 0
-43 11 -10 0
-4 46 32 0
-32 -3 -4 0
40 -36 39 0
-32 21 25 0
-32 -10 20 0
-5 -37 -18 0
-43 -3 25 0
41 -34 -38 0
-39 -5 -12 0
-7 12 43 0
27 1 46 0
-43 -32 3 0
22 -45 -25 0
18 20 40 0
-8 -31 -12 0
-26 2 10 0
38 -3 -43 0
-2 -25 -38 0
-39 20 10 0
27 29 -11 0
27 -26 37 0
-22 -2 45 0
31 -36 -32 0
-23 -34 -30 0
-22 -41 -33 0
11 -8 -16 0
39 -45 20 0
46 -2 22 0
17 -12 14 0
-10 -39 -26 0
33 -17 -25 0
35 32 26 0
-8 2 18 0
35 21 24 0
-44 -12 -46 0
-45 41 43 0
-36 -2 -45 0
-23 -38 -20 0
20 -24 -11 0
6 45 4 0
30 -23 -32 0
39 -17 2 0
-30 24 -29 0
-26 36 13 0
45 16 9 0
-38 31 43 0
-30 46 -14 0
-26 41 -14 0
38 12 22 0
-3 4 -1 0
30 -42 22 0
-39 33 -35 0
-43 45 9 0
-27 43 24 0
20 -23 -14 0
20 -27 9 0
5 -27 46 0
-7 -42 -23 0
38 -35 -23 0
-32 -45 -30 0
38 4 29 0
-17 -24 28 0
-26 -33 19 0
-12 34 5 0
11 -31 10 0
1 -10 25 0
-36 -24 39 0
46 -14 -26 0
42 -45 20 0
38 -31 -13 0
-11 -35 -26 0
-32 21 27 0
35 40 -2 0
-3 39 41 0
-2 -8 -37 0
-29 18 11 0
-13 -21 26 0
7 4 11 0
-31 13 43 0
-20 -23 30 0
2 26 -42 0
29 25 -16 0
-39 46 45 0
16 -36 -40 0
24 40 -26 0
-30 44 -25 0
-45 31 -38 0
-8 -20 -16 0
17 -11 -6 0
46 -18 -30 0
32 -3 -24 0
-44 32 -42 0
35 -30 43 0
31 23 -1 0
21 6 27 0
1 -40 -44 0
-36 40 16 0
-18 45 -29 0
-21 39 -10 0
31 -3 -10 0
2 -1 -5 0
-32 -39 -17 0
-18 42 -46 0
-37 -35 -43 0
