p 74 315
35 37 -66 0
42 41 -3 0
-47 -14 63 0
-2 -28 -74 0
2 -19 52 0
-56 51 -4 0
-66 -69 -45 0
17 64 -69 0
21 -22 -49 0
-21 -48 -22 0
-42 70 34 0
-3 -21 53 0
-46 -15 72 0
-32 50 5 0
-30 27 -48 0
9 20 -66 0
67 23 -15 0
72 23 40 0
7 15 30 0
-41 -63 8 0
-72 -69 -8 0
23 -70 14 0
10 -52 42 0
58 -61 15 0
-66 -19 -43 0
56 -36 22 0
-16 14 32 0
63 -30 -59 0
-48 -41 20 0
13 17 19 0
47 10 11 0
47 -49 57 0
-42 -50 -16 0
-1 26 49 0
-55 -23 71 0
61 -41 -28 0
33 59 -41 0
-37 72 -45 0
35 -68 -41 0
-66 -16 -59 0
-68 58 -65 0
-68 34 24 0
-74 10 64 0
-56 -33 58 0
-10 17 14 0
52 -50 -58 0
23 -74 42 0
-57 -29 20 0
-57 11 24 0
-45 -20 53 0
-42 34 12 0
67 40 73 0
53 12 31 0
-18 -57 2 0
41 -65 16 0
-73 -37 25 0
21 24 -18 0
31 64 -2 0
72 -36 -31 0
30 -27 -44 0
34 -40 2 0
58 -12 44 0
12 -15 -10 0
-48 -13 53 0
-39 44 -33 0
1 21 41 0
-62 -37 48 0
-61 40 30 0
11 36 5 0
31 -20 -9 0
1 -29 -44 0
-4 -12 47 0
-2 -41 60 0
-19 -41 30 0
-69 -59 -4 0
-4 -23 -50 0
-72 -43 47 0
39 58 -22 0
39 -56 -5 0
-31 -74 65 0
-18 57 5 0
50 -61 -73 0
-62 -71 19 0
53 2 -32 0
-10 -20 43 0
-48 -51 36 0
59 -71 30 0
-2 62 13 0
-20 -41 -2 0
-42 -68 -52 0
-42 74 30 0
-28 7 73 0
-66 -70 74 0
28 52 10 0
-13 62 -72 0
5 -39 37 0
44 -25 8 0
19 -4 62 0
-20 -51 1 0
72 17 -30 0
-16 9 -61 0
-31 54 14 0
22 40 -55 0
68 40 70 0
-10 -15 28 0
20 -72 -29 0
-4 -68 -63 0
19 8 51 0
21 -37 -12 0
-52 64 -53 0
-67 7 28 0
3 37 -33 0
-70 3 -15 0
12 -46 -68 0
-28 6 -43 0
41 8 -69 0
-57 -30 74 0
30 -45 56 0
-10 43 -2 0
29 50 2 0
-52 -43 -8 0
-22 -54 23 0
50 74 3 0
27 -12 -59 0
-47 -51 39 0
-57 -73 -42 0
-70 1 -27 0
-48 -38 4 0
66 -47 -64 0
11 31 62 0
64 62 35 0
66 73 -36 0
-60 29 17 0
42 -10 -18 0
-57 -24 26 0
-37 -58 -40 0
13 -10 -25 0
-33 -74 -25 0
70 27 67 0
14 -23 -8 0
41 18 -53 0
61 -9 -43 0
-68 -48 -32 0
-47 -27 -35 0
-47 56 -12 0
2 -42 20 0
29 -66 12 0
-9 69 74 0
68 -14 -34 0
-73 -59 -55 0
1 25 -51 0
7 16 39 0
61 18 -59 0
-69 -52 56 0
-74 -63 55 0
63 45 -11 0
-9 -30 21 0
-65 -67 -70 0
22 -26 44 0
66 42 10 0
73 58 62 0
45 -40 62 0
-60 73 65 0
41 26 -68 0
-53 -21 -36 0
26 -22 -40 0
-69 20 19 0
-37 1 -21 0
67 -72 24 0
-11 -37 -44 0
45 -69 39 0
72 57 55 0
-4 -8 -54 0
-72 -24 -38 0
26 -10 -73 0
-45 -42 1 0
63 -25 -65 0
-58 -13 -14 0
56 44 68 0
-2 -24 7 0
-13 2 28 0
68 5 -51 0
-31 73 3 0
-68 -14 -42 0
20 -3 62 0
21 38 -45 0
-27 -16 11 0
6 -16 -72 0
-21 -26 2 0
59 -63 54 0
17 48 7 0
17 37 42 0
65 6 15 0
70 -14 -10 0
-15 -37 -23 0
-18 -10 4 0
-20 2 27 0
67 21 -33 0
-33 31 -46 0
39 71 48 0
46 57 -12 0
-39 -45 -47 0
-11 -73 26 0
57 63 -10 0
30 -74 20 0
-40 -43 66 0
4 37 -44 0
-5 19 -43 0
-45 -1 -36 0
3 44 26 0
-70 -29 51 0
33 4 -32 0
-64 21 -27 0
-62 55 43 0
43 -4 9 0
-3 -63 18 0
43 29 15 0
44 41 -60 0
62 -25 -37 0
-52 -74 7 0
-32 60 -65 0
18 -71 51 0
28 -45 34 0
-61 34 -40 0
38 -20 33 0
40 33 -52 0
-19 -25 24 0
-29 37 -10 0
42 -39 -70 0
19 -15 -51 0
-72 50 -63 0
-14 50 71 0
-40 -30 32 0
-34 -4 -62 0
43 42 -21 0
-68 60 65 0
-62 10 44 0
38 -32 60 0
-5 -36 19 0
-21 11 -5 0
43 39 -1 0
62 -8 37 0
-41 -57 20 0
-72 -2 -73 0
27 17 -72 0
50 9 -15 0
68 -30 -43 0
46 -1 47 0
3 5 -31 0
-33 -71 -27 0
-1 -50 43 0
-74 28 71 0
-40 -43 -71 0
-50 -4 59 0
-45 65 -49 0
40 15 25 0
68 36 43 0
60 45 -58 0
-21 -4 19 0
37 -15 23 0
-34 -33 -50 0
-32 9 -44 0
62 2 -65 0
-59 41 26 0
-3 63 22 0
-67 -49 25 0
45 -60 18 0
-54 35 25 0
-36 21 26 0
-23 -11 -41 0
39 -16 70 0
50 29 -54 0
28 70 66 0
-40 -38 -30 0
-18 -44 34 0
8 -66 -59 0
-4 58 -48 0
-3 -30 -61 0
24 -61 -13 0
53 -29 -3 0
38 31 72 0
-28 -55 8 0
63 54 29 0
61 11 4 0
54 30 -25 0
-73 -2 9 0
-66 70 -62 0
-12 -44 -42 0
59 -56 -10 0
33 -4 -57 0
2 -8 -47 0
-35 -21 14 0
49 63 -62 0
2 66 38 0
49 -62 12 0
-22 39 49 0
-38 -11 46 0
-6 53 47 0
5 -53 -17 0
-66 52 49 0
22 -25 -30 0
-64 12 -18 0
16 51 59 0
-52 -33 -39 0
27 11 -60 0
-16 -21 -68 0
67 -39 -8 0
13 -44 42 0
-46 28 47 0
25 -48 -27 0
68 23 74 0
36 -72 5 0
12 4 -29 0
40 -62 -48 0
27 -19 55 0
