p 28 119
-3 23 21 0
3 -18 -17 0
-11 -26 22 0
-5 -13 6 0
-22 -11 -1 0
17 -7 12 0
25 19 5 0
-28 9 -27 0
5 -11 2 0
-3 -11 1 0
1 -4 23 0
-2 -17 24 0
1 -6 -15 0
1 -26 9 0
28 -14 23 0
10 -22 -15 0
24 -8 -28 0
-13 -9 23 0
-1 25 -9 0
-21 13 -11 0
-18 1 17 0
17 23 -11 0
13 -18 22 0
1 -3 9 0
-16 -8 1 0
-13 16 -26 0
11 -4 -6 0
22 27 4 0
-26 -24 12 0
11 17 -19 0
-4 3 9 0
23 -10 -8 0
-5 -21 -2 0
-1 -10 -11 0
-1 -4 10 0
27 -5 2 0
16 -2 14 0
-6 -24 -7 0
15 1 -3 0
11 5 -9 0
11 10 -18 0
4 -1 9 0
-16 -20 -8 0
-19 1 14 0
12 -22 -10 0
-12 17 -11 0
26 -12 -8 0
-2 12 9 0
-10 -23 17 0
-4 -17 -7 0
28 13 -25 0
-12 19 23 0
6 -20 12 0
28 19 -7 0
1 24 18 0
17 2 1 0
17 6 21 0
-23 -2 3 0
20 6 8 0
27 17 -20 0
-25 27 -18 0
-8 -3 22 0
-5 -6 -11 0
-10 15 7 0
17 26 3 0
13 4 -3 0
-25 -4 26 0
-13 -28 10 0
26 -24 14 0
-2 -14 -26 0
13 18 -9 0
-17 10 -26 0
-15 22 9 0
20 12 -10 0
-20 11 22 0
-26 22 -15 0
-4 -14 17 0
-23 -12 8 0
-3 -23 22 0
-4 -22 -24 0
8 15 -24 0
4 19 9 0
15 27 24 0
6 -17 -24 0
-24 -16 -12 0
-6 20 -13 0
28 -9 10 0
26 25 27 0
2 7 10 0
-22 -14 12 0
-4 19 15 0
-27 -24 -10 0
4 -6 5 0
12 17 -6 0
25 13 -5 0
-4 -9 -18 0
-4 16 -19 0
6 2 5 0
-21 24 -6 0
-5 -14 13 0
26 24 -7 0
12 17 -14 0
-22 3 -25 0
-10 -18 19 0
24 -21 -10 0
-14 -24 2 0
2 26 9 0
25 -28 10 0
-18 -20 -25 0
-12 -15 8 0
-4 -16 -28 0
-12 14 26 0
20 13 -15 0
3 -28 -18 0
-3 -17 -8 0
22 20 -24 0
14 -26 20 0
-24 -19 -11 0
-21 3 -27 0
