p 43 183
-42 6 29 0
35 -2 -27 0
-35 37 42 0
-25 4 -36 0
-43 -26 -36 0
-2 -30 -24 0
-36 -37 -41 0
12 40 26 0
-14 23 30 0
9 19 39 0
-1 -15 5 0
23 -25 -39 0
-23 -30 1 0
16 15 27 0
22 -34 35 0
-13 42 -18 0
-5 -32 28 0
-31 34 20 0
-37 -40 -31 0
-27 22 14 0
12 -7 41 0
-17 22 -29 0
-4 -1 -3 0
-30 36 19 0
-2 -34 -35 0
36 33 28 0
3 -39 33 0
11 29 35 0
-1 5 -32 0
38 31 -7 0
13 26 40 0
-2 -20 29 0
-24 43 34 0
-20 8 23 0
28 41 -34 0
7 37 -38 0
-19 -24 33 0
-8 41 -2 0
-8 40 -14 0
-27 -40 -20 0
41 -11 23 0
-4 3 -22 0
28 26 12 0
35 -24 -1 0
36 39 -32 0
15 -9 -26 0
-27 -28 23 0
26 -35 -27 0
-15 -41 10 0
23 27 -22 0
-22 16 -18 0
-41 -20 -9 0
-16 10 8 0
25 24 -29 0
-11 -14 -34 0
15 -11 16 0
-14 42 29 0
24 -9 -40 0
19 -40 7 0
-30 31 -19 0
38 27 35 0
-34 -1 24 0
20 -26 6 0
-41 -34 -11 0
23 38 -32 0
-4 -7 19 0
-32 33 -9 0
36 -14 42 0
35 3 17 0
-4 39 24 0
31 43 10 0
27 32 23 0
32 -30 42 0
-12 -23 13 0
-19 -43 5 0
-11 -2 22 0
6 12 -20 0
35 18 37 0
-22 31 -34 0
17 -11 -10 0
-35 -16 -5 0
-13 37 -2 0
-28 22 30 0
38 27 -31 0
42 -10 43 0
-11 -12 -16 0
19 12 16 0
-33 -15 -29 0
-6 37 1 0
-6 42 14 0
9 -24 15 0
-35 40 -17 0
-23 -29 -38 0
-1 39 33 0
10 42 4 0
25 14 39 0
36 -24 9 0
-21 -3 -42 0
11 -22 29 0
34 21 29 0
25 -18 29 0
-43 30 20 0
12 5 -15 0
-42 32 23 0
34 -9 -39 0
7 13 25 0
-12 -43 29 0
-2 19 43 0
-9 -13 -14 0
-21 38 -43 0
28 -14 1 0
-33 -24 10 0
4 29 -31 0
3 -27 -38 0
-10 -6 36 0
42 -4 -39 0
4 30 7 0
-18 -23 40 0
7 -2 18 0
33 -39 -26 0
36 -20 -4 0
6 -28 -40 0
-37 -1 40 0
2 5 35 0
-31 -17 37 0
-16 30 28 0
-10 5 -39 0
11 -43 21 0
-10 -7 -9 0
37 -6 38 0
32 19 -31 0
33 -10 28 0
-16 42 -18 0
-16 -19 37 0
-19 24 16 0
1 -5 8 0
20 39 -28 0
21 -6 43 0
-25 4 -33 0
18 -35 42 0
-5 -26 25 0
-8 26 28 0
-28 -36 31 0
-39 19 35 0
-35 18 -40 0
-17 13 -22 0
28 9 41 0
39 -27 -21 0
36 -6 20 0
-32 -7 2 0
33 10 -2 0
-19 -16 -26 0
-25 -28 11 0
24 13 -37 0
2 -17 26 0
-16 -19 18 0
-35 -28 17 0
-27 -4 6 0
-7 5 27 0
-6 42 -17 0
-24 4 26 0
1 -21 -7 0
-2 -31 18 0
39 -24 30 0
23 31 -33 0
41 -34 -13 0
23 28 20 0
26 17 -21 0
13 -41 25 0
-11 6 35 0
33 43 7 0
9 -30 23 0
43 35 -37 0
32 31 6 0
-26 -6 -23 0
12 -36 39 0
31 -7 -42 0
10 21 19 0
26 -36 -27 0
7 36 3 0
-4 -8 37 0
42 22 9 0
-3 -31 -33 0
