p 78 332
19 -4 -21 0
8 -36 -38 0
78 52 -20 0
67 3 -15 0
59 47 35 0
-62 75 -9 0
53 -33 12 0
-49 -70 -57 0
29 -32 38 0
8 -62 38 0
14 1 -21 0
17 70 -16 0
-39 13 -56 0
-15 34 -37 0
59 -42 67 0
-65 -60 33 0
74 -51 -77 0
74 5 -75 0
-29 -71 70 0
-63 1 64 0
-55 -65 -37 0
77 -63 -59 0
-49 -19 -6 0
44 42 64 0
63 -45 56 0
-69 25 -63 0
-69 -62 38 0
78 -10 -37 0
58 -46 10 0
47 -12 48 0
49 30 20 0
-38 61 2 0
49 -3 -70 0
-70 22 -8 0
-72 56 -78 0
52 6 -31 0
-23 -25 49 0
-6 -22 50 0
-28 38 54 0
-9 -49 8 0
-77 34 -2 0
66 33 60 0
6 -60 -75 0
-60 73 -40 0
14 63 -5 0
-3 62 -30 0
-18 -77 -65 0
28 20 -10 0
43 -26 2 0
-3 32 28 0
40 -29 -5 0
28 3 25 0
15 -5 -46 0
40 20 13 0
66 10 -3 0
-43 61 -23 0
-4 1 5 0
-36 -65 7 0
-13 -64 -3 0
-5 43 -9 0
-32 29 -49 0
-36 -9 -47 0
18 -75 -26 0
-59 19 -62 0
-35 -41 -60 0
20 -50 10 0
-67 9 -1 0
34 4 -58 0
1 -53 -3 0
26 42 -38 0
62 -30 2 0
25 52 -15 0
45 52 65 0
-48 47 -40 0
49 3 54 0
25 46 13 0
63 16 -1 0
-62 18 7 0
46 -51 -72 0
-10 -68 -53 0
75 24 -35 0
42 47 61 0
-72 -11 19 0
-72 5 65 0
57 -70 -28 0
-70 50 59 0
64 -18 54 0
-60 -35 77 0
57 -47 -75 0
11 -44 62 0
-14 62 -20 0
61 -58 -38 0
40 -8 -18 0
-60 -41 53 0
77 -46 -45 0
28 -60 -70 0
-10 -63 -67 0
-60 -27 -37 0
27 -53 -20 0
36 -71 -78 0
43 31 -27 0
-11 38 78 0
9 -17 65 0
-73 22 -2 0
-48 12 74 0
-17 -77 -31 0
40 -37 -77 0
-15 -18 -51 0
72 68 41 0
23 -45 -37 0
61 60 -40 0
-20 62 -75 0
-2 6 51 0
5 3 4 0
-44 22 -60 0
62 -16 -7 0
-18 -6 64 0
-56 -29 -55 0
-32 46 -23 0
78 -24 10 0
64 -19 61 0
-67 27 71 0
23 -49 -6 0
51 33 -58 0
-14 53 4 0
74 -65 27 0
47 -64 -15 0
-38 -46 74 0
-61 58 -27 0
-40 55 35 0
54 -48 31 0
-55 -24 42 0
26 -76 -44 0
-42 -48 62 0
7 42 44 0
7 39 -17 0
65 -50 -25 0
21 55 11 0
68 -8 33 0
5 78 11 0
67 74 56 0
-51 -74 46 0
37 9 -72 0
-15 71 -78 0
-20 69 -3 0
38 -59 72 0
44 -30 1 0
-55 -40 28 0
19 -5 -68 0
-54 36 -30 0
-32 -20 -7 0
-8 4 11 0
40 50 -27 0
-40 -42 1 0
-7 43 53 0
-28 67 -9 0
39 -22 72 0
-21 -13 -52 0
58 -71 -5 0
-55 -49 20 0
-31 -22 76 0
5 -1 78 0
-55 -15 -75 0
-71 -73 -15 0
-65 19 52 0
-55 60 -27 0
47 20 -52 0
-28 -6 -72 0
44 36 54 0
-40 -78 38 0
53 52 -33 0
10 -20 -58 0
-53 22 46 0
-48 -51 -20 0
4 66 55 0
13 -52 72 0
-27 -36 -61 0
-3 78 60 0
-51 69 77 0
64 72 -39 0
-64 46 53 0
-32 -39 -73 0
-17 63 -26 0
-34 38 27 0
61 -72 -48 0
53 -22 43 0
-28 -35 -70 0
78 -41 69 0
74 -35 -66 0
38 -65 -63 0
67 16 25 0
-69 -18 -41 0
33 -39 -52 0
70 -30 -4 0
66 -2 68 0
68 15 -74 0
76 2 51 0
-16 -11 18 0
-69 78 -19 0
9 78 53 0
59 76 -7 0
65 56 5 0
50 -20 -25 0
-19 -20 -40 0
23 12 -24 0
-53 -30 58 0
-4 -76 -19 0
-2 -21 -6 0
13 -73 -56 0
32 28 5 0
-48 -58 -50 0
-7 68 -2 0
67 21 55 0
-38 -13 64 0
-42 12 23 0
41 40 -73 0
51 59 -57 0
-25 -8 -76 0
-49 47 -2 0
-54 4 -78 0
-38 26 16 0
44 28 38 0
2 -67 29 0
-73 -5 -62 0
-66 -76 -11 0
75 -34 -19 0
52 -8 -67 0
4 -68 -76 0
41 -37 47 0
-70 26 -41 0
39 -4 65 0
-55 -70 -17 0
49 -8 -70 0
-21 -38 -60 0
14 9 -30 0
-67 -39 35 0
29 -1 -24 0
74 -71 -7 0
-67 64 44 0
45 -69 7 0
43 23 -40 0
-51 -23 -46 0
-24 -61 22 0
64 55 -69 0
35 9 -41 0
74 -5 -37 0
-15 -75 -38 0
36 -26 -58 0
39 -65 -56 0
55 -31 -33 0
-22 40 23 0
23 4 5 0
-32 77 -70 0
-55 -21 63 0
-33 -8 -47 0
76 -43 -66 0
51 18 63 0
5 69 -6 0
53 -6 -64 0
-15 -42 -47 0
-21 15 8 0
70 18 49 0
70 47 77 0
-49 -72 -8 0
78 -33 62 0
57 51 19 0
-5 64 -39 0
20 -47 -55 0
-17 -73 61 0
-25 55 -40 0
72 -43 -39 0
-76 5 59 0
-21 44 74 0
54 -52 15 0
-74 -57 48 0
55 -40 20 0
68 64 -16 0
59 63 2 0
-65 -66 54 0
-47 -60 -8 0
30 42 40 0
-23 34 10 0
-70 -43 73 0
-54 -31 34 0
12 -34 67 0
-7 21 45 0
59 21 56 0
-62 51 37 0
-41 18 25 0
-46 -27 52 0
71 -72 -54 0
-58 -29 67 0
21 23 -22 0
-19 47 40 0
58 -50 70 0
-22 5 31 0
-31 -50 58 0
-50 3 -61 0
-23 67 35 0
-72 -61 -68 0
-59 55 -31 0
28 -7 -16 0
38 -37 -45 0
36 -44 -11 0
36 10 77 0
46 19 -17 0
55 -38 9 0
35 -15 72 0
36 51 -3 0
-8 55 -2 0
13 64 27 0
36 -46 -47 0
71 -21 68 0
3 14 57 0
49 1 -14 0
-60 69 76 0
60 -23 9 0
52 51 -62 0
-55 -31 22 0
43 37 -7 0
-8 60 -54 0
37 73 -35 0
-40 50 18 0
11 33 -6 0
-61 -41 70 0
-40 50 62 0
68 74 -29 0
1 76 -42 0
-34 48 -74 0
-26 57 -12 0
48 -69 66 0
-70 -21 -65 0
