p 91 387
-74 -28 -58 0
-70 -90 -24 0
-39 -48 -8 0
8 -46 23 0
67 88 -22 0
18 61 -64 0
-65 -44 -66 0
-39 -32 -29 0
78 -57 45 0
14 -60 -48 0
-63 82 65 0
-50 77 -78 0
-54 51 -14 0
28 -46 10 0
-10 -82 -67 0
14 47 -45 0
28 -35 40 0
-17 -57 -34 0
-46 84 -41 0
-7 25 64 0
-23 60 -30 0
6 14 13 0
-40 -69 20 0
-71 65 -49 0
-14 41 6 0
-43 -64 68 0
54 -73 -71 0
1 -15 80 0
69 16 31 0
54 87 39 0
-84 -22 25 0
-51 60 54 0
70 -53 13 0
22 -43 85 0
-2 51 20 0
-34 22 -42 0
-56 -15 14 0
41 -29 -46 0
76 -10 71 0
29 35 -54 0
-9 -17 -22 0
70 -4 22 0
-28 91 -55 0
-26 -12 48 0
-10 14 -51 0
43 23 42 0
1 -61 77 0
65 36 5 0
-20 45 -81 0
-18 67 -6 0
-33 -36 -22 0
23 66 -85 0
-80 -1 -29 0
73 -62 53 0
-45 86 20 0
-40 37 -70 0
69 22 -49 0
-16 6 3 0
-38 11 88 0
90 31 -68 0
66 -48 -4 0
-11 3 -10 0
41 -39 -29 0
89 44 75 0
-90 -3 -18 0
-73 -45 37 0
27 -35 -5 0
-56 87 -50 0
-81 54 -22 0
-38 -31 -87 0
13 19 66 0
-28 82 -22 0
44 -85 6 0
58 60 -66 0
18 47 1 0
14 43 80 0
-18 24 -80 0
13 -4 1 0
-53 -62 -84 0
-22 -77 84 0
53 -12 -11 0
-57 84 -33 0
-18 -68 61 0
-3 32 50 0
67 57 -59 0
5 -51 -32 0
9 44 19 0
21 82 -48 0
-72 -65 -10 0
-28 30 71 0
25 -14 -9 0
-44 52 13 0
-86 71 79 0
63 36 7 0
-53 18 35 0
72 21 67 0
-20 -34 -3 0
-69 -42 -34 0
-73 -54 -91 0
87 12 19 0
75 -13 11 0
25 -65 53 0
-81 15 19 0
88 -31 66 0
5 -79 -53 0
14 -16 48 0
40 62 53 0
-67 -30 36 0
64 6 -17 0
90 40 16 0
28 23 -81 0
75 -79 -47 0
29 21 53 0
-11 -55 45 0
77 -80 46 0
1 -17 -58 0
-30 36 -13 0
-83 23 -67 0
-41 -75 -72 0
71 -73 -87 0
36 -11 27 0
21 -36 -24 0
41 86 -61 0
70 60 48 0
-27 -19 59 0
-14 50 33 0
-43 19 -36 0
-26 24 32 0
-24 -60 89 0
-9 15 -57 0
29 68 53 0
-8 -63 75 0
-5 21 -6 0
74 37 31 0
-47 39 -10 0
10 30 -34 0
-64 74 -49 0
55 42 -69 0
84 -12 66 0
-20 19 -78 0
-30 22 -40 0
88 -9 31 0
76 46 88 0
72 -42 4 0
-20 -66 61 0
77 90 21 0
-38 70 -48 0
13 -6 80 0
-82 26 -54 0
-73 -59 -85 0
-56 49 -55 0
36 23 1 0
-56 84 -30 0
44 82 -3 0
-46 13 88 0
45 -28 41 0
-76 39 -72 0
83 -24 19 0
9 4 30 0
59 -85 73 0
63 -3 26 0
-91 -72 -76 0
77 -29 31 0
9 -65 -80 0
-31 44 27 0
1 56 -88 0
57 50 63 0
32 -26 -76 0
-42 57 82 0
-1 5 84 0
-86 65 68 0
-54 -18 47 0
67 -26 58 0
-63 -20 22 0
50 -83 15 0
38 10 86 0
83 -37 56 0
-53 -4 -15 0
35 18 -15 0
4 -83 40 0
-51 -34 -3 0
90 60 47 0
39 25 71 0
-38 64 -67 0
77 -82 36 0
-61 87 13 0
34 57 41 0
-46 68 -37 0
3 36 -69 0
-43 28 38 0
42 40 -72 0
14 -54 76 0
-24 -84 18 0
55 -5 38 0
9 -27 49 0
-66 81 -73 0
73 79 77 0
-54 -37 35 0
63 -10 41 0
17 -28 47 0
-50 -24 -14 0
50 -43 5 0
46 -76 -87 0
27 -68 -9 0
-24 48 -42 0
-38 91 -90 0
-3 -39 -55 0
-37 78 33 0
-85 -42 -86 0
11 -84 69 0
-1 -16 91 0
-4 -48 -22 0
33 -46 -3 0
10 77 82 0
12 70 -25 0
30 78 -58 0
-62 -76 35 0
-16 8 -72 0
38 -86 -60 0
70 32 -62 0
56 -88 -21 0
27 -85 -82 0
60 -69 -26 0
-2 -76 31 0
10 56 41 0
-1 87 -90 0
32 27 52 0
-58 87 68 0
-16 -42 6 0
-58 76 -8 0
34 1 38 0
13 -11 -84 0
-56 90 -76 0
32 -20 -53 0
88 56 -76 0
90 86 -84 0
19 -40 -59 0
-90 -14 -39 0
-14 -35 -81 0
-84 -46 58 0
11 22 45 0
-75 57 40 0
9 -51 5 0
-55 -66 -64 0
82 89 84 0
-81 91 -47 0
77 84 -18 0
-76 -83 -81 0
79 -53 28 0
-35 -69 55 0
71 -69 -7 0
69 36 -6 0
-11 61 41 0
47 -32 -51 0
64 -65 74 0
-30 82 66 0
39 -60 34 0
8 -5 -20 0
42 82 -66 0
75 39 -1 0
-35 72 64 0
-6 23 -42 0
-89 -77 -41 0
-70 57 -4 0
76 -12 -66 0
-89 9 -16 0
-86 -6 37 0
-45 -90 -13 0
-20 -38 18 0
17 73 -24 0
-56 38 -68 0
37 53 -33 0
77 -15 -10 0
-52 13 -24 0
-82 89 -90 0
2 87 46 0
-71 38 78 0
-34 5 14 0
50 83 -52 0
28 -5 17 0
-55 -41 -43 0
-21 35 -87 0
-29 -74 -56 0
88 -82 -57 0
-75 -3 62 0
61 34 64 0
-13 -61 -77 0
53 44 14 0
13 -80 -16 0
-32 -19 -42 0
-66 -25 83 0
-44 91 -3 0
-19 -73 91 0
39 51 65 0
88 -3 -71 0
-64 10 16 0
52 13 -71 0
5 -2 -30 0
47 50 11 0
-42 -13 -4 0
73 48 38 0
-44 -71 91 0
-71 87 33 0
16 3 84 0
41 -82 59 0
23 4 50 0
-40 -8 -3 0
47 61 -76 0
28 -54 13 0
8 84 -4 0
32 -18 -80 0
-82 -19 -20 0
24 -88 19 0
-73 -52 -68 0
25 -54 43 0
43 62 -78 0
67 26 2 0
33 -60 -74 0
-14 41 -61 0
35 -56 -37 0
-9 -72 48 0
-22 -14 -71 0
44 52 -88 0
-56 -30 -12 0
-61 22 -9 0
-27 -59 -56 0
-46 26 8 0
51 61 34 0
-64 -54 39 0
-63 5 16 0
59 32 54 0
23 -61 66 0
18 31 63 0
-50 -42 57 0
58 -10 -69 0
-33 -44 -52 0
-69 -41 -76 0
-3 72 76 0
-87 36 -6 0
-58 38 -81 0
-58 29 5 0
-9 63 58 0
30 63 47 0
78 -27 89 0
15 -58 -55 0
-40 36 44 0
-31 -84 58 0
24 -77 -10 0
41 -5 -44 0
90 -38 -64 0
-13 -32 -22 0
-46 90 -31 0
88 -79 87 0
-44 56 73 0
-2 -75 59 0
27 -44 -3 0
-63 -12 15 0
-91 -25 -8 0
66 -52 -38 0
81 -8 80 0
-1 40 -77 0
-69 -91 -62 0
88 19 66 0
-75 12 -81 0
14 49 24 0
4 50 67 0
37 -46 -8 0
-2 61 -85 0
56 -27 -14 0
-24 -49 44 0
-56 -39 33 0
-60 31 14 0
-14 66 -46 0
66 8 -43 0
74 -12 -44 0
-55 -15 -12 0
81 22 74 0
88 91 67 0
73 27 51 0
-29 72 -46 0
-16 -18 -45 0
-34 27 -68 0
36 -42 53 0
32 -13 -53 0
5 60 -47 0
-30 81 22 0
-57 -14 11 0
