p 16 68
3 -5 -10 0
1 8 15 0
-3 -8 -13 0
-6 -15 -12 0
8 -15 -1 0
-1 -5 2 0
-3 -14 -12 0
4 -3 -8 0
3 -10 16 0
11 -2 -10 0
-14 -10 16 0
-12 -14 10 0
-16 -3 12 0
2 10 15 0
11 13 -8 0
-15 -1 -3 0
-3 8 10 0
6 14 -9 0
6 13 -9 0
-5 -13 -16 0
6 -12 16 0
7 -16 4 0
-8 -16 15 0
-16 8 -11 0
14 8 -15 0
1 -7 10 0
13 9 6 0
6 -13 15 0
-11 -16 12 0
-3 -8 -14 0
-15 -1 -12 0
-14 3 8 0
15 4 -14 0
-3 1 9 0
4 10 16 0
16 -15 3 0
13 -2 5 0
-11 -6 8 0
-4 5 6 0
-16 13 -15 0
16 10 4 0
2 1 -12 0
-4 6 -2 0
14 -8 -3 0
-13 -15 11 0
-2 6 -10 0
12 7 -1 0
-8 5 10 0
13 14 6 0
-3 16 13 0
-15 16 -5 0
-12 11 5 0
11 -5 13 0
15 7 -2 0
14 12 -4 0
11 -10 -1 0
-14 15 4 0
16 -1 -6 0
13 4 -1 0
8 -6 16 0
14 -9 12 0
-7 -12 -6 0
-16 9 5 0
13 -2 -4 0
3 11 -15 0
-14 -10 -16 0
-7 4 16 0
16 -14 -12 0
