p 53 225
26 -46 -23 0
23 40 31 0
-9 -15 -40 0
16 31 -1 0
-52 29 26 0
24 27 48 0
-7 -43 6 0
2 23 8 0
29 -34 -6 0
31 2 -22 0
34 49 51 0
-11 4 28 0
38 -30 42 0
14 -6 34 0
-26 37 1 0
14 7 2 0
10 -21 26 0
-47 -46 -36 0
2 -38 21 0
42 -45 -40 0
42 -23 47 0
-43 32 -31 0
-46 -34 23 0
-20 40 51 0
12 23 -43 0
9 -18 30 0
-16 30 -34 0
-44 -46 48 0
-37 1 -35 0
44 7 -36 0
-16 13 -18 0
-46 29 -36 0
19 -18 -44 0
-17 -42 -13 0
-14 42 -2 0
14 44 -29 0
19 25 23 0
51 14 10 0
-14 -9 -15 0
-43 45 -39 0
3 -49 -10 0
-43 -41 -4 0
-33 6 41 0
-35 -6 -30 0
-49 46 -52 0
35 10 -39 0
46 -37 13 0
3 31 -13 0
20 34 -3 0
27 15 -6 0
-48 34 -35 0
-47 39 -12 0
-53 45 7 0
38 -23 32 0
-36 7 18 0
-21 36 -22 0
-27 51 -19 0
-18 29 -9 0
-50 -9 39 0
-48 -26 1 0
-20 1 5 0
-11 50 31 0
-32 19 -14 0
48 24 -49 0
-32 -2 -27 0
44 2 -36 0
-22 -1 49 0
20 -26 40 0
12 -44 -11 0
-33 -41 8 0
-48 35 51 0
31 -43 -27 0
-8 -38 26 0
-10 46 13 0
5 -6 10 0
31 -14 3 0
44 35 -1 0
-20 -47 21 0
26 47 4 0
16 -31 12 0
-34 -32 -11 0
31 2 -17 0
-29 -3 32 0
-18 -2 16 0
21 -46 -18 0
50 24 -11 0
-47 5 46 0
-50 -21 43 0
46 -23 29 0
-31 -2 -21 0
3 -40 2 0
26 13 -14 0
-45 42 -30 0
-6 -36 -16 0
17 44 -9 0
6 -10 -46 0
-11 -15 34 0
-7 -5 11 0
16 -43 53 0
50 -17 -32 0
16 49 -11 0
-42 -10 -30 0
50 7 40 0
-18 -5 -51 0
39 -1 30 0
37 16 8 0
42 2 35 0
1 -34 -49 0
-40 -53 -30 0
-38 1 24 0
-22 48 -13 0
8 52 47 0
-52 30 24 0
38 -19 23 0
39 18 -46 0
-34 -40 -20 0
5 52 -22 0
28 -12 -26 0
-7 49 -48 0
8 -20 -5 0
-5 2 4 0
38 -7 16 0
-17 -52 -33 0
-48 -31 21 0
35 8 11 0
41 10 44 0
-24 -36 50 0
-21 -13 44 0
18 -7 12 0
-1 38 42 0
-40 15 -31 0
-34 -37 27 0
-16 35 22 0
31 -50 -4 0
29 28 -2 0
10 36 -3 0
-47 22 -49 0
53 45 -52 0
-39 31 2 0
17 -11 12 0
-47 -10 -24 0
44 -37 -13 0
30 -28 -29 0
38 6 -42 0
-50 -21 -23 0
-42 13 -50 0
39 15 -13 0
-4 3 40 0
31 -22 -17 0
29 -25 -9 0
51 -32 -31 0
-11 -29 -39 0
-4 -29 -32 0
-33 46 40 0
31 -47 -15 0
-49 -44 21 0
-36 -37 -25 0
40 -42 10 0
40 -18 23 0
33 -13 -49 0
39 -21 -29 0
-20 3 -41 0
13 4 -26 0
8 -1 21 0
26 43 19 0
-27 16 -3 0
44 -9 -33 0
21 1 -29 0
8 11 3 0
-13 6 -45 0
-20 14 -11 0
1 -35 48 0
-28 6 1 0
43 -52 15 0
-45 -18 -13 0
48 -2 -34 0
41 -49 -24 0
34 -30 -45 0
-5 2 38 0
17 24 -51 0
-42 9 6 0
17 36 -33 0
32 17 40 0
13 51 -30 0
-37 -23 -33 0
-40 -39 -16 0
-41 30 43 0
-52 36 33 0
3 -23 -39 0
-48 -46 -28 0
-1 -17 -5 0
34 -43 -18 0
26 45 -2 0
-26 -5 -15 0
7 -52 -12 0
39 -15 -20 0
26 -22 -50 0
25 -19 -43 0
33 -17 -2 0
-16 10 1 0
-36 -38 -51 0
-3 1 27 0
32 48 -18 0
-25 47 -10 0
-29 35 26 0
11 -37 25 0
21 4 20 0
-30 43 29 0
34 9 -24 0
33 22 -29 0
-16 -10 2 0
-24 -4 -38 0
-33 40 17 0
23 -49 -1 0
4 -8 44 0
-38 22 -1 0
-52 19 2 0
4 51 20 0
-33 -3 51 0
49 21 29 0
52 20 1 0
30 -26 -33 0
-31 52 51 0
-4 -23 21 0
47 -20 -30 0
