p 18 76
-12 13 1 0
12 3 -1 0
-5 15 -8 0
11 -6 -2 0
15 -17 12 0
-17 10 -5 0
14 18 15 0
6 10 -4 0
-6 -14 -4 0
9 -14 5 0
-10 13 14 0
5 1 -7 0
3 12 -5 0
-4 17 13 0
-2 -18 -3 0
-13 -11 -5 0
-13 5 -12 0
-6 8 4 0
8 -4 13 0
17 -1 16 0
-10 -6 18 0
-5 10 -7 0
-13 -1 -8 0
-12 17 -7 0
14 -3 -15 0
12 17 1 0
2 14 16 0
5 12 16 0
-16 10 11 0
1 10 -15 0
9 -14 -16 0
-14 16 -6 0
-17 12 -15 0
13 3 -17 0
-13 10 -5 0
-6 11 -13 0
15 3 -11 0
8 9 -6 0
12 -4 -8 0
2 -3 -7 0
-18 8 16 0
-18 -17 6 0
10 14 3 0
-8 -13 15 0
15 12 -1 0
-8 6 -14 0
-9 3 8 0
6 -1 12 0
18 -1 -14 0
-10 -9 -12 0
1 -14 17 0
-8 9 14 0
-6 7 -17 0
9 -15 -1 0
4 -14 -3 0
-9 -2 -4 0
-6 -13 17 0
13 2 -12 0
-12 11 14 0
-15 -18 -10 0
4 -12 -5 0
-17 -9 1 0
-15 -9 -4 0
-15 -12 -14 0
16 -6 15 0
14 -3 6 0
13 9 -18 0
10 4 -17 0
3 5 16 0
15 1 -9 0
-6 16 7 0
-11 1 2 0
-14 -15 -16 0
8 18 6 0
15 -1 -6 0
17 -12 -9 0
