p 22 93
-5 -22 -2 0
10 18 -19 0
20 6 7 0
5 -12 8 0
-11 -1 3 0
-3 -15 -10 0
3 -10 -2 0
1 4 -2 0
-17 16 4 0
-21 -12 -14 0
21 -13 9 0
-7 -3 -21 0
6 20 -10 0
11 -12 18 0
-17 22 -2 0
6 -9 -18 0
6 17 -12 0
-20 21 14 0
4 -13 14 0
-17 15 -14 0
21 -10 14 0
-5 -9 18 0
13 9 19 0
-16 20 -19 0
18 -19 -2 0
-9 21 -18 0
-13 15 -19 0
13 17 4 0
-12 -5 -2 0
21 -4 17 0
9 -16 13 0
-2 -13 1 0
-22 -9 14 0
-10 -17 14 0
-8 1 2 0
16 -2 -4 0
11 -20 22 0
20 -4 6 0
-2 -1 10 0
15 2 -8 0
4 8 -20 0
-19 -12 -9 0
17 7 -20 0
19 15 11 0
7 8 -11 0
-18 11 -15 0
-8 5 -17 0
-21 13 -20 0
-11 -18 -16 0
-17 -2 -6 0
9 4 -2 0
19 11 -3 0
-7 21 14 0
6 14 -15 0
7 17 -19 0
-18 -22 6 0
3 -15 17 0
-9 16 20 0
17 5 -3 0
16 14 -13 0
-8 7 -17 0
18 -22 -10 0
7 10 18 0
-12 11 9 0
11 12 -10 0
18 -7 1 0
7 -11 -5 0
-13 -22 -9 0
9 10 5 0
-9 4 -12 0
4 20 -6 0
16 1 15 0
5 14 -8 0
-1 -6 -14 0
-22 12 6 0
-7 -11 -2 0
-5 -4 9 0
-16 -2 22 0
15 -17 16 0
19 -14 15 0
-8 15 11 0
1 13 7 0
18 12 10 0
-12 19 -15 0
15 -2 -12 0
1 16 -21 0
17 21 -1 0
16 -13 18 0
-16 -14 -3 0
8 21 12 0
-11 21 7 0
-2 17 5 0
-22 8 -10 0
