p 77 328
41 -72 76 0
4 43 -14 0
74 -59 -18 0
49 60 -25 0
-55 13 58 0
-59 44 5 0
-63 -49 -8 0
-36 6 77 0
9 -37 -10 0
39 14 -2 0
14 23 -60 0
-31 -62 -48 0
61 22 59 0
-73 39 74 0
55 63 33 0
7 -51 -49 0
-71 40 51 0
5 -10 -52 0
60 28 -16 0
33 23 60 0
-28 59 46 0
33 -10 27 0
29 -5 -65 0
-17 -45 4 0
65 62 -18 0
-66 49 1 0
54 -41 -25 0
2 -41 27 0
-60 77 -34 0
-10 -77 -17 0
4 6 14 0
25 -35 44 0
49 19 -38 0
5 12 26 0
64 41 59 0
46 49 -28 0
68 -23 -1 0
37 71 12 0
-74 -50 24 0
-66 -46 53 0
-8 -62 76 0
-68 -51 -10 0
9 46 52 0
8 71 -33 0
-39 -70 -55 0
47 -34 -36 0
-3 32 59 0
71 -60 -68 0
34 19 37 0
-56 45 -8 0
13 38 -62 0
-34 46 57 0
23 -4 -8 0
-21 -77 -29 0
-59 13 4 0
-20 -66 -30 0
28 -15 1 0
23 17 9 0
-66 35 12 0
-39 66 3 0
2 -68 -50 0
-58 -27 51 0
-5 24 -21 0
-8 -21 39 0
-58 49 -36 0
-60 -39 47 0
27 -62 -32 0
4 37 23 0
-18 -67 -16 0
5 72 63 0
-48 39 -21 0
-44 -40 47 0
6 3 30 0
-14 16 -13 0
59 16 -22 0
39 -63 -59 0
18 57 -9 0
32 -9 -55 0
-53 63 69 0
32 73 29 0
8 11 39 0
-16 -51 72 0
46 -17 -59 0
-31 45 38 0
-56 -5 68 0
-1 4 25 0
1 11 24 0
30 61 -66 0
-54 38 -47 0
41 -1 23 0
74 -69 -34 0
44 60 -21 0
11 -46 66 0
-17 7 32 0
45 68 -66 0
23 36 -63 0
8 -47 15 0
-42 -72 -33 0
-7 41 64 0
-14 -37 -44 0
-4 71 -39 0
-21 6 33 0
31 17 75 0
-26 -19 -16 0
-61 32 57 0
73 37 50 0
-16 -68 -35 0
-76 10 -46 0
63 42 -40 0
-43 44 -69 0
16 57 29 0
-48 -77 74 0
-43 22 37 0
27 -77 74 0
64 66 2 0
9 -60 -37 0
-32 -40 -36 0
-45 47 42 0
60 -30 -59 0
-5 69 73 0
-57 51 -43 0
-48 -28 -65 0
-68 62 29 0
30 -1 -33 0
-63 -52 -23 0
-25 31 -13 0
-75 66 42 0
-18 61 -13 0
20 41 71 0
66 -73 -2 0
-43 -74 -38 0
-46 66 72 0
-10 25 60 0
28 -70 18 0
50 -25 -13 0
-16 -58 -1 0
-64 -77 -28 0
26 56 60 0
45 -65 -75 0
-67 -59 31 0
60 -2 55 0
2 48 25 0
-73 -36 12 0
64 -32 -29 0
-75 5 -44 0
38 13 34 0
-48 41 60 0
41 56 -6 0
75 50 -36 0
-4 -27 -28 0
-72 23 -17 0
13 -27 21 0
16 -5 50 0
52 33 -67 0
26 22 49 0
-72 -13 -69 0
-18 -42 5 0
19 2 -32 0
59 -42 52 0
57 -62 -19 0
77 -63 17 0
-46 -77 45 0
-8 -65 -32 0
-47 63 46 0
-74 -10 51 0
5 66 12 0
-67 -6 -31 0
6 11 32 0
-13 30 27 0
-30 66 8 0
71 8 24 0
39 59 40 0
-31 -66 -75 0
29 27 -38 0
-33 16 -56 0
-69 12 -8 0
-76 64 27 0
-74 20 9 0
12 28 20 0
54 55 35 0
-65 32 75 0
18 -47 27 0
53 28 46 0
-55 2 -36 0
-51 -57 24 0
21 -4 1 0
-42 -3 72 0
-7 -56 -47 0
39 18 37 0
76 31 18 0
70 21 51 0
35 -44 -53 0
-18 69 64 0
13 71 -11 0
-58 -56 -17 0
-77 -2 31 0
-52 -27 38 0
-59 49 -68 0
68 -44 -42 0
64 11 -76 0
43 52 -70 0
70 57 -15 0
-39 58 -77 0
-23 21 76 0
-3 -54 69 0
-38 62 29 0
50 1 49 0
23 -49 -8 0
29 35 -72 0
-26 36 -57 0
76 -41 53 0
39 44 7 0
-66 48 -67 0
6 73 2 0
70 50 -65 0
-76 43 32 0
-11 74 77 0
-6 11 66 0
39 -46 -67 0
62 42 -24 0
-70 -23 49 0
-71 63 -37 0
55 66 -39 0
-29 1 -14 0
-76 46 -17 0
9 -26 14 0
5 -22 8 0
4 20 65 0
-51 32 68 0
-56 -77 29 0
-52 -76 -10 0
9 63 17 0
-73 -19 -61 0
-64 -24 -33 0
22 4 -69 0
-33 -74 55 0
-24 -34 -15 0
-38 37 -16 0
-20 -45 -61 0
-36 42 -70 0
9 -14 35 0
-26 -59 -15 0
65 24 9 0
-42 12 -22 0
27 -36 22 0
13 -76 -75 0
-46 -47 66 0
-55 -74 -73 0
6 12 54 0
-32 -6 -12 0
14 30 3 0
-39 -75 29 0
-77 -24 -45 0
42 12 -23 0
42 62 -63 0
27 11 -36 0
-69 -46 -22 0
-32 -58 3 0
4 -38 -61 0
-51 -76 -77 0
17 -18 42 0
38 47 -68 0
-51 73 -23 0
-17 8 -59 0
24 -10 -23 0
30 39 45 0
-18 63 -47 0
8 18 74 0
58 -19 -72 0
72 -31 65 0
24 69 -14 0
68 49 14 0
-74 19 -77 0
34 -51 68 0
33 -53 -27 0
-55 53 42 0
-50 -40 13 0
61 -10 22 0
61 -44 -42 0
-55 54 73 0
-70 48 -8 0
13 5 8 0
-22 -55 -1 0
21 -19 -42 0
-24 7 3 0
72 -6 3 0
23 45 -76 0
4 11 58 0
-55 -52 65 0
-76 20 66 0
-19 33 -65 0
1 -31 20 0
75 -12 -62 0
69 -63 44 0
-51 -70 14 0
48 -70 57 0
12 72 21 0
54 -1 62 0
-10 4 66 0
17 -30 -56 0
31 65 -6 0
10 -31 52 0
77 -24 47 0
27 -54 15 0
10 22 51 0
19 52 24 0
-68 -66 61 0
-9 20 -29 0
-69 -18 71 0
29 -8 49 0
1 -70 -77 0
8 34 47 0
-28 -34 -42 0
-5 -63 -60 0
-74 -18 51 0
36 57 50 0
73 54 3 0
-27 64 -61 0
-65 -18 34 0
-29 -36 -24 0
19 -24 36 0
66 -44 -8 0
-27 76 -11 0
-26 67 -22 0
-63 33 53 0
-53 -2 -9 0
-26 -6 7 0
24 -18 -54 0
