p 90 383
67 -84 -35 0
-24 -50 32 0
68 43 -9 0
-49 -17 4 0
89 -78 2 0
-1 -28 -71 0
33 83 63 0
63 -46 23 0
-10 25 -30 0
28 -81 56 0
-70 -40 -75 0
-32 90 -82 0
-69 -89 -46 0
49 -35 -61 0
-35 87 -30 0
63 -31 13 0
39 75 -64 0
72 1 16 0
41 -84 -48 0
-43 30 -80 0
88 -50 4 0
5 -43 -84 0
-24 9 -3 0
40 -31 -63 0
-33 39 -65 0
-7 82 -86 0
-8 23 -27 0
71 29 -33 0
-61 -79 54 0
-46 57 30 0
-32 13 -48 0
63 44 42 0
-21 7 22 0
41 -71 55 0
-55 11 -79 0
56 -86 51 0
-35 60 -46 0
90 9 38 0
-4 85 -87 0
32 -67 51 0
21 -51 37 0
-49 -48 -70 0
42 31 61 0
82 -38 18 0
-49 -70 -81 0
-2 -9 -57 0
11 87 35 0
58 6 64 0
-5 -15 55 0
-90 42 17 0
47 24 -80 0
88 8 15 0
-14 -2 87 0
75 -50 -36 0
-36 20 25 0
4 -20 -14 0
-12 -74 -25 0
-29 -30 7 0
52 62 75 0
62 -15 -59 0
-20 87 -16 0
-27 -60 70 0
-12 -32 -7 0
49 -52 71 0
-51 37 12 0
69 -48 -54 0
4 -10 -69 0
-30 -67 7 0
-47 -37 25 0
-54 -39 22 0
21 19 -67 0
-51 11 -6 0
8 -77 -63 0
-61 28 57 0
44 35 19 0
30 83 21 0
45 -5 -53 0
73 28 12 0
40 -78 -22 0
71 81 8 0
-56 -44 -5 0
36 -61 -87 0
-72 50 9 0
3 9 -46 0
-8 57 82 0
-11 55 -28 0
39 23 72 0
-37 22 33 0
-67 59 45 0
50 59 37 0
-33 -55 -4 0
62 -58 78 0
8 -35 -36 0
-24 8 -68 0
-16 -21 -8 0
70 -47 60 0
60 -68 -13 0
-42 39 -17 0
85 -86 63 0
-70 -17 -2 0
48 -82 1 0
-88 -87 77 0
-57 27 21 0
57 -15 -18 0
41 -55 4 0
-86 41 -21 0
85 16 -27 0
9 -13 -45 0
5 -52 22 0
-4 -58 36 0
14 62 -18 0
29 -27 -86 0
47 58 -75 0
-41 -58 25 0
-65 -44 29 0
-22 -21 -85 0
-43 31 -51 0
24 29 1 0
-1 -48 20 0
-84 63 -27 0
86 26 -58 0
-40 52 -50 0
35 13 -81 0
82 49 -46 0
27 72 -17 0
48 -1 -13 0
-70 73 47 0
63 75 16 0
-5 -1 -15 0
48 81 -79 0
28 8 77 0
80 8 -43 0
-43 13 89 0
6 -54 35 0
-35 -66 30 0
-69 50 46 0
-67 47 45 0
39 14 -18 0
-25 -54 34 0
73 13 27 0
-40 -47 -17 0
-35 -13 2 0
34 50 -41 0
20 34 9 0
10 60 40 0
64 -37 -25 0
60 -62 34 0
-78 62 33 0
71 18 79 0
33 67 11 0
16 43 34 0
83 -62 -68 0
3 11 -79 0
-9 -8 29 0
36 55 85 0
-43 45 -89 0
5 -81 -9 0
-18 -20 76 0
22 51 29 0
-80 63 44 0
43 22 16 0
53 -9 -79 0
-8 61 -3 0
46 -13 -57 0
-37 9 -89 0
82 -53 55 0
-74 80 -59 0
-20 48 -30 0
-78 -65 37 0
-68 -33 -12 0
-54 61 32 0
88 18 84 0
-60 90 54 0
-32 -78 44 0
-23 46 -82 0
73 11 -37 0
26 41 -78 0
-69 31 73 0
63 -48 72 0
-17 55 76 0
-53 80 90 0
-70 40 -26 0
1 69 46 0
64 -5 46 0
-50 -4 11 0
78 -48 -26 0
6 79 31 0
49 -9 -16 0
-72 86 45 0
-73 63 -53 0
67 88 80 0
-22 43 7 0
71 -73 81 0
17 8 48 0
-69 34 -75 0
-52 -41 40 0
-32 -69 27 0
-38 -81 52 0
-34 -19 33 0
-60 -30 -67 0
67 90 10 0
-20 -7 -34 0
63 -41 44 0
-63 23 49 0
41 86 -81 0
43 -44 -70 0
23 -55 -61 0
49 -88 34 0
-16 -24 41 0
-84 -17 -68 0
85 -89 -44 0
71 74 34 0
33 -24 26 0
80 84 -22 0
14 18 -15 0
-23 -78 -53 0
41 -69 -60 0
-28 76 48 0
86 38 20 0
58 82 -29 0
-67 -77 51 0
49 -17 -59 0
-38 73 -15 0
30 36 -32 0
-22 12 -20 0
44 -56 2 0
7 -11 48 0
-26 -52 4 0
1 24 27 0
-21 -14 -29 0
-28 -23 87 0
39 78 -87 0
-1 -15 60 0
-59 82 -12 0
11 -16 13 0
76 -36 22 0
11 -87 -78 0
-13 4 20 0
-15 11 88 0
79 82 -80 0
4 -80 70 0
15 -8 -40 0
53 22 -59 0
-15 55 46 0
84 37 -61 0
71 62 32 0
-74 50 54 0
33 -73 41 0
58 -43 -22 0
-22 -73 -19 0
-19 45 24 0
22 -77 -80 0
-22 17 -1 0
69 -23 1 0
90 54 -34 0
34 51 -30 0
-77 46 -33 0
18 17 19 0
45 -89 12 0
26 9 -15 0
-39 43 -34 0
-5 45 -38 0
61 49 87 0
25 27 -87 0
78 -11 -63 0
-39 40 78 0
33 40 -12 0
17 90 -67 0
-3 32 67 0
-47 -86 -9 0
73 -36 -23 0
35 52 28 0
-45 56 -60 0
23 28 -66 0
8 20 -62 0
56 25 69 0
14 -13 80 0
38 75 31 0
8 28 44 0
-50 36 64 0
-72 65 48 0
55 65 -13 0
69 47 -87 0
54 56 -13 0
15 67 11 0
-61 20 17 0
67 -88 -57 0
72 -31 -11 0
-78 -8 -74 0
-50 -3 77 0
-21 60 -49 0
-77 40 71 0
-26 28 80 0
13 85 -80 0
-26 56 90 0
-66 -68 6 0
-69 -85 -82 0
-90 28 63 0
28 18 16 0
39 90 28 0
-18 -69 -2 0
12 -26 22 0
79 -43 -7 0
25 -5 8 0
90 53 -65 0
-14 -3 80 0
54 -85 56 0
-38 -60 -69 0
38 -5 -11 0
-2 61 -64 0
50 56 -24 0
35 64 52 0
54 -46 58 0
3 68 -35 0
51 -30 -38 0
36 5 78 0
26 44 -84 0
22 -26 -58 0
33 -60 68 0
66 -67 71 0
-76 -9 86 0
54 -80 44 0
-6 -35 46 0
30 3 -71 0
76 68 -65 0
-40 43 -24 0
72 -46 82 0
-69 1 52 0
-53 -2 -80 0
-44 -7 -48 0
-38 74 -86 0
47 -73 66 0
-69 -9 -75 0
85 -21 4 0
20 37 -90 0
32 52 56 0
70 -79 -24 0
-69 -41 -8 0
64 -10 -31 0
73 69 22 0
-46 57 -73 0
-74 8 -13 0
27 6 38 0
-71 -24 -15 0
-39 88 -87 0
-22 19 8 0
46 27 64 0
-4 -70 -82 0
22 70 -69 0
86 -19 -46 0
43 -47 -38 0
80 -24 -56 0
-61 14 40 0
-27 73 74 0
-33 -87 -35 0
-76 89 80 0
-40 -6 -48 0
46 -16 -32 0
-3 -88 -87 0
-68 -26 37 0
-22 -3 34 0
-3 90 -83 0
55 -82 64 0
-42 74 71 0
-28 -79 32 0
-30 81 -57 0
47 -31 -54 0
-90 79 -55 0
-59 27 33 0
-26 85 90 0
59 -28 -53 0
-70 1 -82 0
-14 -29 -88 0
15 44 -68 0
-64 40 7 0
28 36 14 0
-29 23 -83 0
83 65 -37 0
-21 81 84 0
2 -10 -75 0
80 -32 -6 0
30 43 -54 0
-14 10 -74 0
