p 70 298
-54 -24 50 0
-3 -70 62 0
-55 56 -52 0
-1 32 34 0
-50 -25 -22 0
-16 35 18 0
45 -65 -69 0
-13 -25 -27 0
29 -12 57 0
-23 -62 -63 0
17 69 42 0
-48 -6 -38 0
27 29 16 0
65 52 26 0
19 59 28 0
-26 4 38 0
-69 2 -21 0
-44 -19 -23 0
28 56 27 0
-58 -60 24 0
-60 -36 59 0
33 69 60 0
70 -25 -49 0
15 34 -54 0
-15 55 -20 0
-55 48 8 0
-39 -1 21 0
-52 58 -18 0
69 50 37 0
-49 -29 66 0
7 -54 -39 0
1 53 -57 0
-11 65 -67 0
-52 -22 -36 0
67 -39 46 0
-25 -16 52 0
1 28 -40 0
41 42 -28 0
9 57 -47 0
-69 -29 -35 0
51 9 53 0
22 31 -41 0
11 47 -55 0
36 18 45 0
-68 -9 -6 0
15 -2 64 0
56 -50 7 0
35 25 -22 0
15 47 -5 0
51 -29 69 0
66 8 -61 0
-16 -44 5 0
4 -13 -56 0
-52 12 38 0
50 -63 35 0
-19 -64 -8 0
-41 62 69 0
42 -27 -57 0
-11 -27 -64 0
15 8 -62 0
10 12 22 0
60 -32 39 0
-25 -37 65 0
61 -55 -57 0
-14 -2 37 0
-58 62 4 0
-31 -12 4 0
-51 -70 50 0
-16 -12 -39 0
-29 -52 6 0
67 44 -56 0
49 70 -36 0
63 41 -1 0
-54 -65 -31 0
-62 15 14 0
-53 26 -4 0
-44 3 68 0
14 28 32 0
39 69 67 0
19 17 -33 0
-18 46 36 0
-26 18 38 0
-27 49 51 0
-58 -66 10 0
-57 -61 27 0
2 54 55 0
-27 13 -11 0
36 49 11 0
-69 39 -60 0
33 18 -31 0
-15 -36 -14 0
-59 61 17 0
62 -5 17 0
23 12 -68 0
-10 15 49 0
-70 21 -19 0
-52 62 53 0
27 36 -22 0
62 23 43 0
-58 56 -42 0
-3 -29 64 0
-56 5 44 0
-14 32 -50 0
-22 27 46 0
-66 61 -12 0
-24 8 -19 0
-4 -66 58 0
35 -32 -5 0
-6 44 -13 0
62 46 -64 0
-18 27 10 0
-9 -33 32 0
68 -48 2 0
-54 -13 -4 0
-30 65 -52 0
50 11 68 0
-41 18 -40 0
39 -16 9 0
3 22 -46 0
-52 45 11 0
28 -32 3 0
15 -2 -13 0
49 -67 56 0
45 -49 1 0
-10 50 52 0
-67 -31 -54 0
-31 -46 -70 0
-50 29 46 0
-42 56 16 0
-19 -69 55 0
48 51 -60 0
4 13 -30 0
34 46 -43 0
60 24 57 0
31 -62 7 0
8 -12 -47 0
-23 31 4 0
32 70 -7 0
44 22 21 0
-14 55 -68 0
67 -31 27 0
-66 -28 -23 0
51 -42 -27 0
18 -30 -68 0
-14 -40 57 0
-50 3 34 0
-26 -23 67 0
30 19 -47 0
34 -52 38 0
-20 70 -63 0
-37 -51 53 0
52 -8 -13 0
-39 -62 -65 0
35 -12 44 0
42 45 9 0
63 -44 69 0
6 31 -22 0
53 49 17 0
55 52 43 0
31 6 -40 0
41 35 -46 0
-13 -10 -21 0
50 41 1 0
17 64 -19 0
-26 -29 -58 0
10 -57 67 0
40 -42 49 0
48 -27 20 0
-61 -62 37 0
64 -31 -60 0
49 20 -63 0
11 49 58 0
-53 46 -3 0
-59 12 49 0
15 33 -29 0
34 -54 32 0
-64 -51 10 0
-24 30 31 0
-42 31 -35 0
69 58 17 0
12 38 -11 0
12 31 17 0
50 -15 69 0
-28 35 -37 0
-10 -15 -39 0
-68 53 1 0
68 45 67 0
53 65 -16 0
60 38 43 0
68 -55 -3 0
-17 69 30 0
-63 50 49 0
-52 -59 23 0
-52 38 8 0
11 20 69 0
66 68 47 0
-33 42 55 0
-26 38 3 0
-48 63 -54 0
-24 -55 -61 0
-28 -1 15 0
-69 -60 -7 0
-26 -59 23 0
-5 4 -6 0
-58 8 33 0
-65 -28 -36 0
13 16 53 0
28 24 -68 0
-10 69 -8 0
-60 2 -16 0
-23 -28 16 0
25 66 -20 0
-58 -67 44 0
-17 -67 -42 0
-47 -20 16 0
42 36 -10 0
39 32 -57 0
28 -37 -67 0
-23 -14 -65 0
32 -70 -55 0
41 -63 -48 0
46 38 31 0
64 -18 12 0
10 39 32 0
-43 36 14 0
2 -70 -36 0
-22 -46 -34 0
-17 61 -12 0
-42 29 -37 0
-54 44 53 0
46 -62 61 0
-47 5 17 0
31 15 -34 0
-48 4 70 0
-50 -6 22 0
-15 -50 34 0
-25 -45 21 0
-7 11 43 0
69 50 -60 0
-24 -9 10 0
-48 55 -64 0
36 -60 8 0
-39 -2 42 0
9 -21 29 0
-29 -38 23 0
20 47 48 0
-5 -12 4 0
-14 67 -45 0
-20 61 64 0
-4 -24 32 0
62 53 46 0
29 -17 -16 0
17 -40 -39 0
43 -41 62 0
46 -34 -57 0
-31 -27 -49 0
60 30 11 0
15 57 19 0
30 -4 57 0
61 -31 -49 0
36 42 -21 0
-68 58 55 0
64 38 -36 0
46 13 -15 0
29 54 35 0
68 54 -36 0
-33 -52 27 0
-33 -1 8 0
27 -22 40 0
-18 -65 46 0
-55 2 -66 0
-13 44 -48 0
-46 4 -26 0
-11 -15 4 0
3 50 -53 0
37 5 -27 0
-63 66 -58 0
62 68 69 0
-13 11 -17 0
48 16 46 0
54 67 -4 0
48 -38 47 0
9 -53 -23 0
66 41 34 0
-47 -45 29 0
-57 -22 -7 0
54 50 38 0
-50 -65 -18 0
5 2 7 0
39 42 44 0
15 41 -47 0
-53 -19 -35 0
65 12 -18 0
66 68 3 0
-62 -45 -16 0
55 37 -22 0
65 -31 47 0
-31 9 55 0
