p 97 413
-91 -48 -83 0
-90 -24 64 0
-23 -35 -89 0
74 68 -67 0
15 42 96 0
-34 -39 3 0
28 -42 -62 0
-88 52 -7 0
-57 -20 -66 0
-74 31 -79 0
55 65 66 0
73 6 45 0
-54 42 57 0
17 31 -3 0
72 -43 -74 0
6 29 90 0
-72 65 -47 0
75 85 45 0
-83 -33 -25 0
-40 -52 50 0
-12 -83 35 0
38 -60 -12 0
60 67 -97 0
-83 -19 -14 0
20 60 89 0
-82 85 41 0
-71 83 -91 0
27 13 -89 0
3 78 84 0
-96 -56 -42 0
-41 -55 37 0
70 -55 85 0
-55 44 -84 0
84 -78 -96 0
87 -55 48 0
-8 37 -97 0
-21 62 64 0
3 92 -18 0
44 93 -90 0
84 -33 85 0
-86 3 23 0
32 -83 87 0
-54 95 68 0
76 -1 -28 0
-57 36 -38 0
67 -42 -85 0
-77 -94 -86 0
-47 -24 35 0
-31 -12 -1 0
37 -43 -29 0
43 69 -29 0
-9 -90 -29 0
38 -61 42 0
-83 71 -45 0
-11 65 -24 0
-53 -97 29 0
48 86 -9 0
40 19 53 0
-64 -34 -54 0
28 -4 -45 0
2 -54 60 0
-41 45 -66 0
79 76 -12 0
15 44 -22 0
5 15 -1 0
-3 -59 -7 0
58 -75 59 0
48 17 64 0
-17 -30 -73 0
28 4 -63 0
-89 6 46 0
-68 66 4 0
-30 94 12 0
48 -23 -35 0
89 -95 24 0
89 76 -71 0
29 46 88 0
-45 38 -13 0
-3 74 -28 0
-22 23 -7 0
50 -48 51 0
76 -68 1 0
-15 -53 58 0
20 29 25 0
-13 -22 27 0
34 -97 9 0
68 -72 38 0
49 17 63 0
-71 -90 -7 0
-23 8 -88 0
-83 -54 -51 0
3 47 84 0
-50 51 -24 0
-77 61 16 0
96 23 -76 0
-95 53 -1 0
77 -51 43 0
-36 82 -49 0
-96 -59 18 0
-53 -64 12 0
46 -25 90 0
81 92 -57 0
96 46 86 0
-71 39 42 0
-28 -45 47 0
9 34 -37 0
-97 -13 -75 0
-85 17 -88 0
96 87 89 0
43 -45 26 0
-18 -85 4 0
-96 19 -80 0
80 90 22 0
-8 -10 43 0
-44 7 -53 0
18 14 -41 0
90 67 -95 0
5 25 -39 0
-69 -19 -33 0
92 -37 -4 0
-55 26 13 0
-3 39 76 0
-25 -75 -24 0
69 -43 90 0
64 -38 -65 0
-63 55 -73 0
-7 38 70 0
-89 68 43 0
46 -73 28 0
96 -8 45 0
-96 -33 23 0
-76 -24 23 0
-75 65 -63 0
-61 -30 13 0
21 46 -78 0
-39 -9 -78 0
-40 -55 27 0
89 8 -78 0
15 -8 -4 0
49 -4 -5 0
-90 80 61 0
89 88 -2 0
63 -30 -92 0
28 79 9 0
22 72 59 0
66 3 -83 0
-52 -89 18 0
-64 20 36 0
-71 84 -47 0
-70 -17 75 0
-22 86 -4 0
28 -9 56 0
-17 -76 -24 0
-70 15 93 0
89 81 20 0
-45 -34 -37 0
59 31 -50 0
75 54 3 0
-69 -64 77 0
-2 72 24 0
46 -36 45 0
-84 -35 58 0
54 56 94 0
95 -79 30 0
78 59 -57 0
-42 76 -24 0
-35 54 -45 0
2 -79 -49 0
35 41 54 0
-32 30 -34 0
59 11 7 0
-77 55 -36 0
68 24 -33 0
-86 -75 20 0
-88 -57 28 0
66 31 -41 0
95 -29 18 0
28 -38 -82 0
71 -61 -93 0
79 65 -58 0
94 33 59 0
-18 66 63 0
-5 -97 -7 0
67 29 80 0
81 20 -6 0
-38 1 -30 0
69 -87 -67 0
94 42 57 0
-82 10 20 0
-16 55 81 0
-77 57 54 0
-53 -86 -74 0
81 -62 91 0
-4 -39 -75 0
87 -59 37 0
-9 6 -48 0
62 -44 38 0
-20 -28 1 0
46 35 49 0
64 24 -29 0
-4 -87 41 0
-38 -74 92 0
-27 92 24 0
-48 -23 -73 0
37 89 74 0
-43 25 61 0
83 -96 -48 0
-20 -24 -49 0
-93 -97 90 0
-29 71 58 0
27 -23 -11 0
91 -93 -69 0
-32 78 37 0
-74 -18 -53 0
-79 35 26 0
45 44 65 0
65 25 -46 0
-90 -76 -80 0
30 -36 78 0
-57 -42 -9 0
-91 -77 -12 0
30 -91 -23 0
13 -19 53 0
-23 73 56 0
-32 73 56 0
-59 12 25 0
35 -23 58 0
56 -8 93 0
85 -37 -28 0
-37 82 -2 0
-90 -30 72 0
-62 38 35 0
46 13 -27 0
-63 -12 -31 0
27 93 -64 0
58 25 2 0
-84 -2 -31 0
31 -53 -78 0
-52 -90 93 0
-80 30 -17 0
4 -90 71 0
65 33 96 0
61 -24 95 0
-47 -19 56 0
62 46 -97 0
-66 60 -3 0
-1 -79 -63 0
-50 -78 -56 0
-96 -2 -27 0
89 44 -74 0
60 -5 37 0
77 37 64 0
7 44 22 0
36 28 -16 0
89 -14 -66 0
-43 97 -89 0
-95 -84 65 0
-16 26 74 0
-64 -58 -17 0
4 73 -97 0
-6 -30 -56 0
28 -14 -48 0
5 -85 -17 0
31 -21 -54 0
48 -67 49 0
-39 -82 66 0
46 81 91 0
80 -29 58 0
-91 -36 -55 0
-94 -95 78 0
-93 73 -12 0
5 -72 53 0
78 -80 -72 0
80 -62 -27 0
9 26 -10 0
53 -55 -59 0
90 47 17 0
2 79 7 0
-79 88 36 0
90 95 -1 0
-51 27 -50 0
-51 -40 89 0
-13 85 83 0
36 27 -79 0
-84 -24 53 0
-47 55 -20 0
14 10 78 0
92 8 5 0
-72 41 78 0
-60 -78 -16 0
-49 -9 86 0
16 -14 -54 0
-74 47 91 0
75 -52 13 0
90 39 -63 0
-58 -74 -15 0
-57 97 -36 0
27 -96 -87 0
14 68 -88 0
-62 -9 49 0
24 -63 61 0
84 1 -58 0
2 35 23 0
51 3 43 0
-37 61 64 0
8 3 37 0
74 1 33 0
-47 20 -78 0
-72 23 -45 0
-81 -42 25 0
56 -60 -64 0
-63 47 -97 0
22 -75 55 0
40 20 -51 0
62 19 3 0
-36 -75 -85 0
39 64 95 0
60 97 -29 0
61 94 -39 0
5 10 -32 0
39 45 -43 0
91 95 -69 0
50 46 40 0
-33 80 -88 0
64 -70 -52 0
95 39 -3 0
-91 46 -49 0
-18 14 -3 0
17 72 -85 0
-23 -75 -18 0
-56 -38 72 0
-71 -79 -8 0
-78 34 -93 0
-64 -86 -3 0
-29 -33 47 0
-97 31 -11 0
8 -30 -26 0
64 -16 -12 0
-4 55 60 0
-7 -60 44 0
-11 -40 -31 0
-49 -8 -69 0
-75 45 -97 0
20 41 75 0
12 -47 65 0
40 -52 -85 0
-86 62 65 0
-62 52 89 0
26 7 -20 0
-90 -97 -87 0
-82 -70 -22 0
70 -3 39 0
54 -12 -43 0
70 77 -34 0
-64 -52 87 0
97 35 96 0
-48 -45 -42 0
73 -46 -64 0
28 29 -95 0
64 12 -56 0
58 -31 76 0
-2 -87 -66 0
-84 -46 -43 0
14 -15 -86 0
-45 -97 -5 0
36 88 -97 0
67 41 -78 0
-89 -36 94 0
-31 48 90 0
38 -76 -59 0
24 -59 -72 0
91 19 -39 0
50 84 -54 0
-85 50 4 0
67 62 81 0
81 -91 79 0
-64 95 -26 0
-64 26 2 0
20 21 47 0
45 -81 25 0
71 35 83 0
-35 -3 11 0
28 -67 -68 0
66 49 42 0
-22 -28 -12 0
-63 33 -14 0
71 68 -57 0
80 70 -54 0
-52 68 51 0
-26 -66 -71 0
-80 30 92 0
13 51 21 0
32 3 -76 0
-58 74 8 0
2 -35 82 0
6 -8 -63 0
49 -72 70 0
16 -2 65 0
60 -19 78 0
-9 -26 41 0
34 61 -20 0
-55 18 1 0
-4 -85 48 0
-65 -25 34 0
63 -40 -76 0
-69 40 -67 0
-83 6 -87 0
-88 -66 83 0
-64 -14 11 0
-70 -92 54 0
-82 -33 11 0
33 24 -64 0
-30 35 -53 0
