p 84 357
-76 58 3 0
11 -44 -43 0
-15 -5 -4 0
-3 11 -42 0
-58 34 36 0
-2 -76 -20 0
69 48 -83 0
84 -52 -18 0
-67 -3 25 0
65 -46 69 0
-71 -82 -44 0
-54 -44 -67 0
32 -23 36 0
-70 63 40 0
-80 10 13 0
72 58 67 0
-56 -34 3 0
-44 64 20 0
37 -68 82 0
-50 -10 -3 0
58 -75 -84 0
-84 47 14 0
33 57 -72 0
-77 -81 -50 0
24 21 43 0
-78 22 36 0
24 -68 61 0
-71 48 41 0
72 50 -59 0
56 5 -42 0
64 34 60 0
28 -24 -16 0
17 81 -64 0
33 -80 -53 0
-61 -46 -74 0
-13 41 59 0
-26 -10 54 0
-5 -41 -16 0
68 -74 -48 0
39 7 -44 0
80 -4 -70 0
-74 -6 -11 0
9 -37 -7 0
17 43 18 0
-81 27 -79 0
-54 9 19 0
-53 63 -74 0
-72 -79 76 0
17 -36 54 0
4 52 -68 0
48 -84 51 0
-3 -84 29 0
-67 -5 13 0
67 -75 -81 0
4 -23 29 0
-79 -63 -40 0
64 11 -65 0
78 -84 -65 0
-57 7 -36 0
-39 -28 23 0
-11 -48 47 0
-14 -83 -53 0
-8 -16 9 0
40 69 24 0
74 -48 -16 0
-8 75 37 0
-83 -11 -41 0
17 -2 -59 0
-25 49 52 0
-84 -30 62 0
-13 -51 -84 0
-66 60 73 0
71 60 -59 0
54 12 -23 0
-64 34 -22 0
-24 -12 -79 0
-5 59 30 0
-13 -38 -36 0
-5 -36 -62 0
24 -73 52 0
-50 69 -66 0
45 -36 24 0
-58 -46 26 0
-15 4 -50 0
-40 -76 -67 0
-55 -40 74 0
75 -74 27 0
-32 11 -36 0
3 -17 -55 0
-9 29 55 0
-82 76 -25 0
53 -32 -1 0
-30 -64 -18 0
50 46 -9 0
80 -64 23 0
16 46 77 0
32 -50 48 0
69 62 -44 0
-41 -64 30 0
-9 -69 34 0
-81 75 25 0
53 -73 79 0
-46 14 -41 0
9 -28 27 0
6 -3 -72 0
-43 -33 -52 0
1 61 -24 0
-75 39 16 0
-22 -24 84 0
28 -51 -50 0
54 -11 -48 0
4 -83 -24 0
-36 -24 -7 0
-34 29 16 0
-68 37 -50 0
23 -26 -79 0
82 19 -50 0
-12 50 74 0
77 12 -82 0
64 29 62 0
-42 30 -84 0
-32 64 -74 0
77 76 81 0
-34 19 -69 0
-62 -39 -72 0
80 -45 15 0
23 49 2 0
29 10 -47 0
52 84 9 0
7 -61 -34 0
-60 -12 84 0
-70 42 53 0
-69 11 -52 0
71 -57 -18 0
-22 18 46 0
37 -36 74 0
-74 -30 53 0
26 -32 30 0
7 -26 13 0
52 -64 60 0
-8 57 -76 0
-53 43 -49 0
72 8 -14 0
39 13 -68 0
-11 -12 19 0
-2 57 -1 0
64 -39 33 0
-15 31 22 0
74 -21 -64 0
65 -10 -26 0
40 30 -45 0
45 39 49 0
78 72 -24 0
-60 66 -25 0
74 -14 -66 0
38 -15 -13 0
-49 -79 -10 0
-43 -28 7 0
41 -75 54 0
62 79 -6 0
36 -41 -3 0
-71 16 64 0
-67 -70 -81 0
-22 -75 -20 0
39 37 -7 0
-51 68 -75 0
-2 26 -23 0
-79 32 -9 0
70 -43 57 0
58 45 -23 0
-4 63 16 0
84 -82 14 0
-66 -5 -35 0
64 -66 -68 0
52 -61 2 0
36 43 24 0
-32 -78 -55 0
28 36 -10 0
26 -25 40 0
48 -23 -37 0
41 29 -10 0
-70 -74 -83 0
40 -3 -65 0
33 30 -51 0
34 17 7 0
-50 15 22 0
47 28 -52 0
72 68 35 0
46 -78 65 0
76 -63 -80 0
1 -5 11 0
-66 59 38 0
-65 47 -76 0
8 6 48 0
49 -66 -26 0
56 -34 81 0
-37 69 34 0
75 21 -65 0
39 1 58 0
-54 15 32 0
-60 -30 -15 0
-18 57 -83 0
-76 -38 -56 0
52 17 38 0
75 79 29 0
-43 14 -62 0
-66 -1 -23 0
-30 -76 -1 0
-3 70 -1 0
-58 -72 21 0
-41 -28 6 0
8 -10 28 0
83 -49 -38 0
-15 -27 22 0
12 -10 -31 0
62 -66 64 0
80 -47 9 0
-75 -49 -46 0
14 6 -5 0
-45 -81 83 0
67 48 31 0
-71 28 -39 0
-55 28 72 0
-12 -75 23 0
34 -81 22 0
15 43 -30 0
-63 9 47 0
45 3 -74 0
-60 37 -56 0
-63 9 81 0
-17 76 -61 0
-65 -30 -55 0
6 -22 71 0
-45 21 55 0
-59 -62 -37 0
-70 -30 84 0
-16 -72 -31 0
82 12 71 0
-36 -13 38 0
-12 -43 64 0
-8 29 55 0
-77 44 17 0
28 61 -67 0
-68 78 18 0
-52 -51 -37 0
78 68 76 0
28 -18 -57 0
8 -58 52 0
-59 -36 23 0
72 58 29 0
35 6 63 0
8 79 49 0
50 -62 72 0
65 -11 -30 0
55 -12 -45 0
-51 -10 45 0
44 -3 -54 0
55 -24 27 0
-15 -30 -49 0
-1 -84 33 0
-2 -51 64 0
-19 65 12 0
32 -63 -71 0
75 -35 40 0
38 16 -59 0
43 -44 55 0
17 -12 32 0
-66 -20 -56 0
23 48 -27 0
76 -46 75 0
25 47 70 0
-8 -64 6 0
65 16 8 0
-9 54 57 0
-74 -54 -83 0
55 47 83 0
10 -4 -58 0
-29 -13 52 0
2 -39 -29 0
-46 -2 25 0
-16 -33 -1 0
-52 -3 19 0
72 -78 29 0
31 23 -1 0
43 -41 -61 0
-55 -8 -49 0
-18 -78 59 0
51 -13 58 0
6 64 9 0
-5 -68 -6 0
-24 80 12 0
-36 4 -10 0
23 -60 -14 0
69 -53 56 0
75 -66 -82 0
-1 -30 -33 0
32 -64 -45 0
-19 70 11 0
-37 35 -2 0
56 52 -50 0
-3 34 28 0
30 -32 49 0
-67 -49 -52 0
-81 73 -32 0
77 32 73 0
-20 -40 -64 0
52 45 -37 0
10 39 -5 0
-52 73 67 0
73 75 28 0
55 -35 -36 0
28 46 20 0
-34 -47 64 0
57 70 83 0
27 -1 -41 0
46 42 -21 0
-46 -31 -58 0
18 -51 -81 0
-1 -71 17 0
-72 42 16 0
5 -39 11 0
2 62 69 0
-30 4 8 0
10 54 -71 0
50 -12 -69 0
75 70 -84 0
16 -70 -57 0
-78 -3 12 0
-14 17 -73 0
80 42 -2 0
75 -16 70 0
-43 3 14 0
84 -49 4 0
48 -38 -27 0
36 20 71 0
68 -36 -78 0
15 82 37 0
-8 30 18 0
10 -21 44 0
-7 -29 41 0
81 42 -16 0
-48 -20 29 0
-62 -52 -60 0
59 -23 1 0
22 8 -15 0
32 -29 55 0
63 -42 -55 0
-47 -50 -41 0
-57 35 55 0
-7 -75 -9 0
-67 76 29 0
-6 11 58 0
-56 35 -76 0
-72 9 81 0
-61 -45 42 0
-25 -27 -17 0
68 -67 38 0
