p 74 315
-57 -19 32 0
20 73 16 0
70 26 -18 0
-46 47 -30 0
15 61 34 0
-19 17 34 0
-22 -18 -42 0
74 -56 -13 0
72 -39 38 0
-36 -38 1 0
-65 4 -34 0
-7 38 -28 0
-69 62 61 0
52 74 -72 0
-42 57 -47 0
-5 12 -39 0
-40 9 22 0
-12 -70 -43 0
47 -21 18 0
-20 -8 -50 0
18 -47 -15 0
-22 42 20 0
49 34 -65 0
10 21 -24 0
-66 -40 46 0
46 -67 29 0
32 -5 50 0
21 -72 58 0
-36 62 -47 0
12 66 -35 0
-69 2 -74 0
73 -21 -49 0
-12 -2 36 0
62 -12 -61 0
10 37 -74 0
-5 59 -24 0
8 -38 70 0
-71 -9 -74 0
3 -44 -68 0
-30 37 -34 0
9 44 -48 0
-45 24 42 0
49 -72 64 0
-60 -34 7 0
-36 60 -2 0
-28 15 -49 0
69 16 -46 0
-26 -9 4 0
-74 16 -41 0
-26 24 -40 0
60 -27 11 0
40 10 -54 0
-26 -11 67 0
34 4 32 0
-62 -24 -18 0
-24 66 -43 0
-35 39 57 0
-70 44 57 0
43 22 70 0
-35 -27 51 0
-54 -56 -74 0
11 -12 -40 0
65 37 -71 0
44 4 -43 0
-31 2 17 0
41 -47 -32 0
-56 -16 1 0
-33 -46 -68 0
33 38 21 0
14 48 47 0
36 -7 17 0
-50 62 3 0
-56 -59 -71 0
9 23 -61 0
52 -68 23 0
40 -5 -19 0
-35 -3 -16 0
-47 21 -58 0
-74 -21 -1 0
-68 -10 -67 0
-14 49 -8 0
55 -25 43 0
-40 25 -41 0
-41 -43 -7 0
19 44 50 0
-32 -48 -67 0
49 -54 36 0
-43 52 -29 0
9 -31 57 0
-54 66 -57 0
-6 -1 -74 0
31 60 64 0
-62 15 72 0
-49 43 55 0
12 -29 -44 0
-35 39 40 0
-66 14 -36 0
-11 -58 -39 0
-38 -13 -62 0
30 -27 -5 0
59 19 -7 0
-18 -42 52 0
-4 -36 -74 0
23 1 -4 0
22 -45 -74 0
-73 46 -56 0
25 51 -39 0
45 10 63 0
49 -68 -17 0
70 -5 47 0
-44 54 12 0
-73 -9 64 0
-28 -21 74 0
-54 -23 38 0
-47 31 2 0
45 3 -66 0
64 -14 45 0
69 -24 44 0
-4 33 -39 0
-25 29 -31 0
-43 32 20 0
-50 39 -19 0
-30 -70 4 0
31 72 -62 0
32 -67 -9 0
-28 73 -17 0
-9 27 15 0
24 74 -71 0
-18 20 70 0
14 19 38 0
22 -15 46 0
-65 -59 37 0
18 -63 74 0
-28 29 -40 0
55 -9 36 0
45 -59 19 0
45 27 -6 0
30 71 -17 0
40 46 -64 0
-73 7 -22 0
26 67 71 0
26 13 -8 0
15 -44 -72 0
-45 -33 -22 0
2 -72 42 0
-10 -66 -71 0
-56 74 -21 0
-21 -1 48 0
1 -36 65 0
48 -29 31 0
40 52 -44 0
31 -73 -11 0
-49 -32 -7 0
63 -69 62 0
53 6 -4 0
63 38 8 0
66 -1 -59 0
-43 47 60 0
56 -5 20 0
-7 35 -36 0
33 6 -21 0
31 -66 -10 0
71 24 3 0
54 46 65 0
-12 -69 -53 0
9 65 -13 0
-25 -52 -67 0
52 72 -20 0
3 -48 46 0
58 68 -11 0
-25 -9 34 0
54 28 5 0
-2 24 46 0
-62 44 15 0
74 -6 -41 0
-33 -61 -47 0
56 32 69 0
-68 -31 7 0
-57 60 14 0
-54 -57 -46 0
-19 -21 -52 0
-15 -35 31 0
31 39 -38 0
7 -21 -41 0
30 -38 -70 0
43 -25 35 0
-67 71 22 0
24 74 -64 0
-12 -45 6 0
-61 -36 32 0
39 13 -47 0
-26 -1 -16 0
35 -10 74 0
-27 47 -25 0
-32 -31 26 0
-58 72 3 0
-18 -36 -44 0
-58 -8 57 0
28 -40 72 0
-16 1 -63 0
65 -38 -8 0
-4 52 39 0
21 23 -8 0
26 -66 -17 0
10 -16 -19 0
6 11 -66 0
74 55 -4 0
-35 -11 -10 0
-59 48 60 0
59 7 73 0
38 69 -55 0
-40 -36 39 0
71 -62 -1 0
21 -31 -49 0
41 32 -65 0
31 -20 -55 0
19 -48 -69 0
-49 43 32 0
38 16 -69 0
-9 -70 66 0
-32 -66 47 0
-12 9 42 0
-44 19 54 0
-58 -68 44 0
28 -8 56 0
63 -39 -50 0
-60 26 24 0
-51 31 19 0
65 38 -71 0
6 23 -45 0
22 -28 -9 0
-17 36 -4 0
68 -74 -34 0
17 -36 27 0
-16 -40 55 0
-35 -44 -56 0
66 69 -53 0
-50 -63 -10 0
5 55 30 0
-11 64 43 0
-62 15 -8 0
30 -48 74 0
-6 -12 -65 0
-27 -12 39 0
42 36 37 0
-4 65 69 0
27 -31 65 0
-13 6 53 0
23 -43 -8 0
70 -51 -31 0
-8 -47 -51 0
-60 -11 30 0
45 14 2 0
-36 42 3 0
-53 13 -74 0
35 -25 -57 0
8 68 -32 0
32 33 70 0
-63 -50 -10 0
5 42 -15 0
28 15 3 0
-23 -67 8 0
-5 41 35 0
-21 36 5 0
-42 52 -36 0
1 -25 -73 0
56 -23 48 0
-8 -41 53 0
56 -73 27 0
41 16 -8 0
-38 24 -41 0
44 -46 7 0
69 -74 -18 0
-69 63 12 0
-27 49 5 0
25 -17 1 0
33 68 56 0
-42 -63 3 0
19 24 35 0
18 -16 -12 0
73 74 -38 0
64 50 -7 0
-38 -62 -55 0
15 -56 25 0
33 4 -35 0
64 47 21 0
-28 42 61 0
-67 29 -73 0
-64 -38 -13 0
49 -55 67 0
26 -43 67 0
62 35 6 0
67 -28 24 0
4 -71 38 0
-43 -45 -29 0
72 -57 -18 0
-69 -21 -60 0
21 -48 26 0
16 -40 -61 0
-41 -72 14 0
67 -50 -34 0
14 -11 -33 0
11 -32 -53 0
-50 -5 -55 0
32 -14 46 0
-21 -71 -56 0
74 66 -21 0
62 74 -18 0
-73 -37 -48 0
-45 -71 68 0
-15 43 -68 0
23 -72 57 0
-5 -62 49 0
-62 -13 -7 0
-18 62 46 0
