p 97 413
28 81 -20 0
-33 73 -55 0
22 65 6 0
67 3 84 0
-78 -85 66 0
-41 91 -23 0
-47 -90 -84 0
58 35 29 0
94 64 -8 0
61 -28 56 0
52 63 10 0
86 -29 22 0
-65 85 -69 0
-94 13 -20 0
-44 -62 81 0
-56 -97 10 0
-24 -37 -12 0
-83 61 -19 0
-91 -80 -55 0
-28 68 47 0
-47 94 -26 0
-87 81 -49 0
62 -81 8 0
12 -63 14 0
45 -81 -56 0
-90 12 -73 0
-76 12 91 0
34 -6 -14 0
17 23 72 0
-85 -2 -77 0
-76 -63 -14 0
26 42 -14 0
-12 40 96 0
-11 -35 73 0
-66 22 -19 0
-26 -88 -86 0
-7 5 -89 0
24 -60 -75 0
-50 -81 90 0
63 -16 -81 0
-58 13 32 0
-92 25 -87 0
6 -62 67 0
-81 -29 55 0
-44 89 69 0
35 87 -97 0
89 34 60 0
77 57 60 0
-46 -28 -42 0
-6 -59 -88 0
58 35 -12 0
30 -59 -25 0
-18 40 91 0
-16 -35 75 0
-12 17 -43 0
-53 23 -18 0
7 -61 -28 0
-91 69 58 0
-68 -7 -14 0
49 2 51 0
75 -79 -19 0
91 -81 48 0
-90 30 -64 0
69 -86 65 0
70 -26 -37 0
-12 11 23 0
50 -72 9 0
-27 46 50 0
17 84 63 0
74 82 -46 0
20 6 68 0
46 -18 64 0
13 25 48 0
-31 37 -59 0
62 26 5 0
-49 -73 31 0
9 -16 13 0
-13 -64 -22 0
-86 -6 13 0
-15 54 94 0
16 -11 -45 0
-36 -21 55 0
-55 -96 -10 0
87 14 95 0
15 67 -43 0
61 -77 -94 0
-34 43 40 0
-90 -50 -94 0
-35 19 -71 0
59 -21 19 0
55 -70 89 0
49 72 73 0
-73 -18 81 0
36 86 48 0
56 -38 -19 0
21 -66 -70 0
17 -61 -22 0
-42 15 61 0
-4 -55 -96 0
84 44 62 0
-11 50 -20 0
-87 1 -95 0
92 -1 56 0
-53 -49 -57 0
83 27 24 0
96 3 -85 0
-79 -45 -6 0
-63 -84 -87 0
-25 -59 -57 0
-37 76 11 0
85 41 32 0
21 -38 44 0
60 -81 -58 0
84 41 85 0
58 -21 -83 0
77 15 91 0
-29 -75 81 0
34 50 60 0
82 56 62 0
54 -96 -84 0
-88 59 3 0
82 -42 -94 0
34 -83 44 0
-12 3 -24 0
87 30 -82 0
-41 58 5 0
-25 -78 34 0
76 67 41 0
10 -72 -32 0
94 16 -77 0
-35 44 73 0
90 71 -69 0
89 -10 -70 0
-40 -4 -84 0
85 -58 45 0
38 -71 -66 0
15 29 54 0
51 -72 -24 0
-82 -28 -61 0
-61 95 76 0
56 36 97 0
-60 -4 -34 0
-85 84 51 0
-33 50 -52 0
8 95 -9 0
-76 -58 67 0
-63 -54 -1 0
-4 -24 89 0
-91 -30 92 0
-69 23 71 0
63 27 6 0
-55 -4 24 0
10 56 91 0
68 -33 43 0
54 1 -19 0
-80 87 -50 0
55 -67 17 0
-18 -64 58 0
9 -47 65 0
63 -86 -40 0
-94 68 72 0
-65 -71 38 0
-95 91 -47 0
89 -4 -56 0
7 12 50 0
-19 -32 82 0
-68 -44 -38 0
87 -31 -46 0
-61 43 92 0
-95 62 -17 0
9 28 26 0
40 48 -52 0
-6 -89 -97 0
-30 -81 79 0
-22 -42 24 0
74 -14 30 0
-51 -30 -41 0
-16 13 -64 0
-92 -82 53 0
93 79 86 0
17 86 29 0
84 89 -22 0
27 -72 21 0
27 -51 48 0
24 -92 62 0
-53 -75 -88 0
29 -44 -68 0
-1 -23 -41 0
-64 -38 8 0
-51 83 88 0
38 -66 -52 0
-73 -76 -45 0
-47 -25 -91 0
5 80 21 0
70 -29 -73 0
42 -84 -31 0
2 31 -39 0
51 -6 12 0
55 -34 90 0
-14 54 -79 0
-57 27 15 0
-54 4 50 0
-58 50 13 0
15 21 -38 0
92 -76 74 0
-26 -45 -31 0
-57 -72 91 0
-87 40 57 0
82 -62 72 0
-24 57 22 0
-3 42 -78 0
90 79 55 0
-51 6 73 0
89 94 6 0
42 -48 -76 0
-38 72 16 0
72 32 -92 0
-56 -90 -18 0
-47 5 33 0
66 -97 96 0
43 -52 34 0
-87 -66 96 0
-35 -8 -45 0
-51 6 -73 0
-59 15 40 0
39 92 84 0
-59 27 69 0
67 -85 43 0
22 -62 -60 0
-41 78 -42 0
81 89 -18 0
-39 -62 -12 0
-7 -55 -97 0
-50 82 85 0
-16 25 21 0
34 -93 67 0
89 -3 -45 0
-94 -77 39 0
84 52 -77 0
-39 84 7 0
62 -35 -13 0
67 82 29 0
-37 -67 -68 0
10 -96 -30 0
-24 77 96 0
14 18 -77 0
47 45 89 0
29 -63 16 0
-28 -34 -51 0
73 -7 -30 0
-53 72 -56 0
-86 62 -82 0
40 -95 64 0
70 -5 91 0
-70 -1 -36 0
-17 -3 94 0
-49 73 -46 0
16 -90 26 0
79 -80 -56 0
3 -88 67 0
86 -27 -93 0
-17 40 -97 0
-62 -3 85 0
-11 56 -80 0
-67 93 87 0
-58 80 3 0
6 -1 -86 0
-52 -8 -69 0
29 -30 80 0
-19 65 32 0
42 -44 -64 0
53 -44 19 0
-58 -53 -21 0
-25 -58 -12 0
59 -63 -20 0
-17 51 -39 0
-55 60 45 0
85 -13 -2 0
-74 91 -70 0
-84 -91 12 0
-79 -59 -23 0
-94 -16 6 0
-35 -18 -73 0
-42 -96 -95 0
69 -56 -26 0
23 18 -59 0
-82 -21 28 0
37 9 -81 0
84 -75 94 0
-37 -68 5 0
25 -42 -9 0
-41 -52 38 0
9 -52 -96 0
-70 26 -10 0
38 20 -96 0
88 -59 -19 0
-66 22 12 0
-17 -24 97 0
-54 61 -30 0
30 20 -11 0
-20 -57 42 0
72 49 45 0
-59 -18 80 0
76 45 4 0
4 -91 76 0
-56 10 41 0
19 63 86 0
46 -66 -44 0
17 2 82 0
-75 -41 58 0
7 -76 55 0
-66 -52 14 0
15 22 -82 0
-64 -86 -9 0
-5 -19 92 0
-30 3 50 0
44 23 85 0
23 93 -26 0
71 -91 73 0
-28 53 51 0
85 61 -72 0
10 58 14 0
-10 -88 86 0
84 -59 -36 0
41 -3 32 0
-97 16 -69 0
-93 85 -45 0
-90 88 -56 0
82 -50 -93 0
-69 39 -23 0
-92 49 -13 0
54 -80 71 0
19 87 -45 0
17 -33 -67 0
-90 93 -70 0
-13 53 -71 0
-85 -76 14 0
-31 -1 -74 0
-26 -39 -51 0
-16 -95 -11 0
-74 41 -51 0
-77 -3 65 0
-17 -31 -49 0
-34 7 -32 0
18 -23 -52 0
-9 -88 67 0
74 -90 -5 0
-19 33 -43 0
95 6 46 0
-94 90 -80 0
62 -18 58 0
5 67 -59 0
-29 59 80 0
-14 15 -13 0
-71 -50 -73 0
-61 46 84 0
46 -43 40 0
-89 14 84 0
-61 11 -86 0
50 83 96 0
-30 -37 -73 0
-51 -96 -87 0
-49 -84 69 0
-70 24 -60 0
31 -6 -34 0
41 97 50 0
90 -30 -42 0
-66 -54 -84 0
59 -30 78 0
45 72 36 0
51 69 10 0
68 -30 65 0
20 -44 -75 0
-39 64 35 0
5 -36 -17 0
-58 7 71 0
39 87 45 0
-56 79 7 0
-31 85 23 0
41 81 10 0
30 5 -85 0
2 58 -79 0
67 -84 -76 0
-36 -80 92 0
66 -88 -77 0
65 -5 -54 0
-84 -53 65 0
-7 -22 47 0
62 -36 52 0
-34 52 10 0
89 -20 97 0
64 39 -2 0
-23 52 -12 0
-71 83 -6 0
-86 58 -22 0
66 97 68 0
-87 -1 -53 0
22 -83 -2 0
45 -57 -50 0
-3 50 -90 0
92 -62 80 0
71 68 56 0
-97 50 68 0
-50 -37 27 0
-26 -87 -32 0
-94 -78 -63 0
-38 -70 75 0
-23 -7 -89 0
-75 -61 54 0
-46 -49 -34 0
-17 -15 76 0
-44 52 3 0
-67 -43 89 0
