p 81 345
-56 74 33 0
-50 -45 -76 0
-5 2 4 0
-72 -68 11 0
-29 39 23 0
-33 -12 -75 0
-80 72 -65 0
-28 -37 -13 0
-26 -20 -1 0
33 -57 3 0
20 32 34 0
14 -46 -23 0
33 53 79 0
-55 -6 16 0
-68 -27 -53 0
1 13 66 0
12 8 -63 0
29 70 -77 0
-13 3 65 0
1 37 42 0
55 -27 -40 0
-26 80 20 0
-17 -25 -9 0
-24 23 12 0
56 18 36 0
70 46 31 0
-32 -79 -3 0
-33 20 75 0
-7 41 20 0
48 64 63 0
-48 -72 -57 0
15 -39 16 0
-52 48 -65 0
39 -69 68 0
20 -10 14 0
-46 35 -79 0
33 46 -11 0
51 -13 57 0
27 64 -1 0
-1 49 -35 0
-14 4 2 0
-20 37 66 0
-23 19 -2 0
78 1 2 0
20 -49 -59 0
13 9 -49 0
79 46 -74 0
-2 18 70 0
-51 35 -34 0
-41 -17 71 0
-1 62 67 0
54 36 77 0
19 -80 -17 0
81 80 7 0
34 -59 -1 0
-60 27 -18 0
32 73 65 0
-64 -62 16 0
-24 11 31 0
36 -75 60 0
-8 11 12 0
57 52 26 0
-23 29 69 0
-80 -5 2 0
-56 14 -47 0
-28 26 37 0
-10 27 58 0
18 -31 -1 0
-80 -30 -48 0
-62 36 77 0
-9 48 26 0
1 -2 51 0
33 -75 25 0
4 38 11 0
55 -67 -53 0
66 -68 -15 0
-55 9 27 0
-62 -58 -38 0
50 3 26 0
-81 17 37 0
34 -70 53 0
-44 7 -74 0
-20 -55 -69 0
2 19 77 0
50 66 46 0
-58 -19 -39 0
-26 7 -5 0
20 23 -21 0
12 3 -64 0
-16 15 -51 0
-60 78 -27 0
-34 -71 18 0
-30 -5 -9 0
-15 -66 76 0
-80 31 -28 0
-24 -69 11 0
65 61 -20 0
-80 47 -55 0
23 -4 -53 0
-27 15 30 0
-19 53 24 0
23 1 -67 0
-72 -24 -30 0
17 48 -26 0
-60 -62 69 0
-74 5 17 0
-7 51 -11 0
-42 -9 -80 0
-40 46 -29 0
-68 38 -32 0
-50 -67 -11 0
30 62 -48 0
-66 -47 -67 0
62 28 3 0
-35 -78 -52 0
6 -75 -25 0
46 51 18 0
-71 -73 57 0
43 70 56 0
26 34 -79 0
75 -2 -67 0
-30 37 7 0
40 1 17 0
-41 -6 16 0
-23 71 -74 0
-12 -40 -64 0
-46 44 -64 0
-42 35 -77 0
72 59 14 0
54 -76 51 0
-55 54 53 0
-18 51 -69 0
-51 35 -17 0
8 46 -73 0
-24 74 -33 0
68 -18 -28 0
76 48 -28 0
-47 80 51 0
-18 -34 -79 0
1 79 -51 0
2 -1 50 0
60 -44 -64 0
65 -39 -24 0
-32 77 13 0
78 -80 -47 0
66 52 10 0
25 72 -54 0
-41 27 28 0
-68 -66 -7 0
-67 81 -12 0
-43 -44 -64 0
-11 -46 -13 0
48 -61 31 0
55 -23 75 0
71 80 -68 0
31 -80 -42 0
33 -32 -30 0
-63 76 -39 0
-66 -74 10 0
-6 58 -35 0
-56 18 -34 0
-55 72 76 0
-48 -1 -12 0
53 57 63 0
-46 20 49 0
-76 25 7 0
29 60 62 0
-48 -35 55 0
-49 -5 -3 0
55 -28 74 0
-42 -53 -25 0
5 43 33 0
23 -80 -14 0
74 -60 -40 0
31 -5 23 0
-31 -12 20 0
-78 19 -21 0
30 -18 72 0
57 70 -44 0
81 54 -46 0
-52 22 -79 0
-33 -8 -45 0
-64 35 -60 0
-79 -69 74 0
-12 35 -20 0
29 8 38 0
53 30 -43 0
74 78 -52 0
-25 77 -39 0
72 -44 -71 0
53 -10 32 0
-45 19 -3 0
9 2 -67 0
-64 -59 -61 0
-1 -67 -61 0
9 -81 52 0
11 15 61 0
-7 -77 -24 0
27 -73 7 0
68 -40 26 0
46 17 40 0
47 -34 38 0
-71 -54 -28 0
-29 3 -33 0
41 8 -36 0
35 69 41 0
-58 34 -77 0
15 -50 27 0
-20 32 78 0
22 67 -1 0
-60 -68 -54 0
-80 -69 53 0
-40 -24 11 0
57 -8 10 0
53 30 64 0
15 50 26 0
34 -56 -57 0
8 -31 -47 0
49 -17 34 0
-61 55 -62 0
-37 -79 -19 0
-54 -7 -79 0
34 64 -79 0
-71 47 -12 0
-51 63 -14 0
-44 -40 -17 0
-12 -44 46 0
70 59 37 0
66 -28 -6 0
-46 -44 14 0
-18 33 -9 0
78 10 -58 0
48 -26 -50 0
-32 -42 -51 0
18 64 26 0
-28 -71 14 0
-11 -10 79 0
58 -29 -62 0
16 9 -55 0
61 -32 -39 0
-78 20 19 0
30 59 -56 0
-72 55 12 0
6 -81 -23 0
22 -73 18 0
-51 -62 79 0
80 -62 -15 0
-73 -17 -81 0
59 -52 2 0
-63 74 -20 0
-33 9 36 0
52 50 49 0
19 26 14 0
5 18 6 0
-56 22 -52 0
59 -41 -30 0
33 -4 28 0
-26 -11 24 0
74 12 14 0
73 12 79 0
-59 75 -29 0
15 -69 33 0
-75 54 -19 0
-81 -72 -54 0
33 -4 40 0
-4 -9 -66 0
7 -72 -17 0
48 -34 -30 0
-30 -73 60 0
-8 -31 45 0
-12 -19 21 0
59 61 -10 0
54 -73 -1 0
-23 -46 17 0
67 37 9 0
-19 50 -7 0
-57 22 -1 0
54 47 -48 0
22 -76 -69 0
55 56 66 0
2 -1 -60 0
21 -66 -80 0
64 12 -11 0
17 41 65 0
-55 -17 48 0
70 11 -46 0
11 -49 17 0
-8 59 -75 0
-16 -27 -26 0
-43 -13 -70 0
63 -77 45 0
6 8 45 0
-54 -4 -35 0
27 -47 64 0
-34 -36 12 0
-65 -67 -63 0
21 50 73 0
18 -68 31 0
-58 43 67 0
-59 30 -45 0
1 -76 19 0
2 20 36 0
69 -30 2 0
-81 39 40 0
-59 -81 20 0
-40 49 22 0
-28 -55 56 0
16 -60 57 0
-15 58 -2 0
-9 12 35 0
-62 -47 -51 0
70 -25 -57 0
19 62 -34 0
-12 -26 39 0
-3 2 30 0
-33 -64 -41 0
-55 -36 -39 0
3 2 -50 0
-16 6 -3 0
-30 33 38 0
-67 45 -71 0
-31 -61 -39 0
66 -61 -2 0
56 62 -46 0
-23 -77 -66 0
-8 33 -27 0
-20 -19 -21 0
6 16 -19 0
-58 71 75 0
-69 -71 -25 0
79 32 -73 0
-9 5 -62 0
-56 8 -68 0
54 -43 -57 0
-67 -35 30 0
52 40 61 0
35 -20 -32 0
-14 -30 -3 0
60 13 -40 0
41 -37 59 0
-80 26 2 0
-65 33 44 0
-40 -12 9 0
-17 -31 20 0
14 4 61 0
