p 20 85
-17 13 6 0
2 9 5 0
4 18 -17 0
-12 5 -18 0
14 -18 -10 0
11 -1 -4 0
2 12 -7 0
7 13 -15 0
19 -4 20 0
-14 -16 -19 0
-5 7 9 0
-4 -9 6 0
9 -5 -4 0
8 2 17 0
-19 20 14 0
-11 1 4 0
-20 -4 -8 0
-10 -19 14 0
-10 6 -2 0
-12 -10 -17 0
14 11 -7 0
-12 6 -7 0
6 5 14 0
1 -7 -17 0
-17 14 -10 0
-13 -10 -14 0
-13 -20 7 0
-7 -4 -17 0
-13 -16 -18 0
-19 -5 2 0
-11 -2 20 0
-15 14 -10 0
10 13 -19 0
-7 4 -3 0
-11 1 -20 0
9 18 -6 0
2 6 -15 0
9 -3 -7 0
-16 19 -2 0
18 5 -13 0
10 -14 20 0
-5 17 -1 0
1 -5 15 0
2 -15 8 0
-4 17 -11 0
1 17 4 0
5 6 -17 0
-9 8 4 0
-18 -6 3 0
20 -7 2 0
12 -14 -19 0
18 -11 -12 0
-15 11 -18 0
-7 -15 6 0
2 19 -12 0
10 -12 -13 0
18 -5 -3 0
-4 -19 6 0
19 -4 -6 0
8 12 -6 0
-1 -16 -13 0
-19 -15 -2 0
15 20 6 0
-1 -9 13 0
5 -10 18 0
16 18 -12 0
15 -1 9 0
-3 6 4 0
7 20 -9 0
-20 3 1 0
-13 2 5 0
15 19 8 0
-5 19 -1 0
-9 -18 -3 0
-11 6 -17 0
-16 14 15 0
-6 17 -11 0
3 15 19 0
-11 -3 1 0
2 -10 3 0
4 -18 10 0
11 -5 -19 0
1 -14 17 0
14 17 3 0
-10 -17 -2 0
