p 87 370
42 -4 -81 0
-5 -27 10 0
-34 -44 50 0
66 56 3 0
67 11 74 0
30 79 -34 0
53 -39 -25 0
-86 7 -42 0
-28 78 -71 0
-80 11 -84 0
68 53 -55 0
-46 37 -73 0
65 43 36 0
-73 -6 -42 0
-19 85 -22 0
51 83 27 0
-40 -44 8 0
-46 86 50 0
64 -57 56 0
2 -30 -12 0
39 -58 -43 0
-53 -55 76 0
-44 -38 57 0
83 63 54 0
-27 43 -40 0
2 -80 -35 0
-36 29 -77 0
67 63 32 0
67 64 30 0
36 -10 -25 0
-39 52 48 0
-79 46 -69 0
3 37 -77 0
-70 42 -40 0
44 -42 -4 0
69 -87 80 0
-39 44 61 0
-48 80 -37 0
36 -73 33 0
41 -8 14 0
-26 87 35 0
-47 -49 12 0
85 -69 53 0
-9 29 -26 0
57 43 -72 0
-47 6 3 0
-29 57 1 0
-44 19 -51 0
-9 -14 6 0
-42 23 -13 0
31 -17 62 0
28 -23 -58 0
-27 -82 -85 0
69 63 -39 0
29 64 -25 0
-81 -29 54 0
24 17 -39 0
37 9 -77 0
37 47 55 0
-7 -26 -11 0
-76 56 68 0
69 -23 77 0
-73 -56 61 0
18 -84 -3 0
17 -84 54 0
23 29 -21 0
-17 74 -1 0
74 12 21 0
-5 47 -76 0
-60 35 11 0
52 57 -66 0
-58 42 -3 0
46 -81 -9 0
79 -34 -17 0
-9 -28 -11 0
87 -47 -37 0
3 -79 -2 0
32 -19 42 0
62 -84 83 0
58 55 -79 0
7 22 53 0
2 83 -22 0
57 -78 86 0
-61 85 -77 0
-22 -18 50 0
-51 -69 43 0
-52 -45 82 0
-80 16 18 0
-18 -49 -70 0
25 73 57 0
5 73 -29 0
-4 46 -71 0
-87 -53 39 0
-30 -66 54 0
-13 79 24 0
-70 52 -63 0
53 -6 -63 0
-74 -12 -23 0
57 45 -71 0
86 57 58 0
83 -12 -11 0
69 -56 80 0
23 8 -5 0
74 -30 78 0
-50 52 -20 0
-87 38 -80 0
-47 64 68 0
-45 -53 -31 0
-21 -13 63 0
85 70 79 0
-70 58 -23 0
-83 -30 79 0
81 -16 78 0
25 50 -20 0
8 48 38 0
-17 32 -23 0
-44 -16 -28 0
50 -38 -77 0
75 64 -56 0
-14 12 -44 0
-22 49 25 0
-77 28 -41 0
19 -87 9 0
16 12 -77 0
30 53 20 0
65 26 -87 0
-84 -80 45 0
19 38 -53 0
26 -22 52 0
22 -45 40 0
26 60 28 0
-12 -20 -69 0
-51 -44 86 0
73 76 -82 0
47 -36 -33 0
81 -62 71 0
-48 84 53 0
58 8 50 0
-13 1 -46 0
20 1 33 0
22 59 62 0
4 -40 -41 0
-62 53 -29 0
82 74 -22 0
-57 59 41 0
-20 -52 37 0
-57 4 23 0
55 -62 -39 0
-82 -20 -57 0
33 -53 -87 0
3 23 73 0
42 26 -59 0
78 -73 -26 0
14 41 -19 0
25 -16 -62 0
-50 11 -77 0
45 -87 -6 0
-23 -75 18 0
-44 -74 19 0
-59 76 -40 0
-78 47 -86 0
-30 -64 -54 0
-16 -64 -67 0
-44 25 5 0
5 49 -86 0
-18 -60 77 0
-20 -49 63 0
38 -52 66 0
-83 48 19 0
-58 6 -31 0
-7 50 -80 0
41 24 -30 0
30 -17 -13 0
54 25 -21 0
-75 -10 50 0
-60 64 41 0
-51 28 -15 0
35 -74 -17 0
-76 -1 -23 0
-56 82 -54 0
-42 77 31 0
-50 28 -80 0
50 -1 26 0
47 12 -64 0
71 37 34 0
15 43 -75 0
-9 -40 -56 0
-71 82 47 0
-36 -30 -17 0
46 -31 -54 0
24 -23 2 0
-66 59 12 0
1 -52 9 0
-19 -85 46 0
-80 1 -65 0
-86 6 -11 0
65 -80 53 0
-48 10 41 0
13 29 -19 0
-6 46 4 0
-40 53 44 0
15 -20 41 0
61 -42 -46 0
-2 -76 -83 0
-68 -26 -2 0
-52 25 -78 0
1 -30 16 0
44 -35 -6 0
-41 -48 37 0
7 -56 83 0
36 -30 -31 0
-85 51 46 0
-57 66 9 0
80 16 -7 0
-75 -48 73 0
37 20 33 0
-51 -59 -75 0
-86 29 6 0
-76 77 -32 0
-37 -5 76 0
28 -51 -49 0
-15 60 -62 0
41 32 -45 0
-20 -59 17 0
-15 52 29 0
1 41 51 0
55 -4 39 0
-36 76 47 0
-11 -12 -54 0
39 -35 48 0
-20 -70 -78 0
87 64 8 0
80 19 -44 0
-33 53 61 0
-23 -50 -74 0
68 69 -87 0
70 5 80 0
35 -14 -67 0
37 81 -28 0
82 -86 81 0
-14 -33 67 0
76 53 -50 0
67 40 33 0
29 67 -31 0
83 12 28 0
81 -19 41 0
55 60 10 0
-79 7 -13 0
-2 28 75 0
85 56 24 0
4 -8 -23 0
-70 38 -65 0
13 57 8 0
11 65 15 0
38 -16 52 0
-76 55 68 0
20 4 -61 0
-28 -22 -79 0
-66 -24 81 0
-17 24 -43 0
-65 -19 -8 0
44 -46 -36 0
68 17 -13 0
-69 62 -4 0
-62 8 37 0
-73 50 -6 0
-18 -14 70 0
-76 -68 -5 0
12 64 26 0
-2 -48 -63 0
-19 -23 -66 0
-72 86 -75 0
-69 -16 6 0
3 22 -14 0
-81 42 56 0
60 -20 22 0
-63 58 45 0
25 7 59 0
31 -56 -45 0
-69 -65 -15 0
63 75 28 0
52 -34 71 0
5 48 32 0
-44 -80 -83 0
81 74 -19 0
-18 -77 80 0
28 16 -65 0
41 85 -25 0
16 -14 -35 0
-52 -51 27 0
-28 86 -41 0
9 25 -83 0
-34 52 60 0
62 -27 52 0
-76 -64 -45 0
86 25 14 0
76 -83 -45 0
-34 15 73 0
-55 -87 38 0
-81 64 52 0
-8 66 12 0
65 30 -51 0
-67 5 -31 0
-45 43 56 0
-56 55 -39 0
-64 37 -86 0
-50 -4 -13 0
55 19 -75 0
72 7 38 0
30 37 -79 0
-79 41 37 0
22 -8 -86 0
62 -41 32 0
58 -28 -64 0
10 -40 4 0
30 49 78 0
-87 68 -80 0
-9 -77 -27 0
-72 -51 -78 0
-3 48 -62 0
-6 42 74 0
25 -59 -79 0
-64 21 2 0
-33 55 34 0
-67 -40 37 0
82 -61 65 0
36 -15 -32 0
14 -50 7 0
-87 -74 -7 0
73 33 -39 0
-46 41 79 0
-25 -60 1 0
72 76 -21 0
39 40 -48 0
24 -35 -70 0
-1 5 17 0
-4 42 52 0
-62 -64 -77 0
-63 -10 -21 0
-55 61 15 0
35 -13 -24 0
51 15 74 0
41 -61 -54 0
-86 17 -52 0
-59 -67 -75 0
-72 -84 80 0
-66 -27 -73 0
-2 61 77 0
42 27 45 0
39 61 71 0
-70 80 30 0
-48 -49 -65 0
-83 -26 -48 0
42 66 23 0
-17 18 -5 0
7 -19 65 0
-41 31 15 0
-58 26 23 0
-68 29 -56 0
-20 -10 -16 0
62 -66 15 0
-59 -62 -27 0
70 -68 -15 0
-17 23 -33 0
-19 -17 54 0
-1 26 -3 0
-31 55 -75 0
-59 -49 80 0
46 59 19 0
-84 -83 35 0
