p 27 115
25 -11 16 0
-5 -17 25 0
25 3 -19 0
2 7 -18 0
-16 -20 -1 0
4 12 -24 0
13 6 24 0
-15 23 -7 0
15 -17 -5 0
9 7 11 0
23 20 12 0
1 -16 11 0
-23 9 24 0
-7 17 11 0
7 5 4 0
1 -17 -14 0
25 18 -23 0
-4 26 23 0
27 -13 11 0
-1 10 -20 0
-2 17 21 0
8 -13 -2 0
21 -4 8 0
27 9 -17 0
25 -7 17 0
16 -5 -14 0
25 12 24 0
19 9 -16 0
-1 10 -15 0
26 -7 12 0
-21 13 -23 0
-4 -5 -2 0
15 23 6 0
-26 -5 -16 0
-3 -5 13 0
3 5 -18 0
6 7 -1 0
-20 16 10 0
-25 -10 9 0
25 19 -23 0
-14 1 -12 0
25 12 20 0
25 -9 -24 0
20 -17 -24 0
2 13 9 0
25 -19 17 0
-1 -11 -18 0
-9 24 26 0
-18 -1 14 0
-27 -17 22 0
-12 17 1 0
-3 -27 -17 0
14 12 -10 0
23 16 9 0
-12 -8 15 0
9 1 -7 0
5 21 23 0
25 -27 -14 0
16 19 2 0
7 -24 -20 0
-17 14 16 0
-27 4 -10 0
23 14 -25 0
3 -17 16 0
-4 -20 -25 0
-20 -13 11 0
-6 -12 1 0
12 11 -2 0
-10 8 3 0
-7 21 -11 0
-21 -10 7 0
2 20 21 0
27 -23 -19 0
4 7 3 0
27 -17 -25 0
21 25 19 0
11 13 26 0
-23 26 -10 0
15 -6 -20 0
-25 15 -7 0
8 24 18 0
5 -10 4 0
10 12 16 0
27 -2 7 0
-6 11 -22 0
21 14 -19 0
12 -7 -1 0
20 2 3 0
18 5 25 0
-12 -11 1 0
-10 -3 -11 0
-26 -3 27 0
21 7 -25 0
25 6 20 0
-19 26 -2 0
-27 -22 -4 0
-9 15 20 0
17 22 -25 0
2 24 -1 0
-11 -25 21 0
-13 27 -9 0
-21 -26 -10 0
-14 -23 10 0
-11 -8 -21 0
10 17 16 0
17 18 7 0
-9 -7 16 0
14 -23 3 0
-15 -9 -23 0
-20 -27 3 0
-7 21 -6 0
16 -14 22 0
-19 -18 24 0
-12 10 -1 0
-8 13 27 0
