p 99 421
-12 -45 -62 0
-48 -24 25 0
-61 65 76 0
-54 -18 14 0
-17 -31 28 0
73 99 79 0
-36 99 -3 0
-45 99 -35 0
79 -31 46 0
56 98 -48 0
35 -24 17 0
14 30 56 0
-99 -6 -85 0
47 83 -4 0
61 92 -21 0
-99 -98 68 0
21 46 -88 0
-71 -67 -85 0
-68 67 -90 0
-31 -53 -86 0
-54 7 -3 0
49 -37 -53 0
63 74 -88 0
-66 75 -82 0
-34 18 35 0
45 35 -20 0
-79 93 -81 0
-47 -31 -12 0
77 -57 28 0
-17 -45 50 0
-70 13 85 0
-22 -55 -39 0
-84 47 -22 0
96 -72 88 0
-86 -37 6 0
-48 62 -35 0
68 -28 83 0
-95 52 24 0
94 49 20 0
-93 97 -73 0
-26 94 57 0
-82 2 -39 0
-32 -20 12 0
-10 -52 -26 0
-53 75 -89 0
43 49 34 0
-60 -80 23 0
41 75 -99 0
80 13 -3 0
71 4 19 0
-60 10 14 0
-73 13 -44 0
56 65 -11 0
-76 -94 -50 0
-27 -34 -16 0
-36 -45 -23 0
-97 -75 32 0
-50 -51 82 0
-99 27 -75 0
43 20 -57 0
4 -20 68 0
-77 -88 41 0
42 -51 -20 0
84 51 50 0
-6 25 74 0
-61 16 -93 0
98 63 60 0
15 -82 41 0
-73 -31 -96 0
86 -91 18 0
43 98 24 0
-66 1 38 0
32 -86 76 0
84 -12 -30 0
-55 -14 -81 0
4 -70 -15 0
-91 11 26 0
94 36 5 0
24 -40 -35 0
80 -40 23 0
-82 20 -7 0
72 -13 92 0
-7 -68 79 0
-53 -22 -6 0
-36 74 81 0
-32 -67 -59 0
-13 -87 -36 0
26 38 73 0
-2 -52 13 0
-75 -26 62 0
-49 -53 -17 0
57 5 9 0
19 61 41 0
-52 -73 -31 0
37 -41 43 0
-13 -38 74 0
-67 -49 44 0
-18 -87 4 0
-98 93 -62 0
-79 -8 -93 0
61 -35 89 0
27 -64 -72 0
-21 -94 -72 0
-60 62 17 0
72 45 -74 0
-43 33 71 0
86 -48 -10 0
-86 -26 65 0
-54 30 -88 0
26 -45 22 0
-49 -75 44 0
10 -27 75 0
88 -36 -26 0
-20 12 -44 0
-81 -95 88 0
94 24 23 0
-68 11 -99 0
8 -95 -93 0
-58 17 -93 0
-10 70 15 0
-24 -84 10 0
76 45 92 0
16 39 71 0
55 58 88 0
-29 -99 -9 0
-47 -59 13 0
19 43 -48 0
-79 -4 92 0
-12 -17 83 0
-19 -16 41 0
73 -29 -17 0
-25 94 -19 0
-45 94 -48 0
57 11 76 0
-63 4 3 0
22 -59 27 0
-59 9 -10 0
53 -28 62 0
4 5 -50 0
-78 -32 -65 0
25 48 7 0
-94 -9 74 0
-89 12 82 0
-4 -2 71 0
81 47 28 0
-88 95 14 0
25 -96 -63 0
-60 -70 -51 0
-91 -1 27 0
-34 -28 -72 0
-52 -27 -73 0
27 -50 71 0
43 -92 37 0
-65 67 43 0
-98 -52 49 0
40 -61 -26 0
-48 52 -22 0
34 97 80 0
33 -40 46 0
-73 -30 -66 0
-99 -44 81 0
-81 -10 8 0
-78 -70 -31 0
9 -46 -41 0
-96 -55 58 0
-61 -74 -89 0
64 26 -30 0
62 -70 76 0
-94 -86 -25 0
-45 -15 3 0
-28 -65 -79 0
5 89 79 0
28 54 -15 0
-9 62 -53 0
22 99 90 0
66 83 -81 0
34 -89 -86 0
81 28 -3 0
74 -56 23 0
11 23 20 0
99 -27 68 0
32 94 8 0
-7 3 72 0
-35 -81 53 0
-8 22 -89 0
-89 49 33 0
-89 66 85 0
33 -68 49 0
-56 39 -98 0
-48 -8 83 0
-45 -16 -84 0
-11 29 2 0
45 53 37 0
62 55 5 0
-41 -63 -17 0
98 -48 72 0
-95 81 56 0
6 60 -9 0
-3 14 87 0
-16 43 -41 0
46 -73 -64 0
74 -95 -60 0
-83 79 -4 0
-77 70 10 0
74 -1 76 0
51 -44 93 0
-63 46 35 0
78 88 -95 0
-84 28 -93 0
-76 31 93 0
98 83 -35 0
-7 66 10 0
-30 35 77 0
-86 45 -38 0
80 44 13 0
-1 -67 70 0
43 -14 -60 0
-67 -20 -81 0
67 58 90 0
78 -56 36 0
-99 -94 -84 0
-3 87 99 0
-19 48 90 0
-34 15 -1 0
60 16 -15 0
36 -88 -29 0
94 -17 -55 0
-31 -29 -93 0
38 51 -23 0
-47 -70 38 0
-42 -49 -13 0
-41 -43 -4 0
28 -52 -78 0
72 49 4 0
-52 -63 28 0
-51 -80 45 0
-46 -50 -91 0
-99 42 17 0
11 -72 80 0
63 75 -9 0
-77 -39 78 0
97 -37 91 0
-1 58 21 0
91 -15 -10 0
-9 -59 81 0
47 7 -36 0
4 -39 -90 0
-30 34 -84 0
-20 -33 15 0
-83 63 -53 0
76 -50 59 0
69 44 30 0
38 34 15 0
-82 -90 43 0
-64 20 -75 0
-11 58 -76 0
-33 97 63 0
45 -71 -19 0
95 -17 28 0
-58 35 69 0
-15 63 62 0
99 75 -85 0
-29 -99 25 0
54 3 8 0
16 65 56 0
-69 13 57 0
18 62 -30 0
30 48 -28 0
-38 70 -85 0
-16 -10 48 0
34 -44 15 0
46 -62 53 0
-49 72 28 0
-33 -91 19 0
-22 26 66 0
-43 38 35 0
-5 50 -54 0
-35 22 -33 0
44 -74 10 0
-39 -17 -60 0
93 -48 53 0
40 -95 31 0
89 51 -80 0
-92 -88 -50 0
78 -27 36 0
-84 40 79 0
16 -18 -45 0
-94 -16 81 0
-41 -24 -70 0
-77 54 37 0
-34 -29 36 0
-30 8 79 0
28 11 32 0
-6 61 87 0
71 -3 80 0
84 -73 -93 0
-12 -90 49 0
-10 44 11 0
61 53 -62 0
-64 -55 20 0
-74 -68 -34 0
36 -59 14 0
96 89 68 0
2 -14 -65 0
-98 -16 43 0
83 48 63 0
38 86 -41 0
61 89 -10 0
54 -44 -37 0
-90 -81 92 0
-6 44 9 0
-23 1 -92 0
-7 25 55 0
15 76 24 0
-59 -15 83 0
39 -99 -47 0
-78 85 -17 0
28 16 76 0
99 -3 21 0
-14 -24 79 0
-43 -11 -83 0
-23 6 68 0
-74 -83 95 0
-40 63 8 0
11 -95 79 0
-10 51 31 0
-28 42 -4 0
-89 96 -5 0
-88 32 -61 0
61 -39 -75 0
75 -28 -44 0
82 -69 89 0
-66 34 -32 0
-98 52 31 0
20 -6 -37 0
-39 -49 88 0
89 -41 -26 0
5 -89 -25 0
-35 14 68 0
-85 18 84 0
62 -54 -42 0
-81 32 51 0
49 -28 -58 0
22 -40 29 0
-38 -19 41 0
73 -59 78 0
97 -11 -57 0
63 62 79 0
-1 -64 -40 0
-99 -65 -5 0
-51 -81 -30 0
-53 14 43 0
7 11 -94 0
29 -46 -7 0
56 -6 -47 0
15 63 -34 0
19 -9 -77 0
-95 35 41 0
-3 -88 -47 0
-13 3 -93 0
50 66 85 0
31 -72 -59 0
28 49 23 0
28 64 48 0
87 19 -12 0
-67 66 -28 0
-25 82 93 0
-60 94 -91 0
3 -88 44 0
-13 73 -54 0
56 47 11 0
-21 -6 -7 0
-85 -40 -31 0
77 18 -88 0
13 -45 -96 0
-55 42 -84 0
94 -18 80 0
80 -4 -46 0
-22 -50 -76 0
86 -55 7 0
-20 62 8 0
-32 -31 -10 0
59 85 29 0
-83 15 -87 0
43 93 80 0
16 68 76 0
63 3 -36 0
87 9 52 0
37 -60 32 0
59 13 -73 0
-4 36 27 0
-71 66 84 0
22 97 -60 0
-38 59 -71 0
82 2 -6 0
22 48 12 0
-8 28 49 0
12 76 21 0
53 -91 7 0
5 14 -42 0
-89 -62 -78 0
9 44 17 0
55 -96 -41 0
57 75 -52 0
32 73 9 0
66 51 53 0
94 32 48 0
41 -97 29 0
99 54 90 0
-33 78 -31 0
-8 68 -81 0
-24 -11 -67 0
-96 15 12 0
-29 25 88 0
84 -50 40 0
33 13 8 0
-78 -1 -76 0
-18 -67 81 0
-12 81 58 0
56 29 59 0
46 -57 -81 0
