p 88 374
-64 73 -40 0
-7 -28 -87 0
84 -4 73 0
-53 55 -24 0
39 71 27 0
39 88 6 0
9 -12 -47 0
85 -72 -55 0
9 33 -71 0
-72 -60 20 0
28 -13 83 0
8 17 22 0
-44 -8 -83 0
-22 56 32 0
-30 -50 -39 0
-42 -45 -76 0
46 -36 -54 0
3 -77 -18 0
-83 -20 16 0
76 -15 -3 0
7 24 -53 0
27 -32 -46 0
52 -73 -68 0
84 36 -76 0
-54 -77 58 0
32 73 -20 0
3 -22 -33 0
75 84 -17 0
-6 -35 69 0
-40 -47 -78 0
-70 -41 -28 0
31 -17 28 0
-48 -3 64 0
61 -54 -19 0
-52 -25 40 0
57 -19 -63 0
73 -87 23 0
36 50 -82 0
72 -14 -40 0
-8 6 18 0
56 -57 36 0
16 -5 -33 0
-49 -33 -70 0
5 -19 -6 0
50 -79 30 0
58 10 -79 0
-68 -33 42 0
4 -26 33 0
-11 -7 4 0
67 24 54 0
41 87 -9 0
-24 1 -2 0
-41 77 49 0
-1 -25 -84 0
54 -61 -14 0
34 -76 -33 0
-27 23 -60 0
23 28 -24 0
33 -77 76 0
26 -86 -69 0
-9 -37 75 0
-7 46 -26 0
-46 -55 17 0
62 22 -2 0
-6 -59 -43 0
-1 2 77 0
-23 -34 9 0
-41 33 29 0
68 4 76 0
-56 -37 55 0
-48 -57 -14 0
-61 -69 58 0
-60 32 -64 0
-11 -8 -64 0
19 77 -45 0
-37 -30 -9 0
-60 28 64 0
36 -42 53 0
11 34 15 0
58 -23 54 0
-87 -15 33 0
-19 -62 -41 0
37 87 22 0
-73 47 63 0
-63 -48 -76 0
17 -50 22 0
-39 -19 -82 0
-77 -48 -79 0
9 60 -84 0
24 59 52 0
62 27 -47 0
22 7 68 0
49 62 13 0
36 -39 -87 0
-26 81 14 0
57 50 46 0
45 80 83 0
-7 72 -5 0
-33 65 6 0
53 -8 84 0
19 -51 -17 0
44 -46 -71 0
78 82 -8 0
-74 -2 -25 0
80 -43 72 0
58 54 44 0
14 -41 -49 0
68 15 -75 0
-29 -28 7 0
-65 -74 38 0
-42 -1 57 0
-18 37 7 0
-29 -22 77 0
-24 -71 34 0
-10 -19 23 0
-24 50 78 0
71 -72 -18 0
-47 -4 -88 0
3 43 34 0
-51 -12 48 0
-49 29 47 0
59 -84 -68 0
-68 46 -8 0
-3 7 -13 0
84 85 -59 0
-85 -75 40 0
29 11 -12 0
-18 3 1 0
83 -65 31 0
9 -13 75 0
-31 3 41 0
15 -28 -62 0
57 -24 16 0
-22 11 49 0
-35 6 28 0
-74 14 41 0
61 -82 43 0
19 -52 8 0
28 62 43 0
-35 -74 43 0
-55 44 -84 0
-49 -44 -29 0
55 -76 -27 0
75 25 3 0
64 -25 37 0
59 28 -22 0
-55 67 -86 0
87 49 -19 0
44 -66 76 0
-50 -54 12 0
82 6 25 0
-68 57 71 0
57 -52 -51 0
19 -45 17 0
42 -54 -46 0
-83 9 69 0
-56 57 -6 0
-15 -28 -57 0
37 40 -62 0
78 8 5 0
45 31 83 0
3 49 -75 0
65 42 62 0
82 65 -72 0
72 -35 83 0
-29 87 54 0
40 -7 -55 0
52 60 -55 0
77 -33 -11 0
-74 -33 -78 0
2 -12 40 0
16 62 -51 0
-70 -79 -57 0
54 45 -88 0
42 -77 -10 0
44 33 -41 0
-51 75 -86 0
81 17 71 0
25 -42 5 0
71 -4 75 0
-58 -37 -77 0
13 -17 47 0
-86 55 -3 0
-51 74 -77 0
-59 -11 1 0
-61 40 5 0
24 -79 -46 0
-10 50 39 0
83 -86 37 0
84 -63 -44 0
-63 44 -28 0
-1 82 -15 0
20 -32 11 0
88 -23 -58 0
37 13 -59 0
10 -64 -35 0
8 59 -17 0
82 75 -43 0
8 4 -76 0
-26 48 11 0
27 80 18 0
-52 -21 -28 0
-4 38 71 0
7 3 58 0
-21 -70 -45 0
40 -70 -74 0
-25 -69 78 0
-43 53 -57 0
-9 46 12 0
-54 -63 23 0
-77 -53 72 0
-66 -9 36 0
83 19 54 0
58 -44 62 0
-27 20 -38 0
79 26 -21 0
64 -49 -41 0
-12 -8 -83 0
-57 34 38 0
87 85 71 0
60 -6 68 0
-30 75 -19 0
-57 86 19 0
3 48 69 0
-55 -48 -33 0
-11 -45 8 0
51 -63 47 0
45 64 -65 0
22 -1 52 0
-48 -51 -38 0
-2 -44 18 0
-75 16 -73 0
-4 -42 -34 0
42 -66 -76 0
-22 -78 70 0
85 61 -14 0
59 49 55 0
62 29 23 0
47 52 57 0
47 65 -67 0
-29 -8 -15 0
-24 -15 40 0
63 -36 77 0
87 1 -67 0
35 56 26 0
-79 -40 20 0
-27 29 -66 0
84 72 3 0
32 37 -86 0
-84 -4 43 0
73 83 74 0
55 36 23 0
66 -33 -64 0
-73 7 -1 0
54 -16 -62 0
-39 22 44 0
69 -83 -53 0
-69 -42 6 0
3 2 -31 0
17 -34 85 0
-77 68 55 0
-16 -3 27 0
-59 20 -74 0
-71 66 -29 0
-43 -19 -7 0
-11 -15 16 0
75 21 10 0
-4 -55 -23 0
-87 -27 -53 0
-17 -63 -12 0
67 27 60 0
87 -80 22 0
88 75 -36 0
-62 63 82 0
-41 -18 -47 0
42 -78 45 0
30 -64 74 0
85 -88 -14 0
-59 -13 81 0
-35 62 -38 0
80 35 14 0
-60 14 28 0
73 48 -72 0
-79 77 19 0
-40 -38 -49 0
-62 58 45 0
49 25 -61 0
83 -19 42 0
-10 6 17 0
-30 -71 -18 0
78 46 76 0
-62 -78 -67 0
-78 28 5 0
-41 12 48 0
60 3 24 0
-9 -40 -68 0
75 -76 66 0
-16 32 14 0
6 -41 64 0
-76 -51 -78 0
6 65 -79 0
-4 -60 66 0
83 -79 -33 0
82 -14 -38 0
-45 -67 -73 0
-12 48 23 0
59 -21 -45 0
-63 28 56 0
62 71 -85 0
36 -69 80 0
44 -5 -77 0
-33 -65 -86 0
-32 -66 33 0
18 -27 7 0
37 -78 -24 0
33 83 -76 0
13 -81 -28 0
17 23 -76 0
10 87 -28 0
-36 -8 -7 0
-5 -76 -59 0
-51 -83 -61 0
75 46 -63 0
82 -77 -87 0
-1 81 -35 0
21 -82 -71 0
50 39 -25 0
-79 55 -15 0
-18 -25 10 0
69 -83 9 0
71 79 -38 0
-7 -58 69 0
24 14 -39 0
35 -81 17 0
6 29 -4 0
-54 -4 81 0
60 -15 5 0
53 -12 -65 0
-4 -72 6 0
-83 -57 63 0
-80 -70 75 0
-50 -77 40 0
30 -75 -16 0
85 -31 73 0
24 27 -40 0
-4 51 43 0
-50 8 61 0
-50 -82 17 0
-35 -27 -58 0
-52 -88 4 0
-3 -64 37 0
72 64 -49 0
55 74 32 0
11 56 19 0
23 -35 -43 0
33 -74 -20 0
-20 -49 -83 0
81 17 -35 0
-26 45 32 0
-72 -64 -36 0
-12 -10 -41 0
-56 -85 -51 0
60 -13 -69 0
-5 -31 -53 0
86 58 76 0
20 67 23 0
-40 -4 57 0
85 -36 -38 0
8 88 -72 0
-48 -29 74 0
-84 53 -16 0
3 30 86 0
-86 -52 61 0
8 -80 -56 0
