p 36 153
30 5 27 0
-13 18 -29 0
-21 -15 8 0
33 -18 2 0
9 25 -19 0
-2 24 -19 0
24 21 -3 0
28 -17 -31 0
26 21 -11 0
12 -24 -19 0
-12 2 6 0
-16 23 3 0
21 32 20 0
16 11 -26 0
-2 5 10 0
14 -23 -31 0
-35 -29 12 0
2 -8 -25 0
-7 3 -26 0
16 4 12 0
-16 -25 31 0
-26 -4 21 0
-25 6 7 0
-10 -8 17 0
-27 -24 -30 0
25 6 -11 0
1 15 11 0
8 -5 31 0
-9 35 17 0
11 -2 -30 0
-24 -18 4 0
-17 -23 -26 0
36 27 -6 0
34 -16 -26 0
-35 -12 -7 0
28 33 16 0
-8 -20 -10 0
23 11 -21 0
17 24 -9 0
-18 -26 11 0
1 12 14 0
23 -36 15 0
-6 29 -15 0
-6 5 26 0
-4 -28 35 0
2 -15 -11 0
-11 24 -14 0
8 -25 28 0
-20 33 13 0
31 -20 -5 0
5 -12 -26 0
-7 -35 24 0
12 -10 -29 0
-10 3 21 0
1 -25 26 0
-31 19 -34 0
3 -21 -5 0
-15 34 -25 0
13 -10 18 0
25 -36 30 0
35 21 10 0
-1 -27 -20 0
-21 -30 12 0
-3 30 -31 0
18 19 30 0
-33 -34 -36 0
-1 -24 -16 0
11 -8 -4 0
24 -13 30 0
32 7 15 0
-30 19 2 0
-4 20 -29 0
-14 35 20 0
35 18 3 0
-14 -15 32 0
-8 -27 -18 0
6 -7 30 0
4 -34 19 0
3 -5 11 0
21 15 1 0
-7 35 -33 0
26 -25 -27 0
-28 9 3 0
-7 16 34 0
26 8 -31 0
-29 7 -12 0
4 -27 -6 0
19 -23 -17 0
-30 29 9 0
11 -5 30 0
31 -13 -28 0
30 31 21 0
16 -4 -30 0
-32 11 -25 0
-25 2 -28 0
-5 -29 34 0
13 -31 28 0
1 -2 -26 0
-24 12 15 0
5 -24 -3 0
2 6 -14 0
-27 -11 -9 0
-32 -36 26 0
-20 -25 4 0
3 -7 26 0
31 -14 3 0
-7 33 -31 0
-16 10 3 0
29 -35 -18 0
6 -30 -20 0
-36 26 -35 0
32 -31 -18 0
29 13 -7 0
-6 5 -27 0
20 -31 11 0
13 17 -8 0
18 3 -19 0
-31 -8 29 0
5 13 15 0
7 -26 -5 0
-9 6 -1 0
-14 34 -21 0
31 -26 -21 0
9 -23 33 0
23 7 26 0
-17 32 34 0
-30 -18 -14 0
4 -24 -12 0
-28 -20 34 0
34 21 -24 0
10 31 -27 0
-16 -12 -17 0
19 31 24 0
16 20 7 0
-17 -25 35 0
32 7 -33 0
-22 -35 18 0
-11 30 26 0
23 -32 -34 0
-29 22 -3 0
-30 18 16 0
-30 1 -24 0
-29 19 6 0
-31 15 -30 0
-27 6 -13 0
2 27 22 0
9 -18 10 0
-5 -2 8 0
15 -33 25 0
5 -20 -28 0
-6 -30 -4 0
29 -23 34 0
-29 10 -9 0
