p 92 391
-28 85 10 0
23 -83 -72 0
6 -89 -29 0
84 -79 5 0
-39 -53 89 0
19 49 -20 0
54 75 12 0
15 59 -79 0
15 -76 43 0
34 -47 91 0
85 53 -34 0
-29 -56 23 0
-11 -77 10 0
88 72 -84 0
-27 -28 89 0
26 -73 70 0
41 3 -15 0
38 -39 79 0
-87 -56 80 0
31 40 -78 0
60 -7 -54 0
-63 -48 -31 0
79 -53 84 0
-72 -36 20 0
-9 -68 -31 0
-48 -72 40 0
-57 -34 16 0
-77 -55 -34 0
17 91 -68 0
13 83 -57 0
-53 -77 -70 0
-34 -1 -49 0
-16 -40 32 0
41 -1 -26 0
-13 -49 -55 0
-81 61 84 0
70 -60 -74 0
-29 90 17 0
68 6 17 0
-26 7 44 0
11 -77 -58 0
-28 -39 36 0
73 -36 -53 0
-49 -48 57 0
74 -79 -78 0
-91 -30 -57 0
-7 53 62 0
-4 3 -1 0
61 -53 45 0
-71 -53 -50 0
-47 -67 87 0
15 -53 20 0
-76 50 -61 0
-45 -26 -52 0
-34 28 -74 0
-79 -28 29 0
19 20 -43 0
-26 47 -7 0
10 -63 52 0
19 53 64 0
-69 -89 -14 0
-88 -6 38 0
-89 45 5 0
-30 -86 88 0
14 66 -62 0
44 -67 -83 0
-51 -58 -66 0
77 -64 30 0
-51 4 -66 0
-89 -20 24 0
-68 71 -4 0
29 46 75 0
80 78 26 0
47 5 50 0
7 -5 66 0
74 -42 -21 0
20 33 -48 0
-2 19 37 0
-72 -38 -32 0
-74 64 60 0
23 -13 76 0
-92 53 13 0
91 37 55 0
-55 -47 -33 0
56 5 -21 0
-29 43 61 0
23 -11 81 0
19 12 -90 0
-85 32 -88 0
62 30 -48 0
-44 -61 -23 0
-33 -91 77 0
-50 -22 -40 0
91 42 -40 0
-5 -71 -32 0
-34 39 -64 0
-49 26 34 0
-86 25 54 0
62 -10 -15 0
73 75 -36 0
15 55 -35 0
-61 24 -77 0
-42 -92 37 0
33 -89 67 0
-19 -77 -68 0
-7 12 35 0
40 54 3 0
-80 -64 -29 0
54 17 56 0
-19 -80 -34 0
-77 -82 54 0
-25 -45 22 0
65 61 -40 0
-20 -59 51 0
-63 15 -60 0
49 32 -14 0
6 -84 44 0
-25 55 -6 0
27 84 -29 0
15 -66 -14 0
-21 86 23 0
5 39 -60 0
-54 13 80 0
-68 82 40 0
-34 61 21 0
48 -11 70 0
-76 49 54 0
-26 -61 -65 0
-30 -38 5 0
-88 -13 -84 0
37 32 -44 0
-14 70 29 0
46 36 75 0
-23 28 -71 0
57 90 -70 0
34 -43 31 0
-51 -71 14 0
46 82 -2 0
-87 -47 35 0
28 69 50 0
11 56 -9 0
68 6 -37 0
-88 -33 21 0
23 -48 -18 0
52 12 -70 0
-1 -29 -16 0
58 -39 -31 0
-48 57 -52 0
48 -64 -43 0
-18 61 -63 0
42 17 -90 0
-22 -33 -62 0
-17 -63 8 0
67 -79 -31 0
-78 21 -37 0
1 6 18 0
7 -33 -62 0
-64 23 -20 0
-46 -42 -66 0
-41 -3 -82 0
34 -43 -33 0
27 34 54 0
50 52 26 0
82 79 -75 0
75 -28 45 0
79 9 -18 0
-79 36 67 0
-59 -36 72 0
-20 -46 -89 0
9 -34 57 0
91 -87 15 0
70 91 45 0
-49 -61 -35 0
-65 -31 -1 0
53 78 -73 0
86 72 59 0
52 -48 -45 0
-34 8 -15 0
64 -71 50 0
-50 68 -61 0
73 -53 69 0
58 -81 6 0
82 -87 80 0
-26 33 -69 0
-84 23 -41 0
88 -37 48 0
8 82 -35 0
-46 -4 -72 0
63 47 -59 0
-16 76 -26 0
71 7 -24 0
-7 -11 -1 0
28 -38 43 0
70 -52 1 0
-76 -5 -63 0
-38 -70 -85 0
-14 -20 42 0
-72 -54 -47 0
-66 39 63 0
-91 -63 -34 0
31 -43 10 0
75 37 85 0
-38 -63 -88 0
31 70 73 0
-14 75 44 0
-50 43 92 0
35 82 3 0
-86 -36 -26 0
58 25 -6 0
73 41 -11 0
79 -60 -54 0
-33 -37 -60 0
38 -80 -87 0
-90 78 38 0
27 -79 72 0
61 40 24 0
-11 59 6 0
46 34 36 0
85 -35 -41 0
-79 65 -75 0
-56 18 -53 0
-90 -7 -39 0
75 -88 70 0
2 -40 92 0
45 -89 -50 0
-64 73 -55 0
33 -78 -77 0
2 -82 37 0
-53 26 83 0
-23 67 45 0
-2 -31 -13 0
56 63 -81 0
75 39 -4 0
52 74 21 0
9 20 80 0
85 -82 -28 0
-78 3 2 0
-47 -92 73 0
-45 -19 55 0
15 90 -78 0
-69 27 -33 0
58 -70 -26 0
10 -29 -56 0
-91 81 -85 0
41 -33 -25 0
-5 36 80 0
-31 57 7 0
-33 41 68 0
-22 -84 -56 0
70 -60 -56 0
-71 -52 -72 0
42 16 57 0
-82 14 64 0
38 60 68 0
21 -83 43 0
81 47 -1 0
36 -33 -70 0
-14 83 -60 0
-49 77 5 0
-16 -62 -79 0
65 72 -29 0
70 58 -56 0
40 53 -91 0
38 -75 -5 0
-9 84 61 0
37 -68 -51 0
-61 52 -50 0
9 -82 42 0
-78 -72 73 0
-27 63 85 0
21 48 87 0
-85 60 -17 0
58 6 2 0
-34 92 36 0
43 69 -87 0
69 -37 -63 0
-78 -10 -66 0
-58 38 -1 0
18 66 -83 0
-69 76 87 0
-83 -31 36 0
-68 -92 -58 0
83 7 -92 0
-17 -18 -79 0
-11 14 2 0
68 22 50 0
-43 -23 -52 0
-20 -36 -18 0
-72 12 70 0
-8 -37 -18 0
-36 -32 28 0
-31 -56 -39 0
-81 38 46 0
-84 -36 -67 0
-56 26 -83 0
-9 -45 -17 0
-68 -47 72 0
16 -40 -64 0
-38 37 -3 0
-78 86 41 0
52 1 16 0
26 90 -56 0
-69 -9 91 0
34 -11 1 0
35 72 53 0
82 32 51 0
84 89 -63 0
17 -25 69 0
-40 57 68 0
-7 12 73 0
9 -63 -18 0
-50 -14 15 0
43 -80 -5 0
-23 3 -79 0
-14 -58 43 0
82 51 -15 0
-88 70 -49 0
30 49 51 0
77 84 90 0
55 -83 -46 0
29 -59 -80 0
-46 -61 -20 0
8 23 62 0
-20 -22 -29 0
8 67 -43 0
68 -65 86 0
-52 -20 -70 0
-52 -44 -30 0
35 37 89 0
-1 5 -51 0
78 35 -4 0
15 -43 47 0
8 -61 -45 0
-77 87 -63 0
68 -70 -84 0
46 -73 -51 0
-43 76 -58 0
-11 72 -1 0
58 -24 26 0
23 34 -79 0
11 23 -5 0
80 -49 -78 0
-25 -5 59 0
88 -82 -17 0
-88 41 -76 0
18 74 26 0
-48 -53 19 0
-15 6 89 0
-49 -88 7 0
31 16 -8 0
43 -38 40 0
-14 -58 -39 0
-57 -62 -68 0
29 -85 31 0
-10 -32 44 0
66 8 -78 0
-9 33 72 0
5 47 -54 0
15 36 -50 0
41 62 -52 0
62 33 23 0
34 61 44 0
-56 19 37 0
29 -74 -75 0
-54 -19 -87 0
42 20 -26 0
60 53 37 0
20 -8 50 0
75 57 -67 0
87 -89 -34 0
76 25 30 0
25 72 -64 0
15 63 -87 0
-36 22 -41 0
75 62 -44 0
39 92 45 0
-2 -7 -80 0
26 37 -14 0
-65 -37 35 0
73 -62 -8 0
18 11 -32 0
55 4 -8 0
14 78 46 0
-64 -48 2 0
21 15 5 0
-35 -64 46 0
70 81 65 0
77 21 49 0
-38 -59 61 0
-83 -85 32 0
-16 -12 -26 0
