p 54 230
8 40 41 0
-44 5 49 0
-49 3 26 0
18 -2 -21 0
48 32 4 0
-22 -23 -31 0
40 -3 -24 0
-42 -35 -4 0
39 29 32 0
-30 46 14 0
-11 48 40 0
-50 36 -39 0
13 -12 -4 0
-2 11 52 0
14 -33 23 0
-27 -5 -11 0
-5 18 -19 0
50 13 25 0
-37 -31 45 0
-35 36 45 0
-28 2 -49 0
35 -48 10 0
42 -27 24 0
10 17 -39 0
50 -21 -13 0
-11 -7 -28 0
6 23 -20 0
22 4 -35 0
38 -29 40 0
-20 -42 -29 0
-4 -34 -13 0
-10 51 -54 0
-26 51 44 0
-29 -49 27 0
34 -39 -24 0
16 13 -42 0
-35 51 33 0
-33 -24 9 0
-5 -45 4 0
-30 -27 35 0
-45 4 -20 0
35 -37 31 0
15 -9 25 0
-19 20 -47 0
31 45 22 0
49 17 -40 0
-36 -2 11 0
50 38 32 0
-35 36 -26 0
19 -12 -24 0
-52 4 -8 0
-19 -28 -40 0
17 -49 -41 0
17 44 8 0
-38 52 -54 0
-16 52 18 0
54 12 -34 0
-34 -42 41 0
-21 -39 -9 0
-8 27 29 0
19 10 42 0
-37 4 -44 0
25 -54 12 0
-37 -11 34 0
22 29 16 0
-22 -42 -4 0
17 41 -47 0
31 -47 -3 0
-5 -45 31 0
-42 1 48 0
-42 -38 11 0
-30 21 50 0
14 -8 38 0
33 49 -53 0
-1 41 -15 0
-33 -5 39 0
-13 -43 -36 0
35 39 -14 0
48 27 49 0
11 -12 30 0
37 17 -2 0
-10 18 20 0
-11 37 40 0
13 -47 12 0
-14 16 41 0
24 -20 -11 0
3 -6 39 0
34 -5 8 0
-39 -3 -22 0
-36 9 -16 0
-44 46 30 0
-31 8 48 0
-1 -11 -16 0
-41 -23 17 0
42 -40 -50 0
-12 -28 22 0
-19 7 54 0
8 15 32 0
-10 -4 40 0
-18 -10 54 0
15 -26 8 0
-28 16 -48 0
51 7 -13 0
24 -26 3 0
-54 -42 -7 0
-6 -7 31 0
3 7 -4 0
-32 -27 -1 0
-50 21 -33 0
12 -10 42 0
-22 -49 41 0
-46 -12 -51 0
12 -47 -51 0
10 35 -11 0
45 -51 -52 0
3 -32 8 0
-21 17 -35 0
4 -10 8 0
43 -8 1 0
-51 -35 11 0
-48 18 26 0
22 -43 -45 0
12 -35 -32 0
16 39 -50 0
49 6 -9 0
42 -54 -16 0
-6 -1 -53 0
-10 20 24 0
18 -29 16 0
-22 -14 46 0
-40 -54 -35 0
-20 5 15 0
4 -49 6 0
-32 31 29 0
-45 -21 46 0
-26 -49 -53 0
47 -29 -33 0
46 -6 -25 0
-52 3 -29 0
-4 -31 9 0
-50 -52 18 0
-1 42 14 0
24 8 -39 0
19 22 31 0
-43 -16 -32 0
16 -41 -18 0
54 -9 34 0
-12 39 25 0
-19 3 -52 0
-49 -44 5 0
-9 -6 13 0
-3 -14 43 0
26 47 31 0
-3 -14 -32 0
40 -52 45 0
-10 -42 45 0
-16 -15 35 0
18 42 38 0
-21 -3 -45 0
-19 49 -28 0
-13 24 40 0
52 11 16 0
-16 -20 26 0
-4 -13 -8 0
25 -2 -30 0
-47 -2 -34 0
-36 45 46 0
13 53 -50 0
29 -1 -20 0
46 50 -27 0
-16 49 40 0
-28 2 -7 0
38 41 16 0
21 -23 -30 0
-47 39 51 0
29 -50 36 0
48 -25 44 0
23 -12 1 0
-29 -30 -26 0
-16 -5 -49 0
-10 -19 8 0
39 -37 17 0
-14 43 -36 0
22 23 -19 0
31 29 53 0
-52 -19 12 0
-50 34 -3 0
-25 17 21 0
-7 21 47 0
-32 -43 46 0
36 -40 -3 0
-13 -6 9 0
44 -20 -35 0
33 16 8 0
-17 34 30 0
2 28 -31 0
49 15 35 0
-45 -18 52 0
23 -7 -8 0
-54 37 -31 0
11 -2 29 0
-38 -47 16 0
-36 11 52 0
-33 28 4 0
54 31 -40 0
-31 10 51 0
50 33 51 0
47 46 -34 0
31 -7 -4 0
-51 43 20 0
-3 -51 -39 0
6 -46 12 0
-30 -37 4 0
46 -42 51 0
-24 51 30 0
26 24 10 0
32 -54 49 0
4 27 -8 0
30 -31 40 0
-36 51 25 0
6 40 -4 0
-25 -14 -52 0
-38 -6 19 0
38 11 -46 0
-54 -23 32 0
48 -16 50 0
-15 -17 -34 0
-30 40 22 0
-21 24 47 0
17 -7 -51 0
