p 94 400
-45 -18 -6 0
89 27 -13 0
-70 27 -34 0
75 -77 -82 0
76 -31 -41 0
75 -1 8 0
-87 57 -11 0
61 -79 -2 0
-30 21 8 0
-63 86 -83 0
-73 66 62 0
-40 -75 -3 0
20 41 28 0
-66 73 46 0
-3 -28 -67 0
-75 -47 3 0
-51 -15 -16 0
50 47 85 0
29 -47 -34 0
-75 -50 81 0
-48 -13 -74 0
-58 -23 -38 0
-79 62 -33 0
90 29 -22 0
-4 12 -11 0
-13 -25 -75 0
-10 59 6 0
-17 38 -1 0
-45 82 -3 0
-20 76 -68 0
-7 86 -87 0
-26 9 -25 0
18 71 56 0
-65 35 87 0
-66 -78 12 0
-11 79 31 0
-12 -3 -92 0
-49 69 44 0
93 36 -28 0
-75 -65 22 0
-70 83 -37 0
-76 84 -73 0
-84 -59 39 0
-93 28 -1 0
20 -58 -50 0
68 -88 -38 0
-17 -51 -19 0
-57 -64 67 0
56 17 18 0
56 20 -18 0
-10 -85 -83 0
43 -15 -10 0
-28 34 37 0
49 -43 -54 0
-78 -93 14 0
-37 -71 4 0
-90 53 -8 0
-45 5 -38 0
29 -40 -50 0
93 -17 24 0
-2 -91 22 0
-32 -75 54 0
76 -70 62 0
-35 74 -6 0
9 61 -93 0
-1 -93 -38 0
89 -6 -80 0
-2 -36 -30 0
-3 -91 12 0
-11 -69 -39 0
-24 -53 -55 0
43 -48 19 0
-67 11 -53 0
-74 -73 -31 0
38 -88 -73 0
37 12 59 0
89 -83 8 0
84 -56 2 0
77 8 -36 0
-77 -17 -67 0
23 61 42 0
35 -54 -29 0
-62 -43 -57 0
51 -53 -11 0
65 87 -52 0
53 5 13 0
38 79 37 0
-3 47 -90 0
89 40 -82 0
-28 -31 -93 0
-83 8 36 0
-93 -24 26 0
60 43 -81 0
-3 -79 -54 0
46 80 -79 0
-72 64 -33 0
-5 -79 -71 0
59 -63 -47 0
85 -72 86 0
-40 -57 60 0
-6 43 90 0
29 2 -48 0
2 67 -9 0
18 -43 49 0
-12 -55 84 0
-8 -39 -59 0
75 65 -8 0
-64 28 78 0
17 10 89 0
29 14 33 0
-55 -67 -15 0
-16 -8 -60 0
-49 -34 67 0
86 -93 1 0
69 -57 10 0
-22 -65 -60 0
76 -66 41 0
-8 -53 36 0
21 -50 12 0
-32 64 36 0
80 -50 -46 0
-61 71 -65 0
-63 73 -33 0
-37 81 36 0
31 -14 -15 0
-21 39 -26 0
-11 -45 85 0
-63 -41 -67 0
-73 -93 94 0
94 -59 -16 0
45 -64 -4 0
-90 -24 -77 0
38 -34 -23 0
33 -14 -64 0
-27 6 70 0
-73 57 49 0
38 64 -92 0
22 72 -31 0
31 53 16 0
83 -22 94 0
17 62 22 0
78 -15 -93 0
3 -62 82 0
93 58 34 0
57 -92 -70 0
-33 -62 10 0
-6 -14 -41 0
-29 -76 -52 0
-70 -88 17 0
-4 88 -93 0
-57 27 85 0
11 89 -6 0
-13 88 75 0
34 -73 8 0
-71 34 -64 0
-79 77 -62 0
82 40 38 0
-33 -67 -72 0
-10 -85 -15 0
-45 16 -29 0
4 -86 -84 0
10 -25 -60 0
82 -43 -72 0
-26 65 7 0
-83 29 45 0
-37 45 35 0
-52 69 -16 0
-37 -11 20 0
-64 33 2 0
-28 -47 82 0
-35 81 78 0
63 -51 -81 0
42 90 -66 0
34 -39 -14 0
4 72 -63 0
-85 50 -44 0
52 49 8 0
38 81 -31 0
45 16 52 0
-31 -11 76 0
78 -68 30 0
-27 12 64 0
-11 90 12 0
-50 -61 -53 0
18 -15 19 0
80 -11 -5 0
83 77 -40 0
-10 81 16 0
60 -48 -12 0
-15 27 -74 0
-35 38 73 0
-6 84 -3 0
52 23 -71 0
-93 90 -31 0
38 86 51 0
75 -64 22 0
85 58 -74 0
51 -21 66 0
-53 84 69 0
-20 70 -94 0
-85 -33 83 0
-82 -78 75 0
79 3 -39 0
-74 -70 -79 0
43 46 -19 0
82 -61 48 0
83 -94 39 0
53 49 73 0
61 27 91 0
-27 42 67 0
7 47 -53 0
54 93 46 0
-91 -37 -36 0
-81 -23 73 0
51 -38 -28 0
-75 -54 4 0
34 41 7 0
52 62 -56 0
-26 -78 50 0
13 -87 -24 0
58 61 -51 0
53 -69 -45 0
35 -71 -45 0
2 -63 81 0
93 -33 -87 0
49 -36 30 0
-1 65 -31 0
-47 -89 -66 0
-59 79 41 0
34 -84 -28 0
-70 36 -10 0
14 17 4 0
65 16 -55 0
-28 5 -91 0
-11 21 -94 0
77 7 16 0
-24 -88 82 0
-18 -49 -5 0
-74 -65 7 0
66 -34 -15 0
-53 -78 -13 0
-65 -66 76 0
77 -58 79 0
-19 57 1 0
58 79 -60 0
-13 -49 74 0
-11 92 -47 0
-45 43 6 0
35 -43 79 0
-33 -62 70 0
17 -90 -23 0
93 -66 -54 0
58 16 -3 0
29 92 90 0
11 -92 35 0
7 58 -1 0
-29 -91 -31 0
-29 -93 50 0
23 58 34 0
-51 -28 37 0
29 21 -18 0
38 80 -91 0
-24 32 11 0
69 -22 91 0
-9 77 -40 0
87 93 -7 0
23 -3 -55 0
-78 10 73 0
-88 -91 -2 0
45 21 -57 0
64 -79 32 0
32 -69 -15 0
86 10 35 0
26 -52 33 0
85 -12 63 0
-86 -45 -90 0
-65 -42 19 0
-83 77 34 0
57 -22 -6 0
35 -18 14 0
77 -94 -90 0
62 -77 60 0
-43 66 -90 0
-20 55 48 0
14 -83 -1 0
53 9 -41 0
-22 30 82 0
-87 75 29 0
10 52 62 0
-54 -12 47 0
-55 -67 13 0
28 87 29 0
71 27 9 0
63 -86 -66 0
-67 -72 -18 0
94 -6 -72 0
-27 -41 59 0
-78 -75 90 0
17 26 -60 0
-23 68 47 0
55 74 50 0
44 90 66 0
52 -41 65 0
-68 78 -90 0
-19 -93 5 0
-35 -67 -1 0
8 -35 -33 0
74 -86 -3 0
79 22 2 0
68 36 64 0
-89 4 -90 0
37 22 46 0
-58 42 34 0
-64 -79 -77 0
46 5 -35 0
87 -65 1 0
-82 -2 -19 0
-74 14 -66 0
84 59 -94 0
-29 -54 53 0
-34 1 85 0
46 -2 -30 0
-89 -32 -67 0
60 -74 -26 0
74 -86 92 0
17 -30 -76 0
-29 -16 3 0
-34 55 -6 0
-31 52 -12 0
42 73 91 0
9 -47 80 0
84 77 -46 0
6 14 -82 0
25 20 11 0
29 -57 -19 0
82 -35 -26 0
77 -55 -13 0
-74 -28 -2 0
32 -81 67 0
-54 -46 13 0
68 -30 49 0
-85 28 45 0
16 -54 -77 0
-94 88 -43 0
-68 3 9 0
-23 -49 -4 0
-94 -10 -29 0
16 91 30 0
-41 -56 93 0
-54 66 -53 0
-54 -39 93 0
44 -68 -83 0
80 87 46 0
5 -70 -28 0
-71 -79 22 0
-5 57 26 0
-44 40 -84 0
2 -72 37 0
-93 37 64 0
-29 -53 -2 0
-72 50 -30 0
92 66 82 0
-12 55 45 0
90 -83 -33 0
-52 -1 -40 0
-48 35 25 0
36 -73 -15 0
-34 31 69 0
-39 -34 5 0
-74 61 -63 0
-14 -84 -86 0
75 93 89 0
-63 -92 -2 0
1 -35 19 0
54 23 -52 0
-73 16 -12 0
83 86 -9 0
-52 8 20 0
-68 14 79 0
-38 -49 -3 0
81 -43 69 0
84 17 -38 0
-84 29 30 0
-65 -72 -73 0
-55 88 8 0
53 -30 63 0
-30 14 19 0
-72 91 -79 0
14 -69 11 0
64 -8 27 0
39 -63 -9 0
-7 35 42 0
54 -69 93 0
57 56 -15 0
-71 78 90 0
6 80 5 0
1 -55 15 0
8 -85 71 0
94 25 -83 0
-71 -4 -2 0
