p 56 238
-54 17 -32 0
49 -1 48 0
53 2 7 0
28 6 33 0
26 -14 -33 0
5 33 4 0
14 -9 -26 0
30 35 41 0
-26 38 -41 0
28 17 -30 0
-56 23 -6 0
11 40 -3 0
23 54 -38 0
-39 31 6 0
39 -44 36 0
6 -33 -15 0
50 -3 24 0
55 -23 3 0
-31 -21 50 0
-12 19 -8 0
-40 -8 47 0
26 53 55 0
15 50 -46 0
20 14 -12 0
46 44 -45 0
30 19 -8 0
36 35 34 0
47 -17 -31 0
51 12 -41 0
-50 45 -10 0
-31 12 50 0
-21 -17 14 0
23 54 -41 0
-35 56 -23 0
-17 3 -40 0
20 -30 4 0
42 -52 25 0
28 -18 52 0
21 48 29 0
-19 11 14 0
20 -1 51 0
7 -29 25 0
-7 22 -50 0
-52 30 32 0
-46 19 -44 0
42 -33 28 0
-28 -13 -19 0
8 -11 -45 0
40 21 33 0
3 -41 -23 0
-34 -21 9 0
42 45 4 0
9 25 6 0
10 19 46 0
-12 23 55 0
29 -14 15 0
6 -32 49 0
-37 24 40 0
-25 -32 40 0
-3 -44 -53 0
12 46 9 0
47 54 -13 0
-8 10 -35 0
-19 51 14 0
-17 -44 -8 0
-53 35 54 0
-8 19 41 0
-7 -40 -9 0
-10 3 -35 0
-43 39 -54 0
-2 9 -16 0
-10 55 -29 0
35 14 20 0
-20 -42 -23 0
37 24 -9 0
-20 -49 3 0
-6 -55 16 0
17 -16 -2 0
-18 26 -24 0
26 13 56 0
-19 -54 -13 0
-3 5 31 0
19 45 -49 0
-46 -50 22 0
-3 -9 51 0
11 -30 -16 0
-20 -53 -39 0
54 46 -25 0
-35 -14 -47 0
2 33 49 0
-19 32 -45 0
48 4 6 0
-9 37 40 0
11 -15 -1 0
-20 6 -56 0
-39 -40 21 0
-5 21 -4 0
10 53 -18 0
-45 -10 -47 0
30 -46 10 0
53 37 -41 0
-25 -26 12 0
37 4 40 0
24 26 50 0
-18 46 1 0
-18 36 43 0
-8 -14 25 0
30 -8 -20 0
-38 -15 -46 0
52 33 4 0
-22 -29 30 0
-6 30 -37 0
40 46 -30 0
-28 -54 47 0
-5 -36 -20 0
5 -16 51 0
1 52 -36 0
-56 52 24 0
24 -16 -23 0
43 35 20 0
-49 44 -41 0
39 24 56 0
14 -20 -1 0
-19 41 -16 0
-41 44 21 0
-30 -2 9 0
-18 -51 -29 0
28 47 -7 0
-11 -18 -33 0
24 -43 -30 0
38 -37 2 0
41 -1 12 0
-52 -14 -53 0
32 24 21 0
17 35 -40 0
-37 19 -5 0
21 16 -2 0
30 5 -8 0
39 13 -51 0
45 31 -25 0
-38 27 -5 0
16 -22 43 0
-31 22 36 0
18 -1 -56 0
-37 7 -24 0
42 -45 -15 0
-14 48 16 0
-23 -44 -14 0
-43 17 -11 0
-41 -38 10 0
-7 38 50 0
-16 24 30 0
-47 -48 12 0
-18 38 -25 0
-15 32 -31 0
-2 21 -31 0
-14 -35 -9 0
-8 31 -43 0
20 50 38 0
26 -47 -8 0
-42 -51 2 0
11 -53 -56 0
-39 42 -17 0
-1 -9 -14 0
-24 -44 -45 0
-20 51 55 0
38 48 15 0
5 12 6 0
-53 -41 6 0
-3 23 -52 0
-49 -28 45 0
56 -30 4 0
22 50 14 0
-47 -48 -52 0
-8 7 32 0
-50 -3 56 0
23 -12 -6 0
6 9 -3 0
-39 54 -7 0
31 44 -21 0
-12 35 -24 0
-26 33 -21 0
6 21 -29 0
38 16 13 0
-27 39 29 0
36 -24 -44 0
-46 18 -43 0
38 -10 -54 0
54 40 -35 0
28 -50 36 0
13 42 -2 0
-45 29 -12 0
51 30 8 0
33 -37 -5 0
21 39 -14 0
46 -30 50 0
-44 39 49 0
-54 -11 6 0
6 -3 -10 0
-3 42 -4 0
22 15 54 0
-15 36 -21 0
-5 19 13 0
51 8 5 0
-7 -27 -31 0
15 43 -17 0
-13 30 -52 0
38 -52 -26 0
49 -22 42 0
-26 54 11 0
-50 21 48 0
10 -35 41 0
41 2 28 0
1 -42 37 0
-46 34 24 0
-53 -52 4 0
34 33 20 0
37 -20 -14 0
24 -39 7 0
32 51 12 0
-51 28 -22 0
52 48 47 0
-2 -38 -3 0
48 3 -24 0
-27 16 22 0
26 30 -33 0
-1 30 -32 0
-8 40 7 0
41 50 18 0
4 51 44 0
11 43 44 0
55 31 1 0
12 -46 -7 0
-22 -17 32 0
55 41 -38 0
47 15 -11 0
43 22 -50 0
-1 -44 8 0
