p 19 80
8 -1 3 0
-11 1 -16 0
6 17 11 0
-12 9 -14 0
-19 18 -10 0
8 -11 14 0
7 -17 -14 0
3 9 -18 0
15 -14 16 0
-18 14 16 0
16 -3 5 0
19 7 -15 0
17 -16 2 0
15 -9 7 0
-18 12 -1 0
-15 -14 -1 0
-8 -3 -12 0
-17 4 12 0
18 -6 7 0
-7 15 2 0
9 -13 1 0
-5 6 14 0
9 17 -3 0
-15 3 -4 0
3 -17 15 0
4 12 14 0
2 -17 -5 0
9 -18 -10 0
18 -1 -8 0
8 5 -10 0
10 -1 -3 0
3 -6 18 0
-5 -12 -16 0
-12 -4 -13 0
-6 3 -11 0
-11 -7 9 0
-16 4 3 0
-13 2 4 0
18 13 4 0
11 -8 17 0
8 16 -18 0
-6 -3 17 0
1 -15 17 0
-9 8 -2 0
7 4 -19 0
-9 -17 19 0
6 11 -5 0
-4 2 1 0
-3 7 18 0
12 17 3 0
-8 6 11 0
-3 -6 -17 0
-6 9 -4 0
-14 18 3 0
-9 -6 -13 0
-1 18 -8 0
7 -17 -13 0
17 -7 10 0
5 -2 -9 0
5 -13 11 0
17 6 1 0
12 15 6 0
-2 -9 4 0
-12 19 -6 0
-17 12 2 0
10 -3 -8 0
16 -19 -15 0
-3 -18 -8 0
7 6 16 0
2 -11 8 0
-3 -11 -12 0
2 5 15 0
11 -7 5 0
-19 -5 17 0
3 8 -6 0
-4 9 15 0
9 -8 -1 0
-18 8 13 0
13 -9 16 0
8 -6 -9 0
