p 46 195
-46 11 40 0
-16 -15 -11 0
-6 -1 35 0
44 -4 -45 0
-25 -15 -34 0
6 -7 -1 0
-46 -15 18 0
19 -21 -3 0
43 -18 -45 0
-23 10 -8 0
-12 38 3 0
3 -30 -21 0
35 -42 -16 0
-31 -26 30 0
-11 -9 -16 0
20 -38 -33 0
-34 -15 44 0
29 -34 3 0
-26 44 4 0
39 4 43 0
-12 44 9 0
41 12 -37 0
-1 -26 2 0
30 23 15 0
10 -25 -29 0
-35 -20 -11 0
-31 44 -6 0
35 -10 -26 0
-20 4 22 0
-12 -5 36 0
32 -44 14 0
12 45 -2 0
-34 -14 -15 0
-26 37 -7 0
6 -22 43 0
-46 26 39 0
40 15 -14 0
33 38 10 0
-20 -9 -7 0
25 8 -23 0
21 -32 25 0
11 -25 -32 0
-36 13 42 0
35 37 18 0
-6 -33 1 0
12 42 27 0
-19 40 -5 0
33 -29 -40 0
-15 1 -27 0
25 17 -36 0
-15 33 40 0
3 -7 6 0
-5 3 20 0
-9 -4 1 0
21 -26 34 0
-12 -17 -41 0
-13 34 -3 0
23 -43 -45 0
-2 -21 -27 0
-15 41 28 0
8 -10 28 0
15 -43 28 0
-38 -28 7 0
18 29 -31 0
-31 4 28 0
15 27 10 0
36 -30 27 0
27 17 -38 0
-45 18 -34 0
-13 -26 -15 0
-35 26 -37 0
34 -33 -25 0
23 26 14 0
-27 13 10 0
-39 -6 21 0
-33 -37 -29 0
-25 20 12 0
-40 -12 -9 0
6 -27 33 0
-39 -32 -19 0
26 34 -30 0
37 15 -27 0
32 -35 36 0
6 -44 -10 0
-46 -41 -37 0
15 -18 31 0
-15 23 -38 0
15 -18 35 0
-18 11 -17 0
-15 -34 -18 0
32 -36 -19 0
-13 -34 40 0
-8 -3 26 0
-18 22 16 0
5 17 -3 0
-13 -8 4 0
-11 25 1 0
14 18 -6 0
-8 -36 -5 0
-23 -44 -15 0
-19 17 -29 0
32 6 33 0
-33 -6 11 0
46 11 39 0
39 -12 6 0
-34 8 42 0
-34 -29 18 0
-36 -1 44 0
30 27 19 0
-29 -37 16 0
37 25 18 0
13 15 -18 0
1 -22 -13 0
28 -18 26 0
9 37 7 0
26 -1 -25 0
-45 -6 -25 0
46 -14 -10 0
-41 33 -37 0
19 -15 -14 0
-43 -45 -41 0
1 42 43 0
-23 20 -24 0
35 41 30 0
-7 -20 5 0
-14 26 39 0
28 -25 15 0
-18 -37 4 0
-46 11 30 0
-8 21 -1 0
-4 -7 -33 0
31 34 -2 0
-46 27 -9 0
31 15 -11 0
-30 -4 14 0
-36 -35 -7 0
27 -25 34 0
41 -45 -2 0
-30 14 -41 0
-36 -4 19 0
-14 39 16 0
-46 -45 -43 0
-26 -35 -16 0
-6 7 29 0
24 36 -25 0
-17 -9 34 0
-39 41 -44 0
-18 37 45 0
6 -45 -21 0
10 -26 -5 0
-9 -7 -16 0
-39 -11 34 0
44 -39 -45 0
24 -18 -12 0
-22 24 -16 0
6 14 -37 0
29 38 -6 0
17 21 -14 0
-17 -32 3 0
4 -43 -46 0
-31 38 -5 0
11 -23 -29 0
39 -19 -1 0
-23 -34 -24 0
-24 12 -2 0
10 -11 35 0
43 -16 -22 0
5 -4 -30 0
44 -18 -13 0
36 -35 7 0
42 30 9 0
45 32 -40 0
-23 43 -32 0
-9 11 -40 0
-34 -44 -35 0
8 13 42 0
-44 26 24 0
-19 -20 -46 0
12 -20 -41 0
5 20 -15 0
-33 -20 -43 0
-32 -25 -41 0
-27 -41 34 0
43 39 30 0
-21 5 -31 0
-17 43 41 0
-26 8 44 0
13 -45 -39 0
13 8 -38 0
17 -20 -19 0
-6 15 17 0
36 7 22 0
-6 -14 24 0
-9 44 -6 0
11 4 32 0
