p 85 362
27 -85 -11 0
5 1 -60 0
-54 52 -12 0
27 -3 -20 0
80 45 -50 0
28 -32 -41 0
-21 -82 -83 0
43 -45 -59 0
20 75 68 0
-18 -80 -33 0
19 66 20 0
63 72 -13 0
37 36 -32 0
15 23 -24 0
-21 -28 5 0
6 -29 -47 0
-42 22 -63 0
-54 -48 44 0
-38 62 -75 0
20 -34 -63 0
-54 66 60 0
-49 -62 55 0
40 11 -78 0
13 -18 9 0
-25 -3 68 0
-55 64 -79 0
-37 -52 -56 0
35 31 -50 0
66 5 7 0
-67 3 32 0
-45 32 -34 0
-17 -63 -13 0
-85 67 -78 0
35 -37 85 0
7 79 -21 0
-8 -78 -36 0
-13 -38 -48 0
-10 -31 84 0
-1 70 16 0
-18 -56 -66 0
71 67 -85 0
-83 52 -81 0
-3 57 82 0
-78 63 17 0
-18 -84 -75 0
73 25 32 0
24 9 76 0
-45 49 29 0
11 22 -6 0
-30 59 -82 0
-51 -26 -79 0
-28 -16 -66 0
-59 -85 1 0
11 -74 -26 0
63 -7 72 0
40 56 -81 0
-8 4 -25 0
39 -83 16 0
-74 -51 -2 0
-13 79 -39 0
77 -29 -55 0
-36 -76 -60 0
31 -46 -48 0
30 -34 -54 0
12 -28 67 0
59 28 -26 0
19 7 -14 0
37 82 -1 0
-52 22 75 0
15 12 28 0
5 6 -46 0
-9 -1 -49 0
9 50 21 0
77 8 -43 0
-17 -27 -8 0
44 47 75 0
-26 -25 -28 0
-72 70 -37 0
-65 -31 -82 0
-40 -42 -49 0
-59 12 -67 0
-63 78 -39 0
-69 -81 31 0
-40 79 1 0
-64 27 -25 0
33 2 36 0
-80 56 -12 0
47 75 -54 0
75 -7 -78 0
-55 -76 49 0
-14 78 85 0
2 -80 60 0
-20 -70 -80 0
63 -48 -41 0
-49 -22 -23 0
-10 -63 -82 0
47 49 -71 0
41 9 13 0
56 -83 44 0
69 21 -19 0
-45 59 8 0
61 7 -32 0
-64 -26 -42 0
-79 -51 12 0
-45 -40 67 0
66 -55 60 0
18 -7 -11 0
-56 -29 25 0
55 57 -30 0
31 -64 18 0
82 -81 -31 0
46 35 -13 0
-80 8 67 0
44 -27 63 0
28 -44 -23 0
-85 -25 -28 0
-16 -77 32 0
-18 66 57 0
32 -59 63 0
70 -80 9 0
52 -74 21 0
56 -51 52 0
44 -84 -30 0
82 63 -28 0
-54 25 -78 0
-53 7 57 0
46 64 9 0
15 -25 -4 0
-35 -75 43 0
29 81 36 0
-60 -50 58 0
-82 9 -85 0
49 -36 27 0
15 75 70 0
36 -75 21 0
16 48 -53 0
-13 48 -55 0
-81 -46 -4 0
82 32 25 0
-83 22 -26 0
-42 13 83 0
-17 7 6 0
-53 -46 26 0
76 71 -12 0
-34 39 -8 0
39 24 -50 0
-24 -44 -26 0
-32 -61 -22 0
-63 -14 30 0
64 28 52 0
-57 -25 32 0
-40 -19 28 0
57 -8 -49 0
70 -36 16 0
5 59 22 0
-23 44 17 0
72 3 8 0
66 49 -79 0
-51 -4 -63 0
5 -51 -7 0
83 -10 -12 0
1 -17 -24 0
47 -45 20 0
-12 36 -4 0
-35 -69 82 0
-45 -14 11 0
-3 -21 -78 0
-38 71 37 0
-56 8 45 0
-5 -32 -63 0
-23 -46 -34 0
12 -66 16 0
-47 -33 -16 0
-12 -70 26 0
12 -1 18 0
-66 -42 -70 0
7 56 25 0
-71 -69 11 0
-2 17 -47 0
33 -30 -67 0
5 75 48 0
11 -26 15 0
-60 -1 -12 0
82 -15 -18 0
65 -69 50 0
-41 -79 14 0
-52 43 6 0
10 6 21 0
-12 -58 80 0
42 36 78 0
-55 38 -33 0
17 -48 -7 0
-66 48 60 0
75 33 41 0
-4 64 -77 0
37 -68 27 0
-64 -11 -77 0
-70 17 56 0
-2 -77 66 0
-56 -72 -70 0
50 29 -67 0
-16 73 -20 0
-3 78 -72 0
45 4 -15 0
36 -46 31 0
-35 -29 27 0
-50 26 -78 0
-46 50 -62 0
-32 -84 8 0
-11 -78 -59 0
30 56 36 0
29 19 -73 0
-41 71 35 0
-29 36 48 0
8 -66 41 0
77 -78 -23 0
7 67 72 0
32 27 -78 0
-38 -21 -85 0
-3 55 -12 0
-62 -45 -71 0
-29 65 -11 0
-14 -9 81 0
28 38 -85 0
-27 -46 -75 0
71 60 -7 0
-24 53 -6 0
-83 11 32 0
-36 34 67 0
67 2 -80 0
25 -67 -39 0
8 -50 22 0
51 -31 -21 0
-53 -59 19 0
12 -68 -69 0
40 85 -31 0
-20 -5 -51 0
54 -58 23 0
77 -21 -38 0
-12 -53 -79 0
-85 23 -31 0
-14 -47 -15 0
14 41 27 0
31 -25 -68 0
-34 -5 -30 0
-38 8 -72 0
-28 -60 -14 0
-72 -56 -31 0
40 43 -16 0
34 -6 38 0
79 -5 -20 0
-44 83 47 0
10 -55 72 0
-4 -69 25 0
55 -27 6 0
21 -63 -73 0
9 15 28 0
-28 9 35 0
6 -72 56 0
38 -56 -9 0
-16 -60 -52 0
-69 -25 -17 0
67 -32 -63 0
-48 74 71 0
-9 66 71 0
22 47 -15 0
83 64 49 0
78 12 -49 0
-83 -23 -29 0
7 12 54 0
-78 50 -3 0
27 52 24 0
-85 -58 34 0
-72 -68 48 0
-62 -83 7 0
-62 -49 3 0
56 -45 68 0
-85 -28 74 0
-53 -10 56 0
69 32 5 0
-40 -29 27 0
46 -49 -19 0
-80 -40 -9 0
-50 84 -60 0
-57 -80 -8 0
14 42 -78 0
52 46 7 0
-82 -41 -46 0
-47 -13 -33 0
26 62 63 0
21 -4 -59 0
-63 -52 68 0
-9 -16 2 0
43 -73 76 0
-37 -85 -45 0
67 62 -30 0
-34 35 -11 0
-33 -65 36 0
-50 -20 -41 0
52 75 -7 0
59 1 8 0
26 -58 53 0
-57 32 -71 0
-79 -77 -38 0
-59 77 -31 0
35 13 -26 0
-40 1 -14 0
14 32 57 0
55 64 25 0
-28 33 -80 0
-75 48 -69 0
-64 83 -72 0
44 -26 -65 0
-50 -78 -8 0
-26 5 -31 0
67 -18 45 0
-10 56 58 0
62 83 32 0
37 6 78 0
-54 78 -23 0
-68 64 48 0
2 1 73 0
-22 11 30 0
79 17 55 0
56 -19 82 0
71 -35 36 0
-30 37 -16 0
18 24 -80 0
-37 -71 -61 0
45 51 -52 0
36 35 31 0
22 35 21 0
83 -53 74 0
50 -42 -1 0
-29 -59 7 0
25 -5 64 0
-56 -73 13 0
-15 13 -3 0
61 -16 12 0
9 61 -43 0
29 30 -60 0
85 -8 -56 0
82 -32 -37 0
-41 49 62 0
48 -9 -60 0
73 -57 48 0
-75 -37 50 0
42 -33 29 0
-54 -1 -19 0
24 -47 -18 0
-21 -25 -16 0
8 15 -67 0
-44 -11 -1 0
16 9 54 0
-2 21 -46 0
62 -56 -76 0
11 -77 -15 0
-25 -67 28 0
68 -45 -5 0
-17 -58 67 0
65 13 -29 0
-83 19 51 0
