p 99 421
-21 44 -66 0
-69 -82 70 0
36 83 -10 0
-33 9 -90 0
-34 -5 -28 0
-84 95 -85 0
-76 -21 -88 0
-73 67 4 0
82 63 41 0
-96 79 97 0
-52 -17 75 0
-16 -38 -71 0
-86 41 70 0
80 82 -65 0
34 -78 -87 0
-8 62 1 0
75 50 6 0
18 -61 -64 0
68 29 -24 0
91 -6 58 0
80 -75 -27 0
76 -52 26 0
-11 -42 -9 0
-62 64 25 0
-60 81 -36 0
-36 2 55 0
22 -72 30 0
2 -54 -39 0
-82 -87 -29 0
-62 -39 57 0
-28 -75 -22 0
-73 12 -88 0
21 14 -69 0
41 19 56 0
44 18 -93 0
-74 42 -85 0
-95 60 89 0
-61 -31 85 0
-77 -64 -21 0
-98 97 -80 0
-45 -56 25 0
4 -15 -63 0
98 5 -7 0
-88 74 -60 0
-86 49 -52 0
51 69 22 0
50 -92 44 0
43 73 -75 0
-35 -77 -12 0
-60 52 -54 0
-54 -33 -16 0
-69 35 -17 0
-24 12 93 0
37 82 36 0
-29 7 -72 0
-43 59 89 0
-94 18 -78 0
-20 8 35 0
9 67 84 0
-18 54 32 0
-30 33 87 0
-72 5 61 0
10 -19 -49 0
-46 -43 -11 0
-91 -68 -49 0
26 23 -89 0
-16 58 34 0
-62 -9 -76 0
78 15 -3 0
88 -75 18 0
90 -30 -42 0
-78 16 -53 0
-60 68 -1 0
32 93 5 0
54 -39 -14 0
32 -10 29 0
18 26 84 0
86 84 -40 0
79 57 78 0
82 8 -26 0
25 55 -87 0
82 45 -60 0
63 -46 -75 0
-10 59 -36 0
-74 -50 -6 0
18 81 -80 0
-6 -20 80 0
16 -18 -26 0
3 -82 81 0
15 -35 87 0
-65 12 -56 0
36 -25 2 0
-14 18 -54 0
38 78 -30 0
16 -66 94 0
61 -37 -34 0
87 86 -45 0
-25 16 38 0
-28 76 87 0
9 55 92 0
-51 67 -91 0
59 -79 -62 0
-45 -81 -2 0
6 84 -27 0
94 27 39 0
62 -2 36 0
9 -39 -25 0
-83 -33 93 0
-38 84 -91 0
-61 94 -14 0
28 76 17 0
13 83 -11 0
6 -71 -79 0
-8 70 66 0
-29 62 -96 0
81 -39 -82 0
26 -42 61 0
14 53 35 0
-6 56 -92 0
-3 64 67 0
-85 -78 -67 0
78 -72 41 0
27 -48 -33 0
-25 -74 62 0
96 -16 -62 0
-67 39 -90 0
-25 14 95 0
38 66 11 0
60 -39 58 0
93 98 -9 0
-42 51 -64 0
-66 -2 -15 0
56 17 -94 0
-17 -22 -66 0
-73 67 64 0
-71 -32 -42 0
65 -96 -87 0
1 -59 80 0
-66 57 -58 0
-84 87 -71 0
-34 -23 20 0
-67 -90 -89 0
55 -41 12 0
98 -56 53 0
84 -63 -46 0
82 -27 -74 0
-55 -95 -45 0
25 -58 -80 0
79 44 10 0
-93 12 3 0
31 94 82 0
-75 66 -17 0
-98 74 44 0
-3 -78 35 0
64 75 -77 0
94 -46 76 0
90 -51 78 0
-91 14 23 0
-98 -67 6 0
-3 23 81 0
-36 42 -11 0
2 41 -79 0
-91 -64 6 0
52 33 -13 0
-9 -88 -74 0
17 -98 86 0
29 -67 81 0
-7 -94 33 0
-77 -37 -73 0
96 31 -2 0
-15 -94 44 0
36 -42 -70 0
82 20 66 0
70 73 75 0
39 -37 -81 0
-34 -71 -54 0
-82 -56 98 0
31 -64 -57 0
49 93 68 0
-66 89 22 0
65 4 53 0
-72 -3 -53 0
-82 26 -35 0
-98 78 -28 0
39 -55 78 0
-80 -97 90 0
33 -70 28 0
95 -88 -70 0
-3 -1 -81 0
-57 27 -83 0
-4 -50 -72 0
-83 -15 65 0
-47 -25 -82 0
39 -28 32 0
-16 34 -91 0
69 -86 61 0
-83 18 53 0
-88 71 -24 0
87 9 -75 0
29 99 -36 0
92 -75 -47 0
-29 -59 -41 0
51 42 -54 0
49 -30 26 0
-64 -39 78 0
-58 54 88 0
47 90 -69 0
97 37 33 0
46 -30 -52 0
-71 45 -72 0
-62 -72 63 0
3 62 86 0
1 -54 -12 0
41 -39 28 0
-94 97 -13 0
94 51 99 0
69 3 -39 0
-39 25 98 0
-10 23 -5 0
-86 47 -42 0
82 -94 67 0
-27 -71 31 0
-26 -69 49 0
-60 61 18 0
44 78 50 0
-27 4 -79 0
-59 5 70 0
-18 -25 -81 0
-58 82 1 0
-97 22 31 0
-1 -91 -33 0
90 76 96 0
-42 23 68 0
50 11 66 0
10 -29 30 0
-34 29 -57 0
-23 -47 -64 0
87 -80 38 0
88 83 67 0
-79 -56 52 0
-74 56 -46 0
-11 -12 -69 0
54 -99 -68 0
13 79 25 0
64 11 -47 0
-73 15 -25 0
43 59 -8 0
52 9 -20 0
21 -54 77 0
-75 90 24 0
-77 -25 24 0
68 -81 -61 0
94 -25 14 0
-84 -44 82 0
-80 -32 6 0
14 -97 64 0
18 80 72 0
97 21 -20 0
75 3 -72 0
-37 -50 4 0
-30 -4 -21 0
-55 -40 66 0
69 -31 -43 0
95 22 30 0
-28 85 56 0
-56 -47 -86 0
9 -7 86 0
-10 32 71 0
53 93 43 0
-99 13 -63 0
82 -86 -90 0
-25 -54 -35 0
-2 4 -64 0
50 -98 67 0
-59 -22 -95 0
-41 -14 -52 0
-51 -50 89 0
58 33 -57 0
97 86 19 0
5 -79 2 0
83 1 -10 0
34 -16 4 0
-52 -77 -38 0
53 -72 29 0
-45 38 66 0
-31 72 -19 0
21 -20 64 0
-56 -37 70 0
-61 70 -99 0
-67 10 -60 0
7 -29 -92 0
94 -10 51 0
78 -29 -32 0
38 11 40 0
59 19 -32 0
1 9 -23 0
35 87 82 0
48 72 -99 0
-43 -2 97 0
97 86 6 0
-5 29 -32 0
78 47 87 0
55 -29 -67 0
-7 43 -18 0
19 -88 -38 0
86 72 38 0
-76 38 -18 0
-5 -52 58 0
-63 25 60 0
84 55 8 0
-1 44 -52 0
-59 -11 57 0
56 15 55 0
85 -19 -94 0
-71 -78 83 0
11 53 81 0
73 57 79 0
91 -23 5 0
-49 -95 -90 0
14 -69 9 0
-32 40 79 0
17 66 -63 0
-24 -33 -65 0
-62 13 90 0
69 32 1 0
-60 87 32 0
-53 -17 2 0
-93 -74 70 0
18 -42 22 0
45 -65 1 0
79 -42 78 0
67 99 -17 0
-32 39 92 0
-99 -48 24 0
-61 58 13 0
36 -18 -3 0
53 42 61 0
-51 -35 -68 0
-32 -51 -19 0
66 31 -18 0
97 23 -42 0
22 83 81 0
-85 23 -50 0
-95 -94 33 0
-89 -14 -44 0
-26 47 -37 0
41 -37 -87 0
23 -75 -79 0
1 89 7 0
-24 99 -98 0
84 -47 -26 0
-79 -59 57 0
-14 -65 33 0
-60 66 -50 0
-45 88 6 0
-60 -37 55 0
37 -87 -35 0
81 -41 30 0
-52 -59 43 0
-18 -44 67 0
-2 -93 4 0
32 95 -64 0
81 13 -46 0
-28 -58 9 0
-59 -56 33 0
82 -5 41 0
10 -94 -98 0
52 -6 65 0
35 -3 58 0
-71 93 14 0
-64 -40 85 0
-50 84 56 0
54 17 87 0
16 -41 -82 0
36 -48 40 0
53 -50 21 0
-70 59 35 0
-12 -38 25 0
-85 -16 -51 0
46 86 66 0
46 98 4 0
41 -1 78 0
-91 -96 20 0
59 -83 -27 0
55 64 -99 0
-61 8 34 0
95 -10 -33 0
-3 20 33 0
88 30 29 0
24 -94 -43 0
42 -22 -59 0
72 -25 33 0
67 28 -83 0
-94 12 -87 0
-22 6 94 0
74 -5 -31 0
-36 58 19 0
-57 62 6 0
58 83 2 0
-1 -80 -43 0
-87 -28 -37 0
17 7 38 0
54 -30 -58 0
9 -82 -62 0
-42 -25 88 0
-62 15 -2 0
28 -41 -84 0
-7 42 53 0
70 36 62 0
40 -22 3 0
40 36 22 0
25 1 -63 0
30 51 65 0
85 -40 81 0
-29 -46 -96 0
89 -57 74 0
-80 22 -7 0
-12 35 -7 0
93 9 -48 0
4 53 -26 0
-61 -87 82 0
