p 36 153
-24 -35 33 0
30 8 36 0
-13 34 14 0
-4 -16 -2 0
3 -21 8 0
2 8 34 0
33 -9 -23 0
18 26 15 0
27 -3 -26 0
-25 11 21 0
16 1 28 0
5 18 12 0
-5 -14 29 0
29 13 -36 0
8 -2 4 0
3 -10 -16 0
-36 17 -25 0
3 30 -36 0
-12 -27 -25 0
28 34 -23 0
11 24 -10 0
17 -14 15 0
-25 7 1 0
-1 35 32 0
-36 -11 -35 0
-35 9 -14 0
21 12 -13 0
-15 -10 12 0
-16 35 2 0
-13 -10 -36 0
15 -16 23 0
5 35 -34 0
33 13 -4 0
-31 6 29 0
-10 -5 1 0
-12 -17 -18 0
-9 8 -32 0
-4 6 -36 0
10 -17 -9 0
1 -26 22 0
-17 -24 -8 0
-25 20 17 0
21 31 -3 0
22 -4 19 0
2 -3 27 0
17 29 -2 0
8 -21 31 0
-4 -20 17 0
15 31 -26 0
36 -3 29 0
-10 19 12 0
-35 -34 25 0
27 -8 19 0
10 -19 -26 0
21 -35 27 0
10 30 28 0
-34 -29 -15 0
18 -21 10 0
22 -16 17 0
-15 18 3 0
-9 -17 -16 0
4 -6 25 0
-2 -3 10 0
31 -27 -20 0
-35 -20 -31 0
35 5 -3 0
24 -34 30 0
-5 -32 1 0
-14 16 2 0
-7 -2 -34 0
7 25 36 0
-11 26 -32 0
6 7 -11 0
-23 -8 -16 0
-30 -8 24 0
10 -9 30 0
-27 9 2 0
11 4 30 0
27 -33 18 0
-23 15 -34 0
23 -29 -18 0
8 25 -14 0
23 -19 -16 0
-18 -24 13 0
-10 32 3 0
-18 -35 22 0
35 -24 25 0
13 15 20 0
8 3 -32 0
-15 10 18 0
20 32 -31 0
-29 -9 -16 0
-27 -33 -31 0
-9 -7 1 0
1 2 -6 0
7 6 -5 0
-21 -18 20 0
4 -35 -25 0
-36 26 7 0
-12 -21 -22 0
13 7 1 0
9 -29 -28 0
-32 -5 -8 0
-34 -7 17 0
1 24 -5 0
4 -16 13 0
21 -2 16 0
-24 14 31 0
2 -19 35 0
-34 36 19 0
-13 -8 35 0
27 -18 -12 0
9 -19 -30 0
22 23 2 0
-3 29 16 0
-25 28 24 0
24 -1 14 0
13 34 24 0
19 -17 -21 0
-31 10 19 0
-18 -26 -28 0
35 -9 22 0
17 27 -22 0
25 -34 -2 0
-32 -12 33 0
35 -15 -25 0
17 -28 13 0
-26 -20 -29 0
-20 -36 -21 0
7 -16 19 0
-3 -31 7 0
34 14 21 0
28 9 36 0
28 -26 13 0
33 -30 -24 0
26 -11 14 0
-20 7 -23 0
-15 32 -9 0
30 9 -31 0
-34 -31 -2 0
22 -3 34 0
28 -33 3 0
-32 -28 -29 0
-34 16 4 0
-5 35 29 0
8 -1 23 0
-1 -12 4 0
9 15 -35 0
-28 31 -13 0
36 -5 -8 0
-5 -22 2 0
15 17 14 0
-33 -22 4 0
