p 41 174
-26 27 -29 0
-28 -23 14 0
40 10 -28 0
-1 -36 -28 0
-37 -7 4 0
-4 -2 7 0
17 16 38 0
-5 21 -23 0
1 -20 -40 0
-9 -28 19 0
5 -41 -18 0
15 40 -23 0
-17 41 -5 0
36 -14 38 0
35 26 17 0
-37 -33 4 0
1 -5 33 0
-5 7 -32 0
-6 15 -30 0
-38 -25 -8 0
2 26 -36 0
-7 31 -25 0
6 -22 5 0
28 2 4 0
10 34 9 0
-34 -39 -15 0
-5 -40 -9 0
-25 -6 -30 0
-24 -26 -1 0
-9 5 -24 0
30 21 -11 0
-14 -35 -4 0
-33 -36 -5 0
32 -29 10 0
33 -29 37 0
-22 -38 -21 0
20 5 14 0
17 -19 -40 0
-41 -35 3 0
-35 20 -26 0
40 38 2 0
-15 24 -1 0
-32 6 41 0
4 -6 14 0
-31 8 1 0
34 -26 -4 0
15 -1 -9 0
3 29 14 0
-30 18 -34 0
-36 -30 27 0
-13 -19 20 0
-36 10 -6 0
17 7 -4 0
-6 -34 32 0
2 30 -35 0
-39 15 38 0
15 -4 29 0
26 -21 18 0
22 16 38 0
-20 10 22 0
13 -4 -26 0
19 -18 -8 0
-4 24 -32 0
-3 14 -19 0
-23 -36 -6 0
24 13 -10 0
22 28 18 0
-2 30 12 0
-8 5 33 0
-32 -7 -14 0
-41 -39 -5 0
28 7 -11 0
-31 14 -33 0
12 9 15 0
7 28 24 0
-26 27 31 0
11 -34 -17 0
-18 -20 5 0
32 -17 -11 0
5 -8 19 0
-39 -18 -28 0
37 -9 32 0
11 -32 -12 0
-34 -17 -38 0
-37 -13 33 0
15 -8 35 0
-28 32 34 0
35 -29 2 0
38 -24 -2 0
-37 12 21 0
33 -20 28 0
-8 -6 -20 0
-37 14 -20 0
32 -23 -1 0
11 33 -10 0
22 39 -36 0
-4 -26 11 0
-27 2 -14 0
-34 31 -19 0
-40 -8 -26 0
-2 40 27 0
28 29 -40 0
-13 17 8 0
-18 -19 -28 0
8 -29 -20 0
-34 -22 6 0
-7 22 14 0
-26 30 -28 0
35 4 11 0
-39 1 -38 0
-5 17 -33 0
-5 34 -22 0
28 -18 -31 0
-10 -14 -31 0
8 17 -13 0
-4 -40 3 0
3 19 -39 0
-7 -27 35 0
-31 -11 -41 0
34 -14 29 0
-3 32 9 0
17 -33 37 0
11 40 18 0
-36 23 -28 0
18 13 -14 0
-13 35 -20 0
31 -38 25 0
5 35 3 0
11 24 37 0
29 -11 -25 0
-20 -7 38 0
34 -20 -16 0
-9 10 -20 0
33 -29 13 0
32 11 27 0
30 8 31 0
-7 -3 22 0
35 -3 -40 0
14 -5 7 0
23 -16 -39 0
7 35 39 0
-19 14 -17 0
-20 -28 -30 0
21 -37 15 0
-8 21 -3 0
-14 -18 32 0
13 -14 41 0
-21 -31 23 0
-40 22 -29 0
28 -31 19 0
33 6 -14 0
12 14 -4 0
-26 -20 36 0
-18 1 16 0
-34 28 -26 0
-31 -8 34 0
-26 22 5 0
-39 -34 -11 0
34 -37 -32 0
17 -29 1 0
-7 -39 -1 0
29 28 30 0
6 -17 9 0
4 -33 12 0
9 16 -29 0
26 -31 -3 0
8 -30 -25 0
-40 -33 -1 0
19 -22 -40 0
30 22 14 0
16 -41 -29 0
2 -11 -8 0
-3 -31 -7 0
6 -29 14 0
