p 94 400
-64 84 -40 0
7 3 87 0
58 33 -70 0
45 42 94 0
-94 -5 -14 0
-22 67 -13 0
7 13 -10 0
94 74 54 0
81 -11 65 0
-67 -57 21 0
40 48 -32 0
90 -60 45 0
-31 92 -32 0
29 -1 -60 0
69 28 49 0
-54 -15 -50 0
-88 -84 6 0
-52 32 69 0
-72 91 83 0
-78 -56 -93 0
46 58 -49 0
-68 19 27 0
-76 71 -27 0
-91 -29 90 0
-93 42 -22 0
-79 -87 52 0
80 -75 -87 0
13 7 -60 0
57 73 -90 0
94 -50 58 0
3 -72 90 0
-89 -62 39 0
-5 1 -87 0
-42 -57 -8 0
-94 77 90 0
-93 78 -66 0
-42 -72 67 0
23 -66 -88 0
-16 34 63 0
-57 46 -5 0
50 76 74 0
-49 14 37 0
-54 36 63 0
79 -24 -48 0
9 -38 47 0
-4 -14 53 0
82 84 36 0
67 7 1 0
42 36 46 0
46 -44 -75 0
38 -60 55 0
-62 15 13 0
-87 -83 -82 0
-54 -66 10 0
58 61 -20 0
-79 -84 -88 0
35 20 41 0
82 93 -52 0
13 -11 50 0
-12 -30 72 0
-44 -20 86 0
50 -42 54 0
44 64 -94 0
-18 7 -83 0
-40 -73 61 0
-32 -50 58 0
42 -90 -43 0
90 -28 50 0
28 46 -87 0
-92 50 -36 0
-73 -12 -32 0
-88 72 -16 0
-4 -9 -72 0
38 85 -23 0
59 84 -75 0
51 58 16 0
62 71 69 0
73 45 -68 0
18 69 28 0
-47 35 -3 0
66 -33 -21 0
40 63 -16 0
-4 -17 72 0
83 56 75 0
38 -75 30 0
77 -31 -26 0
32 -20 -84 0
27 65 -5 0
38 -83 67 0
94 -39 32 0
-6 -20 -27 0
74 66 86 0
25 44 -49 0
-61 19 -57 0
62 -44 -7 0
-11 3 -66 0
76 -25 63 0
-65 39 -6 0
80 -16 2 0
40 -9 -60 0
-31 71 48 0
61 -39 -9 0
-48 81 57 0
18 -22 -82 0
12 -4 40 0
79 -23 72 0
-21 -14 -1 0
-38 -88 -53 0
-72 81 20 0
65 46 67 0
-78 67 26 0
70 -9 87 0
-53 3 -75 0
5 -92 39 0
39 1 90 0
56 20 34 0
2 -44 87 0
37 -83 81 0
-64 66 -57 0
-88 93 56 0
-4 -42 65 0
-55 18 -66 0
-80 -44 16 0
7 -26 -27 0
-51 -62 72 0
7 -43 -14 0
58 -88 56 0
-4 55 -34 0
-5 -76 -22 0
-33 -22 30 0
-74 7 47 0
-94 -61 -63 0
-93 -18 -53 0
-21 -80 39 0
-32 -33 -90 0
-33 85 -41 0
-7 76 -33 0
45 29 58 0
86 -28 11 0
-43 -83 31 0
69 39 -75 0
-67 16 91 0
-69 83 -63 0
-31 6 -23 0
-7 -29 39 0
-92 65 89 0
-60 -59 69 0
83 9 -92 0
87 -64 71 0
-3 83 25 0
81 49 -83 0
-70 -61 53 0
85 -69 -79 0
-56 -87 70 0
-51 -33 -94 0
-60 37 7 0
42 -35 3 0
-61 -12 85 0
22 -7 -66 0
17 -64 -27 0
-66 89 2 0
-2 87 -25 0
45 -81 -48 0
-66 -10 -83 0
-77 -44 -73 0
89 -67 -42 0
-5 -75 16 0
24 33 91 0
-90 5 -66 0
88 -65 -77 0
-30 -20 -55 0
3 -66 -80 0
-59 67 -20 0
-40 -35 -64 0
-73 -26 44 0
88 30 -26 0
27 74 -76 0
74 -46 -88 0
30 27 -63 0
80 78 -21 0
76 -3 -74 0
-9 81 -53 0
34 63 -94 0
-78 -57 -53 0
52 28 -40 0
-17 26 69 0
-91 14 23 0
-34 71 -8 0
55 -63 -73 0
25 82 -76 0
75 -71 60 0
-15 49 88 0
-27 -85 -63 0
33 49 -36 0
30 17 38 0
-23 44 -78 0
49 -86 -58 0
49 -77 45 0
-78 86 9 0
34 60 -44 0
-33 -84 44 0
90 -68 25 0
-94 -23 21 0
22 -79 74 0
-53 -32 23 0
70 -88 -94 0
90 -23 -8 0
-38 59 -29 0
93 47 -4 0
91 -82 -6 0
29 -13 -71 0
3 -37 80 0
-7 18 -21 0
-63 -92 -82 0
51 -93 47 0
-37 87 32 0
63 86 -80 0
25 -40 -65 0
-75 94 -86 0
91 36 53 0
-26 78 49 0
53 -63 -30 0
-32 -16 24 0
-60 -33 -81 0
86 28 31 0
-11 -90 -34 0
70 21 43 0
5 92 13 0
60 -72 -47 0
73 93 -29 0
90 -37 -5 0
15 -38 -6 0
63 -27 3 0
-31 -64 -26 0
2 -4 43 0
-55 -59 -11 0
30 4 -15 0
-60 -62 -31 0
10 14 88 0
19 85 -73 0
69 35 32 0
56 -83 -12 0
-50 45 -26 0
49 84 -31 0
12 19 -32 0
41 7 -49 0
-49 84 -69 0
-27 -7 70 0
68 -50 -11 0
39 25 57 0
-12 -87 23 0
-85 -42 26 0
7 -60 92 0
66 -76 -12 0
16 75 -70 0
-93 59 -77 0
-34 93 -39 0
-38 34 24 0
87 -45 -2 0
22 -89 -77 0
4 85 -56 0
-26 -47 -94 0
-22 5 -89 0
42 -89 44 0
-59 84 65 0
4 -51 58 0
-92 -32 24 0
21 -41 82 0
53 84 -23 0
-78 -71 -84 0
68 45 18 0
82 -5 -83 0
-22 -3 40 0
85 82 -80 0
-62 58 -60 0
-72 26 -83 0
7 -31 5 0
-71 -7 21 0
-76 -81 4 0
-72 39 9 0
25 73 56 0
-61 50 30 0
90 66 -87 0
-14 66 -63 0
-90 79 72 0
35 -51 -71 0
36 27 8 0
-42 -67 85 0
-69 74 89 0
9 -38 -83 0
17 74 10 0
-8 19 -17 0
-23 86 38 0
-44 -2 -23 0
58 -70 -38 0
87 -32 13 0
-71 66 60 0
64 8 -35 0
12 -35 17 0
70 27 48 0
-2 94 -39 0
-29 -86 -34 0
38 -15 28 0
29 -84 51 0
-40 -39 43 0
-88 79 12 0
28 -48 29 0
27 -82 -7 0
-44 73 -57 0
-8 -80 -53 0
87 31 -25 0
45 -36 -81 0
-55 37 -63 0
57 55 53 0
-5 4 70 0
44 -49 2 0
39 72 -6 0
-92 -42 18 0
-55 12 46 0
86 -85 -33 0
-9 70 -43 0
-13 -56 -5 0
-19 -87 85 0
-68 42 37 0
40 -20 1 0
-57 43 10 0
-78 -5 -72 0
-17 63 59 0
17 49 -8 0
48 86 -59 0
54 17 32 0
-34 -39 58 0
-31 44 69 0
-82 72 -8 0
-81 65 -87 0
47 -92 80 0
-62 35 -69 0
20 -60 -34 0
-26 61 19 0
-64 49 74 0
85 -88 -59 0
79 -85 -60 0
32 70 38 0
51 -85 93 0
-2 -72 -71 0
-15 63 36 0
27 -89 -36 0
-83 37 -14 0
-26 -3 -71 0
27 59 74 0
-47 -88 -3 0
-8 45 -12 0
-91 -35 -76 0
56 6 34 0
14 -12 93 0
72 -5 -77 0
-66 31 63 0
-15 17 -50 0
-6 -7 -2 0
-10 67 -51 0
62 -7 -60 0
6 -68 81 0
77 -52 32 0
13 77 -82 0
-75 -70 83 0
-81 -28 19 0
72 10 30 0
44 49 -88 0
-26 -12 -23 0
-56 35 -57 0
-57 -79 -73 0
75 29 87 0
-75 9 31 0
10 -77 56 0
-12 -65 -10 0
-90 -87 27 0
-26 -47 -68 0
-15 76 14 0
49 -54 19 0
-54 29 -57 0
79 52 -72 0
-72 -2 -39 0
-40 93 19 0
14 79 21 0
-45 27 -74 0
-51 3 -16 0
-59 -61 40 0
-78 -30 -39 0
-66 -60 -49 0
-31 -72 -47 0
39 -32 71 0
13 -85 -51 0
26 -57 21 0
34 56 70 0
-40 -51 -88 0
28 -69 22 0
-21 -74 8 0
-10 -5 -43 0
51 -1 89 0
-82 14 -68 0
