p 57 242
46 -18 -32 0
-24 -50 -57 0
-10 33 -46 0
-34 20 54 0
-15 43 20 0
29 2 -10 0
-43 12 46 0
51 1 43 0
26 33 -5 0
38 -4 -9 0
-34 40 54 0
-56 -5 -22 0
-38 52 -34 0
12 -46 20 0
52 45 37 0
-57 42 -55 0
-37 7 55 0
-15 22 -37 0
-57 -12 3 0
20 25 30 0
-49 -53 48 0
34 -41 -4 0
-6 20 51 0
28 53 9 0
54 -48 21 0
-26 39 45 0
-21 14 -22 0
2 26 15 0
20 19 -13 0
27 18 30 0
11 -19 -28 0
-17 31 5 0
41 -52 -24 0
-47 -14 8 0
22 -7 43 0
-43 4 -5 0
56 -29 -14 0
38 44 -28 0
-32 8 33 0
44 -3 -20 0
32 53 15 0
12 32 -22 0
9 -53 -17 0
-50 30 -14 0
7 1 -6 0
-7 -16 23 0
-29 -54 -11 0
39 17 -5 0
53 -10 -54 0
-52 57 -20 0
26 -16 23 0
-15 52 -39 0
15 34 33 0
54 -48 30 0
47 -30 56 0
-16 25 35 0
-25 -53 -48 0
-32 -12 48 0
37 1 31 0
-38 44 -45 0
3 -2 54 0
8 7 -54 0
-34 -21 -9 0
16 -46 -52 0
-39 -22 47 0
35 49 32 0
-53 40 -33 0
-39 -10 45 0
-57 -45 -50 0
-19 -55 13 0
-3 -12 32 0
-45 -13 -29 0
10 -30 -32 0
40 -17 -56 0
14 35 -11 0
-16 54 45 0
45 -6 -38 0
-14 -54 42 0
-10 54 42 0
5 -46 -52 0
-11 -21 7 0
-52 -28 25 0
42 -22 17 0
-50 42 -3 0
23 16 47 0
-18 -53 -39 0
-32 55 -54 0
-26 -20 45 0
12 -40 -1 0
-34 -4 -8 0
46 21 3 0
6 21 37 0
21 -47 -12 0
-25 38 20 0
11 34 3 0
37 -34 -9 0
10 -7 -46 0
-57 43 1 0
2 -7 50 0
-23 -21 16 0
31 18 -13 0
-53 -35 -20 0
25 29 -43 0
-8 -3 -7 0
-14 45 15 0
49 -7 46 0
-52 -44 55 0
50 27 -28 0
-3 38 -56 0
32 -26 -48 0
-38 -43 20 0
-25 -18 38 0
46 23 -37 0
-38 -24 -3 0
-41 -6 -18 0
-55 17 -22 0
-47 44 15 0
-15 38 -20 0
-42 -29 10 0
47 52 39 0
-17 25 -51 0
-31 -25 30 0
-10 -23 -12 0
-21 -37 -26 0
9 12 -15 0
40 -25 32 0
-26 54 36 0
-11 5 28 0
-14 -34 -13 0
-8 50 1 0
-25 -38 54 0
14 29 2 0
26 14 19 0
-45 -38 24 0
-6 22 49 0
20 48 29 0
-45 -56 22 0
35 -37 9 0
13 -15 57 0
-20 -32 -12 0
-42 33 57 0
56 51 36 0
-19 40 -24 0
5 -35 24 0
54 -50 15 0
-54 -48 51 0
53 -21 -48 0
-28 56 23 0
-57 41 -1 0
8 -39 -3 0
-13 -26 52 0
54 -5 -39 0
-11 51 2 0
-40 -1 -5 0
22 45 -40 0
-12 9 -19 0
12 -48 14 0
26 52 -33 0
-41 26 -25 0
-13 -49 29 0
41 29 -15 0
57 13 23 0
-13 1 9 0
-42 43 -4 0
-26 -56 50 0
-55 50 9 0
-21 -53 33 0
33 -25 42 0
-40 36 32 0
-7 39 -46 0
40 -8 -45 0
-25 -5 39 0
30 41 17 0
-32 -25 8 0
3 -28 -20 0
53 -36 38 0
-17 55 -31 0
-38 13 27 0
-7 8 21 0
45 -16 -6 0
-16 23 53 0
-35 17 -41 0
29 -24 -35 0
-44 55 1 0
-38 5 -25 0
35 21 26 0
-20 -2 -29 0
33 -10 48 0
20 -25 -18 0
-11 53 25 0
-3 55 2 0
-49 10 -28 0
56 -49 21 0
50 15 -6 0
-35 25 14 0
54 -13 -29 0
-42 29 37 0
57 23 37 0
-24 52 -43 0
41 -31 16 0
-46 4 16 0
28 36 -50 0
55 -2 -20 0
36 40 -5 0
30 23 -46 0
45 -18 -5 0
54 29 -31 0
56 -27 46 0
8 -36 -40 0
9 -1 -31 0
35 -57 47 0
48 12 -34 0
-38 -34 -9 0
28 -37 11 0
-17 -27 11 0
23 -30 -34 0
29 -52 -26 0
42 52 51 0
-55 3 -27 0
-36 -46 -1 0
43 -13 19 0
22 20 18 0
26 -54 31 0
14 8 -38 0
-26 -8 1 0
53 -44 55 0
-41 -3 7 0
17 -42 23 0
45 6 40 0
27 2 -45 0
49 -46 51 0
25 32 20 0
48 -14 -31 0
-39 -54 -33 0
49 -9 -6 0
6 23 55 0
49 -43 -5 0
46 56 -35 0
38 43 -50 0
31 6 -21 0
36 39 21 0
-42 -56 47 0
