p 58 247
-28 -37 14 0
52 -5 -37 0
-1 -8 35 0
-24 11 -16 0
38 -21 31 0
18 -19 15 0
24 -37 32 0
6 47 -58 0
20 9 53 0
-34 -2 23 0
29 -49 -13 0
50 -38 43 0
37 -52 15 0
-7 17 15 0
17 5 -52 0
27 -51 46 0
-7 42 -25 0
-1 -32 -12 0
-32 -51 48 0
52 48 16 0
17 -1 22 0
52 46 30 0
56 -32 34 0
-17 48 -23 0
24 -1 -47 0
29 -43 48 0
-22 39 -40 0
32 -39 -29 0
-5 54 -50 0
-54 -40 29 0
-32 -8 17 0
-27 56 21 0
-24 -8 -53 0
51 39 7 0
-19 -21 49 0
32 -44 -45 0
-55 -24 10 0
-45 35 -3 0
32 49 43 0
-23 -46 -28 0
46 -33 -47 0
-22 47 -4 0
43 -46 10 0
40 -25 28 0
40 -1 -45 0
46 -49 42 0
46 28 -58 0
-37 43 5 0
14 -20 -11 0
-33 -25 14 0
48 8 1 0
13 10 16 0
-22 -54 56 0
52 9 -1 0
-35 -15 43 0
11 16 6 0
34 2 30 0
-29 11 -44 0
36 -24 -6 0
23 -9 -48 0
-43 -57 51 0
42 54 56 0
49 -54 -17 0
21 24 35 0
-41 -28 40 0
19 43 -28 0
-13 -25 1 0
-45 -36 20 0
-22 30 -7 0
-27 37 56 0
34 5 -41 0
-11 -33 28 0
-10 -8 -37 0
53 -38 21 0
-28 -15 24 0
13 -19 53 0
49 -16 -52 0
8 -26 -58 0
42 -23 -27 0
-57 -33 52 0
-41 -1 -46 0
33 -26 43 0
31 40 -44 0
38 48 58 0
-10 -56 -50 0
37 28 -39 0
58 -18 -13 0
22 -55 53 0
39 -16 -43 0
49 3 22 0
44 -56 -58 0
-13 37 45 0
56 39 13 0
26 -10 21 0
16 -8 25 0
34 -51 27 0
7 -10 -6 0
-37 -8 -39 0
4 24 -41 0
45 -55 -37 0
-16 -39 9 0
-55 -37 -47 0
-54 48 -43 0
-10 -51 18 0
-45 38 16 0
54 -38 57 0
33 -20 -17 0
8 25 -49 0
54 12 -58 0
-58 2 -46 0
-18 -13 -4 0
54 -41 -29 0
41 32 -39 0
-56 -58 -24 0
-55 -5 56 0
25 27 -2 0
49 41 -43 0
-1 -18 -36 0
11 34 -47 0
44 53 -3 0
39 -9 -45 0
-13 -42 -47 0
31 5 10 0
-14 39 -41 0
-58 -2 17 0
11 28 -26 0
-54 -37 16 0
-51 7 -15 0
-36 -3 54 0
16 3 -26 0
27 35 -45 0
44 -6 -40 0
30 -54 -47 0
-24 51 11 0
-21 28 9 0
46 -2 -39 0
12 -13 35 0
48 -32 -35 0
42 44 -18 0
17 -9 -45 0
27 -9 5 0
-35 -40 48 0
47 27 -15 0
-43 55 -27 0
-18 -12 -41 0
46 -28 3 0
43 -7 -4 0
35 7 25 0
-51 49 10 0
-34 -6 32 0
-1 8 46 0
-36 -39 -25 0
-6 31 20 0
-32 37 -2 0
48 -54 14 0
-22 -33 -38 0
6 -8 40 0
14 -26 -19 0
54 47 51 0
30 -57 15 0
-14 54 42 0
39 20 -38 0
19 -16 6 0
-40 -27 -4 0
-41 28 -25 0
-54 -34 -46 0
-42 19 48 0
-22 -51 -21 0
57 -38 -7 0
-42 46 10 0
-42 -26 45 0
-43 -23 17 0
51 -29 -48 0
-39 -48 -27 0
-27 -16 58 0
-5 15 -2 0
-57 -41 4 0
-32 49 58 0
-40 -41 21 0
3 -47 -48 0
25 -24 -22 0
13 -18 41 0
-52 -39 -1 0
21 20 -12 0
15 -10 40 0
-17 -10 6 0
41 5 13 0
-6 -31 -54 0
35 -8 22 0
-20 -56 46 0
41 -34 33 0
-5 36 39 0
29 -50 27 0
28 7 8 0
31 44 58 0
-30 -53 9 0
-47 17 23 0
-26 16 40 0
7 38 5 0
13 12 -32 0
-44 -53 28 0
-27 -18 52 0
-27 26 -46 0
-54 15 -21 0
49 55 -44 0
1 43 36 0
8 -52 48 0
25 7 -6 0
-44 51 -30 0
-13 -17 -34 0
-4 47 -25 0
-9 54 -40 0
44 17 -15 0
15 11 -43 0
42 -6 54 0
-27 33 20 0
9 17 3 0
34 -32 -12 0
-43 -12 57 0
36 31 54 0
40 -26 56 0
15 -54 -20 0
-7 29 -12 0
39 -26 40 0
55 34 19 0
-24 -25 38 0
-23 -21 33 0
6 -47 -41 0
-11 -51 -7 0
1 6 35 0
-17 -56 8 0
-56 -58 -37 0
-21 46 19 0
33 44 45 0
7 10 -58 0
-28 -35 -18 0
26 30 2 0
-18 -14 -7 0
-35 17 9 0
16 -6 18 0
14 -48 -56 0
-48 -3 -40 0
14 -34 -51 0
9 16 -3 0
40 -15 50 0
-39 23 -13 0
-24 -3 -53 0
