p 64 272
44 -56 27 0
44 -45 46 0
62 46 -52 0
27 52 -34 0
36 -37 -14 0
-5 62 -30 0
28 -57 58 0
-26 -17 43 0
-64 -26 -21 0
-56 9 47 0
64 14 -10 0
-56 40 8 0
-15 -7 -27 0
11 -23 57 0
-8 -56 -38 0
8 -37 55 0
-26 -59 25 0
36 8 31 0
-37 -39 -22 0
64 6 -15 0
-27 35 61 0
11 -58 21 0
-18 54 11 0
48 -44 -37 0
33 -55 26 0
-20 -38 1 0
1 23 -32 0
13 27 -57 0
-24 51 -35 0
-27 -41 -54 0
27 -23 53 0
7 22 -42 0
4 -40 6 0
13 4 11 0
-40 -7 53 0
-37 28 59 0
-52 51 36 0
-31 -23 24 0
50 -23 -16 0
-58 -34 1 0
39 -46 59 0
-47 -31 18 0
-30 -55 -37 0
-19 -5 -52 0
43 35 10 0
-35 -42 11 0
-17 -61 3 0
27 50 47 0
50 -44 -55 0
-15 20 -3 0
47 57 -29 0
-47 -4 -3 0
-55 -40 -53 0
-46 19 -58 0
-10 -1 35 0
3 -41 33 0
29 -61 -41 0
21 27 -64 0
-4 -58 -27 0
-20 33 4 0
-12 3 -34 0
-34 55 -41 0
-29 -24 -45 0
48 49 18 0
-8 46 -4 0
-25 -38 3 0
59 1 47 0
58 -20 62 0
-59 -39 -58 0
21 38 -7 0
15 59 45 0
19 -40 18 0
38 -56 8 0
41 64 -58 0
-33 24 -44 0
-5 -34 1 0
30 -51 57 0
57 -25 3 0
-37 -50 2 0
54 -6 -35 0
20 10 57 0
-54 2 24 0
64 44 -2 0
14 -12 3 0
14 59 53 0
-26 24 21 0
47 -11 34 0
17 3 -21 0
37 38 35 0
-11 -27 -30 0
-31 7 34 0
-9 14 -38 0
-58 37 -60 0
-40 -9 35 0
37 6 47 0
-61 8 12 0
6 -7 52 0
61 -10 -14 0
-64 24 -54 0
16 50 -43 0
-59 -26 -35 0
38 -30 6 0
20 24 -46 0
-46 21 50 0
46 8 6 0
-38 -42 -45 0
-30 18 -46 0
49 36 -45 0
56 -51 61 0
12 -15 -45 0
12 55 16 0
10 4 -62 0
50 -54 35 0
27 63 -45 0
-63 -16 39 0
33 -4 -7 0
-28 -39 58 0
-13 -9 -33 0
22 64 52 0
-4 -27 1 0
9 59 -50 0
-35 -50 -8 0
21 44 2 0
-62 -53 54 0
47 64 -16 0
-63 14 -40 0
17 23 -25 0
-45 -53 -49 0
19 36 -49 0
-60 -54 -53 0
-26 -36 -16 0
29 -21 -63 0
-56 11 -57 0
-41 38 -12 0
-45 -49 -52 0
21 33 -10 0
-43 19 15 0
-49 51 42 0
58 -41 -15 0
-34 -15 17 0
-62 26 43 0
32 -28 62 0
-25 -6 -18 0
6 13 -58 0
2 36 -35 0
57 -50 10 0
-5 -37 11 0
-30 23 39 0
-21 34 -13 0
3 -61 -62 0
-22 -47 41 0
-29 -55 13 0
-47 -31 -40 0
45 -44 -21 0
-64 -11 18 0
-38 -27 -32 0
-3 -36 1 0
9 22 -56 0
-6 -64 21 0
9 55 58 0
-37 52 44 0
6 -47 -56 0
45 -44 38 0
-50 -2 -44 0
15 20 -62 0
12 -51 -56 0
15 -52 38 0
-42 2 13 0
-59 -40 9 0
-5 -28 -41 0
2 -34 14 0
-13 26 37 0
-19 54 -46 0
-14 -9 45 0
5 -21 -7 0
-53 22 36 0
-51 28 30 0
-3 -53 33 0
48 -17 -51 0
-30 -60 -18 0
-34 41 -51 0
1 -57 -36 0
31 -61 1 0
40 -41 -3 0
15 -23 -49 0
-23 13 -6 0
-61 26 30 0
-5 48 -52 0
-24 -54 -2 0
50 -48 -17 0
-22 5 -58 0
-15 49 32 0
-19 3 -2 0
-25 -43 -6 0
-26 19 51 0
61 62 -21 0
8 33 19 0
-61 -39 -12 0
4 11 33 0
-30 -12 -63 0
-29 2 41 0
2 16 40 0
-59 -26 -10 0
11 -48 -27 0
-46 14 31 0
-60 9 46 0
-25 31 -3 0
-57 56 -50 0
-9 48 -26 0
9 -34 50 0
-17 -38 -63 0
5 16 -49 0
-61 -31 2 0
39 -37 18 0
48 34 -54 0
38 58 27 0
-5 29 59 0
-35 33 -18 0
-20 30 17 0
53 32 27 0
-27 42 52 0
-33 60 -3 0
8 -22 17 0
14 -19 -62 0
10 -60 45 0
26 1 58 0
51 -29 4 0
54 -43 19 0
-24 6 45 0
55 43 -1 0
40 9 30 0
26 3 -6 0
44 56 37 0
59 53 -1 0
-22 -29 -44 0
36 3 -11 0
9 -51 63 0
-56 -34 -60 0
25 15 -5 0
26 -38 -28 0
26 60 -2 0
-42 -6 7 0
32 -51 62 0
57 -43 29 0
57 8 -51 0
-47 -31 -42 0
61 -56 -16 0
-45 -51 6 0
41 -19 -62 0
24 -49 16 0
28 3 20 0
34 -43 -40 0
38 17 -59 0
-47 30 1 0
-31 43 -2 0
12 2 38 0
17 -40 -8 0
31 -2 48 0
-42 -52 64 0
40 -43 36 0
-59 27 -45 0
-9 45 39 0
32 -51 -45 0
26 -5 -46 0
-18 60 -19 0
47 4 -43 0
-61 43 54 0
56 30 43 0
-60 20 -32 0
-3 -25 23 0
-45 -10 50 0
15 -17 -4 0
