p 21 89
-12 -17 21 0
3 -15 -7 0
4 -6 -15 0
20 15 -2 0
17 10 18 0
1 3 19 0
13 15 20 0
18 19 11 0
-2 -4 1 0
9 16 -10 0
-11 2 3 0
-11 -8 -17 0
2 -9 12 0
-17 -7 -10 0
-17 7 13 0
7 14 6 0
-13 -21 -8 0
-7 8 -17 0
4 -9 -16 0
-5 13 8 0
-16 10 -20 0
-8 -1 6 0
-13 -17 -6 0
4 -10 -6 0
8 -1 -15 0
-2 12 3 0
6 -13 -15 0
-4 -21 1 0
12 -2 -21 0
21 6 9 0
12 3 4 0
-11 20 -8 0
14 13 -4 0
-4 9 13 0
-11 14 -6 0
-19 11 6 0
2 7 13 0
-2 8 -17 0
-16 -4 17 0
-9 -12 19 0
-17 4 6 0
-8 -12 -1 0
2 16 7 0
-15 19 -14 0
19 8 6 0
-17 8 18 0
1 -4 10 0
21 17 -10 0
-9 -1 -8 0
12 -7 18 0
-1 10 5 0
-2 -5 17 0
-1 3 -18 0
19 -8 5 0
-10 -19 -12 0
14 -17 -4 0
-10 8 6 0
-21 -7 -8 0
-5 12 -7 0
-18 4 17 0
2 -10 -4 0
-3 -18 -15 0
-11 5 20 0
-12 3 -9 0
-9 17 -8 0
-14 2 8 0
-19 4 7 0
3 -6 -19 0
7 -3 -17 0
3 5 -8 0
17 -8 -10 0
-2 -21 6 0
16 -6 5 0
16 5 -3 0
-18 15 6 0
19 -5 -18 0
11 20 21 0
4 13 7 0
-11 10 19 0
17 3 15 0
2 5 -3 0
-19 -1 16 0
12 -18 9 0
-4 16 -1 0
20 4 -6 0
-2 -5 -13 0
-18 -16 -10 0
-16 2 7 0
10 18 15 0
