p 72 306
53 67 -15 0
52 25 -27 0
-57 -53 38 0
42 31 -25 0
-32 63 14 0
-45 50 35 0
23 -11 27 0
-24 5 4 0
-35 34 18 0
3 41 -62 0
19 10 50 0
-13 -62 -58 0
50 -51 -44 0
38 -21 62 0
62 -48 26 0
-23 -71 -26 0
7 52 -60 0
62 5 30 0
-53 1 -64 0
40 -61 51 0
34 -61 -54 0
19 45 8 0
7 18 8 0
41 27 45 0
38 -15 10 0
-23 -61 -34 0
-27 -40 69 0
-23 -12 -39 0
63 -66 17 0
36 -19 21 0
-40 -64 10 0
-60 50 -39 0
-69 8 -43 0
-19 -65 -32 0
5 -21 32 0
10 59 -29 0
-52 -53 50 0
66 -9 -40 0
60 -19 -16 0
-43 40 -26 0
33 61 66 0
-65 -9 64 0
-61 -71 50 0
67 22 -17 0
-27 53 71 0
-23 3 -25 0
48 -52 -29 0
-19 29 24 0
8 -26 -56 0
-57 28 36 0
-62 -50 -9 0
-28 -58 43 0
52 32 54 0
28 30 -3 0
-52 -23 -27 0
-18 26 -29 0
49 57 59 0
-26 32 50 0
8 56 7 0
68 -16 28 0
64 -59 -61 0
19 4 32 0
56 -27 25 0
28 -59 -32 0
52 -60 -54 0
-46 49 -58 0
-68 19 -58 0
-69 59 24 0
-58 -43 1 0
-9 36 18 0
-17 40 56 0
-72 2 7 0
-5 2 46 0
38 -51 -19 0
-46 -1 44 0
61 -53 42 0
-34 35 1 0
8 -50 -42 0
-52 -7 -8 0
52 -14 -56 0
-8 32 30 0
42 -47 57 0
-41 -54 -66 0
13 14 43 0
36 -55 51 0
3 52 35 0
23 -69 36 0
32 56 49 0
24 -22 27 0
62 -59 64 0
57 61 -36 0
-14 -6 50 0
-60 -56 -55 0
36 35 -15 0
20 -63 26 0
-43 -11 -68 0
30 -55 14 0
48 -19 23 0
65 8 -28 0
46 5 -19 0
-13 -72 46 0
-60 72 -38 0
36 -46 48 0
-33 66 -42 0
9 47 -32 0
-4 -35 -64 0
45 57 65 0
-13 -55 -20 0
-50 -59 -28 0
26 -10 33 0
-15 -29 -66 0
14 71 62 0
-70 -10 -58 0
-47 -12 -16 0
27 -41 19 0
9 -5 -58 0
44 -55 25 0
23 -53 45 0
-69 -19 27 0
51 60 41 0
49 -23 -30 0
18 -45 63 0
55 70 -16 0
-15 71 -22 0
60 52 35 0
-44 -41 12 0
22 -7 -31 0
-12 32 -63 0
-3 30 -71 0
-17 49 -47 0
-17 32 3 0
-25 -1 -9 0
17 -63 -6 0
-72 7 1 0
7 -45 -47 0
-32 29 -42 0
-33 -38 -8 0
46 12 7 0
29 -21 3 0
-4 9 51 0
56 -29 -59 0
-21 -25 -22 0
-29 33 -64 0
68 -1 67 0
-49 -2 -40 0
-58 19 -6 0
12 64 -22 0
-39 3 10 0
32 65 38 0
27 -4 -56 0
-28 -35 -27 0
-39 25 -54 0
47 67 54 0
-69 19 32 0
37 21 26 0
-48 -40 17 0
56 16 -32 0
-57 28 -17 0
-36 70 59 0
11 -41 -17 0
-1 -16 -31 0
-31 51 44 0
-10 40 -70 0
3 5 50 0
-7 11 -4 0
-33 -13 -55 0
13 30 -53 0
45 30 60 0
7 8 43 0
32 16 -30 0
-47 9 29 0
69 56 -66 0
38 -36 -21 0
34 -31 56 0
15 12 34 0
-34 -29 -69 0
11 68 2 0
14 -52 -40 0
23 -8 66 0
72 -19 -45 0
48 54 49 0
36 23 62 0
45 -3 62 0
-59 -62 19 0
29 -53 42 0
65 29 -57 0
46 -41 20 0
-13 -15 -67 0
-11 -18 50 0
-60 40 70 0
-14 -7 -28 0
1 -28 17 0
-42 33 1 0
32 28 -67 0
62 -69 2 0
9 44 40 0
41 -56 3 0
22 63 -56 0
-45 22 57 0
55 54 8 0
-71 59 40 0
-2 -20 49 0
-29 15 60 0
-36 -42 5 0
43 -13 -5 0
64 -58 25 0
40 -36 45 0
32 -24 -43 0
46 49 -35 0
-29 -66 -44 0
64 -49 -22 0
-20 -15 -16 0
65 -14 -19 0
-3 -33 32 0
-64 65 44 0
-25 31 11 0
-37 27 13 0
-19 -56 -67 0
-60 -63 1 0
-71 -1 72 0
-9 4 -41 0
4 -16 60 0
22 -5 24 0
-57 1 24 0
49 47 -48 0
-61 -5 54 0
-3 72 20 0
3 -13 44 0
-19 -32 -56 0
-59 -72 40 0
38 -44 -62 0
68 -29 63 0
-10 49 -54 0
-50 42 59 0
24 -67 -20 0
4 20 7 0
40 -22 69 0
-60 21 -71 0
67 45 -9 0
70 -58 29 0
51 12 68 0
-14 69 3 0
11 -53 -1 0
-57 16 -3 0
31 -69 -4 0
65 -70 -44 0
12 -13 -19 0
-18 -13 -25 0
70 -57 21 0
32 63 9 0
69 2 -14 0
-58 70 40 0
-24 27 29 0
-4 23 69 0
20 39 -41 0
48 -6 5 0
-15 49 -27 0
65 -17 -45 0
48 -32 -28 0
42 -38 -66 0
52 28 51 0
4 -19 54 0
-67 14 -15 0
-47 -56 -13 0
-45 67 42 0
14 48 45 0
64 49 -37 0
23 36 70 0
68 40 48 0
-18 -3 10 0
8 -23 -62 0
-50 -26 -37 0
-26 45 -59 0
45 20 -27 0
-41 4 -22 0
-4 58 -22 0
-23 -14 31 0
-56 -32 -37 0
-52 22 29 0
65 -49 59 0
-49 20 23 0
-32 65 -17 0
32 61 24 0
-69 46 47 0
57 -50 -55 0
37 -5 69 0
-51 14 55 0
-26 -48 -42 0
-48 -1 -51 0
7 -22 -46 0
-69 -58 11 0
58 64 9 0
-16 32 68 0
-55 24 -5 0
-10 -62 -40 0
-14 60 23 0
60 -59 -7 0
-29 26 32 0
21 60 -22 0
-12 -44 6 0
-64 16 58 0
-38 -33 -28 0
-31 69 -71 0
-60 62 33 0
-36 69 18 0
-57 -11 16 0
