p 36 153
13 33 -17 0
-3 -30 -17 0
-4 -15 16 0
28 19 33 0
-22 27 9 0
14 -4 -36 0
-6 18 10 0
18 -2 -7 0
12 35 16 0
-8 14 7 0
25 10 21 0
-11 6 -35 0
27 -6 -10 0
7 -20 23 0
18 -4 -9 0
-32 22 10 0
26 32 -7 0
-33 19 -8 0
6 33 18 0
16 33 -17 0
20 -28 4 0
29 -10 32 0
-3 31 -30 0
-10 14 5 0
-8 -16 11 0
32 35 27 0
-35 -33 -1 0
8 -29 33 0
-24 27 -11 0
3 -35 -34 0
-5 -33 23 0
-5 -4 14 0
-35 -14 -16 0
17 -4 9 0
-16 25 9 0
-2 -28 29 0
-11 -27 -13 0
-26 18 15 0
-10 -5 -2 0
-24 34 -29 0
-3 -26 16 0
-15 33 -12 0
-32 5 3 0
32 -18 1 0
-7 -17 -6 0
8 36 22 0
6 -35 -34 0
-20 -22 -31 0
-24 -6 36 0
-23 -11 4 0
4 27 -16 0
35 -8 29 0
15 -23 11 0
14 29 -15 0
-23 -10 4 0
-2 25 -24 0
3 -23 -19 0
30 -15 -26 0
14 11 -10 0
23 -5 -13 0
30 8 31 0
19 26 -12 0
36 -25 3 0
-20 17 13 0
20 -18 21 0
-1 -27 34 0
-15 -16 12 0
-12 16 26 0
36 14 -35 0
22 -6 -5 0
-27 7 34 0
-26 -4 -7 0
-6 -25 -7 0
-21 8 14 0
-28 8 -22 0
3 -25 -35 0
23 -11 -1 0
33 8 -24 0
-28 5 -2 0
35 -20 -2 0
32 19 -3 0
-23 -9 -34 0
17 -35 25 0
-27 -2 -9 0
-15 -30 -33 0
11 4 -23 0
24 36 -1 0
9 13 4 0
19 -24 33 0
33 2 -26 0
-26 13 -32 0
-16 12 -2 0
-18 25 -17 0
-7 16 -6 0
-17 20 23 0
-31 -17 29 0
-4 27 24 0
-21 29 23 0
8 12 -1 0
-21 -36 3 0
-5 -3 -7 0
-36 18 -9 0
-16 -15 7 0
19 -3 27 0
-26 -23 2 0
23 -4 -24 0
-27 31 -30 0
15 20 -23 0
30 32 -6 0
6 15 -34 0
21 -2 -32 0
-22 -33 28 0
13 -27 -19 0
-13 -8 28 0
17 -36 10 0
6 36 -34 0
26 3 -6 0
-21 -24 -29 0
21 -7 -9 0
14 16 26 0
20 1 -2 0
32 -13 -36 0
19 13 36 0
32 -30 -25 0
-26 33 -12 0
-16 24 30 0
28 -31 13 0
28 -13 29 0
2 7 30 0
1 24 -21 0
6 -16 9 0
-36 35 20 0
2 -23 -5 0
23 -16 36 0
18 27 -16 0
12 -35 -2 0
-28 22 15 0
17 8 -10 0
-32 2 6 0
-9 3 10 0
-5 6 4 0
-15 -1 29 0
27 16 -14 0
36 -6 25 0
26 -27 -1 0
-33 35 -15 0
-24 29 7 0
17 -13 -33 0
-2 32 -4 0
30 8 19 0
-6 22 -25 0
8 -19 -7 0
6 -29 -21 0
