p 73 310
5 -73 -16 0
-6 -33 -28 0
23 -12 22 0
25 8 -61 0
62 -50 19 0
67 72 12 0
8 28 39 0
23 -57 10 0
-52 -64 32 0
57 59 19 0
-48 -59 -42 0
-14 39 -19 0
-24 -31 22 0
73 13 66 0
50 47 55 0
-50 -15 -1 0
60 73 -33 0
13 46 1 0
-2 -32 58 0
-6 61 -2 0
48 -72 -39 0
60 57 7 0
62 51 -45 0
-54 -18 -25 0
59 42 62 0
-4 -3 -61 0
-15 68 63 0
-7 -55 43 0
-25 20 24 0
27 -32 49 0
-42 -51 -31 0
42 -23 15 0
52 19 -9 0
16 -72 12 0
-52 -68 -53 0
-17 -15 -12 0
-59 -11 52 0
-22 70 -2 0
-40 -14 55 0
-65 54 -64 0
27 -7 69 0
-19 72 41 0
-65 37 -57 0
-6 -43 -9 0
14 30 20 0
16 -69 -35 0
-65 -26 37 0
-44 -40 59 0
31 -30 -62 0
-70 21 -29 0
-38 7 -49 0
12 -7 34 0
50 -67 -1 0
5 22 9 0
-34 -14 23 0
60 39 63 0
28 -42 -1 0
-15 -37 3 0
-71 33 -17 0
66 -43 31 0
-67 72 60 0
38 69 44 0
69 -9 -48 0
-22 -62 -55 0
-18 61 21 0
46 -33 -44 0
-54 34 -62 0
-5 19 -7 0
-61 -34 68 0
-26 -46 -12 0
24 69 -64 0
-18 -64 -48 0
-3 36 -19 0
27 67 -44 0
-25 30 27 0
-49 -39 67 0
9 -20 42 0
-60 14 44 0
14 -37 -17 0
63 -7 45 0
26 33 -11 0
43 11 69 0
56 -27 -10 0
65 22 18 0
58 -27 16 0
-44 -32 65 0
-21 47 -52 0
-70 -61 65 0
26 16 -23 0
-12 -40 -70 0
-64 -18 26 0
-22 -34 -51 0
67 11 -58 0
-11 7 33 0
71 16 4 0
58 -72 52 0
-57 15 6 0
-65 -24 49 0
-13 23 71 0
-49 -22 -55 0
12 21 73 0
-48 2 -51 0
38 -64 4 0
-38 14 73 0
40 -71 -10 0
-8 -36 -21 0
-7 -36 26 0
57 -4 30 0
-38 -33 3 0
-13 -18 27 0
16 69 42 0
9 -19 10 0
16 65 13 0
72 -58 3 0
70 63 59 0
-62 3 -24 0
-26 -12 72 0
-57 50 -51 0
65 39 -31 0
-29 -15 -35 0
-63 38 31 0
12 66 -55 0
36 -49 43 0
60 -59 -52 0
-66 -63 -19 0
-25 5 -43 0
34 1 71 0
-70 -14 31 0
-57 -24 4 0
-43 -73 70 0
-30 -61 22 0
44 32 -19 0
26 -14 4 0
-28 16 51 0
-38 18 -30 0
30 67 4 0
72 -21 54 0
-2 -61 -6 0
33 -44 -52 0
13 -43 42 0
-23 37 -8 0
-1 55 49 0
-49 -26 -36 0
47 16 5 0
53 -34 6 0
-60 -6 -30 0
-28 -50 30 0
20 -18 22 0
15 42 -17 0
32 -39 6 0
24 -52 -34 0
-62 -66 -16 0
55 16 -21 0
-25 56 -44 0
2 36 -65 0
51 -2 70 0
53 -19 -68 0
-2 -49 -17 0
53 15 36 0
-5 1 60 0
41 -2 -19 0
-17 15 57 0
-60 56 -58 0
-29 -73 -36 0
-66 -56 62 0
64 9 -14 0
14 -50 -4 0
47 70 -2 0
-72 63 30 0
40 -61 72 0
69 51 34 0
-4 -15 -54 0
-6 54 -52 0
-70 41 -20 0
44 -68 -65 0
-25 -34 -32 0
54 18 -16 0
70 56 -39 0
-51 -21 42 0
-32 -40 -45 0
-49 17 -71 0
-7 51 -68 0
30 40 -37 0
-24 58 57 0
65 20 14 0
67 -41 9 0
36 65 -20 0
47 31 -48 0
3 -45 -19 0
-25 -24 26 0
-65 49 58 0
-44 -51 15 0
39 43 38 0
-8 66 38 0
-21 -40 -14 0
-2 18 13 0
15 -16 -20 0
50 -56 29 0
-27 14 -65 0
68 40 24 0
10 -35 49 0
-10 -54 -44 0
24 30 67 0
72 -27 -10 0
-1 -36 -32 0
-10 -42 36 0
53 41 -60 0
37 -39 31 0
35 -66 40 0
-73 -14 -56 0
-43 2 31 0
69 -35 33 0
4 -32 -35 0
56 16 23 0
-59 -70 -54 0
33 56 -12 0
73 -17 -8 0
20 45 -8 0
41 -18 -69 0
20 -67 28 0
20 27 -13 0
34 40 7 0
-62 48 54 0
-13 19 -41 0
42 45 63 0
48 34 57 0
-18 52 -51 0
57 -32 -26 0
54 47 -52 0
-8 39 31 0
-57 -66 59 0
9 6 -12 0
62 21 61 0
63 -28 -53 0
42 57 47 0
55 53 34 0
1 -9 44 0
68 56 45 0
65 -57 45 0
-52 57 48 0
21 11 -4 0
-27 29 -9 0
-56 -48 29 0
-60 -54 65 0
4 48 51 0
18 -67 -37 0
-37 -23 71 0
2 -34 -55 0
-72 -54 66 0
-53 -23 -34 0
-35 51 15 0
53 72 40 0
24 -50 -19 0
-61 -5 59 0
-46 70 -19 0
56 -21 14 0
59 -47 20 0
65 -31 -15 0
-44 45 56 0
-29 59 58 0
-19 -22 8 0
18 -17 63 0
47 -71 -35 0
44 -8 67 0
36 5 -42 0
49 29 47 0
-5 36 -70 0
66 49 16 0
50 33 43 0
6 41 -63 0
-50 48 60 0
28 -19 54 0
43 66 -8 0
61 12 -55 0
53 61 -23 0
-12 -13 53 0
-33 42 28 0
-55 -26 -33 0
17 20 55 0
59 -12 -6 0
52 -56 44 0
59 25 -54 0
-26 24 18 0
-71 61 -20 0
63 -65 71 0
12 30 -37 0
55 36 -1 0
-64 15 -20 0
-56 5 28 0
-28 8 33 0
2 24 -39 0
69 25 -56 0
23 -1 49 0
-14 -46 -73 0
11 64 -15 0
-16 -1 -34 0
-67 11 -39 0
-6 -1 -35 0
-30 20 -43 0
-19 -60 45 0
-52 -12 16 0
-66 50 -1 0
38 15 -58 0
43 46 70 0
-14 58 68 0
-65 -3 -59 0
-40 45 -39 0
71 58 54 0
55 -72 -37 0
64 -5 9 0
