p 33 140
29 -21 8 0
16 29 24 0
-29 17 -19 0
-20 23 -30 0
-32 33 15 0
-26 13 32 0
-27 -13 11 0
31 32 7 0
-25 2 19 0
-16 17 -21 0
-20 12 19 0
20 -17 -1 0
24 -12 -31 0
-10 -33 8 0
3 29 -6 0
2 -17 -13 0
-18 -29 -28 0
-11 24 -28 0
12 -24 -20 0
28 3 24 0
17 -32 -33 0
22 10 -5 0
15 -13 20 0
-22 -11 -33 0
28 -7 3 0
24 7 -22 0
-6 24 -12 0
-19 32 29 0
18 21 -13 0
6 -14 -22 0
-22 -17 -32 0
-30 33 28 0
14 9 22 0
-8 33 -2 0
-21 -10 18 0
-28 12 11 0
18 -32 9 0
9 28 -21 0
18 1 8 0
-10 23 11 0
-11 22 33 0
-15 6 -4 0
21 12 -5 0
-6 -15 3 0
30 17 -24 0
15 23 26 0
27 -1 -15 0
30 5 29 0
14 15 -25 0
10 -22 -1 0
9 3 13 0
-24 22 -21 0
30 1 -2 0
15 -9 13 0
6 21 23 0
2 6 9 0
9 -30 21 0
-32 28 -3 0
10 14 -2 0
-18 -8 3 0
-31 -23 19 0
-5 -11 -15 0
27 -33 -19 0
-31 -9 30 0
9 5 32 0
-27 19 23 0
3 -22 -8 0
26 -5 16 0
-33 10 -5 0
31 -3 -1 0
16 -17 9 0
22 18 -20 0
-33 -16 29 0
-9 -31 -2 0
-4 -10 3 0
33 5 -17 0
31 13 22 0
-5 -28 20 0
14 -8 23 0
18 -12 -11 0
31 -24 -2 0
-11 -14 -22 0
-9 -24 -15 0
-26 14 13 0
27 18 11 0
1 -11 27 0
2 -8 -7 0
27 -6 23 0
7 9 -32 0
22 30 -15 0
24 -26 -7 0
24 -9 17 0
-20 4 15 0
25 21 30 0
11 12 -22 0
-21 -24 11 0
27 32 1 0
5 -22 -33 0
-19 16 9 0
11 -17 -25 0
1 -26 -14 0
-14 32 6 0
-3 -10 11 0
-7 21 -4 0
26 5 30 0
32 -29 14 0
31 30 11 0
-10 31 -2 0
23 -17 9 0
-13 -8 6 0
14 19 31 0
-26 11 2 0
-14 -28 11 0
10 -19 25 0
-19 20 25 0
-6 5 11 0
-29 24 5 0
-5 -31 20 0
1 31 16 0
19 -15 -28 0
16 -30 19 0
-17 -27 5 0
-26 -3 -22 0
27 14 19 0
-19 33 -23 0
-20 -30 29 0
-18 10 -24 0
17 -16 15 0
22 -10 23 0
21 4 -14 0
-26 -4 -14 0
33 6 25 0
-14 -15 -26 0
15 -5 -6 0
20 -15 -33 0
14 33 -25 0
-9 -29 20 0
17 -5 -28 0
-28 -33 -30 0
-13 -4 24 0
