p 93 396
2 -11 -42 0
15 25 24 0
-91 -10 -40 0
80 -50 77 0
-13 40 -52 0
55 -75 41 0
-13 52 -9 0
-38 -68 72 0
5 89 27 0
49 -75 -35 0
-53 -57 65 0
55 -43 1 0
25 -20 -77 0
44 75 -55 0
93 -25 83 0
72 75 -4 0
-48 56 34 0
-62 -24 -91 0
-68 -70 -89 0
-58 41 -29 0
91 -42 48 0
-15 63 -49 0
-20 -32 11 0
-18 -88 -9 0
-32 17 -12 0
61 -47 79 0
75 -30 -36 0
-38 57 -27 0
-49 4 79 0
88 71 73 0
34 -83 -17 0
61 34 -19 0
-89 19 -51 0
-31 -20 18 0
-36 42 84 0
92 -33 -12 0
-3 22 -48 0
3 -56 -46 0
18 44 9 0
57 30 39 0
17 75 83 0
27 47 -18 0
-58 -51 -87 0
-74 -86 -87 0
-45 -70 39 0
-20 -85 17 0
3 -8 39 0
83 -55 -25 0
-29 36 -35 0
72 48 25 0
-33 -63 62 0
53 -89 -10 0
29 -50 73 0
-79 -33 -67 0
-5 -49 -52 0
81 32 67 0
-41 -40 -1 0
43 -10 89 0
25 -43 -38 0
-64 33 -73 0
37 48 -17 0
-33 -22 -24 0
7 -79 -87 0
45 22 -83 0
88 -85 -81 0
45 38 -41 0
3 -25 -72 0
62 43 -22 0
65 52 -53 0
36 -19 -50 0
84 62 -47 0
-5 25 81 0
-16 47 5 0
92 -61 -87 0
-54 15 -79 0
42 6 -54 0
-43 17 -33 0
36 -66 -76 0
-77 59 89 0
53 29 -40 0
38 78 67 0
-56 -65 -59 0
42 -5 65 0
44 79 -71 0
6 -91 1 0
23 78 -10 0
66 6 87 0
51 -80 29 0
60 -48 -4 0
-82 91 13 0
-89 -71 57 0
-30 64 -74 0
-92 93 -64 0
-24 -56 -92 0
68 -16 -71 0
-74 -10 -47 0
14 25 -33 0
-71 -82 32 0
13 51 76 0
-41 65 -10 0
-11 62 37 0
-72 80 -81 0
88 -8 53 0
43 80 3 0
44 57 -48 0
16 -53 -6 0
-19 39 -38 0
-92 9 -74 0
-92 51 -58 0
41 -19 66 0
-67 -33 -50 0
39 -60 -9 0
34 2 19 0
-33 81 63 0
-64 24 86 0
-30 61 -56 0
17 -80 -77 0
83 62 42 0
-29 -8 -5 0
90 -12 92 0
65 34 45 0
5 -9 93 0
-43 26 11 0
-23 51 -11 0
-27 59 -34 0
76 24 22 0
15 -69 23 0
-42 48 67 0
61 52 -51 0
-91 -93 61 0
-28 64 93 0
-49 -40 44 0
35 -31 3 0
-4 -38 5 0
19 32 -60 0
85 -84 -15 0
64 -52 -62 0
-41 -54 -22 0
44 5 -60 0
-16 -77 22 0
81 -43 61 0
92 -24 20 0
17 68 -90 0
31 -75 23 0
71 54 91 0
-33 -50 68 0
-59 46 -43 0
-59 18 -3 0
31 48 87 0
-2 -55 61 0
15 49 -60 0
85 -32 -84 0
-26 -75 -49 0
4 -59 -45 0
30 15 76 0
72 -9 -92 0
15 1 66 0
-45 -84 -50 0
56 52 -8 0
1 38 -92 0
90 -49 -21 0
-55 -74 17 0
64 -10 78 0
52 -24 48 0
54 50 93 0
-63 53 9 0
-53 -71 78 0
5 -3 62 0
-4 18 -52 0
-32 -24 20 0
18 44 -6 0
-30 -27 90 0
11 69 -36 0
23 76 -82 0
64 -91 35 0
46 -76 90 0
47 20 69 0
-31 47 -23 0
68 -57 44 0
-27 26 -29 0
-39 -62 5 0
90 65 42 0
-61 69 -53 0
-67 87 -5 0
-63 19 75 0
-48 38 10 0
-31 71 -29 0
-15 -80 89 0
-76 31 -83 0
-66 53 69 0
27 -5 48 0
-36 85 53 0
-24 -14 18 0
59 72 46 0
-53 -30 -2 0
-34 -36 -48 0
85 -86 -16 0
-34 -17 -91 0
61 -53 23 0
77 1 6 0
75 6 16 0
-13 34 15 0
61 -1 2 0
-79 -88 -66 0
4 -26 79 0
-43 27 47 0
-68 -53 7 0
-16 11 -57 0
6 -17 56 0
66 -65 -9 0
-34 54 89 0
62 -31 -59 0
-63 -19 7 0
27 -42 -74 0
-23 34 -76 0
71 -14 86 0
-40 -56 15 0
-78 51 -44 0
-2 -15 -78 0
93 52 90 0
-46 -82 23 0
32 -6 -79 0
21 -51 66 0
87 14 -72 0
67 74 -81 0
-53 89 61 0
-56 -38 -92 0
76 -66 65 0
66 91 -87 0
-37 -3 -61 0
-83 3 31 0
71 38 44 0
49 72 -42 0
58 -71 67 0
2 66 39 0
-73 -29 19 0
-2 -15 -82 0
-10 -18 -42 0
-88 21 -32 0
8 -75 -44 0
-51 37 18 0
-11 -18 -69 0
18 11 13 0
92 -11 -89 0
-27 -23 -88 0
-85 -19 67 0
-78 -81 -22 0
91 -37 -30 0
89 43 -10 0
86 -62 -66 0
26 -78 -66 0
88 -63 70 0
-65 31 4 0
-76 -85 11 0
38 91 71 0
-72 -68 22 0
2 -88 19 0
-52 -81 40 0
2 -3 -20 0
6 -66 -58 0
70 76 42 0
3 75 -15 0
90 13 45 0
-1 -93 8 0
70 -5 -78 0
-70 -1 -53 0
82 57 -71 0
54 -4 15 0
-55 60 -36 0
43 -45 56 0
47 69 88 0
6 -69 21 0
-61 17 -65 0
-12 37 34 0
35 9 30 0
6 78 -24 0
-6 -43 13 0
90 69 -48 0
64 -9 17 0
-41 50 -30 0
3 -18 85 0
-90 12 -47 0
-37 27 -15 0
-19 -49 -42 0
66 -26 -75 0
85 -50 -25 0
-43 -72 38 0
29 10 -53 0
51 78 -89 0
-12 -28 -7 0
60 -22 -78 0
-1 71 -46 0
80 75 -85 0
83 60 74 0
-75 76 -80 0
26 30 -7 0
-91 47 34 0
48 -37 -86 0
47 -25 74 0
11 35 38 0
-29 -76 -91 0
64 7 12 0
48 20 -86 0
88 83 -10 0
-73 -82 -71 0
56 17 54 0
39 30 -17 0
56 -29 36 0
24 14 83 0
-78 -12 -9 0
78 -82 -37 0
92 36 -49 0
-69 -88 -65 0
46 -70 -24 0
-69 9 -18 0
60 -56 -33 0
-18 -51 -60 0
-88 -40 -23 0
51 68 -27 0
92 38 -22 0
-20 25 69 0
6 30 -35 0
-15 -93 37 0
-51 92 4 0
-85 64 52 0
73 -47 -90 0
53 -45 34 0
6 11 -59 0
9 -73 -54 0
33 -76 14 0
39 50 7 0
-73 -59 -52 0
-19 91 -78 0
82 -26 -84 0
84 -88 -27 0
46 71 58 0
23 -47 50 0
75 -22 -1 0
13 31 -24 0
56 12 1 0
-71 -83 80 0
-51 -53 50 0
69 -14 78 0
8 -68 69 0
-73 66 -22 0
67 -23 -39 0
33 52 -67 0
13 -32 41 0
14 69 -86 0
-1 -5 -33 0
-48 -23 3 0
30 -47 -32 0
48 69 -46 0
-15 -48 -14 0
-37 -4 59 0
54 -19 39 0
-90 -55 -28 0
52 -92 21 0
-17 -15 93 0
74 -58 80 0
-22 -31 91 0
34 -5 -72 0
81 -66 -25 0
-36 -7 -27 0
-36 89 93 0
-92 -24 -85 0
-63 85 -6 0
56 17 9 0
19 -64 63 0
33 -9 -89 0
-63 -48 83 0
-76 -44 45 0
57 36 -71 0
-92 -6 30 0
70 -12 29 0
3 -88 86 0
17 26 23 0
78 12 28 0
69 -6 13 0
59 -65 -14 0
51 -90 -27 0
-3 -92 34 0
-40 60 -36 0
-26 16 63 0
91 -50 -22 0
53 -19 -40 0
-1 -4 49 0
-15 -35 -54 0
27 66 5 0
1 5 21 0
1 50 -47 0
23 81 -5 0
-79 -65 24 0
65 88 -15 0
75 -55 74 0
43 -78 -67 0
