p 56 238
-16 45 5 0
-38 -4 -31 0
49 4 -19 0
51 -41 -55 0
-32 49 51 0
-24 -35 -16 0
17 -42 29 0
31 -35 -3 0
22 -53 40 0
-42 7 22 0
34 41 19 0
17 45 21 0
-17 -30 40 0
23 3 26 0
19 33 -3 0
38 9 55 0
16 41 -44 0
4 -54 -24 0
12 -48 -25 0
-36 17 -24 0
12 26 -18 0
-24 -8 -51 0
15 23 -10 0
-55 -33 -12 0
-12 19 -25 0
22 31 49 0
-40 -42 -35 0
9 -47 -28 0
55 42 -18 0
47 -6 31 0
24 -45 6 0
6 -47 -34 0
-44 -50 47 0
-23 4 -25 0
-4 7 -3 0
-20 35 21 0
48 28 44 0
-37 41 50 0
43 -15 -34 0
42 44 -19 0
36 -50 -16 0
19 33 38 0
-24 45 36 0
33 30 -2 0
-13 36 26 0
23 34 -17 0
6 -53 -10 0
6 -2 -29 0
-31 -15 -33 0
-34 -22 49 0
35 50 -5 0
-34 25 -9 0
34 -51 -35 0
-42 -50 -32 0
40 -14 28 0
55 49 8 0
21 35 3 0
45 55 -43 0
-1 -49 -28 0
-44 -46 34 0
52 -5 33 0
-49 51 44 0
-8 39 22 0
-32 35 -22 0
31 -17 -47 0
-13 14 53 0
-27 12 -19 0
-36 -44 19 0
-27 -23 51 0
39 -46 30 0
-26 -8 -9 0
-51 52 14 0
56 36 21 0
-47 -54 -4 0
55 34 -46 0
20 35 54 0
28 -45 -56 0
56 2 14 0
-12 29 14 0
16 10 9 0
-31 44 -24 0
-12 8 -39 0
-47 8 -37 0
13 44 40 0
-17 35 10 0
47 32 33 0
-19 -50 -49 0
-21 -49 27 0
7 21 2 0
12 -4 -15 0
22 -40 -16 0
-10 15 4 0
-6 -4 53 0
-20 -27 -15 0
-35 -29 -3 0
-54 -32 -29 0
-22 -55 -44 0
-45 -50 -29 0
-16 -23 -3 0
-48 21 33 0
33 -45 35 0
45 43 -39 0
30 3 24 0
-28 -31 55 0
25 -18 -30 0
-46 32 -8 0
16 -50 17 0
33 -20 21 0
-20 13 48 0
34 30 -28 0
6 5 48 0
-34 43 -8 0
54 -43 -20 0
20 -26 -30 0
33 -5 -35 0
-13 -47 -36 0
-28 -6 -8 0
-25 12 -17 0
-50 -13 -45 0
23 -21 -2 0
8 -7 20 0
18 -8 40 0
47 -56 -22 0
31 47 -1 0
-30 -13 -14 0
-44 -20 48 0
10 50 20 0
11 31 44 0
13 -32 -54 0
24 36 -13 0
-47 -35 -39 0
-56 -37 49 0
3 47 -5 0
-19 8 33 0
14 -50 -6 0
35 -22 -11 0
-2 53 -12 0
24 -56 -34 0
15 12 -47 0
9 -24 30 0
-49 -4 -15 0
-9 22 -37 0
2 33 18 0
-37 -4 -20 0
53 16 18 0
-21 40 -9 0
40 -37 14 0
45 44 25 0
-34 2 -23 0
5 -31 48 0
-17 41 8 0
-13 29 -52 0
-37 -33 -28 0
21 -36 22 0
-18 20 -14 0
-50 23 -54 0
19 18 29 0
49 46 27 0
-21 -12 -2 0
-18 -20 -49 0
26 -30 24 0
-56 -25 -49 0
-23 49 -22 0
-29 -10 -50 0
-49 12 48 0
-3 10 -5 0
28 -6 -11 0
21 39 19 0
-31 39 -21 0
-12 -11 46 0
39 21 -11 0
10 28 -45 0
-37 -21 -36 0
-23 -56 -19 0
35 20 10 0
30 -15 55 0
7 -15 -42 0
-32 23 2 0
-15 7 -16 0
39 -52 -12 0
-36 20 40 0
-20 -34 46 0
39 -14 50 0
-52 47 -49 0
23 -52 -43 0
-27 -22 -52 0
-12 33 -19 0
3 44 31 0
16 -33 19 0
-35 15 45 0
55 25 -42 0
29 43 40 0
-31 44 49 0
42 44 52 0
9 -10 -40 0
-7 -9 2 0
50 -32 53 0
-18 -13 4 0
-50 52 47 0
16 35 -2 0
-38 -45 -12 0
48 31 -44 0
-3 -23 -56 0
-56 -1 -3 0
43 42 -35 0
-33 -52 25 0
33 -30 42 0
13 43 -39 0
33 -25 37 0
28 40 -21 0
19 -2 41 0
14 -9 -38 0
40 -34 -17 0
-2 45 27 0
24 -22 -30 0
34 6 -54 0
-15 46 25 0
32 -49 -38 0
-40 -41 17 0
-15 -39 56 0
-54 41 50 0
-4 8 20 0
-46 -25 -17 0
-56 38 -31 0
9 -44 18 0
-17 -6 -13 0
-3 46 -15 0
14 -45 39 0
-22 -35 12 0
-4 11 -43 0
-15 19 30 0
-42 -6 -36 0
-54 6 4 0
46 5 -8 0
29 33 28 0
-55 -54 17 0
-9 -22 -29 0
-38 -14 44 0
