p 39 166
-14 36 -13 0
3 -17 7 0
-19 -23 21 0
-14 -20 16 0
-18 -9 -17 0
3 -15 33 0
-12 26 18 0
-13 15 1 0
-35 33 -20 0
27 30 9 0
9 23 20 0
-22 -12 -19 0
33 5 39 0
-14 23 20 0
30 -7 14 0
27 -4 11 0
-28 -39 -38 0
-15 37 19 0
9 4 27 0
36 -4 -17 0
-2 -9 18 0
-23 6 -27 0
-16 35 34 0
14 -21 7 0
24 -33 -21 0
-31 -12 1 0
-5 9 -13 0
5 39 15 0
15 30 -25 0
35 9 -2 0
-15 24 -37 0
7 -25 -32 0
9 10 24 0
-11 10 3 0
13 -27 -33 0
-9 19 36 0
-33 -5 24 0
27 -32 -13 0
-1 24 5 0
-18 32 4 0
21 -4 11 0
-33 -16 8 0
-29 16 24 0
-33 -24 -22 0
19 10 -5 0
-39 -12 18 0
16 15 20 0
37 14 -11 0
-25 4 -38 0
9 -34 -14 0
17 28 -5 0
-28 -39 11 0
-18 34 35 0
37 -14 6 0
26 17 13 0
35 -36 -14 0
-27 -16 -3 0
19 -2 -37 0
-21 8 22 0
15 7 -33 0
7 -13 9 0
27 -38 14 0
-29 13 -16 0
-35 -13 -38 0
-37 -11 30 0
-3 18 32 0
-17 -15 3 0
-7 21 -11 0
14 6 11 0
39 -37 -20 0
15 12 -22 0
35 -8 17 0
-1 -35 37 0
-8 9 19 0
-17 -29 -27 0
-14 8 1 0
-18 27 -16 0
8 -5 39 0
-18 -25 31 0
22 -13 -29 0
-21 -12 4 0
28 -10 39 0
-21 11 12 0
15 26 21 0
-7 -5 -21 0
-11 -18 1 0
-32 2 30 0
15 1 -20 0
-33 27 -39 0
-9 5 6 0
-36 31 -10 0
26 22 -39 0
23 -10 -18 0
-32 -15 37 0
17 36 2 0
10 -23 31 0
6 37 17 0
22 -32 30 0
30 -36 -23 0
-39 7 -38 0
-8 36 9 0
25 20 35 0
-12 7 -27 0
23 11 -35 0
-16 1 7 0
25 -17 -32 0
3 18 30 0
-15 -35 8 0
26 -23 21 0
37 8 18 0
-18 -35 -38 0
-31 -37 -30 0
1 -9 12 0
-7 -3 26 0
-13 -6 -15 0
-14 33 -21 0
2 -34 -36 0
16 27 -30 0
-1 25 -5 0
26 27 -29 0
-38 6 -1 0
-39 37 14 0
11 -24 2 0
9 4 19 0
17 -15 5 0
22 11 -29 0
-14 -24 35 0
18 10 -12 0
-8 -15 6 0
-13 12 -18 0
-30 -4 19 0
27 -4 12 0
25 -30 36 0
30 -34 -17 0
14 32 8 0
15 -7 38 0
-25 -6 20 0
-25 20 9 0
29 17 -32 0
5 23 -18 0
-12 -34 29 0
-33 2 -39 0
29 -19 -17 0
14 -19 -28 0
10 -14 36 0
-11 20 -8 0
39 25 35 0
-21 25 39 0
-37 1 -26 0
-9 -18 1 0
-39 31 -29 0
-36 14 11 0
32 23 -18 0
25 -4 -27 0
19 29 -21 0
-13 28 -27 0
-20 26 -21 0
-35 13 -37 0
8 39 26 0
-22 33 25 0
8 -19 -26 0
29 -35 23 0
34 25 -16 0
33 39 -10 0
13 10 -11 0
-20 -38 -39 0
