p 21 89
7 -1 18 0
13 -5 -1 0
8 5 4 0
2 -1 -4 0
-21 4 18 0
-11 1 4 0
-18 -1 5 0
6 20 19 0
14 -19 -8 0
11 -1 -16 0
20 3 18 0
18 -16 -1 0
18 -12 -10 0
6 5 18 0
18 -17 -1 0
5 3 -7 0
18 -12 -4 0
7 -9 19 0
4 2 20 0
15 19 6 0
19 -8 -15 0
15 2 -3 0
19 -12 -7 0
15 -2 -1 0
18 -3 17 0
-16 -5 14 0
1 8 -18 0
16 2 -12 0
15 12 -18 0
9 -11 7 0
6 -15 -16 0
2 -20 -6 0
10 -6 -8 0
-8 -2 18 0
16 6 8 0
12 -9 -14 0
-6 3 20 0
-10 4 -2 0
-9 -14 -2 0
-18 11 20 0
-1 18 8 0
-8 -19 -13 0
-13 -18 -11 0
-17 21 -15 0
-21 12 13 0
-2 -20 10 0
20 -14 15 0
-7 -17 5 0
-8 -17 -18 0
-20 -11 2 0
-5 2 15 0
4 18 10 0
-1 18 -10 0
-16 3 -7 0
4 2 11 0
17 -14 7 0
14 -12 6 0
4 -19 6 0
10 13 -1 0
-3 7 -15 0
-11 16 17 0
2 -11 20 0
2 5 11 0
7 -16 -6 0
-12 7 -14 0
-18 4 2 0
-13 9 -4 0
14 -2 8 0
-16 -18 -13 0
-4 19 -16 0
6 -20 9 0
8 -13 16 0
-2 17 4 0
-6 15 -20 0
16 9 -12 0
-10 18 7 0
-10 -8 11 0
19 21 -6 0
1 -11 -21 0
-15 -12 -8 0
1 18 -4 0
-21 -14 -3 0
12 13 8 0
5 16 9 0
-14 1 20 0
-20 19 5 0
18 4 19 0
1 -2 -18 0
11 -14 -19 0
