p 78 332
3 -20 -50 0
41 13 74 0
-74 60 -48 0
21 45 68 0
-8 -68 -52 0
-46 15 12 0
-21 50 -77 0
-62 -49 -64 0
-44 -72 -14 0
-34 73 32 0
-8 -9 -65 0
16 -24 -30 0
-39 55 -32 0
-54 -33 -7 0
50 73 -37 0
69 -17 -7 0
-66 -72 68 0
29 70 20 0
-49 -8 -72 0
43 -63 -25 0
6 -67 -12 0
59 -14 -49 0
20 -17 -41 0
-21 -41 67 0
-57 11 60 0
-36 57 4 0
-48 -62 -28 0
-58 46 14 0
35 -55 -50 0
-13 30 -71 0
-19 -58 -42 0
-43 61 -41 0
-66 -50 77 0
51 -20 -36 0
43 -22 3 0
57 3 49 0
-36 -30 -24 0
68 42 28 0
-64 35 73 0
22 78 42 0
53 59 71 0
-77 19 -45 0
58 44 -20 0
-59 70 40 0
-33 70 71 0
-40 18 -74 0
18 -38 -77 0
42 70 -19 0
-27 61 31 0
72 -10 -29 0
72 -55 -6 0
-9 23 37 0
-4 -3 -43 0
28 -16 -11 0
-20 23 -72 0
59 -1 58 0
30 59 -21 0
-38 -48 72 0
-26 56 -50 0
33 54 75 0
67 -5 36 0
41 -66 -70 0
-52 63 -66 0
-15 -24 78 0
-51 58 -53 0
34 -7 -20 0
-60 74 -9 0
5 -14 -45 0
-73 -58 20 0
22 29 44 0
47 -57 -69 0
44 15 39 0
-3 9 -46 0
-42 32 -56 0
20 -56 -48 0
-20 -55 78 0
-70 23 -64 0
78 53 -19 0
59 48 -28 0
-12 41 14 0
52 42 66 0
66 -50 -23 0
7 11 -18 0
32 71 59 0
73 66 -74 0
-77 -39 -17 0
-75 47 74 0
-44 -1 -5 0
-21 -77 -36 0
1 -54 -47 0
-40 -70 -47 0
-41 -54 35 0
65 -51 -14 0
39 -70 -3 0
-13 3 -24 0
38 71 16 0
-40 -72 -30 0
32 27 -41 0
44 69 20 0
15 -24 -8 0
68 61 -18 0
22 -39 56 0
-34 3 -26 0
-10 -58 35 0
-9 -27 39 0
-16 -11 -42 0
-12 -49 -62 0
-11 44 77 0
59 -42 1 0
69 -17 14 0
7 22 -3 0
5 15 -73 0
-13 34 73 0
-38 20 7 0
-8 -33 20 0
-68 -42 -63 0
51 64 -5 0
10 29 21 0
-45 -2 -50 0
-20 65 -34 0
62 16 37 0
-40 -62 38 0
75 -25 21 0
13 22 -1 0
48 -47 61 0
3 7 48 0
-67 -6 -57 0
-33 -54 2 0
22 -41 -17 0
-61 27 52 0
-17 -47 39 0
9 -5 65 0
-3 -30 7 0
-43 34 -8 0
-63 -26 59 0
-40 60 20 0
63 52 -64 0
13 -30 43 0
-73 40 10 0
65 71 8 0
-4 -3 56 0
21 -4 -1 0
-28 22 -74 0
-50 18 36 0
22 58 -27 0
21 57 50 0
74 -71 -39 0
-23 -73 -67 0
-68 -67 18 0
-5 1 55 0
43 -77 66 0
-52 -65 -38 0
36 41 70 0
-8 4 45 0
40 -59 34 0
-6 51 -49 0
-68 -38 -70 0
-49 -45 -64 0
54 -45 56 0
78 -43 -22 0
-10 62 -16 0
-10 -30 -67 0
60 -55 39 0
9 -19 -13 0
59 30 71 0
66 1 3 0
-38 -5 -17 0
-6 -57 68 0
-6 -11 -31 0
-42 15 27 0
-26 -69 50 0
-3 -57 54 0
-55 -76 29 0
47 23 9 0
-46 -42 -65 0
54 42 74 0
52 35 -38 0
45 -57 55 0
-64 -31 24 0
-73 61 71 0
-5 -14 42 0
48 -27 56 0
13 26 54 0
-4 -48 63 0
-26 -5 -28 0
4 66 2 0
25 -19 26 0
-24 -57 56 0
11 -47 9 0
58 76 -45 0
-67 17 -18 0
17 -34 -14 0
75 10 53 0
-18 69 -77 0
76 -28 48 0
36 -12 -73 0
1 -60 -42 0
-29 6 47 0
55 -74 36 0
-65 -26 -58 0
56 -28 -43 0
-66 -75 -56 0
52 73 -53 0
50 -56 23 0
-55 18 -49 0
-42 2 -55 0
-39 -10 -47 0
39 -50 -58 0
-67 50 -27 0
76 20 31 0
-44 -23 62 0
-8 4 72 0
-1 60 -55 0
74 -70 -17 0
-16 47 -29 0
-73 61 -58 0
-17 45 -48 0
-50 48 -13 0
-69 26 56 0
-30 42 60 0
16 41 -60 0
24 70 -46 0
-72 -21 -60 0
-31 62 42 0
-59 -50 41 0
18 -74 -50 0
-42 24 60 0
-45 -44 -61 0
17 42 61 0
68 -8 76 0
58 -61 17 0
-69 -5 11 0
17 9 58 0
-72 -67 69 0
-1 -34 -43 0
20 -44 -46 0
7 31 -57 0
-48 56 -31 0
31 24 65 0
70 -15 49 0
-48 -24 76 0
61 -47 34 0
-52 -59 32 0
-15 -6 -30 0
50 43 -44 0
50 -69 72 0
52 -51 5 0
-2 -61 73 0
-35 -6 -27 0
-61 -25 5 0
-23 -33 28 0
17 -76 -61 0
-30 18 35 0
41 1 -74 0
26 59 -28 0
28 64 -3 0
-69 -28 -12 0
31 23 -60 0
67 -16 77 0
4 26 -75 0
-15 -9 -71 0
7 13 74 0
-35 23 25 0
-23 20 -22 0
31 77 -54 0
-77 -8 23 0
-78 -63 3 0
-57 40 -25 0
-35 -57 68 0
-26 -46 -77 0
-32 11 -10 0
60 -23 -12 0
-37 -41 -63 0
29 24 -31 0
25 33 -54 0
-18 -37 30 0
-51 54 -62 0
-12 -6 36 0
40 6 12 0
-76 58 29 0
39 13 72 0
-13 -45 -75 0
60 -71 -78 0
-17 -53 22 0
42 -59 -54 0
72 14 -50 0
66 -78 52 0
29 -59 30 0
31 46 -6 0
-71 -20 4 0
-34 -24 2 0
9 -42 59 0
-9 -72 -69 0
-49 70 75 0
19 -44 61 0
77 -42 59 0
-7 31 -76 0
-26 -49 62 0
-19 -58 -57 0
-33 30 -29 0
-28 60 63 0
-6 53 -40 0
-32 35 71 0
-77 -5 -73 0
44 -70 -12 0
-17 39 7 0
-34 51 72 0
63 17 -23 0
-36 21 42 0
-24 -1 36 0
-36 39 -37 0
-26 -13 -11 0
38 -6 -24 0
21 -22 -47 0
-31 -38 -28 0
-46 -69 14 0
-60 33 -17 0
-38 -7 19 0
72 -31 -4 0
22 -57 -55 0
-16 -54 57 0
-64 55 59 0
74 -68 39 0
-66 49 57 0
-76 70 -5 0
18 -55 47 0
-47 -55 -40 0
-48 -52 -13 0
50 5 31 0
61 -73 63 0
52 -48 43 0
76 25 -62 0
