p 59 251
-33 25 -8 0
-51 -18 9 0
5 8 34 0
-30 -24 58 0
-20 24 37 0
-5 -48 -20 0
46 36 -25 0
36 -24 -25 0
-43 -16 27 0
-22 -41 -43 0
-6 -8 -44 0
33 -47 -37 0
-17 -21 -18 0
-16 -1 18 0
-45 44 3 0
-35 -24 10 0
46 -41 1 0
52 57 59 0
-6 -20 45 0
15 -23 50 0
-25 4 27 0
23 10 -57 0
-34 20 38 0
-48 39 -9 0
-7 45 -1 0
10 52 -40 0
33 3 46 0
-42 3 -1 0
-20 44 -6 0
-56 26 -31 0
24 -44 51 0
23 1 -3 0
-31 51 4 0
-25 39 57 0
-26 -1 2 0
15 39 41 0
-29 54 -50 0
-42 26 59 0
31 -8 -3 0
51 21 53 0
45 32 -23 0
-15 48 -34 0
33 -49 18 0
-11 -56 -6 0
54 -51 -30 0
21 -11 -42 0
-10 -3 57 0
33 -35 -11 0
-15 -34 -7 0
-40 -21 27 0
-42 31 12 0
32 -51 3 0
52 15 -50 0
-22 -31 51 0
-54 -18 -17 0
35 -1 -26 0
-43 51 -38 0
-44 3 8 0
9 -22 -25 0
-10 25 33 0
26 -49 -54 0
-13 -6 -55 0
51 50 -56 0
35 20 -52 0
58 41 31 0
56 -45 -35 0
-12 -26 -47 0
17 35 22 0
27 -36 -51 0
15 1 -42 0
18 34 -31 0
54 52 13 0
48 -15 26 0
-32 -41 -1 0
5 35 -37 0
-34 53 -10 0
-10 19 49 0
49 -19 -59 0
-21 -54 -55 0
15 32 -18 0
5 48 -42 0
-31 48 -21 0
52 40 -47 0
-43 -27 -15 0
4 -6 30 0
-32 -59 27 0
8 -17 5 0
-42 11 -17 0
-46 -58 -29 0
4 -36 -9 0
-15 -38 26 0
4 42 21 0
-9 13 33 0
-27 -56 -22 0
-19 -1 51 0
35 51 9 0
-38 -31 -24 0
-48 -15 46 0
-7 40 28 0
26 -21 53 0
-15 -41 23 0
-20 16 -25 0
-6 -43 22 0
7 6 45 0
-44 30 -53 0
-29 53 33 0
-28 11 -7 0
-23 -33 -50 0
1 2 56 0
-57 -45 -32 0
-15 -31 -58 0
-8 -32 13 0
42 -48 10 0
29 -17 19 0
50 33 -36 0
-58 -54 -39 0
37 -48 19 0
-24 51 -59 0
-55 25 -23 0
43 54 -20 0
7 56 -27 0
-40 -16 -56 0
-17 59 34 0
6 -54 -41 0
44 -43 -6 0
29 -9 -45 0
-17 49 -4 0
-56 -46 55 0
18 -1 23 0
38 3 41 0
29 -53 -8 0
27 -28 24 0
16 54 -35 0
-37 -8 -47 0
-53 2 -55 0
-59 42 21 0
-11 13 -53 0
-28 -37 52 0
30 49 32 0
42 -53 29 0
-24 28 -58 0
-6 29 21 0
-17 -16 45 0
-45 13 56 0
16 -31 -54 0
-58 -12 18 0
-30 10 -17 0
-57 35 -8 0
53 54 13 0
50 -12 -46 0
18 41 53 0
-25 59 27 0
47 -37 11 0
-7 42 47 0
-1 -10 43 0
-32 -15 -19 0
8 36 -5 0
8 -4 -53 0
27 -45 44 0
-22 38 35 0
-7 49 -13 0
-44 -35 55 0
1 10 -4 0
-32 27 -51 0
12 -8 -56 0
-19 -3 12 0
32 21 42 0
50 -6 -27 0
2 -41 -9 0
41 6 -18 0
44 42 4 0
-51 -7 34 0
11 13 4 0
-23 -36 10 0
-20 -29 -24 0
-24 15 23 0
-4 -27 44 0
-10 19 28 0
-19 18 53 0
57 -9 -52 0
10 -39 32 0
-12 43 -26 0
-36 -30 17 0
-46 -38 57 0
42 -36 -5 0
-20 -29 -35 0
-36 -38 -12 0
-4 33 -6 0
26 40 39 0
-51 33 -34 0
53 -34 -54 0
-5 -28 -45 0
-49 -50 -4 0
28 -23 -5 0
-40 49 33 0
51 -20 -55 0
12 -41 37 0
-30 -2 26 0
-9 37 -17 0
17 51 -55 0
41 58 53 0
26 12 -34 0
-40 -9 28 0
50 4 11 0
-22 -19 40 0
32 37 -48 0
5 -37 49 0
-13 -58 34 0
39 52 56 0
-13 -17 -9 0
-49 56 -22 0
41 -26 -15 0
20 36 -35 0
29 -30 35 0
-59 37 48 0
23 -21 8 0
31 43 9 0
-41 -27 38 0
-45 -26 -31 0
21 -43 25 0
-5 -42 -38 0
8 -6 -56 0
32 -1 7 0
-51 -8 16 0
-23 16 24 0
-28 5 45 0
33 -17 -22 0
-5 -47 30 0
54 31 -46 0
-27 34 -38 0
-16 -35 -26 0
-42 31 -28 0
5 -34 21 0
19 49 -6 0
-54 -31 -50 0
-52 25 39 0
-13 28 52 0
-56 -1 11 0
41 5 -59 0
57 -21 26 0
32 21 5 0
46 4 50 0
48 49 37 0
-48 -24 -45 0
2 -24 -1 0
-13 50 -31 0
9 -57 -3 0
7 56 31 0
5 23 44 0
-38 -14 -39 0
-3 7 -22 0
