p 72 306
41 -36 -70 0
-57 8 20 0
-61 -30 -4 0
-32 45 47 0
-22 71 50 0
12 -31 5 0
12 -17 -18 0
53 64 4 0
45 -65 18 0
53 17 62 0
54 1 20 0
40 72 68 0
-48 71 -64 0
-29 66 48 0
-23 -41 57 0
52 18 -26 0
-43 59 41 0
19 70 -65 0
-1 56 -2 0
36 -58 23 0
-56 44 -12 0
50 27 -11 0
46 26 -15 0
-16 39 -19 0
54 56 -16 0
38 -44 -56 0
58 -42 30 0
58 -31 -18 0
-18 -41 70 0
25 -31 15 0
39 -26 62 0
-1 45 24 0
57 40 -26 0
29 -62 20 0
-11 -20 -3 0
36 -71 -6 0
40 -38 -12 0
-13 44 -22 0
-1 -59 -55 0
33 -21 -51 0
-55 -18 22 0
-65 43 30 0
55 7 15 0
29 -19 -33 0
-54 72 -6 0
29 14 43 0
38 36 58 0
40 -64 26 0
65 -64 -54 0
-9 64 -41 0
32 -26 57 0
-20 43 -56 0
-27 36 -64 0
-31 13 -48 0
-14 51 11 0
-45 3 28 0
-70 23 -39 0
58 -14 19 0
-29 43 61 0
43 53 60 0
15 46 -65 0
-24 -41 -63 0
-59 72 -35 0
-43 -66 -57 0
-30 45 42 0
72 -11 30 0
-15 -6 -36 0
64 27 -7 0
40 68 -22 0
14 -71 -18 0
-38 -66 -17 0
-26 -61 19 0
36 -72 -6 0
-18 37 -61 0
16 -24 -61 0
-59 -28 18 0
-51 4 39 0
-52 18 -71 0
-46 32 -26 0
43 -41 -48 0
-49 17 -54 0
-20 -16 -10 0
9 51 -3 0
35 68 39 0
-54 -12 49 0
31 27 -15 0
13 -7 4 0
11 68 37 0
-13 31 -19 0
-12 28 7 0
-27 -6 48 0
41 13 -31 0
67 -55 -16 0
-19 51 -2 0
55 -16 -57 0
-55 4 -34 0
35 -22 -69 0
-33 71 -46 0
55 5 7 0
72 -50 -46 0
-69 1 41 0
56 6 -26 0
27 -68 -25 0
-27 -58 19 0
38 -19 -40 0
-28 -72 -15 0
61 -64 37 0
-62 -19 -71 0
53 23 -43 0
54 71 11 0
-6 64 -9 0
64 1 -2 0
69 23 -58 0
-55 57 -52 0
56 -25 -9 0
60 -12 -5 0
-66 -35 3 0
-68 45 66 0
65 -34 37 0
13 41 -48 0
-66 -36 -22 0
-40 27 -19 0
12 1 -26 0
52 43 -20 0
17 13 41 0
-8 -49 -13 0
47 -11 -60 0
-9 10 -36 0
-59 -43 -53 0
43 34 -22 0
22 -42 -49 0
-11 31 64 0
16 37 50 0
-19 37 42 0
-17 39 30 0
60 -72 -19 0
48 -9 36 0
4 -38 23 0
-28 -20 36 0
-69 5 17 0
72 22 -65 0
28 -39 71 0
21 -38 33 0
-3 -55 -57 0
3 41 42 0
-20 -64 35 0
-62 3 -49 0
-51 17 55 0
-41 67 66 0
21 11 71 0
-48 -32 49 0
-34 -42 67 0
44 9 -43 0
-16 43 62 0
8 -71 -51 0
16 52 -35 0
33 -46 42 0
-38 -24 -3 0
-52 68 28 0
7 -41 63 0
-22 -26 -50 0
13 -57 -62 0
-23 -44 61 0
70 -31 41 0
-13 45 -44 0
52 39 -58 0
-26 68 7 0
57 30 -28 0
49 45 -27 0
-49 -13 67 0
31 -12 -40 0
44 16 -38 0
-40 44 -9 0
-42 -50 63 0
-57 40 -12 0
5 31 -21 0
65 12 44 0
33 67 -50 0
44 -34 -68 0
29 -72 40 0
3 61 -35 0
7 15 35 0
-1 -21 -47 0
62 21 -39 0
67 12 -19 0
7 14 54 0
-60 -43 12 0
-65 -28 25 0
55 -34 -72 0
29 -3 51 0
-68 -4 -53 0
63 -54 7 0
-52 60 -65 0
-3 29 4 0
67 -40 49 0
-6 53 -17 0
-40 20 26 0
33 34 -58 0
21 45 -55 0
-7 54 -48 0
-53 -19 -43 0
-49 -15 48 0
70 13 62 0
58 30 -3 0
-29 -57 35 0
24 -56 -3 0
-15 -19 7 0
-70 -11 67 0
51 -70 54 0
-51 18 3 0
11 17 -63 0
-53 -62 -25 0
-14 57 -72 0
55 56 3 0
-43 -19 54 0
23 16 63 0
-24 -38 54 0
-43 48 -53 0
72 14 -25 0
-42 -37 -64 0
-40 -32 55 0
-67 -25 29 0
6 -66 33 0
66 8 -5 0
-48 59 -44 0
39 -35 44 0
-12 9 71 0
-12 -2 -42 0
3 -15 -2 0
49 -8 -30 0
21 -17 -14 0
71 -45 60 0
-30 -31 -55 0
-64 -3 7 0
40 -42 -13 0
71 -52 -50 0
51 67 46 0
15 -30 -33 0
38 6 -57 0
-23 -5 -9 0
38 18 33 0
-2 58 -9 0
11 18 -31 0
48 7 -21 0
35 -33 -57 0
-41 -72 23 0
-15 -3 7 0
-70 -27 -36 0
58 15 66 0
-21 -56 -8 0
39 -22 37 0
-57 -56 -64 0
53 44 63 0
42 -52 45 0
27 -45 43 0
65 -39 1 0
-51 -65 36 0
-58 7 -32 0
28 2 -58 0
27 7 -44 0
-48 -42 18 0
57 -15 66 0
-22 -58 2 0
24 -7 -61 0
-15 -37 -12 0
59 2 45 0
34 -5 50 0
56 51 64 0
-47 -2 58 0
-71 -17 35 0
37 -56 -38 0
-60 -3 -66 0
40 70 65 0
41 -9 -40 0
-11 72 58 0
55 -65 -70 0
-4 -61 -11 0
-70 -65 66 0
8 -47 -4 0
-47 -3 -27 0
5 22 -67 0
34 -32 64 0
-16 -41 -58 0
-9 26 -18 0
-6 -39 -31 0
-27 36 39 0
-22 38 68 0
3 -4 25 0
-7 -57 -9 0
-42 -34 -16 0
68 69 71 0
-40 -36 -21 0
38 -26 34 0
-45 51 26 0
12 65 -53 0
4 -12 -49 0
27 -46 66 0
-43 30 23 0
-19 -12 -65 0
9 -8 57 0
72 62 -7 0
-63 -59 38 0
49 69 61 0
59 -40 -65 0
25 72 7 0
20 16 -8 0
