p 99 421
-23 49 68 0
31 39 74 0
14 -75 26 0
-18 77 80 0
32 26 89 0
-23 12 88 0
34 -90 -67 0
-69 -45 27 0
-61 5 88 0
-39 37 56 0
83 24 -48 0
95 -84 -80 0
-75 61 -93 0
48 -31 -55 0
-30 16 83 0
-5 6 97 0
93 23 50 0
-54 75 72 0
57 -61 33 0
42 9 76 0
-17 22 -37 0
44 10 99 0
-2 67 35 0
97 -7 4 0
89 93 85 0
-3 91 -4 0
29 -10 -87 0
-67 1 -94 0
-68 -70 -52 0
92 -6 -93 0
92 10 85 0
37 16 75 0
-46 5 10 0
96 18 -34 0
-50 22 79 0
-48 -90 35 0
-34 -16 -57 0
87 16 -38 0
49 -56 88 0
95 -24 -65 0
38 98 -61 0
-69 -63 -17 0
21 -17 1 0
-55 3 -76 0
-28 -46 32 0
31 87 65 0
68 81 50 0
43 -74 -33 0
-20 -63 14 0
63 -84 93 0
-96 43 -81 0
-17 -69 76 0
-81 84 35 0
-70 -35 72 0
-61 -19 -28 0
-35 95 43 0
-9 60 -36 0
-73 82 -84 0
-30 -94 -41 0
84 52 92 0
48 99 68 0
72 32 22 0
31 65 26 0
-12 75 -29 0
24 -56 -30 0
92 55 -47 0
-50 91 -89 0
90 52 -54 0
-39 8 -16 0
12 -25 33 0
76 -73 -38 0
53 21 -41 0
93 84 4 0
-10 70 -25 0
63 4 60 0
36 -22 75 0
-9 -15 -23 0
69 63 -61 0
68 -62 -7 0
-12 -63 50 0
96 -12 -26 0
77 -86 -98 0
-95 -67 -19 0
6 -87 79 0
71 -87 -15 0
75 21 95 0
-45 -64 80 0
6 -20 -19 0
-40 78 -76 0
-62 -98 -27 0
-1 49 -73 0
51 -48 58 0
3 85 -54 0
-91 30 -39 0
-50 -68 28 0
40 3 53 0
-83 29 -88 0
39 -1 70 0
-88 47 20 0
-33 39 -29 0
-77 -98 -16 0
-86 -61 -38 0
2 18 39 0
39 66 32 0
38 -96 31 0
78 40 -36 0
81 4 -21 0
-34 -41 -87 0
84 -23 38 0
55 -64 18 0
-56 -46 -41 0
83 8 -40 0
-41 3 84 0
51 -55 -90 0
-61 -44 -74 0
-55 17 -51 0
-86 -7 -99 0
-13 93 -7 0
92 22 -97 0
56 -55 -71 0
57 -20 89 0
3 -37 23 0
-89 -83 16 0
-87 2 84 0
65 -51 44 0
70 -40 97 0
-45 36 -41 0
73 62 24 0
-69 66 -57 0
63 -60 72 0
-24 54 55 0
-90 -81 64 0
-70 4 -99 0
13 28 -58 0
-90 1 -23 0
80 -93 28 0
-56 9 96 0
77 -85 -47 0
-9 -59 71 0
36 15 78 0
63 -55 -41 0
74 -61 57 0
49 29 -74 0
-97 -53 40 0
-86 -9 -23 0
15 37 50 0
37 -95 -73 0
82 -17 8 0
-41 -49 -55 0
-67 -32 59 0
21 63 70 0
39 52 9 0
-75 -8 57 0
-4 -63 -99 0
38 23 -1 0
-24 70 -47 0
30 -2 -10 0
62 -4 5 0
82 -60 26 0
-22 60 52 0
-93 80 27 0
9 -82 -59 0
29 91 67 0
-34 25 10 0
66 -22 71 0
72 65 43 0
44 90 50 0
-89 -3 -2 0
10 -45 47 0
92 -30 95 0
37 88 71 0
-79 98 -60 0
-46 85 -40 0
81 -88 -91 0
-36 -79 42 0
18 86 -64 0
95 65 50 0
-59 -18 86 0
6 60 74 0
77 -82 83 0
13 72 31 0
-98 56 59 0
-86 -95 98 0
-57 39 73 0
30 40 53 0
61 99 64 0
-13 -65 -92 0
-78 -79 19 0
-73 3 -42 0
78 92 33 0
-68 87 -26 0
-49 -89 5 0
14 12 -40 0
-15 -73 88 0
-37 55 9 0
33 -55 79 0
-40 -95 78 0
-76 37 -10 0
-43 -67 -45 0
78 -86 -23 0
-86 -60 38 0
80 84 15 0
33 -53 61 0
-90 56 70 0
-59 99 -63 0
-90 15 13 0
19 60 47 0
-4 72 85 0
-33 57 -98 0
62 12 -61 0
-29 95 13 0
-32 59 34 0
14 67 -88 0
-97 24 -45 0
-8 -31 82 0
25 17 -28 0
84 -48 71 0
-6 -97 49 0
-26 40 -25 0
69 -39 54 0
-73 -54 -38 0
99 -89 94 0
89 69 -62 0
98 15 69 0
9 25 -35 0
-67 -23 99 0
45 -25 -15 0
80 -70 35 0
40 48 22 0
10 1 -84 0
86 -19 71 0
76 54 93 0
36 38 83 0
85 -4 27 0
28 -85 65 0
-30 -78 -77 0
6 21 -14 0
-57 -69 -4 0
-27 51 -23 0
-58 -13 60 0
58 70 16 0
80 -20 52 0
3 -95 -29 0
-98 -33 37 0
-14 3 -21 0
-16 -97 -83 0
49 87 27 0
-98 -91 30 0
42 -61 53 0
-61 -18 19 0
88 -54 -6 0
-15 41 -68 0
4 66 72 0
27 -21 66 0
-20 33 76 0
-37 31 19 0
-98 59 -58 0
-11 70 57 0
74 5 -78 0
-38 55 49 0
75 -98 95 0
-64 92 55 0
-51 81 18 0
55 23 -25 0
-43 65 74 0
-32 -20 34 0
54 25 -61 0
-69 25 65 0
-84 68 4 0
-33 23 75 0
7 34 32 0
-5 -80 -7 0
87 77 92 0
-88 45 78 0
-27 47 30 0
32 5 -55 0
20 13 92 0
88 -42 44 0
-75 -84 89 0
2 -83 -12 0
-26 47 53 0
31 -6 96 0
45 -65 72 0
-14 -12 68 0
24 -94 29 0
6 -7 -69 0
-87 17 3 0
8 61 76 0
60 -43 -26 0
-53 -14 -71 0
-21 -66 -83 0
-66 -62 2 0
19 -57 -59 0
88 -43 31 0
-77 19 -89 0
-84 10 -74 0
64 44 -76 0
65 -45 51 0
60 -24 91 0
39 -14 -23 0
-54 2 -82 0
12 -4 -43 0
23 -33 -5 0
-52 -51 19 0
13 -16 38 0
-50 98 -1 0
84 -57 -95 0
36 -77 -46 0
3 22 45 0
34 96 31 0
-37 -94 -60 0
8 -59 -49 0
-67 -24 -65 0
-24 -87 58 0
-3 61 88 0
49 32 -75 0
88 -78 -11 0
-55 -93 17 0
65 -99 -67 0
62 13 -76 0
30 88 35 0
-24 19 92 0
69 -36 -45 0
77 64 -43 0
53 59 7 0
-63 14 86 0
-23 -72 46 0
-87 -39 -33 0
20 46 -27 0
16 76 -80 0
-24 23 76 0
23 -63 53 0
-34 -42 77 0
99 -22 6 0
-50 60 92 0
-16 38 -1 0
-60 78 43 0
-78 -15 91 0
-98 -12 70 0
-60 -2 -6 0
-33 45 67 0
-39 -87 31 0
23 -29 82 0
9 34 -3 0
-88 -18 -23 0
-93 8 42 0
-27 -95 46 0
5 35 -22 0
-42 -34 56 0
-60 -65 49 0
-34 67 69 0
96 -24 -56 0
94 -12 -98 0
-81 -31 -63 0
16 20 -87 0
50 -32 -8 0
84 47 -62 0
94 -58 56 0
95 90 51 0
-79 6 -11 0
-48 25 21 0
63 92 95 0
-12 -84 92 0
-67 90 -69 0
-56 59 -64 0
92 -1 88 0
33 84 95 0
-67 85 -15 0
13 94 54 0
-21 -85 7 0
57 16 36 0
-56 -16 -46 0
-74 75 12 0
49 -87 -22 0
-49 -61 -58 0
54 -44 -29 0
-2 96 -71 0
3 22 -19 0
18 -17 -26 0
50 5 62 0
-6 -42 41 0
52 -17 -72 0
37 -89 12 0
18 1 53 0
-71 63 -44 0
3 44 -18 0
84 -80 4 0
15 12 24 0
74 50 11 0
-50 57 53 0
24 73 -42 0
20 54 85 0
71 -74 -28 0
-10 58 66 0
67 59 -9 0
-52 -16 33 0
-38 -8 52 0
-88 -44 84 0
96 -87 9 0
-24 -97 -82 0
37 -52 -21 0
-12 86 -57 0
-69 95 -43 0
-54 -94 45 0
87 55 -41 0
-63 22 68 0
-49 16 57 0
-75 -22 -21 0
95 -21 -63 0
3 19 32 0
-6 40 -1 0
-17 -56 7 0
-87 3 -75 0
-57 -37 41 0
-98 6 92 0
-50 62 25 0
71 50 67 0
-11 -25 -91 0
56 -6 70 0
83 20 47 0
-25 -72 -67 0
