p 56 238
54 -39 11 0
-31 36 -22 0
-12 -4 -10 0
44 6 16 0
-29 -26 -39 0
16 41 20 0
6 18 26 0
5 -49 -26 0
51 52 -41 0
8 -2 -35 0
34 12 -49 0
-6 29 31 0
-15 -51 34 0
-9 37 -43 0
14 15 45 0
15 56 23 0
-42 19 53 0
-22 18 26 0
29 -52 -56 0
49 10 5 0
11 18 6 0
-22 -8 -40 0
-18 -46 22 0
-54 -50 43 0
28 -55 -12 0
43 -2 -25 0
-51 -15 52 0
-18 11 47 0
39 -11 -55 0
-29 36 -19 0
-48 -47 35 0
29 12 1 0
43 7 -51 0
10 -13 -44 0
-14 17 4 0
-42 -16 49 0
16 42 1 0
54 -30 20 0
-36 -8 -6 0
-27 -44 -34 0
-44 21 6 0
-29 48 -25 0
-22 -12 -54 0
31 -36 -23 0
-39 -4 22 0
35 24 -16 0
-23 -5 38 0
-8 -16 -6 0
-9 -25 6 0
20 33 19 0
16 -35 -17 0
-16 49 -5 0
30 -3 -24 0
45 41 -33 0
26 -33 51 0
-1 31 53 0
-45 2 9 0
36 35 6 0
-35 -54 30 0
20 12 -9 0
-13 10 -56 0
20 14 47 0
-28 -27 -55 0
-42 -26 -25 0
31 33 -55 0
11 -19 -53 0
24 -48 16 0
32 -1 -26 0
3 34 53 0
9 39 56 0
20 26 -27 0
-31 -7 -32 0
-54 35 45 0
-1 -3 -5 0
-27 20 -2 0
-25 -14 -5 0
-50 47 49 0
-11 -16 -19 0
16 -12 8 0
-7 40 45 0
-26 -54 25 0
10 -45 48 0
29 6 33 0
1 6 -53 0
-3 -48 -42 0
1 -15 -34 0
41 -50 38 0
-19 33 37 0
15 32 16 0
-52 17 19 0
-42 32 46 0
9 -20 16 0
-13 42 -33 0
12 48 18 0
-6 -43 35 0
3 11 51 0
-49 -9 7 0
-1 11 -13 0
31 -19 -30 0
4 -54 -30 0
-55 27 45 0
-48 -37 43 0
14 -1 32 0
-46 48 -8 0
-50 5 26 0
25 10 -24 0
-19 -25 -9 0
-7 -6 44 0
14 -34 32 0
-14 -4 12 0
49 -11 4 0
-28 -10 -51 0
6 -46 -51 0
-24 16 -19 0
30 -3 -23 0
-16 49 38 0
-19 42 -44 0
-51 -14 10 0
-11 -2 -15 0
37 -13 -24 0
13 -2 7 0
-54 -49 -19 0
-42 -46 -18 0
26 20 10 0
12 -8 -14 0
-9 -13 -11 0
18 -51 47 0
-21 -37 49 0
13 -50 23 0
-2 -25 23 0
-38 26 -49 0
-30 10 -37 0
-26 -41 6 0
-47 50 33 0
-38 2 -50 0
-2 -19 -12 0
-18 32 -26 0
54 18 53 0
14 6 46 0
3 -4 8 0
-14 3 7 0
21 7 -15 0
-33 -45 -56 0
-49 41 -13 0
-1 -24 -38 0
34 30 32 0
-11 -27 -31 0
-49 2 25 0
-9 -24 -51 0
18 21 13 0
-45 -56 32 0
54 29 -6 0
51 45 42 0
-42 -45 -36 0
-14 56 54 0
16 38 26 0
-18 -45 -31 0
51 -20 48 0
6 48 53 0
27 -50 26 0
-45 -36 46 0
-10 -55 -33 0
-8 -22 28 0
10 -6 24 0
-45 -53 -21 0
-5 -50 -55 0
-40 -12 15 0
46 -43 39 0
-41 17 -16 0
-5 -9 14 0
-37 -32 24 0
55 1 -34 0
46 50 13 0
-48 30 -26 0
36 29 -30 0
26 23 -18 0
-30 -4 27 0
45 -47 50 0
-14 17 -52 0
55 -26 32 0
29 -24 49 0
-20 31 6 0
-39 -32 -31 0
10 43 9 0
39 53 -12 0
33 -24 -17 0
18 48 37 0
51 -23 8 0
-45 -33 51 0
-56 -7 13 0
7 -1 -42 0
-39 33 43 0
-52 56 -25 0
-29 46 56 0
31 55 -8 0
42 -25 -38 0
-50 -44 -54 0
24 -16 35 0
52 -48 -4 0
55 34 11 0
-34 9 1 0
22 -20 32 0
-32 26 -52 0
-13 14 -53 0
34 36 -38 0
55 -19 -4 0
54 39 32 0
7 33 -39 0
-15 5 29 0
-33 36 -9 0
27 -3 -29 0
4 36 44 0
-21 -16 1 0
-13 8 -11 0
12 -33 -45 0
-45 4 -47 0
56 1 9 0
-35 -12 14 0
19 -15 -39 0
29 47 -27 0
-41 -19 -20 0
5 2 -16 0
48 -22 47 0
36 56 -38 0
-5 -56 15 0
-11 -37 -44 0
-56 9 -21 0
-1 -11 -14 0
-48 40 44 0
16 -22 -6 0
20 7 31 0
54 30 12 0
36 -19 -50 0
-16 -46 -22 0
55 9 40 0
-39 -25 46 0
2 -54 -45 0
-47 -26 51 0
