p 60 255
33 -36 -11 0
-20 -46 -29 0
-35 26 17 0
12 -40 -39 0
-1 -25 6 0
-50 -46 4 0
-7 5 -26 0
-49 21 -24 0
51 -20 -48 0
-26 -15 -20 0
53 -25 41 0
35 -58 54 0
4 -31 37 0
45 47 -49 0
45 -1 38 0
18 -26 -46 0
34 11 -27 0
57 28 -38 0
41 28 -55 0
57 36 -12 0
-39 -15 -3 0
44 57 -6 0
8 32 41 0
31 9 -11 0
27 52 -60 0
-34 15 -35 0
-16 60 45 0
38 -54 -59 0
54 -60 -25 0
-38 6 -58 0
-1 -41 53 0
46 29 -56 0
-24 59 32 0
16 -54 21 0
8 28 -34 0
-30 19 -4 0
58 -13 -40 0
-19 15 -9 0
-38 33 6 0
40 -56 23 0
20 -56 -42 0
-22 21 -19 0
-43 -58 50 0
-29 30 -53 0
44 41 45 0
-52 21 23 0
-45 -33 -9 0
23 43 40 0
57 -14 11 0
45 -9 -36 0
-14 53 -42 0
52 2 38 0
-33 27 -46 0
48 33 27 0
-58 -54 8 0
35 -10 1 0
1 -22 -59 0
-19 -2 -58 0
19 -31 -36 0
7 -4 -41 0
-17 15 7 0
28 -43 15 0
-14 55 7 0
39 12 -58 0
-58 -14 -51 0
28 60 32 0
-4 16 -31 0
14 27 60 0
-12 57 -19 0
-12 -21 14 0
-20 -58 -27 0
-49 -5 -15 0
-50 4 -31 0
54 48 -33 0
-44 28 -3 0
34 12 11 0
-25 -57 -6 0
-57 -55 -49 0
-55 -34 -11 0
-45 -34 23 0
-27 -60 57 0
-1 -6 4 0
-13 -12 -35 0
-30 -46 48 0
39 41 12 0
-29 -33 -27 0
-31 30 -17 0
4 46 -51 0
34 27 51 0
57 26 8 0
-54 -32 -20 0
19 45 58 0
26 46 53 0
24 -48 13 0
-23 -57 -12 0
22 23 -47 0
12 -10 14 0
-1 -22 -51 0
56 23 51 0
-45 -41 -6 0
6 -54 60 0
-1 36 -41 0
37 -57 -52 0
-49 2 11 0
-55 -4 -19 0
60 56 -18 0
20 -45 -33 0
39 -12 -19 0
-51 -25 6 0
11 -60 52 0
-35 -14 42 0
-14 23 -56 0
-23 -21 -22 0
-36 -28 43 0
23 59 -47 0
16 -20 -15 0
-22 -46 10 0
34 -54 19 0
55 35 -51 0
48 15 47 0
16 38 42 0
-31 52 -36 0
56 49 37 0
59 25 50 0
-12 -11 -50 0
47 40 -12 0
50 -22 -35 0
47 44 20 0
-17 -18 27 0
12 28 5 0
14 -12 10 0
21 17 48 0
-26 37 39 0
-9 -47 4 0
26 37 -23 0
39 50 -24 0
38 -58 -50 0
-52 -22 -21 0
-26 -2 5 0
-11 55 1 0
-24 -33 -15 0
6 44 -37 0
41 59 44 0
-12 -9 -46 0
20 37 -49 0
-14 -29 8 0
56 9 -3 0
-44 39 29 0
41 38 -56 0
49 -20 39 0
-5 30 14 0
1 4 43 0
51 -7 -24 0
37 54 43 0
-33 -26 20 0
30 -46 42 0
-46 17 -11 0
-40 7 -24 0
-38 13 -18 0
-28 38 -41 0
59 34 -8 0
-55 34 -60 0
42 55 -50 0
46 -26 -50 0
10 -20 2 0
46 -39 50 0
27 -21 -38 0
-26 -40 -37 0
14 -37 -13 0
1 28 18 0
33 8 -3 0
-38 -57 -52 0
-4 -36 49 0
-54 -11 26 0
-24 -42 1 0
37 -31 12 0
-37 -45 28 0
-42 -15 10 0
7 18 -25 0
-39 40 29 0
19 -7 -10 0
45 -7 40 0
-45 -6 13 0
21 -3 -19 0
-59 9 -47 0
15 33 -22 0
58 -43 37 0
58 22 39 0
12 28 50 0
-20 50 49 0
-22 -60 -44 0
23 12 21 0
-30 -18 -19 0
-45 49 -19 0
9 26 -16 0
-5 33 27 0
-26 59 48 0
-17 13 -60 0
-16 37 54 0
42 11 -45 0
-9 31 26 0
48 -29 -37 0
-19 26 52 0
58 -37 46 0
16 4 -34 0
-11 -39 -15 0
-38 39 -4 0
43 8 59 0
-31 -38 28 0
9 -24 -33 0
50 41 -14 0
-21 -32 2 0
-57 -11 -37 0
2 -21 -58 0
15 11 38 0
38 1 -31 0
48 -19 32 0
29 -30 43 0
13 30 12 0
20 17 40 0
-32 -23 -53 0
52 -11 -33 0
43 -55 -28 0
-44 43 15 0
18 30 7 0
48 54 2 0
-37 31 9 0
46 6 59 0
49 -59 9 0
5 -31 53 0
30 -27 -48 0
-48 -49 40 0
38 -13 9 0
26 -7 30 0
5 -38 57 0
-35 -48 -17 0
21 57 -25 0
-3 6 15 0
14 -38 29 0
15 42 -4 0
34 -6 26 0
13 32 -1 0
-6 -56 38 0
16 -54 36 0
-10 16 41 0
-46 -12 -43 0
-59 14 15 0
17 -4 -10 0
1 -26 -59 0
-45 -2 17 0
-33 11 36 0
-43 11 54 0
21 19 22 0
-2 22 16 0
41 9 -14 0
