p 99 421
40 -37 -64 0
-88 -16 -99 0
-5 22 -40 0
-31 58 73 0
59 26 53 0
96 56 -31 0
4 -15 -31 0
69 -46 -21 0
61 -97 -90 0
-60 -27 49 0
-21 -82 60 0
25 -57 -55 0
8 -97 69 0
61 26 27 0
81 -78 5 0
97 -46 93 0
29 -20 -93 0
94 64 -24 0
-80 54 16 0
85 70 87 0
51 -78 -77 0
-66 -9 40 0
61 -60 31 0
-32 -16 -12 0
64 -93 -44 0
62 -90 -16 0
2 34 -46 0
-58 -25 -71 0
-18 55 80 0
23 -78 -63 0
-66 86 -40 0
-60 95 -69 0
73 -99 -96 0
-67 30 -14 0
29 -33 -21 0
-56 21 73 0
38 32 27 0
25 54 -81 0
33 -3 52 0
74 -8 83 0
92 67 -23 0
-84 9 -75 0
-54 35 22 0
-29 96 58 0
40 16 -32 0
-43 17 35 0
98 24 -8 0
-40 -98 -35 0
25 7 -74 0
3 -73 53 0
74 97 68 0
-46 29 -61 0
55 69 -29 0
49 89 -46 0
-30 -37 26 0
22 84 -14 0
-5 32 -92 0
-69 68 76 0
30 9 -41 0
-1 19 18 0
26 14 54 0
96 -48 35 0
-59 -57 -62 0
-73 -14 78 0
-11 -36 -6 0
86 90 -84 0
75 -67 56 0
-67 9 -10 0
-48 -29 -94 0
39 -30 -33 0
-90 64 -33 0
-90 -65 -66 0
51 -4 21 0
-38 32 7 0
-2 -91 24 0
-3 -74 9 0
70 -57 -7 0
63 75 -30 0
71 -35 56 0
-87 -97 -66 0
-82 81 11 0
-18 3 -15 0
67 89 -80 0
68 11 93 0
-4 16 -94 0
47 53 14 0
83 -75 -40 0
-38 22 -31 0
-33 77 -47 0
-64 5 60 0
-69 -51 12 0
48 -98 -83 0
21 1 -28 0
-56 -93 19 0
54 -34 52 0
30 64 -87 0
-33 75 -76 0
-12 -44 -70 0
-55 75 -73 0
77 -34 -41 0
74 99 28 0
-54 -64 -53 0
86 62 50 0
89 20 -79 0
51 -86 -45 0
-26 13 89 0
22 -14 -6 0
11 -65 19 0
50 98 21 0
47 -60 21 0
-46 -99 84 0
84 92 14 0
94 86 48 0
-58 66 -15 0
33 60 13 0
-77 -95 16 0
-91 5 89 0
32 36 -60 0
22 94 44 0
62 66 -2 0
49 58 62 0
22 96 -91 0
-20 88 3 0
-20 -95 -35 0
-8 59 20 0
63 33 12 0
39 68 47 0
-38 -51 -3 0
-47 -90 -27 0
38 62 6 0
53 -78 -89 0
-38 79 66 0
-74 53 13 0
-20 -86 -97 0
6 -51 94 0
-32 24 17 0
43 -13 12 0
-74 -77 -17 0
8 -43 -5 0
-9 -93 -10 0
19 4 36 0
19 -36 42 0
-53 -6 25 0
-36 -75 55 0
49 42 11 0
-18 -82 -47 0
17 -45 -55 0
-87 66 5 0
-23 46 -96 0
19 -43 -56 0
-35 -22 55 0
56 -27 -59 0
-51 49 17 0
-40 81 61 0
61 -36 51 0
14 83 99 0
-10 -24 22 0
-71 31 6 0
33 84 -37 0
-14 -77 37 0
-83 -89 15 0
32 97 98 0
93 90 77 0
-16 -19 47 0
50 81 13 0
-44 7 -83 0
71 63 -69 0
91 -9 -5 0
46 17 -94 0
31 93 -29 0
16 38 86 0
-43 90 41 0
53 -51 88 0
-7 -43 -73 0
63 -96 51 0
38 72 -26 0
30 41 -92 0
-36 18 -37 0
1 -33 -65 0
-87 -12 -99 0
-62 -54 93 0
7 84 93 0
-31 18 -54 0
68 78 -26 0
-38 -39 -43 0
-82 63 -18 0
-30 8 7 0
14 96 -57 0
-34 55 93 0
79 -69 64 0
-47 82 -11 0
59 -20 -78 0
78 -38 -15 0
-70 -48 83 0
18 44 -48 0
-91 71 18 0
4 44 -90 0
-19 25 -3 0
-91 -28 -22 0
-90 -54 -21 0
-73 -60 -75 0
16 66 -98 0
-6 66 5 0
-64 51 26 0
87 -25 -4 0
75 83 25 0
21 42 14 0
88 52 26 0
-28 50 -34 0
-30 37 -57 0
-37 87 12 0
82 68 -89 0
-23 -92 -40 0
12 90 -94 0
99 -11 89 0
19 57 -75 0
84 -77 43 0
-7 -6 43 0
-4 25 -14 0
-88 90 82 0
23 -42 11 0
-10 -87 36 0
28 -31 -9 0
-36 -12 -88 0
83 -17 -96 0
-79 -90 61 0
-10 -90 4 0
-31 29 -54 0
-64 -31 -87 0
-22 66 67 0
-24 29 58 0
31 -78 88 0
-46 -80 -91 0
84 -12 4 0
44 45 1 0
-57 48 59 0
25 -85 39 0
-90 5 37 0
14 32 86 0
11 -8 3 0
-42 12 -4 0
40 -64 30 0
-97 -38 -16 0
-28 66 19 0
64 3 61 0
63 -28 -48 0
-2 55 79 0
-81 6 31 0
-35 23 -26 0
77 7 -92 0
73 80 41 0
-35 29 16 0
-22 -90 71 0
17 -96 95 0
-14 62 25 0
49 75 83 0
-9 1 19 0
68 87 -77 0
48 60 -33 0
-74 -56 -29 0
-35 92 11 0
-67 -55 80 0
82 -19 11 0
-78 -55 -38 0
47 10 96 0
31 -70 40 0
-82 -89 -39 0
10 -21 7 0
55 -45 49 0
-26 45 23 0
53 -12 -23 0
-47 20 66 0
-11 -51 91 0
70 75 77 0
80 74 -13 0
-10 -16 8 0
-22 -43 71 0
-48 -62 -25 0
84 -34 -54 0
-11 26 28 0
76 71 93 0
29 20 -64 0
-12 -35 -63 0
17 -24 31 0
32 74 -78 0
92 15 -96 0
-96 -10 -67 0
85 13 18 0
-72 31 8 0
-1 84 -49 0
-77 -1 85 0
-82 -87 -85 0
-3 -78 43 0
10 -30 -45 0
-23 40 -65 0
12 -90 -98 0
-1 32 -91 0
-5 66 -16 0
70 59 46 0
71 -88 -4 0
23 97 52 0
-89 -58 -56 0
22 62 -12 0
61 -26 -85 0
1 67 28 0
-14 55 -27 0
-60 -30 -99 0
6 66 34 0
-38 69 -41 0
-68 -30 -47 0
99 40 -80 0
17 13 -47 0
34 -3 47 0
-39 -31 51 0
-1 36 -53 0
81 -67 -94 0
-15 55 -59 0
85 -16 -40 0
31 95 -1 0
-76 -79 -48 0
-42 60 -67 0
-14 68 -41 0
-1 -47 -70 0
10 95 50 0
-30 -79 88 0
-12 -65 -77 0
97 32 -75 0
-89 -85 -48 0
4 7 -9 0
-64 -47 39 0
56 49 -95 0
2 90 -96 0
4 32 87 0
39 18 -73 0
-58 -11 -36 0
45 -33 -2 0
74 -64 -39 0
12 22 -78 0
-62 -79 38 0
-72 -62 -43 0
18 78 57 0
95 -14 33 0
-20 -32 -87 0
50 -31 28 0
-92 -36 -30 0
13 -94 36 0
-74 -22 -45 0
20 -69 -77 0
12 6 -53 0
-57 93 66 0
65 -78 -76 0
-61 -9 -95 0
-10 -68 53 0
-74 94 -49 0
-61 -87 -15 0
-69 -79 -35 0
-73 91 -55 0
9 -36 87 0
-90 89 48 0
-38 53 86 0
-97 -26 86 0
67 -82 55 0
91 62 -38 0
-87 61 -5 0
-43 11 -3 0
-27 19 89 0
-35 -50 -98 0
-46 -72 -19 0
-15 -26 -21 0
-62 56 83 0
-61 72 25 0
-61 78 -68 0
-95 -1 78 0
-47 37 -15 0
-61 66 -62 0
-44 -21 -1 0
-9 -19 72 0
-62 -54 74 0
-26 68 41 0
-75 84 8 0
32 -41 16 0
88 -10 14 0
-50 -51 -19 0
29 -73 -32 0
-28 -37 3 0
41 9 -96 0
55 87 -60 0
96 -47 -15 0
30 23 -89 0
15 -22 -32 0
-71 -86 -8 0
73 -69 64 0
47 -88 59 0
6 34 11 0
24 63 -19 0
-54 -66 -40 0
-10 -90 49 0
-54 -51 79 0
54 -34 -48 0
-36 90 21 0
-47 38 -86 0
-4 -30 -62 0
27 41 63 0
-42 50 -52 0
13 9 82 0
-62 -97 47 0
39 45 -95 0
76 -11 48 0
-52 12 37 0
-79 44 96 0
-15 70 37 0
-69 43 -92 0
87 -89 10 0
99 -59 80 0
69 51 -7 0
-8 -87 -65 0
-46 -61 -84 0
71 99 21 0
55 -6 70 0
-69 40 -2 0
-83 55 -63 0
