p 20 85
13 19 -2 0
20 19 12 0
8 15 5 0
-2 3 5 0
-4 18 17 0
-10 -13 -19 0
16 -20 14 0
6 -16 -17 0
-6 20 5 0
-1 19 8 0
-8 -6 -5 0
-12 -5 3 0
-10 3 17 0
-4 10 12 0
-9 6 -8 0
5 -11 17 0
-1 18 15 0
6 9 -13 0
-6 -3 -12 0
-10 18 20 0
-16 17 19 0
3 14 -12 0
20 17 11 0
16 5 -6 0
2 3 12 0
17 -15 16 0
18 -9 1 0
-1 18 10 0
16 2 -9 0
-8 5 1 0
-8 -20 -5 0
-4 -18 -17 0
-15 13 -4 0
-16 -7 8 0
7 -10 -19 0
6 2 3 0
-18 -9 1 0
-2 -12 15 0
9 6 2 0
-10 -7 8 0
-11 -1 -17 0
-20 -12 11 0
-9 -11 -16 0
7 19 -15 0
-18 13 -20 0
9 -11 -8 0
-4 14 2 0
1 -19 2 0
9 -16 -3 0
-14 10 5 0
-14 4 -5 0
-9 -6 4 0
9 4 13 0
-18 13 -12 0
-10 -3 4 0
4 -18 16 0
-5 -12 -13 0
-7 4 -18 0
9 3 11 0
13 7 3 0
-5 1 -19 0
4 -15 -3 0
11 -18 -1 0
-14 16 -11 0
20 -3 11 0
-4 18 16 0
10 -17 -20 0
3 -18 8 0
8 4 -5 0
-17 -15 -11 0
12 14 -16 0
-18 -2 16 0
7 -14 15 0
-11 18 -13 0
-10 -13 18 0
-14 19 -1 0
19 5 20 0
-1 8 -12 0
-19 -5 -12 0
19 -1 -20 0
-10 -11 17 0
1 14 3 0
2 14 -1 0
-13 18 4 0
-4 1 -15 0
