p 36 153
-27 -14 8 0
-31 6 28 0
14 -22 16 0
34 35 -4 0
36 11 8 0
28 -27 -34 0
-3 25 34 0
11 9 2 0
25 31 -28 0
-23 3 -22 0
-31 -18 19 0
29 11 -17 0
-24 -10 -32 0
-22 18 30 0
8 -6 -1 0
-13 14 34 0
21 -16 -24 0
7 34 -15 0
2 9 -4 0
-26 4 12 0
13 -8 -25 0
36 6 21 0
-30 -15 35 0
28 -1 22 0
-31 24 3 0
8 28 6 0
11 -17 -8 0
-4 -1 -27 0
-5 -25 12 0
-33 23 -12 0
34 24 -1 0
-13 29 9 0
-34 -20 -22 0
7 11 -19 0
-8 -35 17 0
9 15 -3 0
33 -23 21 0
9 -11 -3 0
-19 -34 36 0
-9 1 33 0
36 27 -7 0
36 16 -13 0
-28 -25 4 0
2 -28 -34 0
-36 13 -8 0
36 12 -23 0
4 -31 36 0
-31 35 -33 0
-7 20 23 0
6 20 -4 0
25 -10 -33 0
32 12 2 0
-9 -19 -35 0
33 -31 30 0
33 -6 24 0
23 24 20 0
11 7 23 0
-27 -34 33 0
12 32 -20 0
-9 7 14 0
-11 -12 34 0
15 35 -8 0
-24 34 -13 0
-25 9 -18 0
9 -21 27 0
13 7 -5 0
23 -16 -4 0
-35 -9 22 0
-22 -2 4 0
-23 9 -25 0
-19 7 -9 0
4 -11 -33 0
30 -14 -34 0
4 25 -34 0
-31 -2 4 0
-8 23 5 0
-29 4 17 0
21 -28 8 0
16 -30 7 0
-16 18 -6 0
-15 -20 -29 0
11 -20 27 0
31 -20 -1 0
-12 -17 -5 0
11 -18 10 0
25 -16 -24 0
-36 15 31 0
-20 15 -25 0
22 -28 27 0
-36 6 -13 0
-20 -18 32 0
28 29 -35 0
-32 10 17 0
24 36 18 0
-30 33 36 0
-34 -18 31 0
33 -26 -30 0
18 -26 -8 0
30 19 -32 0
-12 -5 -31 0
14 -32 -5 0
20 -10 -7 0
-29 -15 -31 0
28 -36 4 0
-23 16 4 0
-27 -16 33 0
18 17 3 0
18 13 34 0
29 32 -2 0
-3 -30 -33 0
-30 -8 -28 0
2 -1 4 0
35 -19 9 0
-17 -21 -28 0
33 -3 8 0
-18 -7 9 0
33 20 -21 0
-8 12 33 0
-2 3 -12 0
5 24 35 0
-24 21 -12 0
23 11 24 0
7 10 -2 0
-33 -15 -7 0
-36 -33 -2 0
18 20 -15 0
17 11 28 0
26 4 7 0
30 -24 28 0
-5 -21 -15 0
-12 -14 -31 0
-32 -27 -23 0
6 26 -33 0
-24 -35 5 0
4 25 -30 0
-17 23 30 0
8 17 -26 0
19 -25 -29 0
-18 10 -31 0
-11 -2 8 0
-10 36 -22 0
18 -36 -35 0
-16 -22 34 0
17 -4 -27 0
-32 10 1 0
-12 32 -3 0
-13 35 6 0
-13 -2 -32 0
7 -4 -2 0
-29 -24 -11 0
-20 -18 14 0
-29 5 1 0
34 -36 31 0
