p 83 353
50 -65 -10 0
14 65 74 0
-79 41 -20 0
-41 -29 -77 0
9 -19 74 0
70 -14 35 0
-10 70 55 0
-62 -46 64 0
52 -66 -48 0
-47 1 -8 0
30 -51 34 0
-22 -49 -79 0
-48 2 43 0
-11 -8 18 0
-22 -41 30 0
81 27 78 0
-14 51 52 0
-63 15 -36 0
-1 73 -7 0
-27 -42 -64 0
-66 49 -39 0
23 49 47 0
-63 -66 -32 0
79 -68 -60 0
-47 21 -55 0
8 -17 41 0
82 -63 37 0
44 67 5 0
-83 -13 2 0
64 -30 25 0
-83 -42 21 0
-57 23 71 0
26 6 70 0
15 -18 -45 0
47 29 32 0
-20 -6 -38 0
66 35 -6 0
-78 75 12 0
63 -66 -3 0
-33 -28 -59 0
-7 41 68 0
-77 -32 -52 0
-45 -21 9 0
-64 -43 -20 0
-83 72 -67 0
23 -46 77 0
-4 53 37 0
-21 82 11 0
-79 -76 -39 0
-27 5 25 0
-59 -61 -20 0
47 -74 49 0
-43 39 25 0
-50 -34 -70 0
9 49 14 0
80 -69 -47 0
-79 62 -5 0
69 13 5 0
-32 47 -78 0
11 69 -21 0
73 -66 3 0
68 8 -29 0
-43 11 6 0
-49 20 -51 0
48 -17 27 0
46 -18 59 0
56 -9 -33 0
5 55 -57 0
-4 26 35 0
79 25 -8 0
42 40 -12 0
53 -19 -1 0
28 -25 6 0
-74 57 55 0
42 78 -77 0
-70 -51 28 0
8 43 -21 0
-47 -76 -70 0
49 -55 9 0
13 -22 -14 0
11 -52 -54 0
61 -47 -30 0
14 40 -57 0
-54 20 62 0
61 -1 -7 0
-12 -23 15 0
-78 76 37 0
70 67 62 0
23 80 -74 0
83 66 74 0
-52 -9 81 0
-40 82 -64 0
-6 -55 -29 0
59 -78 -54 0
45 -35 40 0
-14 -41 -54 0
48 72 -42 0
54 -38 79 0
-44 -58 -79 0
25 -40 -43 0
1 70 77 0
-22 -79 -8 0
52 -33 -39 0
60 53 27 0
79 41 73 0
-27 61 36 0
-19 -11 4 0
18 35 11 0
-59 27 -65 0
-30 -55 -36 0
80 -38 18 0
-36 52 33 0
81 -22 -19 0
-40 1 45 0
-64 -45 48 0
12 14 71 0
-62 4 -10 0
-28 -35 49 0
32 -25 -70 0
32 -80 -41 0
-34 -60 -75 0
55 -21 -3 0
-61 -40 23 0
71 27 34 0
-42 -72 -78 0
4 -53 -61 0
56 -59 -2 0
-75 57 54 0
36 11 -16 0
15 -74 36 0
-55 38 -68 0
-28 -60 -13 0
3 36 12 0
-64 -10 63 0
-53 -40 62 0
3 -20 57 0
34 -23 64 0
40 50 -23 0
59 16 -40 0
46 -53 -57 0
34 -43 22 0
-83 72 -47 0
-59 23 25 0
1 -37 -47 0
-41 71 -33 0
-26 -74 -38 0
69 -22 -55 0
-50 -21 -1 0
43 66 -70 0
53 17 56 0
51 65 54 0
-30 -59 24 0
-15 -6 -72 0
-66 -34 21 0
75 -80 -14 0
28 23 -26 0
55 46 -52 0
-60 27 64 0
-41 4 12 0
-55 -51 -63 0
-79 -76 -36 0
-23 -79 -1 0
-25 -1 -27 0
44 1 -38 0
34 35 -17 0
14 58 78 0
-65 -46 -24 0
-13 -1 -69 0
-70 41 -9 0
-56 -19 -33 0
43 -64 19 0
-51 57 26 0
-64 -18 -55 0
3 49 80 0
-47 -22 80 0
62 16 -63 0
-1 -78 56 0
-1 47 63 0
-12 38 -37 0
31 64 18 0
-71 59 49 0
-12 5 -53 0
-45 -34 78 0
-81 8 -65 0
-8 -22 47 0
25 -44 15 0
-23 -31 -50 0
61 -65 -63 0
19 59 -81 0
10 -19 55 0
33 -58 -6 0
-51 13 -18 0
-17 13 -7 0
-14 -41 43 0
7 9 66 0
50 -65 -27 0
54 75 -30 0
-17 21 42 0
-34 -21 -7 0
21 14 -25 0
-58 -14 -48 0
51 -48 -82 0
-61 -45 15 0
-37 80 70 0
35 56 13 0
-5 46 26 0
-5 46 75 0
42 -16 -72 0
-24 -11 14 0
-62 -33 18 0
-56 64 -3 0
-65 15 -77 0
17 50 -45 0
-45 79 34 0
-34 -4 12 0
20 31 -29 0
71 -78 45 0
45 76 81 0
-53 -31 47 0
40 -50 79 0
-61 -62 75 0
63 78 -20 0
34 65 -74 0
-66 -56 -62 0
22 -12 -10 0
61 -51 -74 0
-6 -76 25 0
16 83 -41 0
-26 -68 82 0
-59 60 -56 0
-72 -15 29 0
-7 -78 23 0
72 -62 -21 0
-14 -9 68 0
80 -26 47 0
4 -53 77 0
-73 -4 22 0
21 -14 -26 0
-42 29 64 0
76 80 4 0
-53 13 -61 0
8 -33 -72 0
-35 -68 -57 0
69 81 -2 0
55 -62 -1 0
14 9 4 0
-24 -39 33 0
31 -58 -38 0
28 61 -10 0
26 -34 -36 0
-27 34 18 0
83 -25 -37 0
21 -31 79 0
48 70 -41 0
35 -53 27 0
-28 -61 -76 0
-3 -64 -48 0
-63 -59 51 0
-38 -14 -53 0
30 -32 27 0
7 -59 10 0
5 76 80 0
82 50 44 0
43 -62 45 0
-82 -38 61 0
-58 -17 -71 0
-37 -59 32 0
-75 -65 -21 0
76 -54 42 0
15 -52 -7 0
-23 26 -19 0
-22 -61 -30 0
53 1 -12 0
-20 38 2 0
83 -18 20 0
42 -15 -6 0
-20 4 5 0
-1 -46 -40 0
60 -52 12 0
-70 47 -83 0
38 -35 55 0
32 -47 60 0
24 -26 -75 0
-69 -78 -15 0
-49 62 52 0
-49 24 -11 0
-5 19 43 0
19 -3 58 0
60 56 -50 0
-13 -83 76 0
-67 83 31 0
62 -8 -47 0
52 50 -10 0
-77 20 13 0
13 10 -56 0
-49 34 22 0
-79 -35 -50 0
-22 -5 -52 0
-36 -26 -41 0
-39 17 71 0
-47 -62 -56 0
32 57 69 0
80 -73 -75 0
7 74 8 0
67 -30 34 0
-45 -67 -20 0
28 -56 -27 0
56 63 -55 0
-5 -37 -53 0
26 -6 15 0
-66 65 -68 0
-3 61 66 0
-48 -26 69 0
-83 -63 40 0
-75 -15 -4 0
7 -50 -56 0
58 -55 -37 0
-79 -74 31 0
46 -63 -14 0
-16 -43 28 0
-34 27 73 0
55 77 -21 0
-74 63 54 0
-54 -76 -52 0
62 77 -35 0
-53 -27 14 0
-3 51 22 0
-20 52 21 0
-60 -38 -31 0
-52 -63 -68 0
-52 -77 48 0
24 -11 -54 0
27 -55 -31 0
51 67 29 0
-71 -22 -31 0
65 28 44 0
25 -47 55 0
41 -19 65 0
-51 -54 33 0
-75 -12 59 0
-61 -48 13 0
-79 33 -23 0
77 -39 -4 0
43 82 -70 0
75 34 -47 0
50 -14 -6 0
63 -15 57 0
49 38 62 0
25 3 45 0
79 -28 58 0
18 -62 -25 0
-3 34 13 0
49 -31 32 0
