p 86 366
73 76 45 0
47 -42 -60 0
78 -51 6 0
59 11 71 0
-9 86 29 0
19 59 -11 0
6 14 -52 0
-83 -76 3 0
-41 76 38 0
29 -11 58 0
30 -65 34 0
41 -45 34 0
76 -43 80 0
-9 -19 71 0
26 33 -31 0
31 43 9 0
8 -69 -21 0
25 63 -54 0
33 85 55 0
-24 33 46 0
-7 -76 15 0
-52 -27 -11 0
-56 -76 -31 0
85 9 60 0
58 -34 47 0
-52 73 1 0
-3 -25 6 0
-74 79 -15 0
-83 79 62 0
-21 -49 7 0
40 -68 53 0
-52 64 57 0
-20 -64 11 0
15 84 74 0
50 76 -40 0
44 -17 -24 0
-22 -80 -24 0
-41 11 26 0
-5 -51 -68 0
-84 29 22 0
51 54 -53 0
-33 72 34 0
-3 15 -59 0
84 55 81 0
10 79 55 0
-80 16 11 0
1 -47 -74 0
-81 -77 49 0
-11 10 -44 0
-65 -82 41 0
48 78 -44 0
35 -22 68 0
38 33 52 0
-86 80 -65 0
-64 30 16 0
-16 6 -39 0
64 51 45 0
61 84 -43 0
-55 -6 23 0
-56 13 73 0
-24 -28 27 0
-3 23 70 0
69 47 58 0
-66 -63 3 0
56 -35 -3 0
-18 53 -22 0
5 8 -17 0
86 -83 -50 0
-60 -79 -2 0
-81 -20 60 0
-46 -9 -47 0
-28 -54 -66 0
25 -52 68 0
-15 -50 -43 0
68 6 34 0
84 77 73 0
-46 -45 -65 0
20 2 -42 0
14 -16 20 0
6 -17 -37 0
3 13 -4 0
-15 -22 -10 0
36 -77 -29 0
56 -43 -86 0
-33 -73 -20 0
-2 39 -18 0
-18 80 64 0
14 -65 59 0
-33 -10 -19 0
19 -69 5 0
32 14 37 0
61 4 -81 0
-57 13 -41 0
-70 73 71 0
62 59 -58 0
-45 33 -79 0
84 22 62 0
-19 38 32 0
-64 8 7 0
72 25 -3 0
30 -52 -66 0
-36 38 84 0
-38 -6 2 0
-20 33 57 0
21 -10 -12 0
-20 -10 14 0
54 52 28 0
66 -45 46 0
37 -69 82 0
32 -18 33 0
16 -80 -38 0
-55 35 28 0
-34 -75 52 0
-83 63 -47 0
-84 -75 -33 0
-82 -8 28 0
-47 -27 -40 0
-50 -45 85 0
-16 -75 -56 0
-37 25 4 0
79 -8 55 0
2 41 55 0
74 -16 -15 0
53 74 -78 0
-15 -51 74 0
20 14 -68 0
15 55 24 0
-39 -61 -47 0
33 -47 12 0
-50 -54 -64 0
-22 78 12 0
72 -29 -14 0
-15 54 -85 0
-37 -66 -63 0
-17 -29 45 0
39 -4 2 0
-14 39 57 0
-58 86 -26 0
-67 8 53 0
79 50 -38 0
36 43 -61 0
-15 -22 -73 0
-67 -56 58 0
-42 -6 53 0
-35 -13 57 0
28 34 -37 0
9 7 -29 0
-38 31 71 0
-82 26 52 0
-74 35 52 0
-80 57 69 0
57 65 16 0
-48 -75 -78 0
6 -9 -81 0
-52 -7 -72 0
-63 -48 -55 0
13 -65 -40 0
25 50 -34 0
46 84 -7 0
26 84 77 0
-65 22 -31 0
-28 -84 80 0
41 -81 -74 0
29 20 55 0
-1 -13 -32 0
54 -63 85 0
-18 -52 -25 0
-52 13 16 0
-29 34 -69 0
21 -43 -30 0
44 68 -14 0
-39 22 -17 0
-64 49 -6 0
-64 -4 13 0
-37 -5 -30 0
10 -9 27 0
-44 27 -64 0
-57 26 27 0
-50 -46 -77 0
-18 -82 -86 0
19 -42 70 0
-16 49 -15 0
-50 -42 -31 0
5 -34 78 0
63 3 80 0
-38 19 1 0
-38 33 -27 0
-63 -23 51 0
-70 -28 73 0
29 48 -43 0
-25 -6 65 0
-44 47 51 0
28 -30 76 0
-21 73 -69 0
57 -13 75 0
-43 38 -71 0
-69 -32 -54 0
18 23 31 0
55 -16 -38 0
-56 52 24 0
-86 8 -26 0
11 -31 56 0
43 14 -30 0
-17 6 13 0
12 15 -58 0
26 -12 -58 0
33 -39 -56 0
75 46 68 0
-29 77 -85 0
75 14 -77 0
-26 -14 -57 0
-52 -47 -49 0
45 73 76 0
26 -53 61 0
84 -46 -2 0
-3 -62 63 0
-37 28 86 0
5 56 18 0
-40 -42 -48 0
-14 -52 27 0
55 63 -64 0
-58 64 82 0
-51 61 16 0
-86 83 77 0
5 78 -64 0
-34 -59 29 0
79 59 -43 0
-17 -6 48 0
60 -75 -9 0
-40 44 -2 0
-58 25 -47 0
-10 -28 20 0
-81 44 8 0
62 64 14 0
4 -35 70 0
8 70 -64 0
38 -20 -68 0
55 31 68 0
-42 -74 38 0
-4 76 30 0
86 -56 -53 0
33 26 -61 0
79 20 -66 0
-84 75 -20 0
6 16 70 0
50 -73 -55 0
-25 1 -34 0
-45 -70 34 0
-28 71 11 0
21 -46 -32 0
63 -29 64 0
84 52 -68 0
-33 -30 -5 0
49 -82 -16 0
43 14 -78 0
-48 75 -86 0
-54 -16 59 0
-72 25 -64 0
-72 75 -31 0
7 48 71 0
-60 19 -33 0
3 -53 54 0
49 34 -3 0
-17 -62 63 0
78 -24 7 0
-70 38 -13 0
46 67 27 0
-75 48 31 0
41 21 42 0
-40 -54 -39 0
53 85 55 0
13 66 -68 0
-45 25 -24 0
18 48 -72 0
26 25 -22 0
-64 38 -41 0
-14 -75 -11 0
-76 49 9 0
36 68 73 0
55 -52 81 0
-50 -21 27 0
35 -78 -13 0
43 -33 -83 0
71 82 -75 0
-80 -8 42 0
48 -15 -85 0
-58 33 -70 0
34 -62 -22 0
-75 -47 36 0
4 -17 84 0
62 -11 -60 0
79 -84 -28 0
-82 -14 -56 0
-55 -58 30 0
-68 66 -18 0
-46 32 -69 0
86 65 53 0
-52 21 60 0
-44 25 66 0
-48 10 24 0
-65 -54 -31 0
-13 -63 -59 0
23 -59 57 0
15 44 54 0
-15 -62 56 0
-63 -8 -79 0
-59 -35 -72 0
-78 71 -57 0
-73 -26 13 0
-16 7 34 0
36 -53 69 0
80 79 34 0
-27 -56 -74 0
-27 -77 46 0
-18 40 65 0
-81 -57 45 0
49 66 -51 0
28 -17 -21 0
-52 -63 19 0
-54 -24 -2 0
43 2 -25 0
-52 -48 -66 0
-56 12 -69 0
-41 -73 74 0
-34 5 -53 0
-11 -7 82 0
47 -66 -72 0
34 -80 1 0
27 67 17 0
-3 -18 71 0
-25 -47 17 0
13 61 41 0
-33 -34 38 0
9 61 57 0
-80 -35 81 0
-24 43 38 0
-58 -82 -67 0
-54 55 -82 0
43 15 5 0
-52 2 -71 0
9 -75 48 0
-21 32 61 0
8 -6 -11 0
73 4 48 0
37 42 -25 0
-67 30 31 0
19 -66 -27 0
-8 -48 -47 0
-57 -23 -82 0
40 -65 -41 0
18 67 33 0
-68 -26 -70 0
-23 -16 64 0
76 15 42 0
-42 65 -40 0
-81 -36 72 0
-61 10 2 0
53 15 85 0
-72 52 -73 0
23 45 -64 0
18 40 68 0
28 80 43 0
8 43 3 0
9 85 -58 0
29 -44 -86 0
-45 1 58 0
