p 53 225
11 -29 -12 0
22 18 38 0
-12 48 28 0
-15 12 -52 0
-51 21 -52 0
11 -39 -46 0
-1 -44 39 0
-46 7 -19 0
-28 14 -1 0
-19 -23 -29 0
-29 -25 1 0
25 40 34 0
19 51 3 0
40 -42 -14 0
52 23 -16 0
48 -16 18 0
21 -51 1 0
-37 41 30 0
13 7 -12 0
-21 51 31 0
-35 -44 19 0
52 47 43 0
41 53 -32 0
-42 -46 32 0
-32 -14 -47 0
-46 52 -49 0
34 -28 -29 0
9 -26 14 0
16 -24 20 0
14 -33 -22 0
46 -18 -33 0
38 3 -6 0
44 -17 -48 0
-43 9 13 0
26 10 36 0
-28 -38 46 0
-53 -51 36 0
-18 -23 34 0
-3 -52 -50 0
-16 -26 -24 0
-41 -33 -43 0
49 -32 38 0
-21 -30 -28 0
38 50 25 0
3 1 -27 0
18 -37 -38 0
-3 16 17 0
8 -34 24 0
41 -6 30 0
-21 43 32 0
-24 -30 22 0
5 12 -21 0
-9 28 42 0
28 14 21 0
21 18 -4 0
21 -29 7 0
36 44 21 0
-4 45 10 0
8 42 19 0
-8 -20 14 0
-27 -13 -52 0
21 -44 -15 0
33 48 -44 0
-34 -9 33 0
13 30 31 0
-3 -30 -20 0
39 3 51 0
-46 -9 1 0
43 -39 3 0
16 -48 -24 0
13 49 9 0
-17 45 19 0
-29 51 -5 0
2 -51 21 0
-43 28 21 0
7 33 -18 0
23 32 24 0
-20 32 3 0
12 5 -45 0
37 -10 -19 0
-3 48 -8 0
-29 -35 50 0
53 27 19 0
-15 27 -3 0
-38 9 -22 0
-8 -48 -4 0
43 5 13 0
-42 -4 49 0
-16 6 51 0
38 -34 17 0
52 -7 -14 0
34 -20 43 0
17 48 -29 0
-34 30 -32 0
-24 42 7 0
3 6 39 0
-14 -38 32 0
-17 49 -26 0
-41 -36 -32 0
-5 -12 20 0
31 27 -37 0
39 -50 11 0
-21 -48 9 0
-22 44 12 0
-42 24 -1 0
-5 6 -41 0
-36 -1 44 0
15 42 34 0
-42 45 -43 0
-45 -5 40 0
-51 47 33 0
36 17 38 0
30 -35 19 0
-33 -42 1 0
-4 38 -20 0
53 -44 3 0
-43 29 21 0
-39 19 25 0
-3 15 29 0
-50 -19 -36 0
-32 -8 14 0
30 1 20 0
44 16 1 0
-53 19 17 0
-13 -35 47 0
25 18 -53 0
-48 -23 -5 0
46 -29 26 0
-38 -37 -29 0
-11 29 -7 0
44 -26 51 0
-16 -15 22 0
4 -40 -46 0
-21 -31 -32 0
39 35 -52 0
-26 -47 20 0
-43 15 22 0
-9 -14 -47 0
-15 12 28 0
-19 -31 16 0
6 -24 -51 0
8 -46 -1 0
16 15 -46 0
-9 7 24 0
45 17 -21 0
-36 10 -49 0
3 4 47 0
38 -3 -1 0
-45 40 -15 0
-30 5 -20 0
25 -47 -50 0
-19 -26 29 0
30 -15 -17 0
-29 34 -10 0
3 -51 -18 0
-22 45 -43 0
41 32 45 0
39 -14 10 0
36 -6 -29 0
26 8 -31 0
-43 32 -44 0
-9 22 15 0
19 15 39 0
-34 28 -31 0
-19 -9 1 0
46 -10 1 0
-1 28 25 0
43 -22 30 0
-15 6 52 0
16 -44 -35 0
-48 -16 43 0
27 50 4 0
42 41 25 0
-28 42 26 0
-53 -26 52 0
-38 -44 2 0
-23 -5 3 0
-22 4 32 0
13 19 17 0
-7 -17 39 0
34 -45 -28 0
21 7 22 0
-15 -7 -44 0
40 -21 39 0
-28 33 5 0
7 11 36 0
-44 -19 -48 0
2 -26 21 0
49 -40 53 0
-50 -1 51 0
-16 -44 17 0
-52 -39 -15 0
-19 39 53 0
43 30 -11 0
-45 22 -21 0
12 -7 25 0
-2 28 -23 0
-7 32 -2 0
-29 13 25 0
47 15 -21 0
-28 41 20 0
17 -34 -5 0
-45 -12 24 0
-12 40 -46 0
-25 51 31 0
23 -5 -29 0
34 -9 29 0
21 -20 16 0
-5 35 -19 0
-14 -3 44 0
-21 48 -46 0
31 -48 -24 0
-11 -20 -14 0
-30 4 -38 0
52 -3 35 0
14 -17 -22 0
-30 -23 51 0
24 -18 -39 0
-7 12 -21 0
48 -45 -46 0
-16 -23 -21 0
-30 34 46 0
-43 -30 11 0
-22 45 -32 0
14 -43 1 0
