p 64 272
-20 9 -59 0
-17 -9 -5 0
64 -18 19 0
-63 -23 12 0
44 -6 -26 0
-44 34 52 0
29 -10 -38 0
63 8 27 0
44 -62 -39 0
-59 61 -57 0
-19 32 -21 0
-23 34 -42 0
41 -20 19 0
-59 -3 12 0
-12 -41 38 0
14 29 -9 0
-34 38 43 0
-60 38 -16 0
33 2 -38 0
37 48 -18 0
-27 -61 -43 0
-63 56 -64 0
47 12 15 0
52 -19 39 0
-38 36 -6 0
32 -29 26 0
61 -36 15 0
-23 61 -14 0
47 27 -55 0
-40 5 64 0
3 -6 -48 0
57 22 -32 0
-56 -42 33 0
50 57 -41 0
23 -51 -48 0
-1 -10 -24 0
-10 55 -27 0
62 -45 29 0
-31 -55 54 0
-39 33 -21 0
-45 31 -43 0
2 30 46 0
5 30 48 0
51 48 8 0
-7 -52 32 0
-58 -8 -31 0
63 -53 -17 0
-28 64 44 0
2 -15 35 0
-17 -30 -55 0
-47 30 16 0
63 10 -56 0
24 -48 -3 0
61 -37 38 0
-37 -62 51 0
-61 -45 18 0
-60 -11 -46 0
-36 10 33 0
-19 35 -31 0
28 9 -5 0
13 10 -32 0
-61 44 30 0
58 -54 -4 0
-57 12 35 0
32 -55 24 0
22 -62 -45 0
42 -7 22 0
-48 56 -33 0
-55 17 60 0
44 37 -64 0
-19 61 38 0
-11 -59 53 0
-25 -54 -34 0
-43 54 63 0
16 -45 42 0
-55 -62 -57 0
32 -54 58 0
25 49 -50 0
61 -20 53 0
52 5 47 0
62 -16 -29 0
-33 -1 -44 0
63 -22 41 0
45 31 14 0
-24 22 61 0
4 27 63 0
55 40 58 0
35 30 -53 0
-19 -41 -47 0
-21 -56 -5 0
46 54 -29 0
45 -63 -5 0
45 -10 18 0
-52 -61 -26 0
-49 6 16 0
62 -19 58 0
20 -56 63 0
-30 14 -6 0
33 39 -49 0
57 -39 -14 0
61 25 64 0
58 44 -47 0
2 -43 5 0
51 40 18 0
38 -19 -37 0
-48 60 1 0
-11 -49 22 0
53 7 46 0
44 46 24 0
-58 45 17 0
7 5 -59 0
-45 17 -42 0
-60 53 -58 0
43 12 7 0
-8 -21 -40 0
20 -34 -31 0
38 -13 -42 0
25 -27 12 0
-49 -22 -9 0
61 -38 -44 0
2 -57 -62 0
31 45 1 0
11 62 -43 0
45 31 8 0
48 -49 56 0
-1 -13 61 0
32 -42 -5 0
19 -24 -11 0
-37 57 43 0
-63 -10 -27 0
-59 16 22 0
-51 2 -23 0
-1 10 -51 0
45 36 -47 0
52 60 -8 0
27 -40 -58 0
-22 -30 33 0
-10 53 -52 0
-28 19 -57 0
49 -51 26 0
-22 13 -40 0
5 -30 42 0
-40 -24 -51 0
63 64 28 0
-22 42 33 0
47 51 53 0
-14 50 58 0
-22 32 -61 0
37 41 -2 0
22 53 8 0
31 47 -49 0
22 39 -17 0
-11 44 12 0
55 14 -52 0
56 -52 58 0
-12 43 -52 0
-34 1 48 0
56 -25 -54 0
-54 -33 -39 0
-29 20 -54 0
-63 34 -35 0
-52 -40 38 0
-50 -58 -24 0
12 -37 -15 0
-48 33 63 0
19 35 -12 0
57 41 30 0
62 45 -38 0
-36 -9 60 0
-19 -6 54 0
-23 36 46 0
11 -40 -46 0
50 -56 17 0
-18 8 -46 0
-37 16 22 0
61 25 37 0
61 -25 27 0
-22 41 -1 0
-51 -5 -47 0
-63 -56 -25 0
-52 -57 37 0
40 -10 -22 0
51 26 5 0
45 19 -22 0
-51 53 -60 0
8 35 -29 0
43 46 44 0
54 -34 -11 0
-37 -12 33 0
9 15 22 0
-4 -60 41 0
56 -40 -60 0
13 35 -33 0
34 -19 -1 0
51 -23 63 0
10 -38 -53 0
54 51 30 0
-30 48 -33 0
49 -11 28 0
7 23 29 0
4 -32 22 0
5 6 3 0
5 60 50 0
12 7 -36 0
-51 37 64 0
27 -51 -5 0
52 46 -2 0
-44 41 -64 0
9 16 -32 0
55 31 59 0
64 62 43 0
25 -6 4 0
-7 31 10 0
-21 54 -8 0
-49 -44 -4 0
39 22 -6 0
61 23 30 0
-5 59 -41 0
49 -9 -27 0
32 -12 52 0
-38 8 -62 0
-49 -43 -44 0
-43 8 47 0
-37 -32 53 0
-17 -21 22 0
-19 47 -14 0
-55 35 20 0
-37 40 24 0
-11 -57 -58 0
36 -40 62 0
-19 40 -39 0
-1 -9 -40 0
24 36 40 0
-12 58 63 0
19 56 62 0
-50 2 -58 0
-32 -55 -54 0
29 -46 -21 0
18 -2 -61 0
-5 28 -56 0
-46 7 55 0
16 -25 -17 0
-19 -43 -54 0
-45 -9 54 0
49 60 -27 0
-58 -28 15 0
-17 61 31 0
-40 59 -31 0
46 1 -58 0
-23 43 -49 0
-39 -62 -54 0
5 34 35 0
43 -6 -55 0
47 -13 -34 0
-26 2 61 0
-41 -17 -44 0
-35 4 3 0
20 -49 -56 0
-30 -51 -45 0
9 -4 -28 0
-29 -2 17 0
-45 29 28 0
-26 -7 -52 0
52 -62 -1 0
-53 -34 7 0
-19 -3 56 0
-44 -6 -46 0
-8 35 27 0
-34 10 -45 0
56 32 28 0
-49 50 4 0
61 36 39 0
