p 37 157
-18 32 33 0
31 -29 19 0
-16 -6 -27 0
32 2 25 0
37 -22 30 0
-25 -21 12 0
14 1 11 0
-25 3 12 0
10 36 30 0
27 23 24 0
15 -22 11 0
-32 37 27 0
-22 -3 7 0
-13 -36 -35 0
18 30 12 0
-16 2 -12 0
16 27 25 0
15 35 23 0
-32 -4 -34 0
9 -2 -30 0
4 36 20 0
7 -34 8 0
22 -2 -25 0
-16 -28 -7 0
-6 -17 4 0
32 -12 20 0
-26 -33 6 0
-33 -2 -35 0
-13 -1 -26 0
-29 30 11 0
32 19 33 0
10 -17 -34 0
17 6 18 0
22 -21 37 0
-6 27 17 0
-17 -27 26 0
-33 -31 7 0
-31 20 24 0
-32 -19 14 0
12 -3 5 0
29 3 32 0
-12 -14 -29 0
3 -21 13 0
-37 -7 -4 0
-32 -30 21 0
-9 -19 -7 0
-3 -19 -18 0
33 7 -30 0
17 -6 29 0
-24 9 30 0
-1 19 -23 0
23 36 -18 0
-36 3 24 0
24 -6 -25 0
35 -23 -3 0
5 27 10 0
23 -15 22 0
21 26 14 0
-28 13 -33 0
-31 -15 -21 0
-28 -31 22 0
-3 -19 1 0
-19 -4 -24 0
-35 -34 15 0
4 -24 -6 0
-31 -1 4 0
20 30 18 0
36 -14 -24 0
1 -31 32 0
30 14 -29 0
10 6 -5 0
35 1 11 0
-11 -34 27 0
-12 -11 37 0
-17 -28 20 0
11 25 -36 0
-5 20 -35 0
-33 17 -27 0
23 25 -12 0
22 -28 -31 0
9 -6 3 0
6 34 -26 0
35 10 6 0
29 17 -6 0
9 14 34 0
34 -6 -1 0
-13 2 3 0
2 8 -13 0
37 -2 -20 0
-13 -35 30 0
29 -28 21 0
32 -24 37 0
20 2 -29 0
10 14 19 0
37 3 13 0
-19 13 -16 0
14 33 13 0
-18 -27 36 0
-5 33 -21 0
-27 31 -7 0
16 6 25 0
-27 25 30 0
-21 16 7 0
-20 16 -25 0
-5 29 -22 0
9 23 8 0
-35 -24 -13 0
-11 32 -36 0
25 29 -9 0
29 -25 17 0
13 35 36 0
15 -11 27 0
30 10 13 0
-9 -36 14 0
1 -35 -25 0
-33 -11 10 0
5 22 34 0
-4 -24 -29 0
-16 -34 -23 0
-1 -33 13 0
27 -4 36 0
-5 -10 -25 0
13 35 -16 0
-3 -15 16 0
5 3 32 0
6 -35 -23 0
35 19 -10 0
-14 -37 -18 0
-10 3 -24 0
10 -31 -21 0
-27 -14 -35 0
-23 -29 21 0
19 -1 25 0
-12 28 18 0
-36 -9 14 0
-22 -23 -35 0
-7 20 -28 0
-25 -37 -4 0
19 -27 -17 0
-13 27 -2 0
19 -15 -25 0
2 -11 -1 0
24 -25 5 0
-32 28 5 0
-17 23 -30 0
24 16 15 0
-31 29 -28 0
-24 27 17 0
-23 14 15 0
6 20 -19 0
6 29 -22 0
27 -31 -35 0
-14 -24 11 0
6 2 -10 0
37 14 -29 0
-15 -26 -2 0
-11 -37 -10 0
