p 82 349
56 82 -44 0
64 25 -29 0
52 -67 -31 0
7 -66 -32 0
-54 1 24 0
8 67 78 0
-6 -61 -59 0
57 36 4 0
-19 -39 -22 0
12 -41 -3 0
34 20 -69 0
45 -44 8 0
48 46 15 0
-35 -23 -4 0
28 51 16 0
37 2 80 0
40 64 6 0
-69 -14 82 0
31 45 -55 0
44 -62 78 0
-64 31 -8 0
34 -82 20 0
36 -2 37 0
-57 4 47 0
39 -13 -53 0
-55 -19 62 0
-35 -76 52 0
-49 3 4 0
39 52 -78 0
39 -15 -29 0
-43 57 -58 0
27 -49 36 0
41 68 25 0
-62 -46 73 0
39 59 12 0
35 28 17 0
-28 -68 39 0
-39 -59 48 0
31 -3 74 0
35 45 -24 0
46 -75 -41 0
69 7 -60 0
-54 59 -28 0
-24 -31 3 0
31 -63 62 0
75 -62 8 0
-58 -53 20 0
-3 24 -65 0
14 22 -47 0
29 28 -80 0
-73 -51 -56 0
3 -5 73 0
60 -52 67 0
30 65 -44 0
-48 -10 63 0
-35 -6 -67 0
6 -17 -23 0
-42 -15 -27 0
-17 -53 -28 0
26 -63 74 0
14 38 -73 0
1 39 -65 0
32 15 -78 0
-12 24 35 0
78 -80 31 0
-71 14 -68 0
-4 -81 59 0
-8 -36 43 0
59 77 -51 0
61 -33 -32 0
18 -29 -82 0
35 38 -41 0
52 43 -33 0
-21 25 -10 0
-78 56 3 0
-28 22 7 0
53 69 20 0
-71 24 50 0
-28 49 82 0
-80 59 47 0
-4 7 82 0
70 28 -1 0
33 -36 -53 0
-45 -63 5 0
-27 12 -36 0
46 -53 75 0
32 -74 -73 0
-4 69 37 0
82 -46 68 0
36 80 -31 0
-30 -4 -11 0
-67 80 48 0
-79 -55 59 0
44 -72 43 0
-50 26 -63 0
-13 42 -51 0
-45 28 -51 0
3 31 -27 0
60 -75 -46 0
13 -35 68 0
67 70 63 0
57 -11 81 0
-4 56 77 0
25 43 -30 0
-77 8 50 0
-29 -71 -57 0
-36 8 74 0
-2 -63 -12 0
29 -46 28 0
35 -44 29 0
-37 40 7 0
-37 77 35 0
-51 -68 13 0
1 35 32 0
60 55 -42 0
-9 -3 23 0
-76 67 -1 0
-49 67 7 0
-64 75 -78 0
-57 -71 29 0
-26 -32 -19 0
45 -40 22 0
-62 55 -75 0
-73 -58 -26 0
-73 75 -37 0
-82 44 -23 0
-21 -53 -16 0
-68 -3 -24 0
75 7 46 0
16 -69 -27 0
-71 3 -35 0
28 -69 29 0
-45 36 -66 0
2 46 8 0
2 28 -45 0
-58 -55 -10 0
30 -74 15 0
-67 51 -81 0
11 46 21 0
36 47 10 0
61 -45 48 0
-27 2 26 0
52 13 -59 0
70 16 -66 0
63 20 53 0
-14 39 -73 0
-17 -54 -14 0
-38 21 -27 0
75 -13 -64 0
12 8 25 0
-12 -40 69 0
-62 75 -74 0
-73 17 79 0
-51 6 60 0
69 48 -28 0
-69 -12 -25 0
55 -4 71 0
33 23 62 0
-82 50 -81 0
48 40 -68 0
1 -65 17 0
-22 -66 -26 0
-27 43 36 0
47 -73 38 0
-20 78 -6 0
-3 -32 -31 0
-27 -28 76 0
-46 -70 55 0
-15 -81 63 0
35 69 -7 0
39 -22 68 0
-38 34 35 0
-70 -23 34 0
-23 55 -39 0
13 -38 -20 0
-48 11 -26 0
-36 74 49 0
44 -21 54 0
59 18 -33 0
-38 -13 -57 0
-47 -38 32 0
-65 81 -39 0
-68 48 -8 0
36 -49 5 0
47 -21 -8 0
37 73 -49 0
-45 38 32 0
-80 75 -31 0
-62 27 54 0
16 56 -4 0
59 -79 52 0
-47 64 -56 0
60 -15 32 0
21 65 80 0
64 44 -63 0
-32 -61 -68 0
-22 52 -78 0
71 -74 -7 0
-56 -59 -51 0
2 -67 -49 0
-17 5 -3 0
-69 39 -59 0
46 -41 -78 0
66 79 -62 0
72 21 58 0
38 -76 15 0
72 45 -65 0
58 12 16 0
-56 6 11 0
-82 78 -21 0
26 78 21 0
13 -59 -55 0
39 54 -46 0
-46 71 -63 0
-46 37 4 0
-8 -29 -36 0
49 3 34 0
-24 -73 58 0
1 -37 60 0
70 15 -16 0
-81 63 60 0
-34 -19 -71 0
-72 55 9 0
-9 37 -8 0
-40 53 52 0
4 60 58 0
-31 -45 -14 0
31 79 -6 0
-18 69 -29 0
-53 -42 81 0
-71 -14 41 0
81 -39 45 0
-5 -27 -81 0
5 51 19 0
-3 22 -25 0
-76 12 61 0
-22 38 71 0
38 -16 74 0
41 10 -3 0
-62 -28 -32 0
73 -70 -24 0
-81 -22 -51 0
50 78 35 0
-78 73 21 0
24 -79 29 0
20 -46 -69 0
74 -57 -66 0
-12 -65 -33 0
79 45 78 0
-28 -6 -24 0
21 -49 -68 0
-9 -52 -70 0
-36 6 -70 0
-52 -5 -33 0
-31 65 80 0
-50 -18 51 0
55 -16 33 0
-79 -1 36 0
-37 18 12 0
2 -58 31 0
-63 82 -28 0
20 -10 -40 0
24 2 40 0
-12 38 46 0
21 -7 -54 0
-82 57 40 0
-47 67 22 0
38 30 -69 0
55 68 36 0
30 -60 -36 0
-59 -74 -45 0
46 -3 81 0
-51 -75 24 0
-30 -8 79 0
78 -79 -53 0
-18 -62 16 0
63 -3 29 0
-19 -76 9 0
-13 79 -34 0
54 64 -55 0
-18 24 34 0
-47 -20 21 0
-82 24 -34 0
-56 55 -70 0
-24 -44 -18 0
44 -25 67 0
43 77 26 0
-60 -56 -44 0
72 44 5 0
30 -72 -53 0
-41 2 -43 0
25 -40 -11 0
-63 -77 -37 0
-28 77 35 0
59 19 82 0
4 -40 -33 0
16 4 -36 0
57 -5 -13 0
72 -55 -16 0
-39 -68 -16 0
44 -50 -23 0
66 34 79 0
-64 17 -79 0
67 -65 -30 0
-5 -62 23 0
-41 80 -40 0
45 78 38 0
-1 -78 -38 0
66 -11 28 0
56 -73 -42 0
8 -22 -27 0
-23 -5 15 0
-74 -12 62 0
69 5 -1 0
-80 74 16 0
-40 -53 7 0
-27 -39 -74 0
30 51 -33 0
-52 63 -71 0
-21 10 -9 0
62 63 -55 0
33 67 62 0
-16 -26 -61 0
-79 -38 14 0
24 50 79 0
-2 1 10 0
-18 52 -8 0
-15 -2 -24 0
55 66 8 0
65 -60 -40 0
-49 -34 -4 0
-25 46 -16 0
63 -65 -54 0
-75 47 76 0
81 77 16 0
3 37 -69 0
16 -34 -9 0
-44 3 57 0
-75 -79 10 0
-11 -50 58 0
-16 62 45 0
-42 28 -2 0
-64 9 -31 0
-12 61 -1 0
-5 12 30 0
64 24 32 0
-31 8 -66 0
-69 75 39 0
40 -28 43 0
