p 65 276
-30 41 63 0
-41 19 59 0
13 -17 3 0
-44 42 -4 0
-3 -63 -12 0
17 57 33 0
-48 30 11 0
48 55 49 0
-18 -6 2 0
16 -1 25 0
-9 -44 25 0
-20 6 56 0
-42 -47 -21 0
-2 -4 -25 0
-60 19 23 0
50 2 -61 0
8 4 -12 0
44 -51 -20 0
-55 26 -36 0
-38 -3 2 0
-52 40 63 0
-16 -33 -12 0
-46 -22 -2 0
44 -29 -30 0
-19 -20 -31 0
-4 -23 -18 0
-15 -39 -52 0
62 -29 -51 0
-64 -40 -17 0
-30 -37 56 0
16 18 -24 0
44 -47 13 0
-39 1 -15 0
63 41 -6 0
-54 -43 -28 0
-23 62 -18 0
56 57 -40 0
-29 40 -27 0
59 -27 12 0
25 32 -56 0
-54 29 57 0
-56 61 -29 0
-8 17 -60 0
7 30 -58 0
17 63 27 0
-31 43 37 0
-56 -17 42 0
-37 54 6 0
-42 -49 -11 0
54 -62 -28 0
51 -62 55 0
11 40 -3 0
15 -59 -49 0
-28 55 -24 0
3 -10 19 0
61 -27 19 0
-49 -65 -25 0
54 -16 -28 0
-33 -4 11 0
-11 -19 -6 0
37 -3 16 0
-21 34 -25 0
18 -57 -65 0
48 27 -58 0
27 49 -18 0
5 8 -57 0
-24 -31 -38 0
-2 -25 -4 0
-4 -36 -6 0
-15 60 -43 0
25 -16 27 0
36 -45 25 0
-35 28 -29 0
-55 -59 30 0
-62 24 8 0
-60 -65 21 0
-29 -15 51 0
-40 -56 10 0
-6 -4 28 0
-3 -32 19 0
16 -59 -60 0
-3 14 -31 0
60 -31 -51 0
50 -57 10 0
51 13 25 0
-24 37 -18 0
9 -60 -44 0
-9 -22 61 0
-50 -49 -11 0
18 59 14 0
-40 -42 -25 0
-46 61 50 0
10 -30 32 0
-29 6 -39 0
-41 52 44 0
-49 47 -51 0
-10 39 5 0
-8 -48 15 0
53 -42 59 0
5 27 -65 0
46 -49 -53 0
-58 26 32 0
-34 19 -57 0
27 -36 19 0
20 42 32 0
38 12 11 0
-11 -3 -35 0
4 -23 11 0
-34 -46 54 0
-17 24 37 0
-18 21 7 0
-64 36 -6 0
18 48 52 0
2 -11 -6 0
46 15 25 0
-8 3 -34 0
21 -48 29 0
17 28 -15 0
-35 -40 -63 0
-56 12 2 0
-53 -28 -1 0
56 -59 -21 0
-25 -11 8 0
5 -41 18 0
34 -36 -29 0
41 -16 25 0
14 27 41 0
23 -45 62 0
55 -18 -42 0
-61 35 52 0
-36 -34 55 0
52 16 -30 0
-41 -60 46 0
64 43 -25 0
-2 -35 -5 0
40 -8 20 0
-5 -65 34 0
62 55 12 0
52 -26 -32 0
40 59 47 0
15 54 34 0
-42 -51 54 0
-62 -7 -13 0
-35 61 -47 0
-38 -26 54 0
-6 16 22 0
38 63 21 0
40 44 -14 0
53 -63 -50 0
11 -42 41 0
46 17 58 0
-1 -33 27 0
58 -16 25 0
10 -23 25 0
-30 51 -48 0
-25 42 53 0
18 64 46 0
38 53 -47 0
12 -19 -44 0
55 -36 35 0
-57 -33 58 0
9 1 -21 0
17 -9 14 0
-13 64 42 0
47 17 -18 0
43 -54 -40 0
55 6 -54 0
15 7 -56 0
30 15 -2 0
27 46 -32 0
3 -62 34 0
-23 36 -29 0
-60 5 22 0
58 24 43 0
64 -45 -39 0
-61 -47 28 0
-40 -48 51 0
-30 46 -60 0
-61 -51 -27 0
28 -10 -6 0
-24 -4 64 0
55 39 -47 0
-19 54 -58 0
57 60 -1 0
-15 -33 41 0
48 64 59 0
14 40 52 0
-37 -10 3 0
-7 -30 -47 0
-29 22 30 0
-62 -35 -4 0
16 9 26 0
56 62 -57 0
-36 -35 45 0
61 -19 -9 0
57 3 53 0
43 5 -36 0
7 -5 -3 0
-12 3 58 0
38 -26 35 0
-35 -57 26 0
65 7 -28 0
-65 58 41 0
-34 -23 -38 0
-12 -6 -36 0
63 -2 -57 0
63 -55 -12 0
-42 20 -19 0
-19 -17 -25 0
-53 -7 -20 0
20 33 -34 0
35 51 -4 0
12 -4 19 0
46 -40 -26 0
41 29 7 0
48 -28 20 0
-58 -39 -18 0
50 -17 -31 0
12 57 45 0
-24 -27 -19 0
23 -15 11 0
20 32 -7 0
36 22 61 0
-24 26 -38 0
41 64 -43 0
-46 24 -12 0
-18 -40 65 0
-47 41 -30 0
45 14 -56 0
-54 39 -59 0
-47 13 33 0
-21 63 29 0
-28 -47 65 0
20 29 57 0
-1 18 41 0
-46 -32 35 0
-26 29 -44 0
16 26 56 0
-61 -49 20 0
23 16 -13 0
50 59 61 0
40 24 20 0
-37 -7 -58 0
-49 9 64 0
-38 61 -41 0
-1 -31 40 0
64 31 20 0
-52 10 -36 0
37 -17 44 0
18 28 27 0
43 -58 1 0
-25 -33 -26 0
1 -28 -30 0
53 -12 13 0
17 41 14 0
-57 -45 -16 0
-55 34 -57 0
-22 26 -16 0
-35 40 65 0
50 -22 -63 0
-56 14 55 0
38 -64 47 0
-28 54 -40 0
-21 38 -56 0
-19 -2 -1 0
62 11 51 0
12 -44 40 0
5 -30 33 0
-58 -15 -47 0
27 -50 -61 0
28 43 -54 0
27 61 -53 0
49 -63 -8 0
-43 42 45 0
-19 16 64 0
-3 41 15 0
