p 84 357
-3 -67 -46 0
64 -71 -50 0
39 60 -66 0
-28 2 70 0
13 58 -79 0
17 -59 -6 0
75 -34 -61 0
2 21 -69 0
76 58 -63 0
-16 -20 -38 0
38 -23 18 0
48 -17 82 0
-63 -18 79 0
-84 41 7 0
-33 -40 -69 0
-82 -13 -66 0
19 -61 -27 0
12 28 36 0
-70 -50 4 0
-80 40 -66 0
18 -50 3 0
-48 65 18 0
18 -66 -29 0
25 76 49 0
-15 55 -58 0
-65 -38 -17 0
-14 58 -65 0
21 22 -67 0
-13 -81 52 0
4 -49 19 0
25 33 49 0
-23 43 69 0
74 27 -48 0
-33 -50 81 0
17 27 -8 0
-48 14 82 0
83 -31 -61 0
-19 -55 -7 0
34 -74 -11 0
-1 -21 75 0
-3 51 -81 0
59 -76 -15 0
2 -70 -76 0
-48 -38 69 0
-10 32 24 0
-25 -29 34 0
-6 -12 67 0
-28 62 26 0
-7 74 -65 0
38 -49 -71 0
45 9 37 0
79 -70 44 0
62 39 48 0
-28 43 65 0
-42 -4 84 0
-46 82 -34 0
-41 2 -62 0
39 63 44 0
-31 47 -59 0
29 -20 33 0
69 -54 63 0
-21 -55 62 0
-23 -31 67 0
30 37 11 0
5 -65 -82 0
34 38 62 0
12 -79 8 0
-73 34 79 0
52 -61 43 0
-48 -68 -3 0
55 -60 67 0
-27 -34 14 0
-48 37 -21 0
56 -65 -47 0
-49 -17 -71 0
10 -24 37 0
-36 -50 78 0
-44 30 -35 0
-76 -18 41 0
34 -67 -40 0
-13 -71 36 0
83 79 47 0
33 3 -50 0
73 -68 -58 0
-49 -14 60 0
-41 22 40 0
1 19 8 0
34 -16 9 0
47 72 -56 0
77 -72 7 0
-35 14 -72 0
27 36 79 0
60 -51 -46 0
-13 31 84 0
-72 -11 -28 0
11 -67 71 0
20 7 71 0
-80 -71 49 0
-58 -3 13 0
60 78 36 0
40 79 25 0
72 80 28 0
-54 64 -39 0
4 57 3 0
35 28 -75 0
6 53 -33 0
76 13 49 0
-41 67 59 0
35 -58 -9 0
-17 53 -52 0
10 35 -9 0
-25 -61 -50 0
-72 -11 -41 0
-80 45 23 0
-3 -4 -23 0
-63 -62 -55 0
30 33 -18 0
-80 31 66 0
74 -46 -65 0
53 6 28 0
43 26 -36 0
-14 55 63 0
-7 42 71 0
-78 47 -14 0
53 71 -52 0
-38 -32 76 0
36 -14 5 0
81 82 -24 0
6 -2 -12 0
23 43 49 0
-57 -43 -8 0
2 76 84 0
-74 -80 -78 0
82 24 -43 0
-14 36 38 0
-72 -20 -49 0
-19 -14 84 0
-41 -80 -5 0
54 56 67 0
-64 27 -14 0
45 67 10 0
25 75 -15 0
-58 51 -38 0
60 77 -67 0
35 -17 -81 0
22 32 57 0
65 39 -73 0
22 15 -6 0
-35 65 -56 0
10 -51 18 0
-79 20 13 0
-34 81 -50 0
-36 -14 2 0
78 41 -11 0
5 47 58 0
-19 -32 7 0
-57 -14 -69 0
-19 12 45 0
40 -63 71 0
-78 -41 -42 0
66 -69 -27 0
-42 25 -7 0
-59 -52 43 0
-14 39 -47 0
23 38 2 0
-82 57 26 0
1 80 -27 0
-4 -76 -61 0
-65 -48 -21 0
13 16 27 0
32 -1 84 0
-36 -82 47 0
10 -62 49 0
16 31 -52 0
16 77 54 0
-60 -57 -36 0
4 -54 -53 0
-2 59 -75 0
68 -16 57 0
-40 24 -2 0
-62 1 -26 0
-64 62 -23 0
61 -59 52 0
-46 24 -54 0
44 -48 -36 0
46 37 -45 0
49 -28 26 0
11 -3 -75 0
-16 -74 -50 0
76 -29 -52 0
60 -38 -79 0
64 -54 -15 0
-72 54 -75 0
81 -4 -54 0
24 -37 -54 0
8 -62 -46 0
28 20 -80 0
84 -78 -52 0
-57 68 3 0
-3 -47 26 0
38 -23 48 0
84 -14 53 0
-10 3 -33 0
38 -16 -39 0
66 11 -41 0
6 -45 49 0
24 67 -8 0
-68 81 73 0
-84 7 33 0
29 -21 -84 0
8 82 43 0
-25 84 51 0
14 -7 36 0
-16 66 -73 0
73 14 -41 0
25 -37 -3 0
3 54 -22 0
27 16 -24 0
36 -40 5 0
76 4 66 0
-43 62 10 0
78 -56 -54 0
-81 -36 56 0
23 36 -81 0
10 21 -36 0
2 -30 19 0
14 -12 84 0
39 -8 -59 0
82 17 60 0
-60 5 8 0
-53 4 -25 0
-27 16 8 0
23 8 44 0
24 -23 47 0
-19 -81 -32 0
81 80 79 0
20 28 35 0
-39 -12 43 0
45 -66 56 0
63 53 -9 0
-84 -18 73 0
70 -61 -17 0
34 59 -42 0
11 82 40 0
-60 36 77 0
44 -21 -69 0
-53 -20 83 0
53 41 52 0
21 7 5 0
-34 1 67 0
45 -22 16 0
80 8 56 0
42 -67 -35 0
35 -83 17 0
-34 -29 57 0
-7 -81 53 0
-84 -64 83 0
72 22 -5 0
3 61 43 0
-50 42 45 0
-79 -37 -10 0
-35 -83 67 0
12 -20 43 0
-81 -5 -1 0
84 46 -47 0
3 32 38 0
-25 36 -30 0
-33 50 -60 0
-33 10 27 0
5 52 59 0
-31 16 62 0
-23 -7 -68 0
39 14 -69 0
-2 3 12 0
1 -32 -71 0
26 -75 -22 0
-78 23 -73 0
52 -28 -75 0
8 31 -71 0
23 56 28 0
53 -38 -13 0
33 5 59 0
83 73 -76 0
-39 -71 54 0
-36 52 23 0
11 -28 31 0
57 45 -42 0
-68 -24 21 0
-11 -49 39 0
58 39 -75 0
40 -17 -74 0
17 4 59 0
-38 37 -65 0
58 -50 46 0
57 -55 47 0
48 -25 18 0
-36 -15 77 0
38 -22 42 0
23 10 -15 0
59 45 6 0
78 8 -38 0
-33 73 45 0
-57 -58 61 0
78 -30 17 0
37 46 84 0
1 72 -19 0
-40 -70 -75 0
5 43 52 0
-12 73 44 0
-77 50 15 0
-11 -17 10 0
76 16 60 0
76 -63 5 0
34 84 -3 0
-60 -84 61 0
31 42 -69 0
-58 -69 23 0
-40 53 71 0
-26 55 19 0
-14 77 6 0
62 -73 -8 0
63 -59 -12 0
36 -77 59 0
73 -16 -70 0
68 69 -31 0
-32 -70 49 0
-27 14 45 0
-33 -58 61 0
-12 84 -35 0
-52 -1 72 0
-37 -54 -58 0
-74 -43 13 0
-82 -40 -24 0
-73 42 43 0
38 -72 -30 0
-6 14 -65 0
-8 56 -6 0
-21 -29 -18 0
-13 1 22 0
10 -74 80 0
18 -44 -60 0
-48 33 -43 0
28 -37 -23 0
-52 -71 67 0
-59 -68 26 0
-17 66 21 0
39 -23 52 0
64 -47 -49 0
-5 -4 -84 0
82 19 24 0
-13 -69 38 0
-59 -39 48 0
20 11 -38 0
-17 -45 80 0
-68 12 -75 0
52 -60 26 0
14 49 26 0
