p 60 255
-46 4 -28 0
40 57 9 0
32 -35 -17 0
-38 55 -46 0
-24 -30 -59 0
34 -4 33 0
-24 -50 -11 0
45 12 -42 0
-58 47 55 0
58 17 -18 0
42 -41 57 0
29 60 19 0
-13 46 57 0
-22 46 -31 0
38 42 -25 0
-2 -32 -7 0
35 -1 -19 0
-41 10 -1 0
28 40 -14 0
-20 -38 -27 0
-22 11 30 0
3 1 25 0
-46 2 -49 0
-47 17 7 0
18 -52 -19 0
-21 -45 8 0
-10 -37 55 0
-39 10 16 0
11 12 -25 0
55 -53 -9 0
-54 -3 30 0
40 -12 -52 0
59 -57 -40 0
-53 -58 57 0
-7 -9 -41 0
11 16 -57 0
46 -31 -57 0
59 46 -29 0
-53 -46 55 0
13 -24 -19 0
-33 -58 -5 0
51 24 -58 0
58 17 37 0
-38 -58 35 0
39 -49 -31 0
-39 25 -29 0
22 5 38 0
-9 46 41 0
60 -10 4 0
-23 -33 -8 0
41 6 20 0
60 -22 23 0
-16 15 30 0
-3 50 -42 0
10 -16 -17 0
-28 45 -36 0
18 -36 58 0
-26 8 -21 0
32 18 -46 0
-12 15 2 0
56 13 -46 0
-9 -36 43 0
34 -25 14 0
35 49 20 0
60 16 -34 0
-36 -16 -52 0
-8 -52 -6 0
-58 42 16 0
59 9 15 0
35 -23 29 0
8 -9 -56 0
40 57 17 0
-40 -47 -52 0
39 7 14 0
54 -49 -25 0
-8 -17 -15 0
-37 -52 -51 0
41 -56 29 0
-1 44 -32 0
48 -11 -7 0
-41 -7 -51 0
-50 -3 57 0
46 -34 -40 0
-18 -13 -25 0
34 49 -24 0
19 4 18 0
-5 13 -37 0
59 2 37 0
-54 -13 38 0
19 -29 45 0
-57 23 13 0
-2 -24 46 0
60 56 -44 0
-54 42 -2 0
-44 -52 -34 0
-22 43 53 0
22 -46 42 0
8 -1 51 0
27 60 33 0
26 53 10 0
-37 -28 -43 0
46 40 -44 0
11 -51 5 0
-43 29 20 0
-5 20 -42 0
-22 36 15 0
20 -23 28 0
18 6 -25 0
-37 -7 6 0
42 21 35 0
-21 53 4 0
-30 -37 49 0
-27 55 35 0
-56 13 -24 0
34 -48 30 0
35 -52 -36 0
47 1 55 0
5 -7 48 0
-50 38 -31 0
22 35 -14 0
6 -33 -26 0
-56 -25 -4 0
-6 -12 -36 0
-12 15 14 0
17 53 -31 0
21 -47 30 0
-21 -41 9 0
-45 54 -22 0
-58 20 24 0
-26 54 -30 0
23 -37 60 0
-12 39 2 0
38 -24 -40 0
4 -53 -13 0
-58 -33 59 0
-54 -38 37 0
8 55 51 0
13 3 6 0
49 -40 -43 0
-32 -43 -8 0
-1 -23 52 0
35 -16 -23 0
-27 -49 -6 0
-59 48 54 0
22 -42 57 0
-54 -4 -6 0
38 -60 26 0
60 26 -16 0
48 33 -38 0
8 -2 57 0
-22 -26 -59 0
57 -54 30 0
-30 34 2 0
-41 -42 -3 0
-13 30 4 0
34 -10 50 0
-8 48 -44 0
-31 30 -28 0
29 -28 25 0
-58 12 25 0
-52 -25 -42 0
-23 48 -15 0
5 48 11 0
48 -14 -15 0
-58 11 39 0
28 -24 55 0
50 17 60 0
48 49 26 0
-3 49 -43 0
39 9 14 0
-44 -37 59 0
21 3 -8 0
-29 7 51 0
40 24 -7 0
27 -33 60 0
13 43 -17 0
-5 14 18 0
-26 53 -33 0
-38 -27 54 0
38 -21 40 0
22 48 -2 0
-28 34 -46 0
-37 32 30 0
-37 59 8 0
-8 23 36 0
-48 -57 52 0
11 9 22 0
-54 56 13 0
13 -18 29 0
-45 9 17 0
59 -60 58 0
-29 -34 -46 0
-10 -1 -11 0
-28 -24 -10 0
56 54 -59 0
-34 22 -40 0
-11 -27 59 0
52 36 8 0
-35 7 50 0
-1 -52 30 0
27 -35 8 0
21 25 -41 0
-52 -46 39 0
-28 -19 9 0
10 24 53 0
-53 46 -15 0
10 46 -38 0
-40 3 -43 0
43 -40 -27 0
47 -33 11 0
-45 4 -1 0
-35 -28 -8 0
-42 45 -31 0
48 -7 -38 0
-21 -43 37 0
52 13 7 0
38 17 23 0
8 -16 -36 0
-4 22 43 0
9 17 -46 0
-49 52 9 0
33 9 -38 0
-31 -16 39 0
-13 52 17 0
-5 -1 4 0
21 1 -43 0
5 57 45 0
15 -2 1 0
54 -4 5 0
-53 45 27 0
-19 -59 -40 0
43 55 -30 0
-42 -41 28 0
-8 48 -42 0
-52 34 -7 0
-37 -18 -10 0
-40 -13 45 0
18 -50 -22 0
-31 43 8 0
37 1 -14 0
-53 -58 -26 0
46 48 -39 0
-45 21 -57 0
-33 -50 -34 0
-45 -19 16 0
21 -2 49 0
-40 -45 -20 0
-13 -18 -55 0
-20 -26 52 0
34 41 -9 0
31 28 42 0
59 38 -46 0
-46 -23 -59 0
31 -37 53 0
-11 48 -57 0
