p 71 302
11 44 50 0
-17 6 -8 0
29 -43 -55 0
9 70 38 0
-2 19 -70 0
61 34 9 0
-69 37 68 0
-47 62 68 0
-8 48 32 0
-8 -39 18 0
-36 42 22 0
-31 -44 12 0
4 63 12 0
42 -37 14 0
48 4 -5 0
40 59 37 0
33 64 18 0
-66 9 -62 0
42 57 -55 0
21 52 3 0
14 21 -38 0
-17 -69 10 0
49 20 38 0
-14 35 13 0
-43 22 -12 0
16 -15 61 0
-36 59 51 0
-36 -1 2 0
-62 48 66 0
-69 33 -17 0
60 35 -27 0
-16 13 3 0
-52 40 -50 0
63 39 -15 0
-3 54 60 0
-47 -6 48 0
12 -62 -25 0
69 -11 33 0
21 -64 -48 0
-55 62 45 0
6 49 37 0
-57 -30 -26 0
-8 -63 28 0
28 -9 -33 0
51 71 5 0
47 14 29 0
18 8 66 0
17 -42 66 0
49 -52 6 0
24 -60 -57 0
-16 14 20 0
71 34 -41 0
26 3 -12 0
-16 62 29 0
-32 -31 7 0
47 -43 59 0
-7 -21 65 0
-58 -29 26 0
-41 36 -1 0
54 -11 -20 0
35 -46 -23 0
44 36 33 0
-3 34 58 0
41 -68 -58 0
46 2 -55 0
27 -23 51 0
-16 -53 49 0
60 -66 32 0
19 24 -52 0
68 -69 -23 0
-23 31 -15 0
-45 -68 3 0
-36 -71 -27 0
71 16 -49 0
-9 -16 -27 0
-34 40 41 0
36 55 69 0
-4 47 -51 0
64 -27 -40 0
29 -13 -22 0
51 -39 -55 0
11 64 -63 0
42 25 -4 0
-15 61 -63 0
-69 33 -6 0
-35 58 -6 0
36 52 41 0
-69 58 8 0
51 71 -59 0
-55 26 63 0
6 45 68 0
-44 -48 -40 0
29 -31 65 0
12 16 29 0
9 39 63 0
40 -27 63 0
-18 -37 -57 0
56 13 -53 0
23 -32 -35 0
36 -17 13 0
19 50 -69 0
8 2 -29 0
22 2 35 0
-66 23 -15 0
57 28 -15 0
65 26 -49 0
56 14 -1 0
33 7 29 0
52 -69 23 0
71 -16 41 0
-12 56 -61 0
-31 -70 -18 0
67 70 66 0
-58 52 63 0
20 -48 63 0
-44 -33 54 0
-71 -64 65 0
50 -13 53 0
38 33 -40 0
-45 22 -62 0
15 -17 -67 0
40 66 -14 0
60 -48 32 0
10 -3 -54 0
69 14 42 0
32 -43 49 0
-34 -68 31 0
31 58 57 0
-71 -4 -51 0
-50 70 26 0
3 -15 -71 0
-23 66 -50 0
-12 -57 71 0
-54 8 53 0
-54 -59 -69 0
-5 -38 42 0
36 61 26 0
-27 -2 -70 0
-69 41 49 0
-6 -50 31 0
-40 -38 63 0
-70 37 61 0
-67 8 -18 0
18 -24 44 0
43 -30 -8 0
64 -52 18 0
56 38 32 0
23 -57 10 0
-56 53 30 0
-16 -52 -24 0
-30 -41 -35 0
-29 -44 -47 0
-37 -67 18 0
58 57 -68 0
-45 15 -4 0
-34 -42 6 0
66 41 -1 0
-24 -54 -59 0
-15 22 -1 0
-70 66 -41 0
43 -54 -71 0
45 -32 -25 0
-32 18 23 0
12 -38 18 0
-11 50 -13 0
-38 -26 21 0
69 34 40 0
25 14 7 0
-53 24 -41 0
29 42 33 0
44 48 38 0
71 14 -30 0
-64 -43 71 0
-29 -19 10 0
-23 44 63 0
37 -63 -70 0
-18 39 42 0
60 36 53 0
-63 37 -53 0
-28 -18 -8 0
57 9 -4 0
-66 -65 49 0
-20 -26 -27 0
-44 21 -68 0
-3 -39 68 0
-52 -26 -5 0
-42 27 71 0
49 -69 -14 0
23 49 -67 0
62 -18 3 0
-27 57 -33 0
59 -1 -31 0
-36 -43 13 0
-16 32 61 0
23 -62 61 0
14 -54 13 0
62 3 60 0
23 47 -21 0
27 -32 -53 0
70 -14 55 0
18 39 59 0
12 11 -53 0
52 -34 -23 0
52 28 8 0
-39 -26 37 0
19 14 66 0
45 16 -13 0
10 -7 45 0
17 60 29 0
-9 53 -56 0
31 -10 -3 0
-53 61 -21 0
-55 -33 35 0
-33 37 -71 0
34 44 -3 0
51 -52 -14 0
-64 14 53 0
34 9 7 0
-34 -58 -30 0
-21 -2 -19 0
57 55 71 0
-66 -52 49 0
22 57 25 0
64 10 -63 0
-21 -49 -17 0
33 43 -25 0
11 -27 1 0
41 -4 -67 0
16 -31 -66 0
7 -36 -52 0
-52 4 -5 0
69 -19 68 0
19 -42 1 0
2 -50 -16 0
49 -36 -14 0
54 -71 -7 0
-24 48 -32 0
62 -34 -21 0
44 -71 18 0
30 55 39 0
13 12 -35 0
37 32 -12 0
-18 -50 -58 0
47 14 44 0
32 -11 65 0
-6 29 -64 0
38 63 -24 0
-58 -39 -51 0
-28 -2 27 0
27 71 -15 0
41 40 -64 0
-1 11 70 0
31 20 7 0
-56 44 -33 0
-20 63 -58 0
39 69 -25 0
13 -70 54 0
40 -47 32 0
-46 -52 -23 0
-35 51 -21 0
62 25 50 0
59 -4 39 0
33 -14 -58 0
-44 27 57 0
40 46 -9 0
46 7 71 0
-30 -60 54 0
-33 -43 -41 0
-20 3 54 0
27 -53 -36 0
25 -51 -60 0
19 -3 -54 0
66 12 21 0
-36 -61 -46 0
68 -31 35 0
-65 54 -24 0
-13 -26 42 0
-20 -58 -9 0
-70 35 -3 0
-63 -1 -29 0
-3 -43 -29 0
-47 5 61 0
41 -6 30 0
49 -17 45 0
10 9 -26 0
-36 2 30 0
-3 -13 67 0
-47 54 -17 0
-32 -39 53 0
-3 -62 37 0
-13 -9 8 0
2 -18 37 0
4 24 -29 0
58 -4 9 0
36 41 1 0
-39 49 34 0
45 25 41 0
-50 6 1 0
-33 50 34 0
26 35 -36 0
30 47 9 0
66 62 -22 0
