p 94 400
-43 56 -89 0
34 66 46 0
92 -78 43 0
-27 -14 -43 0
54 9 -21 0
-84 -37 -93 0
-62 -94 49 0
-33 -37 -77 0
54 -37 4 0
39 -7 59 0
93 -82 -77 0
-7 16 2 0
67 91 56 0
-46 33 -90 0
77 27 36 0
22 -27 -76 0
66 -86 -91 0
-30 -90 68 0
-68 45 -36 0
-39 37 60 0
53 -18 87 0
87 -48 34 0
42 36 -62 0
68 -60 -59 0
9 30 1 0
41 -63 -8 0
83 -92 75 0
-10 88 -71 0
-87 72 -27 0
6 72 49 0
-51 -69 86 0
49 46 1 0
-49 -54 -48 0
65 -72 -40 0
-89 21 61 0
93 75 27 0
51 -2 29 0
-2 27 -93 0
-49 6 -93 0
-73 -49 79 0
30 7 -4 0
38 -42 35 0
94 30 -76 0
-63 -80 77 0
65 39 -47 0
86 65 37 0
82 -1 94 0
26 77 29 0
-38 -19 -65 0
-93 75 -12 0
-85 2 -92 0
-3 -49 93 0
18 75 -46 0
10 64 -4 0
28 75 19 0
5 90 -39 0
-89 -24 62 0
-21 -66 -51 0
35 84 -71 0
57 -15 46 0
55 36 -58 0
65 42 -92 0
44 -86 -20 0
8 68 76 0
-63 50 -1 0
-75 -15 67 0
-27 -54 37 0
84 -56 63 0
55 -87 -85 0
70 25 26 0
-44 65 61 0
8 48 -11 0
1 -14 -87 0
-46 58 -21 0
-18 -73 76 0
64 -14 -52 0
-75 -5 -54 0
-37 -79 -29 0
94 -50 -10 0
81 -33 -48 0
-23 -69 93 0
-45 37 -3 0
-59 16 -88 0
76 80 -22 0
42 -11 26 0
57 -80 -14 0
-84 -74 -75 0
10 -63 -78 0
31 5 37 0
34 -89 -16 0
27 47 -86 0
-33 37 -92 0
24 31 -28 0
30 -55 -25 0
-3 -27 89 0
3 60 -8 0
-34 74 -94 0
38 -34 -65 0
-90 43 -20 0
82 88 59 0
71 -90 74 0
37 -17 93 0
48 -16 -92 0
6 -8 44 0
-68 -77 -71 0
-42 -74 86 0
-3 -93 2 0
-62 -29 78 0
-54 60 78 0
-46 83 67 0
-84 -62 72 0
90 -34 -70 0
-4 -83 77 0
64 3 -41 0
-15 61 -55 0
4 1 -33 0
-49 -76 73 0
88 -21 -37 0
-10 49 45 0
75 81 39 0
-71 11 -1 0
-24 30 54 0
15 -25 -83 0
67 -59 53 0
71 40 15 0
-71 58 -4 0
-54 -11 37 0
58 62 60 0
10 39 57 0
64 63 -45 0
-93 67 83 0
73 39 83 0
-18 -9 -53 0
39 -21 71 0
-11 26 35 0
-70 -66 -15 0
73 15 19 0
-22 -15 -8 0
43 7 86 0
46 3 94 0
70 77 -7 0
49 -67 -76 0
5 -91 35 0
57 46 85 0
27 87 -49 0
64 71 -85 0
75 -81 3 0
-69 56 -8 0
53 94 74 0
12 13 90 0
-84 91 -77 0
-17 2 88 0
-90 85 17 0
32 -21 -68 0
55 43 -89 0
63 46 17 0
-70 -16 67 0
83 59 86 0
-77 -49 -35 0
26 -16 9 0
47 66 -73 0
-90 55 -7 0
56 69 -54 0
15 -56 61 0
-11 -87 86 0
-40 -35 -22 0
72 -92 17 0
-5 -34 -2 0
59 48 90 0
2 -79 45 0
-83 42 -20 0
-32 58 -81 0
-9 -54 89 0
-2 -8 -52 0
-26 -78 -79 0
-80 15 56 0
82 -32 31 0
55 -75 5 0
30 -20 -54 0
71 -23 -94 0
-2 68 -7 0
-3 -28 20 0
-60 62 57 0
-61 -30 62 0
91 -35 -36 0
74 -55 -1 0
43 7 72 0
-20 54 -41 0
-38 62 1 0
93 -69 -39 0
5 60 2 0
-80 87 81 0
33 43 -12 0
-20 4 -45 0
57 10 -48 0
10 -4 19 0
29 -57 38 0
38 -35 33 0
-67 17 92 0
89 -2 -10 0
61 -55 -79 0
13 -41 12 0
-91 8 -56 0
-64 -28 23 0
28 27 86 0
81 24 30 0
63 -4 -47 0
20 -59 -54 0
2 -65 -36 0
36 -69 -38 0
-79 67 5 0
37 24 -92 0
-50 30 83 0
17 81 -66 0
38 3 37 0
20 45 -7 0
-7 61 73 0
-23 64 -79 0
-40 -90 47 0
4 58 -48 0
-11 92 27 0
36 -76 -17 0
51 -14 -76 0
29 -4 -92 0
-87 50 -61 0
69 -30 -6 0
-68 46 -54 0
-13 -50 40 0
-19 -10 -60 0
-41 48 -31 0
28 75 44 0
-82 -54 63 0
-41 -85 -11 0
-52 84 20 0
-5 -82 -43 0
-71 28 -59 0
-87 36 -48 0
-23 9 -39 0
50 -41 42 0
-68 49 -60 0
-13 -9 -40 0
20 -75 -25 0
50 29 -1 0
-30 -19 82 0
-3 -5 -88 0
17 -5 -42 0
86 49 54 0
-51 77 -25 0
41 52 -46 0
71 -22 49 0
-5 19 -47 0
-71 -32 25 0
-72 34 -71 0
-88 -39 -77 0
20 83 -32 0
-73 -56 -29 0
-74 31 -79 0
57 49 65 0
-27 32 66 0
-50 67 -60 0
34 -38 -66 0
93 -60 31 0
60 55 -53 0
-33 44 -42 0
-89 66 -31 0
-71 -14 -61 0
88 -30 82 0
-78 -20 56 0
-78 -52 -31 0
68 -71 51 0
42 -3 -90 0
50 -33 29 0
58 -40 85 0
-8 82 -23 0
-46 15 -18 0
-63 -23 -82 0
74 37 91 0
3 -82 42 0
64 -51 4 0
-23 -25 34 0
51 -29 9 0
-57 34 35 0
-33 -64 21 0
42 -73 -47 0
93 -34 -91 0
77 75 1 0
-3 9 -17 0
-89 -50 -4 0
-17 33 39 0
84 18 -11 0
-77 28 -11 0
-62 73 -69 0
60 10 17 0
67 -73 -70 0
-2 76 -33 0
80 24 -57 0
-1 65 10 0
15 -81 -1 0
77 15 -58 0
-7 -64 -2 0
-53 49 -65 0
-61 13 37 0
-64 -72 38 0
-91 -37 20 0
-27 16 22 0
72 64 5 0
-4 7 29 0
-65 75 40 0
15 26 -66 0
-42 -41 81 0
-79 73 -70 0
72 -63 -39 0
58 68 41 0
-74 -26 40 0
26 71 48 0
-92 32 31 0
52 45 -53 0
-18 49 17 0
-64 -82 68 0
69 -30 -51 0
93 -66 -62 0
-66 21 52 0
-92 -10 -31 0
14 -76 -34 0
93 -67 -70 0
36 -82 39 0
68 -22 -13 0
-50 -25 -77 0
-32 6 66 0
54 15 51 0
70 31 16 0
51 82 -50 0
-73 86 30 0
90 71 66 0
-25 29 -28 0
-80 -17 -13 0
60 -22 1 0
4 55 46 0
25 -2 92 0
31 -57 27 0
-46 78 51 0
90 -4 -17 0
-11 -4 -85 0
-47 -60 -20 0
-28 -5 -25 0
-94 -49 -51 0
50 -33 66 0
-68 4 -92 0
-85 -14 -33 0
-2 93 -1 0
-17 -44 -48 0
18 -75 -91 0
82 7 -14 0
18 91 -69 0
-10 37 -64 0
2 -58 -47 0
9 -67 86 0
89 46 -79 0
-82 -84 -76 0
-26 -68 24 0
-47 93 77 0
35 -72 85 0
-67 88 9 0
-20 -57 -93 0
-87 80 74 0
-14 -20 48 0
42 -9 86 0
39 -52 -89 0
-25 -81 -62 0
-27 46 93 0
91 -87 -78 0
-48 -21 30 0
-89 65 8 0
69 -81 29 0
80 79 -40 0
-47 -43 -55 0
-64 -21 54 0
47 3 -73 0
47 89 22 0
51 86 11 0
-86 61 51 0
7 88 64 0
67 -88 36 0
36 -71 77 0
-48 26 74 0
-94 46 -40 0
-4 -6 -78 0
-3 -2 -27 0
-19 -46 3 0
32 -94 59 0
23 -83 -90 0
16 -57 -62 0
88 52 6 0
-52 -83 43 0
85 -23 -35 0
39 -18 6 0
76 -41 -50 0
32 49 36 0
-2 77 -64 0
-27 -77 9 0
