p 89 379
-66 34 5 0
-23 -28 -58 0
84 -80 -61 0
-80 -45 2 0
-76 -18 -67 0
57 -87 -58 0
-15 85 3 0
-46 19 65 0
10 -89 -78 0
-82 -67 72 0
60 1 35 0
-14 -86 53 0
5 -2 21 0
45 -1 -22 0
67 -54 82 0
-19 36 -82 0
-10 -76 40 0
-44 84 -1 0
48 -71 54 0
37 -6 -47 0
-10 63 -29 0
-21 33 -51 0
-58 87 -18 0
5 26 32 0
-88 10 35 0
-66 -13 22 0
57 -35 -86 0
-83 -27 -62 0
-33 36 41 0
-72 -76 2 0
32 41 72 0
-47 -75 70 0
80 87 59 0
44 -62 52 0
-77 30 -53 0
-59 16 -21 0
35 55 19 0
81 23 30 0
-38 17 51 0
-18 -86 -49 0
71 27 13 0
82 -80 21 0
67 34 -71 0
-74 -57 -10 0
-3 1 36 0
59 -71 -74 0
-33 -16 -62 0
61 -54 49 0
78 -30 -36 0
16 -23 -24 0
-10 -40 -65 0
27 66 -60 0
22 4 -2 0
-82 66 -76 0
-73 36 -82 0
-75 61 -73 0
69 -77 60 0
-74 34 78 0
-88 -46 -85 0
57 69 -26 0
-23 30 -79 0
84 89 -81 0
-19 -63 -35 0
-61 -87 -11 0
13 -2 -70 0
54 -46 21 0
-35 20 -76 0
-24 -88 21 0
-2 86 81 0
10 83 -4 0
-2 -39 86 0
-55 34 12 0
-44 36 -25 0
9 3 54 0
61 87 76 0
80 70 -29 0
-7 53 6 0
37 21 -66 0
-3 33 -43 0
65 2 -9 0
-57 32 85 0
17 -12 -43 0
-34 -66 38 0
28 23 4 0
-78 -6 -82 0
13 -76 -28 0
-83 -55 -45 0
87 -63 -81 0
-13 76 -17 0
-68 14 -85 0
88 89 32 0
12 32 -80 0
89 42 -54 0
4 -26 67 0
87 -58 61 0
42 -3 53 0
10 -53 45 0
72 -58 59 0
18 -59 26 0
-82 60 22 0
46 44 17 0
51 -60 -22 0
22 29 -83 0
27 -33 -77 0
21 -1 19 0
20 41 -64 0
13 -45 49 0
34 64 -14 0
-11 -17 -16 0
19 25 80 0
19 12 52 0
82 -85 73 0
33 26 -1 0
-71 17 -8 0
77 66 -76 0
1 27 -29 0
-55 -66 -25 0
28 15 -83 0
-19 26 43 0
24 70 38 0
-19 -41 -46 0
-37 35 -42 0
-59 14 -66 0
80 30 -47 0
-5 -28 -3 0
-55 -61 45 0
15 -18 19 0
-84 -83 63 0
64 39 -69 0
-79 -29 -14 0
13 -79 -51 0
-9 69 -16 0
-26 -58 -36 0
26 -61 -58 0
-65 -83 61 0
-31 -66 -24 0
13 23 81 0
13 72 -5 0
44 67 72 0
-45 -30 47 0
-26 15 9 0
-45 -88 -18 0
10 66 -80 0
-57 85 9 0
17 -22 45 0
-20 88 51 0
-72 64 8 0
-74 14 50 0
-15 71 -21 0
84 -37 28 0
84 -82 -62 0
-9 -45 -61 0
4 -28 30 0
61 -10 28 0
56 -1 -48 0
-38 -30 -8 0
51 -68 -58 0
-86 -68 -88 0
28 -34 66 0
26 5 -22 0
50 43 -38 0
-28 30 56 0
35 38 22 0
-53 -76 33 0
44 -12 -59 0
69 -60 -87 0
85 87 -10 0
22 -58 -33 0
-70 56 -33 0
-20 19 73 0
62 39 9 0
4 6 -1 0
30 -10 -78 0
18 60 -58 0
-54 -44 27 0
30 -63 32 0
-60 64 -18 0
72 -76 -70 0
55 81 -43 0
53 88 83 0
66 -19 -64 0
-71 -37 -31 0
-41 -8 42 0
-59 23 -40 0
39 -52 -36 0
-6 64 -21 0
47 44 -54 0
25 -59 22 0
58 62 -50 0
19 30 87 0
-88 -48 73 0
16 -30 66 0
12 35 30 0
41 -82 9 0
-63 -48 -21 0
76 40 29 0
-45 20 -23 0
-72 37 -79 0
-40 -29 55 0
-53 48 -9 0
-82 60 -59 0
66 8 82 0
59 78 55 0
-4 -14 -23 0
-84 52 37 0
38 17 -29 0
-58 51 30 0
75 7 -20 0
54 8 68 0
39 -75 29 0
21 -89 -58 0
65 -13 -36 0
-38 -1 -83 0
-7 -83 -13 0
61 -43 -71 0
40 11 18 0
49 50 81 0
48 46 58 0
14 30 56 0
18 -87 74 0
79 57 -54 0
-74 -31 64 0
-66 -12 -60 0
26 -23 -58 0
72 -39 37 0
-89 -85 26 0
70 -87 65 0
53 -80 58 0
68 15 57 0
-67 -78 -22 0
35 -57 -37 0
-39 2 38 0
-19 50 -7 0
38 31 32 0
75 -15 63 0
-23 -58 -61 0
31 88 11 0
53 19 77 0
10 42 34 0
3 -27 35 0
-12 -58 66 0
2 -40 23 0
-25 -85 69 0
-72 -87 3 0
-89 61 45 0
-52 -8 36 0
-59 3 -28 0
-2 17 38 0
3 58 -30 0
70 -52 56 0
-39 89 12 0
55 83 -54 0
-66 65 -53 0
-21 -54 -78 0
49 76 38 0
19 -89 -66 0
15 76 7 0
43 40 -54 0
63 69 81 0
-85 54 75 0
-52 -88 79 0
-17 77 63 0
27 82 -10 0
72 -17 6 0
33 -75 54 0
-70 87 -12 0
-84 29 52 0
-44 -19 -11 0
-13 65 -71 0
29 70 48 0
-42 -74 -36 0
52 -9 -64 0
-60 -9 84 0
66 37 -70 0
-71 -21 39 0
-30 15 -65 0
43 -12 -40 0
-52 4 79 0
-60 80 -59 0
-21 -54 60 0
-65 85 80 0
42 -53 30 0
63 7 3 0
17 3 52 0
88 -38 -11 0
50 -45 -68 0
54 26 72 0
79 -72 -2 0
-78 49 -13 0
-88 84 44 0
52 67 -81 0
-75 -11 -82 0
-32 69 -45 0
3 13 -30 0
2 -72 -37 0
-7 14 -65 0
-80 82 89 0
62 -55 -39 0
46 -65 -3 0
60 -74 -72 0
-69 -21 26 0
-38 66 51 0
71 75 -56 0
-10 81 -84 0
68 -34 -17 0
-79 -85 -26 0
72 -64 3 0
14 -68 46 0
-89 -68 3 0
62 -39 70 0
-78 -31 60 0
40 -20 -25 0
-43 76 -40 0
13 -88 -25 0
9 -56 -80 0
-20 61 -55 0
38 -63 -36 0
-5 -13 24 0
-32 -69 -14 0
-34 -41 -25 0
52 4 9 0
-83 -39 84 0
21 -55 -4 0
7 -28 -77 0
82 5 42 0
-19 18 -59 0
-1 -55 -11 0
67 -16 14 0
70 75 -37 0
-31 34 -48 0
66 -73 3 0
29 -16 83 0
20 -28 -30 0
-47 -69 16 0
85 9 -82 0
14 6 47 0
-75 -69 -73 0
1 -10 -74 0
43 -30 19 0
80 40 -33 0
-45 -47 -29 0
-48 44 8 0
-86 -80 40 0
29 85 -3 0
71 -9 83 0
11 44 -53 0
29 -23 -64 0
57 10 -17 0
-64 -54 10 0
-74 -11 66 0
68 77 -16 0
-60 -67 -86 0
62 60 -42 0
51 -33 -9 0
47 52 85 0
71 -35 11 0
80 81 33 0
61 -39 29 0
-64 52 -85 0
-15 -9 -67 0
-24 69 -52 0
-5 54 -89 0
48 -60 1 0
25 30 42 0
-17 50 71 0
48 -2 -5 0
74 73 -17 0
12 45 -88 0
-36 12 21 0
-17 -78 68 0
16 -63 -59 0
77 26 -24 0
65 -33 7 0
23 -44 45 0
-27 53 65 0
62 35 -19 0
19 -16 -69 0
5 52 -27 0
60 -38 6 0
