p 90 383
56 41 -39 0
-58 -54 -89 0
75 -8 -60 0
-68 50 -43 0
-34 62 -82 0
49 75 68 0
-28 73 -66 0
88 -2 87 0
43 -81 35 0
-21 34 74 0
-45 56 25 0
59 -13 -2 0
-73 39 10 0
27 -5 73 0
90 88 -44 0
-27 5 -20 0
50 -76 -63 0
-26 -83 89 0
-72 55 -51 0
-12 73 -9 0
74 16 62 0
-87 -50 -82 0
9 26 14 0
29 -7 -64 0
-43 64 -37 0
68 53 -38 0
-66 84 5 0
-71 -23 9 0
34 30 -7 0
-42 57 -3 0
-82 24 35 0
84 85 -19 0
3 14 -62 0
-51 59 -16 0
-75 -51 -43 0
-64 89 42 0
63 19 -54 0
26 -38 -30 0
82 59 -60 0
6 20 -88 0
75 47 85 0
71 52 -2 0
10 -43 -45 0
15 -47 24 0
4 -15 38 0
57 7 10 0
3 -17 -10 0
6 -73 -10 0
31 -80 39 0
21 37 -25 0
-51 -8 -28 0
66 40 -87 0
87 63 8 0
-76 -20 30 0
61 6 -41 0
-37 -80 -6 0
40 -20 50 0
3 -34 -14 0
19 14 -58 0
-69 86 -75 0
56 -61 31 0
-85 -4 54 0
57 86 9 0
27 41 33 0
12 -81 31 0
-39 -33 -2 0
-41 -63 -58 0
-41 -28 -15 0
-33 64 28 0
-41 -68 5 0
84 -15 -74 0
-31 -87 -83 0
83 -55 51 0
79 -34 -9 0
89 85 -79 0
38 40 73 0
-7 32 48 0
-64 50 7 0
-7 57 -65 0
90 33 25 0
-78 -59 -18 0
-17 61 69 0
67 71 60 0
16 18 -68 0
1 -54 -15 0
-9 -10 -77 0
-41 -83 -29 0
-5 68 43 0
-14 64 34 0
25 -17 2 0
-80 -10 -5 0
-89 -27 -58 0
-80 64 25 0
26 -40 -60 0
51 -79 -90 0
3 62 -76 0
-72 28 12 0
82 -55 83 0
-64 41 76 0
65 27 -86 0
61 18 25 0
-78 -67 -4 0
37 -79 -52 0
48 -53 -47 0
45 -26 -9 0
22 -50 -72 0
84 -17 81 0
-22 35 88 0
-30 -89 24 0
-19 -78 77 0
84 -45 -90 0
-24 55 -70 0
-3 -88 11 0
-36 84 63 0
29 -30 58 0
-33 88 66 0
60 -43 -18 0
72 -54 -70 0
-32 47 -75 0
-13 30 51 0
-5 -46 60 0
-8 -13 -4 0
-66 60 -47 0
76 -86 19 0
22 -76 71 0
-32 -56 -46 0
58 -84 88 0
24 -50 -23 0
-3 -20 -16 0
-27 21 44 0
21 64 -24 0
77 22 -50 0
-76 17 20 0
71 79 -74 0
35 55 -25 0
-75 3 -54 0
48 35 62 0
-25 -65 66 0
4 -7 49 0
-52 -64 9 0
60 -10 34 0
-35 4 -60 0
-80 -31 28 0
-71 44 -2 0
-23 -33 2 0
-80 -62 51 0
-51 85 -60 0
-69 68 -10 0
76 30 -21 0
-31 5 62 0
10 55 -5 0
31 -49 71 0
83 75 62 0
-50 -53 9 0
-37 35 39 0
-36 79 -63 0
77 -2 55 0
2 -15 -16 0
42 -41 84 0
-84 60 -69 0
48 -86 13 0
-62 38 87 0
-67 12 -42 0
-37 4 70 0
-57 84 54 0
-10 -28 -85 0
5 -21 -19 0
43 23 90 0
33 45 -19 0
11 73 29 0
70 52 -38 0
87 -14 50 0
-4 -60 3 0
-13 46 -25 0
-29 -84 57 0
-56 67 22 0
-9 -7 -15 0
-13 -76 11 0
-68 -79 39 0
-63 -78 -80 0
51 80 -78 0
-4 -58 56 0
-16 28 -84 0
89 -25 -88 0
20 -54 -69 0
45 -74 52 0
51 -56 -39 0
-54 -78 45 0
-50 -56 4 0
-78 16 66 0
66 61 59 0
-23 46 -89 0
-26 -3 52 0
44 65 45 0
-36 48 -9 0
-76 89 -2 0
32 15 77 0
2 24 -41 0
34 16 38 0
-17 70 -31 0
66 -21 75 0
24 57 39 0
39 -73 -25 0
85 -13 -51 0
66 -69 40 0
-88 -18 -31 0
74 61 19 0
-7 24 -14 0
-6 30 -38 0
-20 56 70 0
83 50 36 0
-38 -81 -18 0
-24 -58 29 0
16 50 76 0
13 72 70 0
-41 29 -44 0
-6 32 34 0
61 60 29 0
-20 -70 63 0
-90 -63 33 0
52 25 -2 0
75 73 23 0
-55 87 -46 0
14 29 80 0
68 -66 -72 0
-23 77 49 0
-25 32 -17 0
50 -16 -59 0
-45 21 24 0
54 70 78 0
-82 -21 -69 0
68 -87 -89 0
58 12 -35 0
-12 -2 -79 0
-5 -51 -4 0
-29 -64 3 0
47 86 -36 0
7 -10 32 0
-4 -13 -77 0
-9 41 -14 0
-14 4 -13 0
81 61 -19 0
-24 -62 16 0
11 -27 -3 0
-27 -76 -23 0
22 -31 -57 0
83 3 52 0
-39 55 -72 0
-31 50 -21 0
-17 38 46 0
-73 24 -20 0
-77 -44 -66 0
26 -1 52 0
15 46 51 0
50 48 -67 0
-55 -68 -81 0
-42 -88 -72 0
89 61 -37 0
50 -26 18 0
-17 -78 -46 0
25 28 -87 0
-49 -72 27 0
86 69 -22 0
-68 -1 9 0
33 8 69 0
51 61 -64 0
-17 -77 -44 0
72 -50 -52 0
6 -56 69 0
80 -67 -9 0
-61 -90 54 0
31 39 -40 0
-60 63 -89 0
65 -60 -11 0
-38 -53 -37 0
67 47 -35 0
19 77 88 0
35 -64 69 0
78 82 24 0
-22 -51 73 0
-46 34 -20 0
75 -81 -15 0
10 -50 72 0
11 -16 55 0
-23 52 51 0
13 88 -75 0
-77 -69 17 0
-77 61 -36 0
-23 -32 16 0
83 -2 15 0
35 88 63 0
52 -63 24 0
-33 53 26 0
77 -10 -55 0
-63 31 -71 0
49 -63 -20 0
-27 -18 7 0
34 -12 61 0
50 -90 -80 0
41 -83 -58 0
-56 15 -10 0
-9 69 64 0
-27 -18 14 0
35 -73 25 0
15 -74 3 0
65 -41 66 0
-47 89 62 0
-66 41 1 0
-73 5 -83 0
32 -57 -40 0
-58 8 60 0
17 -2 -71 0
-36 55 -53 0
-20 47 17 0
-7 -29 -19 0
80 -81 4 0
85 -25 82 0
-81 39 -21 0
34 -45 1 0
3 29 -72 0
-62 -2 60 0
15 83 -23 0
66 10 -17 0
14 71 86 0
-17 39 29 0
5 23 25 0
-34 -63 -25 0
85 -28 -54 0
78 -68 53 0
-50 69 45 0
37 -48 -3 0
15 72 -5 0
-1 -66 56 0
85 4 38 0
-18 86 81 0
37 63 15 0
-39 -90 -79 0
57 -66 -39 0
29 36 48 0
-80 -71 24 0
-78 84 -58 0
-2 43 28 0
-53 -35 -76 0
65 -32 -14 0
-3 72 -71 0
28 3 -55 0
-6 63 40 0
72 -3 -74 0
65 -50 -85 0
-66 -41 -86 0
53 -86 -90 0
85 18 47 0
-55 36 51 0
52 65 35 0
-81 3 65 0
-46 47 40 0
24 20 -53 0
-37 -42 57 0
34 49 -33 0
10 -28 13 0
32 4 -16 0
51 -49 -42 0
47 36 69 0
19 7 -9 0
-87 79 -66 0
-85 -53 -2 0
-8 -60 20 0
83 -74 32 0
13 -32 -37 0
-89 -60 42 0
-50 -43 22 0
-32 55 30 0
37 53 87 0
-51 66 56 0
-29 -48 -45 0
18 -31 48 0
27 -35 30 0
-84 70 -62 0
-42 -78 -80 0
85 41 86 0
-31 78 11 0
82 -15 70 0
46 -26 89 0
