p 37 157
10 -24 -20 0
-15 -33 10 0
2 1 -21 0
10 -31 -23 0
-20 17 11 0
22 1 -19 0
-35 19 -26 0
31 -9 -32 0
-33 -1 21 0
3 -23 -12 0
-26 3 31 0
-18 -25 30 0
14 -15 24 0
28 26 -3 0
8 32 -14 0
-10 21 -14 0
18 -26 12 0
-11 22 -17 0
24 -4 -20 0
15 2 28 0
-17 -16 29 0
-16 36 -24 0
19 -21 22 0
-36 -30 28 0
1 -24 -20 0
26 19 -28 0
18 -11 -9 0
-19 -7 36 0
-2 27 -24 0
-6 -26 19 0
26 17 -16 0
15 32 -18 0
-11 9 28 0
1 26 10 0
-2 10 -21 0
-30 26 7 0
12 4 11 0
-19 -11 18 0
-27 -25 10 0
-26 -1 -18 0
14 -28 31 0
-35 -2 10 0
-25 -36 37 0
2 19 -29 0
2 6 24 0
31 17 19 0
-16 11 -23 0
7 3 -14 0
27 9 21 0
17 21 -31 0
5 27 -13 0
-6 8 -27 0
32 -20 -18 0
-5 -36 -35 0
4 -10 -34 0
-34 -37 -5 0
10 -3 4 0
-27 -25 -14 0
-25 -37 20 0
-10 -3 13 0
-30 -23 -8 0
-20 15 -9 0
-20 -13 23 0
12 -13 31 0
-26 36 -24 0
32 -33 -2 0
-18 11 -31 0
-37 -4 1 0
-13 36 -18 0
19 -33 24 0
-11 -36 21 0
-12 -2 -29 0
5 -30 -24 0
13 -1 -10 0
-9 31 29 0
4 11 -36 0
-1 -17 14 0
-33 25 28 0
6 -31 -10 0
-19 -21 32 0
-2 25 -8 0
-26 14 -37 0
-12 26 24 0
16 7 15 0
-29 -13 20 0
28 7 8 0
34 26 33 0
5 -11 6 0
20 1 -23 0
-10 16 -35 0
24 36 29 0
-3 -14 30 0
26 7 -32 0
-1 -26 -3 0
32 -5 25 0
16 -7 -30 0
-12 34 16 0
28 -4 -7 0
-11 -34 15 0
29 -14 -24 0
-12 23 -8 0
-25 30 28 0
24 -36 -1 0
17 -15 -18 0
-10 -9 16 0
-18 -32 -23 0
-22 -32 -11 0
10 17 -33 0
-15 -35 3 0
-18 20 19 0
-5 30 20 0
-26 -15 34 0
16 -15 -1 0
34 -8 23 0
-22 29 -12 0
29 23 -8 0
14 -30 -26 0
-21 30 25 0
-10 -20 27 0
17 -30 10 0
37 14 -22 0
15 29 25 0
34 28 14 0
-8 -4 -7 0
26 37 14 0
9 23 -36 0
-28 -31 -15 0
-22 -4 -11 0
3 21 -20 0
-28 -25 -12 0
-4 2 5 0
-23 -17 -32 0
26 -3 9 0
-24 34 21 0
-37 -13 -18 0
13 -17 -27 0
34 23 -32 0
32 -27 1 0
-23 15 -36 0
12 31 37 0
26 -3 -8 0
37 1 -31 0
34 9 29 0
-31 22 25 0
9 -20 15 0
5 -30 -7 0
33 7 18 0
-11 -32 27 0
-30 -13 -28 0
12 -35 -4 0
-10 34 31 0
19 34 23 0
35 -23 4 0
8 7 23 0
-28 -30 25 0
-6 -9 -33 0
-12 36 22 0
