p 49 208
-26 -5 -38 0
-19 -27 31 0
-28 29 -11 0
-1 27 -11 0
31 38 -10 0
-2 39 -26 0
-36 -46 26 0
-18 3 -22 0
-2 5 -34 0
22 -27 -48 0
-13 15 30 0
-24 -28 -20 0
20 39 28 0
6 -36 -31 0
-20 -29 -47 0
20 22 23 0
-34 11 23 0
5 -39 -6 0
30 44 37 0
-11 -17 -25 0
9 -41 -15 0
-12 -21 -2 0
36 21 6 0
-49 -46 34 0
-32 27 -12 0
36 11 29 0
43 47 18 0
-19 4 38 0
-29 -33 -38 0
-30 16 -44 0
41 35 -39 0
-3 -33 -32 0
-20 -23 -17 0
19 -42 4 0
23 -15 34 0
37 -6 13 0
-34 -25 23 0
38 -22 16 0
-36 25 28 0
48 32 -39 0
-10 -2 21 0
-15 -35 -46 0
-26 45 -39 0
-30 8 -7 0
45 5 20 0
-49 11 -30 0
-46 33 44 0
11 -9 48 0
-30 -23 -38 0
-39 -27 -38 0
-29 -7 4 0
30 -41 6 0
-46 38 15 0
5 23 22 0
-6 -22 -43 0
15 -4 5 0
3 9 -40 0
-24 14 29 0
21 -7 -27 0
-42 2 -40 0
22 33 -43 0
-12 -49 -25 0
-27 -48 -19 0
-2 -14 29 0
-28 41 14 0
26 37 4 0
33 -13 -30 0
48 -13 11 0
-29 -49 -32 0
46 -1 32 0
-48 -7 -47 0
39 -34 1 0
-40 -18 -30 0
-21 30 1 0
10 -40 -14 0
-15 8 -31 0
18 17 -26 0
-45 13 5 0
27 46 -18 0
-36 -41 29 0
-45 -20 -38 0
-46 -6 -24 0
10 5 -26 0
-45 -16 17 0
14 -41 -49 0
41 -14 -21 0
-45 -16 -6 0
-9 44 -32 0
-20 -9 -44 0
16 3 33 0
37 -2 -28 0
-20 38 37 0
-40 1 -2 0
-7 24 -10 0
-4 -37 28 0
-31 18 27 0
44 30 -12 0
-44 -39 -7 0
-15 -6 7 0
34 -4 -21 0
-29 34 4 0
12 13 -31 0
49 -32 -45 0
45 -7 18 0
-5 -11 -15 0
40 -32 48 0
36 29 -25 0
-25 -34 -14 0
-21 -24 -33 0
-14 -32 6 0
-19 -3 -17 0
-40 -26 3 0
-36 -44 -29 0
-22 40 -18 0
44 -6 5 0
-7 43 21 0
-21 -48 4 0
-24 22 14 0
-42 26 20 0
-30 7 39 0
1 -33 40 0
-26 -25 -34 0
25 -14 -2 0
46 -37 -48 0
41 14 -24 0
-12 -44 5 0
-48 24 23 0
-29 19 23 0
-23 46 -18 0
-19 -29 -31 0
39 -29 -49 0
24 48 45 0
43 33 36 0
-19 -49 13 0
7 22 -27 0
-12 29 -49 0
-13 -9 32 0
17 -10 -26 0
-30 -24 -8 0
14 -29 30 0
-15 -1 5 0
-22 -10 -5 0
46 33 -21 0
-21 -19 -46 0
31 -40 -36 0
12 -32 34 0
-38 -23 7 0
-21 36 -38 0
46 -32 38 0
27 -11 -9 0
-19 -32 -22 0
12 48 -2 0
48 19 -30 0
23 36 -42 0
37 -43 4 0
34 22 21 0
-9 43 -11 0
36 40 -18 0
-18 -15 46 0
-14 48 -7 0
-11 -31 21 0
49 45 30 0
33 -22 -16 0
3 -43 18 0
22 10 29 0
-9 -28 22 0
45 -8 -31 0
-3 -4 -12 0
-47 -23 16 0
-26 -48 25 0
33 -15 34 0
42 28 -14 0
30 44 33 0
33 49 2 0
45 -23 -37 0
-38 -44 -39 0
23 26 -10 0
-40 -47 31 0
15 -26 -3 0
-8 -41 2 0
-34 -10 -47 0
-22 -44 -45 0
-47 49 4 0
42 -23 37 0
-4 -31 20 0
8 -37 -7 0
15 44 -40 0
-34 40 7 0
20 27 -28 0
-16 -10 -24 0
16 29 45 0
-1 45 31 0
-40 14 20 0
7 35 -27 0
21 49 -40 0
-22 -16 48 0
12 26 17 0
-31 -3 -44 0
45 -19 23 0
-13 -10 -43 0
40 -36 47 0
-16 35 -39 0
34 35 26 0
14 -48 42 0
-31 -8 44 0
32 11 47 0
20 17 38 0
7 5 39 0
