p 52 221
4 43 5 0
32 -46 -34 0
34 36 39 0
-7 -41 46 0
-13 -21 -17 0
3 -29 47 0
13 23 -36 0
37 -40 30 0
45 42 37 0
31 19 -1 0
4 -29 31 0
21 -23 -39 0
-42 31 26 0
15 23 12 0
-42 -7 -35 0
-21 32 -38 0
-46 -27 -6 0
-22 -41 -20 0
-49 -28 17 0
-40 -5 33 0
41 50 -13 0
-52 -23 40 0
3 13 -43 0
5 6 34 0
22 -17 23 0
23 -48 -32 0
23 -1 -20 0
-35 -50 25 0
-4 13 29 0
-51 -2 -24 0
13 -25 -1 0
-39 52 -35 0
29 -11 12 0
-18 -7 16 0
7 -39 30 0
-26 -19 7 0
-23 -10 3 0
-2 -33 26 0
-12 43 -51 0
-45 -40 -15 0
-27 50 41 0
28 50 -44 0
-38 -3 2 0
-19 24 4 0
-7 -1 -22 0
52 -28 -35 0
-7 38 16 0
-20 48 16 0
-4 29 42 0
-43 -39 48 0
49 -50 5 0
-49 -40 14 0
-23 15 11 0
-46 -44 4 0
-18 52 -4 0
-39 19 -30 0
50 5 24 0
-4 46 -30 0
-46 45 -38 0
-44 39 5 0
-15 -39 -37 0
31 47 -7 0
43 36 24 0
4 38 17 0
-47 -51 31 0
-48 15 26 0
50 16 -38 0
-49 -50 -24 0
-34 23 43 0
39 -9 1 0
18 48 44 0
49 -27 24 0
15 -39 47 0
-40 48 -10 0
44 -27 -22 0
-49 -15 2 0
-18 -35 -12 0
45 13 32 0
22 30 2 0
-13 2 35 0
44 29 -45 0
38 17 -14 0
-34 -40 -46 0
42 -20 -6 0
11 -16 18 0
-32 11 52 0
17 13 16 0
9 4 37 0
-18 49 48 0
-52 44 16 0
38 -24 -11 0
47 -4 6 0
-13 -27 24 0
41 14 -18 0
-29 39 -34 0
-34 -36 -25 0
-33 -23 -44 0
4 31 -41 0
46 -23 10 0
-41 -19 48 0
-27 3 31 0
44 23 -30 0
-13 27 45 0
31 14 1 0
34 -37 -30 0
30 21 34 0
19 34 -11 0
-33 -24 6 0
-50 -40 31 0
35 -1 34 0
22 -43 -35 0
9 -7 25 0
-46 44 22 0
-30 36 31 0
9 29 11 0
-39 -25 -15 0
-14 20 -49 0
21 -43 17 0
47 -34 -39 0
31 18 -10 0
31 18 51 0
34 50 -39 0
-52 21 -38 0
-3 8 -2 0
41 11 -43 0
-48 14 8 0
47 27 -41 0
-21 -10 17 0
-40 -5 -27 0
-15 -31 22 0
45 -24 14 0
-44 46 -6 0
35 36 -51 0
-14 36 2 0
-30 25 -17 0
-24 18 12 0
-26 39 15 0
-29 20 -45 0
9 39 -52 0
-50 -8 -35 0
42 -48 -43 0
-43 -27 28 0
19 14 -52 0
-48 -18 42 0
34 -47 50 0
-34 -13 42 0
42 -11 40 0
39 -50 -15 0
5 -44 25 0
-18 -22 -13 0
30 -51 18 0
12 41 -17 0
44 10 36 0
51 3 -22 0
28 40 -38 0
-12 50 -46 0
-28 46 42 0
6 43 -30 0
49 -42 -40 0
17 -42 -4 0
-33 -11 32 0
2 -13 -45 0
-5 -45 41 0
-25 -46 -38 0
-49 -7 36 0
2 3 -30 0
39 38 18 0
-12 6 -47 0
47 8 26 0
37 -23 -43 0
-21 -23 -6 0
-15 38 48 0
-42 -37 -20 0
18 -23 -48 0
-27 26 14 0
35 16 47 0
-19 -16 29 0
26 5 21 0
-3 -13 36 0
-42 25 -26 0
-23 -39 -31 0
35 42 -16 0
31 -39 23 0
-36 -45 37 0
-35 -22 -24 0
-49 -17 -14 0
-9 -24 7 0
11 -4 -12 0
43 -45 21 0
-34 -15 -7 0
-12 26 -3 0
16 9 4 0
11 -18 -16 0
9 -25 29 0
10 4 -39 0
14 18 -13 0
-26 10 47 0
8 50 -32 0
-7 18 27 0
31 -21 34 0
5 21 8 0
-12 26 -17 0
14 24 37 0
21 8 19 0
-45 17 31 0
-9 -25 -39 0
22 2 -37 0
46 -19 -14 0
-1 36 44 0
23 -13 17 0
34 -11 -2 0
-34 -31 -42 0
36 34 13 0
34 17 28 0
-36 38 -13 0
33 -3 -22 0
-36 49 -19 0
-38 25 17 0
-34 -3 -21 0
24 47 -32 0
30 -22 -44 0
