p 39 166
34 21 10 0
4 30 1 0
17 -25 22 0
-17 36 -19 0
36 28 4 0
-38 -28 26 0
-25 11 -16 0
-13 -38 -16 0
-21 -25 2 0
30 -6 -8 0
3 28 -21 0
-18 19 28 0
11 4 18 0
1 14 27 0
3 19 39 0
-14 3 -31 0
14 38 32 0
15 -9 32 0
-33 35 16 0
16 15 13 0
39 25 17 0
25 9 29 0
34 -23 -17 0
9 -15 -29 0
3 22 -18 0
-15 -39 -35 0
16 4 -36 0
-31 11 -35 0
-23 12 4 0
28 6 26 0
32 -26 4 0
29 -22 -21 0
-26 19 -14 0
-24 29 1 0
-15 -35 -6 0
21 20 -28 0
-39 -31 -38 0
10 12 -2 0
-17 22 -26 0
-20 -8 -22 0
-37 28 34 0
14 -9 -16 0
10 35 -14 0
29 -33 27 0
-32 -19 1 0
1 22 -29 0
37 -22 -1 0
-33 6 10 0
-30 -31 29 0
-17 9 -16 0
-7 -25 12 0
-36 22 9 0
26 -18 15 0
27 20 -3 0
10 -19 -3 0
33 -32 37 0
2 23 -25 0
-10 -31 7 0
-18 23 17 0
-8 13 -20 0
10 -9 8 0
-18 -10 -20 0
-26 -32 -17 0
-16 19 31 0
-10 -18 5 0
-3 -32 30 0
-11 -17 12 0
-24 -22 3 0
-34 37 -11 0
-35 30 -19 0
-37 36 6 0
31 -3 -12 0
13 -2 32 0
-39 21 36 0
-18 -23 31 0
-36 -24 -39 0
-30 -31 -34 0
-24 -28 -39 0
29 37 18 0
-11 -21 9 0
-29 -13 -38 0
-9 33 22 0
18 -17 2 0
10 26 -32 0
33 -16 20 0
-30 -9 13 0
-4 3 -28 0
28 -4 29 0
-36 20 -1 0
-36 -26 5 0
21 39 -24 0
17 -10 24 0
-3 -30 -29 0
-8 18 -29 0
28 24 -3 0
39 15 -31 0
-4 34 -37 0
-27 22 -2 0
27 7 -29 0
-29 -33 -16 0
-20 -34 -38 0
-26 -8 18 0
20 28 -26 0
-13 35 7 0
-4 22 14 0
22 9 -38 0
-28 -17 30 0
24 -31 7 0
-31 -20 -36 0
34 -33 14 0
-6 36 15 0
37 -6 23 0
13 -12 29 0
-34 31 -3 0
-9 16 -5 0
14 8 -35 0
-9 -34 21 0
37 -29 39 0
-33 37 21 0
4 38 9 0
21 13 12 0
-15 -9 -25 0
-23 -18 19 0
25 -1 27 0
12 -22 21 0
-32 -24 11 0
23 3 -20 0
-36 -29 -19 0
9 -25 -34 0
39 36 -30 0
-17 -13 -12 0
6 12 -4 0
25 6 26 0
-18 11 -19 0
17 21 -30 0
-9 -2 -27 0
26 15 -4 0
-10 4 -38 0
-36 22 -14 0
-9 -35 36 0
26 38 27 0
-33 36 14 0
-4 21 -20 0
16 -30 4 0
-11 -5 12 0
-10 -29 5 0
6 9 -18 0
29 -19 22 0
-16 -37 -17 0
-4 23 -25 0
10 29 21 0
28 -31 -27 0
-24 -9 29 0
3 11 1 0
-16 -28 -9 0
-4 6 34 0
35 -20 1 0
-25 6 16 0
-2 -21 25 0
37 -18 -17 0
24 15 -22 0
8 -9 38 0
-32 -7 14 0
-12 5 -32 0
25 10 18 0
-32 -1 -36 0
