p 64 272
39 2 -61 0
-61 -26 31 0
10 54 23 0
-54 -43 -24 0
29 42 -62 0
58 -16 46 0
-3 -23 6 0
41 50 -16 0
-17 -26 -7 0
2 57 -16 0
62 30 20 0
13 1 9 0
-16 32 -64 0
26 39 -34 0
60 54 -48 0
-17 35 6 0
45 5 -38 0
64 19 -48 0
57 6 -13 0
12 58 47 0
29 12 -9 0
10 -34 36 0
23 35 5 0
-50 -54 -7 0
-13 -61 -63 0
61 39 -10 0
-5 -47 26 0
64 49 -17 0
3 55 -29 0
-9 52 -3 0
31 24 -27 0
10 -8 -25 0
-35 -28 63 0
1 -12 -44 0
20 41 56 0
50 -26 62 0
-52 14 -39 0
33 -45 9 0
17 -51 22 0
-42 -64 -27 0
56 -41 -27 0
-7 4 39 0
62 33 -9 0
-57 -29 -30 0
-31 -54 -34 0
-39 48 -36 0
58 -53 48 0
-43 -16 32 0
7 -63 13 0
53 19 -17 0
-39 42 46 0
-37 -16 -17 0
-28 22 -27 0
29 -63 -59 0
30 64 11 0
49 -19 -64 0
-25 -10 -62 0
-43 20 53 0
63 36 -28 0
9 -1 -6 0
-44 -30 -57 0
45 -3 20 0
9 12 -46 0
-8 -30 55 0
-49 -31 39 0
-44 48 -53 0
-11 24 -37 0
-10 2 -48 0
-43 32 -12 0
-42 -27 14 0
53 -64 26 0
-8 9 64 0
45 -36 55 0
49 8 -63 0
23 54 -64 0
55 44 -31 0
-22 -35 -49 0
-38 -53 9 0
55 -63 62 0
-27 -26 -35 0
17 -55 -58 0
28 -50 -45 0
-55 37 10 0
25 -32 -57 0
60 21 -48 0
52 34 55 0
25 2 -39 0
35 31 -41 0
-27 -22 25 0
-40 19 -24 0
-54 28 -52 0
23 61 -44 0
-31 11 -51 0
-18 -17 47 0
-38 -4 -14 0
37 7 54 0
-60 9 -29 0
24 22 58 0
-32 -13 -25 0
57 49 6 0
-20 55 45 0
-49 -38 19 0
30 29 -54 0
-61 -29 52 0
59 -13 -22 0
-57 -4 26 0
-19 37 -43 0
25 -32 -55 0
-47 -54 64 0
-2 -40 -62 0
-54 24 25 0
12 17 64 0
5 33 59 0
-37 53 59 0
-7 48 16 0
-19 44 -39 0
35 -62 -19 0
-54 28 39 0
-41 -14 -58 0
24 -33 20 0
29 -26 51 0
22 14 -24 0
10 -40 30 0
-21 23 -29 0
-20 -46 -38 0
-1 56 -50 0
-51 9 49 0
64 -21 42 0
-20 -64 -21 0
-2 -3 29 0
-45 -10 -21 0
-14 -52 8 0
22 38 -39 0
-34 -8 -61 0
57 -42 35 0
6 -43 -3 0
-4 62 -8 0
-34 -13 40 0
49 54 -31 0
13 28 38 0
-36 15 -2 0
25 -13 -22 0
-62 -21 43 0
-40 43 63 0
-50 16 -38 0
59 26 22 0
20 -12 63 0
-1 59 28 0
5 27 46 0
58 27 31 0
34 64 -18 0
-19 58 -13 0
-25 29 -28 0
-13 38 -18 0
9 44 -53 0
35 -46 -25 0
42 -25 -48 0
39 -19 -15 0
-7 -41 -31 0
5 22 -3 0
-45 -3 -33 0
14 -19 -17 0
57 53 -40 0
-45 -17 19 0
63 -26 -46 0
17 -37 -4 0
-23 28 6 0
3 -64 -34 0
-62 -55 59 0
19 43 -1 0
27 38 -52 0
-60 25 -5 0
51 -36 11 0
-44 38 -42 0
-40 59 37 0
-19 -12 40 0
2 22 54 0
55 5 -61 0
5 -37 -35 0
52 18 -28 0
-27 -46 -57 0
-29 -1 2 0
-19 -13 -49 0
3 -64 61 0
1 -33 54 0
33 -29 -30 0
-7 -34 -63 0
3 20 -32 0
64 -39 48 0
26 57 -14 0
-52 -27 60 0
15 -58 59 0
-22 26 -52 0
-8 -38 22 0
-10 21 -22 0
-27 62 22 0
-50 -15 -54 0
20 -24 63 0
15 59 -29 0
-8 10 25 0
41 -54 40 0
49 36 -15 0
-37 54 -36 0
40 42 -8 0
46 50 -28 0
38 49 43 0
-55 44 -17 0
40 26 19 0
8 -57 64 0
-51 -50 63 0
3 -58 -5 0
-25 -37 24 0
-30 59 36 0
-54 -42 -12 0
4 44 -53 0
62 42 48 0
-49 -34 46 0
-37 -6 42 0
-25 10 16 0
16 10 -64 0
-14 10 59 0
-30 -36 51 0
-37 22 -62 0
-28 -12 1 0
-5 -40 58 0
30 11 46 0
-53 61 -16 0
25 51 -28 0
-28 33 5 0
1 58 -5 0
12 -41 -17 0
-8 -63 12 0
62 10 3 0
-36 38 35 0
26 58 10 0
24 60 17 0
41 -10 7 0
-2 -8 -24 0
30 -43 -27 0
-4 1 -15 0
-9 19 -60 0
-40 -19 -6 0
-40 -17 16 0
35 -13 -21 0
60 28 62 0
-44 -57 30 0
8 5 -17 0
-34 11 -49 0
30 40 23 0
32 60 -48 0
-48 -2 43 0
35 54 14 0
62 14 -5 0
-26 -27 -60 0
-5 40 -6 0
-48 -4 14 0
-38 -53 -46 0
12 38 35 0
-4 -32 3 0
1 47 30 0
5 -17 -44 0
24 -51 -38 0
-49 11 17 0
-56 -63 -22 0
11 34 41 0
34 55 13 0
-60 16 -6 0
-9 -7 -28 0
26 -3 41 0
55 -17 -4 0
-21 -14 52 0
-64 -19 17 0
