p 89 379
-51 -45 75 0
53 65 38 0
51 -50 4 0
-45 39 34 0
37 21 20 0
30 88 -83 0
-53 3 78 0
-32 -86 73 0
-29 60 78 0
-1 41 -16 0
58 85 50 0
-9 -1 20 0
85 54 -8 0
-45 9 62 0
38 4 -77 0
-6 -42 -79 0
-36 -86 67 0
65 25 -20 0
-10 58 79 0
-4 -83 26 0
-43 -9 80 0
6 1 60 0
57 -19 15 0
-5 43 -67 0
-85 -28 73 0
7 69 89 0
7 61 13 0
47 -70 -78 0
-84 -2 -12 0
74 75 -4 0
50 -4 -3 0
52 -12 6 0
-20 82 78 0
-11 34 -54 0
-58 -22 -89 0
-21 -1 -47 0
1 33 -4 0
49 -44 89 0
71 -75 -77 0
-68 5 -28 0
-2 88 11 0
42 67 36 0
-50 -76 -41 0
10 -33 32 0
-21 -4 7 0
85 7 -36 0
-56 75 -77 0
78 -79 85 0
-66 -64 -27 0
83 27 -74 0
-22 80 -69 0
21 10 76 0
-28 13 -29 0
-43 42 72 0
-30 -80 -73 0
44 71 -77 0
77 -11 37 0
-86 39 63 0
-76 51 72 0
-68 -55 -33 0
11 36 12 0
-78 37 13 0
-80 -28 -69 0
8 5 49 0
-1 7 -74 0
14 -89 -68 0
-23 55 5 0
-62 49 70 0
-39 43 85 0
11 -2 64 0
-87 14 35 0
54 -83 -73 0
10 65 55 0
26 -84 32 0
-69 -82 -22 0
-15 22 17 0
-71 -20 -48 0
67 84 41 0
16 23 47 0
29 -76 81 0
59 28 9 0
-62 -31 23 0
-73 -2 58 0
15 -77 -80 0
-65 51 -22 0
-81 19 7 0
27 -80 59 0
15 83 -78 0
-86 66 71 0
-63 -89 27 0
28 -12 -59 0
66 60 19 0
-65 -40 72 0
79 8 -18 0
77 81 55 0
2 -83 -18 0
43 -17 7 0
-89 20 -10 0
43 -87 64 0
66 49 -87 0
-35 39 11 0
49 71 78 0
16 -24 75 0
-57 -36 -13 0
30 71 56 0
-19 15 -56 0
-73 -26 61 0
-88 56 50 0
42 -32 37 0
-51 81 -71 0
-25 14 52 0
75 19 -89 0
-35 17 32 0
70 10 -84 0
-47 -8 -17 0
-63 85 -27 0
-43 -88 59 0
-66 8 70 0
-56 82 -86 0
10 -47 55 0
14 -81 68 0
-29 -18 51 0
-15 -47 42 0
-48 -63 -3 0
22 30 -64 0
22 19 29 0
18 -20 -33 0
39 -52 -58 0
17 27 -82 0
-87 29 89 0
-82 -25 -68 0
58 48 -77 0
64 45 79 0
-70 14 -72 0
-10 -8 57 0
-18 -69 -43 0
-35 -43 29 0
84 -57 69 0
-85 40 -51 0
24 2 -71 0
-50 -58 36 0
-80 75 -20 0
2 1 -25 0
27 39 32 0
-77 61 31 0
-54 70 -10 0
66 20 -54 0
-72 50 -70 0
-45 -46 54 0
67 -80 83 0
44 -61 13 0
84 -32 -47 0
89 49 82 0
-27 -20 -14 0
-89 -3 86 0
-61 84 -75 0
-3 -42 22 0
20 -3 45 0
-63 71 -70 0
-24 -66 -10 0
-84 -7 6 0
85 30 -22 0
73 65 27 0
53 38 -50 0
-43 28 -42 0
76 -30 6 0
-24 -27 -88 0
49 8 16 0
6 -46 -24 0
73 -61 -71 0
-5 -24 36 0
24 5 -76 0
-84 22 -85 0
22 5 -21 0
87 46 19 0
-46 82 -62 0
65 38 -75 0
-70 10 8 0
59 12 -58 0
72 -55 -89 0
-55 -24 45 0
-6 -16 -25 0
-26 70 -30 0
-63 38 -46 0
72 -86 39 0
-22 -85 40 0
72 75 15 0
65 -63 24 0
-83 50 -51 0
-56 -49 -78 0
-31 60 -3 0
42 20 86 0
-4 -49 41 0
86 -66 -84 0
-48 18 65 0
7 79 47 0
-5 -68 -35 0
-29 58 -46 0
-18 25 38 0
-42 -19 -28 0
-55 -1 36 0
-37 36 -8 0
25 -27 42 0
78 -84 50 0
-80 -81 -67 0
29 6 -48 0
81 -78 16 0
-12 14 21 0
-26 15 23 0
-42 78 31 0
-45 65 -59 0
55 44 41 0
16 -61 -73 0
19 56 -89 0
-81 9 -74 0
57 25 47 0
-71 -82 8 0
9 -36 -86 0
15 4 -55 0
51 -73 -39 0
36 13 55 0
-5 -24 6 0
76 -86 87 0
57 -27 64 0
19 -75 46 0
78 79 8 0
13 -14 -16 0
26 46 -78 0
51 -69 -78 0
-62 -86 -45 0
-69 -27 58 0
40 85 -28 0
54 -16 -56 0
20 -32 5 0
61 -76 3 0
39 -36 8 0
61 -56 33 0
-74 22 -69 0
89 -58 -29 0
37 81 -66 0
-35 -5 -62 0
-33 -21 -72 0
-25 82 -27 0
-89 82 -53 0
-57 5 49 0
4 3 -70 0
75 -12 -42 0
-22 -27 71 0
-22 3 87 0
-34 -1 73 0
56 -50 14 0
61 -17 -58 0
-9 -46 45 0
-1 69 86 0
-50 -87 2 0
23 -71 89 0
-69 -64 -51 0
-40 21 -67 0
-59 -27 -68 0
56 -30 70 0
4 -74 16 0
-38 -42 -25 0
-26 -65 -53 0
-86 26 38 0
52 -25 -54 0
31 -52 -78 0
74 83 9 0
33 18 57 0
-6 85 30 0
2 87 -26 0
-48 -56 -78 0
8 6 -86 0
66 -25 59 0
65 -71 -8 0
35 -66 -89 0
-29 35 72 0
71 79 45 0
15 -57 -54 0
-9 43 69 0
74 -66 60 0
-84 30 78 0
-53 52 -20 0
-89 -27 82 0
-73 32 -19 0
-64 23 67 0
-45 -79 -24 0
78 -27 -54 0
-68 73 74 0
2 -42 -39 0
86 42 61 0
-41 66 -80 0
79 1 41 0
9 -44 -84 0
-40 48 -34 0
49 37 55 0
1 -20 66 0
-75 -48 34 0
83 50 -36 0
31 -9 38 0
47 -22 49 0
14 48 45 0
-79 60 55 0
-60 23 -52 0
70 -23 6 0
-10 31 83 0
48 -50 -37 0
30 -84 20 0
-54 -11 -27 0
-29 -79 -51 0
61 52 84 0
14 62 -84 0
49 58 -63 0
-1 13 -89 0
73 13 -28 0
4 -75 -59 0
11 -81 -44 0
59 71 -5 0
-41 -71 -10 0
-64 12 16 0
24 11 52 0
-4 89 -16 0
82 -40 63 0
-9 32 37 0
-26 -12 -89 0
-42 61 1 0
-35 -67 -89 0
-36 -34 62 0
20 -42 -58 0
18 16 -43 0
-54 -72 2 0
35 22 -72 0
55 -34 -57 0
-70 -71 -52 0
-28 40 -37 0
71 22 -66 0
25 59 41 0
-36 20 -64 0
53 18 -61 0
86 -60 -14 0
-46 23 -38 0
24 -87 -11 0
72 -19 70 0
-56 77 89 0
15 50 -41 0
8 -76 87 0
-25 44 -37 0
4 -18 30 0
33 11 -86 0
81 5 -23 0
82 35 76 0
36 67 -19 0
-18 -17 42 0
-88 -83 49 0
76 41 -24 0
-32 -30 -63 0
-2 56 33 0
71 41 -33 0
-88 69 -53 0
-69 -6 82 0
-49 68 54 0
-38 -79 86 0
47 4 -23 0
-62 69 -70 0
10 22 -51 0
-72 -30 67 0
10 -39 78 0
2 -65 56 0
62 -25 -52 0
82 -85 30 0
64 -31 -87 0
54 -63 -42 0
7 52 -16 0
-79 -24 52 0
18 22 89 0
52 -33 -83 0
-44 -65 76 0
18 2 41 0
-21 -68 56 0
-52 63 7 0
