p 42 178
-12 9 18 0
-4 -40 -23 0
29 32 6 0
-33 27 -15 0
-42 38 -26 0
38 22 24 0
19 -6 37 0
-16 -14 37 0
-20 -29 41 0
10 -25 2 0
-12 33 -11 0
25 34 -20 0
41 30 -1 0
23 -4 -32 0
35 -19 39 0
-23 34 8 0
-42 -16 5 0
-10 -33 24 0
35 -24 -28 0
-6 33 11 0
-14 1 -7 0
15 -28 -41 0
19 38 -34 0
-16 -32 15 0
-3 32 -37 0
-26 15 12 0
-41 9 -29 0
-38 41 -15 0
-1 27 -34 0
4 17 10 0
-7 -32 -24 0
-5 -18 29 0
8 -31 17 0
30 3 -9 0
-19 15 18 0
-8 40 25 0
1 -31 18 0
-40 -35 -34 0
-17 19 39 0
2 -27 -37 0
-31 9 24 0
-6 38 27 0
-2 -28 13 0
3 -18 -16 0
35 1 -27 0
21 20 39 0
17 -31 -12 0
14 -25 27 0
24 36 -29 0
24 9 -3 0
7 -27 35 0
30 -13 8 0
-30 1 33 0
-20 -16 -36 0
-34 18 -5 0
38 -4 -33 0
-41 -32 -22 0
-18 -37 -12 0
24 42 -30 0
5 23 16 0
38 8 -30 0
-40 1 13 0
7 21 -29 0
21 -20 29 0
-38 13 31 0
40 -22 -42 0
-1 -5 37 0
22 37 -29 0
-37 19 -41 0
-8 -17 33 0
-20 36 2 0
-13 31 -14 0
-42 3 -12 0
33 15 -27 0
-11 16 2 0
-41 18 -17 0
-30 36 4 0
-9 18 40 0
21 -15 -22 0
32 -9 -17 0
-2 22 23 0
-21 -29 -15 0
-41 18 12 0
-31 27 -18 0
-32 12 6 0
-22 -3 -4 0
34 23 13 0
-27 26 -12 0
-29 41 -13 0
-10 12 -2 0
-14 29 19 0
-15 -29 -12 0
38 -24 31 0
-14 42 32 0
25 30 42 0
-32 -7 24 0
-8 -5 32 0
13 16 5 0
-35 -38 -17 0
-7 23 9 0
-19 17 25 0
40 24 -37 0
-7 10 36 0
34 16 -15 0
33 -41 13 0
41 -23 26 0
-10 -18 16 0
5 -38 9 0
26 -6 -31 0
-16 13 -40 0
11 -17 40 0
-42 -6 -26 0
-37 -21 -6 0
-41 20 12 0
35 17 13 0
-8 30 40 0
36 -26 20 0
7 -12 17 0
-38 -33 5 0
9 -14 -5 0
-18 -11 29 0
-17 30 -24 0
-15 9 -35 0
-15 -26 32 0
5 -30 27 0
-31 -28 -33 0
13 -34 -41 0
21 -8 24 0
37 -26 -11 0
-22 -42 -31 0
-27 2 -11 0
-33 -14 8 0
17 34 5 0
41 16 -35 0
-30 10 -18 0
-38 -10 -32 0
-24 14 -20 0
27 33 -37 0
-15 40 11 0
-6 -12 -23 0
-9 -4 16 0
-40 -30 12 0
37 -12 15 0
9 -41 -36 0
28 -40 23 0
-11 -35 30 0
-39 -28 33 0
36 -38 24 0
-37 20 -32 0
-10 28 37 0
-40 -35 34 0
36 15 12 0
40 -36 -20 0
-22 36 -32 0
23 33 5 0
-13 9 -31 0
3 18 -19 0
2 23 34 0
-40 -33 -20 0
-29 -27 -41 0
26 16 38 0
17 39 20 0
34 31 6 0
-22 -9 30 0
16 -15 34 0
35 1 -26 0
29 36 9 0
-29 31 -25 0
41 -18 -21 0
7 40 9 0
9 -20 -32 0
33 17 -9 0
24 29 -32 0
20 4 -17 0
-29 2 1 0
24 -42 21 0
-8 -29 -23 0
-9 -21 -5 0
