p 82 349
-11 -16 -64 0
-27 -10 -21 0
-51 -37 81 0
79 -16 56 0
-75 17 9 0
29 -32 20 0
56 -36 9 0
-2 -53 50 0
-64 9 40 0
-34 63 31 0
77 54 69 0
16 -31 -80 0
68 -24 27 0
-26 53 14 0
-30 6 67 0
74 64 54 0
76 -20 5 0
58 52 30 0
74 -52 44 0
77 51 -35 0
59 10 72 0
-18 -50 65 0
10 29 64 0
-68 -45 -52 0
21 51 80 0
33 -21 11 0
60 6 76 0
-23 -38 42 0
-9 75 13 0
-34 -54 -28 0
45 -12 -8 0
76 -47 -54 0
41 49 -22 0
-56 37 36 0
-16 11 -17 0
-21 25 -52 0
-78 -59 -71 0
22 40 -15 0
23 1 -24 0
-13 -71 -20 0
-28 74 51 0
-58 -3 -43 0
71 41 -17 0
56 36 -24 0
71 -33 -18 0
82 -44 80 0
15 5 -7 0
-28 -42 -2 0
59 -52 -48 0
-1 -44 39 0
81 -50 29 0
-22 -11 40 0
-82 76 -34 0
18 -61 -7 0
1 -28 37 0
-67 -6 72 0
21 -4 73 0
-1 59 11 0
24 1 47 0
-76 75 -67 0
-38 -13 68 0
31 48 64 0
78 54 -63 0
-43 -73 -42 0
39 15 17 0
-75 -52 62 0
61 57 27 0
61 -26 28 0
-39 -41 29 0
-60 -56 -66 0
-7 -27 -9 0
-58 -65 13 0
75 -8 -36 0
5 -78 -44 0
41 70 57 0
5 49 -26 0
-12 52 1 0
-77 21 -57 0
-19 49 61 0
-10 70 43 0
49 -51 42 0
-82 25 -29 0
46 -5 26 0
28 -4 74 0
-51 5 69 0
35 -55 -54 0
-12 -77 -36 0
37 7 -62 0
42 6 -62 0
58 36 30 0
-1 -30 20 0
-45 57 15 0
64 -38 -19 0
75 -30 52 0
-16 31 -69 0
-20 7 12 0
43 -69 -68 0
42 1 -81 0
72 -15 31 0
-44 35 26 0
-27 48 70 0
-50 11 -25 0
-55 -40 78 0
-17 76 1 0
14 -59 -29 0
-8 -51 -21 0
76 -31 -25 0
25 54 -18 0
-33 42 -28 0
-77 -50 -16 0
67 -80 19 0
-10 -35 7 0
-36 39 -30 0
-26 40 66 0
-35 15 81 0
37 38 7 0
48 59 -12 0
-64 -45 21 0
-9 62 1 0
48 -71 -15 0
30 -26 33 0
-62 66 28 0
43 28 -69 0
-41 -77 40 0
27 35 55 0
-59 24 43 0
33 -54 29 0
-58 13 -76 0
-35 -67 34 0
56 11 33 0
-66 28 69 0
-40 6 38 0
-80 14 18 0
-33 -70 27 0
-57 -68 -53 0
-17 28 -74 0
81 -75 -15 0
5 -55 40 0
24 67 21 0
-22 -38 -55 0
75 44 -13 0
-17 -79 -54 0
79 -53 58 0
-9 47 71 0
50 -68 66 0
67 -3 82 0
74 -65 13 0
-6 45 -57 0
46 66 11 0
-34 12 59 0
51 25 -54 0
-8 51 -63 0
14 61 -58 0
69 35 72 0
12 -70 -13 0
-34 11 -7 0
-58 -81 -78 0
-59 82 -44 0
3 54 27 0
-36 78 -26 0
69 -8 -31 0
56 -47 -34 0
-12 -44 51 0
-79 19 81 0
-24 -40 73 0
75 -38 33 0
42 -70 -50 0
-57 -67 78 0
60 -32 -14 0
-5 9 18 0
-82 19 -13 0
29 -38 75 0
40 -4 14 0
-25 78 -9 0
3 -5 56 0
-59 57 62 0
31 -80 -4 0
18 -1 53 0
6 50 -40 0
57 -44 -41 0
-32 25 -66 0
39 -42 -49 0
-6 -44 -62 0
-37 62 38 0
-27 -17 68 0
-60 -6 -22 0
37 -3 5 0
16 -55 44 0
35 81 11 0
-69 3 -20 0
-40 36 76 0
55 31 72 0
-76 -14 -64 0
-76 18 60 0
-9 -79 12 0
21 59 67 0
-16 -10 -77 0
55 80 2 0
20 -70 -69 0
4 -18 -13 0
24 40 -74 0
6 58 -17 0
-69 -57 -25 0
20 -72 -78 0
-30 -22 60 0
-23 -52 32 0
52 37 -21 0
42 5 -41 0
-37 -47 -24 0
32 28 48 0
-46 36 -8 0
-71 -28 50 0
-4 38 82 0
17 49 22 0
5 -80 53 0
78 43 -45 0
-27 -12 50 0
55 -37 -18 0
56 30 20 0
-78 -57 73 0
10 62 -38 0
-29 -55 -14 0
-6 27 48 0
-37 34 -42 0
26 -42 -81 0
74 56 -18 0
-28 -44 -13 0
-14 34 3 0
-15 -11 -46 0
2 -44 46 0
-36 -4 80 0
-37 15 3 0
-4 -5 7 0
-55 -10 58 0
-34 -19 70 0
-63 66 -72 0
-10 54 82 0
-55 26 74 0
24 -6 25 0
66 -32 8 0
-36 -43 49 0
35 -13 -28 0
56 -33 79 0
76 -55 -8 0
67 68 58 0
-14 22 77 0
18 -37 82 0
7 45 52 0
-14 -7 66 0
-57 -80 67 0
-49 -68 -14 0
4 -50 39 0
64 -62 10 0
-66 9 31 0
-55 73 -2 0
59 -24 31 0
27 16 -80 0
74 -71 44 0
-58 19 -14 0
12 -37 -35 0
13 -45 59 0
-48 75 -56 0
-45 28 -53 0
12 -39 -10 0
-71 74 45 0
-79 -29 40 0
-53 -6 -58 0
77 39 19 0
32 69 56 0
-64 7 -57 0
-63 -75 31 0
20 -3 12 0
-14 -66 45 0
-10 22 27 0
61 -64 4 0
57 -8 82 0
-38 21 -46 0
-36 53 11 0
-22 -52 -53 0
30 -32 -59 0
-52 2 26 0
57 45 20 0
-32 9 20 0
31 33 29 0
-51 -68 62 0
-81 -10 -72 0
-81 69 49 0
4 13 81 0
58 -25 -53 0
-49 -12 3 0
-70 -60 -34 0
-76 2 45 0
-26 -52 -60 0
-42 -80 10 0
-18 -9 -70 0
81 48 10 0
58 31 57 0
77 -70 58 0
-66 37 -30 0
60 81 -8 0
36 -46 -41 0
-76 -32 78 0
-27 72 -13 0
27 41 -47 0
70 -29 9 0
-65 -73 68 0
-68 -38 81 0
-12 -67 -32 0
-81 -57 73 0
-66 64 34 0
-15 66 -71 0
30 -52 67 0
52 16 -40 0
47 -57 -75 0
-72 47 33 0
-59 10 15 0
27 -46 79 0
10 -71 -35 0
78 26 18 0
32 50 -19 0
34 22 29 0
-49 28 31 0
-36 9 -15 0
30 -63 -19 0
-45 35 27 0
50 79 53 0
51 -41 -22 0
-56 -62 -42 0
34 79 1 0
46 -16 63 0
53 65 -48 0
54 -25 -9 0
-61 52 39 0
55 61 10 0
-17 74 61 0
82 41 15 0
77 71 -37 0
5 79 -30 0
-50 -26 68 0
-80 71 69 0
-16 37 82 0
17 -40 57 0
-45 -75 24 0
-46 37 -40 0
30 24 70 0
20 3 -15 0
21 65 44 0
37 53 -49 0
-7 40 28 0
