p 43 183
10 23 -20 0
-22 -6 14 0
-17 -42 -41 0
-38 -29 -6 0
2 18 39 0
-18 -10 -37 0
5 -38 1 0
-35 -26 -33 0
-15 -23 -31 0
39 1 24 0
4 33 23 0
40 24 -13 0
-27 22 -20 0
10 36 -35 0
38 -23 26 0
8 -39 -27 0
26 -22 3 0
29 12 5 0
-19 10 -42 0
-17 -1 -37 0
-35 10 -18 0
19 -35 -15 0
-33 23 38 0
-26 -7 -38 0
39 29 -7 0
-33 -14 12 0
-25 -33 26 0
39 -11 -4 0
-2 -28 39 0
11 3 -8 0
-14 38 22 0
5 -1 -29 0
16 33 8 0
16 -32 43 0
1 31 -15 0
-37 38 5 0
11 2 -30 0
-28 -32 -39 0
7 10 4 0
42 -39 -32 0
36 24 11 0
-14 -12 -15 0
-1 -22 28 0
-32 -16 4 0
24 26 2 0
6 24 -42 0
-6 21 27 0
16 -39 19 0
-10 18 40 0
43 -42 37 0
33 -16 13 0
-24 -37 -16 0
23 1 -25 0
-27 26 9 0
-4 -28 -36 0
-14 -24 17 0
29 12 18 0
-2 -34 -4 0
-3 -6 -18 0
22 -36 -8 0
31 15 -5 0
-27 -15 -6 0
-14 -2 -9 0
25 17 42 0
-18 33 24 0
14 36 8 0
16 41 -15 0
-10 38 -17 0
-30 6 11 0
40 -1 -26 0
24 -31 36 0
23 41 -18 0
-43 -20 -6 0
12 -38 8 0
31 -10 42 0
-39 -8 33 0
-38 20 3 0
43 -10 17 0
3 -22 -29 0
-13 -6 22 0
-5 3 -42 0
20 -27 35 0
24 16 40 0
-12 26 41 0
39 43 36 0
34 12 15 0
-22 9 -17 0
-34 26 -17 0
24 -21 -5 0
21 -42 -4 0
-32 37 38 0
14 -17 20 0
-29 28 34 0
25 -21 -29 0
24 -10 -3 0
24 37 4 0
1 25 41 0
34 3 -1 0
-34 -22 4 0
-38 14 -11 0
-17 43 -21 0
9 -29 -27 0
-24 35 39 0
7 -40 -19 0
-17 3 13 0
-39 -3 -41 0
-43 10 37 0
37 -41 28 0
28 -6 -15 0
-4 33 43 0
23 21 -7 0
-38 23 -20 0
-19 40 -4 0
-36 -21 -7 0
14 -4 2 0
-17 -40 -43 0
-27 1 40 0
-7 13 -10 0
-31 -36 22 0
-3 11 -13 0
39 3 -11 0
5 41 34 0
13 -30 43 0
-13 6 5 0
-1 29 -20 0
-12 5 -32 0
-5 -31 9 0
32 -4 -24 0
-32 -10 -15 0
15 35 -23 0
13 21 4 0
-4 38 7 0
-17 -20 6 0
-40 -27 -2 0
-12 7 -38 0
-40 32 -38 0
-37 -29 -22 0
39 1 -26 0
8 -18 -41 0
7 43 10 0
8 16 24 0
-30 -43 -23 0
-23 -13 14 0
-20 -9 8 0
1 20 -23 0
23 28 -29 0
12 -38 21 0
3 -28 30 0
-28 -2 -16 0
-10 32 -12 0
26 -28 -1 0
37 -41 -35 0
43 -27 -34 0
-34 -7 -22 0
-1 2 -32 0
10 30 35 0
21 -17 39 0
5 -12 -20 0
25 -15 33 0
34 -27 -10 0
12 -23 -1 0
11 32 -27 0
28 -1 4 0
14 42 24 0
40 -41 -22 0
-37 6 9 0
-34 35 -8 0
27 22 42 0
-34 -11 27 0
-12 -13 26 0
8 -41 17 0
42 25 -39 0
4 -31 1 0
36 -31 29 0
38 -41 35 0
-34 39 -8 0
-6 -41 4 0
-40 -39 1 0
16 -20 24 0
15 -16 29 0
-7 41 -35 0
4 9 -25 0
29 15 -39 0
