p 61 259
9 -3 -48 0
49 50 57 0
10 25 -24 0
-29 8 3 0
-48 -25 13 0
-21 11 -53 0
-49 8 57 0
3 60 48 0
-58 -57 -12 0
-5 57 -23 0
48 9 13 0
-28 -48 -33 0
25 4 -57 0
-8 46 20 0
23 -22 59 0
50 52 -12 0
35 -23 -27 0
-49 -11 -21 0
50 51 -54 0
-50 -6 -23 0
-52 -1 20 0
-51 53 -9 0
-58 11 26 0
-38 -10 53 0
4 -17 -11 0
52 -37 -7 0
46 59 2 0
-12 -25 -34 0
56 26 27 0
-14 56 10 0
17 -48 50 0
18 -29 -17 0
55 6 27 0
-35 -22 -57 0
-57 37 32 0
-50 -2 -44 0
-21 -47 -50 0
-32 -57 20 0
-8 -11 56 0
37 40 -35 0
-54 -13 58 0
50 25 29 0
24 40 44 0
-27 7 30 0
2 54 60 0
-60 -28 22 0
61 -54 60 0
20 38 15 0
4 -60 35 0
42 5 -61 0
-58 43 -55 0
53 -59 -26 0
-22 -18 -53 0
11 -59 38 0
61 51 19 0
-2 8 5 0
-34 -17 16 0
-11 -33 -58 0
-37 -18 30 0
46 -35 -27 0
31 -33 44 0
-24 -14 -21 0
-32 -28 34 0
6 -29 -56 0
27 42 40 0
51 -45 -57 0
-26 24 -15 0
-8 -16 23 0
52 -48 -3 0
-21 -4 -34 0
-49 -54 -30 0
10 -57 -11 0
34 -16 53 0
-29 2 -55 0
-51 41 37 0
36 1 -6 0
-8 -20 35 0
12 -55 -13 0
60 49 21 0
-37 -36 7 0
14 -49 -26 0
21 12 29 0
30 41 2 0
-26 47 -39 0
28 -52 43 0
-58 -37 3 0
51 -3 -52 0
-46 -55 4 0
7 50 44 0
-4 -23 15 0
-24 31 20 0
14 38 55 0
-34 -5 54 0
42 -17 -21 0
-28 38 -43 0
54 15 10 0
29 -32 -35 0
25 19 -37 0
-55 -27 -15 0
20 -34 -58 0
28 43 -59 0
42 -47 13 0
-18 13 -29 0
12 61 58 0
-2 61 22 0
-28 48 30 0
59 -2 -23 0
-5 48 8 0
-20 5 15 0
7 -5 33 0
-22 -39 -43 0
46 -42 -40 0
-60 -51 8 0
-32 -4 -14 0
7 -50 2 0
46 -58 61 0
-30 -12 -38 0
34 35 33 0
-12 59 -1 0
35 61 -42 0
29 8 43 0
-7 8 -54 0
27 3 -32 0
-39 -41 23 0
-25 -28 54 0
61 -15 14 0
46 -33 41 0
22 50 43 0
-49 -20 42 0
-51 -14 -25 0
56 28 -18 0
36 -40 -57 0
-28 -9 -18 0
-5 52 16 0
10 61 57 0
3 -12 -57 0
22 -3 45 0
-11 -1 27 0
55 60 23 0
-40 31 -54 0
-36 -27 38 0
12 20 -41 0
61 7 -33 0
-32 15 -7 0
-47 -29 13 0
-18 49 -60 0
-25 24 -31 0
13 38 -4 0
-37 -13 -22 0
-57 -48 -1 0
-19 -12 50 0
11 19 -28 0
-57 -59 45 0
-3 -16 -50 0
-61 -10 -22 0
11 -3 1 0
13 -45 -34 0
-46 9 42 0
-58 4 -14 0
59 -10 52 0
-25 59 -35 0
30 46 3 0
-54 43 47 0
51 -21 -42 0
-20 5 34 0
-14 -44 55 0
-61 47 39 0
35 41 -25 0
-49 -30 -34 0
-23 -45 40 0
61 -43 -41 0
17 30 43 0
34 -27 -46 0
37 -60 -41 0
19 -1 -23 0
-4 49 6 0
-2 39 28 0
28 -16 5 0
-19 -29 -25 0
5 -17 32 0
-25 -37 13 0
20 -10 4 0
-36 -23 56 0
28 45 38 0
-54 34 1 0
9 23 20 0
35 -42 41 0
-18 -11 52 0
12 -34 47 0
-58 20 -3 0
-16 -18 27 0
11 61 -50 0
47 41 38 0
40 -58 -5 0
60 -57 12 0
46 25 -6 0
41 31 -7 0
-44 -18 -35 0
-57 -32 26 0
21 32 6 0
3 22 1 0
-39 24 -29 0
-2 -51 1 0
47 29 59 0
-1 27 -7 0
-49 -30 -3 0
18 41 -24 0
-15 -40 6 0
28 -5 53 0
40 52 -24 0
1 56 30 0
-50 26 51 0
-47 -17 38 0
-21 14 11 0
44 47 25 0
46 -59 -53 0
-59 -40 -5 0
-33 26 6 0
61 28 -1 0
47 33 24 0
-43 37 22 0
-9 -47 23 0
11 16 29 0
-55 -22 -26 0
42 43 27 0
-42 3 -19 0
-11 -50 -4 0
56 15 -45 0
-14 -47 -30 0
-10 -38 -8 0
-11 -10 61 0
47 -9 -2 0
37 33 -13 0
15 53 -55 0
12 -27 26 0
34 -25 54 0
-33 9 16 0
3 -53 13 0
-8 -41 15 0
-27 -24 6 0
47 -38 16 0
-18 -3 35 0
-34 5 -24 0
20 -49 24 0
-15 -4 -57 0
7 47 38 0
2 18 55 0
-17 44 36 0
26 52 -1 0
22 -10 9 0
59 20 -23 0
-24 -9 36 0
-5 -15 -18 0
22 -31 -27 0
28 52 -59 0
-43 -56 60 0
44 29 19 0
46 -54 -11 0
21 24 28 0
