p 97 413
-64 -59 87 0
9 -1 88 0
16 28 -56 0
-46 -95 -97 0
47 -83 -10 0
46 -18 13 0
92 -93 -97 0
-55 54 78 0
1 57 -20 0
54 -31 65 0
45 -56 77 0
81 -22 14 0
-90 27 -83 0
-11 2 40 0
78 34 38 0
-16 -64 -18 0
22 51 59 0
95 65 73 0
86 -5 97 0
-22 -38 -21 0
-46 28 -67 0
78 61 -74 0
23 -69 68 0
70 -15 -57 0
-25 -92 -60 0
-39 56 4 0
-74 -9 5 0
94 92 87 0
4 -61 5 0
-53 -88 46 0
64 -33 77 0
-48 -33 94 0
32 37 -23 0
40 -61 -29 0
69 -95 -97 0
58 83 95 0
67 35 -26 0
74 -3 1 0
9 -75 1 0
-12 -39 59 0
97 45 83 0
97 -46 26 0
41 -60 -44 0
-1 -86 -91 0
-70 10 -84 0
58 9 -64 0
84 83 34 0
30 86 23 0
19 89 -26 0
96 -26 -65 0
31 57 25 0
-49 16 -34 0
51 66 67 0
-20 -77 64 0
23 -93 -49 0
42 -29 90 0
54 -62 -40 0
34 -89 -51 0
-15 53 21 0
-30 -36 -69 0
6 40 -52 0
-65 -32 28 0
72 -31 44 0
-66 -14 5 0
-43 28 -8 0
89 -95 -49 0
-75 -69 15 0
-40 70 12 0
36 -97 -71 0
-2 9 17 0
-81 -95 -52 0
10 77 -81 0
-27 -32 -61 0
-54 -17 50 0
69 39 -21 0
10 68 -75 0
-81 -32 62 0
30 46 -90 0
-84 -65 -19 0
-97 -28 -73 0
-24 17 49 0
-66 -59 96 0
86 -1 95 0
-61 -93 8 0
-27 -25 11 0
-80 14 24 0
91 38 -14 0
-11 69 71 0
71 31 -43 0
-5 -70 76 0
12 -94 29 0
32 -28 36 0
-53 24 -85 0
-13 47 46 0
60 -5 -54 0
57 -81 22 0
-72 84 62 0
69 94 21 0
25 -34 79 0
95 11 -91 0
85 -38 -10 0
33 -21 75 0
-31 -90 87 0
-96 -13 18 0
58 63 -5 0
-53 9 -17 0
8 -58 -76 0
19 48 87 0
-87 -90 -12 0
31 -29 -84 0
25 -19 -43 0
51 -31 -74 0
57 32 -24 0
50 38 -66 0
-25 -82 -2 0
59 70 82 0
-58 2 86 0
25 -12 76 0
16 -78 71 0
-40 14 -95 0
37 -24 -17 0
50 -19 14 0
-49 -43 -32 0
93 60 -59 0
-49 13 83 0
68 21 -3 0
-91 7 -29 0
-64 -77 -38 0
30 -66 33 0
-6 68 79 0
-96 -57 44 0
-67 -79 4 0
-38 2 97 0
-72 66 -24 0
-67 38 -33 0
24 -62 -57 0
42 53 -71 0
38 -66 -74 0
-70 -67 -31 0
28 -52 75 0
-30 -63 92 0
-49 90 6 0
45 -19 33 0
-30 -47 -87 0
16 -94 53 0
-72 12 36 0
23 -17 80 0
48 72 -83 0
2 95 -52 0
-19 -30 -67 0
-75 -53 35 0
33 17 92 0
14 36 -4 0
-13 -4 -25 0
21 71 -90 0
-74 24 21 0
-84 43 25 0
44 94 -41 0
-38 -76 43 0
-27 71 77 0
26 67 10 0
14 -52 33 0
60 13 -7 0
87 -33 66 0
76 -38 -24 0
97 45 11 0
-39 36 -30 0
38 -91 -76 0
-66 -2 92 0
7 -51 -61 0
-90 -51 -22 0
44 -88 77 0
-19 -69 13 0
48 1 36 0
13 56 -18 0
55 71 -90 0
34 53 -83 0
-21 81 35 0
81 -23 66 0
70 83 74 0
62 -97 -13 0
70 -54 83 0
-70 -21 -23 0
30 -25 -1 0
-9 -23 11 0
-76 93 -83 0
-23 39 80 0
-61 -63 -70 0
-71 -52 -70 0
-60 -40 6 0
-11 90 -82 0
-9 67 36 0
-3 -33 77 0
95 -75 85 0
-68 -58 52 0
51 -48 -67 0
8 -33 -12 0
21 83 44 0
-97 -50 -51 0
-39 90 -84 0
87 58 33 0
-46 -17 -75 0
30 82 -46 0
-92 -86 12 0
27 37 -3 0
-80 -23 11 0
79 14 -53 0
1 -48 -3 0
73 -76 -65 0
-10 29 -45 0
-52 75 -96 0
59 -39 93 0
-51 -26 47 0
-1 -11 88 0
94 27 -57 0
-40 86 -8 0
52 94 75 0
-39 -12 -20 0
27 81 88 0
79 53 73 0
58 79 -25 0
-70 52 -60 0
38 -4 -83 0
-56 2 -30 0
15 -60 48 0
73 -19 -59 0
27 44 39 0
96 62 -25 0
32 -40 -63 0
71 -41 -36 0
12 85 90 0
-90 18 63 0
-85 30 95 0
-86 14 -90 0
-26 95 -6 0
26 63 32 0
87 -16 -66 0
90 33 -3 0
-71 69 -56 0
-7 -16 10 0
66 -26 70 0
93 47 52 0
91 58 -39 0
-25 -89 80 0
-14 -93 -78 0
79 -71 -52 0
73 -18 92 0
-50 -91 74 0
7 15 -17 0
47 -53 59 0
-92 -79 43 0
-11 -96 71 0
-5 -31 -78 0
13 6 43 0
-31 78 -9 0
20 -92 31 0
-70 -9 -62 0
-9 -40 -78 0
-73 58 -17 0
-78 -9 52 0
44 -40 49 0
-19 34 70 0
61 -14 16 0
-20 -94 33 0
14 -88 -18 0
68 15 25 0
52 -63 35 0
-23 66 42 0
-66 -95 -19 0
51 -18 -80 0
27 -54 -78 0
62 -5 -96 0
67 -53 -90 0
45 28 -22 0
65 90 23 0
-38 -60 -62 0
-13 33 96 0
44 -60 -89 0
76 -78 -69 0
4 18 8 0
6 50 -25 0
88 -32 -53 0
-2 -23 -60 0
15 96 33 0
-19 27 -43 0
18 -29 -21 0
-23 -32 81 0
68 54 33 0
-52 -95 -88 0
51 -30 31 0
44 -47 -34 0
-53 -70 82 0
30 -16 53 0
15 -28 83 0
34 53 -54 0
-75 -77 76 0
-11 24 10 0
82 -70 -42 0
54 4 -78 0
85 -27 95 0
-13 -9 -78 0
-2 -36 30 0
-82 -10 92 0
9 19 -83 0
-19 35 87 0
-74 81 -10 0
74 -42 75 0
35 77 15 0
-14 -6 86 0
24 -53 -21 0
89 36 83 0
-2 77 -26 0
54 20 64 0
27 -48 42 0
44 -3 11 0
32 -56 18 0
-64 5 -24 0
-82 84 13 0
17 68 -44 0
-54 10 76 0
73 -34 63 0
-31 -54 7 0
16 52 88 0
97 90 46 0
-82 -17 37 0
-4 58 -67 0
-82 -47 -21 0
-77 12 -76 0
65 -94 -8 0
-13 89 46 0
97 -14 -4 0
-56 -34 24 0
-15 56 -90 0
70 47 -74 0
-16 27 50 0
-85 -62 92 0
-3 -11 -95 0
-52 -35 20 0
-31 -56 -59 0
-44 -9 79 0
-85 -68 32 0
-63 47 -72 0
78 -63 -69 0
30 -82 2 0
-69 52 71 0
-80 -43 -73 0
29 -2 -77 0
76 1 70 0
-80 -51 79 0
-23 -77 -70 0
-3 31 2 0
83 78 57 0
-33 -92 -44 0
-81 54 -19 0
96 -21 -73 0
-13 18 79 0
2 24 -80 0
42 -43 51 0
-25 24 -76 0
-93 82 -22 0
91 -23 -80 0
68 -37 -20 0
63 -11 -35 0
57 -83 43 0
50 61 -45 0
3 20 61 0
73 85 -92 0
42 -48 79 0
63 66 -92 0
82 66 76 0
-95 9 48 0
60 80 -50 0
21 87 80 0
-20 33 -43 0
-18 11 -26 0
79 -13 21 0
-74 -89 -68 0
-77 -79 11 0
12 64 -23 0
65 -71 68 0
-13 21 -69 0
-94 -85 -45 0
-75 -61 -82 0
-3 72 -70 0
-25 -91 -38 0
-39 57 52 0
32 -9 35 0
-5 -48 -49 0
-83 -92 86 0
-47 53 54 0
-34 -57 12 0
-35 84 86 0
58 46 -15 0
29 34 -81 0
-37 48 20 0
-16 61 -51 0
-74 81 17 0
-67 46 -43 0
-47 -79 1 0
19 5 50 0
72 54 5 0
-45 -38 76 0
39 70 -95 0
-23 24 -35 0
-8 -90 -40 0
40 54 -63 0
-21 34 52 0
-59 82 -42 0
19 75 61 0
63 39 26 0
-80 64 -90 0
-24 27 39 0
44 -47 46 0
