p 34 144
33 14 -2 0
29 34 12 0
-32 15 -13 0
13 23 25 0
23 19 -14 0
15 12 33 0
-3 -14 13 0
10 -25 -18 0
34 3 -17 0
4 -11 22 0
-20 -25 8 0
-5 18 26 0
8 7 25 0
20 1 34 0
12 -11 -7 0
-32 12 -33 0
19 2 24 0
-2 16 20 0
-1 19 -28 0
7 33 -8 0
-19 -13 -26 0
-31 -12 8 0
25 13 -11 0
13 -21 -34 0
15 28 -25 0
-31 8 -11 0
-9 -29 1 0
-24 -25 -32 0
-28 -4 -21 0
31 -4 2 0
31 26 -1 0
-26 -11 -25 0
-3 -6 -33 0
24 -28 -16 0
-23 20 4 0
21 -30 -5 0
2 -6 -8 0
15 11 -4 0
9 22 20 0
-14 -4 24 0
22 -28 -8 0
-25 -5 8 0
12 21 -14 0
6 -21 -2 0
10 -12 27 0
1 -16 6 0
-11 -22 27 0
-21 -19 16 0
-11 2 -12 0
-15 -8 5 0
-21 -15 -28 0
-27 -15 -11 0
-29 22 -28 0
9 -15 1 0
14 9 3 0
17 9 -5 0
-31 26 29 0
-23 18 11 0
-13 -2 17 0
14 -27 -23 0
-9 -1 8 0
14 17 3 0
23 -18 -9 0
22 28 34 0
-29 -31 -33 0
-13 -22 -27 0
-11 -9 10 0
29 15 -9 0
31 -18 -4 0
8 -17 -20 0
20 11 21 0
-33 -21 -2 0
-12 -5 -16 0
-33 -7 22 0
-20 33 -30 0
-19 25 -10 0
-31 7 -32 0
8 -10 -21 0
-28 8 1 0
9 -11 -16 0
-16 -13 29 0
-33 11 10 0
-26 -7 -10 0
-4 12 1 0
25 -9 6 0
3 -26 30 0
-7 -1 2 0
-25 -33 -22 0
-14 -33 11 0
-28 -9 15 0
-3 -6 11 0
8 33 -15 0
-23 -29 28 0
19 -12 -21 0
4 7 -32 0
31 -1 14 0
-24 -21 -27 0
30 29 26 0
5 -7 -6 0
17 -4 -19 0
-9 -7 17 0
25 -15 -11 0
-16 10 14 0
27 10 24 0
22 3 15 0
29 -31 25 0
-6 -34 30 0
-22 -16 3 0
-14 -15 12 0
-34 31 -29 0
34 19 -26 0
-14 -31 -5 0
-28 -9 -23 0
-34 19 29 0
29 8 5 0
-3 -16 34 0
20 13 25 0
17 34 -12 0
-20 31 17 0
26 -7 10 0
-16 -12 -1 0
14 -5 -24 0
25 -23 21 0
13 4 -19 0
-3 23 -8 0
29 -34 26 0
19 -12 22 0
-5 1 33 0
33 2 -1 0
-8 -1 15 0
19 34 24 0
-26 6 -13 0
-4 -12 -31 0
21 1 -24 0
12 -15 -4 0
19 9 4 0
11 30 -24 0
16 4 -6 0
-20 23 -26 0
-14 27 32 0
11 -7 -13 0
-11 21 18 0
11 10 22 0
-8 12 -6 0
