p 59 251
48 31 47 0
17 -39 -41 0
2 52 38 0
53 -5 23 0
-34 -51 -26 0
47 2 -24 0
2 -52 6 0
24 -3 49 0
5 -45 -58 0
-42 -15 17 0
-43 11 -50 0
-49 58 -26 0
-5 39 27 0
-17 -23 4 0
-13 -39 8 0
-42 43 -19 0
-17 48 -28 0
-42 46 24 0
51 -13 -10 0
-5 43 -21 0
9 -16 44 0
4 37 -57 0
31 -5 -28 0
-36 44 -19 0
27 -17 46 0
-15 45 31 0
-8 -19 -40 0
-46 -47 50 0
57 44 26 0
14 32 -51 0
13 -39 58 0
6 -58 19 0
-42 -15 57 0
8 35 49 0
-5 -10 36 0
13 7 2 0
14 55 -3 0
-7 -38 -14 0
34 49 -53 0
-38 50 42 0
-57 -32 44 0
-54 20 -52 0
-37 36 -40 0
18 40 -3 0
-12 -19 -18 0
25 56 -29 0
-38 3 -28 0
16 18 -45 0
-54 -23 2 0
-44 35 55 0
-11 -42 -47 0
-47 -20 -49 0
54 26 -3 0
8 -30 -33 0
-12 10 -25 0
-1 -48 -55 0
-36 39 -42 0
41 17 3 0
46 -18 4 0
-31 50 -40 0
-35 -20 -50 0
27 58 4 0
13 41 9 0
5 -57 -48 0
21 -15 40 0
50 -38 19 0
-9 -12 -53 0
-14 46 -12 0
41 -51 29 0
-13 7 -56 0
-8 -40 2 0
53 39 16 0
-12 39 -28 0
39 13 25 0
-4 -9 52 0
38 -17 42 0
37 40 -2 0
53 -26 -38 0
1 -36 33 0
19 -10 -34 0
-40 51 59 0
-36 33 -9 0
41 15 -29 0
43 35 6 0
29 -19 32 0
6 31 53 0
20 26 -42 0
59 -39 17 0
-40 9 -6 0
-6 -50 -24 0
-48 24 37 0
-22 53 44 0
4 12 39 0
-53 -43 20 0
13 27 -6 0
47 -40 -16 0
-21 37 53 0
-21 44 19 0
-33 -41 53 0
-19 15 -39 0
14 -51 -42 0
-39 54 43 0
10 4 -39 0
9 -12 -4 0
37 5 -31 0
-52 -40 -19 0
-15 -37 14 0
-52 -25 -57 0
-45 36 11 0
-16 -3 -43 0
-27 57 26 0
-32 33 4 0
-10 -18 52 0
9 58 30 0
-33 -13 11 0
28 -38 -30 0
-25 -26 -29 0
15 24 -49 0
-17 -32 -49 0
-2 -8 18 0
-48 34 -23 0
-46 11 -51 0
18 30 -11 0
-8 5 -1 0
57 -33 13 0
-12 -13 14 0
17 -16 45 0
-9 -18 -50 0
48 -32 41 0
17 10 54 0
45 -50 2 0
56 50 -9 0
35 2 21 0
21 28 7 0
38 -56 31 0
54 25 10 0
41 -55 6 0
52 33 22 0
-45 -44 -5 0
29 -40 -35 0
-47 -54 -33 0
-54 -12 -28 0
-8 -22 -57 0
46 19 -30 0
18 -58 -4 0
-54 -4 16 0
7 9 43 0
-38 48 20 0
14 -41 -26 0
-36 6 -10 0
-27 -32 24 0
-35 43 8 0
-1 -52 -57 0
-39 18 34 0
-54 28 -57 0
-51 27 54 0
25 11 -19 0
33 35 5 0
-25 -53 57 0
-45 -41 8 0
-45 -53 42 0
-53 24 -30 0
33 -11 -13 0
2 -3 9 0
-29 -31 12 0
56 4 -51 0
-15 30 -52 0
38 -31 -53 0
-14 53 -31 0
9 16 -32 0
-24 28 -12 0
13 38 -20 0
-30 57 -19 0
4 -22 45 0
-22 42 -53 0
-55 54 -25 0
-28 3 -27 0
-6 8 36 0
-47 44 21 0
-10 6 56 0
30 48 -23 0
14 46 36 0
32 -19 29 0
-54 43 57 0
20 36 44 0
27 -6 -4 0
-33 28 -7 0
-8 -38 -18 0
41 -11 -8 0
-4 51 41 0
-53 -52 -48 0
37 -9 -43 0
25 -4 -36 0
59 -5 -40 0
-56 -11 -14 0
37 41 44 0
-6 -48 28 0
41 -11 -4 0
11 40 -46 0
-11 -26 6 0
-31 -21 -29 0
41 -14 -25 0
44 11 40 0
34 6 -47 0
-43 -29 -24 0
48 42 -25 0
54 -4 11 0
-10 26 56 0
56 3 -18 0
37 -3 -38 0
55 3 35 0
-17 -28 -55 0
47 21 -40 0
-35 15 17 0
-7 -32 13 0
49 36 -18 0
-12 20 27 0
-27 24 56 0
55 44 43 0
57 -27 5 0
1 -20 -12 0
-34 -30 19 0
-22 58 -15 0
-36 -50 1 0
16 41 -34 0
48 -51 40 0
-21 42 40 0
20 -48 -44 0
-31 25 5 0
-49 47 2 0
34 11 10 0
39 -41 -59 0
-18 -1 30 0
52 -55 44 0
-10 -43 -42 0
-50 -58 7 0
-59 48 45 0
6 -50 -16 0
-8 44 -12 0
2 57 -7 0
59 -44 23 0
-4 -8 -10 0
17 10 13 0
13 -38 -33 0
-2 36 -43 0
-41 -54 6 0
44 -17 -47 0
42 37 57 0
-57 -19 30 0
16 23 -57 0
33 -15 2 0
