p 21 89
-13 -1 -21 0
16 -9 18 0
9 10 -11 0
18 3 -20 0
18 -7 14 0
20 8 -4 0
18 9 11 0
4 13 -21 0
20 21 19 0
3 -21 4 0
-15 -17 -9 0
-12 -6 -16 0
20 -1 -12 0
8 -17 19 0
12 5 18 0
12 -6 -9 0
-1 -7 -4 0
1 5 19 0
15 -6 20 0
18 -15 6 0
-18 7 -11 0
20 -21 9 0
18 -14 -21 0
16 -10 14 0
-6 -8 15 0
17 -7 -21 0
13 5 -10 0
11 -6 -1 0
8 10 5 0
10 -16 -8 0
-19 1 -13 0
-6 2 20 0
-21 -13 -10 0
-9 -18 -19 0
-1 -21 5 0
-4 -16 -3 0
-8 1 14 0
8 5 15 0
14 -5 18 0
14 11 6 0
-8 -12 19 0
-14 -8 -3 0
-10 -17 -19 0
-19 13 -17 0
-11 -5 -17 0
-7 6 -18 0
-8 1 9 0
-17 -10 -21 0
21 2 20 0
14 18 3 0
-2 4 9 0
11 -7 8 0
-4 3 -10 0
-16 11 2 0
8 -2 -3 0
-9 15 -3 0
-18 -10 12 0
1 -15 19 0
17 13 16 0
17 9 -11 0
-21 -13 -7 0
19 20 -18 0
-4 16 -9 0
21 -19 4 0
18 4 -2 0
-10 11 15 0
1 -4 -6 0
17 -2 -7 0
20 -5 -8 0
-21 15 -13 0
-7 -21 13 0
-11 13 -9 0
7 10 9 0
3 10 12 0
-6 8 -21 0
-8 -17 10 0
21 -20 -4 0
-20 -19 17 0
11 10 -1 0
-18 -12 1 0
2 -10 4 0
14 17 -3 0
4 5 19 0
6 -19 2 0
-13 5 -4 0
-1 3 -18 0
-11 -20 -17 0
-8 3 -21 0
-15 -14 17 0
