p 19 80
15 -16 -4 0
-18 9 16 0
-2 14 -8 0
-9 11 7 0
-10 1 -18 0
13 -9 -6 0
16 8 -5 0
-18 -17 -9 0
-2 -10 1 0
4 -11 8 0
-1 9 -18 0
-13 19 15 0
-14 -9 -4 0
-10 -7 -6 0
6 9 10 0
6 -7 -18 0
1 -4 -14 0
3 6 -17 0
-6 3 10 0
5 -8 -10 0
2 -14 -19 0
6 13 7 0
8 -13 17 0
-17 -16 7 0
-7 19 -8 0
3 -2 1 0
-4 -17 -18 0
-18 9 4 0
4 -6 10 0
6 14 -4 0
5 16 -6 0
-17 5 2 0
-10 11 -1 0
-10 -3 18 0
-4 16 -8 0
-11 5 10 0
12 -17 -4 0
-3 5 17 0
12 -16 4 0
6 -5 8 0
9 18 -10 0
-12 19 -3 0
9 -5 -17 0
1 -19 5 0
-15 -8 -5 0
-9 18 4 0
-16 -15 9 0
5 -1 8 0
13 -14 4 0
18 -1 16 0
10 -7 5 0
-10 7 12 0
12 1 -16 0
-11 13 -8 0
5 11 14 0
16 5 19 0
17 10 7 0
-15 -13 6 0
4 -12 17 0
13 -10 -17 0
-19 18 4 0
3 -18 4 0
-10 12 17 0
2 -1 18 0
14 -18 15 0
6 -15 19 0
6 10 -18 0
8 17 5 0
19 -13 -8 0
-13 -19 8 0
6 15 1 0
5 -13 -4 0
16 15 13 0
5 13 -1 0
14 -5 2 0
-5 -15 -12 0
-6 -7 -9 0
11 15 14 0
17 -9 10 0
7 9 15 0
