p 35 149
-14 -25 -29 0
4 -19 -32 0
-21 -9 3 0
13 20 -8 0
21 -8 -27 0
27 4 30 0
-1 34 18 0
29 -11 -5 0
-35 -13 20 0
4 -16 -21 0
20 -35 -26 0
11 28 -34 0
16 4 26 0
28 16 9 0
24 9 29 0
-18 9 -1 0
11 34 7 0
2 -23 -21 0
-31 -8 -33 0
27 7 -17 0
-21 -5 29 0
-21 22 24 0
21 -8 23 0
-12 -32 -21 0
30 -8 -23 0
-6 25 -32 0
-10 27 28 0
-20 -33 1 0
18 -23 32 0
4 34 9 0
-3 14 26 0
-14 19 32 0
-24 -23 -18 0
-18 -23 -13 0
26 -12 20 0
15 19 -14 0
-32 -25 35 0
-27 -14 21 0
-11 -18 -19 0
-13 12 -15 0
-11 29 14 0
-34 16 4 0
13 -10 24 0
20 -32 -3 0
-17 20 3 0
22 -2 -15 0
-7 14 10 0
-31 -19 18 0
26 33 27 0
-9 3 4 0
-29 -32 16 0
-33 -17 -4 0
-5 -6 -16 0
-25 2 34 0
-33 -11 -4 0
-22 24 -9 0
-13 2 34 0
-25 16 -26 0
29 3 -24 0
-20 -2 10 0
-27 21 -26 0
15 33 13 0
22 -15 35 0
20 1 15 0
5 -24 2 0
28 -14 31 0
7 12 -28 0
29 25 26 0
-10 -6 3 0
27 15 25 0
-22 -10 -28 0
-4 -18 -32 0
-20 32 17 0
-13 -23 -30 0
-15 7 20 0
-5 1 31 0
35 7 29 0
17 -9 -35 0
29 3 34 0
19 27 20 0
-28 -6 26 0
-24 5 25 0
-29 -1 -35 0
34 23 -35 0
-23 -32 -35 0
-19 34 -17 0
-27 16 17 0
34 -28 23 0
14 19 -10 0
-1 -11 26 0
-19 26 -32 0
-33 10 -34 0
-9 -5 -25 0
-35 -23 -10 0
-33 -17 -9 0
35 8 22 0
16 32 2 0
31 -27 -18 0
-29 32 7 0
-13 30 -5 0
-14 27 -2 0
-17 -23 4 0
10 -7 -6 0
32 18 2 0
-3 -10 -29 0
24 -26 -27 0
18 15 25 0
31 18 29 0
-20 -13 18 0
-3 -26 32 0
-34 -25 23 0
26 22 21 0
14 35 23 0
30 5 -13 0
25 34 -24 0
6 -13 23 0
22 24 -14 0
17 -15 20 0
9 32 -17 0
5 19 9 0
-15 23 9 0
10 -33 -31 0
-22 -29 -16 0
21 -11 28 0
-27 -17 -28 0
7 3 -22 0
30 -26 -23 0
-8 -23 3 0
-18 26 19 0
10 -31 28 0
-19 33 14 0
35 27 30 0
-17 16 7 0
9 -27 -5 0
-33 -25 -4 0
19 17 -31 0
-34 4 -23 0
-3 6 -25 0
-32 -8 -31 0
11 -32 28 0
23 -32 2 0
-7 30 -24 0
-17 -28 -31 0
-9 12 32 0
4 -28 -17 0
19 -4 15 0
-21 8 23 0
-3 28 31 0
-25 -1 -15 0
