p 77 328
-24 74 72 0
-65 16 -33 0
12 15 -3 0
11 16 58 0
57 69 6 0
51 -43 11 0
-33 65 -45 0
40 -76 29 0
23 28 35 0
-59 -49 56 0
-23 57 -61 0
-37 -75 -2 0
-58 14 30 0
48 -69 -34 0
-22 6 -28 0
64 -45 -15 0
-6 73 36 0
-63 32 -77 0
27 -35 73 0
16 74 -8 0
21 -55 42 0
-27 20 46 0
-1 -42 77 0
-31 22 -1 0
-37 76 63 0
5 -46 12 0
32 52 23 0
5 3 -52 0
-72 -51 -50 0
43 39 40 0
24 -45 -23 0
22 27 38 0
-19 9 71 0
-18 -17 2 0
-27 -26 11 0
-36 -50 -66 0
36 -66 40 0
-11 -19 -34 0
-47 71 -36 0
33 74 -58 0
38 -21 51 0
63 57 34 0
39 -13 -34 0
37 -14 -3 0
-13 35 10 0
9 -6 -72 0
65 73 -47 0
17 -30 56 0
44 -19 -11 0
1 -9 -4 0
-41 -37 -14 0
66 9 -31 0
-42 57 -49 0
-53 61 -46 0
-19 16 -75 0
-29 49 33 0
5 52 -26 0
48 47 -49 0
-46 21 10 0
38 -8 -64 0
-56 35 73 0
65 -74 -20 0
-63 -75 14 0
-39 69 -75 0
19 -66 -75 0
-20 57 65 0
61 -1 8 0
-7 -12 -57 0
-35 17 50 0
57 10 27 0
-42 -53 38 0
-72 -8 -17 0
-74 -48 -4 0
23 1 63 0
-33 -2 -27 0
11 -73 -19 0
73 -24 1 0
-55 33 35 0
-38 35 -5 0
-1 30 21 0
5 -33 -23 0
-33 14 -68 0
57 21 53 0
58 57 22 0
55 -24 76 0
-4 -42 61 0
57 43 -42 0
-58 -29 -1 0
46 28 -61 0
26 24 -29 0
-40 -75 -14 0
63 12 -73 0
22 1 -45 0
-57 -18 10 0
-14 70 -24 0
77 19 -26 0
23 -29 43 0
-77 66 27 0
22 33 -29 0
-39 53 30 0
-67 -51 -7 0
53 69 -12 0
75 73 -56 0
-56 -55 65 0
60 -40 41 0
-44 43 53 0
-14 -65 17 0
-8 18 -20 0
-62 77 16 0
-35 49 72 0
-70 -3 12 0
-41 -65 -69 0
-42 33 -30 0
33 31 41 0
-16 68 75 0
77 31 -30 0
32 1 -5 0
26 38 43 0
6 -49 4 0
12 7 72 0
-62 -12 23 0
77 -46 -36 0
54 45 -16 0
-55 3 27 0
-30 16 73 0
-3 -69 -76 0
60 -73 22 0
-51 32 39 0
1 64 27 0
-23 47 -24 0
22 14 55 0
55 39 6 0
-49 -13 -54 0
6 -31 -28 0
59 -17 62 0
-62 7 65 0
-39 -74 -5 0
-45 34 -32 0
24 15 -35 0
-50 -47 -55 0
-33 22 -1 0
-8 46 -18 0
-33 -35 55 0
-38 -36 30 0
-15 -55 -60 0
6 -63 26 0
76 -70 -27 0
-72 -18 30 0
-56 3 55 0
10 41 -3 0
61 18 12 0
29 49 66 0
48 -10 -67 0
-29 73 24 0
-69 -45 33 0
-24 -50 27 0
67 43 2 0
-57 70 41 0
4 45 -58 0
2 -69 58 0
-51 41 49 0
-30 -47 39 0
-61 -63 75 0
-45 26 35 0
-11 73 13 0
-32 2 -62 0
41 -72 -48 0
68 -48 7 0
36 11 -49 0
62 -59 7 0
-54 -48 -5 0
29 -66 70 0
60 35 -51 0
-44 -53 24 0
-76 -39 -38 0
63 -36 -7 0
-38 39 37 0
-15 35 42 0
-32 57 6 0
67 -76 -72 0
-63 -77 -6 0
-77 4 13 0
15 63 -3 0
-64 -56 -74 0
-49 -61 -11 0
67 30 26 0
59 -71 74 0
-55 56 -73 0
3 -71 -70 0
-11 71 -36 0
-42 -27 -61 0
-36 25 -56 0
-36 31 50 0
13 -52 -29 0
34 -36 59 0
44 -62 -61 0
47 -26 45 0
9 5 54 0
-12 42 28 0
-45 57 8 0
36 -3 19 0
53 72 52 0
-72 -77 -3 0
-45 -69 -61 0
-13 -22 -71 0
56 76 -20 0
-13 -48 4 0
4 -35 -48 0
-6 23 -25 0
38 53 -56 0
-12 -20 32 0
45 -20 60 0
-58 -65 -66 0
-51 -68 -4 0
-59 56 -9 0
25 -50 17 0
53 32 60 0
-24 17 -70 0
-30 -13 -74 0
-29 -42 -46 0
-8 11 24 0
-47 -14 2 0
-44 -45 -51 0
-3 20 72 0
45 -62 -35 0
50 -29 -39 0
-28 27 56 0
-71 -37 49 0
-64 30 46 0
-66 65 17 0
49 36 -40 0
51 -14 1 0
42 -37 -12 0
65 -35 -27 0
48 -74 27 0
-44 -11 10 0
24 72 68 0
27 71 63 0
-62 -76 -64 0
-27 22 63 0
-48 -13 -69 0
4 -24 30 0
-39 40 74 0
71 -41 -38 0
12 45 56 0
-27 24 15 0
30 -67 -5 0
-3 -6 -19 0
-46 58 -11 0
3 -13 59 0
-74 66 77 0
50 15 -22 0
4 53 59 0
-12 -24 -13 0
76 21 -73 0
21 -3 -22 0
-41 -46 -39 0
-17 -3 -35 0
9 11 -15 0
-41 -71 -39 0
15 5 9 0
55 -39 53 0
-46 56 18 0
49 -62 53 0
-16 -76 -39 0
58 -14 41 0
28 -72 -13 0
-49 -51 74 0
23 -52 -54 0
45 -77 34 0
76 -29 70 0
-69 -5 -46 0
-63 -25 -68 0
-40 -52 -42 0
12 -14 59 0
36 41 -69 0
-57 -10 -76 0
-20 -24 59 0
-27 62 -44 0
59 -69 51 0
-28 -63 -55 0
77 6 2 0
74 77 -26 0
54 18 -70 0
-38 26 -72 0
55 16 -57 0
57 -28 35 0
14 -32 68 0
-70 30 -10 0
-42 62 -56 0
72 -44 24 0
-54 -7 58 0
-48 14 -5 0
-62 -33 55 0
-8 -15 -1 0
-68 50 21 0
28 13 61 0
-69 -50 -73 0
-18 54 57 0
-57 -67 16 0
9 -62 -38 0
-26 59 -7 0
60 -38 55 0
64 56 -22 0
-25 44 5 0
1 69 -4 0
57 73 15 0
69 -52 74 0
5 17 53 0
18 54 7 0
40 56 -67 0
12 66 -36 0
-47 -13 56 0
75 -37 -7 0
62 2 56 0
48 10 -11 0
45 -1 63 0
-9 -27 -67 0
-24 -61 35 0
46 -33 41 0
54 -9 73 0
-5 -69 -26 0
-39 28 40 0
63 -26 25 0
12 5 -62 0
74 -77 -17 0
6 45 -48 0
-11 18 38 0
