p 52 221
25 19 -39 0
-1 -2 -28 0
-36 -38 33 0
-38 -46 -6 0
-52 -30 -28 0
-14 -5 2 0
4 -35 51 0
-7 -37 19 0
33 -26 28 0
19 9 -49 0
8 -51 -5 0
-46 -32 -18 0
-2 -27 10 0
21 -24 20 0
41 -40 -3 0
-41 -50 -27 0
-22 28 -38 0
17 -19 -5 0
-37 -24 -7 0
-30 -15 -35 0
5 -27 20 0
30 9 12 0
-39 -13 -15 0
46 -1 42 0
43 4 -15 0
11 -41 6 0
-2 -15 -17 0
7 3 -33 0
-7 14 -1 0
42 -31 29 0
6 46 24 0
-6 39 -2 0
37 15 1 0
-42 -20 -14 0
39 -9 3 0
-20 -40 -9 0
32 -9 12 0
-12 2 39 0
-19 -12 -7 0
-19 33 -35 0
4 27 23 0
34 -21 16 0
5 -29 -21 0
33 -21 -38 0
4 14 34 0
-21 -17 1 0
-29 35 43 0
-21 8 38 0
28 15 42 0
51 23 15 0
-4 -32 40 0
36 -4 35 0
22 -12 -24 0
45 23 -8 0
-49 19 39 0
-34 -37 -26 0
25 -2 -15 0
13 -16 10 0
38 -51 35 0
14 15 33 0
-49 6 40 0
-7 -19 13 0
47 -42 3 0
-45 -21 -49 0
2 -19 -14 0
-36 -13 -4 0
38 4 41 0
13 25 14 0
50 13 -34 0
42 -48 -32 0
17 24 50 0
-26 15 9 0
8 30 35 0
27 -25 -35 0
-38 -41 21 0
-47 52 -16 0
-35 30 3 0
50 27 42 0
41 -35 24 0
49 16 -32 0
25 18 -21 0
-5 -26 19 0
-17 18 33 0
25 -19 -23 0
51 -22 -27 0
-11 -3 -4 0
-16 -15 -51 0
6 10 20 0
49 48 -1 0
-23 -1 -31 0
33 18 -23 0
-43 20 -24 0
29 34 -36 0
-26 -7 -31 0
-38 -46 4 0
38 32 -29 0
10 25 30 0
-49 11 34 0
5 21 23 0
45 -52 -43 0
-39 -35 29 0
28 30 -11 0
20 12 13 0
-15 -7 -16 0
-10 -40 -24 0
-35 -28 -17 0
1 2 40 0
19 23 -10 0
-5 1 38 0
28 -32 19 0
-9 16 -10 0
47 17 20 0
34 32 -33 0
13 -52 39 0
-44 47 -21 0
-34 49 -28 0
-39 27 -32 0
-48 -22 39 0
-2 -42 34 0
-46 38 -3 0
-8 -42 29 0
-38 29 27 0
-46 -33 -1 0
10 -45 47 0
-25 37 -6 0
50 -17 -9 0
47 2 -37 0
14 -49 -47 0
-12 33 27 0
2 9 -36 0
-11 27 17 0
-49 -51 48 0
47 -43 -51 0
-6 -15 4 0
-8 -40 36 0
-49 -10 -23 0
1 -6 -4 0
-17 31 -15 0
-13 -12 -7 0
-48 -40 9 0
-37 43 22 0
18 23 41 0
10 -30 -27 0
-47 35 27 0
12 33 11 0
-37 -2 11 0
-38 -4 -30 0
31 16 -8 0
19 -10 -51 0
27 5 43 0
22 -5 25 0
17 41 30 0
40 13 -12 0
46 -21 -47 0
21 24 23 0
-16 38 -31 0
-6 16 -30 0
34 37 -47 0
2 12 -7 0
-34 -28 7 0
5 -2 47 0
19 6 -22 0
-49 -29 -13 0
-14 -10 33 0
-35 -29 37 0
-27 -1 24 0
-2 -51 -33 0
22 -34 -25 0
51 -31 -12 0
-35 -43 17 0
45 -40 22 0
-38 49 34 0
47 -34 29 0
-51 28 22 0
5 -10 -12 0
-43 -20 8 0
-6 9 -38 0
-15 25 33 0
10 11 -17 0
6 36 -10 0
-7 -49 6 0
32 -11 15 0
-29 46 15 0
7 37 -25 0
-52 48 51 0
30 -39 22 0
-28 -31 42 0
-27 -20 -24 0
20 18 -33 0
44 -15 -32 0
34 49 45 0
5 39 -3 0
34 -30 38 0
-16 1 7 0
50 24 3 0
49 39 -33 0
-31 14 -2 0
11 47 12 0
-26 -25 47 0
-15 -29 -40 0
-25 -31 12 0
52 25 -19 0
-29 -38 -3 0
-20 48 25 0
52 -30 47 0
5 -19 8 0
3 -47 -34 0
52 31 -45 0
17 -13 -43 0
5 35 -9 0
18 -44 -36 0
43 24 -10 0
51 -52 -26 0
-13 -31 12 0
8 -15 28 0
31 -23 19 0
-24 42 -52 0
42 -30 -38 0
42 -35 46 0
7 -18 -35 0
-23 -3 6 0
