p 89 379
-61 -38 46 0
-6 23 60 0
-13 29 -69 0
-27 30 -88 0
40 88 46 0
-76 21 -56 0
-27 -15 -65 0
77 68 -16 0
53 72 -56 0
71 -84 12 0
43 23 48 0
46 -36 5 0
2 88 -89 0
-14 73 39 0
60 -47 -76 0
26 17 -24 0
1 -21 77 0
59 -68 -71 0
-83 27 -82 0
-62 -11 -40 0
-29 -44 -80 0
78 56 8 0
-79 70 -77 0
-9 14 -32 0
-40 -23 41 0
-41 8 19 0
-52 58 -41 0
-48 78 39 0
29 39 9 0
67 -8 -24 0
58 25 64 0
-88 25 37 0
61 43 -16 0
7 -31 28 0
-65 -3 -62 0
49 87 -82 0
-28 -47 32 0
-65 -27 11 0
51 -66 -61 0
60 74 6 0
62 -61 44 0
37 82 -7 0
-49 -64 -60 0
81 23 73 0
-80 -28 -8 0
-81 -18 31 0
-23 -3 6 0
-37 -86 -13 0
36 32 33 0
14 -41 -34 0
28 74 -41 0
4 57 -28 0
30 -56 68 0
-76 55 -80 0
31 -80 -53 0
-89 -31 -73 0
-78 57 -61 0
-45 -86 -46 0
61 -53 -66 0
18 -71 84 0
28 83 -22 0
-60 -35 23 0
-6 -11 54 0
52 -71 82 0
-4 61 27 0
-57 79 80 0
6 76 -46 0
-14 -74 -47 0
20 -28 -60 0
66 9 82 0
-43 59 -27 0
-46 -56 30 0
-61 17 76 0
45 -75 64 0
-69 -56 -55 0
10 -85 23 0
28 -4 48 0
12 25 -43 0
76 8 -61 0
11 -48 -31 0
-29 -64 27 0
10 55 -3 0
68 2 39 0
83 7 -80 0
6 -36 -30 0
-10 -86 57 0
69 -52 62 0
34 -12 -43 0
-81 -24 -37 0
-5 -30 42 0
-66 -24 -71 0
86 -4 -34 0
66 17 57 0
89 24 41 0
66 -31 -61 0
-24 -56 61 0
15 83 -17 0
64 -61 -50 0
46 24 22 0
63 -55 -69 0
-62 -38 30 0
-23 -29 86 0
46 12 -88 0
-1 7 -87 0
15 6 -63 0
69 30 64 0
46 -35 4 0
-21 32 -29 0
8 36 -23 0
-55 33 81 0
-82 4 10 0
-50 16 -64 0
28 -13 -85 0
38 62 -12 0
61 20 -24 0
29 -83 62 0
-80 76 -23 0
-57 58 41 0
-29 -66 -86 0
-2 -49 85 0
-89 -44 -72 0
55 -69 38 0
-86 63 89 0
78 -65 63 0
-40 -89 -63 0
-24 -63 4 0
83 78 89 0
11 19 63 0
52 -11 84 0
-8 89 -54 0
53 -63 83 0
-65 17 -25 0
49 59 -81 0
70 28 6 0
-37 24 -57 0
-23 8 -85 0
-52 -23 20 0
18 12 -63 0
-10 -63 30 0
-16 7 -17 0
-63 -26 -8 0
-41 -15 12 0
-3 -80 56 0
-66 6 -47 0
-7 -12 -71 0
-80 -25 -23 0
-21 70 49 0
58 -50 -19 0
-89 -1 -21 0
-57 -3 55 0
-7 -10 -42 0
32 30 78 0
74 -57 17 0
42 -68 10 0
17 -7 70 0
-77 -80 31 0
-32 2 -21 0
51 42 72 0
-81 -33 65 0
-58 34 -12 0
-19 -75 -24 0
-89 -32 -34 0
73 22 -9 0
14 -50 -28 0
29 89 -53 0
14 -77 62 0
15 -36 8 0
-85 -80 -52 0
-1 -33 -55 0
-63 -25 84 0
-19 -62 11 0
28 -14 29 0
45 -84 -79 0
69 3 87 0
62 67 -84 0
49 -54 34 0
-44 -84 -43 0
30 -84 -20 0
-81 -16 -29 0
-70 7 64 0
-26 -6 -2 0
-72 14 -48 0
-75 78 67 0
83 -59 -10 0
-6 -82 -59 0
74 -2 -14 0
-38 -75 -79 0
-62 -14 -19 0
16 -3 -65 0
71 -36 82 0
20 21 78 0
86 -19 21 0
-11 85 -43 0
-82 -12 83 0
71 40 57 0
-87 24 -83 0
-49 -88 -5 0
-75 54 27 0
-86 37 31 0
24 1 33 0
-9 -23 65 0
50 -87 38 0
85 78 32 0
21 -83 77 0
8 -33 -41 0
-48 32 26 0
6 -70 -51 0
2 -9 -15 0
-4 -18 8 0
-34 15 60 0
-54 -11 -70 0
-45 -84 -32 0
26 -6 -7 0
-62 -72 54 0
11 48 15 0
-17 78 32 0
74 47 50 0
66 -59 39 0
49 -78 42 0
84 -12 -59 0
27 -46 -11 0
-84 -68 14 0
-11 -73 43 0
63 54 11 0
-69 85 44 0
-15 -7 31 0
-51 50 1 0
11 44 -86 0
-51 83 -79 0
25 -73 -79 0
40 33 -34 0
-17 -86 42 0
-62 -29 -41 0
-44 6 48 0
17 52 35 0
40 88 8 0
45 8 -84 0
29 -46 44 0
-4 66 83 0
-70 -12 -10 0
46 -48 49 0
50 72 -51 0
-1 -76 -20 0
-34 -62 50 0
5 -75 -86 0
-47 -85 87 0
49 -1 50 0
-11 34 2 0
-68 -7 -42 0
42 -63 39 0
-75 -43 45 0
-83 82 -69 0
-61 13 -66 0
-34 28 -5 0
27 -43 4 0
-61 22 -12 0
-22 20 35 0
69 -45 -27 0
-71 77 4 0
24 89 -51 0
3 23 14 0
73 81 -41 0
28 -55 -45 0
-44 31 -1 0
14 4 -17 0
-51 74 41 0
10 68 -89 0
-70 57 -83 0
-65 12 -64 0
-64 15 -69 0
75 87 -64 0
85 59 79 0
23 52 -8 0
-60 86 87 0
-19 83 32 0
56 10 -16 0
-75 59 -1 0
47 -41 67 0
69 -85 7 0
-83 19 -8 0
-54 -51 -69 0
-31 11 42 0
-9 -71 12 0
42 14 -9 0
85 -76 37 0
2 86 53 0
-84 40 41 0
62 -27 -46 0
-56 31 -29 0
84 -71 37 0
65 -42 -87 0
73 -47 29 0
-88 -86 26 0
73 15 2 0
-81 48 76 0
-30 2 85 0
89 13 -53 0
-52 18 2 0
-40 39 -79 0
80 86 -47 0
50 51 17 0
-68 -78 -80 0
-33 66 58 0
-78 -45 -49 0
-1 71 23 0
-45 -37 34 0
63 19 57 0
33 3 36 0
-75 -41 20 0
9 -62 23 0
-40 -34 -44 0
-44 -56 -39 0
-43 -55 77 0
-74 -21 -12 0
-83 70 -76 0
50 5 -82 0
-80 20 -8 0
-1 28 78 0
-41 -78 -60 0
47 -68 -72 0
13 33 24 0
-32 22 48 0
33 87 -6 0
-69 -9 -21 0
-20 12 -82 0
-17 3 25 0
28 -40 -81 0
25 -20 -75 0
59 15 13 0
-89 34 71 0
-36 -9 21 0
38 20 -34 0
-2 3 6 0
62 75 -85 0
-53 72 -34 0
79 78 67 0
31 2 -15 0
-77 5 -57 0
-78 29 -67 0
33 -37 84 0
18 48 -29 0
-3 -38 58 0
12 -41 -18 0
-89 6 50 0
-81 87 -73 0
82 4 50 0
25 -66 41 0
82 71 35 0
-37 -52 6 0
-1 89 -61 0
-55 -50 32 0
12 -83 52 0
-3 -74 -50 0
-39 -34 80 0
-57 -15 -23 0
-71 -84 13 0
1 -6 -79 0
-81 -30 78 0
26 27 34 0
-4 -84 -70 0
-30 -39 -31 0
89 -19 -16 0
44 -79 51 0
-88 39 25 0
62 56 -16 0
-23 -73 -81 0
89 59 5 0
70 -3 -80 0
-49 -75 -36 0
20 -11 72 0
82 30 38 0
-42 64 4 0
25 -7 72 0
-3 23 53 0
7 47 41 0
-62 83 -28 0
-84 34 -50 0
-16 43 -38 0
2 73 -18 0
