p 14 59
-6 4 -1 0
14 1 12 0
8 -11 7 0
-11 -3 -9 0
2 13 11 0
7 3 -12 0
4 9 -5 0
8 -11 5 0
-6 -12 13 0
-7 13 -1 0
9 -11 5 0
-14 8 12 0
1 7 -10 0
-14 -11 -6 0
11 -4 -12 0
5 -2 -1 0
-6 -7 -1 0
-6 4 8 0
3 14 -2 0
-1 7 6 0
14 -3 1 0
13 3 4 0
-13 -8 5 0
-8 10 -3 0
-7 6 -3 0
3 8 4 0
8 -14 13 0
-4 -11 14 0
2 14 -3 0
12 -6 11 0
11 1 -5 0
6 -10 -14 0
9 5 1 0
-2 9 -6 0
10 -14 5 0
5 7 -1 0
7 4 -2 0
-1 -14 3 0
-7 5 9 0
10 3 -4 0
7 9 10 0
-12 -9 3 0
2 -5 -9 0
-9 4 -11 0
-13 10 3 0
-13 9 14 0
12 1 13 0
-2 6 -10 0
-14 4 -5 0
1 7 -6 0
-10 -6 9 0
-5 -14 1 0
-14 -6 -2 0
-11 -10 1 0
-6 -3 9 0
-6 1 -13 0
2 -13 -11 0
-11 2 3 0
14 6 11 0
