p 70 298
20 11 -5 0
-32 -57 4 0
20 2 -25 0
16 -12 -52 0
-3 45 -16 0
13 -19 -49 0
-53 -29 -48 0
-65 -8 46 0
55 45 37 0
30 -42 19 0
-18 -59 49 0
-28 -56 57 0
25 22 -4 0
44 -23 21 0
62 -5 20 0
43 -37 -22 0
-30 47 -46 0
-45 -32 57 0
-32 -49 33 0
-7 -60 41 0
-43 58 -68 0
28 -57 -12 0
38 66 41 0
-17 38 61 0
-8 6 35 0
9 35 -5 0
60 -53 56 0
-48 39 34 0
65 15 46 0
9 28 60 0
48 -29 -40 0
61 -58 -26 0
-14 -22 8 0
30 -64 -39 0
-46 30 -44 0
-3 19 9 0
58 -37 -48 0
40 27 33 0
17 48 -34 0
2 35 -5 0
32 -68 16 0
-12 -51 57 0
41 20 26 0
2 -7 23 0
-70 -65 -62 0
-42 -2 -58 0
-36 47 33 0
-2 -6 -48 0
-1 9 -49 0
-26 36 -50 0
-54 16 56 0
-42 -66 1 0
20 47 -60 0
-37 -61 -3 0
-59 -32 52 0
-46 -32 5 0
49 53 -1 0
41 -48 -61 0
-68 -64 -15 0
46 13 -23 0
-24 -34 -66 0
-36 5 40 0
27 67 62 0
6 1 66 0
-53 37 -9 0
-54 -19 -26 0
-4 -29 -3 0
22 -42 41 0
6 42 -17 0
-3 60 15 0
15 46 -25 0
-30 21 13 0
56 -49 68 0
-64 -6 38 0
52 -25 -37 0
50 -33 -69 0
-36 -34 21 0
66 -65 -70 0
-42 -26 4 0
2 -45 11 0
35 22 7 0
26 -44 65 0
-4 61 -20 0
-61 21 9 0
-17 -36 22 0
31 -40 7 0
-16 -64 -19 0
-41 -23 17 0
-33 -8 13 0
35 57 -69 0
56 19 -59 0
57 37 -45 0
54 63 -47 0
16 -48 6 0
64 -36 -63 0
-12 -19 48 0
3 -49 12 0
62 -51 -36 0
-17 56 -8 0
28 20 25 0
18 28 35 0
-68 -5 -55 0
43 17 66 0
62 19 -46 0
15 -53 -16 0
50 -52 39 0
10 31 63 0
-55 6 39 0
59 -3 -12 0
15 10 34 0
-68 -29 61 0
-42 -40 -20 0
40 49 -37 0
-68 42 -11 0
-68 4 8 0
14 -52 -10 0
9 15 6 0
-30 33 5 0
-17 -20 -6 0
-1 -10 32 0
55 -35 -49 0
33 34 -50 0
52 -55 5 0
-14 -24 -33 0
40 -28 59 0
-37 38 7 0
21 -29 -58 0
-57 -1 -69 0
-30 -49 63 0
62 60 59 0
69 -50 -17 0
2 26 -38 0
10 -5 -52 0
21 50 -1 0
-12 68 1 0
42 7 -44 0
56 -32 -53 0
34 45 -23 0
21 -53 -42 0
64 29 54 0
29 65 69 0
-23 54 9 0
20 -16 -23 0
-69 -53 -41 0
40 -11 -45 0
38 -14 57 0
50 35 -61 0
6 42 -66 0
-12 1 37 0
-47 64 -57 0
-62 -40 67 0
64 4 36 0
40 -49 46 0
8 61 44 0
29 -62 8 0
-57 -64 -34 0
8 -55 -39 0
24 65 63 0
57 -9 35 0
27 -55 3 0
-28 -35 3 0
12 -45 67 0
44 -37 -16 0
-66 36 57 0
-28 -38 -26 0
57 9 -54 0
43 15 -29 0
-59 -69 -64 0
-34 56 17 0
51 65 31 0
-44 8 27 0
-30 -32 -33 0
-69 17 3 0
-66 -55 28 0
25 60 59 0
-34 43 47 0
1 -11 -8 0
23 20 -5 0
-51 13 -68 0
17 -44 -10 0
-16 24 68 0
-26 -12 -4 0
-54 -58 -53 0
-37 -27 -54 0
30 -45 -7 0
-42 -5 41 0
37 33 -61 0
7 -67 -36 0
39 -55 -30 0
-51 19 57 0
68 -3 34 0
45 6 -64 0
68 -31 57 0
-29 28 53 0
35 50 37 0
-63 4 -1 0
-15 -37 -46 0
-6 42 -35 0
4 -2 -69 0
56 -63 17 0
-48 14 13 0
-45 34 -58 0
15 -69 -29 0
1 -37 18 0
58 -15 37 0
62 -64 -1 0
43 -32 53 0
66 62 -56 0
-25 15 10 0
35 19 -61 0
-54 -41 -34 0
47 -19 -2 0
-61 -13 -69 0
29 -46 36 0
43 -32 31 0
16 70 48 0
46 -52 40 0
52 -66 -61 0
37 -5 66 0
5 2 -42 0
-50 51 -28 0
-54 16 44 0
54 -18 58 0
50 -58 62 0
38 7 28 0
-11 66 -55 0
49 -62 50 0
-18 25 28 0
-54 55 -31 0
-65 58 20 0
17 33 37 0
-11 17 22 0
-63 7 21 0
-65 -66 -15 0
38 -54 -47 0
-6 55 -67 0
37 33 -24 0
49 -61 -39 0
18 34 -35 0
16 -34 46 0
-42 37 -32 0
-65 -56 -40 0
61 -33 -27 0
63 37 -26 0
-42 23 -61 0
-47 -37 -58 0
-59 14 -26 0
-34 65 -25 0
59 -61 15 0
27 4 62 0
-20 69 -29 0
57 -32 46 0
51 -45 65 0
46 4 -22 0
-42 63 34 0
-14 41 52 0
21 -23 -28 0
35 -31 -27 0
54 67 -18 0
-4 -40 -2 0
-37 16 -44 0
6 -63 65 0
-67 46 -40 0
13 -61 -29 0
43 -56 68 0
33 65 -42 0
-47 -45 9 0
9 -42 33 0
-7 -39 46 0
-41 -50 53 0
-37 -10 52 0
49 9 5 0
-60 -22 34 0
-41 9 69 0
-32 -7 65 0
42 -9 55 0
22 62 47 0
-70 -19 8 0
-52 45 70 0
-18 60 54 0
-8 24 69 0
36 61 -60 0
-27 -19 -59 0
29 -52 -58 0
27 -3 5 0
-10 -24 3 0
20 41 -34 0
64 -45 50 0
-5 40 -39 0
29 -69 59 0
-38 12 -46 0
-33 -51 -53 0
-27 58 -31 0
-6 36 -38 0
-25 -27 -7 0
-13 42 62 0
40 30 59 0
26 29 -47 0
