p 60 255
22 57 -44 0
11 -1 -14 0
-1 48 57 0
23 -35 60 0
19 -8 -39 0
-15 -10 -47 0
9 28 -51 0
-42 28 -27 0
55 -43 -7 0
-30 -37 -59 0
-27 -44 58 0
48 51 -17 0
-36 58 19 0
-20 -42 26 0
-14 40 -21 0
20 52 27 0
10 -32 -14 0
11 -47 -49 0
54 -5 4 0
47 48 -17 0
43 -19 -7 0
-2 24 44 0
-36 -5 30 0
59 -25 -22 0
-11 14 -15 0
-14 -39 59 0
-37 40 -27 0
-19 39 -8 0
10 13 -48 0
-14 60 42 0
19 42 -53 0
6 21 -57 0
-55 36 -8 0
45 18 7 0
59 15 -28 0
39 -31 33 0
17 -45 -18 0
13 -3 -46 0
21 53 -56 0
-35 -12 -14 0
-9 52 -42 0
42 -27 -20 0
20 -5 -54 0
-34 -36 15 0
-10 -55 6 0
-59 2 50 0
-10 37 54 0
16 2 12 0
36 -52 7 0
-8 -6 -41 0
27 -58 17 0
15 -27 59 0
35 -58 19 0
24 -7 14 0
11 57 14 0
41 23 38 0
-14 20 -1 0
-17 55 34 0
9 40 19 0
-34 -32 26 0
24 28 10 0
-16 -7 43 0
-8 -9 42 0
-52 -41 -58 0
48 11 7 0
-31 -43 45 0
9 37 -47 0
36 -44 58 0
15 49 9 0
54 -47 13 0
-37 41 16 0
-35 -42 -37 0
-56 60 -10 0
-32 12 47 0
58 -6 -21 0
-10 48 38 0
-40 60 51 0
-58 46 -21 0
35 -53 -11 0
56 -29 59 0
-5 -29 -39 0
53 32 59 0
-30 -57 -19 0
14 10 -44 0
2 -25 -4 0
44 -12 -60 0
-52 -8 49 0
6 -20 5 0
44 55 -10 0
53 14 34 0
-5 -41 -14 0
-58 -51 19 0
-31 42 -26 0
11 -48 54 0
-42 43 54 0
57 23 -13 0
-20 10 1 0
-34 -56 43 0
43 27 -25 0
20 -14 45 0
34 13 -27 0
-22 3 26 0
-35 54 15 0
39 -41 50 0
17 -28 -33 0
44 16 4 0
-20 47 46 0
12 -30 -40 0
-54 -30 -47 0
35 1 32 0
-57 -55 -26 0
49 48 4 0
23 46 27 0
-48 24 16 0
-18 4 -12 0
-18 40 -4 0
40 -7 17 0
46 -59 -2 0
-57 15 37 0
1 -47 -14 0
5 14 -41 0
22 -24 27 0
-11 -37 -20 0
-43 5 35 0
-7 -17 -26 0
-15 -57 -35 0
-37 -57 -14 0
-35 -45 -24 0
51 -20 -7 0
60 -4 -51 0
-20 21 60 0
6 4 35 0
-17 46 -53 0
-28 40 -48 0
-37 -15 -51 0
2 32 11 0
10 7 -42 0
22 52 28 0
-26 1 20 0
56 -55 -23 0
24 -37 -2 0
9 -35 -48 0
12 57 29 0
-9 -3 -23 0
-55 34 50 0
17 -26 23 0
32 14 -51 0
52 8 -13 0
29 42 -21 0
12 -52 41 0
57 -10 -15 0
25 -59 42 0
6 -26 7 0
-29 -13 -21 0
-45 1 37 0
-5 18 -49 0
-47 -3 14 0
36 -27 -12 0
-8 53 -17 0
-5 -39 -40 0
-18 -46 -23 0
51 17 33 0
58 45 15 0
-16 -17 -59 0
-19 -27 -32 0
-42 11 28 0
-52 53 -2 0
14 -44 21 0
23 -34 6 0
36 49 19 0
-33 22 -56 0
-53 20 22 0
32 -18 22 0
-50 -7 43 0
-42 20 -50 0
-57 35 31 0
-10 6 -15 0
-59 48 34 0
-6 51 -23 0
-3 19 -57 0
-59 18 7 0
30 14 -36 0
12 40 58 0
39 14 5 0
49 -5 -16 0
-19 -13 -40 0
21 3 -59 0
48 1 19 0
-7 40 39 0
-36 55 8 0
11 43 21 0
-6 35 42 0
23 30 60 0
-25 -30 34 0
17 3 -49 0
-16 -36 -44 0
-1 -37 13 0
40 -7 27 0
-21 42 -36 0
2 -45 -13 0
-17 11 1 0
51 -35 34 0
-10 19 -30 0
23 -1 -53 0
41 -60 -46 0
43 49 -60 0
24 38 -50 0
-23 -1 -2 0
-27 38 -40 0
-36 -57 -45 0
-32 54 -34 0
60 19 7 0
58 -25 -31 0
-40 9 6 0
-5 14 -45 0
31 -14 60 0
14 57 18 0
57 12 -25 0
29 57 12 0
1 -44 43 0
45 -13 -40 0
4 -30 18 0
-49 -33 -47 0
30 40 -52 0
-48 3 36 0
39 -19 -22 0
16 -24 -26 0
4 3 -18 0
9 41 -26 0
2 -52 4 0
51 -26 -7 0
1 21 -11 0
-27 59 3 0
57 -23 8 0
8 -15 -60 0
25 45 -48 0
22 27 31 0
-40 -56 37 0
-42 14 -36 0
-30 -48 15 0
-40 37 -60 0
58 -40 -48 0
-28 21 -45 0
-3 -39 40 0
5 13 30 0
39 50 13 0
-42 -37 -32 0
27 20 43 0
41 -7 -6 0
-48 14 -52 0
55 -26 16 0
38 -43 52 0
-42 22 -60 0
11 -12 -48 0
47 18 -16 0
