p 20 85
-9 19 -7 0
17 -12 -10 0
11 17 20 0
-7 14 -19 0
3 18 20 0
3 17 1 0
10 -9 16 0
-19 1 -3 0
-14 8 4 0
-15 -19 -18 0
5 20 17 0
-20 -8 -2 0
-2 -6 14 0
19 -8 6 0
-5 -3 -10 0
19 -2 13 0
12 -16 19 0
8 -3 -13 0
16 7 6 0
-19 6 -15 0
-20 17 15 0
-2 5 -16 0
6 11 -8 0
-8 -5 10 0
-6 -7 18 0
-8 18 11 0
-16 18 10 0
16 6 5 0
-5 -11 -20 0
10 3 19 0
20 14 -11 0
-3 -1 -4 0
8 18 -7 0
-5 18 -9 0
-12 16 -18 0
-5 -10 -19 0
16 -17 -3 0
-7 15 6 0
17 -16 3 0
18 -15 -4 0
-12 11 -2 0
-19 -17 3 0
-18 -2 4 0
-20 -14 -2 0
-13 2 19 0
-12 19 5 0
-7 -19 -18 0
-9 -15 -11 0
-7 -10 4 0
-7 8 12 0
-3 -10 19 0
-3 15 12 0
-20 3 -2 0
-14 -20 8 0
-7 20 -14 0
14 5 10 0
9 14 18 0
-10 -18 2 0
17 -10 4 0
15 12 -19 0
6 -8 -17 0
-14 -19 5 0
19 -8 -14 0
18 19 4 0
-17 13 15 0
18 -9 -19 0
9 13 18 0
20 10 7 0
13 7 -9 0
-6 -1 -8 0
12 1 -2 0
14 6 16 0
-20 -7 5 0
-12 -14 11 0
1 -15 -6 0
-2 16 -18 0
18 -6 -14 0
-4 9 -5 0
5 -13 2 0
-12 16 -19 0
-20 2 -19 0
-5 -16 19 0
4 6 -18 0
-18 -3 10 0
-5 -12 -16 0
