p 72 306
-10 -45 19 0
19 -58 -37 0
-47 18 43 0
47 -36 37 0
53 54 -36 0
45 51 -5 0
-22 -46 59 0
72 -67 -70 0
-4 24 -70 0
-25 49 19 0
-27 64 -18 0
-16 -53 -57 0
-67 34 -62 0
-23 10 -15 0
17 6 18 0
29 -40 69 0
-23 -46 -47 0
63 -13 52 0
-25 24 8 0
69 26 20 0
47 -50 57 0
-65 15 -23 0
3 40 71 0
11 24 57 0
8 40 -6 0
19 -63 -59 0
44 13 29 0
-46 65 36 0
-4 21 1 0
7 -67 71 0
-43 -62 -58 0
-18 -58 16 0
15 -26 -24 0
55 -24 -5 0
10 37 -29 0
24 -54 46 0
-27 33 38 0
-45 31 -52 0
65 60 -43 0
46 -52 22 0
-25 -70 -40 0
-50 38 -48 0
-68 63 1 0
-22 54 -47 0
71 29 -5 0
19 -62 69 0
54 -19 -26 0
-28 -68 -67 0
70 36 39 0
2 -59 43 0
23 -20 -38 0
1 -28 -55 0
-47 -36 64 0
50 -65 -30 0
-33 -26 -14 0
18 -11 -57 0
27 7 26 0
-22 9 -59 0
59 -26 21 0
26 30 9 0
-51 -53 52 0
-53 -26 -69 0
63 14 -30 0
39 40 28 0
42 19 -35 0
-33 -8 47 0
-16 -33 -18 0
29 54 59 0
-52 19 10 0
-58 -23 -39 0
-14 -32 37 0
11 42 -58 0
3 -28 -71 0
55 24 -68 0
13 -62 -6 0
-69 -52 -66 0
-39 61 -25 0
-11 70 -16 0
-71 -12 -28 0
37 -64 71 0
-61 56 72 0
-29 -39 -59 0
4 -6 -44 0
51 61 5 0
13 36 -45 0
53 23 15 0
71 9 31 0
-57 -39 -71 0
-57 65 55 0
-48 38 -15 0
-19 -46 25 0
-42 4 -16 0
26 31 51 0
18 -54 -51 0
43 -56 -25 0
-12 48 -38 0
-30 -11 -23 0
-38 53 -33 0
54 43 -37 0
-60 45 -17 0
-36 -28 66 0
-68 -22 60 0
-12 7 -64 0
24 71 4 0
-13 62 28 0
-11 67 -41 0
-43 -14 -41 0
61 -71 -27 0
-23 -51 35 0
-10 -13 -69 0
8 -66 50 0
48 -12 67 0
-50 -5 21 0
42 -3 -36 0
-49 -46 18 0
2 -33 -58 0
30 -48 -9 0
56 -7 20 0
9 63 19 0
42 50 5 0
-28 -50 8 0
68 56 -53 0
50 -18 -34 0
47 10 41 0
-52 4 24 0
20 -8 -5 0
44 13 26 0
35 -41 -25 0
52 -34 13 0
-1 -2 19 0
32 -66 -4 0
34 -19 53 0
-1 -51 -23 0
1 49 -30 0
-29 -59 -58 0
4 -20 -24 0
-57 -1 70 0
54 68 -39 0
-53 -4 -7 0
30 18 57 0
-40 -25 36 0
-44 -41 -45 0
-60 -11 71 0
-8 -10 -46 0
5 -51 52 0
47 72 -12 0
29 -39 2 0
24 -54 -40 0
10 -1 -27 0
-45 52 43 0
-62 -36 4 0
-59 17 34 0
-11 -26 45 0
-44 -22 -17 0
-72 20 51 0
-67 -60 24 0
-9 11 -20 0
-25 -71 -43 0
-45 -34 25 0
-18 65 -19 0
34 -29 47 0
-30 17 -49 0
-65 -3 -63 0
44 -9 -66 0
-33 -16 -8 0
-55 -71 66 0
32 -15 -48 0
-57 26 -55 0
28 -67 6 0
7 -24 -59 0
-44 -69 47 0
-39 20 10 0
4 50 -22 0
-18 -28 16 0
-17 -23 -24 0
12 -52 -8 0
22 15 58 0
41 55 22 0
-28 -42 -24 0
-4 -70 -58 0
18 39 -38 0
19 -41 -56 0
-23 71 54 0
68 -28 69 0
-43 48 4 0
-67 38 -30 0
53 27 -16 0
20 -5 71 0
25 -21 -44 0
-14 -16 58 0
29 -25 -26 0
-72 13 34 0
68 -39 20 0
42 5 -63 0
37 51 -5 0
-37 -62 24 0
-36 -13 -23 0
34 -71 -31 0
-51 -1 28 0
-70 -42 -45 0
16 -33 -52 0
70 -3 -26 0
-22 39 -26 0
-24 -62 -39 0
58 -24 3 0
-65 48 54 0
-64 -55 -69 0
-31 -7 38 0
-1 37 12 0
67 39 36 0
-50 55 32 0
44 69 70 0
-72 10 24 0
-10 41 65 0
63 65 70 0
-25 55 -42 0
2 -60 -41 0
35 -27 -15 0
53 -67 16 0
-52 32 11 0
-47 -7 -14 0
6 -49 -14 0
-58 -57 -56 0
-45 -57 54 0
-38 -7 11 0
40 49 33 0
-71 56 54 0
59 -44 54 0
57 -39 -52 0
67 -39 42 0
-34 13 46 0
-44 17 27 0
-32 -52 -59 0
-29 -67 -20 0
37 -54 -45 0
-41 8 58 0
-16 -55 14 0
-1 -60 4 0
12 -57 -60 0
-32 51 -13 0
-14 27 69 0
18 -14 5 0
68 -19 -8 0
15 51 69 0
55 68 -27 0
28 4 -14 0
-56 -39 21 0
21 -65 -34 0
-44 -20 57 0
45 -54 56 0
-1 -58 11 0
58 -24 37 0
42 21 7 0
66 58 -37 0
18 -59 -21 0
-71 -53 46 0
-71 -37 58 0
-51 13 -69 0
44 17 58 0
4 -19 65 0
-31 4 -11 0
21 -37 65 0
-61 1 -43 0
28 -55 -41 0
-46 18 55 0
14 -9 20 0
-71 -4 -68 0
51 -55 18 0
-13 -45 4 0
61 38 28 0
50 15 -40 0
15 -10 7 0
38 54 26 0
30 -65 -52 0
-43 48 18 0
-49 68 -5 0
-54 37 -46 0
-59 9 41 0
27 60 13 0
29 -28 43 0
-24 1 43 0
26 -50 13 0
36 1 -48 0
30 21 -25 0
-43 -65 -27 0
-5 -58 -36 0
-16 -8 17 0
-69 -71 24 0
66 -6 22 0
59 9 -62 0
11 54 24 0
-46 -5 24 0
-64 69 71 0
3 35 31 0
-67 -31 36 0
16 68 -62 0
45 -58 2 0
-46 -30 29 0
-11 61 37 0
-66 -58 5 0
23 57 -67 0
-51 -69 42 0
-41 2 63 0
-16 64 -11 0
-12 28 9 0
43 7 5 0
