p 31 132
2 -20 21 0
-31 13 22 0
-30 18 16 0
12 -27 -22 0
-18 14 10 0
31 11 14 0
-27 11 -5 0
31 -8 -26 0
2 -15 -16 0
11 2 -1 0
-4 1 -26 0
9 -14 -17 0
24 2 13 0
-29 -7 -8 0
-20 -29 -5 0
-26 21 -30 0
-23 -3 30 0
-22 3 -15 0
9 -25 -30 0
-7 15 -20 0
8 -27 -17 0
-27 -21 26 0
15 -4 -1 0
6 18 17 0
4 18 -23 0
7 -25 -23 0
-4 24 5 0
-5 -7 3 0
-25 -24 18 0
-3 9 20 0
-5 -26 -28 0
-13 4 29 0
-21 -11 -17 0
-22 -27 -18 0
-28 2 -29 0
13 12 14 0
-17 -19 9 0
5 -28 -7 0
19 -4 -24 0
-13 -5 -4 0
29 19 -7 0
31 -21 -4 0
-10 -31 22 0
11 3 21 0
20 2 28 0
-13 12 2 0
25 -11 -2 0
17 -9 -23 0
14 29 28 0
-24 8 -29 0
-26 -13 28 0
-4 21 16 0
17 -8 25 0
-24 21 -31 0
12 -13 29 0
-29 5 24 0
-23 -29 -2 0
13 6 -29 0
21 -14 -28 0
-9 -15 13 0
-16 -26 -21 0
-25 18 -6 0
6 -22 20 0
26 13 -12 0
-29 -30 -24 0
5 -27 -4 0
23 -14 3 0
31 -1 15 0
13 18 6 0
-18 25 23 0
-12 -3 21 0
27 14 31 0
8 9 11 0
19 -20 17 0
-16 -26 -21 0
9 -29 2 0
11 22 23 0
-29 -30 -1 0
-15 19 -8 0
-20 -27 16 0
17 -5 -2 0
-3 -18 -11 0
-21 -31 -10 0
21 6 20 0
14 21 -3 0
12 28 10 0
-21 13 -18 0
23 -12 2 0
25 24 3 0
29 8 22 0
1 4 -17 0
-9 1 25 0
-4 21 12 0
6 -7 -18 0
11 15 -24 0
-16 29 14 0
23 8 -5 0
-8 24 -29 0
-8 10 15 0
7 -12 31 0
8 -31 4 0
-21 29 23 0
29 -15 22 0
24 -8 5 0
21 14 -7 0
26 -23 4 0
25 4 2 0
17 24 7 0
25 -12 -20 0
10 18 -19 0
-10 31 29 0
15 26 -6 0
-15 -20 11 0
-30 -27 -2 0
20 -21 -7 0
-10 3 -28 0
4 -9 7 0
-3 14 -4 0
30 -3 12 0
-14 26 11 0
5 9 -28 0
7 17 21 0
9 -4 18 0
22 -15 -16 0
30 8 16 0
19 3 -6 0
28 -10 7 0
-19 -2 15 0
-14 -2 27 0
-28 26 12 0
-11 -7 -31 0
29 -18 13 0
