p 92 391
-61 -5 -15 0
-79 -82 90 0
28 -35 10 0
-13 34 79 0
67 64 40 0
-2 -47 46 0
30 89 28 0
-65 -1 80 0
23 46 -82 0
46 -84 89 0
82 15 -66 0
88 69 -89 0
9 68 -71 0
2 -87 32 0
-44 -27 63 0
8 4 78 0
-60 63 62 0
-63 83 65 0
-73 -10 17 0
-84 -45 72 0
-7 52 -88 0
9 76 -6 0
-7 -41 90 0
-29 -15 3 0
14 38 87 0
-26 23 80 0
58 -13 80 0
-75 13 -18 0
-47 -60 -74 0
-71 92 65 0
-24 -68 8 0
-32 67 52 0
-19 40 -9 0
-63 17 -23 0
-79 -60 -17 0
-83 13 -44 0
-79 71 90 0
14 -83 81 0
-15 -34 39 0
-21 -14 26 0
74 -58 -35 0
17 1 -10 0
53 -77 86 0
67 -31 66 0
40 46 91 0
-7 73 31 0
-13 -15 -32 0
18 92 28 0
-8 11 31 0
-14 44 61 0
-55 11 -59 0
-48 -70 27 0
-82 -25 17 0
19 76 43 0
16 78 32 0
56 71 -45 0
12 50 86 0
54 -41 -70 0
53 -75 65 0
54 67 -4 0
-65 -38 51 0
24 81 19 0
62 -60 49 0
91 3 -45 0
-14 87 75 0
-87 41 46 0
1 20 -41 0
72 -51 -92 0
-61 43 20 0
-26 -20 81 0
-21 31 -13 0
-50 -8 -62 0
-25 -81 89 0
-86 -45 -25 0
-38 -69 -85 0
-70 56 24 0
-25 38 -34 0
60 10 -13 0
-81 61 38 0
86 5 29 0
-51 -52 67 0
86 74 92 0
-40 -28 -69 0
22 -42 75 0
74 22 -8 0
-13 -73 -9 0
70 9 -4 0
-1 -63 18 0
-3 -72 -47 0
-49 64 -11 0
15 -23 -84 0
80 -9 -31 0
71 35 90 0
-73 68 50 0
76 -90 74 0
47 -91 60 0
89 92 -1 0
59 -85 60 0
-72 -13 74 0
-22 -82 89 0
-49 87 -18 0
-39 -47 -50 0
60 58 3 0
-81 -1 82 0
-77 -20 17 0
68 -63 66 0
-48 -24 73 0
81 -64 -25 0
-1 30 43 0
73 -89 82 0
68 14 87 0
46 -48 -80 0
-86 -27 -90 0
-79 -25 -7 0
-3 -38 -18 0
23 47 -55 0
-11 59 30 0
-25 -34 72 0
-8 37 -45 0
42 47 31 0
-69 -37 -82 0
55 -7 23 0
68 24 8 0
-36 -8 80 0
42 72 26 0
-84 -62 70 0
-5 43 -48 0
-26 75 -19 0
-10 56 25 0
65 17 -48 0
6 -57 39 0
51 -22 8 0
7 -53 22 0
-71 73 -38 0
-89 84 25 0
35 56 -69 0
-59 41 67 0
85 39 61 0
91 57 49 0
-26 -42 84 0
-73 56 52 0
-86 -55 72 0
-90 -64 46 0
-64 24 53 0
11 -69 -44 0
38 53 -79 0
77 83 -85 0
-18 51 25 0
-85 -5 89 0
-36 61 79 0
32 -50 83 0
-43 -53 -80 0
71 -90 -30 0
-56 -57 -83 0
56 -86 49 0
-79 37 -44 0
-7 33 -82 0
-13 -3 -74 0
-92 32 -28 0
50 63 89 0
61 5 9 0
-6 -40 7 0
36 69 33 0
-2 66 36 0
33 31 -70 0
-39 -60 -25 0
-66 89 85 0
-73 -81 -58 0
-27 59 -49 0
-8 -14 -7 0
54 4 62 0
19 -74 55 0
-8 24 4 0
-33 -43 48 0
5 -4 68 0
-11 63 45 0
47 30 80 0
52 57 -78 0
-59 -51 25 0
-2 -83 84 0
37 66 -7 0
6 9 66 0
-15 33 69 0
17 78 -75 0
-12 19 -15 0
55 6 -46 0
-21 -62 74 0
-27 -67 -8 0
12 55 -24 0
-24 44 -64 0
66 -71 -47 0
19 -28 46 0
19 -75 11 0
74 -26 -40 0
-77 -45 36 0
1 -84 67 0
43 -82 64 0
28 34 52 0
-17 -72 59 0
-89 -65 11 0
-25 -20 42 0
68 85 -8 0
51 -43 -75 0
36 38 50 0
84 -86 81 0
29 -72 44 0
-1 90 81 0
-42 -63 -40 0
26 66 18 0
35 -82 46 0
30 -11 63 0
-24 77 -11 0
13 -60 8 0
-29 -75 85 0
3 20 -66 0
-21 -56 3 0
-71 76 -77 0
89 -49 -2 0
15 47 -90 0
8 -24 -71 0
-56 -66 -65 0
46 -56 -1 0
-14 87 -85 0
-75 -73 -19 0
32 -77 -36 0
12 44 85 0
34 -50 54 0
-40 -52 23 0
76 -70 -89 0
-6 26 70 0
-19 12 51 0
-70 14 -10 0
27 -25 31 0
-42 -39 80 0
-24 -45 -91 0
-17 27 13 0
40 56 36 0
66 32 -25 0
-65 -41 -16 0
-17 40 -33 0
-20 -72 -60 0
60 66 58 0
-67 -51 46 0
-31 -90 52 0
-61 -85 26 0
-5 54 -44 0
-86 -70 42 0
63 55 -57 0
-88 -45 73 0
90 -51 -50 0
-91 -77 -48 0
39 55 -43 0
17 50 -22 0
-54 -39 30 0
59 -18 -35 0
-23 35 -66 0
33 38 37 0
-15 -80 58 0
-87 59 -24 0
-85 -18 -21 0
-74 -18 86 0
50 64 -44 0
-66 -6 -90 0
-7 4 -13 0
34 33 79 0
-2 -20 -31 0
-59 70 -71 0
13 -41 -58 0
-30 -82 -20 0
-80 -31 -5 0
53 91 -68 0
34 -9 -79 0
-74 -26 20 0
20 -23 7 0
26 -12 -5 0
25 55 -27 0
-73 -37 92 0
-45 -55 82 0
50 19 -43 0
68 -42 25 0
-19 -88 65 0
-54 -69 -53 0
-61 -1 -67 0
19 73 -43 0
38 83 36 0
-62 -69 -21 0
-40 4 46 0
-4 -41 -31 0
-67 -32 10 0
6 -77 -89 0
-7 -27 36 0
-34 45 5 0
37 62 44 0
-8 -81 -42 0
-33 -61 -81 0
-91 -15 -45 0
29 22 -15 0
-18 33 -59 0
52 -23 31 0
2 54 -11 0
88 -37 -2 0
12 29 -10 0
-74 -77 -24 0
-64 -23 -4 0
-60 -59 -64 0
27 59 -47 0
54 20 -32 0
85 47 32 0
-86 31 19 0
-76 -12 87 0
6 31 -49 0
33 -28 42 0
-19 -42 73 0
2 30 23 0
14 60 -64 0
-20 46 67 0
60 72 39 0
20 -11 2 0
33 15 72 0
-83 52 18 0
23 1 89 0
35 11 -7 0
76 47 83 0
-53 68 60 0
-39 -85 -16 0
-32 49 86 0
-77 18 -67 0
-64 -70 -2 0
1 69 -27 0
-43 5 30 0
-81 -69 31 0
-33 34 -89 0
-9 50 36 0
38 -35 -34 0
58 -84 44 0
1 65 -67 0
43 51 80 0
39 -30 5 0
5 91 89 0
2 3 -91 0
-49 88 90 0
-64 53 17 0
-91 69 -13 0
21 -40 -46 0
-54 5 -14 0
-12 23 -47 0
-62 -33 79 0
-26 52 62 0
56 -91 -24 0
77 33 -4 0
85 -65 -54 0
-13 -44 46 0
32 65 71 0
78 37 23 0
-54 36 -16 0
-6 69 80 0
65 11 -37 0
80 -45 3 0
-25 -48 76 0
20 23 88 0
-21 42 -82 0
-17 -11 39 0
-34 90 -55 0
12 -19 91 0
73 57 56 0
48 -22 56 0
-15 28 7 0
-9 -61 -63 0
-3 -66 44 0
63 45 9 0
59 -31 23 0
-33 -80 6 0
18 88 -75 0
76 70 -4 0
87 10 1 0
80 87 89 0
-55 -75 -2 0
55 -80 -49 0
-36 -88 -84 0
37 2 56 0
51 -76 -78 0
-78 -7 -57 0
74 13 62 0
-86 39 -41 0
-43 -26 30 0
31 25 -52 0
-60 46 87 0
-31 50 74 0
-43 58 80 0
2 -70 90 0
-2 -59 39 0
