p 61 259
43 22 -29 0
-28 48 17 0
4 25 40 0
-52 53 -28 0
-1 -14 -40 0
10 -18 44 0
-1 24 28 0
-59 16 18 0
-59 25 -58 0
-11 -17 20 0
-14 -53 28 0
-20 48 5 0
28 -41 56 0
-44 -10 28 0
-16 -50 -53 0
-48 14 -16 0
-47 -19 -55 0
-44 -23 40 0
-59 50 19 0
56 29 42 0
15 -18 46 0
-47 35 34 0
18 -59 -24 0
-39 -41 24 0
-16 21 -46 0
44 48 -29 0
-59 -61 17 0
34 28 -49 0
-5 14 -21 0
43 9 25 0
-49 48 58 0
-54 17 4 0
45 4 -33 0
-15 -54 18 0
42 -48 44 0
54 -33 8 0
8 48 -11 0
10 15 -6 0
53 -49 30 0
9 -26 25 0
-30 43 24 0
-29 31 -6 0
51 -52 53 0
16 48 -23 0
14 16 53 0
42 -47 16 0
-27 7 21 0
13 3 57 0
-42 3 -15 0
-5 46 18 0
-48 25 16 0
-29 -30 -36 0
-28 -1 -24 0
4 -29 13 0
-35 53 25 0
-13 46 9 0
-29 -39 -27 0
41 17 -25 0
55 -14 52 0
-58 -42 43 0
58 32 6 0
61 -22 36 0
-54 -61 37 0
-23 57 54 0
30 -34 -44 0
55 -60 41 0
44 -38 -34 0
38 -5 -37 0
8 19 -42 0
12 11 42 0
-19 -7 15 0
60 3 27 0
-36 -21 34 0
-11 -56 26 0
-6 39 -55 0
57 38 58 0
13 60 -14 0
21 -42 -36 0
-6 46 38 0
22 -47 -54 0
51 4 35 0
43 6 45 0
-31 -27 38 0
-18 -41 -7 0
15 -59 17 0
32 49 -13 0
53 42 -4 0
11 -52 44 0
39 -2 6 0
22 17 -16 0
44 -8 -55 0
-6 18 3 0
59 -35 45 0
-36 25 -42 0
38 -32 11 0
10 37 36 0
-52 22 -3 0
-54 -11 -6 0
59 15 -34 0
-9 -30 -17 0
-10 23 44 0
54 59 26 0
-52 4 43 0
-55 -13 -15 0
40 -23 51 0
45 -15 22 0
-61 -8 -20 0
-5 24 21 0
28 -2 -59 0
-38 48 -45 0
-60 41 -10 0
-52 -8 -7 0
-24 17 39 0
24 28 -47 0
11 -23 21 0
-5 13 34 0
-38 -59 -58 0
-1 39 8 0
44 30 59 0
-23 57 -51 0
35 -16 9 0
-21 3 31 0
-56 -6 -2 0
-55 43 57 0
-16 -25 -23 0
39 37 -26 0
44 31 -49 0
27 10 31 0
-7 -16 40 0
-16 36 8 0
51 -28 -49 0
-12 -51 -4 0
41 36 44 0
56 -55 -19 0
6 57 -7 0
9 -53 -14 0
-13 -61 -21 0
-54 19 -32 0
-33 21 23 0
-48 43 -36 0
17 50 60 0
29 -41 36 0
-51 13 26 0
-27 58 30 0
39 12 20 0
39 19 13 0
-40 -4 -1 0
53 48 33 0
-46 -54 24 0
55 15 -44 0
-27 -35 -58 0
14 -40 -58 0
-44 -59 -61 0
-49 36 -32 0
43 60 -33 0
-37 -8 24 0
29 32 54 0
-60 38 35 0
-6 15 -19 0
-25 -51 -20 0
54 -31 45 0
48 -20 -10 0
15 53 -9 0
50 -4 3 0
-50 -43 56 0
37 38 -3 0
-35 47 50 0
14 51 15 0
53 -47 -27 0
-3 -30 -19 0
-36 -44 9 0
-5 31 -38 0
36 12 -19 0
-55 41 3 0
16 -39 49 0
-3 7 -36 0
55 -20 1 0
-40 16 -49 0
-36 23 -6 0
31 -53 27 0
37 39 -44 0
-24 33 38 0
-53 39 -59 0
-46 36 -18 0
3 -36 7 0
11 54 -14 0
49 -5 -60 0
-53 -45 39 0
-55 -34 42 0
56 -49 28 0
29 -61 -55 0
16 22 45 0
20 45 54 0
-18 21 -11 0
52 -7 -38 0
43 44 56 0
35 -51 -18 0
12 6 47 0
-32 43 -9 0
61 -11 14 0
8 43 -58 0
29 -38 -34 0
41 -43 44 0
24 60 15 0
42 -6 -1 0
-19 -15 29 0
59 -53 19 0
42 -22 21 0
18 10 -12 0
50 -52 26 0
-53 26 -4 0
-12 35 8 0
-1 20 -10 0
54 -14 -6 0
-42 24 48 0
5 -37 -55 0
27 -40 -8 0
-45 54 -1 0
24 -51 -34 0
13 7 -58 0
6 -54 58 0
52 15 54 0
27 32 -42 0
7 49 -31 0
-1 -39 8 0
-50 55 28 0
35 1 17 0
1 -21 -30 0
6 32 -24 0
-54 -16 43 0
13 14 -19 0
36 31 1 0
16 -45 51 0
-41 17 -56 0
-13 60 -23 0
-61 -48 19 0
40 18 -15 0
36 30 1 0
-19 51 -32 0
13 33 -2 0
49 57 -25 0
44 58 -49 0
-42 -15 -21 0
-55 47 53 0
27 55 5 0
-43 17 -39 0
10 11 46 0
-41 54 -24 0
-11 51 -8 0
-53 17 43 0
2 60 32 0
33 -8 -37 0
-49 15 22 0
-5 22 47 0
-42 -29 -8 0
-24 -51 -10 0
-27 28 -26 0
-33 21 -40 0
-4 -50 27 0
