p 65 276
54 -12 -58 0
41 30 -5 0
-43 4 -26 0
14 60 -28 0
50 42 32 0
-11 -25 -34 0
62 56 -51 0
37 -32 -29 0
32 -20 -21 0
-31 32 -41 0
-52 -23 -54 0
-33 19 17 0
-61 36 26 0
-7 48 -2 0
-52 -46 16 0
-35 -37 24 0
58 28 -40 0
5 -25 -26 0
-44 -23 -7 0
-29 2 12 0
-13 -23 56 0
58 29 45 0
-51 -53 -14 0
41 53 -46 0
46 -49 4 0
-57 -39 45 0
9 20 -51 0
28 -45 44 0
-23 -4 -27 0
-30 -5 31 0
21 -30 -25 0
39 29 9 0
-42 -12 3 0
-28 9 -7 0
-11 57 -46 0
-35 -44 -22 0
-40 -35 -63 0
24 -2 -51 0
24 39 42 0
-32 -65 -20 0
-49 -44 31 0
-62 -61 9 0
60 61 -41 0
-36 53 -17 0
33 -59 -28 0
-65 -63 33 0
33 -25 9 0
18 -7 32 0
63 8 54 0
57 -46 14 0
-49 62 57 0
-36 -22 49 0
7 44 -22 0
-28 -44 13 0
21 -26 -50 0
53 30 20 0
61 52 60 0
41 -5 51 0
38 -10 17 0
-16 -25 19 0
3 -31 11 0
-22 -10 44 0
-64 -31 -54 0
32 -50 -15 0
-17 19 39 0
11 30 26 0
-56 47 -9 0
-44 59 58 0
-20 -21 63 0
9 -25 48 0
40 -28 -38 0
58 56 -8 0
-27 19 20 0
-20 28 33 0
-36 42 -7 0
39 -26 -29 0
-10 24 20 0
4 -57 61 0
-37 -17 -26 0
52 14 44 0
-33 50 51 0
42 -27 22 0
36 -55 58 0
60 -23 17 0
-46 2 62 0
-55 -60 41 0
-3 -37 -21 0
28 -58 48 0
4 -21 14 0
-37 9 -18 0
-44 17 -53 0
12 59 27 0
46 16 -4 0
-12 1 5 0
49 65 47 0
-18 16 48 0
-39 17 -1 0
36 -8 51 0
52 29 56 0
65 7 57 0
50 -44 3 0
8 27 -12 0
22 2 -34 0
56 -33 15 0
-11 15 5 0
-52 -12 -63 0
-49 50 1 0
17 42 24 0
-4 42 -1 0
-13 -53 -51 0
-62 -37 -53 0
7 47 55 0
22 -8 44 0
-33 5 9 0
1 18 -26 0
-41 -39 -63 0
43 -41 -51 0
-47 -14 57 0
19 16 54 0
-30 -55 -48 0
-7 22 -49 0
37 50 46 0
58 4 -12 0
-55 37 12 0
-16 -63 18 0
-20 17 -4 0
-38 -3 -52 0
35 -52 -27 0
-12 -30 -18 0
9 16 55 0
37 10 -47 0
1 27 46 0
-11 -50 -59 0
-19 40 -50 0
22 -45 -9 0
29 59 -37 0
13 -24 53 0
-28 49 4 0
-35 -29 -44 0
-46 1 -60 0
14 -1 52 0
29 -59 25 0
-50 -52 39 0
-54 -40 21 0
9 42 -43 0
60 17 -36 0
-9 30 7 0
6 62 -49 0
-40 -55 8 0
-55 4 -41 0
7 36 47 0
-35 -47 4 0
-37 -21 44 0
63 12 38 0
15 -31 16 0
50 8 52 0
43 -64 29 0
2 -57 -19 0
42 -40 49 0
-7 6 -3 0
-14 -57 62 0
-18 -2 49 0
34 58 2 0
38 13 26 0
-31 -6 -23 0
3 -31 4 0
15 -47 -42 0
-20 -16 52 0
-31 -8 -23 0
-60 29 31 0
-15 6 21 0
-18 23 20 0
-3 5 64 0
23 32 19 0
52 -29 -33 0
-56 45 -21 0
-64 -63 19 0
-51 28 11 0
38 22 34 0
31 -35 -33 0
7 -57 32 0
43 -49 -7 0
14 25 -47 0
49 8 -26 0
9 65 -44 0
5 18 -50 0
-24 56 2 0
44 25 -3 0
-3 -32 -45 0
-60 8 -29 0
-17 -44 -9 0
55 -51 19 0
56 -53 -48 0
36 46 23 0
49 20 63 0
37 -1 -55 0
-31 -29 -36 0
4 29 59 0
29 62 19 0
-20 -24 11 0
-42 -38 56 0
-40 4 -55 0
-44 16 38 0
30 -21 -29 0
32 -4 -60 0
17 -9 -56 0
-47 17 18 0
-61 -53 -10 0
29 5 -62 0
-28 -12 20 0
-6 27 -47 0
-58 54 -50 0
11 18 44 0
-30 -59 50 0
12 58 -46 0
50 57 -20 0
-40 1 -39 0
-16 41 3 0
-48 -22 -9 0
-58 -48 34 0
42 1 -41 0
31 -41 -56 0
-40 36 15 0
13 6 -57 0
32 34 -46 0
30 -25 9 0
40 24 64 0
16 -54 -27 0
-45 -59 -3 0
32 2 -51 0
43 38 -44 0
24 32 -27 0
50 61 -60 0
45 62 -13 0
55 -61 -56 0
28 -47 64 0
22 17 46 0
22 -56 16 0
-39 -30 -9 0
36 -43 -26 0
-60 27 -42 0
13 -3 -8 0
-22 -27 12 0
-21 -55 -50 0
62 23 15 0
-40 -34 55 0
47 32 -33 0
34 57 53 0
16 58 8 0
36 -39 52 0
-13 -51 -31 0
25 -37 -7 0
5 -55 -30 0
16 43 -64 0
17 -44 59 0
-8 23 50 0
-65 25 41 0
-65 -40 4 0
-12 -65 35 0
39 -41 -46 0
-60 -39 -11 0
-39 1 -63 0
17 -50 31 0
-61 3 -65 0
50 -17 8 0
-43 -10 29 0
-27 46 31 0
-49 -14 -43 0
-7 -24 -43 0
-27 -57 50 0
-15 -39 -28 0
-60 -31 46 0
25 38 -36 0
10 28 18 0
-21 -32 -41 0
-45 13 -36 0
