p 65 276
-27 -61 2 0
-62 -55 -12 0
51 9 -50 0
-62 40 -56 0
57 -46 53 0
57 -46 -23 0
-4 -54 -45 0
-1 29 23 0
-5 43 -30 0
14 -36 -25 0
-57 -35 -40 0
-63 40 -8 0
5 58 26 0
8 -28 -21 0
-29 42 -50 0
17 -4 -36 0
-4 49 -27 0
-50 -56 -10 0
-53 27 -64 0
57 41 -4 0
48 21 12 0
65 34 -3 0
-59 -36 7 0
-61 -22 -55 0
1 44 16 0
37 29 -16 0
-31 37 -23 0
-53 27 62 0
-24 -62 17 0
35 21 53 0
-65 43 -7 0
16 25 9 0
58 11 28 0
-3 27 5 0
44 58 -45 0
58 32 -64 0
-44 -37 -18 0
62 -33 -19 0
23 -13 57 0
32 58 14 0
-44 50 27 0
-63 -1 -51 0
-54 31 -32 0
16 8 -4 0
-54 60 -2 0
65 51 -31 0
-36 -56 37 0
-32 49 29 0
-42 30 15 0
44 -25 -49 0
65 20 -22 0
-2 60 18 0
1 32 14 0
27 -35 -14 0
26 18 16 0
35 -2 58 0
-41 -34 -22 0
12 32 -23 0
51 45 4 0
-16 -26 -61 0
-24 34 56 0
4 19 -8 0
-2 64 -17 0
17 63 -13 0
-33 -32 59 0
-43 -47 50 0
-18 -26 29 0
-12 -14 -38 0
-28 -38 -6 0
56 15 57 0
36 57 33 0
-44 57 64 0
-58 -18 -46 0
59 40 12 0
-63 17 64 0
14 -34 -20 0
31 11 -3 0
-14 -39 10 0
53 -3 20 0
-2 3 15 0
-44 24 35 0
-20 52 39 0
5 14 -51 0
-29 28 -56 0
63 42 -20 0
28 48 -27 0
28 -54 -40 0
-14 -19 30 0
5 10 12 0
-38 21 12 0
15 -49 46 0
-9 53 45 0
-52 17 32 0
-46 -65 -25 0
-14 -50 2 0
-9 7 -18 0
19 1 -36 0
34 -21 -40 0
-16 -44 -28 0
36 64 63 0
47 -26 -58 0
39 -13 65 0
-15 -48 -29 0
-43 -44 13 0
11 -54 63 0
-21 -33 -23 0
-49 29 64 0
-13 -34 44 0
-21 39 33 0
42 -54 2 0
-24 -42 -65 0
-40 -45 13 0
-52 -1 -64 0
14 -4 26 0
40 -24 -6 0
58 29 39 0
-16 -58 -13 0
-18 -23 -1 0
3 -39 12 0
23 -51 50 0
36 23 11 0
-14 24 58 0
-21 62 42 0
-1 10 -54 0
2 23 -61 0
-30 -62 46 0
49 24 12 0
-25 -62 -46 0
8 18 -61 0
21 52 38 0
30 29 24 0
13 -11 -27 0
29 -20 -13 0
40 -26 29 0
-63 -40 64 0
2 55 35 0
-55 17 9 0
12 13 65 0
-40 -12 64 0
-41 -25 10 0
22 -48 -56 0
-3 26 -46 0
-21 -62 -5 0
29 -36 4 0
-4 -3 -54 0
46 64 -4 0
-35 37 23 0
10 -5 34 0
-25 -34 23 0
16 64 42 0
-48 34 7 0
-23 -7 -55 0
30 -32 -50 0
-55 62 2 0
49 -22 48 0
51 6 35 0
-57 2 40 0
-33 2 -12 0
-8 13 37 0
-48 25 6 0
7 -37 1 0
52 -14 4 0
-52 41 4 0
-39 46 25 0
-15 7 32 0
34 -47 54 0
11 -58 13 0
44 -65 -1 0
-19 58 54 0
41 -5 29 0
-31 -28 43 0
43 3 58 0
14 -21 38 0
64 49 -43 0
15 -9 8 0
-45 -53 -51 0
24 55 -11 0
46 -22 48 0
-54 32 -16 0
16 2 25 0
-29 -10 25 0
-11 33 41 0
-56 4 40 0
47 -3 20 0
-56 -23 31 0
12 62 -22 0
-23 -22 -49 0
63 -42 33 0
-50 -52 60 0
-33 -10 -25 0
-34 20 -21 0
-31 62 2 0
-7 -11 -26 0
-44 11 53 0
28 -48 -43 0
41 -53 -4 0
-37 -15 -20 0
-8 -23 38 0
35 -3 39 0
-13 -48 -29 0
-17 3 -32 0
52 -8 9 0
-35 -16 53 0
25 -30 -11 0
38 -50 -29 0
-7 -24 -41 0
-65 48 -56 0
-31 -61 -51 0
-49 37 -62 0
-26 -23 -4 0
-29 64 -23 0
-53 2 54 0
-38 9 49 0
30 2 40 0
-46 -30 -22 0
-46 17 25 0
11 -20 -62 0
-43 3 -53 0
9 -16 57 0
-55 -54 -23 0
10 -16 -5 0
21 -64 -65 0
53 14 43 0
-3 -23 24 0
-54 20 15 0
-50 -34 58 0
-31 33 14 0
45 -48 26 0
-22 19 -51 0
-50 12 63 0
-14 42 -55 0
-22 25 -53 0
-40 -54 50 0
-47 27 4 0
-11 -7 21 0
-53 -30 -29 0
35 -17 -31 0
36 65 21 0
-46 21 -44 0
-5 -65 3 0
-25 -30 -34 0
-19 13 11 0
27 -62 -42 0
-44 38 46 0
-61 35 -44 0
-57 -26 2 0
-23 28 56 0
-34 55 -46 0
24 -60 -22 0
30 31 47 0
41 6 -9 0
23 18 -1 0
-64 47 48 0
43 58 -13 0
-59 2 17 0
-8 -50 -4 0
7 -62 -9 0
-10 43 3 0
-56 4 39 0
33 1 -57 0
52 39 26 0
-25 -29 -12 0
23 16 -28 0
-8 17 41 0
-62 -63 22 0
50 -7 -35 0
-56 -20 -51 0
-44 10 1 0
3 -26 17 0
-33 53 43 0
-5 -62 54 0
-43 -18 40 0
65 5 -32 0
-12 51 -60 0
-1 -64 17 0
-54 31 -51 0
