p 69 293
3 -6 -45 0
44 -60 69 0
-22 -41 29 0
-24 53 -46 0
-47 -26 18 0
-44 -4 1 0
31 1 67 0
62 44 -8 0
38 -37 31 0
13 -43 31 0
48 -56 -66 0
-45 -29 57 0
-49 50 47 0
-51 -11 16 0
-65 -53 56 0
-53 -50 -31 0
-15 -20 42 0
8 -17 28 0
61 -30 56 0
21 69 34 0
-47 -32 -67 0
-21 44 64 0
-41 -3 -16 0
-25 -41 -69 0
30 -22 -37 0
-45 -13 4 0
65 6 69 0
-1 26 58 0
29 -18 21 0
-9 33 -29 0
-58 25 -52 0
-65 -14 19 0
-55 66 31 0
-50 -32 17 0
-55 69 33 0
18 61 -29 0
28 -40 41 0
-46 42 -39 0
-36 17 26 0
16 7 25 0
-42 32 14 0
-29 36 -33 0
25 -26 -48 0
-51 -14 27 0
9 -1 -52 0
18 29 -21 0
-47 43 21 0
23 -1 -34 0
-68 61 -21 0
66 6 51 0
-7 54 -59 0
20 -33 -22 0
-40 56 38 0
-13 -24 -60 0
56 -29 18 0
-26 -2 33 0
55 -38 51 0
-30 44 38 0
-48 69 55 0
13 55 59 0
68 -8 -6 0
-11 -7 56 0
67 24 -66 0
-26 -43 53 0
38 -62 61 0
-27 67 52 0
-30 26 36 0
-2 12 45 0
-53 -41 -47 0
37 40 65 0
2 53 47 0
-40 69 55 0
-50 -9 -39 0
-65 -46 42 0
-14 10 28 0
1 -40 5 0
38 -24 37 0
-59 33 -8 0
34 -26 -44 0
30 -45 16 0
39 -20 5 0
-44 10 45 0
15 -1 -9 0
-23 60 -27 0
-31 62 -30 0
4 -45 51 0
-25 45 14 0
48 -59 -32 0
-12 -21 -4 0
-51 -53 -67 0
6 46 -66 0
-53 -30 62 0
14 -21 -32 0
-16 28 -63 0
43 -10 52 0
20 -43 38 0
-64 52 -10 0
47 39 -5 0
-32 -6 -29 0
-9 47 -61 0
19 -25 -20 0
30 21 -51 0
35 -1 19 0
25 -27 6 0
55 8 41 0
13 25 7 0
4 -65 19 0
53 26 4 0
-33 29 50 0
54 43 -69 0
-26 31 -55 0
-25 -58 31 0
-8 -61 -39 0
68 22 -19 0
14 -47 58 0
-55 -21 58 0
67 -21 43 0
18 50 9 0
30 8 51 0
-41 17 -34 0
-57 13 32 0
-69 60 30 0
-10 -57 1 0
12 30 45 0
-48 58 -18 0
7 47 56 0
69 3 6 0
35 -29 -10 0
-59 4 37 0
-57 -16 -7 0
8 -48 27 0
64 69 27 0
37 9 -7 0
-66 35 42 0
-38 -19 -64 0
49 -51 37 0
40 -33 35 0
-26 -55 -59 0
-49 2 25 0
-34 -51 36 0
-13 42 -16 0
2 -40 -61 0
-14 -68 -61 0
22 11 20 0
9 46 -26 0
19 -34 -28 0
2 -55 8 0
16 -61 -62 0
24 -4 -66 0
-63 -32 -21 0
-10 -13 61 0
-21 -54 -63 0
42 51 15 0
-18 67 7 0
-54 -51 36 0
-62 -9 21 0
51 -53 4 0
38 2 -46 0
-36 -43 -16 0
-19 29 -16 0
21 63 -14 0
58 20 -2 0
53 -66 -69 0
-65 -62 36 0
47 41 63 0
-17 38 -4 0
53 -67 -62 0
28 -62 -34 0
-21 -45 -16 0
-32 -49 26 0
-22 -4 -59 0
7 -40 -52 0
-53 -3 64 0
62 -46 -12 0
68 14 -6 0
6 67 -1 0
54 52 61 0
-52 4 17 0
43 -42 -69 0
-36 -64 14 0
64 -66 58 0
13 25 66 0
-53 -6 -57 0
-28 2 48 0
-18 -36 -51 0
-60 -62 47 0
-26 61 20 0
-66 23 63 0
46 60 -35 0
-10 28 -37 0
-50 -57 25 0
59 9 65 0
-22 -46 -20 0
33 -51 58 0
-65 23 7 0
17 -58 5 0
21 29 -47 0
-35 -13 -24 0
-6 48 -55 0
27 66 -21 0
-11 -48 -62 0
59 36 -14 0
-57 19 -38 0
29 -63 -44 0
-27 58 26 0
27 -41 -67 0
50 -45 43 0
-59 -43 -46 0
-41 -21 18 0
-32 -20 -59 0
-21 43 63 0
56 -20 -34 0
-40 4 -50 0
46 -12 -45 0
69 33 53 0
68 -2 -4 0
17 -22 -33 0
18 67 -6 0
-38 -6 8 0
3 -52 32 0
-38 16 44 0
-31 -8 3 0
62 -20 -51 0
57 -10 23 0
-6 36 31 0
25 -37 -46 0
-65 69 -18 0
10 -48 27 0
-21 -38 1 0
-40 5 20 0
-8 -9 50 0
17 33 -14 0
-21 -61 33 0
46 56 7 0
33 -41 26 0
-46 32 -61 0
32 -62 1 0
10 -40 -51 0
36 -53 -38 0
-25 29 -12 0
7 -31 37 0
-66 1 36 0
16 -53 45 0
4 -14 -41 0
64 -23 -68 0
-46 -18 1 0
-12 -52 4 0
24 -27 -52 0
44 46 62 0
33 56 -42 0
-5 13 -38 0
58 -33 47 0
42 1 -11 0
-40 -65 12 0
-43 -49 -59 0
12 -33 8 0
55 -23 5 0
-36 63 -13 0
-33 -8 9 0
-32 46 26 0
60 59 -64 0
36 55 -58 0
-53 -6 40 0
34 -60 68 0
-21 -48 15 0
62 43 17 0
-24 1 -37 0
16 -42 32 0
-61 30 -68 0
-37 60 -22 0
44 -37 -9 0
2 -20 44 0
-45 37 12 0
-56 4 -36 0
-25 -64 -66 0
-3 46 -64 0
-22 17 -56 0
-61 18 -67 0
-17 51 -57 0
13 36 -37 0
-50 -27 -28 0
-69 4 -22 0
5 -69 -7 0
64 -31 -20 0
39 32 -24 0
-63 -50 54 0
5 41 16 0
61 41 -14 0
64 -50 16 0
19 -29 -43 0
22 31 -48 0
-12 -33 31 0
-22 38 4 0
