p 52 221
19 52 -42 0
-15 44 -34 0
3 -30 -39 0
-13 -29 -19 0
11 3 -24 0
33 26 29 0
-47 46 14 0
-32 -49 -4 0
-37 17 30 0
20 -50 29 0
37 -45 -40 0
-17 -35 16 0
-21 42 -48 0
-10 21 -7 0
16 33 -46 0
-17 28 39 0
49 19 -28 0
38 33 -7 0
32 -39 -36 0
1 -43 -33 0
1 46 17 0
30 -6 42 0
47 -30 -17 0
23 -9 -4 0
-21 33 31 0
22 -49 16 0
48 -36 1 0
-48 -32 -27 0
-49 -52 -21 0
-32 -30 -39 0
-5 49 51 0
40 -18 39 0
32 -33 -38 0
-4 30 -6 0
31 -12 10 0
42 -43 -19 0
26 52 -44 0
-22 -15 45 0
43 48 -15 0
-23 16 12 0
50 -17 -49 0
39 40 44 0
26 16 -14 0
34 -2 -6 0
-35 5 -17 0
-19 -12 -42 0
-22 34 -9 0
-31 25 41 0
49 4 -16 0
2 22 1 0
18 -22 -32 0
30 -6 -37 0
-11 50 45 0
26 13 -37 0
-48 -51 26 0
-1 6 -31 0
-30 26 9 0
22 4 41 0
31 -5 -6 0
-12 -36 40 0
11 -49 17 0
-19 -48 6 0
33 10 41 0
-47 14 -31 0
30 -40 -36 0
19 50 -40 0
-49 -13 14 0
-51 -45 29 0
43 38 47 0
-12 -24 25 0
-46 24 -33 0
-42 7 -29 0
52 -51 28 0
26 -39 49 0
29 31 9 0
-22 51 -10 0
-34 36 18 0
10 25 -31 0
-23 26 17 0
-33 21 12 0
-39 -50 4 0
-22 -17 -28 0
-13 -12 36 0
-22 -4 36 0
-6 39 22 0
-30 19 -32 0
-3 -42 -12 0
-47 -51 30 0
42 -38 -30 0
6 14 -29 0
41 -31 17 0
-51 -15 -47 0
-5 40 -33 0
15 43 -49 0
-14 37 -13 0
-9 -27 -30 0
11 -9 -13 0
-26 -30 3 0
-12 52 -36 0
40 32 23 0
-45 -17 47 0
47 40 -35 0
-45 -26 -34 0
23 24 32 0
23 -24 -8 0
7 50 -38 0
33 22 -2 0
49 -1 34 0
14 33 -40 0
-11 38 17 0
27 31 -12 0
-47 33 9 0
-29 12 41 0
-31 -2 6 0
-4 -27 -23 0
44 -7 -17 0
-24 31 -19 0
-50 -52 -48 0
-49 30 45 0
14 -4 28 0
-39 -11 42 0
52 34 -36 0
-31 -23 -37 0
44 -10 -16 0
-8 13 -43 0
33 -15 7 0
41 30 21 0
-23 -37 -10 0
46 -52 -13 0
52 12 2 0
-39 -18 50 0
18 45 -2 0
-33 49 -24 0
8 7 42 0
-45 52 -49 0
23 -35 -48 0
-31 52 -7 0
-43 -4 38 0
3 6 28 0
-38 3 -21 0
-46 8 43 0
-30 -32 -13 0
15 4 11 0
-7 12 -51 0
-20 45 -4 0
30 15 6 0
39 -29 38 0
-3 12 16 0
6 -27 19 0
26 -22 25 0
-49 21 34 0
35 37 13 0
-2 8 -27 0
-12 20 22 0
-32 -31 -12 0
-39 -5 -19 0
-25 40 -39 0
-4 -46 -38 0
20 8 27 0
-3 8 -20 0
13 -26 15 0
33 -36 -1 0
34 40 -30 0
-5 49 7 0
7 26 -43 0
-7 17 -32 0
10 -30 -24 0
9 -36 -25 0
19 20 43 0
-42 3 -24 0
44 -20 38 0
38 -37 42 0
-9 -8 20 0
-9 -45 7 0
14 -52 -28 0
-43 19 -1 0
30 -31 21 0
-32 -40 -21 0
-4 12 21 0
10 21 -38 0
1 -41 -5 0
-37 -51 -8 0
2 -11 19 0
-25 -39 -24 0
40 9 -28 0
37 47 -7 0
21 9 29 0
26 -42 9 0
26 42 -16 0
-37 -12 -34 0
-2 42 47 0
-20 -12 30 0
-33 27 40 0
-21 25 -10 0
36 11 -19 0
-6 -40 18 0
-23 5 16 0
-1 48 47 0
7 -3 -44 0
-1 -20 -4 0
32 20 -50 0
-42 -26 -21 0
30 6 47 0
41 51 -35 0
-4 -28 -47 0
45 -12 5 0
-9 1 13 0
3 33 -2 0
-23 33 -7 0
36 -28 17 0
-16 8 -9 0
-46 -19 28 0
48 18 -11 0
-25 38 40 0
-3 47 52 0
-39 -8 -33 0
-12 -42 -32 0
-4 -24 48 0
34 -24 -52 0
45 -18 30 0
37 18 31 0
