p 25 106
-7 -5 21 0
-25 -10 -7 0
11 -7 10 0
-23 -20 -5 0
6 21 -15 0
-12 -15 -5 0
21 3 25 0
-7 -25 -8 0
17 -18 -22 0
-6 -9 -21 0
25 -5 -9 0
10 17 22 0
3 4 -24 0
-16 -15 -24 0
10 -8 16 0
-18 7 16 0
-11 15 -5 0
25 11 -21 0
10 22 -7 0
-1 6 -24 0
-16 13 -12 0
-16 10 25 0
-21 5 -6 0
21 12 24 0
24 -22 -12 0
1 8 7 0
23 16 -15 0
16 -3 19 0
-21 -22 -25 0
13 -12 -15 0
-20 6 -12 0
10 -25 -19 0
-5 7 -3 0
15 -20 1 0
-11 -21 -19 0
8 -19 3 0
-13 5 -4 0
24 13 -4 0
3 9 15 0
18 -12 5 0
-6 -9 1 0
-23 4 2 0
-11 -19 -15 0
-20 11 2 0
-19 1 8 0
-13 2 18 0
21 -9 -19 0
4 -10 6 0
-4 8 9 0
19 11 16 0
-3 -22 -19 0
-5 11 7 0
14 -23 -15 0
-19 -11 -20 0
-9 15 -11 0
7 -6 -4 0
-20 -3 7 0
13 10 -7 0
8 12 -24 0
-6 2 15 0
17 3 -15 0
23 17 -5 0
-24 -14 23 0
-10 20 -24 0
-19 -6 -3 0
-7 -24 -19 0
5 -22 7 0
23 10 -25 0
8 9 -11 0
-3 -6 -12 0
22 8 20 0
-19 18 14 0
10 -6 18 0
18 -2 9 0
17 6 -14 0
11 -10 23 0
-18 -23 -25 0
18 -24 20 0
-12 24 17 0
4 1 -10 0
13 12 -20 0
-22 17 4 0
-13 19 -10 0
18 10 -16 0
18 11 15 0
25 12 19 0
9 -20 -22 0
-12 -21 -11 0
18 -5 -13 0
-11 -4 -20 0
-18 -10 -24 0
14 -8 -12 0
7 -25 -21 0
23 5 -12 0
5 3 25 0
20 -22 -8 0
24 2 -8 0
-16 12 5 0
15 -2 14 0
11 -3 -20 0
14 4 21 0
-18 -2 -14 0
13 25 10 0
4 -20 -22 0
-23 21 8 0
-19 5 -25 0
