p 95 404
-91 -14 24 0
-81 18 90 0
20 -26 -37 0
-32 -80 8 0
79 45 -41 0
-34 -21 -5 0
-45 -70 34 0
-46 79 18 0
4 -12 -58 0
-31 37 14 0
27 -58 -15 0
-75 55 5 0
-2 15 19 0
32 68 -61 0
-82 -27 40 0
-18 71 11 0
-18 88 -56 0
60 -52 -38 0
-43 -10 94 0
-31 -12 -54 0
-87 79 -66 0
-28 17 -72 0
95 -82 -24 0
18 -63 50 0
-95 -27 9 0
-9 87 -34 0
62 38 -37 0
-62 -39 69 0
-18 -34 -35 0
70 85 31 0
-84 -94 -56 0
-17 -57 -53 0
-20 48 2 0
-57 -27 32 0
38 -28 -57 0
-86 -64 29 0
-87 78 -40 0
-91 -26 -13 0
51 -14 18 0
-76 89 93 0
87 -86 -22 0
-31 90 -95 0
6 -46 -64 0
-2 76 -35 0
-31 -72 48 0
-36 33 -56 0
-36 -79 18 0
-47 67 92 0
15 60 -1 0
-68 -12 -14 0
-21 -13 -54 0
71 -7 -89 0
26 -58 29 0
28 -40 -54 0
87 20 -72 0
-86 -42 -13 0
-91 68 -48 0
33 83 -92 0
-92 22 18 0
-4 35 87 0
1 -66 65 0
-63 30 -57 0
26 69 92 0
-71 63 74 0
26 -58 -12 0
-44 56 -7 0
-29 -30 53 0
-62 55 -82 0
-42 2 26 0
65 -77 -22 0
36 -3 22 0
13 73 -16 0
64 -49 78 0
31 85 -29 0
58 28 -35 0
-77 -6 66 0
26 55 67 0
77 -90 86 0
91 45 18 0
-11 31 -13 0
-60 -64 92 0
87 68 60 0
90 7 -61 0
-53 81 36 0
37 -60 71 0
11 75 85 0
-2 41 28 0
-21 -78 -30 0
-68 15 -40 0
-44 -74 -1 0
-57 -91 -82 0
42 -33 -75 0
-56 -59 12 0
2 -77 75 0
-72 -23 -33 0
-45 -19 72 0
18 23 38 0
-38 -58 70 0
-6 24 -68 0
-82 -45 80 0
65 91 -24 0
-41 -69 -51 0
72 6 74 0
29 76 38 0
20 39 27 0
10 76 51 0
82 16 -17 0
72 -23 -22 0
-71 -78 69 0
-90 -62 -48 0
-73 64 -34 0
94 72 -79 0
33 -25 58 0
39 21 -88 0
19 60 52 0
-94 -41 63 0
51 -26 -37 0
15 -89 77 0
20 -39 22 0
13 -55 -43 0
-34 28 2 0
-70 74 55 0
20 -12 -31 0
-28 -55 12 0
57 87 -71 0
55 -61 21 0
-25 -74 -85 0
31 63 44 0
-93 49 3 0
-1 31 -10 0
9 48 84 0
36 -45 55 0
48 75 -39 0
-26 65 29 0
-20 5 82 0
-91 62 -56 0
-77 20 -25 0
63 -8 65 0
36 42 64 0
-67 55 21 0
36 -18 75 0
2 -66 65 0
-25 80 -66 0
54 -70 -11 0
85 15 -90 0
67 -38 30 0
58 95 -36 0
78 1 -89 0
69 63 -24 0
-38 79 81 0
57 -1 88 0
-4 38 79 0
-14 -45 -37 0
-41 58 -62 0
-20 78 73 0
-84 13 17 0
27 21 61 0
-30 -4 45 0
-61 28 -52 0
54 -12 -81 0
14 89 -6 0
-75 -52 -47 0
-29 11 85 0
-10 -36 45 0
4 84 86 0
-38 -25 -31 0
77 49 57 0
-68 33 18 0
-32 -68 -1 0
-36 -44 -48 0
-7 -83 -16 0
-54 37 -94 0
7 -23 84 0
16 91 -20 0
-13 57 84 0
50 -43 67 0
74 -78 -67 0
48 56 92 0
11 -30 -14 0
69 -40 78 0
-90 -22 -44 0
82 32 -42 0
18 -7 60 0
-70 76 -32 0
70 -5 -91 0
26 78 -4 0
-10 -22 46 0
-15 -29 45 0
12 -57 6 0
-89 -78 5 0
-63 -32 -85 0
-94 50 7 0
41 -31 32 0
-82 -72 -30 0
-20 -14 36 0
-27 -84 -20 0
46 -9 -90 0
-27 63 45 0
51 -43 85 0
-74 29 33 0
-33 -11 -74 0
-18 -61 86 0
51 -76 36 0
-93 -63 -13 0
2 10 -51 0
67 -79 -27 0
48 -34 -25 0
-10 73 -22 0
86 -79 66 0
-69 10 -29 0
21 -72 -83 0
26 -73 37 0
-31 -75 -39 0
28 -41 -93 0
-12 -84 51 0
-63 -29 -15 0
-20 11 46 0
30 -5 -3 0
-88 84 9 0
75 -36 8 0
49 -6 -14 0
-73 -72 14 0
-5 48 12 0
-6 41 -9 0
48 -9 -24 0
30 31 -25 0
88 68 -24 0
-51 17 -90 0
-13 -14 -30 0
62 15 37 0
83 55 -89 0
-60 20 -82 0
78 -60 -13 0
-72 83 -26 0
-95 14 -53 0
-89 -66 -64 0
-70 13 -43 0
22 -60 86 0
-56 -67 -80 0
-80 92 8 0
-66 6 40 0
86 59 -10 0
25 71 78 0
37 -22 15 0
-64 51 88 0
-17 51 -24 0
78 55 51 0
-71 78 -44 0
31 82 -33 0
-13 -26 -40 0
67 63 -73 0
91 24 -78 0
29 56 19 0
-85 -87 -57 0
56 -81 10 0
-65 85 -58 0
20 -40 70 0
-54 69 -42 0
-66 38 19 0
59 70 -84 0
21 -71 -95 0
-47 -58 6 0
39 -91 3 0
3 63 -91 0
-93 20 62 0
10 13 -31 0
6 -4 -48 0
61 29 37 0
63 39 -62 0
-82 -11 -27 0
84 41 -87 0
75 -44 16 0
18 78 50 0
43 25 -8 0
17 -89 4 0
67 -53 -8 0
-48 29 -36 0
25 -49 -43 0
-50 -16 5 0
36 -12 -81 0
44 -89 31 0
-40 -90 -6 0
67 40 34 0
50 -58 -91 0
-57 -11 6 0
90 -42 14 0
-43 -68 -87 0
-30 85 -41 0
26 49 -77 0
-47 46 -9 0
34 -79 -56 0
-43 -89 53 0
-85 24 -11 0
-57 -35 77 0
-43 68 -30 0
23 15 -11 0
-28 74 18 0
17 21 52 0
-60 43 78 0
43 -26 -47 0
82 80 -87 0
16 65 -94 0
10 74 44 0
25 -94 -9 0
-78 -88 31 0
78 65 60 0
-19 -43 -15 0
58 -85 -11 0
42 17 56 0
35 -25 -22 0
74 78 -29 0
31 -84 22 0
-22 -82 -9 0
-72 -24 -42 0
-69 13 6 0
62 25 50 0
-72 93 -29 0
-94 -83 91 0
49 -95 26 0
25 27 -75 0
81 -34 -94 0
-12 -89 74 0
67 -37 -21 0
-69 -12 -22 0
-39 -91 -13 0
66 -72 93 0
-24 -18 83 0
-93 -73 70 0
-66 62 25 0
41 54 -80 0
4 -71 -29 0
41 -16 52 0
26 69 61 0
35 74 44 0
-84 7 -34 0
90 2 69 0
-9 75 65 0
70 -50 -21 0
66 52 78 0
81 -53 -63 0
-70 -29 9 0
17 -5 -70 0
1 -17 -27 0
51 85 27 0
3 -19 38 0
45 -83 -90 0
-48 3 38 0
27 -84 -6 0
28 72 56 0
-57 -32 79 0
17 -61 -68 0
57 -35 80 0
-3 87 23 0
73 -24 -84 0
56 -50 27 0
-30 -29 -68 0
76 -25 69 0
1 7 -24 0
62 77 -23 0
5 60 -17 0
-33 51 -73 0
18 -85 -26 0
21 57 43 0
-40 64 70 0
84 -63 -48 0
-14 17 35 0
-52 79 -6 0
-45 16 -6 0
58 26 17 0
70 -80 -34 0
82 -52 84 0
37 -70 45 0
57 76 -53 0
-65 53 -57 0
-83 -77 28 0
-77 32 4 0
91 10 -82 0
-31 28 59 0
-43 -8 -61 0
48 63 -52 0
86 21 -61 0
-94 -3 -54 0
-38 -58 -71 0
-44 -91 -86 0
23 -2 -9 0
-87 41 11 0
-75 -90 13 0
4 -22 71 0
-52 19 -13 0
-42 75 31 0
13 -45 80 0
-65 -93 29 0
-56 -63 -21 0
-67 -53 -28 0
-20 78 75 0
-21 40 76 0
48 30 -73 0
-15 -51 84 0
15 18 -43 0
84 -3 -12 0
-45 -35 18 0
22 -23 3 0
37 -75 30 0
82 90 -21 0
