p 79 336
58 -19 -61 0
53 -43 -20 0
-77 6 -44 0
58 3 -77 0
37 -45 -3 0
-66 61 -35 0
3 55 56 0
14 -36 6 0
40 67 74 0
65 -1 -73 0
18 -13 -19 0
31 47 -48 0
-26 61 -41 0
-74 -25 -8 0
-70 -45 71 0
46 -51 66 0
54 18 -55 0
-70 -45 -38 0
-2 7 -16 0
71 -23 -31 0
62 20 46 0
77 -70 1 0
19 37 -78 0
64 13 40 0
6 18 22 0
67 -60 -10 0
4 -49 -13 0
-48 -55 22 0
-58 -56 20 0
-70 56 -57 0
-22 -70 13 0
45 -61 -37 0
-9 46 3 0
-27 -57 -69 0
63 3 -25 0
-77 -24 61 0
-2 -19 48 0
40 49 69 0
6 -28 -52 0
-27 51 -13 0
-62 -43 -71 0
5 53 -72 0
-3 51 47 0
38 -25 16 0
79 -4 61 0
54 34 -43 0
33 -16 72 0
-71 -37 36 0
45 78 -39 0
-59 29 1 0
-4 -41 -10 0
-28 15 43 0
-28 -23 71 0
42 -34 57 0
-23 -18 -11 0
-24 -18 49 0
-41 -31 -52 0
36 -37 57 0
34 45 60 0
-65 -27 -4 0
7 16 14 0
-67 -49 -61 0
-30 -45 19 0
8 -25 60 0
38 -13 46 0
25 -12 -4 0
12 49 68 0
-70 58 68 0
-8 -75 -28 0
-46 -27 -1 0
-51 25 22 0
13 4 -16 0
18 41 -2 0
5 2 8 0
43 -29 75 0
20 -30 33 0
26 -77 -60 0
-72 34 -50 0
-64 32 -33 0
19 -61 -33 0
20 44 63 0
35 22 -16 0
62 -37 41 0
76 74 55 0
-32 71 53 0
23 62 47 0
59 -42 25 0
1 24 31 0
37 7 44 0
24 50 15 0
68 -26 11 0
-52 17 2 0
-38 -16 -8 0
-20 -67 -76 0
5 39 -14 0
53 -52 -50 0
-33 -32 -41 0
-20 -16 -24 0
23 -70 -7 0
10 -37 -63 0
-15 -22 -78 0
-42 -4 62 0
12 35 52 0
-35 63 -7 0
9 -55 50 0
39 3 -11 0
25 -17 74 0
-43 -62 79 0
25 13 37 0
70 69 -2 0
-11 -37 -70 0
-10 13 52 0
-53 62 55 0
-2 -76 -1 0
-67 -33 -76 0
11 53 78 0
-24 58 35 0
8 -30 54 0
-23 15 41 0
-46 12 -21 0
-68 -21 -34 0
29 37 -48 0
-24 14 18 0
76 -42 -73 0
-56 51 5 0
-40 14 -30 0
-51 67 -29 0
-8 18 -7 0
25 -61 73 0
-33 34 45 0
-68 -61 46 0
48 -50 -12 0
28 16 -59 0
-69 -56 -48 0
-50 -42 -76 0
-16 -42 46 0
-73 39 -22 0
54 -71 69 0
-53 1 52 0
-27 46 -23 0
-75 -4 42 0
56 71 -13 0
-4 -11 58 0
48 -37 28 0
-63 -67 68 0
-72 -20 -45 0
36 -5 -45 0
-60 53 74 0
21 -63 40 0
60 -57 -56 0
75 -32 77 0
16 -28 -65 0
-73 -49 41 0
-52 -62 31 0
10 51 -78 0
-20 -3 -49 0
74 -47 -22 0
36 -58 -54 0
-17 -52 -37 0
-5 2 36 0
-63 60 -41 0
-43 31 -33 0
-17 20 6 0
24 -21 -7 0
30 -62 67 0
43 -51 -47 0
-74 1 75 0
-63 -78 -14 0
-51 -46 -7 0
-6 -76 53 0
9 21 60 0
-75 -28 50 0
34 -32 72 0
-11 1 -36 0
38 -66 65 0
-35 1 -79 0
-18 33 -20 0
-52 12 -2 0
16 76 -9 0
-66 79 -11 0
-39 66 -46 0
26 46 67 0
27 -9 -47 0
-21 29 41 0
-66 -10 54 0
64 42 79 0
-8 15 -67 0
-48 33 56 0
37 18 24 0
43 75 -53 0
-28 63 -57 0
-71 21 -73 0
69 -6 -15 0
-30 -31 -15 0
12 -55 65 0
43 -42 -17 0
-5 57 3 0
-68 -72 37 0
-63 22 -35 0
-68 4 -1 0
-59 18 70 0
-44 -7 -22 0
75 43 -42 0
30 67 77 0
-48 44 -2 0
39 17 47 0
-21 -51 -36 0
18 -8 -5 0
21 -62 71 0
-16 -22 61 0
62 49 -13 0
-79 52 -29 0
49 40 -6 0
37 32 -62 0
-70 -31 11 0
25 64 70 0
-67 45 -59 0
-64 -21 32 0
77 -36 -79 0
54 72 -21 0
16 70 4 0
65 78 61 0
66 -46 -53 0
22 3 -73 0
31 45 56 0
-51 22 -71 0
-30 -56 -11 0
39 -28 -77 0
74 -76 11 0
18 -19 -44 0
-12 -38 35 0
-21 31 -77 0
35 -13 -22 0
25 -17 -4 0
63 79 21 0
-21 72 46 0
-64 34 -15 0
71 5 12 0
-10 57 -44 0
-2 19 62 0
-17 61 -72 0
40 58 -78 0
41 -75 -52 0
-17 14 -51 0
-76 -16 47 0
64 27 -14 0
10 -24 -12 0
56 73 44 0
-72 -6 -13 0
-12 -44 -77 0
-10 -16 -79 0
22 -55 19 0
74 56 29 0
-24 -79 -43 0
58 -37 -63 0
-31 -46 55 0
40 -54 42 0
-68 5 -21 0
-35 5 62 0
-1 -25 -59 0
-58 13 -38 0
4 38 79 0
32 50 -43 0
55 -26 -10 0
38 -33 -73 0
78 -3 20 0
16 -48 -45 0
30 -29 -16 0
6 37 -10 0
12 -31 45 0
77 -12 75 0
71 58 -70 0
-46 52 53 0
-73 -64 -34 0
47 2 -35 0
32 -17 -29 0
-37 -30 62 0
-8 12 27 0
22 -75 16 0
50 -17 29 0
-52 -18 -23 0
34 -76 37 0
21 46 2 0
42 -51 33 0
-45 8 9 0
-25 22 54 0
57 48 65 0
68 -10 8 0
37 41 -61 0
46 -72 49 0
53 -25 26 0
-7 65 -68 0
16 -19 42 0
-49 -23 25 0
-77 -14 27 0
47 -62 -53 0
-21 -37 29 0
-63 -20 61 0
78 -49 -17 0
-20 54 26 0
18 -8 15 0
-54 11 34 0
36 -50 74 0
36 77 -21 0
78 13 -69 0
-7 42 -64 0
35 38 -61 0
18 -65 29 0
-10 71 11 0
15 -26 29 0
-53 -73 -72 0
54 -2 57 0
50 -76 14 0
-35 78 12 0
-19 56 7 0
-47 45 43 0
11 -44 -49 0
-63 77 17 0
-75 44 11 0
-22 -6 74 0
-28 -59 74 0
-39 -70 -31 0
-29 -20 -19 0
-67 52 -56 0
-30 -8 9 0
-37 56 47 0
-26 -56 29 0
-53 41 14 0
73 -60 -78 0
48 -50 39 0
27 -21 -39 0
-3 -78 -29 0
-67 -64 52 0
42 -68 -47 0
63 56 62 0
67 42 15 0
