p 93 396
-8 -56 49 0
-28 -82 -11 0
-78 -1 -85 0
-15 -48 32 0
7 -34 -59 0
-68 -66 -4 0
-78 -76 -29 0
-73 55 85 0
-90 -32 -11 0
51 87 55 0
30 70 42 0
-50 -60 39 0
-1 87 -79 0
-90 -11 -56 0
-13 15 -59 0
27 34 -50 0
-70 89 -17 0
-68 51 8 0
33 28 51 0
-33 -7 83 0
-57 -65 28 0
-44 -69 2 0
-14 25 51 0
-73 -28 -55 0
-90 81 85 0
2 54 64 0
56 71 54 0
-50 51 -42 0
-16 -23 -48 0
46 -63 -57 0
-11 -80 42 0
72 -52 -88 0
-71 -75 -41 0
57 -11 -31 0
11 88 93 0
3 75 -27 0
39 12 4 0
-23 85 -58 0
32 -80 -2 0
15 10 54 0
-58 -64 -24 0
-64 -10 -44 0
38 24 39 0
43 47 -79 0
-72 33 -7 0
-51 77 -9 0
72 -20 -73 0
-83 12 59 0
66 91 -69 0
-50 -81 -68 0
2 43 77 0
-37 60 50 0
-58 65 -57 0
17 45 -44 0
56 27 -25 0
66 -83 55 0
-33 43 -6 0
-91 73 -51 0
88 -36 -44 0
-28 88 45 0
-46 -31 17 0
-61 31 -93 0
-38 68 86 0
-24 -93 88 0
25 8 39 0
5 14 89 0
15 -68 58 0
-16 92 -2 0
-78 -20 -43 0
-86 84 -21 0
-77 -67 49 0
-65 32 11 0
66 69 -27 0
48 -3 50 0
-24 -7 61 0
41 -26 80 0
-70 -84 38 0
-93 82 -34 0
16 11 49 0
49 -85 15 0
30 83 -63 0
89 58 20 0
86 -67 43 0
29 55 51 0
74 7 -12 0
-4 24 31 0
13 -87 64 0
-10 7 -34 0
81 49 -50 0
-8 73 33 0
-90 -19 89 0
80 57 6 0
-82 -32 -88 0
-82 52 -83 0
33 58 8 0
-58 78 -66 0
69 -27 63 0
72 -78 66 0
-58 -24 -50 0
60 47 -39 0
-31 -91 -85 0
79 50 80 0
-37 90 58 0
52 -86 70 0
55 39 15 0
52 -58 44 0
-81 68 -69 0
-92 31 27 0
21 -2 -91 0
-3 36 75 0
-49 82 4 0
-20 53 -35 0
-9 -23 43 0
-65 12 55 0
5 -71 -34 0
39 -55 -19 0
88 6 -8 0
55 42 10 0
29 -54 38 0
87 -4 23 0
-43 -72 -27 0
27 6 -86 0
-27 81 80 0
-47 -4 -92 0
58 59 80 0
-32 -45 -23 0
-52 63 90 0
-33 18 56 0
22 -56 -8 0
-41 -31 37 0
58 -28 -87 0
-11 -13 81 0
66 77 67 0
-93 82 -26 0
16 33 -22 0
36 -50 -24 0
72 71 -2 0
54 -87 -55 0
59 45 -18 0
-27 -50 -21 0
22 30 35 0
-49 -85 -59 0
-2 -11 40 0
-51 49 -60 0
66 -76 -87 0
78 76 92 0
75 27 66 0
-6 -70 -34 0
34 -91 5 0
-13 -91 22 0
88 -55 37 0
70 -29 53 0
87 81 48 0
-29 60 -12 0
-44 -92 -46 0
23 71 83 0
-13 42 -34 0
-61 75 -22 0
27 72 -4 0
-8 -40 -14 0
23 46 5 0
39 83 82 0
88 -62 8 0
32 -54 -72 0
40 72 -3 0
-27 -37 6 0
71 41 -44 0
-39 85 72 0
67 68 43 0
42 31 39 0
72 75 17 0
-69 51 52 0
54 -27 -67 0
56 -12 -36 0
49 -21 6 0
-15 38 35 0
73 -77 -13 0
-19 36 -78 0
62 -63 -85 0
-74 81 34 0
92 62 -61 0
16 -53 -49 0
46 -64 -28 0
35 36 29 0
-30 80 51 0
-45 71 -61 0
88 60 -38 0
76 66 71 0
-74 -43 -47 0
-22 65 10 0
-80 93 -68 0
62 15 -58 0
79 -65 -58 0
48 74 4 0
-66 38 -78 0
5 75 -32 0
52 -61 57 0
29 -22 82 0
-12 -28 -67 0
38 37 41 0
59 -90 -35 0
47 -55 -52 0
-44 -82 41 0
3 -65 -88 0
-58 -5 -40 0
-44 32 -6 0
-83 -66 -86 0
-7 93 53 0
9 68 47 0
47 82 28 0
-20 46 -82 0
52 60 -53 0
-61 7 -92 0
-76 -72 -65 0
23 15 58 0
-79 -35 -14 0
33 37 38 0
-40 17 -53 0
-80 73 36 0
34 18 -59 0
-17 -68 37 0
37 9 63 0
28 17 68 0
-9 -48 93 0
-30 -88 -85 0
-75 -1 -53 0
-31 46 44 0
93 -43 -27 0
66 -72 -88 0
68 77 26 0
29 8 -79 0
-17 76 10 0
-33 -82 89 0
-70 67 75 0
-65 -67 -30 0
-70 -80 -92 0
86 58 61 0
67 -7 78 0
5 -7 -42 0
-78 52 29 0
76 93 -71 0
1 -8 50 0
50 75 -5 0
73 26 19 0
-45 -59 -25 0
-27 45 -13 0
-46 -78 -31 0
26 -2 -51 0
-80 52 -36 0
93 51 47 0
-53 27 77 0
-17 -12 -89 0
34 -19 73 0
-56 -53 -66 0
3 -25 -53 0
-36 -22 2 0
36 9 -32 0
66 43 -60 0
-18 -34 22 0
64 27 5 0
-76 -61 -80 0
-51 23 -19 0
69 -57 14 0
-83 11 -25 0
48 22 -10 0
4 -74 -84 0
-49 -85 -15 0
52 -93 82 0
-69 -82 -89 0
-51 -80 -68 0
21 -7 36 0
17 -35 -7 0
-1 58 88 0
-34 -90 -66 0
92 89 -46 0
43 28 33 0
46 -74 -3 0
-39 74 -23 0
-71 -15 88 0
79 32 69 0
63 -26 46 0
-82 -8 -45 0
21 -83 -6 0
-29 -73 22 0
-64 -42 -79 0
1 -77 -47 0
-44 15 31 0
-22 75 -47 0
73 51 -14 0
-63 -45 19 0
56 51 -25 0
-30 67 28 0
-87 39 -15 0
62 -21 51 0
72 19 55 0
36 84 15 0
31 35 -74 0
3 -36 -64 0
-48 75 47 0
-62 -25 37 0
87 51 -32 0
-3 66 48 0
-50 16 17 0
-37 7 70 0
66 -73 -16 0
-10 87 -34 0
17 90 5 0
-1 -31 -74 0
-79 54 -56 0
-70 -40 34 0
-34 73 89 0
37 -82 35 0
-15 46 -18 0
-48 6 55 0
-89 16 -46 0
17 27 91 0
-78 72 -23 0
-49 -17 48 0
-79 13 -89 0
58 44 -28 0
22 -61 -54 0
67 -35 -64 0
-11 -22 -18 0
36 -1 74 0
-61 9 -2 0
-93 74 45 0
78 30 1 0
-44 16 -68 0
-14 -56 -50 0
10 18 66 0
43 11 20 0
-79 -16 38 0
-18 40 26 0
-46 -53 -84 0
12 57 58 0
46 -73 -49 0
-57 14 86 0
41 22 63 0
83 82 -2 0
-5 17 82 0
51 16 90 0
-21 73 -38 0
47 71 89 0
-57 -23 -11 0
-18 28 -84 0
-61 -37 -11 0
-32 -54 -30 0
39 51 -52 0
4 3 -14 0
-86 -38 -10 0
40 26 1 0
-66 19 78 0
70 -83 42 0
33 -45 -34 0
2 -1 33 0
-38 17 -47 0
-31 -67 -86 0
66 70 -15 0
20 -4 -61 0
-53 -62 -66 0
3 -93 74 0
16 -67 -30 0
69 -54 -85 0
-52 -57 16 0
82 17 -70 0
64 -56 55 0
-89 46 -18 0
74 42 -40 0
23 91 49 0
44 87 7 0
-5 -89 93 0
-21 66 24 0
52 54 -53 0
66 19 42 0
38 51 8 0
-68 -26 -23 0
-6 -64 51 0
-34 -73 37 0
-42 47 -17 0
-61 62 -36 0
29 44 -4 0
22 -46 37 0
21 56 -67 0
-28 -19 -41 0
88 82 -86 0
92 75 -37 0
44 10 -86 0
-75 14 -70 0
-67 45 -41 0
86 -51 31 0
35 33 7 0
45 82 4 0
-32 69 5 0
44 84 -3 0
-67 -68 48 0
-20 -41 -79 0
