p 92 391
28 55 23 0
-5 -1 -8 0
-58 84 54 0
60 -70 35 0
28 -52 -53 0
21 -28 65 0
19 -46 -31 0
10 -29 -82 0
76 -7 -6 0
-73 -4 66 0
-12 39 90 0
-70 -79 -92 0
-55 66 -43 0
14 51 -41 0
76 -14 35 0
11 13 -79 0
92 -8 -17 0
-58 13 73 0
-52 32 88 0
18 -3 -73 0
-81 -78 -4 0
-23 -32 -61 0
-71 52 -1 0
-28 37 -3 0
-39 -81 -11 0
-15 -41 -13 0
-68 67 8 0
90 11 7 0
35 65 -86 0
66 36 -28 0
23 75 -9 0
92 55 1 0
-67 13 -90 0
7 80 -82 0
-53 80 -50 0
2 -89 -74 0
-29 26 -76 0
22 -42 -15 0
22 -20 -49 0
-2 78 32 0
70 -86 77 0
-46 -21 76 0
92 75 -81 0
18 -44 -85 0
-89 -20 -6 0
-74 -44 10 0
45 69 65 0
87 -29 -17 0
-72 68 17 0
-11 45 -69 0
-48 41 84 0
72 -16 -61 0
-69 -92 -46 0
-28 42 16 0
19 67 -28 0
20 19 -18 0
85 20 -69 0
-3 -38 89 0
-82 -67 38 0
40 32 -65 0
-73 -28 -45 0
-71 33 55 0
89 -62 41 0
21 15 38 0
-87 1 14 0
58 92 37 0
7 72 -51 0
21 -38 -8 0
-1 35 39 0
-59 -1 -7 0
23 -18 -87 0
-53 -12 9 0
-19 79 75 0
-85 36 32 0
-72 59 82 0
4 13 -89 0
-79 -8 64 0
-47 49 68 0
50 -31 -62 0
21 -48 -65 0
47 -5 -43 0
-23 61 26 0
14 54 -30 0
81 19 32 0
-15 -54 68 0
69 86 56 0
14 59 56 0
48 -92 -20 0
-67 17 -16 0
90 82 89 0
-72 64 47 0
54 80 81 0
-45 36 -82 0
92 84 -57 0
-14 -88 65 0
-89 12 -29 0
-76 -71 -21 0
59 81 32 0
73 -72 -29 0
67 1 86 0
-6 -45 -10 0
50 90 91 0
6 90 -14 0
47 -29 61 0
56 -78 3 0
-63 -45 -33 0
-84 -25 -70 0
-38 -55 22 0
-73 35 -68 0
82 12 -33 0
12 -7 -62 0
23 55 72 0
-81 -23 -60 0
-64 19 21 0
-5 41 -69 0
-68 28 67 0
79 -17 50 0
30 -19 5 0
-7 27 -12 0
23 11 -27 0
-28 74 79 0
-15 17 -45 0
50 -5 -33 0
-60 -31 83 0
82 -24 84 0
-21 -2 -57 0
39 -21 -46 0
51 -24 68 0
9 -10 -64 0
29 -63 -17 0
80 52 -76 0
-56 -73 32 0
-91 47 -54 0
-7 55 28 0
-53 22 77 0
-90 5 64 0
-24 90 -81 0
87 -86 -83 0
12 -22 30 0
73 47 -27 0
-19 50 -71 0
78 -51 2 0
69 -3 -30 0
18 14 -43 0
-71 24 88 0
-9 55 45 0
38 15 14 0
38 81 -87 0
-12 -47 86 0
83 -25 -33 0
37 28 -16 0
70 86 -61 0
75 -29 -20 0
25 18 59 0
71 77 19 0
-84 -17 -52 0
1 -30 -24 0
-64 38 -32 0
-86 54 -53 0
8 -17 -40 0
-68 -18 -46 0
-1 -51 -13 0
68 -58 6 0
20 -48 -25 0
-64 -60 24 0
53 75 36 0
-41 -9 -22 0
52 26 48 0
87 -54 3 0
-81 -26 -45 0
-25 -87 -7 0
-10 -7 89 0
52 -43 -4 0
-54 44 -79 0
70 6 -41 0
-64 -11 -36 0
16 -53 63 0
-83 32 47 0
-37 -42 -83 0
-61 -38 -39 0
-3 -60 4 0
-91 66 -13 0
-6 -72 23 0
-25 -84 -37 0
-40 56 21 0
2 45 55 0
49 -47 -65 0
-62 20 46 0
38 68 50 0
75 6 77 0
-37 73 21 0
48 20 27 0
-89 37 44 0
-34 46 -37 0
51 27 -86 0
22 65 88 0
58 27 -62 0
-5 33 -11 0
-36 -83 -40 0
88 6 -65 0
61 -57 32 0
-60 1 -3 0
69 88 -11 0
73 -16 11 0
-2 87 -60 0
73 -29 -83 0
-92 -51 5 0
-38 5 2 0
89 56 11 0
-90 -76 -43 0
-58 -39 -85 0
-5 55 -42 0
60 -45 -67 0
-8 51 -44 0
6 5 -90 0
-81 -92 -7 0
-19 -58 -39 0
-11 29 -89 0
79 68 54 0
70 -18 -75 0
-28 -6 -89 0
39 -75 -84 0
13 -33 60 0
-88 6 74 0
-52 -49 80 0
-48 -14 81 0
-38 31 32 0
64 -33 -59 0
-46 -20 69 0
34 88 33 0
35 61 -65 0
-21 45 -35 0
81 88 -47 0
-91 -24 -59 0
-87 -84 -63 0
-91 32 66 0
50 -46 15 0
-19 -22 -36 0
67 29 17 0
-34 -33 -40 0
-64 -45 -85 0
13 -26 80 0
-16 -78 -21 0
-32 -6 -23 0
7 78 25 0
15 -32 61 0
-72 79 -81 0
59 53 -31 0
-85 43 34 0
80 -85 71 0
60 23 -87 0
59 -20 79 0
-68 -75 47 0
29 21 -58 0
86 -66 -65 0
46 58 77 0
-63 -36 47 0
76 80 59 0
38 -53 -86 0
-90 7 3 0
79 -6 81 0
86 -49 75 0
-26 51 73 0
-85 -3 57 0
-34 29 -17 0
57 -82 92 0
78 -57 -46 0
81 -84 -39 0
39 -68 -32 0
-61 -70 -44 0
48 83 -30 0
-43 16 23 0
-37 49 34 0
13 64 -41 0
-47 -4 30 0
67 8 42 0
-69 -13 63 0
92 46 -83 0
-64 86 -41 0
59 83 17 0
75 46 -72 0
9 -21 -49 0
71 79 -23 0
-73 -74 -60 0
-78 -28 58 0
-36 20 -27 0
80 -42 92 0
5 21 11 0
9 89 -18 0
-15 12 -82 0
-49 58 -69 0
-35 66 -50 0
6 -84 12 0
-7 79 -64 0
4 -87 9 0
52 33 27 0
12 10 35 0
-48 6 -56 0
-14 -61 10 0
-92 -23 -90 0
17 -89 -42 0
-84 -44 -82 0
-13 -4 52 0
10 74 36 0
-16 67 -81 0
76 12 48 0
14 22 28 0
-53 -46 4 0
30 90 -92 0
10 -89 59 0
-71 -11 85 0
2 -87 84 0
-35 62 -9 0
-80 -27 -10 0
-68 -48 -75 0
-28 31 10 0
-57 3 71 0
76 10 20 0
-59 -85 -25 0
-56 -55 -29 0
70 22 -45 0
42 -13 53 0
33 75 61 0
79 -74 -91 0
10 53 32 0
-88 78 65 0
8 -80 5 0
-41 74 -49 0
19 5 -63 0
29 -79 34 0
-70 -17 42 0
49 -39 -36 0
52 84 -17 0
-38 -61 4 0
7 80 47 0
66 32 -19 0
-76 -25 79 0
21 -92 10 0
8 -6 9 0
37 41 -19 0
-91 -81 -41 0
-46 45 86 0
-89 -70 -59 0
70 79 74 0
84 72 -14 0
-76 51 -20 0
56 -60 53 0
-61 -48 -28 0
41 -14 -50 0
-50 77 92 0
-80 56 36 0
35 -41 -88 0
75 54 9 0
28 46 -35 0
86 -52 26 0
60 -91 -54 0
35 40 -6 0
-42 -29 -23 0
73 72 51 0
-22 -88 46 0
-15 69 82 0
-6 -33 -49 0
89 -45 18 0
-46 -23 -48 0
-88 -92 -48 0
-7 -64 -83 0
63 50 89 0
49 -2 -15 0
8 44 -71 0
50 37 -51 0
-70 23 46 0
56 -11 -16 0
-64 -32 92 0
20 22 -25 0
-33 44 85 0
40 -77 19 0
-19 91 31 0
15 66 -82 0
87 -46 -54 0
-54 4 89 0
69 -41 75 0
-70 49 6 0
14 49 19 0
-41 79 11 0
-74 82 -51 0
-25 -36 -42 0
-1 -38 -31 0
-90 -19 -46 0
63 -70 -78 0
32 -18 -79 0
81 8 26 0
