p 76 323
52 -34 40 0
-46 -17 47 0
6 18 -72 0
36 -28 -3 0
37 22 -45 0
-15 -67 -47 0
-70 -30 -5 0
20 43 45 0
42 58 53 0
-8 46 -2 0
-51 -12 -18 0
27 -65 58 0
-10 -64 -63 0
41 -31 -26 0
-63 43 -67 0
58 42 49 0
-71 -58 44 0
4 -10 -3 0
-48 24 -28 0
66 35 -41 0
-29 9 -4 0
69 27 -48 0
-4 -16 -31 0
-45 -2 -12 0
-37 -25 55 0
-8 9 56 0
21 -45 -31 0
72 25 -56 0
33 -66 40 0
-42 19 67 0
73 -15 -59 0
-48 -5 52 0
68 -30 40 0
14 31 -42 0
19 -62 -51 0
3 66 69 0
73 21 43 0
43 2 -31 0
-18 -14 -21 0
6 19 49 0
16 28 40 0
-74 19 -48 0
17 -32 51 0
-8 6 40 0
-33 -28 38 0
32 -43 40 0
-37 -35 -18 0
53 71 41 0
10 39 75 0
-54 -31 50 0
-29 59 56 0
7 -47 18 0
-40 -6 -25 0
-65 -10 76 0
-41 44 -34 0
-32 -47 -43 0
11 -47 66 0
-67 -3 72 0
21 -36 -24 0
40 60 -72 0
3 -56 55 0
11 34 12 0
-49 44 -39 0
-50 35 -21 0
22 -68 10 0
-55 -2 33 0
33 32 -73 0
-73 23 29 0
-19 -62 67 0
-31 -61 -33 0
68 13 65 0
-71 52 32 0
21 10 14 0
17 37 -41 0
63 35 56 0
-60 -35 -40 0
27 -12 16 0
11 -35 -2 0
50 -67 38 0
57 66 47 0
-62 20 -31 0
-75 -59 36 0
69 -27 -29 0
17 -41 -49 0
56 36 70 0
-8 -3 -64 0
58 -50 -11 0
71 -1 -26 0
-57 58 -15 0
-63 -9 -11 0
26 -53 -24 0
-55 -43 -62 0
30 -65 -22 0
6 48 49 0
-17 -1 -10 0
62 -63 -30 0
-60 -76 13 0
-31 -53 -4 0
24 -15 76 0
-49 -23 12 0
6 13 67 0
-8 -66 56 0
-35 -58 68 0
-43 37 32 0
-67 17 -23 0
59 62 -7 0
68 4 -28 0
23 63 49 0
-19 -56 -70 0
8 -10 -50 0
-10 -9 1 0
-6 1 -44 0
-14 -46 53 0
-43 6 75 0
33 -68 30 0
-34 57 23 0
-59 -2 -5 0
-16 -76 -51 0
35 5 -58 0
50 -58 16 0
-33 -1 -24 0
-70 46 -33 0
25 -10 60 0
-5 -40 57 0
31 -36 75 0
-4 -44 -46 0
13 -22 -20 0
37 -64 71 0
-68 57 7 0
68 51 33 0
-12 -30 57 0
-2 39 52 0
-8 67 -4 0
-45 -30 73 0
23 -35 74 0
-19 11 -57 0
12 70 11 0
49 74 66 0
36 57 -64 0
-74 -72 5 0
36 -52 -29 0
-47 71 -67 0
39 63 41 0
-36 -16 -74 0
29 16 -33 0
60 -66 52 0
65 39 42 0
20 -1 76 0
71 -14 -61 0
-35 -7 17 0
-75 15 70 0
45 35 57 0
56 60 -71 0
60 -10 35 0
-7 5 51 0
50 41 -44 0
54 -28 -76 0
14 -9 10 0
-71 -53 -13 0
-12 35 67 0
37 -46 72 0
66 38 -19 0
-27 -42 30 0
52 -42 40 0
53 56 -44 0
-8 5 74 0
-42 28 63 0
-52 -45 72 0
-67 -71 6 0
30 -14 38 0
-20 71 -51 0
15 24 73 0
-6 -24 53 0
-51 38 39 0
-17 76 -37 0
20 -62 18 0
-62 -13 -41 0
11 74 -23 0
30 7 58 0
-76 32 -24 0
24 -63 -44 0
28 -4 -39 0
12 -69 10 0
-49 -53 11 0
-14 18 1 0
-7 18 -26 0
-64 2 -32 0
-62 -31 53 0
31 35 2 0
-39 76 -49 0
51 -72 42 0
52 -33 -34 0
-30 47 -62 0
8 24 74 0
53 -21 -38 0
53 7 76 0
-64 -18 68 0
-14 12 -37 0
8 -14 -30 0
30 -45 70 0
67 19 -56 0
67 21 11 0
18 8 -30 0
4 5 45 0
-57 47 -54 0
-5 -55 21 0
-8 33 55 0
61 -38 25 0
5 -63 43 0
-75 -8 -24 0
16 -17 -18 0
56 -22 41 0
43 5 54 0
-17 -67 -1 0
-67 -23 -39 0
16 -27 -8 0
-37 -9 62 0
-11 -67 60 0
-15 45 20 0
-7 -67 -40 0
-74 -17 16 0
-74 -52 55 0
50 52 33 0
54 60 24 0
11 66 2 0
31 57 -39 0
-14 66 26 0
-24 -1 58 0
-14 -68 -22 0
10 65 54 0
-1 54 60 0
64 -4 8 0
8 -75 -73 0
-2 -53 66 0
2 -7 -14 0
-16 33 1 0
46 4 17 0
16 -49 14 0
11 43 46 0
-5 4 -27 0
18 46 -57 0
-4 -64 20 0
-29 28 47 0
-4 -32 55 0
-21 -51 -1 0
54 -36 47 0
59 -70 -49 0
-31 -13 -49 0
1 29 -55 0
10 -4 42 0
-72 -10 -39 0
-6 37 -43 0
14 -60 40 0
23 29 -27 0
-11 -76 72 0
-22 -60 39 0
24 -61 55 0
41 39 43 0
-50 -74 43 0
-40 2 -23 0
52 -60 3 0
8 51 14 0
-6 54 -15 0
14 68 -60 0
-23 -25 -28 0
68 -66 33 0
-38 15 28 0
-61 -15 24 0
45 57 -69 0
46 36 -74 0
4 -30 -13 0
-24 46 63 0
-8 17 64 0
-29 -31 -65 0
7 -16 -67 0
45 72 -3 0
-16 73 -61 0
48 22 47 0
-4 -49 -40 0
-26 -53 22 0
53 -55 -35 0
-38 -9 25 0
69 -66 45 0
-2 36 -24 0
14 -60 -6 0
-8 -55 64 0
-8 29 -2 0
-63 3 75 0
74 73 67 0
42 62 -27 0
-44 64 -35 0
-3 6 1 0
-76 23 59 0
-6 27 29 0
-28 -47 17 0
-1 -22 4 0
40 7 22 0
55 28 -16 0
29 -61 58 0
33 -44 -66 0
32 14 -52 0
2 75 -21 0
-12 17 -47 0
26 46 18 0
68 -16 49 0
69 44 41 0
65 -75 40 0
-15 45 -50 0
76 -12 -23 0
-25 29 12 0
6 -62 3 0
32 75 70 0
-24 -65 -16 0
-52 36 35 0
60 70 25 0
-32 -54 -58 0
58 -48 20 0
2 19 3 0
11 -15 -49 0
18 5 63 0
9 10 -14 0
-72 -13 -65 0
19 -22 1 0
