p 86 366
29 64 -74 0
-7 6 -8 0
-34 3 25 0
-32 37 -58 0
-58 24 -69 0
-36 47 52 0
48 -60 78 0
65 72 77 0
-29 -61 59 0
25 -32 1 0
-42 15 77 0
1 44 -24 0
47 68 10 0
6 -45 56 0
-70 58 -7 0
45 -69 11 0
-18 64 -20 0
-5 -68 -52 0
77 26 42 0
-22 -11 -84 0
67 -49 40 0
-21 -35 -19 0
24 44 -2 0
-45 66 -3 0
-14 -6 55 0
-80 33 76 0
79 -4 -29 0
-51 68 -14 0
-85 35 31 0
58 17 63 0
-20 -11 -50 0
7 47 73 0
-15 8 19 0
52 -27 13 0
77 86 48 0
50 -10 -72 0
39 -45 61 0
-20 -24 75 0
-77 -36 2 0
76 27 65 0
39 65 -32 0
4 -38 56 0
-53 -37 13 0
58 12 71 0
3 81 -61 0
70 -61 38 0
69 5 -37 0
-73 5 16 0
17 -57 36 0
68 22 -37 0
60 -5 63 0
-69 -59 56 0
-64 28 -52 0
86 54 6 0
34 -15 -81 0
39 78 54 0
-63 13 -56 0
-4 57 44 0
64 -28 -41 0
-17 -39 55 0
-20 74 60 0
27 -30 16 0
40 -15 -61 0
35 -11 29 0
2 66 26 0
-10 -80 3 0
25 -14 64 0
-58 -49 -65 0
75 9 17 0
-63 25 -4 0
36 40 72 0
-36 -76 -19 0
33 -17 46 0
6 -71 -40 0
3 53 -41 0
-32 -53 -66 0
-38 -13 3 0
11 -16 -86 0
-6 84 -5 0
4 -15 43 0
-36 -86 -70 0
36 54 56 0
-75 -59 -26 0
55 19 -77 0
-44 21 19 0
-70 73 -2 0
63 -6 -44 0
34 -69 85 0
25 -20 -9 0
52 -5 17 0
-35 32 -73 0
-76 6 -5 0
34 60 -42 0
68 28 44 0
-20 -14 61 0
18 -1 37 0
-15 -17 65 0
-65 53 36 0
65 -28 33 0
21 18 51 0
46 -1 37 0
-21 -81 18 0
50 -63 39 0
-45 -6 18 0
5 7 -45 0
62 -63 12 0
-74 -41 54 0
-28 -8 51 0
-51 66 82 0
10 25 53 0
42 2 -44 0
-64 -42 -58 0
-83 21 -16 0
10 62 1 0
22 -61 52 0
1 -22 24 0
70 -85 86 0
-30 -46 60 0
39 37 -22 0
-4 66 -8 0
-81 -28 51 0
45 26 3 0
6 -7 47 0
-62 12 -79 0
57 -33 -19 0
-72 -55 67 0
6 21 72 0
-45 -56 -24 0
72 55 33 0
-58 -32 -72 0
45 36 -23 0
48 45 -4 0
29 23 -65 0
63 -57 51 0
-46 60 -70 0
15 11 -86 0
22 49 76 0
74 66 77 0
63 79 53 0
37 81 -1 0
-60 -28 -25 0
47 -3 17 0
-2 -53 32 0
39 -9 33 0
-51 -15 -80 0
71 64 -72 0
-35 -33 -4 0
-55 84 61 0
38 -78 35 0
-31 -36 -16 0
-69 35 -80 0
10 -7 -13 0
55 42 44 0
35 34 71 0
19 73 -24 0
6 55 -77 0
20 72 -39 0
-48 -13 28 0
-63 -19 21 0
50 65 -1 0
-3 43 58 0
48 -77 19 0
78 -72 58 0
56 -76 85 0
63 -75 7 0
32 85 34 0
-37 -68 55 0
-54 -43 -38 0
-16 -58 22 0
-8 53 -19 0
-27 -75 35 0
18 68 -29 0
55 58 12 0
-26 74 -84 0
-82 -67 6 0
86 4 5 0
-73 -31 4 0
59 1 -85 0
39 36 4 0
-16 56 78 0
39 -48 -77 0
-74 -31 -42 0
51 -46 5 0
27 -83 29 0
-82 -71 26 0
3 34 79 0
81 71 44 0
60 67 66 0
-36 -34 21 0
31 86 -12 0
-34 58 27 0
-23 38 -44 0
-8 31 -54 0
-47 -28 -2 0
5 15 -11 0
-51 -85 60 0
68 18 28 0
-74 -30 -78 0
-29 -26 -49 0
-81 -25 43 0
70 -56 -29 0
-63 10 65 0
-47 -2 -3 0
22 18 -64 0
21 18 37 0
-43 -69 18 0
-21 -11 -6 0
26 57 -16 0
-24 -29 -19 0
51 -13 -28 0
4 33 48 0
73 16 58 0
2 -47 -74 0
5 29 39 0
-38 -79 -55 0
-82 -33 28 0
25 -50 -81 0
-51 -48 -39 0
55 -39 -28 0
3 13 66 0
70 -85 65 0
-38 -80 -34 0
24 -43 39 0
83 80 74 0
-81 -74 30 0
-43 -25 -62 0
32 -79 14 0
31 27 67 0
-46 63 25 0
-38 77 -43 0
52 51 -10 0
-55 -54 27 0
-29 60 -30 0
57 -66 -35 0
-23 -80 -79 0
29 86 -80 0
70 -81 -15 0
69 86 24 0
-81 -12 86 0
86 -47 -37 0
24 -42 -34 0
-48 -29 -51 0
19 -86 -44 0
49 55 -82 0
2 59 1 0
-44 57 -8 0
-12 48 14 0
38 -7 55 0
-66 -56 -83 0
72 -81 30 0
-17 -85 -9 0
73 74 -58 0
-40 -26 -81 0
-62 -1 30 0
25 -66 -30 0
-60 52 74 0
33 64 46 0
-10 70 64 0
-58 77 -21 0
27 -67 -53 0
62 28 18 0
77 85 -19 0
2 75 11 0
-51 85 -5 0
-22 6 -30 0
30 21 -68 0
80 24 7 0
61 -59 81 0
52 -58 35 0
-21 -57 40 0
-49 -11 -19 0
2 -22 -58 0
66 -47 -83 0
2 -28 -66 0
-74 -56 8 0
-51 -19 41 0
-39 -50 33 0
-58 -49 40 0
-59 -69 29 0
6 64 76 0
51 -37 39 0
-19 1 -72 0
3 -63 5 0
55 16 -7 0
-52 -1 3 0
57 77 66 0
-2 51 39 0
19 -58 -74 0
28 72 62 0
-59 -19 -65 0
34 70 23 0
8 -29 63 0
18 -52 -68 0
62 43 -58 0
-70 16 8 0
-12 45 82 0
18 11 -38 0
13 -62 18 0
-22 31 -44 0
76 15 -71 0
-84 45 59 0
-34 25 -38 0
67 59 74 0
32 27 -3 0
-64 -20 -2 0
-16 44 -43 0
-39 -24 63 0
-65 -4 -74 0
-20 -63 -35 0
12 -45 -7 0
35 39 -49 0
-61 79 42 0
79 63 65 0
-51 -57 17 0
51 21 -5 0
-75 -38 -17 0
-31 -65 -27 0
-38 69 52 0
-56 -6 -29 0
-31 -78 77 0
84 5 -51 0
-28 -10 -62 0
38 35 -63 0
-57 26 83 0
-82 -71 -73 0
36 49 21 0
-49 -76 77 0
79 49 47 0
20 15 85 0
23 58 73 0
39 -42 -25 0
26 56 25 0
29 6 -12 0
67 23 80 0
63 49 53 0
-46 18 -56 0
21 -23 4 0
-78 77 23 0
-32 68 25 0
-18 50 74 0
-36 33 26 0
34 49 86 0
5 1 36 0
-79 16 40 0
22 -28 -72 0
33 44 -40 0
51 75 -61 0
-3 69 -71 0
15 -23 60 0
85 -21 -75 0
68 -31 -71 0
-6 12 4 0
-10 37 -48 0
4 18 85 0
47 -1 -83 0
-55 -14 -4 0
-57 -61 37 0
-28 20 75 0
56 -6 -5 0
67 -66 49 0
-43 54 -72 0
16 -10 81 0
43 -64 34 0
-59 2 21 0
71 -9 -50 0
64 -74 42 0
