p 15 63
8 -13 -7 0
-8 1 -3 0
11 -15 13 0
11 2 -15 0
3 -1 -10 0
-15 2 -13 0
12 11 -5 0
14 -15 -1 0
-6 -8 -15 0
-3 7 -13 0
-1 -12 2 0
-4 6 2 0
14 -11 -10 0
-7 -14 -11 0
4 -7 8 0
10 1 -6 0
14 8 -11 0
-8 7 1 0
-12 -7 -11 0
4 14 -13 0
14 13 4 0
-14 15 1 0
8 11 9 0
5 2 -9 0
-8 -10 4 0
-15 -10 6 0
6 1 -13 0
9 2 -11 0
15 -2 12 0
-1 10 4 0
-6 -2 -15 0
-15 -11 -2 0
6 12 -2 0
14 2 6 0
3 12 14 0
4 12 7 0
7 -2 -9 0
9 -3 13 0
7 1 2 0
3 2 -11 0
1 15 -6 0
-5 -8 -15 0
8 -10 -12 0
15 -2 -8 0
4 -12 8 0
2 14 3 0
-1 5 6 0
5 -15 -1 0
-6 11 9 0
-12 14 8 0
-11 -7 -8 0
-1 5 -10 0
-1 5 14 0
-8 -6 10 0
14 4 -6 0
11 -2 -9 0
14 1 10 0
15 13 1 0
-5 10 -11 0
-14 5 -6 0
-1 -5 -14 0
6 -13 11 0
4 15 10 0
