p 38 161
-38 -28 25 0
15 -26 -7 0
24 -12 14 0
-12 26 -10 0
-23 -22 -34 0
30 14 16 0
37 19 12 0
-25 21 28 0
-22 9 15 0
-23 2 -32 0
-2 -4 5 0
2 17 16 0
20 -13 -2 0
12 -3 33 0
30 26 -22 0
-22 -26 10 0
24 -26 -1 0
-36 34 -23 0
-22 -36 19 0
7 -10 17 0
25 -5 -23 0
15 38 19 0
-5 -13 16 0
-24 -11 -31 0
-30 27 36 0
-3 20 12 0
4 -10 -13 0
-25 -37 31 0
-25 29 11 0
-16 1 -15 0
27 -24 -29 0
3 -8 -30 0
1 8 33 0
-13 -11 -26 0
11 -5 10 0
-37 23 12 0
-27 37 26 0
-32 17 2 0
-22 23 -32 0
-22 34 -18 0
-1 -15 13 0
-34 13 -35 0
19 -21 -10 0
1 21 -14 0
-15 16 7 0
12 -38 2 0
-25 35 -20 0
-13 -34 -38 0
-31 20 35 0
17 9 14 0
-9 -5 -20 0
-10 29 13 0
37 -8 -32 0
-10 -33 -16 0
-26 -23 -24 0
30 7 -32 0
37 -3 -19 0
8 -26 12 0
-25 -32 -18 0
-22 15 -17 0
35 -31 6 0
-6 -4 5 0
10 -1 -8 0
-23 24 10 0
-12 3 32 0
-10 22 11 0
-9 -32 25 0
15 -28 -32 0
-29 -10 36 0
31 29 -38 0
3 -22 36 0
2 15 -12 0
2 -26 32 0
-36 -14 -1 0
-29 -28 4 0
36 33 -35 0
11 30 33 0
-27 -5 -26 0
37 35 10 0
-24 -13 15 0
-12 38 14 0
-18 36 27 0
-11 -2 19 0
16 27 -37 0
-32 -21 8 0
25 -33 -3 0
-12 -16 19 0
30 12 -15 0
7 18 5 0
-1 37 27 0
-20 -18 -22 0
-38 2 30 0
-17 -7 37 0
-23 -28 33 0
-12 -37 -32 0
24 -17 -11 0
-27 15 2 0
1 -22 34 0
-17 4 23 0
1 6 26 0
-27 -33 10 0
15 21 17 0
-33 -2 4 0
5 19 -36 0
-7 16 -36 0
7 23 11 0
15 31 -7 0
-34 25 16 0
-36 -27 32 0
16 17 21 0
-32 30 -27 0
-10 -24 20 0
31 16 -36 0
-7 -12 10 0
33 18 10 0
-2 -16 -12 0
-34 -19 21 0
-21 35 11 0
30 -4 -16 0
-26 6 -21 0
33 -5 -6 0
-17 -30 -28 0
18 21 -27 0
6 -27 -35 0
15 2 -12 0
28 20 14 0
37 29 -32 0
-17 -5 32 0
9 -1 15 0
17 14 -28 0
-14 19 -10 0
-15 9 -10 0
-5 24 33 0
1 21 5 0
35 22 -33 0
27 -4 19 0
5 -37 3 0
34 -16 37 0
24 -28 10 0
-7 -24 13 0
11 36 -8 0
3 -37 4 0
29 20 -22 0
32 1 -33 0
16 18 -27 0
23 5 -36 0
-12 -34 9 0
31 -2 33 0
26 -23 3 0
4 3 9 0
-6 -31 36 0
29 -18 17 0
-12 -6 -38 0
-3 -12 16 0
27 -14 -20 0
35 -14 -22 0
22 7 -15 0
-26 15 31 0
-12 -16 -4 0
-31 -32 18 0
4 13 34 0
