p 29 123
-11 27 -28 0
-14 -25 -17 0
-1 -3 -8 0
-26 -20 -13 0
-23 14 -1 0
6 25 27 0
1 -2 28 0
6 27 -14 0
-5 -28 19 0
8 27 28 0
-1 23 -12 0
27 24 -19 0
-2 -7 -24 0
10 -20 27 0
-22 20 -29 0
-4 7 13 0
-8 -27 -11 0
-19 -14 -17 0
-9 19 26 0
10 -15 -6 0
-10 -15 17 0
27 22 25 0
-17 11 -27 0
-11 27 13 0
-20 14 -19 0
14 -13 -4 0
-5 2 -27 0
24 28 6 0
17 -4 9 0
19 12 14 0
18 -4 -6 0
-2 -13 25 0
13 23 29 0
22 29 16 0
23 -25 7 0
-11 27 -16 0
-18 19 21 0
16 9 -10 0
-13 -26 3 0
-6 1 23 0
14 -6 21 0
-20 -5 -28 0
14 12 -22 0
20 16 10 0
-7 26 3 0
15 -17 12 0
1 -28 9 0
9 12 -7 0
11 21 -24 0
-23 29 -8 0
-17 -21 -12 0
-1 10 -21 0
11 7 23 0
29 -7 13 0
-4 -8 -6 0
9 24 5 0
-28 23 11 0
26 3 1 0
24 18 -11 0
-11 -14 5 0
17 -10 22 0
26 -23 22 0
-29 -6 -14 0
18 3 -5 0
-16 -1 -29 0
-10 -4 14 0
-26 -3 25 0
11 2 15 0
15 3 21 0
-24 17 16 0
-11 -14 -13 0
4 -15 6 0
-6 22 -7 0
-2 -23 29 0
-20 8 -14 0
-9 13 -1 0
-22 -12 -5 0
-18 -29 -22 0
14 -26 -18 0
29 -28 21 0
13 27 -4 0
5 -8 -3 0
2 1 -13 0
-12 -1 -13 0
9 29 -28 0
10 -2 18 0
16 18 3 0
-17 -15 -21 0
-13 -8 -14 0
10 -19 6 0
-23 22 5 0
1 13 -21 0
5 -7 28 0
11 16 -1 0
1 28 -21 0
12 15 -22 0
2 -7 22 0
-23 4 15 0
-3 8 26 0
-26 -25 28 0
6 -2 -8 0
-9 6 15 0
6 18 -24 0
-22 16 9 0
-5 8 -18 0
-18 -17 19 0
-4 -11 28 0
10 13 -1 0
-17 -16 14 0
23 14 12 0
-20 2 10 0
9 -27 14 0
20 -4 17 0
17 -4 -3 0
21 4 1 0
20 28 -21 0
4 29 -13 0
7 16 -25 0
-10 -6 -11 0
21 -29 24 0
5 -8 22 0
-6 -3 23 0
-4 -16 -9 0
