p 80 340
26 44 -45 0
-15 72 -3 0
-12 31 -35 0
-41 80 18 0
47 -78 44 0
58 40 45 0
-6 4 72 0
-23 80 9 0
-37 -49 -21 0
-8 58 -56 0
-61 33 19 0
23 73 -72 0
50 -80 -8 0
52 31 -13 0
-3 -57 -51 0
-73 40 43 0
22 -41 -71 0
35 -53 -14 0
23 34 24 0
-40 3 -52 0
-1 -14 -70 0
-67 18 -73 0
-34 -50 -22 0
-79 46 38 0
-19 -5 61 0
18 59 71 0
-9 73 -44 0
76 -48 -13 0
-63 36 -5 0
-70 -62 26 0
63 40 43 0
-37 -78 13 0
8 -17 70 0
60 -45 10 0
-46 23 -21 0
74 -26 61 0
-56 -10 62 0
-73 -79 -2 0
-23 -52 10 0
-53 -57 -42 0
-46 -62 -67 0
25 -41 58 0
-57 49 78 0
70 -29 -51 0
-12 -64 38 0
-58 -1 9 0
12 31 -59 0
35 66 -29 0
46 9 71 0
23 -52 -45 0
-65 54 -17 0
-47 40 -7 0
-62 -30 -78 0
-39 -76 -2 0
57 -10 5 0
76 34 77 0
12 -20 -22 0
66 43 15 0
-74 61 -47 0
65 45 31 0
53 -37 -38 0
-28 -20 71 0
34 -76 -77 0
19 -23 -63 0
-43 -47 -77 0
51 -48 -15 0
1 13 -72 0
24 -50 -1 0
58 -56 -30 0
-67 -63 41 0
-25 -76 -10 0
-79 -70 -23 0
73 -62 72 0
-23 -70 -53 0
-62 -9 2 0
-72 -6 -43 0
-74 71 -52 0
48 -57 -33 0
-68 -48 -53 0
-24 21 22 0
71 -19 45 0
17 39 42 0
-61 -64 -52 0
33 -24 -79 0
79 62 41 0
-64 57 -22 0
24 -77 -68 0
-6 22 53 0
42 43 73 0
75 66 68 0
62 -54 -8 0
24 -49 75 0
72 4 -54 0
12 -75 -49 0
-76 37 -56 0
-1 -38 -42 0
-3 -58 69 0
48 -69 -33 0
-15 -5 70 0
52 30 -11 0
18 16 9 0
-26 21 -54 0
-77 -59 30 0
17 -63 -78 0
39 -40 -47 0
-29 7 -80 0
22 -2 73 0
5 12 70 0
60 -42 -19 0
-23 6 70 0
29 77 -52 0
-58 13 -38 0
1 -67 73 0
-47 -68 -48 0
-54 -11 -64 0
-68 69 -9 0
20 51 62 0
62 -74 -61 0
-30 59 23 0
-75 80 68 0
44 -54 -64 0
-22 -32 -60 0
-10 42 -41 0
23 69 -15 0
-19 28 -59 0
79 -56 -13 0
-42 49 -29 0
61 -20 3 0
55 -12 69 0
43 61 4 0
36 -23 66 0
-3 32 1 0
56 27 -59 0
-6 -1 20 0
-53 25 31 0
-29 -9 19 0
-75 -60 37 0
-55 -31 69 0
17 80 24 0
-22 -43 -73 0
13 24 -45 0
68 -37 48 0
-21 64 -65 0
-58 68 29 0
-64 73 32 0
54 77 16 0
37 63 -35 0
-27 -29 75 0
-69 70 22 0
-15 39 -60 0
51 60 -5 0
14 -50 56 0
35 38 -18 0
34 19 -50 0
33 67 14 0
77 76 -65 0
51 -68 -61 0
-7 29 41 0
8 -17 32 0
-23 -77 51 0
33 -52 4 0
18 -44 -32 0
27 66 61 0
4 19 -43 0
61 23 -44 0
-63 -22 -72 0
26 -29 43 0
65 4 -40 0
69 14 19 0
-61 -51 5 0
-72 -9 -23 0
9 20 -71 0
9 -52 54 0
-61 30 1 0
-75 -66 -6 0
-30 33 19 0
79 -15 -72 0
-65 7 25 0
-78 -6 3 0
66 -40 69 0
28 23 -51 0
75 39 -22 0
56 -75 -28 0
-54 73 -3 0
55 45 25 0
32 44 -23 0
-32 80 65 0
-9 -58 24 0
-37 13 -51 0
-20 -43 52 0
-46 3 65 0
-44 53 -28 0
-37 17 22 0
-34 -64 -78 0
41 6 -56 0
75 -22 -62 0
20 56 61 0
-26 -71 17 0
-6 5 -80 0
13 57 -54 0
6 -12 77 0
-30 -69 53 0
11 74 -44 0
-40 -20 -43 0
43 42 70 0
65 72 68 0
26 -55 38 0
-41 31 40 0
19 49 -5 0
-37 12 -36 0
-35 -63 -61 0
63 60 79 0
-63 -35 -6 0
-18 14 -33 0
1 -65 -19 0
-5 31 32 0
-73 -80 -56 0
-73 -24 -48 0
-53 26 70 0
41 15 59 0
18 -27 47 0
66 47 -7 0
40 74 -50 0
-34 46 -40 0
-41 -78 58 0
7 -26 16 0
-38 -40 11 0
-57 69 -14 0
77 21 1 0
-73 51 -10 0
66 33 27 0
-45 24 -10 0
-46 79 -33 0
-25 -6 69 0
10 -44 48 0
8 -58 44 0
13 -44 79 0
-24 2 29 0
-6 -77 67 0
-38 -69 31 0
-34 -42 -26 0
35 67 2 0
77 -49 -4 0
11 -56 70 0
-18 79 -6 0
39 -78 -32 0
-17 26 52 0
-48 20 72 0
-2 -24 -28 0
-46 55 -25 0
73 77 72 0
-17 10 -43 0
-2 -19 4 0
-25 17 -9 0
-16 -79 -7 0
-12 -42 17 0
68 28 -24 0
-29 64 18 0
58 -10 36 0
12 -7 -51 0
-72 -1 9 0
28 -73 74 0
-24 -64 -50 0
52 -68 7 0
-50 9 57 0
71 21 -43 0
66 -37 21 0
38 -21 43 0
-46 -29 57 0
-79 -4 17 0
80 -36 47 0
65 75 -34 0
37 -32 77 0
-16 63 80 0
-36 61 70 0
-43 44 64 0
72 48 76 0
-63 -34 -68 0
-35 -42 -51 0
-73 -57 -20 0
32 44 -66 0
-59 40 9 0
-43 -72 -65 0
73 -74 30 0
-63 -67 -76 0
79 54 -74 0
-49 1 57 0
-46 -79 55 0
-61 13 -3 0
-58 48 38 0
74 -30 10 0
47 -15 11 0
1 -13 77 0
10 78 54 0
-27 -13 -17 0
70 -25 -12 0
-7 -12 -57 0
-64 72 -61 0
74 79 77 0
19 75 -54 0
74 14 -54 0
-16 2 -69 0
-64 2 6 0
22 -26 76 0
-58 28 -5 0
61 54 -65 0
72 58 16 0
62 30 59 0
-51 -80 -9 0
36 25 20 0
-65 2 35 0
12 28 -68 0
18 32 -66 0
10 34 64 0
60 -57 43 0
-73 69 -65 0
53 15 -30 0
18 -55 -42 0
73 74 -3 0
58 -55 77 0
-10 -27 -70 0
47 55 -2 0
-6 -30 76 0
-71 35 -32 0
17 -40 72 0
-45 70 -74 0
64 -44 -17 0
38 64 -15 0
-3 -67 55 0
-4 54 -57 0
-8 -41 38 0
-33 -13 -40 0
5 43 23 0
50 13 8 0
21 71 -65 0
-3 9 -26 0
30 -29 49 0
-53 7 -19 0
74 -63 38 0
-16 37 -15 0
