p 65 276
60 31 51 0
26 -37 38 0
-59 -4 -57 0
31 -36 10 0
5 -30 -47 0
-54 -15 -63 0
-33 60 -5 0
41 38 -64 0
43 34 53 0
-65 6 52 0
43 37 -10 0
-50 -41 44 0
-4 -45 9 0
-22 38 53 0
-23 34 29 0
4 -52 41 0
-36 -60 25 0
28 -19 62 0
-56 32 41 0
-35 -9 -26 0
42 18 -52 0
-58 -54 -7 0
51 -15 56 0
-64 25 48 0
-45 42 5 0
21 -56 -62 0
23 -15 45 0
15 -7 34 0
38 -39 16 0
-24 -12 13 0
46 51 55 0
-51 52 -10 0
-65 27 14 0
17 -4 -15 0
31 26 -38 0
-65 -6 56 0
10 50 31 0
3 2 11 0
31 -50 -21 0
44 53 -5 0
63 17 29 0
-12 -28 -31 0
-54 -2 19 0
-29 32 -20 0
47 15 14 0
-15 -54 16 0
-36 25 44 0
-64 41 -23 0
-17 32 -51 0
26 -49 -60 0
60 7 -38 0
-41 -42 -36 0
-19 -63 32 0
38 44 10 0
45 -34 -30 0
-2 -36 -21 0
29 -49 10 0
-60 -2 54 0
28 24 -53 0
15 -57 -12 0
18 12 -50 0
-4 60 -57 0
-18 -5 44 0
51 61 -43 0
27 -19 -9 0
-44 -31 23 0
22 -18 -46 0
52 -9 -45 0
45 19 40 0
4 -45 -42 0
44 49 -34 0
-40 -60 -14 0
37 33 14 0
12 -41 -43 0
-37 -52 -36 0
-24 31 -4 0
22 -23 -20 0
-51 -43 -44 0
-17 -59 37 0
20 30 39 0
-64 6 -15 0
48 50 23 0
-9 -48 -10 0
-19 -7 28 0
-8 -15 25 0
-62 -18 38 0
-22 -9 -19 0
39 -64 52 0
-53 59 61 0
62 50 -60 0
38 -31 21 0
-18 -50 -40 0
-38 5 -2 0
8 49 -30 0
47 -1 6 0
22 -6 -46 0
-26 32 -34 0
17 50 7 0
51 -45 65 0
-7 -32 5 0
8 1 -64 0
10 -54 23 0
-43 44 -8 0
54 15 -22 0
-21 33 36 0
-42 -17 -15 0
-47 -64 4 0
12 -29 52 0
-5 25 -19 0
58 59 18 0
-5 -29 -32 0
26 6 21 0
-63 -30 31 0
-49 42 5 0
1 46 41 0
47 -34 40 0
47 -40 -3 0
6 -11 -13 0
4 34 -64 0
-14 62 12 0
40 -45 -43 0
-4 -5 49 0
22 41 -12 0
11 -8 28 0
-40 42 -20 0
-41 15 -29 0
-52 -55 -23 0
17 30 -33 0
63 -50 -62 0
-44 3 23 0
-36 -27 -32 0
21 2 -18 0
56 -52 43 0
-24 -53 23 0
7 63 -23 0
-21 63 -30 0
-23 16 -1 0
-1 36 -18 0
-7 33 -46 0
23 45 -22 0
39 -44 -34 0
40 28 -56 0
38 32 -34 0
-10 -57 -23 0
-50 -53 30 0
32 45 -22 0
33 55 44 0
-38 64 -59 0
-65 22 52 0
-34 -16 -32 0
-64 -53 -27 0
-46 -15 24 0
-61 -18 -54 0
49 1 63 0
38 8 9 0
42 32 46 0
27 -52 -17 0
25 16 -8 0
50 -45 22 0
8 36 -14 0
-4 -1 -20 0
24 -46 21 0
-33 -42 50 0
53 27 -5 0
17 -38 -1 0
-20 27 -50 0
-22 30 -18 0
-30 -62 58 0
-9 -31 -14 0
27 35 -49 0
50 28 -40 0
30 38 24 0
-15 48 -24 0
-23 15 -22 0
5 -59 23 0
-10 9 50 0
-39 5 16 0
62 -35 -63 0
-51 -14 5 0
28 -44 14 0
-40 21 51 0
-26 -31 56 0
62 -27 -16 0
-40 -51 -41 0
-32 26 -28 0
-28 2 -30 0
55 10 -5 0
-21 -41 52 0
-4 -3 -21 0
-29 -38 31 0
-42 62 -7 0
47 -33 43 0
61 14 -25 0
23 20 1 0
-42 52 -17 0
-65 -40 42 0
-27 16 -31 0
36 -3 -40 0
-59 15 -64 0
34 2 30 0
-42 40 -24 0
5 4 37 0
14 44 17 0
-13 -18 30 0
18 23 7 0
-51 32 14 0
35 -54 -31 0
37 -60 -9 0
-56 -41 16 0
60 59 -11 0
26 -30 -49 0
44 58 -55 0
31 -43 -54 0
50 -36 29 0
-37 -29 -9 0
31 -36 19 0
-3 -7 11 0
-1 62 -5 0
39 -38 -11 0
27 38 -31 0
-7 -30 62 0
-44 -37 -38 0
39 65 56 0
7 59 -47 0
7 -37 62 0
-21 22 -23 0
-13 16 39 0
46 55 13 0
-55 -25 4 0
-63 21 -13 0
11 -64 33 0
-55 -63 -60 0
-17 8 43 0
-9 -58 -18 0
45 2 38 0
7 -19 24 0
10 -49 -33 0
-43 55 -53 0
-54 38 59 0
-1 37 -40 0
38 11 37 0
31 2 46 0
58 -34 35 0
62 -40 29 0
2 -59 -56 0
31 -22 -9 0
-8 15 50 0
53 32 17 0
-30 -18 -16 0
59 31 -6 0
-18 38 -56 0
-5 14 27 0
-31 42 57 0
-6 -15 28 0
-17 35 -3 0
41 -45 31 0
22 -59 60 0
-45 -57 56 0
-14 -40 -19 0
-50 22 -8 0
37 -60 -41 0
39 -24 -61 0
38 1 -58 0
-65 -60 -64 0
6 11 -63 0
46 60 -38 0
-52 48 49 0
-61 -6 -20 0
-53 -57 -49 0
-54 -17 -28 0
9 -8 31 0
-3 -58 -55 0
17 19 60 0
-43 48 -34 0
61 -11 -44 0
-58 20 -8 0
