p 98 417
-63 4 -70 0
-79 72 90 0
64 -83 -38 0
11 -23 -65 0
49 -66 -59 0
54 69 21 0
10 -6 -43 0
-27 87 21 0
52 6 -76 0
3 -49 -97 0
-50 73 -78 0
8 9 30 0
-74 92 -20 0
51 64 -49 0
-28 65 81 0
-29 95 -81 0
84 19 -23 0
34 -31 -38 0
28 35 57 0
-67 -42 36 0
20 43 88 0
88 -64 -3 0
47 20 13 0
14 -38 71 0
42 -20 -13 0
62 32 -21 0
21 -38 -22 0
56 23 -77 0
-59 7 26 0
-90 -22 54 0
-64 -37 -82 0
16 20 19 0
79 42 -75 0
4 39 71 0
-57 2 -80 0
-97 58 23 0
-12 -26 66 0
-22 53 71 0
25 -75 -5 0
52 55 94 0
40 76 -32 0
48 -94 -46 0
90 -80 -39 0
57 -72 -13 0
-92 -52 -29 0
68 75 -67 0
61 -9 45 0
-23 62 -86 0
89 -23 -55 0
9 -80 39 0
65 15 63 0
7 -11 90 0
-28 -26 -63 0
68 66 -87 0
-42 32 76 0
-7 -57 90 0
55 53 -82 0
-3 50 -46 0
14 44 77 0
-27 22 50 0
-95 90 -6 0
-6 9 -62 0
89 76 33 0
74 43 9 0
94 -4 1 0
61 -33 -29 0
-13 47 78 0
60 -88 -83 0
-93 -97 14 0
33 -74 83 0
39 -91 -31 0
-20 -6 77 0
-7 -8 -52 0
52 64 -18 0
67 -38 9 0
-75 58 -60 0
-55 -22 26 0
-19 26 -79 0
57 30 -28 0
-56 -64 85 0
-42 -41 25 0
-19 31 -36 0
-89 -73 39 0
15 -8 19 0
-51 -58 -47 0
-14 -98 -7 0
55 -34 -20 0
-18 -74 52 0
-63 39 97 0
-23 -27 84 0
81 9 -35 0
24 -72 -11 0
-40 -55 -30 0
-73 -93 46 0
34 -30 -9 0
74 -21 -76 0
9 61 62 0
37 -86 26 0
56 -6 36 0
1 84 -40 0
84 96 12 0
95 -58 63 0
-77 41 33 0
-1 -36 -84 0
74 -32 12 0
82 78 75 0
48 71 -38 0
-33 -6 -92 0
-91 1 -42 0
33 -36 -65 0
50 40 58 0
-79 21 -94 0
39 -23 93 0
-27 94 -16 0
41 92 81 0
43 -29 -20 0
21 -33 95 0
48 81 30 0
52 -2 -38 0
97 -31 -35 0
-89 -35 -64 0
30 98 -3 0
-74 22 71 0
-95 42 46 0
87 37 -92 0
1 80 96 0
59 18 -92 0
76 48 28 0
-58 50 -51 0
72 -88 30 0
12 26 -78 0
-74 19 63 0
-58 -22 -91 0
57 27 87 0
-96 -15 -80 0
69 27 17 0
-21 82 -75 0
2 39 8 0
-53 43 -36 0
63 -29 -34 0
59 14 7 0
-98 -85 88 0
53 -85 26 0
-51 -78 -63 0
89 -48 -40 0
85 -69 7 0
73 13 77 0
-74 28 56 0
76 28 23 0
-77 -67 64 0
-1 -48 -96 0
44 65 -21 0
58 39 -16 0
49 -86 51 0
-8 92 -95 0
-85 68 1 0
-48 -36 78 0
86 25 -60 0
-64 62 74 0
-40 -74 -36 0
-7 88 94 0
48 -21 92 0
20 -1 51 0
-15 21 -55 0
-85 -34 78 0
-85 -84 -82 0
56 -36 15 0
-90 -69 -92 0
-29 96 -27 0
-31 -5 -43 0
-11 -22 30 0
-87 -21 23 0
28 60 40 0
-13 28 -57 0
-57 55 -48 0
8 -53 97 0
-57 -18 34 0
5 -58 88 0
39 -22 -6 0
-4 62 49 0
-40 76 -29 0
-87 75 -97 0
-37 -93 11 0
64 -32 16 0
-62 -12 80 0
18 -52 85 0
-31 -6 -22 0
-24 32 -72 0
-63 -41 -42 0
-10 -91 -75 0
42 23 4 0
32 -22 -33 0
30 -63 77 0
83 18 -61 0
-13 -48 12 0
12 79 -37 0
70 -33 50 0
-6 92 -57 0
-45 32 -58 0
-70 33 -40 0
-65 -64 28 0
-82 86 98 0
-80 75 59 0
-88 -81 -31 0
-90 84 53 0
-69 96 89 0
-19 67 -5 0
-88 -43 -47 0
11 -64 -6 0
-67 4 56 0
47 11 -50 0
66 -32 19 0
84 21 -2 0
98 -55 -40 0
-4 -42 54 0
-7 4 56 0
-19 -74 1 0
-34 -58 -25 0
-36 94 84 0
-83 -38 47 0
-50 -15 7 0
-66 -42 38 0
9 62 89 0
44 -6 25 0
-18 28 -42 0
-50 5 -25 0
-70 -7 -82 0
81 -54 19 0
-15 -95 -9 0
63 20 -62 0
-81 -57 -39 0
52 -56 89 0
-65 -45 78 0
10 69 56 0
60 -4 -8 0
-31 92 -13 0
-15 44 35 0
-70 -71 37 0
65 -17 -81 0
-71 68 -7 0
80 -52 28 0
-56 -19 -90 0
-65 -36 20 0
-23 -47 76 0
27 92 57 0
16 98 -2 0
90 64 71 0
-23 38 20 0
40 -6 41 0
59 -36 38 0
22 -5 46 0
29 39 72 0
-13 88 20 0
-51 2 -74 0
98 -2 -22 0
-40 -76 86 0
60 -51 72 0
18 25 -4 0
-88 76 80 0
-47 -87 -8 0
35 -94 30 0
-41 -14 -27 0
-40 93 -8 0
74 -70 75 0
35 -25 97 0
-25 -90 37 0
14 -73 38 0
13 -81 41 0
-49 53 -98 0
-27 48 -62 0
94 -24 20 0
-60 64 -27 0
75 83 44 0
-10 -17 -8 0
-49 81 -37 0
58 -73 86 0
-38 86 37 0
14 13 -93 0
39 13 49 0
-41 47 -82 0
-8 -86 14 0
-3 85 36 0
71 40 44 0
44 9 15 0
81 24 27 0
-98 -7 -95 0
60 -11 71 0
19 -23 -1 0
-63 -76 95 0
45 37 16 0
69 -58 35 0
-38 11 48 0
-12 -30 -31 0
79 50 21 0
33 74 87 0
-65 -83 -29 0
34 14 -75 0
90 -77 -60 0
57 -31 -50 0
-69 -92 -30 0
58 -55 98 0
32 86 9 0
-95 32 -2 0
20 -24 55 0
33 62 -45 0
98 -86 93 0
-65 -17 -63 0
-39 5 -87 0
-68 -84 -21 0
93 33 17 0
-89 -45 27 0
-18 -47 -92 0
-23 94 -35 0
20 -68 58 0
6 -28 19 0
-56 -84 -47 0
-1 60 3 0
7 -94 -77 0
53 -76 78 0
52 -95 3 0
-17 -22 93 0
-59 26 83 0
29 -8 78 0
88 75 38 0
-30 -71 35 0
-63 -10 15 0
-50 10 -92 0
-71 63 91 0
-76 -81 52 0
19 -80 22 0
63 -52 22 0
-71 70 -95 0
3 69 40 0
75 -49 -88 0
-35 8 19 0
42 17 -22 0
19 -53 -73 0
20 77 14 0
67 -9 -84 0
2 75 89 0
94 -50 -74 0
-74 -29 -15 0
-61 -75 59 0
46 -77 -14 0
86 -98 84 0
91 -97 -4 0
-14 61 -36 0
72 40 -53 0
31 4 14 0
43 -48 56 0
60 18 -1 0
84 -3 -91 0
-53 -32 -79 0
93 -67 -32 0
27 -51 -68 0
93 -57 -40 0
65 81 -30 0
31 -78 -52 0
-55 93 91 0
-16 43 -28 0
94 -89 65 0
46 -1 -84 0
-7 88 57 0
-21 95 1 0
-34 28 12 0
-16 61 -26 0
98 10 21 0
70 -30 -64 0
-10 -69 -8 0
47 53 -88 0
-2 48 -85 0
-10 -89 -8 0
-17 74 -28 0
29 42 -31 0
98 -7 -93 0
18 54 53 0
-60 31 38 0
-47 -67 31 0
40 10 -27 0
34 -75 64 0
-63 -68 -20 0
-93 -26 -19 0
42 22 83 0
35 58 -49 0
72 -83 -45 0
51 -18 20 0
91 -62 -13 0
-34 41 7 0
-69 -4 -65 0
-11 6 -30 0
98 -13 -68 0
31 30 -91 0
-76 -20 55 0
4 66 -17 0
-63 8 -89 0
39 -20 -5 0
47 4 -20 0
-21 -93 -66 0
70 -87 -29 0
-15 -88 -21 0
2 57 -87 0
-93 -64 -35 0
-41 -63 -29 0
41 -34 -57 0
-71 -44 -17 0
-96 -52 42 0
43 -60 -26 0
-78 66 -36 0
-53 94 -20 0
75 83 -46 0
9 71 22 0
77 -65 1 0
53 -23 71 0
45 49 -78 0
-97 -72 59 0
-8 14 -72 0
68 61 -57 0
