p 13 55
2 -9 13 0
4 8 -12 0
3 13 -11 0
2 -6 9 0
-1 -3 2 0
7 -13 8 0
-10 1 13 0
13 -12 6 0
1 -11 3 0
1 13 -3 0
-4 -8 7 0
13 -7 -3 0
-6 -8 -12 0
9 2 -11 0
-8 -4 -10 0
7 -9 13 0
-4 5 -7 0
-5 7 -13 0
-5 9 4 0
-7 6 -3 0
-12 7 2 0
-13 -4 6 0
9 8 -13 0
10 -6 3 0
2 11 4 0
10 13 7 0
-1 -6 12 0
-2 3 10 0
-4 1 2 0
11 -5 7 0
6 -11 -12 0
5 11 3 0
-12 -6 -5 0
-4 -3 8 0
-8 -4 -2 0
-9 6 3 0
6 3 -12 0
1 13 -9 0
-9 2 -5 0
2 8 -12 0
-2 -12 -10 0
-2 7 13 0
4 2 -1 0
2 -3 12 0
-5 13 8 0
13 -1 6 0
2 3 -9 0
-6 -1 8 0
6 1 -7 0
-10 -1 -7 0
4 -13 12 0
-9 3 -1 0
11 -5 12 0
10 -12 -2 0
-11 -12 -3 0
