p 65 276
45 -64 48 0
20 -57 -65 0
-7 11 58 0
-63 2 -48 0
42 21 -29 0
52 30 36 0
-37 13 6 0
27 -33 -26 0
-31 -20 -5 0
-38 -43 24 0
4 42 50 0
21 -40 52 0
-40 -43 51 0
-10 -54 -40 0
-61 -18 19 0
15 -42 33 0
-61 -49 1 0
-8 50 -1 0
14 25 -27 0
-22 -60 -11 0
-55 -36 -5 0
-43 25 53 0
46 -64 -1 0
49 -43 55 0
-50 -48 47 0
-49 -14 61 0
-53 -5 51 0
46 5 35 0
6 64 -46 0
31 5 62 0
-44 15 24 0
35 61 -43 0
60 6 10 0
-40 17 -4 0
-6 -23 13 0
26 8 -4 0
-54 -48 20 0
-59 38 -44 0
53 -24 -14 0
55 -27 53 0
-55 -22 62 0
-26 33 45 0
-48 -61 -53 0
-13 -1 -18 0
51 -54 38 0
37 60 44 0
-12 46 -8 0
51 -21 32 0
-61 -62 21 0
35 5 -21 0
-31 -30 37 0
16 21 4 0
-29 -64 56 0
51 49 16 0
62 -11 -26 0
-5 27 12 0
62 61 27 0
20 23 29 0
23 -57 -48 0
-9 -16 -53 0
-24 -45 53 0
-14 -26 48 0
-52 14 33 0
13 42 -25 0
23 9 -22 0
-1 -46 -59 0
-35 10 41 0
-38 -29 16 0
-15 59 -42 0
15 46 25 0
44 5 29 0
-37 -25 -17 0
-51 4 -14 0
-39 -43 -60 0
2 35 -14 0
-35 -6 32 0
-22 3 5 0
45 43 6 0
-1 -33 -20 0
45 -48 -19 0
-40 50 -17 0
25 -39 -40 0
-5 25 -3 0
33 -49 -59 0
21 22 65 0
57 27 -16 0
65 47 32 0
20 51 -9 0
28 57 -1 0
36 -63 40 0
46 -62 59 0
6 -36 61 0
27 46 -45 0
-50 62 24 0
5 -9 -10 0
27 54 9 0
18 16 -15 0
1 51 57 0
-28 31 27 0
49 9 5 0
-8 56 9 0
21 14 -49 0
-19 -52 -38 0
28 -45 17 0
-65 57 -3 0
-54 -5 -53 0
-52 2 40 0
37 22 42 0
23 -16 -1 0
36 29 -10 0
16 31 -18 0
49 -37 45 0
-56 53 59 0
6 -16 -17 0
42 -13 -57 0
64 -17 47 0
-23 61 33 0
48 -42 -35 0
-9 21 58 0
-33 59 -51 0
43 -52 -2 0
28 -13 54 0
40 -35 50 0
15 63 19 0
-13 -23 -14 0
-28 41 37 0
-50 -26 58 0
47 -11 -64 0
-58 9 -28 0
63 9 40 0
-19 -42 -30 0
36 -17 -1 0
-8 49 31 0
-18 32 30 0
-55 47 -42 0
11 -12 -28 0
-63 -56 14 0
51 -38 20 0
-64 -36 -2 0
-48 -60 -38 0
-19 -15 64 0
52 55 48 0
-33 62 36 0
23 36 -63 0
31 22 -39 0
-16 -35 40 0
-49 -45 -27 0
-7 8 12 0
-20 59 -63 0
14 -18 20 0
39 53 7 0
-38 -27 -42 0
6 -37 54 0
6 7 8 0
-54 -27 -53 0
57 24 28 0
-28 21 -47 0
43 -2 -35 0
-50 9 26 0
57 -46 25 0
-13 44 -23 0
11 -33 -18 0
-40 1 -17 0
-29 17 -31 0
34 -41 -5 0
12 27 46 0
59 9 -30 0
-20 47 -10 0
7 36 -17 0
11 1 38 0
-65 -55 -37 0
60 9 35 0
64 61 -11 0
63 22 25 0
-50 -36 -64 0
33 59 -15 0
-29 55 5 0
-49 42 -46 0
-32 24 60 0
64 34 -26 0
-34 -33 28 0
43 -15 -27 0
-47 -14 -32 0
-52 -1 -30 0
26 22 -28 0
-49 58 -51 0
50 -53 4 0
51 -29 5 0
-62 -42 -45 0
-41 53 -25 0
26 61 21 0
59 -1 -56 0
-63 -8 -2 0
-11 -1 23 0
10 26 -56 0
49 43 37 0
-27 -14 26 0
53 -24 -7 0
-62 -9 49 0
41 -51 24 0
-35 62 30 0
39 -61 -35 0
-26 4 -61 0
54 -52 51 0
52 -34 -19 0
-53 -6 -3 0
-61 -36 38 0
-18 -28 -20 0
6 -49 2 0
56 -63 15 0
57 48 5 0
12 55 23 0
23 -9 30 0
14 -1 3 0
-57 -23 45 0
15 33 -59 0
42 -29 -53 0
-30 -3 49 0
-15 36 57 0
-7 47 -32 0
25 4 10 0
27 -53 44 0
-14 -47 -55 0
-9 32 -10 0
-19 58 -52 0
36 46 13 0
41 -1 59 0
22 -47 -26 0
-13 56 -65 0
10 -21 -53 0
-62 -52 -8 0
43 46 18 0
44 -14 7 0
-65 8 -29 0
46 -3 32 0
-25 42 -15 0
-26 -6 25 0
46 54 25 0
57 -26 -29 0
-13 -47 18 0
-53 19 -23 0
-57 43 -12 0
-34 -59 -53 0
-36 60 6 0
-52 8 -14 0
29 -14 -3 0
-23 52 -9 0
-42 35 30 0
-8 21 -5 0
-55 -28 29 0
-48 49 8 0
-17 4 48 0
54 26 41 0
-32 27 -6 0
-28 -15 26 0
57 -17 19 0
-22 -42 4 0
-58 9 -20 0
-29 -58 41 0
-46 47 52 0
18 -56 -58 0
-35 -27 53 0
65 40 18 0
13 -21 -35 0
57 28 -19 0
58 -42 -48 0
23 13 64 0
-33 -34 -6 0
7 11 9 0
-33 -28 -14 0
15 -44 -63 0
13 -10 -32 0
33 18 17 0
-51 -43 28 0
60 -8 -40 0
32 23 -19 0
