p 41 174
8 4 -6 0
37 30 -16 0
-29 -38 -11 0
28 19 10 0
22 29 -25 0
-40 -1 14 0
-10 -4 3 0
-20 -7 -16 0
26 24 -37 0
28 -29 23 0
-28 -25 15 0
-36 19 -20 0
-20 15 -34 0
-15 -18 -8 0
-34 27 37 0
-21 15 -24 0
20 -32 19 0
10 22 37 0
-8 16 -23 0
-30 -18 35 0
3 -34 11 0
-30 39 36 0
-39 -10 37 0
-6 -18 5 0
33 30 -27 0
22 -6 25 0
-3 40 33 0
-19 -15 24 0
18 -9 -12 0
-25 -17 21 0
-21 -22 -26 0
18 -36 -13 0
10 -11 -40 0
17 38 12 0
-35 -17 37 0
-35 -16 19 0
26 10 17 0
-26 40 15 0
9 20 13 0
-31 2 29 0
13 -22 34 0
19 -12 30 0
22 11 4 0
6 -18 -8 0
31 22 4 0
-13 -11 -9 0
37 8 -35 0
10 1 39 0
1 -14 -8 0
-8 20 13 0
5 -24 7 0
-28 41 13 0
25 9 -24 0
14 30 27 0
40 -27 -14 0
-31 -29 13 0
31 21 -33 0
-25 -22 -5 0
-21 -39 1 0
13 -4 31 0
27 -12 29 0
-21 5 -12 0
-26 21 40 0
-25 -40 -39 0
18 26 39 0
-27 4 -8 0
-17 3 -39 0
-22 -27 14 0
3 -6 -27 0
-16 -19 -5 0
-23 41 6 0
-33 -8 -27 0
-23 27 -17 0
-37 -23 -31 0
28 19 39 0
-6 -23 -16 0
-21 -18 -13 0
13 -12 7 0
-18 -29 -14 0
2 -37 32 0
22 24 41 0
17 22 36 0
8 -22 -7 0
31 41 -15 0
-22 23 -27 0
-5 -19 -8 0
-18 26 13 0
36 15 -26 0
-10 16 26 0
5 4 -18 0
-33 18 38 0
-32 -9 34 0
30 22 4 0
-27 19 32 0
16 24 21 0
13 -22 37 0
-4 -23 -19 0
-6 -10 -35 0
37 -23 3 0
35 19 28 0
-36 -37 -24 0
-38 32 -11 0
38 33 -23 0
-40 -23 -30 0
-10 -11 -33 0
41 26 29 0
-40 6 26 0
-18 -17 1 0
27 -37 6 0
6 -28 -26 0
6 13 -35 0
-35 -37 18 0
-33 40 26 0
24 -10 -2 0
-19 3 39 0
-34 -9 22 0
-37 20 -38 0
25 -39 16 0
-23 -1 20 0
-29 -8 5 0
24 13 -30 0
-19 -5 3 0
-25 1 36 0
-19 8 -20 0
10 21 -29 0
-20 -24 21 0
26 -13 -2 0
32 -1 15 0
41 16 -32 0
-7 -22 32 0
28 11 -4 0
-9 -1 4 0
-10 13 -5 0
30 -1 -6 0
6 7 29 0
19 -1 -41 0
-20 16 -41 0
3 -28 -20 0
35 -29 19 0
4 38 41 0
-14 29 -30 0
-8 24 -5 0
29 -5 -33 0
39 24 -27 0
-27 -23 12 0
-1 34 38 0
28 -20 -19 0
27 33 38 0
-14 -38 31 0
-14 -10 32 0
34 -17 38 0
24 -25 -31 0
-35 10 -12 0
19 -41 22 0
7 19 2 0
-25 13 40 0
22 -16 34 0
-39 15 -8 0
38 7 -15 0
-36 8 15 0
-28 -7 -3 0
5 -21 -28 0
-38 -17 19 0
-36 35 -4 0
5 32 31 0
18 6 29 0
-18 19 -22 0
13 11 16 0
-37 -21 26 0
-9 -20 -6 0
39 22 19 0
36 -38 -6 0
35 -9 -3 0
-10 35 -14 0
