p 51 217
47 -7 -46 0
24 -42 34 0
11 49 9 0
29 -16 35 0
-40 -30 -3 0
7 39 -15 0
17 -9 37 0
30 -41 -23 0
-14 4 -36 0
-36 13 4 0
35 -17 50 0
-36 38 -17 0
12 21 -7 0
-13 4 32 0
11 -34 -3 0
-16 2 26 0
-51 16 -40 0
30 -49 45 0
-32 31 -42 0
-14 -22 31 0
-48 36 -39 0
-51 -22 34 0
-10 -45 34 0
24 -31 -35 0
-13 -48 -17 0
-5 -35 34 0
20 -1 40 0
16 44 39 0
12 48 22 0
2 27 -36 0
19 6 45 0
-15 21 -47 0
39 2 17 0
50 -5 -12 0
-27 -1 -31 0
51 49 -29 0
18 -24 -37 0
6 31 -13 0
23 -2 -30 0
4 -5 34 0
-50 -46 3 0
-30 -32 47 0
-50 22 -3 0
-37 38 -4 0
31 11 35 0
-43 25 -14 0
43 -26 -24 0
-3 51 -17 0
-29 46 45 0
-39 -5 32 0
44 42 45 0
-49 -32 -23 0
37 -17 27 0
-20 -40 -38 0
-33 -30 -26 0
31 45 -32 0
-12 26 17 0
-39 28 49 0
22 -6 13 0
-31 33 2 0
23 -47 12 0
26 -38 46 0
13 3 -43 0
28 14 45 0
31 22 -46 0
44 6 39 0
-8 -48 27 0
37 -40 -26 0
-18 -16 14 0
-44 8 -11 0
-49 23 -9 0
-42 38 -26 0
17 -39 -36 0
23 -31 -37 0
17 37 4 0
1 -16 -25 0
-26 -22 50 0
5 40 -48 0
-45 -20 -2 0
-32 10 6 0
-27 -39 -20 0
21 6 -48 0
15 -41 48 0
23 12 37 0
38 27 -50 0
-20 27 21 0
23 -47 -31 0
-3 -37 -7 0
-43 -40 -34 0
36 9 30 0
12 -43 -3 0
-9 45 -29 0
3 -2 34 0
-11 -36 -26 0
-5 28 24 0
11 -1 -8 0
-46 49 11 0
-1 7 -25 0
-28 50 30 0
-49 29 14 0
-3 -1 7 0
-30 -18 -4 0
-50 -19 37 0
38 -49 17 0
-6 2 -37 0
-33 28 -30 0
21 31 49 0
-47 -21 -46 0
43 35 5 0
-43 -26 -10 0
20 -7 27 0
48 43 14 0
-14 -3 -40 0
-8 2 23 0
15 7 -29 0
20 19 -35 0
-4 5 37 0
-35 17 -3 0
30 -17 -6 0
12 11 -41 0
51 48 -14 0
8 25 -17 0
-7 24 33 0
-13 6 16 0
-14 46 -34 0
-43 -22 39 0
-50 -25 -6 0
35 10 -18 0
48 7 -44 0
-6 -35 7 0
-21 17 -38 0
6 48 50 0
-8 32 46 0
-29 -24 -12 0
-4 -12 -32 0
-1 44 -42 0
-5 36 -2 0
-26 -10 -13 0
1 36 6 0
-20 -15 -27 0
30 -23 -12 0
-34 -5 9 0
13 32 -7 0
47 14 24 0
-2 49 -19 0
3 -25 -34 0
47 14 4 0
1 -33 34 0
25 -44 43 0
-16 -18 38 0
-22 7 36 0
31 -14 30 0
-7 15 -31 0
44 -29 -8 0
18 21 42 0
6 -31 30 0
41 25 28 0
-23 -35 27 0
26 -38 -28 0
-37 -16 45 0
-45 -19 46 0
-25 -5 33 0
-30 3 -29 0
-34 10 -43 0
11 50 -23 0
18 46 -6 0
38 23 -42 0
40 -19 39 0
-45 4 -26 0
-10 39 43 0
51 -12 -8 0
-18 -5 -24 0
-42 5 12 0
29 31 -4 0
19 -32 44 0
13 45 -38 0
18 3 16 0
-39 42 -13 0
-29 30 45 0
38 -47 -20 0
15 18 -41 0
32 48 -11 0
-38 -12 40 0
1 25 -9 0
33 -16 -3 0
17 -50 25 0
-17 33 -50 0
-21 -7 -35 0
-34 7 38 0
9 -48 25 0
1 -17 -9 0
-13 -25 18 0
-7 51 21 0
11 -13 -47 0
49 11 -45 0
-21 -13 24 0
-42 -39 37 0
-40 -33 -44 0
12 22 -44 0
23 -32 -2 0
31 -25 10 0
-42 7 -25 0
34 -40 -26 0
-22 -34 -17 0
-35 51 50 0
-20 29 -33 0
-30 -3 -31 0
9 39 47 0
5 4 46 0
-46 41 21 0
40 34 -42 0
-15 -49 -50 0
23 25 -2 0
-2 33 22 0
16 -28 26 0
-26 46 49 0
-9 11 -4 0
