p 51 217
-42 -33 21 0
-11 -21 29 0
48 -47 -19 0
42 19 -30 0
29 12 -6 0
7 -14 26 0
4 43 -30 0
35 33 -22 0
37 38 16 0
38 3 -14 0
-33 24 -42 0
43 10 47 0
39 -15 -20 0
-31 47 35 0
-10 -30 4 0
50 -20 -7 0
51 34 -25 0
-50 -12 -35 0
-44 20 -15 0
18 -30 45 0
-43 -49 -30 0
3 41 -12 0
-6 46 49 0
-10 37 27 0
-31 15 18 0
-28 32 5 0
1 -41 -22 0
-40 -39 38 0
-26 6 -21 0
6 -46 20 0
21 -51 11 0
34 -45 -46 0
-45 9 -11 0
-45 -36 2 0
13 21 -5 0
-42 -19 18 0
6 -37 -15 0
26 -44 34 0
-41 -43 21 0
-28 48 -37 0
3 -15 40 0
-31 35 -41 0
17 21 5 0
-18 -42 -47 0
46 -43 -30 0
-2 -46 39 0
-12 -15 -47 0
12 -6 -19 0
-32 50 3 0
-8 9 6 0
15 39 -13 0
30 5 -42 0
21 38 -13 0
46 -5 36 0
41 -16 29 0
-20 28 -48 0
3 -28 13 0
-45 -22 24 0
43 -36 -10 0
-4 -20 -32 0
9 -3 -43 0
-22 -6 45 0
-20 34 -48 0
16 -47 -34 0
1 9 -39 0
-3 -51 -26 0
32 40 29 0
30 12 21 0
-33 9 -12 0
24 5 3 0
-1 11 -22 0
-12 32 -47 0
-2 -40 -42 0
-20 19 34 0
13 -47 -48 0
-39 47 28 0
16 38 -51 0
10 31 29 0
14 -46 -18 0
25 5 38 0
8 9 -12 0
3 19 -11 0
6 -26 -31 0
21 3 -13 0
-32 -16 48 0
-27 -12 -31 0
-16 8 51 0
-8 2 24 0
-38 27 -30 0
10 -14 -29 0
14 47 4 0
-37 -42 -27 0
-24 12 -30 0
1 24 4 0
44 22 33 0
-25 -47 30 0
-6 50 -27 0
2 -40 -13 0
23 5 11 0
46 -3 -27 0
38 -25 50 0
12 49 -19 0
-4 -38 7 0
16 -23 39 0
-19 -39 -11 0
-4 11 7 0
48 -40 44 0
43 39 -24 0
-1 -7 22 0
17 27 -6 0
-12 31 -16 0
13 -2 32 0
47 -38 -12 0
-36 -43 -16 0
43 37 40 0
31 -43 2 0
-12 -20 -19 0
6 -48 12 0
35 34 20 0
20 -5 -37 0
12 9 -8 0
7 -30 -31 0
23 -22 8 0
21 18 -42 0
-5 -26 3 0
17 -30 49 0
-47 -26 10 0
-30 40 41 0
-30 -24 32 0
-43 29 -40 0
16 22 -44 0
-39 11 -26 0
-29 30 14 0
-50 -9 26 0
-45 -51 43 0
5 22 20 0
-33 -17 -18 0
-14 -41 36 0
-32 -48 18 0
-21 -41 -43 0
-1 -27 -30 0
22 10 -12 0
-13 43 17 0
-6 33 -1 0
40 -49 14 0
37 9 -25 0
13 45 -42 0
46 15 -3 0
-24 44 17 0
-9 -50 -27 0
20 -2 4 0
21 31 34 0
-7 39 -14 0
-48 7 -12 0
-10 43 -48 0
-30 -12 -4 0
-49 37 29 0
9 -27 50 0
-34 -5 -6 0
30 18 -51 0
9 -4 41 0
50 -15 -9 0
-15 6 18 0
23 11 8 0
31 27 45 0
51 -25 48 0
25 -8 17 0
30 36 -3 0
48 -4 -8 0
-26 -33 32 0
-43 -47 35 0
-18 -1 -48 0
33 -51 -31 0
-31 -42 -43 0
-29 12 -18 0
21 27 43 0
24 -2 -28 0
17 38 12 0
10 -30 -26 0
-20 13 -19 0
-31 22 -21 0
39 -51 8 0
22 -44 -30 0
-19 -43 28 0
16 8 -23 0
16 -2 -24 0
-40 -28 33 0
-37 -13 19 0
33 -47 -14 0
-8 14 -50 0
30 1 -38 0
-3 -27 -4 0
51 36 -49 0
-23 -10 42 0
30 31 2 0
-46 -15 12 0
30 -44 -22 0
-33 -38 6 0
50 24 -27 0
-30 4 -11 0
30 -7 28 0
36 -31 47 0
32 22 -50 0
-1 25 -4 0
-6 19 -45 0
22 -34 -38 0
-6 -9 -30 0
14 -36 -37 0
-10 -39 19 0
51 -3 6 0
51 -25 -43 0
-21 2 -20 0
38 -24 18 0
-22 -25 28 0
-37 19 34 0
9 -14 -21 0
7 -11 24 0
