p 95 404
4 47 -57 0
21 31 -90 0
10 29 17 0
-73 28 -9 0
55 -12 -1 0
33 -18 16 0
19 -6 64 0
65 -30 -53 0
13 95 -74 0
-61 24 -95 0
28 50 -59 0
70 -7 -63 0
-74 35 -22 0
83 27 80 0
-10 -45 -44 0
85 -66 -90 0
36 6 71 0
55 -56 79 0
-14 -89 -32 0
37 24 -57 0
8 84 -24 0
79 -14 87 0
62 40 49 0
41 -43 -53 0
-45 82 37 0
88 -43 -86 0
25 67 28 0
86 42 -22 0
-10 -80 -32 0
18 -3 84 0
-38 -17 82 0
94 66 90 0
-45 12 -59 0
59 82 65 0
-34 94 48 0
49 -95 31 0
-30 -68 38 0
-25 -45 -89 0
26 4 -44 0
1 46 51 0
-10 47 72 0
41 -42 -78 0
44 -17 8 0
-52 90 44 0
-69 -94 -70 0
6 14 -69 0
-4 -47 10 0
-12 -8 -59 0
-72 42 -81 0
14 -57 -75 0
70 -24 92 0
55 -81 -9 0
15 -41 80 0
-31 65 -17 0
10 -55 -50 0
32 -43 89 0
-11 90 42 0
-53 -38 -8 0
-39 -44 90 0
-79 -50 57 0
21 -82 59 0
20 1 -32 0
42 -75 26 0
-64 87 61 0
62 -31 -16 0
-53 -57 -52 0
65 -90 -39 0
13 91 8 0
-54 6 -55 0
69 27 -74 0
69 63 -86 0
37 87 -6 0
60 15 75 0
-53 55 19 0
41 74 -23 0
34 94 41 0
-4 77 57 0
-83 42 87 0
48 18 -92 0
-38 -42 87 0
-78 44 33 0
70 91 78 0
6 64 -53 0
9 37 -46 0
-19 -52 -10 0
29 -84 66 0
80 -61 -10 0
-41 3 -46 0
14 11 19 0
-38 4 17 0
-54 82 43 0
-49 17 41 0
-56 -51 87 0
26 47 -14 0
-72 -67 21 0
-44 67 56 0
24 66 63 0
-60 49 43 0
32 51 71 0
-36 -84 -35 0
-86 -18 62 0
23 95 13 0
69 -45 5 0
34 31 24 0
-58 42 -20 0
-52 -20 -91 0
64 76 69 0
46 -81 59 0
-8 61 -66 0
-90 -14 -6 0
-54 -30 -32 0
20 -19 -61 0
-11 5 -2 0
-35 -13 -73 0
10 -71 46 0
26 69 17 0
-17 22 31 0
-89 71 26 0
3 -34 68 0
-7 -41 71 0
22 -72 34 0
-38 73 41 0
21 -80 -88 0
-4 31 44 0
70 -2 -40 0
60 -92 -5 0
-49 34 -58 0
-37 -52 -78 0
37 -8 -31 0
-7 24 17 0
-23 -51 -58 0
-73 9 -93 0
-85 -40 -41 0
81 -62 34 0
-94 -44 36 0
-50 91 7 0
-14 -15 94 0
45 -65 -51 0
-18 55 -73 0
4 46 -6 0
89 -78 -74 0
-9 -46 -17 0
-6 15 -95 0
62 5 12 0
-12 -55 53 0
51 94 56 0
19 55 9 0
-88 46 -19 0
-64 -60 57 0
-62 -36 44 0
-44 -9 46 0
43 50 27 0
9 61 -76 0
-51 -11 -19 0
-91 -22 -80 0
-91 -16 -39 0
62 3 -73 0
-36 32 20 0
-55 -29 41 0
-79 -14 56 0
-87 4 32 0
73 4 2 0
40 -48 41 0
74 -63 -44 0
-53 77 83 0
5 65 15 0
-26 -48 67 0
-6 1 32 0
-34 -1 -76 0
39 -9 22 0
-4 43 -80 0
14 -31 -44 0
61 -91 -77 0
-47 -54 -62 0
-42 -55 75 0
91 -51 -61 0
41 -73 45 0
73 67 68 0
73 -40 20 0
73 86 89 0
8 -84 -4 0
-15 76 17 0
89 -1 -71 0
-13 -22 57 0
-6 31 -50 0
-95 83 5 0
-21 -69 18 0
-88 34 14 0
-43 16 -7 0
63 71 67 0
-45 -42 -71 0
-78 74 23 0
-61 87 -64 0
95 94 -51 0
-86 -26 -17 0
69 -30 37 0
43 -95 18 0
55 -69 -21 0
-48 -85 66 0
-30 -57 -20 0
74 6 -40 0
36 23 -67 0
-8 90 -72 0
-29 69 -70 0
57 24 -83 0
76 -23 40 0
-83 77 -57 0
-18 -77 -85 0
-83 -9 -34 0
-45 -57 -76 0
25 -28 69 0
-95 -1 -49 0
-63 10 25 0
-75 69 -36 0
-12 -19 -87 0
-35 66 78 0
29 25 -34 0
-56 -37 -87 0
92 59 -41 0
-41 38 19 0
-3 4 -49 0
73 -68 57 0
89 -70 -69 0
-70 -78 74 0
-3 -78 -60 0
-45 83 -23 0
-37 -19 -35 0
29 2 -80 0
32 45 -82 0
82 85 -22 0
-72 54 -90 0
52 -64 -87 0
75 -52 68 0
28 6 -58 0
17 86 79 0
-78 43 -40 0
-30 38 94 0
-76 -11 19 0
55 53 -18 0
42 68 -20 0
-24 -88 -32 0
88 34 -69 0
22 -74 25 0
-63 -60 -71 0
-62 41 -5 0
65 -41 -23 0
-73 -45 50 0
-9 -34 -54 0
14 -41 6 0
-74 15 25 0
43 92 87 0
36 9 -95 0
-41 63 54 0
95 2 -5 0
65 -45 -50 0
54 -23 -92 0
-88 -27 8 0
-21 57 -90 0
-51 -72 19 0
-91 47 -46 0
-52 40 8 0
34 69 -35 0
-61 -46 -44 0
-70 75 -63 0
-44 55 54 0
27 25 -57 0
-6 94 36 0
-89 13 -77 0
19 10 -60 0
23 24 80 0
-90 64 -18 0
46 31 93 0
41 -2 -29 0
37 -61 79 0
-17 24 43 0
24 16 63 0
-86 45 24 0
53 1 -47 0
-31 42 -62 0
91 -55 19 0
54 -14 -88 0
81 21 59 0
48 -47 -33 0
-23 81 88 0
31 74 51 0
3 50 56 0
60 41 -45 0
89 -1 -76 0
94 11 33 0
11 86 82 0
33 -44 85 0
30 -42 -17 0
-72 53 -56 0
2 59 -69 0
-3 -6 8 0
-85 3 -75 0
74 -47 24 0
5 54 -45 0
79 92 -42 0
69 50 83 0
80 -54 -65 0
78 54 -2 0
-57 -48 -64 0
81 2 -37 0
27 -1 54 0
-57 -62 -78 0
-89 31 47 0
56 83 -17 0
-34 95 -23 0
41 -37 62 0
52 28 40 0
-8 -23 80 0
53 85 17 0
85 6 -41 0
-15 33 68 0
24 -77 -19 0
-12 50 35 0
19 47 -78 0
-26 77 35 0
-89 -49 34 0
43 60 23 0
43 -19 -64 0
18 -74 14 0
59 -54 -39 0
48 79 -18 0
2 -83 -60 0
-38 -30 12 0
-13 -52 -14 0
50 58 51 0
-54 -7 -32 0
-62 -23 -31 0
-57 -74 85 0
59 -60 -41 0
89 -77 -52 0
70 -37 -59 0
-15 -19 -10 0
-56 82 58 0
-77 45 -87 0
-66 -77 -31 0
-38 -80 -21 0
-69 -29 -92 0
40 -67 79 0
-93 44 80 0
-16 -60 -1 0
-35 67 63 0
-29 50 87 0
-17 -72 -13 0
9 -65 37 0
66 -9 -94 0
-89 -61 -32 0
-44 -46 -45 0
88 -38 -3 0
-36 11 90 0
-91 -41 4 0
67 83 -27 0
72 59 -50 0
82 8 -15 0
-9 24 62 0
17 65 -60 0
-12 67 90 0
-60 -9 -95 0
-3 -83 -7 0
73 -55 16 0
-5 -91 -44 0
70 71 -57 0
90 30 -51 0
-85 49 -23 0
-5 -90 -6 0
-30 -87 -32 0
68 31 -74 0
-93 19 20 0
77 88 18 0
20 33 -60 0
-77 76 -38 0
-47 12 -85 0
-35 51 -65 0
-21 -87 -79 0
-9 -53 -38 0
69 -40 57 0
-93 -11 -51 0
-18 -75 5 0
-64 -21 -55 0
-87 58 -22 0
56 17 -39 0
67 52 -91 0
-59 93 49 0
62 -61 -71 0
31 90 -11 0
89 -87 -85 0
73 -28 8 0
-87 -47 17 0
-89 -95 -66 0
50 7 30 0
65 -72 -11 0
52 -16 47 0
51 -3 25 0
38 -40 9 0
-37 10 22 0
19 -37 23 0
-39 -52 -86 0
-77 8 60 0
-93 -70 84 0
41 29 -9 0
-90 33 -83 0
