p 45 191
2 23 22 0
-11 -42 -41 0
31 1 -10 0
11 -15 10 0
-7 -1 -35 0
-20 6 -1 0
32 -26 -4 0
-10 -15 2 0
-6 -4 -28 0
11 17 -26 0
4 42 12 0
-3 -22 35 0
-35 12 -32 0
-25 -7 22 0
-25 -17 -1 0
2 34 30 0
-15 18 -14 0
33 -9 5 0
25 45 -17 0
18 37 -11 0
-22 7 -42 0
7 -44 30 0
12 -38 -36 0
45 27 21 0
25 27 30 0
10 38 -41 0
-35 -23 2 0
-3 29 -27 0
-44 -20 17 0
-10 -9 33 0
35 -15 19 0
4 -40 8 0
-11 44 -31 0
-34 1 -40 0
24 30 -44 0
3 10 6 0
-11 35 31 0
3 -4 -13 0
31 14 -42 0
-38 -4 25 0
40 36 -31 0
12 -37 -34 0
37 -7 23 0
-26 -44 33 0
-12 43 25 0
10 38 40 0
-29 17 27 0
-9 43 -10 0
-21 -44 1 0
2 -45 21 0
-18 -10 -31 0
-21 -18 -33 0
16 -24 10 0
-9 -30 -22 0
-21 -29 -40 0
19 -29 38 0
-43 -22 31 0
18 -16 34 0
10 -24 39 0
3 4 1 0
3 14 34 0
-27 -29 13 0
3 -22 -31 0
22 6 -10 0
-11 34 44 0
22 -36 -15 0
-39 -42 -27 0
-27 13 -34 0
-44 14 16 0
-20 -9 -24 0
37 14 34 0
-6 11 38 0
-26 -6 -34 0
-35 14 15 0
-26 -6 -39 0
35 -19 26 0
4 21 7 0
33 10 27 0
23 4 -35 0
-23 -4 -17 0
-39 -19 24 0
-44 23 -4 0
-24 -28 -4 0
16 29 41 0
-18 -16 31 0
-45 44 -35 0
-21 -8 14 0
37 -10 2 0
-26 40 38 0
-27 26 32 0
-30 -33 35 0
-12 8 -26 0
-29 20 -27 0
-30 29 -12 0
-41 -34 39 0
24 -7 -33 0
14 18 -22 0
-23 -15 14 0
32 4 -22 0
31 -7 29 0
25 41 21 0
-15 -24 25 0
-10 29 -18 0
-6 -41 21 0
-28 18 -6 0
-4 -23 5 0
21 -19 -33 0
-25 40 42 0
17 36 -10 0
16 -22 -37 0
44 -31 37 0
-31 -20 32 0
37 -26 4 0
26 8 -10 0
12 -29 -14 0
20 37 18 0
4 15 5 0
42 32 12 0
-34 19 -38 0
-25 -5 -18 0
8 -32 28 0
-20 7 -37 0
-29 -15 -13 0
33 -6 -29 0
-12 -18 17 0
16 39 -10 0
16 39 -42 0
44 24 -1 0
14 -29 -28 0
-8 18 -22 0
-25 19 -12 0
-43 -10 -12 0
-20 -30 16 0
31 5 40 0
-13 -44 -43 0
16 -27 11 0
-34 43 -45 0
-35 16 -38 0
35 44 23 0
-18 22 -3 0
26 -38 -1 0
-5 33 39 0
-20 -12 31 0
-10 -17 -38 0
34 -19 -40 0
30 -16 -43 0
12 18 -35 0
9 24 -13 0
1 26 -43 0
-22 -10 15 0
10 -41 -44 0
36 16 4 0
31 -41 -13 0
-38 -18 -45 0
-1 44 -16 0
42 27 -14 0
24 40 30 0
34 -39 -23 0
33 -5 -25 0
-14 -33 3 0
-42 -35 9 0
16 31 1 0
-39 16 -1 0
38 -2 44 0
7 -11 6 0
30 -21 -22 0
22 -17 16 0
-5 -14 16 0
-34 27 -44 0
4 23 -18 0
-42 -2 -24 0
38 5 1 0
1 -32 24 0
24 -1 42 0
24 -12 -19 0
-37 -20 43 0
20 30 -17 0
27 39 -37 0
-37 -6 8 0
-29 -36 -37 0
43 -20 -18 0
18 2 6 0
-23 20 29 0
-4 23 -9 0
-35 -20 -41 0
-30 29 22 0
-13 15 31 0
-15 -14 -23 0
10 -35 -19 0
-3 13 -18 0
22 11 -12 0
