p 16 68
-15 2 11 0
6 -11 -12 0
-8 -13 -11 0
-8 -6 -10 0
6 -15 3 0
14 -9 -3 0
16 11 -6 0
-14 7 15 0
-1 11 5 0
-14 7 11 0
7 -6 13 0
-7 -14 1 0
15 12 3 0
3 4 -2 0
-2 -14 -3 0
-3 -1 10 0
16 7 -9 0
-3 -7 11 0
15 3 11 0
-16 10 3 0
-16 -11 13 0
4 9 11 0
-5 6 -8 0
14 13 -9 0
-15 13 -8 0
4 13 -9 0
-7 -16 -5 0
15 -8 -10 0
14 -3 12 0
16 -3 2 0
9 -5 2 0
-12 -3 9 0
-7 -8 -14 0
-2 3 9 0
-7 2 15 0
-6 11 12 0
2 13 9 0
-7 5 -6 0
2 -11 5 0
-1 6 -16 0
-15 1 -8 0
-1 4 -5 0
-6 -11 12 0
3 -4 -15 0
3 1 -8 0
-10 5 -14 0
14 4 15 0
9 1 -12 0
-11 14 16 0
6 14 -13 0
-6 -12 10 0
-15 16 11 0
10 -3 -16 0
6 -9 -15 0
-1 -10 -3 0
12 13 9 0
3 -13 -11 0
10 12 -1 0
-1 -5 4 0
-2 -5 13 0
9 -15 12 0
-16 -15 10 0
-16 -1 -11 0
-9 -14 1 0
-12 -9 -13 0
-3 12 13 0
14 3 -9 0
11 -12 6 0
