p 52 221
27 -18 41 0
-45 -46 -26 0
32 29 -5 0
-1 27 -10 0
-33 34 9 0
-26 48 -45 0
-18 19 -26 0
-30 -25 16 0
12 9 -2 0
-15 46 -7 0
-36 -7 -35 0
-22 -24 52 0
-26 -40 -17 0
39 -24 42 0
-16 12 -23 0
49 48 -10 0
22 -18 -30 0
26 7 -22 0
11 51 4 0
42 47 26 0
-17 18 -29 0
16 -49 45 0
41 47 22 0
45 -41 27 0
-26 52 -15 0
-52 35 44 0
-38 33 -32 0
-17 37 -44 0
45 -41 13 0
28 -39 -26 0
-34 -17 51 0
36 24 -20 0
-31 -8 -9 0
30 -16 45 0
28 29 34 0
-21 20 -34 0
-27 -9 26 0
-50 33 -25 0
4 -6 7 0
-44 17 -4 0
-51 -8 44 0
-36 10 -9 0
46 18 44 0
-39 11 1 0
-12 -8 -24 0
-8 52 -50 0
44 5 32 0
6 -38 -1 0
36 21 14 0
28 -42 46 0
-14 33 -3 0
29 27 42 0
25 -10 26 0
-44 -49 -40 0
-17 38 28 0
-43 -26 15 0
-51 -2 -26 0
26 32 20 0
20 -31 5 0
-48 49 5 0
11 -37 -19 0
-31 26 2 0
52 36 -38 0
23 -46 -5 0
-48 52 2 0
-37 -31 22 0
44 -40 -38 0
33 -28 -2 0
-4 -13 -10 0
-37 -27 -42 0
-26 -29 -18 0
-21 8 38 0
-40 25 20 0
-42 19 22 0
43 7 38 0
30 -8 33 0
37 15 -32 0
-25 21 -11 0
19 -5 16 0
49 20 30 0
22 17 31 0
-14 -5 22 0
24 1 31 0
-10 -26 -25 0
-19 51 -2 0
38 12 -22 0
-48 45 -11 0
32 46 -45 0
-40 7 47 0
11 -20 39 0
-37 -32 -1 0
30 -42 14 0
5 -19 -37 0
-15 52 1 0
-23 -31 -49 0
17 15 -8 0
-25 41 -8 0
-50 8 -30 0
13 -1 6 0
17 42 19 0
-19 39 -30 0
-13 -3 -21 0
-46 -1 -2 0
45 -52 -35 0
34 -22 30 0
19 43 26 0
3 39 23 0
30 -38 -15 0
-42 20 17 0
-29 39 24 0
-30 34 52 0
41 -49 16 0
-11 3 36 0
-14 13 -1 0
-15 -50 40 0
-2 25 44 0
-31 -27 -14 0
1 6 38 0
21 1 -13 0
14 13 17 0
27 36 44 0
50 -44 1 0
-21 -8 37 0
52 14 -47 0
6 37 -9 0
8 9 -45 0
-4 10 -1 0
22 4 -48 0
22 -15 43 0
40 50 29 0
42 -8 22 0
25 -33 29 0
-13 -17 -45 0
34 2 -1 0
-10 7 -49 0
-13 -23 -47 0
-11 30 3 0
-14 21 38 0
31 35 -22 0
-17 -24 -30 0
37 -24 -6 0
1 52 -44 0
-35 11 -42 0
-50 -43 35 0
2 -40 -20 0
-15 24 3 0
-28 47 20 0
31 15 37 0
-52 -22 -19 0
9 -5 -15 0
1 42 24 0
33 -12 -3 0
-32 -31 28 0
-22 3 10 0
32 51 -11 0
-24 35 -26 0
12 25 10 0
-51 -20 -4 0
-38 -15 -27 0
-22 -19 -4 0
47 6 21 0
46 -22 -39 0
-33 26 40 0
4 28 42 0
51 27 18 0
32 5 4 0
-52 6 -51 0
4 9 47 0
-33 -20 -6 0
-50 38 10 0
-19 -8 -11 0
-6 4 -33 0
7 50 -42 0
4 49 20 0
25 42 20 0
-28 38 12 0
-32 37 -16 0
5 -28 7 0
-7 -35 28 0
24 -37 16 0
-34 -39 4 0
35 -30 -43 0
-13 -22 31 0
-8 39 -18 0
49 19 31 0
-28 23 -25 0
43 29 14 0
-19 3 -16 0
-33 47 -44 0
-8 27 20 0
-3 -19 -51 0
17 -36 40 0
-10 -49 1 0
-25 42 26 0
-35 -25 -26 0
-3 -4 -22 0
17 -3 -32 0
42 -43 -18 0
-13 43 15 0
27 35 41 0
38 -10 26 0
-45 10 -18 0
31 -36 12 0
29 15 37 0
37 13 -3 0
12 -13 -17 0
-21 -33 -28 0
52 -37 29 0
-46 15 -8 0
-50 -19 29 0
-27 -12 32 0
-39 2 -28 0
2 -40 31 0
-12 4 20 0
12 40 -23 0
24 -28 -47 0
-14 44 -39 0
-34 -33 -25 0
21 -2 -35 0
-3 -5 52 0
-32 35 7 0
