p 65 276
-45 35 -25 0
25 -50 29 0
14 21 52 0
56 -36 -10 0
55 27 44 0
-44 56 2 0
-56 16 63 0
-25 26 -55 0
-2 -9 58 0
63 34 17 0
17 -44 40 0
-58 13 -51 0
-60 55 57 0
-20 33 54 0
-51 -22 52 0
-13 53 20 0
-58 -65 22 0
-33 -10 -1 0
-10 -24 18 0
35 21 -15 0
-15 16 34 0
-14 56 4 0
-7 -4 1 0
-51 -34 -35 0
-58 36 20 0
8 5 -26 0
64 37 -31 0
-13 61 22 0
65 -35 40 0
59 43 42 0
8 54 -38 0
-4 45 33 0
46 -43 49 0
-44 -32 -13 0
-1 -30 10 0
48 26 59 0
20 38 -26 0
-60 -51 31 0
-13 -27 4 0
64 -2 -16 0
-38 -41 26 0
40 44 33 0
-10 -50 45 0
-6 -54 32 0
-10 65 14 0
6 -43 41 0
36 -51 -2 0
30 -42 -25 0
-20 -60 55 0
44 46 54 0
45 26 12 0
-46 -5 41 0
-15 18 51 0
-46 21 35 0
-41 36 -27 0
2 57 -52 0
25 9 47 0
-29 42 28 0
-31 6 4 0
-25 -37 -20 0
-6 -11 -33 0
41 26 61 0
-59 30 32 0
-36 -30 -49 0
59 2 -35 0
53 -33 -47 0
14 35 7 0
-54 19 -32 0
-43 22 17 0
-16 -43 -2 0
-10 -64 -19 0
-6 -21 42 0
-5 -56 41 0
37 -20 -23 0
-51 -64 -30 0
47 -19 43 0
54 1 -65 0
43 48 14 0
-63 25 59 0
56 47 -21 0
47 25 46 0
-10 5 -43 0
-58 -11 -32 0
-51 38 -20 0
18 -6 56 0
15 -21 53 0
41 6 -51 0
-61 -13 20 0
-49 -42 -20 0
21 -47 -40 0
58 49 -18 0
25 -33 9 0
-55 -37 -10 0
-37 16 63 0
-16 -58 -56 0
-12 60 -32 0
-1 -63 12 0
51 -42 14 0
-36 60 -28 0
37 -7 10 0
25 46 30 0
-14 -34 7 0
-31 -15 11 0
-36 28 -42 0
13 36 -55 0
54 -25 -64 0
33 -46 1 0
-40 -41 -9 0
7 -48 -53 0
64 13 63 0
15 -1 17 0
-59 -19 45 0
28 30 -2 0
-64 -41 -38 0
-23 52 -57 0
16 -62 14 0
23 -63 -38 0
-64 -10 -40 0
39 -41 -35 0
18 33 6 0
-35 -37 4 0
41 17 21 0
60 52 54 0
40 -37 23 0
5 -49 -33 0
62 -45 24 0
-65 -1 32 0
-10 23 -12 0
28 21 -63 0
-34 19 -44 0
53 -24 -46 0
6 -13 25 0
38 -28 6 0
-49 11 -42 0
-8 -1 42 0
24 -38 -50 0
46 18 -6 0
-8 -26 20 0
31 -61 -13 0
-46 -7 -49 0
62 55 -15 0
40 -62 -55 0
-6 38 -22 0
-6 -44 1 0
42 43 40 0
47 16 40 0
23 -34 -54 0
21 23 -22 0
25 -38 16 0
21 30 -20 0
55 -33 -15 0
-30 55 39 0
18 -16 31 0
47 1 3 0
-49 34 -44 0
40 3 -54 0
33 -3 52 0
-15 52 -21 0
-6 58 51 0
-48 -7 -17 0
-54 30 8 0
23 -1 -25 0
-49 19 -18 0
-32 51 -24 0
7 34 -63 0
20 61 23 0
38 31 43 0
43 13 -27 0
15 40 -18 0
-27 -15 -50 0
38 -47 -46 0
-40 -1 25 0
23 -61 -28 0
-28 -23 35 0
-29 -32 35 0
-13 -41 4 0
52 24 -10 0
55 13 -10 0
-6 -63 49 0
62 -16 -30 0
60 43 -27 0
8 40 50 0
-55 -47 -31 0
44 62 1 0
-40 -53 -42 0
6 -30 53 0
-35 16 27 0
27 -6 -60 0
-40 42 34 0
-43 13 -2 0
26 24 32 0
14 30 -18 0
-15 -14 -18 0
56 18 8 0
-24 -8 -32 0
12 55 23 0
54 36 1 0
-4 -10 34 0
-46 4 -58 0
-27 -23 -28 0
-51 23 38 0
-60 -33 -8 0
7 -33 51 0
-55 -22 -60 0
17 7 53 0
49 10 8 0
-32 19 -60 0
-23 36 40 0
49 45 -65 0
48 -4 18 0
21 53 -24 0
51 -47 -29 0
35 27 51 0
-26 11 -47 0
-32 44 -7 0
59 34 -13 0
64 -49 -27 0
-62 41 34 0
-28 -38 23 0
45 27 34 0
54 -12 39 0
57 3 -7 0
-62 -56 15 0
-65 -55 43 0
58 -38 28 0
-11 -14 -40 0
47 41 -45 0
52 -7 50 0
65 -60 -61 0
31 -29 -52 0
-23 5 -32 0
-47 -40 49 0
-59 60 -7 0
55 -22 60 0
-13 14 -19 0
-60 57 17 0
-41 27 -55 0
-19 -13 -64 0
-15 37 55 0
-31 -18 60 0
-18 -44 -52 0
-59 -32 -16 0
55 -52 48 0
-54 -23 19 0
61 2 -23 0
-8 62 4 0
36 -45 -4 0
63 43 -58 0
56 15 -21 0
-27 62 -20 0
-48 -21 22 0
-23 -21 19 0
-44 -39 -45 0
14 -42 18 0
-50 41 11 0
-26 34 6 0
-24 50 40 0
-12 -5 27 0
-58 -42 -26 0
54 -20 -21 0
-25 35 13 0
-18 -13 -56 0
-24 -3 38 0
-18 16 37 0
-12 -60 62 0
43 47 24 0
-39 11 23 0
1 37 43 0
-5 -40 -46 0
-24 -65 25 0
-63 30 -2 0
-17 -14 -21 0
-55 8 -27 0
19 23 -54 0
-29 61 -59 0
31 18 17 0
