p 20 85
3 9 20 0
-12 7 -18 0
6 15 -20 0
20 13 3 0
17 -6 4 0
2 12 14 0
8 -19 -4 0
19 14 -1 0
-17 10 18 0
-8 1 10 0
-1 -20 14 0
-19 -5 -14 0
2 -17 -3 0
2 -11 -14 0
-19 -8 7 0
15 13 -18 0
-5 -14 19 0
1 -9 18 0
-1 -10 -11 0
7 3 6 0
6 2 18 0
-6 -1 20 0
18 -20 13 0
-5 3 10 0
-9 -13 12 0
-9 14 -18 0
11 -10 15 0
19 -10 13 0
-19 -13 -11 0
19 9 -12 0
19 -6 18 0
2 14 -4 0
-17 -19 15 0
-9 -8 -13 0
8 -13 -18 0
5 20 -11 0
14 7 13 0
-2 -15 -13 0
11 17 16 0
1 -3 -11 0
-2 19 10 0
2 -13 8 0
14 13 -4 0
-5 17 4 0
16 -13 -5 0
20 3 -14 0
9 5 -16 0
-13 -2 5 0
-1 12 -7 0
14 -13 18 0
20 19 4 0
-11 1 -6 0
-3 -8 9 0
9 -15 -2 0
-9 -18 16 0
-1 2 19 0
-13 6 7 0
1 -17 -14 0
1 -13 6 0
-16 -3 -15 0
-1 -7 5 0
-19 5 -13 0
12 13 -18 0
9 -11 16 0
-20 -6 11 0
-10 -7 4 0
-2 19 -4 0
9 4 15 0
-10 9 -1 0
12 13 4 0
2 18 4 0
6 -9 3 0
5 -15 9 0
-15 -17 4 0
-14 -5 3 0
15 -4 -14 0
-8 15 -14 0
-12 4 5 0
-10 9 -1 0
10 16 -9 0
-4 -14 -19 0
-11 -7 19 0
-20 -14 7 0
11 2 1 0
11 6 -7 0
