p 20 85
-12 14 -20 0
-9 6 -7 0
-4 -18 7 0
7 -13 12 0
16 -12 -17 0
20 -12 8 0
18 17 16 0
15 20 -19 0
-19 -1 14 0
6 -14 18 0
-7 -6 -20 0
15 1 -17 0
-19 -4 -2 0
-2 15 -11 0
5 7 6 0
16 -19 2 0
9 -15 13 0
-17 2 18 0
11 9 7 0
8 -13 -11 0
-8 10 17 0
16 -14 -3 0
-11 -6 3 0
-6 20 5 0
6 17 -11 0
-17 4 2 0
12 -3 16 0
20 17 6 0
9 16 5 0
8 12 -4 0
12 -16 6 0
15 17 -19 0
16 -1 -9 0
-4 -15 14 0
-15 3 14 0
-13 -2 -7 0
-8 19 7 0
17 12 -2 0
-18 -11 -6 0
-19 3 20 0
20 5 -2 0
17 20 -4 0
-10 -1 5 0
-12 -17 15 0
-1 -20 12 0
4 8 -17 0
6 -13 5 0
-20 19 -3 0
14 -9 -16 0
6 -14 -8 0
6 -3 13 0
4 -20 -12 0
-7 -2 -16 0
17 3 -5 0
20 -7 -8 0
2 20 12 0
-8 -20 4 0
-13 1 8 0
-1 -10 20 0
17 -20 3 0
-2 -8 -19 0
6 11 -7 0
-20 -15 -9 0
13 -12 19 0
16 17 12 0
-15 4 -16 0
12 -6 1 0
14 -9 13 0
16 19 11 0
10 14 8 0
-8 -14 -16 0
1 -12 20 0
4 -14 -10 0
19 -8 -1 0
10 -2 -6 0
-4 13 -6 0
19 -12 4 0
10 -11 -6 0
11 -19 4 0
-6 15 -14 0
-15 -18 -7 0
9 17 14 0
-2 -9 1 0
-1 -7 -8 0
-11 10 -19 0
