p 58 247
58 22 34 0
31 41 51 0
-44 -29 15 0
52 11 -15 0
40 -41 49 0
-1 49 11 0
-10 -14 -13 0
10 -38 -48 0
14 38 -6 0
6 18 -30 0
-2 9 15 0
-52 -25 -43 0
-50 4 -38 0
-20 35 11 0
1 -4 14 0
-25 52 -54 0
1 47 44 0
30 -27 56 0
12 50 45 0
-57 -3 -36 0
27 -41 31 0
49 29 2 0
17 -23 18 0
-53 41 46 0
-34 -31 28 0
9 36 -10 0
-43 19 -12 0
34 35 -13 0
3 -22 -55 0
-4 -42 53 0
-29 -39 -12 0
34 19 -51 0
-8 51 -28 0
-26 -50 8 0
-29 -56 13 0
25 -42 -17 0
52 37 54 0
35 5 31 0
-23 -28 -4 0
47 44 -33 0
-52 28 49 0
46 49 15 0
-1 34 -6 0
41 25 -53 0
38 31 -58 0
51 -53 -32 0
-40 13 -9 0
37 14 17 0
40 -42 -25 0
44 -53 -31 0
27 3 -21 0
-49 20 -42 0
26 -17 3 0
-25 -4 47 0
12 -18 3 0
16 -33 42 0
51 22 -9 0
31 40 21 0
39 -52 27 0
-12 -54 -18 0
-11 -4 -52 0
-23 -42 56 0
6 37 -1 0
57 50 43 0
-46 -48 -27 0
43 -30 9 0
-41 -40 22 0
15 -53 17 0
-37 -21 9 0
27 11 16 0
-14 -28 -21 0
24 -55 50 0
5 33 1 0
-31 39 -53 0
34 53 50 0
12 46 5 0
-27 47 -44 0
-16 -44 -57 0
24 14 44 0
-11 -5 -22 0
32 -15 31 0
16 -1 -27 0
2 55 46 0
-58 23 53 0
32 44 -30 0
40 -10 -4 0
-41 -3 -48 0
-6 45 14 0
37 55 -40 0
-11 -50 19 0
23 -41 -3 0
-30 1 24 0
-22 54 -11 0
-30 51 6 0
-1 28 38 0
32 50 -26 0
46 -57 -17 0
-14 33 36 0
23 29 -52 0
53 42 12 0
-32 40 37 0
-24 -6 46 0
-29 22 -2 0
-55 -3 25 0
-21 -42 -35 0
22 40 17 0
52 45 -30 0
26 -1 -8 0
36 8 -18 0
15 -31 -50 0
-42 -30 13 0
-56 -48 12 0
-22 48 56 0
13 -14 -8 0
-29 -20 -28 0
-47 -26 48 0
41 28 31 0
-35 -39 -9 0
37 41 56 0
47 37 53 0
-25 -47 2 0
-17 -8 53 0
6 -23 37 0
-17 56 -18 0
14 5 -51 0
50 29 -10 0
-44 21 -58 0
26 -37 53 0
-35 -14 41 0
-1 22 17 0
-47 -7 -1 0
44 -28 14 0
32 17 -11 0
-33 24 -9 0
-9 -19 -31 0
-15 44 -55 0
-7 -58 40 0
-36 23 11 0
35 -37 27 0
-46 20 -11 0
-44 -5 17 0
52 -25 -14 0
6 -29 -28 0
-44 -28 -47 0
24 -50 -13 0
22 57 -9 0
58 -19 -13 0
-35 21 -51 0
-49 56 30 0
-12 -43 -8 0
20 54 -18 0
15 -4 27 0
53 42 -48 0
-12 16 49 0
-30 4 -22 0
-33 -27 -23 0
-57 53 -46 0
21 -28 -57 0
-22 -3 -46 0
49 50 58 0
12 -38 8 0
58 -20 -44 0
-3 -22 8 0
-27 15 21 0
-15 -48 -34 0
9 -37 -45 0
-23 -52 15 0
-35 -34 -22 0
38 -41 5 0
20 -55 -31 0
21 52 -49 0
-46 48 56 0
-53 6 -14 0
-18 4 12 0
17 -12 41 0
25 -19 5 0
13 14 5 0
-34 57 -58 0
14 27 -21 0
22 -37 -57 0
52 -39 -48 0
-7 49 -33 0
-9 -4 58 0
31 2 11 0
-9 -55 -24 0
44 29 21 0
32 15 -9 0
53 -47 -34 0
15 40 -26 0
-6 24 -44 0
-48 -10 -16 0
17 -43 24 0
-8 24 54 0
-50 55 -14 0
-24 28 32 0
52 -41 -46 0
-42 -22 40 0
-31 28 -34 0
-3 -12 -20 0
39 43 5 0
-24 -28 30 0
57 -25 35 0
53 -41 -58 0
-41 57 46 0
-55 -7 -28 0
-33 -21 -23 0
55 37 53 0
-7 -29 -42 0
27 -1 -12 0
38 -49 58 0
14 19 6 0
-1 -39 -43 0
-14 -13 8 0
-47 -12 -41 0
52 19 -35 0
-51 32 -56 0
-17 -38 8 0
-43 14 -18 0
15 -17 -29 0
56 9 14 0
54 -47 38 0
-4 -41 15 0
-3 22 30 0
44 -55 54 0
23 -34 -32 0
23 36 6 0
-28 -53 2 0
-51 -40 44 0
7 -19 -10 0
-16 39 46 0
-19 -6 17 0
-44 41 40 0
-2 32 18 0
31 18 53 0
9 39 -1 0
-12 27 10 0
-19 55 -33 0
20 39 43 0
27 -34 -25 0
49 -36 -45 0
-12 -36 34 0
-22 -38 -9 0
6 -27 -26 0
31 11 57 0
37 21 -4 0
-3 40 22 0
-19 -52 -5 0
