p 89 379
-11 25 53 0
81 -62 48 0
81 -70 65 0
-16 -89 -4 0
-28 -83 -49 0
-83 -2 -49 0
63 -87 -56 0
-41 19 63 0
-80 -86 -66 0
-57 75 -27 0
-56 -88 -40 0
-69 82 -2 0
82 51 -61 0
-31 27 -36 0
-55 15 -39 0
-77 11 -69 0
85 -71 -58 0
5 -52 -69 0
-45 -75 -89 0
-14 70 -65 0
67 -80 20 0
74 65 -2 0
12 53 16 0
-61 85 48 0
-34 -24 18 0
49 5 -64 0
38 -8 -76 0
26 36 59 0
62 68 42 0
-88 -32 -21 0
8 -37 -12 0
9 -74 -4 0
-63 8 81 0
49 -14 35 0
26 -69 4 0
41 -40 -75 0
63 75 9 0
67 20 11 0
82 -57 -87 0
83 42 -26 0
13 -19 -34 0
65 -88 50 0
-52 -68 -75 0
18 -58 -31 0
-50 16 -59 0
25 50 -39 0
-25 15 71 0
-62 1 -89 0
52 32 17 0
-33 31 -52 0
-77 24 -55 0
60 58 -30 0
78 85 -24 0
-23 -36 -82 0
-49 -75 -14 0
4 -1 64 0
-10 -45 -17 0
-15 -80 -88 0
34 -36 14 0
22 -77 -85 0
63 -37 -60 0
-14 -10 -56 0
-9 3 -10 0
43 44 -83 0
19 62 -36 0
1 22 -76 0
52 15 -23 0
-43 -63 -66 0
61 30 38 0
73 26 -32 0
88 -85 -56 0
12 8 41 0
36 -4 -47 0
81 -28 -11 0
62 -67 73 0
-55 -23 -84 0
-86 -32 -14 0
-9 -62 56 0
36 -40 56 0
48 -30 -59 0
-44 -68 -56 0
54 31 25 0
-64 68 41 0
-67 -41 -42 0
-59 37 -84 0
-17 -8 12 0
-75 -25 -52 0
-1 63 11 0
-72 -75 -33 0
60 77 84 0
-88 15 -12 0
-65 -10 15 0
46 19 -5 0
-73 51 -81 0
-35 38 25 0
-4 71 -80 0
88 63 -60 0
-38 -52 42 0
-60 13 -45 0
-46 45 -19 0
-23 47 -59 0
36 -79 -71 0
26 60 36 0
31 23 -83 0
-14 3 5 0
-33 -6 40 0
76 -22 68 0
7 -62 83 0
-60 2 25 0
-36 -79 56 0
-5 59 -10 0
41 -26 6 0
-14 -6 8 0
30 61 -19 0
-79 -40 -24 0
-62 -51 12 0
-68 3 -1 0
25 26 -51 0
-71 72 -87 0
89 -37 -1 0
79 60 -25 0
55 60 24 0
73 -82 -48 0
-18 6 41 0
-7 19 -74 0
54 -58 -22 0
-55 54 -36 0
-42 -67 -44 0
65 10 45 0
-3 -57 53 0
15 21 -39 0
-16 47 89 0
-1 -75 -71 0
71 19 54 0
50 77 84 0
-26 25 -59 0
-73 -49 -19 0
33 51 74 0
-55 58 54 0
11 8 -35 0
70 -40 51 0
44 -71 87 0
20 25 22 0
14 -30 -35 0
-47 24 -29 0
-73 18 59 0
-61 16 88 0
74 49 -86 0
43 -25 67 0
73 -88 75 0
58 12 27 0
-61 -59 -83 0
-47 -51 41 0
40 -56 -35 0
-35 8 1 0
79 -39 -5 0
-14 79 -87 0
67 -29 -9 0
-66 -40 25 0
38 -85 -62 0
-60 51 -67 0
-12 4 33 0
77 -18 67 0
21 -88 19 0
-18 -72 23 0
46 44 -40 0
-83 -72 28 0
70 -56 -82 0
-15 -56 -13 0
82 40 -32 0
-7 70 54 0
-33 -63 37 0
77 63 73 0
9 -81 33 0
-8 28 7 0
44 20 -3 0
-45 -79 -3 0
-56 41 -65 0
62 -33 40 0
66 -30 19 0
-51 24 26 0
-5 -2 -48 0
-58 68 -24 0
-42 60 31 0
10 -64 -82 0
-30 -41 -3 0
-77 -71 -75 0
-26 -5 -16 0
85 -22 -67 0
-40 -38 -42 0
62 3 -26 0
-60 -41 33 0
59 4 -32 0
-33 32 -26 0
12 -1 80 0
16 58 81 0
-75 -53 25 0
28 -18 44 0
-41 -83 37 0
77 13 41 0
-24 -86 -18 0
80 55 -1 0
-64 11 67 0
-39 -20 -6 0
32 -20 -69 0
46 80 65 0
7 -5 -11 0
79 -73 -46 0
27 62 -54 0
83 -3 35 0
-42 -59 -89 0
-75 86 28 0
45 -75 72 0
-56 -7 -88 0
50 -24 33 0
86 58 -89 0
57 -89 -51 0
76 83 54 0
87 -34 -28 0
-61 58 -76 0
-33 21 -24 0
85 -24 -79 0
51 14 8 0
-18 -77 -85 0
43 58 21 0
-31 -42 -60 0
-9 37 20 0
88 1 20 0
77 44 76 0
68 -73 -86 0
26 75 49 0
-31 38 18 0
-88 89 23 0
-76 -38 -48 0
-73 -66 16 0
30 -43 -46 0
42 -80 -56 0
-54 38 18 0
-81 -26 -18 0
16 83 -14 0
37 81 57 0
81 39 18 0
88 -2 -7 0
-26 47 37 0
33 -56 -63 0
28 7 -8 0
85 -19 -62 0
-54 39 70 0
-59 -19 7 0
-28 -20 -23 0
-11 46 20 0
79 75 1 0
48 66 -15 0
80 -37 -87 0
-2 -72 62 0
71 3 -17 0
-18 -68 -58 0
75 37 14 0
56 35 22 0
-2 -66 22 0
-17 21 15 0
-81 -22 14 0
67 -75 -47 0
5 19 80 0
-86 -2 -33 0
80 60 25 0
4 76 25 0
-45 -52 -44 0
45 -49 31 0
-66 74 -22 0
-28 -84 -86 0
-43 -69 -26 0
68 32 -17 0
68 -71 -67 0
58 61 40 0
-5 55 37 0
64 77 86 0
51 -19 86 0
2 -38 -82 0
-64 54 -13 0
-58 -24 -79 0
43 82 -2 0
-70 67 23 0
17 19 -59 0
87 -25 11 0
-39 -33 87 0
-27 -41 75 0
25 -43 -37 0
78 -55 33 0
51 -38 -2 0
-13 -18 -38 0
56 27 -16 0
-76 -70 44 0
52 65 35 0
26 -72 -53 0
8 -4 -78 0
3 71 -5 0
38 69 -22 0
55 -33 -34 0
49 30 -33 0
89 -5 53 0
-30 45 -70 0
-19 -61 -8 0
-5 -9 74 0
-49 54 -47 0
11 86 -36 0
-43 -67 69 0
-46 43 32 0
-81 31 -6 0
-76 62 32 0
16 -7 42 0
-76 61 62 0
-37 60 -5 0
-76 22 -23 0
36 -41 52 0
-29 -65 -66 0
56 64 47 0
-29 17 -24 0
-29 -77 81 0
-3 49 -62 0
-65 43 -18 0
-27 -24 86 0
4 47 81 0
-40 -89 -56 0
75 -82 85 0
70 -64 -20 0
-8 -56 -14 0
-24 1 -66 0
20 65 7 0
-26 -54 -3 0
-9 -22 -36 0
-41 10 -80 0
-57 13 29 0
67 69 12 0
37 -81 -25 0
56 18 82 0
89 23 -60 0
38 50 21 0
27 6 -89 0
-40 44 88 0
-78 -36 -48 0
52 61 -11 0
-44 35 65 0
-85 -13 39 0
-9 78 -2 0
-68 52 10 0
34 66 45 0
-10 -25 68 0
-1 -47 9 0
77 -41 -85 0
72 20 89 0
49 -65 -6 0
-15 68 36 0
-73 52 64 0
-46 27 43 0
78 -16 -32 0
62 -40 -79 0
83 67 43 0
-6 -28 -39 0
-23 61 -44 0
58 86 81 0
-59 73 -80 0
55 -27 62 0
87 -15 -59 0
88 10 82 0
-27 -36 24 0
47 42 9 0
-58 -2 -9 0
49 36 9 0
77 -43 -25 0
26 17 -52 0
44 54 -68 0
13 3 64 0
-87 21 -80 0
-11 74 59 0
18 67 64 0
7 -31 77 0
4 -88 42 0
-16 62 -30 0
