p 95 404
93 -56 74 0
44 -2 48 0
39 -65 55 0
11 71 -23 0
-26 93 -14 0
-75 37 6 0
-27 -82 -9 0
32 -6 21 0
51 48 -78 0
41 -75 30 0
88 93 57 0
40 -39 -81 0
80 -8 -29 0
3 -2 39 0
59 58 55 0
71 46 67 0
-38 -45 -84 0
-24 -29 -58 0
52 -2 36 0
-81 54 11 0
-8 2 -57 0
63 -73 -19 0
-41 -57 -47 0
-40 -64 -30 0
4 -16 40 0
-15 -65 -88 0
-36 -26 30 0
2 -45 71 0
47 74 -32 0
-44 5 -18 0
28 30 55 0
-35 36 -91 0
-39 -8 35 0
47 -5 82 0
95 43 27 0
11 -19 -70 0
-37 -2 -86 0
19 72 -76 0
-83 19 -20 0
-55 91 -46 0
46 -40 1 0
-38 -71 -78 0
-63 -40 -66 0
91 -29 58 0
35 -83 15 0
-3 -6 -68 0
87 -66 -21 0
93 92 -66 0
51 28 54 0
-40 -66 38 0
35 55 80 0
-43 -81 8 0
-14 70 84 0
-42 21 27 0
-41 -71 -19 0
-6 -1 -66 0
29 -7 -11 0
-48 38 -91 0
69 5 -11 0
66 -48 -43 0
-85 -65 62 0
-3 35 14 0
27 31 -83 0
52 36 67 0
40 76 43 0
8 13 66 0
52 -38 -33 0
-32 4 22 0
-30 40 75 0
55 62 58 0
-38 -75 -66 0
33 -45 85 0
79 10 -76 0
10 -58 32 0
-73 64 -65 0
68 65 19 0
23 29 80 0
59 25 73 0
67 -45 -3 0
-26 72 46 0
-91 -58 -1 0
-81 64 21 0
76 6 -10 0
-27 -30 53 0
-6 -27 83 0
-35 78 -18 0
-47 -26 7 0
37 -72 -92 0
-45 -40 -16 0
92 -88 -66 0
-63 -39 89 0
68 85 53 0
75 -18 -76 0
72 -28 -58 0
19 20 -73 0
36 -75 45 0
-88 -42 17 0
81 -5 1 0
19 24 -26 0
-70 32 29 0
-53 58 13 0
93 85 10 0
1 67 -93 0
22 -21 -5 0
15 18 26 0
90 -57 12 0
-63 85 89 0
81 35 76 0
-5 48 30 0
-43 24 87 0
23 94 74 0
-10 14 58 0
45 -5 -91 0
95 -85 -84 0
42 69 -71 0
-31 55 -21 0
26 -68 44 0
32 43 26 0
89 -77 -79 0
-86 73 -13 0
-92 19 45 0
45 -4 -94 0
-67 -29 -35 0
64 -63 20 0
45 -73 -64 0
-77 88 22 0
-45 -7 -8 0
-5 1 -50 0
2 95 79 0
-3 -53 19 0
87 75 -14 0
43 93 -82 0
92 -20 -86 0
16 -75 -6 0
-53 68 45 0
85 -35 60 0
19 -2 85 0
-35 28 -33 0
-6 52 -76 0
-61 -66 50 0
-94 24 -25 0
21 -19 33 0
-87 -32 73 0
80 37 2 0
55 69 -64 0
-82 73 42 0
-15 87 90 0
38 -26 -30 0
-42 -52 -93 0
23 -92 -25 0
60 14 61 0
11 14 56 0
16 -13 56 0
-57 -75 63 0
70 31 34 0
-31 -89 22 0
-81 -2 25 0
-72 64 -92 0
18 -28 10 0
47 -68 -54 0
-82 17 -67 0
12 14 -11 0
-66 7 -70 0
-89 -11 64 0
-9 38 -78 0
-87 59 -29 0
37 -52 -72 0
-90 59 89 0
-75 -59 29 0
51 80 42 0
-76 46 -53 0
73 11 36 0
-52 -58 -27 0
17 -23 11 0
35 92 54 0
69 35 48 0
33 -55 1 0
-21 84 -86 0
-87 -35 27 0
70 -91 77 0
-70 -32 46 0
-91 83 53 0
-58 50 -39 0
-83 -72 79 0
-86 -72 71 0
75 -82 91 0
60 -43 40 0
42 21 28 0
50 -29 6 0
44 82 78 0
57 11 -63 0
-32 76 -67 0
-73 -8 -63 0
36 34 88 0
-34 87 80 0
63 -26 -81 0
40 74 -19 0
74 -82 -89 0
-70 52 -91 0
-65 -80 50 0
-52 -14 -51 0
-39 -57 22 0
-84 30 -68 0
1 11 71 0
59 -72 -21 0
87 -43 45 0
43 -55 65 0
-84 22 -88 0
73 3 -35 0
-34 48 46 0
-1 25 -46 0
-59 76 75 0
88 -91 -61 0
62 -92 88 0
-38 -69 75 0
57 -46 26 0
-82 50 -20 0
-4 76 72 0
-7 -25 80 0
-40 80 -21 0
-14 -5 7 0
8 -90 -75 0
-33 -45 -39 0
12 63 -38 0
14 -47 -90 0
47 48 -22 0
-4 -73 18 0
45 13 -79 0
89 62 -1 0
-40 -12 72 0
-93 18 7 0
24 -17 81 0
-62 12 -45 0
-39 -4 57 0
66 -12 56 0
64 20 22 0
69 39 32 0
68 34 90 0
-75 69 -26 0
-18 20 -30 0
-92 -69 34 0
48 80 78 0
-13 29 70 0
-27 91 71 0
-57 -39 -47 0
12 28 44 0
29 -33 -12 0
66 -42 -93 0
-23 9 -44 0
77 95 16 0
71 -33 -44 0
-43 -13 -79 0
-1 27 -14 0
10 26 -48 0
66 -25 -71 0
53 -20 -27 0
77 80 -30 0
89 -93 18 0
30 -23 81 0
-40 -81 -35 0
20 93 -58 0
-13 7 -87 0
68 34 -33 0
35 73 -85 0
45 29 48 0
-64 -67 2 0
83 -53 -8 0
80 35 62 0
58 -44 -2 0
-58 83 70 0
-66 -32 -63 0
23 -88 -74 0
-49 -66 37 0
24 81 -28 0
14 -31 15 0
-17 -28 -64 0
-14 -27 -90 0
-13 -35 25 0
67 -63 60 0
6 -90 -47 0
-40 53 72 0
-45 9 -74 0
62 53 -60 0
24 -80 -75 0
58 77 -30 0
-52 95 26 0
-66 -38 70 0
-89 -37 -14 0
93 21 -28 0
23 -16 -45 0
-94 62 -61 0
-80 27 -28 0
5 28 93 0
-3 -7 -80 0
-57 -2 -42 0
-17 -51 -26 0
-80 45 -76 0
81 -11 -50 0
-47 49 73 0
-20 -14 35 0
2 -35 91 0
-42 53 -11 0
-23 37 8 0
-15 -37 -83 0
5 44 -74 0
-27 12 -11 0
-30 -29 -80 0
29 32 -28 0
62 -90 75 0
-35 -76 23 0
-78 62 21 0
81 73 42 0
9 -17 -3 0
52 65 15 0
-19 91 -88 0
-3 -57 50 0
35 9 -70 0
-54 -90 94 0
50 76 -9 0
-49 77 68 0
-66 -78 11 0
70 3 -56 0
-50 15 67 0
87 -62 3 0
18 68 82 0
61 -92 14 0
-38 75 59 0
-44 21 90 0
-20 -67 3 0
-18 68 64 0
-2 -42 53 0
63 11 -84 0
76 -33 71 0
62 50 34 0
-73 -9 -87 0
-65 -32 -72 0
-64 -87 86 0
50 -51 22 0
18 -86 27 0
22 -45 -12 0
17 -7 -11 0
-65 24 -27 0
-27 70 8 0
-24 -18 36 0
-83 24 50 0
-12 5 61 0
-3 39 8 0
44 54 50 0
-60 80 51 0
93 -51 10 0
17 53 19 0
15 60 51 0
-31 56 29 0
-58 61 79 0
61 65 37 0
-74 63 -42 0
75 -83 -64 0
10 -54 -29 0
78 -45 -16 0
-29 -62 78 0
-14 -93 26 0
-41 -60 42 0
27 60 80 0
16 -34 -35 0
-21 6 -78 0
-20 11 -89 0
93 -59 30 0
4 78 65 0
42 -39 -56 0
12 -86 -46 0
45 44 90 0
62 88 60 0
32 79 -75 0
85 -26 -65 0
85 53 55 0
33 75 -94 0
34 31 46 0
63 6 49 0
-50 -4 77 0
83 58 10 0
64 -56 22 0
-77 93 -66 0
-37 -16 -58 0
54 42 36 0
-9 -18 -77 0
78 60 -38 0
-37 -57 53 0
12 1 -17 0
53 -61 -47 0
-41 40 7 0
39 -54 4 0
-6 -35 19 0
65 69 -12 0
18 -9 37 0
-2 -81 -53 0
8 -69 33 0
-91 -56 -80 0
-64 -1 82 0
-15 5 74 0
67 -23 35 0
-30 -29 -93 0
-37 -39 -76 0
-48 -76 77 0
-88 -57 -1 0
