p 44 187
12 32 -11 0
-4 41 30 0
38 -4 2 0
-39 31 -14 0
8 16 -1 0
-32 -30 -17 0
12 -35 36 0
41 -8 17 0
41 -1 -16 0
-38 30 26 0
-24 30 1 0
19 25 -23 0
-35 -6 17 0
-8 27 5 0
36 29 42 0
-30 -38 16 0
34 39 29 0
14 6 -41 0
-43 -42 16 0
-33 -12 20 0
-42 41 -44 0
14 -15 -22 0
33 -30 -4 0
-1 -35 5 0
31 26 37 0
-28 11 30 0
-7 -13 -27 0
-21 -35 43 0
-4 -16 -26 0
34 -3 44 0
-30 41 -37 0
-12 -5 -17 0
43 -16 -13 0
-43 29 -21 0
-9 7 -1 0
-31 10 -25 0
33 35 -24 0
-13 -12 -43 0
-6 16 -20 0
27 5 28 0
-34 31 25 0
7 -13 -35 0
2 18 13 0
1 12 -8 0
-35 -6 -1 0
9 -3 -25 0
23 -1 -36 0
-42 -43 40 0
9 -7 -40 0
7 26 -6 0
15 -23 8 0
-43 12 34 0
-26 5 33 0
-13 -3 -42 0
1 44 -29 0
-15 -10 -21 0
28 -39 -41 0
-5 15 -39 0
23 31 42 0
-30 13 -1 0
9 31 -42 0
-11 34 -2 0
32 41 -16 0
-1 -10 41 0
38 -5 32 0
-8 2 23 0
-37 26 32 0
15 -37 22 0
24 42 23 0
44 -30 -26 0
12 41 3 0
-17 -9 31 0
19 36 27 0
-30 40 41 0
1 6 12 0
1 -21 36 0
-30 3 -29 0
-35 -19 -2 0
-33 -3 41 0
34 25 24 0
7 -4 -19 0
-37 -31 -39 0
-30 36 6 0
24 -17 29 0
-34 -4 42 0
16 28 -44 0
-3 31 25 0
-34 -38 39 0
-16 -5 -43 0
-20 19 -38 0
-25 -30 39 0
-39 -10 5 0
33 32 -21 0
17 -44 21 0
15 8 5 0
34 23 -36 0
3 44 12 0
-37 -20 19 0
-12 16 -4 0
22 -5 -11 0
-35 -15 33 0
19 21 -20 0
7 -31 -25 0
16 35 2 0
39 42 36 0
26 -27 -34 0
-8 28 -40 0
31 27 -15 0
-1 7 -8 0
20 10 26 0
18 -19 -17 0
-41 19 22 0
8 -6 -20 0
26 32 -11 0
-31 11 14 0
27 41 30 0
-18 4 11 0
-26 14 18 0
-27 -8 20 0
-37 43 16 0
-17 -6 -39 0
-3 4 -27 0
-23 44 -25 0
2 -13 -36 0
-5 -29 34 0
2 8 29 0
-31 -26 -24 0
16 -24 22 0
41 42 24 0
-14 -11 -26 0
13 44 -16 0
-22 28 39 0
-3 -5 -9 0
-36 -7 -21 0
-20 15 44 0
3 34 28 0
-28 -29 33 0
16 29 9 0
-41 40 -24 0
35 -5 32 0
-15 -18 -19 0
31 -27 -15 0
-20 -14 17 0
-26 37 20 0
-28 -36 -26 0
-23 12 -37 0
41 -23 -22 0
-26 -15 -40 0
6 11 -39 0
-41 21 -31 0
-44 13 -21 0
-18 -22 -31 0
26 -29 21 0
8 29 -3 0
-35 29 -13 0
20 35 6 0
21 14 29 0
-38 -6 5 0
-27 -14 -38 0
14 -20 28 0
-38 27 18 0
19 -42 5 0
17 -42 29 0
-4 -16 -38 0
30 -33 -24 0
-3 17 -43 0
-21 8 41 0
-15 10 -44 0
-1 -6 -4 0
-29 38 -11 0
-40 -22 4 0
-20 -11 1 0
-37 -15 27 0
23 19 26 0
-42 -1 -30 0
-35 -16 -22 0
-16 -35 26 0
7 -33 -18 0
-44 -10 9 0
21 4 36 0
27 28 15 0
44 29 15 0
28 31 -6 0
12 -16 2 0
-13 -25 14 0
-26 -10 -31 0
28 -22 9 0
