p 42 178
-17 27 40 0
20 -31 32 0
-33 36 -20 0
27 22 -6 0
-1 35 19 0
-16 34 -40 0
-3 -36 11 0
33 -15 -31 0
11 -31 32 0
-2 -3 19 0
-34 7 -41 0
-35 33 42 0
-3 17 -28 0
-31 -39 19 0
-27 -34 -13 0
24 -3 21 0
-13 -27 -8 0
23 42 -25 0
11 16 -17 0
32 -33 11 0
33 27 2 0
35 -42 -10 0
-2 39 -4 0
-8 -28 -21 0
5 2 -7 0
23 -18 -11 0
35 13 39 0
-1 -42 14 0
12 -23 -22 0
-18 25 -10 0
-38 4 7 0
40 -36 24 0
-2 -26 -1 0
42 -32 -26 0
32 17 33 0
-31 1 -32 0
38 -15 8 0
-2 -15 31 0
-17 29 -3 0
-8 23 33 0
41 -23 24 0
-42 -13 32 0
16 -12 1 0
11 20 -3 0
19 -36 -15 0
35 38 -28 0
42 -19 -9 0
-12 25 15 0
-35 -27 -11 0
2 3 -37 0
42 41 6 0
-10 -39 -13 0
15 -42 -41 0
34 -42 26 0
-1 8 41 0
-15 -22 -19 0
36 -23 -30 0
7 -25 3 0
-2 -33 26 0
42 31 30 0
-17 4 6 0
-19 -18 -37 0
40 -18 19 0
35 3 -7 0
19 25 -34 0
15 35 -24 0
34 -8 15 0
2 -10 23 0
-42 -41 8 0
20 -18 15 0
-2 32 -40 0
-5 19 12 0
14 -5 -19 0
-5 -14 -22 0
-1 10 -38 0
-26 -30 9 0
-34 33 -42 0
-4 19 14 0
23 24 22 0
12 22 7 0
-26 20 -33 0
-5 -10 -39 0
41 31 -21 0
-30 26 -18 0
26 19 -1 0
39 35 26 0
16 -35 -6 0
-13 -14 18 0
25 -26 -39 0
-19 31 -40 0
36 30 -26 0
11 -1 8 0
17 -42 9 0
-2 -35 -19 0
4 29 -8 0
1 -24 5 0
-1 9 -41 0
41 -24 33 0
-20 -28 -15 0
-28 -35 -13 0
25 -5 -32 0
22 37 -16 0
-38 21 41 0
-12 -20 21 0
8 29 3 0
12 -13 29 0
17 -27 12 0
6 -16 -37 0
-1 -40 34 0
-35 40 -9 0
-26 32 19 0
-27 -15 1 0
-26 -8 20 0
-39 33 -25 0
10 -20 -24 0
14 33 -32 0
27 30 38 0
37 26 -4 0
-3 -8 10 0
-3 2 14 0
-16 19 -14 0
27 -39 22 0
-11 25 -40 0
-24 -2 -7 0
37 -11 -21 0
35 -6 -38 0
36 25 -14 0
40 38 42 0
-28 -22 -26 0
32 35 -27 0
-38 27 20 0
10 38 -2 0
-9 -41 -22 0
-18 -35 -14 0
21 8 -30 0
33 -22 31 0
35 -16 41 0
-19 34 -3 0
-17 -19 34 0
-4 -15 3 0
18 -36 -35 0
-42 20 -23 0
6 -24 -27 0
-36 -16 -31 0
12 38 8 0
-7 -19 -23 0
17 -33 -40 0
-30 11 -25 0
25 3 29 0
1 6 -26 0
-16 -2 10 0
22 -13 -25 0
13 -31 -25 0
10 -6 41 0
-35 1 -2 0
-19 -35 -37 0
-25 -19 -2 0
23 -32 5 0
-23 -2 30 0
24 10 3 0
-24 20 -6 0
-29 39 34 0
13 18 -22 0
11 -9 -14 0
-42 31 -12 0
5 23 38 0
-26 -24 28 0
-26 25 -19 0
-12 17 4 0
-29 -25 -7 0
38 -33 -37 0
-16 18 3 0
1 -31 -37 0
33 1 -37 0
-1 39 14 0
-21 -27 40 0
-26 -32 -3 0
-36 7 8 0
