p 98 417
74 -42 88 0
95 -7 28 0
-90 73 34 0
72 96 37 0
-78 39 -60 0
-30 -74 -60 0
69 32 -11 0
-45 -10 -51 0
71 -63 -29 0
-41 -44 33 0
27 2 -88 0
-41 6 -74 0
-17 89 -47 0
-29 20 61 0
87 -11 90 0
5 -18 -76 0
-48 -62 5 0
72 -36 89 0
-64 -16 92 0
80 56 47 0
39 -19 16 0
-20 -38 -94 0
-6 33 27 0
95 -32 -10 0
-84 -28 79 0
48 24 80 0
-31 98 -45 0
-17 -47 91 0
21 -86 52 0
-74 75 -62 0
-15 -97 -42 0
-53 37 -82 0
-36 -12 49 0
-91 -36 -18 0
-14 -34 80 0
82 -60 84 0
-70 17 81 0
54 -2 -62 0
86 -88 -3 0
-82 -79 -29 0
21 -70 -79 0
57 -22 15 0
-29 56 57 0
84 -89 77 0
-49 71 2 0
89 22 83 0
28 -80 -91 0
91 -56 -41 0
-80 60 -17 0
6 9 14 0
40 -58 -60 0
-46 22 40 0
-3 13 64 0
-35 -77 -34 0
-26 -24 -58 0
-31 75 69 0
-65 -37 32 0
-45 -48 46 0
26 28 -46 0
28 -97 46 0
-66 -74 -46 0
91 -39 89 0
-39 87 49 0
71 -70 -40 0
-98 41 -92 0
-2 -88 41 0
9 40 -79 0
50 67 -45 0
-79 67 -32 0
-71 35 36 0
-93 60 68 0
53 -67 -56 0
97 8 87 0
55 -75 13 0
13 -24 -81 0
-6 61 -54 0
80 -51 63 0
59 -37 -19 0
16 22 13 0
39 -30 16 0
-25 78 5 0
-65 93 12 0
29 -18 -2 0
96 68 75 0
-87 98 -36 0
94 -25 -79 0
14 29 -18 0
61 75 -85 0
71 -77 45 0
78 1 15 0
-35 -43 28 0
56 86 54 0
-70 -11 -59 0
-12 30 87 0
44 -4 90 0
78 42 -89 0
10 77 97 0
-10 46 66 0
-74 96 -5 0
25 92 5 0
-20 -98 -59 0
74 38 -21 0
73 25 23 0
49 94 12 0
65 78 -22 0
-33 8 -86 0
-6 23 -34 0
7 48 -12 0
75 -61 8 0
-13 -56 38 0
-77 26 -48 0
21 14 -22 0
84 -43 2 0
11 -8 -7 0
-41 -51 22 0
-75 14 -39 0
-67 13 76 0
92 38 82 0
81 -71 -75 0
-19 -27 -4 0
-95 -61 -54 0
-25 6 46 0
19 53 -32 0
-41 9 59 0
-4 70 1 0
-65 3 -92 0
24 33 -87 0
61 -3 -14 0
30 -87 -91 0
88 35 69 0
-40 -64 53 0
-58 66 -45 0
30 -11 -43 0
-28 89 3 0
29 30 68 0
95 78 -39 0
92 -90 31 0
6 89 84 0
18 -29 26 0
13 56 -92 0
73 16 5 0
47 43 -64 0
45 -58 95 0
11 26 17 0
75 5 -38 0
82 -9 55 0
25 -82 87 0
80 -62 -22 0
-33 52 21 0
-98 -26 13 0
-87 93 -20 0
-62 47 75 0
16 -13 -85 0
-62 17 24 0
-66 -33 97 0
-86 -5 -61 0
-32 33 -13 0
33 -26 -47 0
6 -85 78 0
33 89 -72 0
59 25 -49 0
-36 53 37 0
-77 -43 -70 0
15 -22 96 0
-5 -53 11 0
-37 -45 -2 0
83 40 30 0
6 89 -97 0
-12 -94 14 0
8 20 69 0
-48 71 38 0
-78 70 18 0
-61 76 29 0
-91 -67 -93 0
91 -70 9 0
38 6 74 0
-96 -46 -38 0
-73 -12 95 0
4 3 -35 0
53 -97 92 0
-84 -70 51 0
1 58 91 0
13 90 45 0
71 -58 13 0
64 -40 -25 0
22 -61 38 0
94 7 -1 0
8 90 -49 0
77 84 -55 0
5 -3 97 0
36 7 31 0
14 22 -50 0
-27 44 80 0
50 -5 27 0
-80 -49 -98 0
42 86 56 0
95 52 41 0
61 -11 30 0
-15 -10 78 0
71 44 -85 0
33 -95 -84 0
40 -94 16 0
-75 -40 -24 0
-91 71 60 0
21 85 17 0
-47 -96 62 0
-91 73 -24 0
-35 -47 -21 0
92 22 54 0
-90 -48 45 0
24 26 91 0
-69 68 -89 0
79 -98 -28 0
93 -65 76 0
-60 -61 30 0
-93 -61 -87 0
-75 86 1 0
62 -82 33 0
-60 -2 49 0
89 -63 59 0
90 -10 -94 0
-38 -75 -40 0
41 28 20 0
-68 -78 21 0
26 2 -68 0
-69 26 -81 0
-16 61 -8 0
-13 5 -37 0
35 29 76 0
-16 53 10 0
77 -71 78 0
62 -97 32 0
-61 87 -2 0
30 -12 -40 0
-49 -78 13 0
67 98 -91 0
82 -52 -61 0
-21 -55 -1 0
62 -67 88 0
37 -78 -16 0
52 -37 -50 0
-32 40 -58 0
21 2 -94 0
-32 8 62 0
69 27 -64 0
82 50 31 0
21 -15 93 0
23 -17 -63 0
90 43 -3 0
58 -86 81 0
89 86 -58 0
21 50 66 0
45 -46 7 0
7 -49 -73 0
98 84 -68 0
-57 13 39 0
-15 -4 30 0
95 8 52 0
72 14 -33 0
-16 -88 21 0
59 74 -11 0
47 19 -69 0
7 -8 -63 0
74 -21 79 0
90 95 48 0
67 37 -31 0
13 -44 -62 0
-14 97 44 0
71 -2 11 0
26 -40 54 0
27 -8 -79 0
-70 -34 -7 0
1 -42 -89 0
57 56 11 0
8 58 5 0
81 77 -1 0
64 82 28 0
-2 -89 9 0
-27 -74 19 0
61 -52 29 0
76 -73 -88 0
6 71 65 0
-1 86 50 0
60 -34 50 0
-92 -7 97 0
-84 96 77 0
53 4 -17 0
-33 -5 -94 0
-81 -76 -93 0
-27 -38 -12 0
22 24 12 0
-14 -62 34 0
-92 -7 -62 0
-72 59 -53 0
-91 -74 86 0
69 -83 -79 0
3 92 -26 0
-65 -49 66 0
-63 23 85 0
47 -41 -26 0
-80 -50 -89 0
-33 41 -15 0
7 -64 -71 0
-72 -3 -55 0
60 66 -94 0
-4 70 -92 0
32 -87 80 0
-45 -88 61 0
60 90 81 0
43 -7 -96 0
19 31 30 0
28 -53 -68 0
85 -38 -31 0
-65 -35 -41 0
-96 42 10 0
-93 -80 76 0
9 -63 -34 0
17 -54 -88 0
-30 59 -40 0
1 -7 -17 0
-64 26 -54 0
-49 -55 -48 0
-80 -92 26 0
-62 -49 53 0
60 -43 -45 0
-9 8 4 0
60 37 78 0
69 45 14 0
86 10 -62 0
-88 -42 22 0
-37 -11 27 0
-93 32 -10 0
78 -26 88 0
-27 92 -67 0
78 45 -47 0
11 49 60 0
2 31 -98 0
-94 -29 -42 0
-69 35 -93 0
84 82 -14 0
71 -46 14 0
44 70 39 0
69 -32 66 0
98 88 -13 0
-60 -93 -16 0
7 65 -15 0
17 52 -9 0
56 68 -98 0
-10 6 -42 0
-40 -58 55 0
-93 -35 -15 0
81 -55 91 0
-77 75 13 0
66 27 -9 0
14 -91 -57 0
86 -31 52 0
-21 1 -6 0
25 15 43 0
-47 -15 45 0
-39 -21 92 0
-3 -44 -12 0
75 -79 52 0
-20 -37 77 0
7 21 43 0
83 -20 76 0
45 1 6 0
-5 -12 4 0
5 -68 -66 0
40 41 -38 0
57 98 -60 0
73 -53 -74 0
-16 75 -1 0
17 67 -39 0
-68 -12 20 0
23 56 -80 0
66 76 21 0
97 71 -9 0
30 -1 -43 0
-42 -79 -87 0
48 -27 87 0
62 30 95 0
86 25 -20 0
42 79 59 0
34 -26 -81 0
-17 -23 76 0
21 51 82 0
-68 20 -57 0
-70 29 -8 0
-68 37 56 0
-3 95 -22 0
35 85 -29 0
-31 -44 15 0
21 41 69 0
-9 -34 -93 0
7 -61 -46 0
-5 -19 3 0
-64 -40 -24 0
-14 -42 -19 0
80 -21 35 0
3 30 77 0
-53 66 -91 0
-3 -26 -28 0
-60 -66 20 0
-51 24 76 0
-82 -71 24 0
-74 -1 -45 0
-46 -66 -10 0
-48 10 42 0
-43 53 92 0
93 73 97 0
27 83 18 0
77 52 -48 0
28 -7 3 0
-82 -47 -60 0
-45 -49 73 0
52 6 -49 0
-92 -96 -18 0
