p 63 268
58 26 -45 0
-8 -56 63 0
-22 48 -43 0
-20 33 -13 0
41 -8 -7 0
-29 46 12 0
62 -33 43 0
-2 -60 27 0
-15 -39 -62 0
-51 32 58 0
-17 -39 -19 0
-9 53 -40 0
-37 -36 17 0
26 -34 -13 0
-49 -47 52 0
-15 -36 -37 0
-36 -13 46 0
62 -41 56 0
43 -10 24 0
14 49 18 0
-11 49 -35 0
6 -63 -13 0
8 40 5 0
-13 -48 37 0
43 -27 -33 0
44 6 33 0
-39 22 -9 0
39 -58 48 0
-15 -40 62 0
31 -62 29 0
-14 -8 -58 0
-5 -50 54 0
-59 13 -22 0
-30 -6 2 0
43 -60 31 0
42 53 6 0
3 45 47 0
-46 -3 -19 0
-22 -42 50 0
-9 36 14 0
-20 3 51 0
35 40 58 0
52 -30 -47 0
-16 -13 -51 0
-14 53 -63 0
22 -26 53 0
46 -55 -29 0
-31 -15 -44 0
-18 6 38 0
7 39 -33 0
41 46 -2 0
-61 25 22 0
25 -33 -22 0
3 -19 14 0
-30 -3 -21 0
54 -20 51 0
22 -25 32 0
-42 24 -59 0
32 -12 -47 0
-41 58 -44 0
-10 21 -62 0
-60 -57 -52 0
41 -14 27 0
-54 -44 -48 0
-4 -18 31 0
50 37 57 0
-29 49 -45 0
-20 43 -51 0
-44 2 11 0
-3 -38 60 0
-1 47 -38 0
-6 -48 3 0
18 -23 -42 0
-11 -16 5 0
44 5 28 0
-4 49 -1 0
37 26 1 0
24 -61 18 0
57 18 -2 0
36 -43 -57 0
-50 -61 -31 0
47 -15 -41 0
-60 -41 59 0
-10 -37 7 0
59 13 -44 0
-62 -41 -48 0
7 -35 -59 0
14 -24 -33 0
24 38 -41 0
-18 -53 -40 0
27 21 -5 0
24 8 -59 0
-30 -1 49 0
3 -54 -47 0
-1 3 61 0
-41 8 -47 0
63 -44 -26 0
44 -12 19 0
-39 -14 31 0
-26 -36 10 0
36 61 19 0
-11 41 3 0
27 -5 -49 0
53 -15 -4 0
32 -20 54 0
-53 47 42 0
-46 -8 56 0
4 -15 19 0
-48 11 46 0
-60 -52 23 0
-2 -7 56 0
-32 61 62 0
62 61 -43 0
-49 54 30 0
-33 -36 -42 0
-63 36 49 0
-18 42 3 0
12 35 61 0
-5 13 -33 0
-10 -59 -9 0
32 3 14 0
13 -10 -62 0
-39 -30 56 0
-4 -56 55 0
-2 57 5 0
47 35 -59 0
-14 -58 -36 0
-46 58 33 0
-62 6 -8 0
62 30 -50 0
46 -28 21 0
-40 -45 38 0
26 -40 20 0
34 -59 53 0
-39 -15 -1 0
55 19 -4 0
62 -44 -56 0
39 49 15 0
16 35 56 0
-51 -25 -3 0
-17 -24 31 0
-37 29 23 0
-54 15 -52 0
-44 -25 2 0
-6 -22 -26 0
-21 42 48 0
27 -31 -15 0
-39 -35 28 0
10 42 -47 0
-62 -25 39 0
12 35 44 0
-61 -41 62 0
-23 -35 -16 0
-5 -18 -34 0
20 35 27 0
-44 -6 45 0
-37 63 -4 0
61 -33 -50 0
-47 34 -38 0
16 -11 5 0
-13 54 -42 0
52 40 34 0
11 -44 -10 0
-34 -63 52 0
-6 62 36 0
-2 -62 10 0
55 -47 -6 0
1 -24 -6 0
56 50 -44 0
-62 1 53 0
-32 -3 -16 0
4 -34 48 0
24 -15 21 0
31 -13 44 0
16 -44 -13 0
59 -53 60 0
-15 -33 9 0
-4 60 16 0
35 13 -39 0
19 -27 43 0
5 -48 12 0
-32 10 -45 0
6 30 -1 0
-58 -19 4 0
36 46 6 0
30 -25 40 0
-17 -38 42 0
45 -23 -25 0
47 48 -53 0
-42 -8 -2 0
26 -36 17 0
-31 -58 48 0
-43 -17 38 0
-9 43 -45 0
40 -39 -14 0
-52 44 26 0
-3 6 -51 0
-1 28 -57 0
21 -55 -10 0
-10 -34 -15 0
-22 -49 27 0
-41 6 -24 0
-21 -49 -52 0
46 -8 28 0
-23 -37 4 0
-63 -46 10 0
45 55 -3 0
-46 2 55 0
-3 40 -57 0
2 -39 -50 0
-9 53 54 0
17 18 56 0
-45 -37 -29 0
1 28 47 0
-63 -21 30 0
-18 -11 -55 0
37 15 45 0
-47 15 35 0
19 -10 -38 0
9 -37 38 0
-27 41 39 0
-58 52 -15 0
-63 46 -6 0
6 17 34 0
36 29 -9 0
51 -2 -43 0
29 40 -32 0
10 -31 -5 0
12 -33 -60 0
-18 -57 3 0
52 11 -32 0
-6 55 27 0
34 -48 -46 0
36 -53 -55 0
47 -12 37 0
14 59 18 0
15 62 -30 0
22 -31 -55 0
-43 52 32 0
56 -57 -62 0
-23 -18 4 0
-18 21 -41 0
5 -50 39 0
30 32 -3 0
-50 7 15 0
-49 33 41 0
17 12 -39 0
-24 4 12 0
-13 21 -38 0
-36 30 5 0
15 -30 -25 0
40 -44 -61 0
-49 62 63 0
-25 -24 -46 0
-28 -22 -12 0
10 -14 4 0
8 -24 -58 0
2 -21 -29 0
58 -23 38 0
62 49 6 0
9 -27 46 0
-34 54 -45 0
16 46 25 0
35 21 -15 0
-44 -63 -58 0
-28 -57 -45 0
10 -60 8 0
-53 -41 36 0
