p 37 157
25 35 -29 0
10 33 -24 0
24 13 35 0
-9 -7 -18 0
-16 25 10 0
17 -15 6 0
-27 -10 -14 0
9 -3 -12 0
19 9 -6 0
34 -19 -28 0
-8 -9 -22 0
10 3 4 0
-24 -37 -29 0
-36 -15 25 0
8 -36 -35 0
30 13 27 0
-25 8 20 0
-32 27 -37 0
14 -11 -20 0
-17 4 24 0
27 -25 -22 0
11 14 5 0
14 26 -1 0
-13 27 23 0
-35 10 23 0
-8 -4 -15 0
-30 24 -8 0
10 -31 22 0
37 -17 32 0
-17 -3 25 0
-34 -15 6 0
-18 -35 -28 0
13 29 37 0
-14 -27 -3 0
4 -26 -20 0
-10 9 31 0
1 15 -26 0
-32 10 6 0
35 30 12 0
9 -20 -17 0
-17 -30 -14 0
19 26 -1 0
-4 -30 36 0
32 -24 -12 0
8 2 -4 0
11 -34 29 0
16 -15 14 0
3 -7 -8 0
-28 22 36 0
-23 34 -25 0
22 14 2 0
5 -11 8 0
-28 -15 -4 0
2 1 -12 0
34 9 -17 0
-32 -4 14 0
2 11 27 0
27 -11 -14 0
14 29 15 0
-32 6 -35 0
-20 33 29 0
-24 4 -10 0
10 -3 -1 0
30 24 16 0
17 27 9 0
3 -19 -23 0
35 -18 -32 0
-23 -5 -9 0
28 -32 -26 0
-20 13 37 0
-19 9 2 0
-5 -16 20 0
-13 -10 6 0
-24 7 13 0
-34 -31 -27 0
14 -20 -18 0
29 -18 20 0
33 23 12 0
25 -19 32 0
-30 -28 11 0
1 3 -23 0
-23 32 21 0
13 -29 -37 0
2 -24 21 0
29 35 -25 0
29 -9 6 0
21 -20 -28 0
4 11 5 0
2 -32 15 0
11 5 21 0
-21 26 19 0
-28 -33 7 0
8 -4 -9 0
7 -8 -28 0
21 -33 -35 0
-14 -34 20 0
-19 7 2 0
21 -13 -19 0
22 -3 1 0
-27 -16 25 0
37 34 8 0
-3 20 -32 0
4 9 28 0
14 26 19 0
-31 -34 -6 0
32 29 7 0
29 14 27 0
18 23 -13 0
-36 -35 2 0
-27 8 24 0
14 -23 -7 0
-12 -17 -33 0
29 35 27 0
2 4 20 0
-35 36 -26 0
16 31 17 0
14 -30 -12 0
34 10 12 0
-16 30 -9 0
31 -26 37 0
-21 -22 -15 0
5 36 -30 0
25 31 -27 0
-22 -21 -2 0
-32 14 -7 0
-14 5 -31 0
-5 28 18 0
-19 22 -27 0
16 -14 12 0
33 -32 19 0
-35 -9 -19 0
-31 -24 19 0
19 -4 31 0
-11 -13 -19 0
-16 -3 13 0
27 -15 -11 0
11 5 -31 0
-6 14 -3 0
-14 9 10 0
-17 29 27 0
2 -4 -16 0
28 16 -2 0
21 17 37 0
12 -25 32 0
-4 1 8 0
-29 26 -20 0
-10 9 25 0
31 3 34 0
-36 -9 -37 0
3 33 22 0
-25 36 -20 0
15 25 19 0
-3 34 27 0
4 17 -14 0
17 -25 13 0
-16 19 -8 0
1 11 8 0
