p 42 178
-27 -16 -23 0
7 -6 -13 0
20 -35 25 0
-1 -22 30 0
25 33 -42 0
40 5 2 0
19 39 37 0
-32 35 -19 0
-2 36 27 0
21 -29 37 0
9 42 -34 0
12 27 20 0
24 11 19 0
-15 5 -37 0
31 20 -37 0
-42 8 -21 0
-7 -33 39 0
-22 -23 8 0
-13 19 -8 0
1 -14 -37 0
-3 32 9 0
-10 -39 -30 0
-37 4 -23 0
6 37 34 0
19 -15 -12 0
9 -14 37 0
16 -34 -40 0
-40 28 -12 0
-5 -28 6 0
-5 19 -3 0
9 -24 23 0
15 -40 -12 0
33 34 -25 0
18 9 -33 0
-22 -34 23 0
7 -6 2 0
23 -28 -10 0
38 19 1 0
18 -21 -41 0
13 -21 4 0
-20 27 -38 0
19 7 15 0
17 31 7 0
-23 -37 6 0
-35 -10 -24 0
9 39 5 0
34 -7 -42 0
9 -26 27 0
21 -12 -41 0
-2 -8 11 0
4 -31 24 0
10 19 -32 0
-41 -35 -28 0
31 -2 8 0
-21 -27 -23 0
-31 -42 -34 0
-24 21 -28 0
-1 -24 -14 0
41 14 -21 0
-7 23 -29 0
-19 -8 -32 0
27 -25 8 0
12 40 -1 0
34 24 13 0
38 -5 -8 0
-27 -28 17 0
-28 4 -22 0
-31 -33 39 0
-22 -20 -8 0
33 -21 -38 0
-24 -35 -16 0
-18 -23 -15 0
-2 -39 8 0
-22 41 9 0
5 -26 -37 0
8 -35 -18 0
29 9 -36 0
-17 -13 8 0
-27 18 9 0
-18 26 4 0
41 -18 3 0
30 -2 41 0
-40 38 16 0
-18 -21 -11 0
5 37 -41 0
-16 23 -6 0
-28 4 -16 0
-42 4 37 0
-32 -33 9 0
15 12 9 0
21 28 34 0
21 -18 -8 0
-26 -31 -27 0
-24 32 39 0
30 -21 -22 0
24 11 -35 0
-34 22 -29 0
-13 1 40 0
22 -10 39 0
-25 -40 -3 0
15 -1 -8 0
-38 14 -27 0
11 42 38 0
25 24 26 0
-9 -31 -3 0
-39 -17 30 0
-19 24 16 0
11 33 -34 0
18 12 11 0
40 5 -19 0
-11 -3 -28 0
13 -33 38 0
40 -34 20 0
-3 32 21 0
-11 42 -33 0
42 11 -7 0
4 -24 -14 0
37 10 24 0
-22 -26 37 0
22 5 -9 0
14 -3 -31 0
41 17 20 0
18 26 -23 0
2 -1 -30 0
6 -13 -35 0
14 1 -23 0
-23 36 -39 0
-16 -42 -17 0
-21 -5 27 0
-21 35 32 0
40 -22 11 0
3 37 -11 0
-38 -34 39 0
29 20 10 0
-2 -27 42 0
20 -36 -21 0
-11 -23 8 0
-42 18 -38 0
-6 -14 1 0
18 -35 -3 0
-29 -32 -20 0
-42 34 30 0
31 -4 -2 0
28 16 -34 0
32 -42 3 0
-37 39 -5 0
-24 22 -6 0
-28 20 -39 0
23 2 7 0
37 -28 -39 0
-12 8 -23 0
-36 37 3 0
1 -5 18 0
-16 10 -29 0
-5 -32 -41 0
35 6 34 0
-31 -33 -42 0
33 -30 -13 0
-31 34 16 0
18 32 21 0
-36 42 -7 0
-33 30 41 0
31 -32 -40 0
7 26 17 0
-34 -25 -24 0
-19 -6 -1 0
-41 -14 -5 0
14 32 -18 0
-29 18 34 0
-30 -39 25 0
-11 22 -14 0
-13 32 -41 0
-31 16 -13 0
13 3 20 0
14 -20 24 0
-28 -27 -5 0
25 -11 23 0
11 -6 -25 0
