p 38 161
-11 -36 -17 0
8 13 23 0
23 -21 -19 0
-28 12 31 0
-7 20 -31 0
26 -36 30 0
-7 21 15 0
13 6 -28 0
-36 -38 12 0
-34 30 -36 0
-13 3 11 0
32 -4 9 0
-11 -38 -18 0
-29 4 -34 0
-17 2 1 0
22 3 -25 0
38 17 -28 0
-14 -32 -4 0
-9 -7 36 0
-20 13 5 0
-35 29 25 0
-35 -26 15 0
-31 29 -28 0
-12 8 -19 0
-8 34 -5 0
-12 -5 -13 0
-32 -7 24 0
-1 36 -31 0
38 -11 -28 0
1 -5 8 0
6 -29 -24 0
-7 -35 14 0
-15 -30 -14 0
-11 -37 32 0
16 -25 -10 0
-24 29 13 0
23 36 -5 0
-8 -6 -12 0
1 22 -33 0
-2 -33 18 0
-35 -28 5 0
-30 -29 18 0
-33 14 -29 0
-25 -2 19 0
-14 10 28 0
-12 -25 7 0
-13 -32 2 0
22 6 33 0
24 30 -25 0
4 -30 -36 0
25 -32 15 0
-4 34 22 0
10 5 -1 0
18 -13 -36 0
25 19 -20 0
32 -20 -16 0
-11 15 32 0
-28 -19 4 0
4 30 33 0
-1 -38 5 0
-29 -22 23 0
23 -31 -14 0
4 1 37 0
3 -27 -31 0
33 11 16 0
12 4 11 0
37 32 11 0
28 16 -1 0
13 -18 19 0
-23 38 -3 0
-5 -6 -3 0
-35 -16 -31 0
33 -2 -14 0
-13 -18 33 0
-12 15 38 0
20 27 -18 0
-18 37 34 0
-20 26 -23 0
-23 -3 12 0
12 17 -34 0
-21 -35 1 0
17 8 -19 0
19 15 33 0
20 4 12 0
31 32 -14 0
-38 -6 -16 0
8 -9 10 0
3 -21 37 0
-24 -28 -25 0
-6 29 9 0
23 -27 34 0
-4 13 29 0
7 28 36 0
32 -22 35 0
-8 25 13 0
-36 -10 -30 0
-30 3 -11 0
9 35 -21 0
-33 30 35 0
-20 -11 -12 0
-11 -7 18 0
-21 -8 -25 0
-15 -37 -29 0
8 20 -11 0
21 -2 -26 0
34 38 -4 0
4 -9 -27 0
-18 25 20 0
-38 10 -16 0
7 -32 -26 0
-16 13 -5 0
-16 -36 -29 0
-32 28 1 0
10 13 -18 0
-3 16 17 0
-27 -38 -17 0
-17 -25 32 0
-10 -24 -37 0
33 35 -16 0
-18 12 16 0
-2 -17 23 0
-14 13 10 0
30 32 -6 0
-23 3 11 0
-30 -18 35 0
-34 -18 -28 0
38 -31 14 0
30 -34 -15 0
21 35 32 0
8 33 7 0
-5 -11 28 0
-29 -27 -36 0
26 7 -29 0
35 -8 -17 0
14 29 1 0
6 35 -19 0
31 34 16 0
-34 -23 -7 0
31 -30 -38 0
-20 -19 -17 0
18 37 -7 0
15 -1 -38 0
32 31 17 0
36 -26 -10 0
21 -28 -25 0
-23 -17 -24 0
30 4 -3 0
26 34 -5 0
-23 24 -10 0
-28 19 26 0
-24 27 21 0
-13 -4 -2 0
-20 -7 -2 0
-32 -36 4 0
20 -22 5 0
15 4 13 0
-31 6 7 0
19 -8 -2 0
10 13 -8 0
21 -23 -31 0
-18 1 -30 0
