p 96 408
-18 -68 95 0
-12 -44 -54 0
59 -34 91 0
93 -22 79 0
-43 95 -94 0
-42 11 -2 0
-17 20 -93 0
60 66 61 0
-37 -86 94 0
40 46 -8 0
58 -21 82 0
-34 -39 41 0
-35 -44 78 0
-31 -14 42 0
-33 66 -67 0
16 -31 -63 0
27 -73 -25 0
-42 72 -19 0
13 53 24 0
-74 -14 -38 0
-69 60 -22 0
59 -44 62 0
-56 39 10 0
-32 -91 56 0
-91 -88 60 0
-73 -71 -7 0
43 38 44 0
92 -81 -67 0
4 15 -43 0
-64 -50 -17 0
-71 52 -79 0
-33 -69 -21 0
-82 -76 59 0
43 11 -89 0
82 -44 -39 0
20 -87 -77 0
15 -14 -43 0
-52 -2 -36 0
-95 75 84 0
86 -28 81 0
95 -91 -65 0
59 -87 -81 0
-47 21 28 0
-32 -31 -55 0
-19 -79 -69 0
25 -54 -55 0
41 -47 16 0
16 -48 23 0
13 34 -74 0
79 36 -95 0
21 90 -13 0
-26 86 -22 0
-6 24 -78 0
-90 -58 82 0
-70 75 96 0
69 11 73 0
-54 -63 -92 0
-39 86 -88 0
9 81 40 0
65 -27 58 0
70 36 60 0
-86 55 -68 0
96 -59 -83 0
35 -78 63 0
47 -82 35 0
19 -37 -65 0
62 -20 -81 0
83 -22 -3 0
-22 38 6 0
-94 88 28 0
-85 -50 42 0
-88 38 16 0
-63 -16 -70 0
27 -1 68 0
-21 -41 4 0
96 -86 29 0
-41 -49 -53 0
-82 6 -37 0
-32 34 -66 0
-68 -11 12 0
73 -53 -50 0
94 60 93 0
-44 -13 -61 0
-95 59 67 0
74 -4 45 0
92 46 34 0
55 6 35 0
-21 3 -14 0
70 -61 -55 0
65 -34 37 0
-84 61 -95 0
-24 -13 -38 0
55 -94 46 0
86 26 92 0
-33 41 -12 0
-48 -87 -66 0
-30 61 -42 0
-81 32 96 0
-11 -78 -43 0
39 32 7 0
-87 91 39 0
-71 -56 -25 0
-59 76 32 0
95 67 65 0
-94 -24 80 0
-36 -96 63 0
7 -43 78 0
-94 44 51 0
-33 -19 60 0
23 34 77 0
-87 2 48 0
-69 -90 -15 0
15 13 28 0
-90 -88 -21 0
8 48 -66 0
64 -13 -1 0
-52 -8 37 0
-26 -40 69 0
-96 -58 2 0
3 28 -32 0
-76 -23 34 0
-50 61 -92 0
86 72 -65 0
29 22 -8 0
-36 -17 86 0
56 -21 -70 0
5 -74 58 0
49 70 74 0
-51 -65 -74 0
-74 32 3 0
-48 11 -75 0
-72 -9 -19 0
19 33 15 0
58 32 71 0
62 -8 -58 0
-59 -8 38 0
3 4 -50 0
60 -58 22 0
85 -58 -80 0
78 87 15 0
-19 7 -53 0
-91 29 -15 0
-96 90 5 0
-16 -12 53 0
-48 -63 49 0
-56 15 -20 0
-77 47 54 0
62 -30 -36 0
-79 -38 33 0
20 23 44 0
91 84 18 0
33 -72 86 0
-50 -77 78 0
-82 56 -9 0
93 65 32 0
-55 -63 -74 0
-19 -43 80 0
38 48 -41 0
32 -59 -55 0
-31 -87 -3 0
-45 -58 7 0
-77 -52 -29 0
-52 -92 55 0
-48 94 -57 0
4 -13 26 0
8 -19 7 0
-78 83 -19 0
80 -75 -52 0
-57 58 -46 0
52 -30 -17 0
-50 11 60 0
-6 -30 78 0
-42 78 64 0
-85 -22 -44 0
-59 -61 15 0
73 11 25 0
50 -30 -88 0
45 -25 15 0
68 64 -13 0
70 -52 21 0
-36 4 24 0
6 -75 -80 0
-69 22 86 0
42 79 14 0
73 59 -13 0
43 -40 -71 0
-36 67 -63 0
-44 -89 -26 0
-70 -39 -88 0
-3 -92 -72 0
91 -50 53 0
-88 -89 -71 0
-96 -55 -20 0
95 87 37 0
56 15 -46 0
-71 65 27 0
-91 -57 -45 0
2 50 -60 0
-36 78 -68 0
8 96 -50 0
60 27 -92 0
-4 -30 63 0
-2 65 -50 0
-54 77 71 0
66 34 -93 0
59 11 33 0
-83 64 -91 0
-43 89 -71 0
-26 -39 37 0
-41 76 38 0
51 63 77 0
61 -52 83 0
-54 36 -96 0
57 52 77 0
-41 -65 16 0
-28 1 -71 0
65 39 72 0
9 70 -62 0
3 -40 77 0
-18 79 -50 0
-45 -79 -74 0
-13 -45 -40 0
46 34 96 0
-96 91 -66 0
-95 40 -53 0
69 7 -15 0
-1 79 -8 0
-65 77 58 0
-25 -93 -50 0
-81 26 69 0
41 -56 -40 0
53 -52 -75 0
-96 -61 -44 0
50 72 39 0
15 51 -10 0
-8 -87 -9 0
-13 9 -77 0
-29 60 -15 0
21 -95 -66 0
-8 -84 -36 0
-20 -91 3 0
25 -31 90 0
73 19 54 0
70 -82 77 0
-78 -66 42 0
-70 -76 -63 0
58 18 87 0
-47 -34 -50 0
93 58 -92 0
95 -43 -49 0
64 -36 -12 0
60 -55 -77 0
77 86 -51 0
81 64 87 0
-43 7 -69 0
60 71 -51 0
-59 39 49 0
-80 94 -81 0
-74 21 38 0
15 -21 48 0
-59 -89 -7 0
-68 11 -9 0
-46 -81 25 0
-22 70 -74 0
-33 -47 -54 0
-29 95 80 0
-67 36 78 0
58 6 13 0
80 58 -70 0
-83 -68 -80 0
-19 43 -2 0
46 -83 84 0
48 35 87 0
-91 -45 -67 0
43 19 96 0
76 -85 -92 0
20 93 73 0
-10 3 -87 0
-64 -39 -79 0
85 -55 -58 0
87 88 56 0
-13 -28 -72 0
-22 -66 -15 0
-84 44 -56 0
60 -8 68 0
87 23 -16 0
-34 -36 -43 0
-82 -27 -39 0
-67 -83 -28 0
42 23 -85 0
21 37 61 0
46 20 -90 0
-25 6 45 0
-4 2 89 0
-87 -90 -58 0
88 -10 -55 0
59 -10 87 0
-25 -55 75 0
-72 -63 29 0
15 -5 47 0
-39 55 -91 0
-96 -68 80 0
-12 33 -75 0
-84 -15 56 0
55 -3 41 0
-46 -3 88 0
-56 89 -23 0
55 58 -78 0
75 -85 24 0
-94 55 -86 0
-3 -15 27 0
29 17 62 0
32 -59 2 0
-42 -77 -84 0
-31 62 1 0
-3 28 82 0
14 -34 11 0
-74 -47 36 0
-6 3 -24 0
-27 -24 -71 0
-36 -70 46 0
-68 -45 29 0
-52 76 54 0
-33 71 81 0
70 -96 68 0
-73 29 67 0
-76 -71 31 0
-55 20 56 0
-36 80 4 0
66 3 53 0
-93 -91 -40 0
58 -92 7 0
16 56 2 0
95 -2 26 0
-2 -4 74 0
35 -43 1 0
-80 24 -85 0
-22 73 -72 0
-66 31 30 0
-5 87 34 0
78 71 48 0
-32 -23 67 0
57 -82 -55 0
-36 -56 -75 0
78 -63 -9 0
-64 74 61 0
-15 -21 -2 0
68 87 -62 0
-75 -77 78 0
-7 57 94 0
14 80 58 0
67 87 -79 0
-46 20 -61 0
-81 -3 -22 0
-15 -26 -35 0
-40 78 -53 0
-80 -1 -91 0
96 -87 33 0
-9 8 -89 0
31 -17 80 0
14 95 74 0
19 -51 46 0
-75 -62 4 0
-76 -36 -62 0
-40 -51 24 0
65 79 26 0
3 67 -30 0
-37 59 -49 0
-7 74 22 0
70 -37 13 0
-51 -79 -23 0
-28 22 6 0
88 46 -32 0
-55 57 44 0
57 53 -2 0
78 49 95 0
-56 76 -84 0
-64 -67 19 0
-18 -63 43 0
59 -44 91 0
-22 -20 -64 0
68 48 15 0
-80 65 -10 0
-33 -12 -13 0
61 -50 44 0
77 -84 -86 0
29 -50 73 0
-6 -37 -47 0
25 65 40 0
8 -29 48 0
92 -53 15 0
31 -22 -43 0
1 -38 34 0
-67 45 57 0
2 33 75 0
15 -77 12 0
91 22 59 0
7 9 88 0
-3 43 -18 0
38 -83 73 0
40 31 82 0
-12 -11 -48 0
-64 81 24 0
-42 -52 -50 0
66 -32 -4 0
-44 36 38 0
-45 -37 49 0
-19 -18 55 0
