p 90 383
-26 -25 -3 0
11 -61 -55 0
41 -46 56 0
15 25 33 0
-39 -9 70 0
-68 -16 49 0
88 16 -70 0
80 88 62 0
3 -78 -84 0
5 -88 41 0
59 3 72 0
-64 47 -51 0
-63 85 25 0
76 34 90 0
-24 12 81 0
71 49 30 0
-76 67 -19 0
-8 14 -75 0
67 1 35 0
-16 19 -88 0
2 -59 83 0
-53 -86 8 0
-4 31 -85 0
52 84 -29 0
-41 -9 53 0
55 -81 69 0
27 -30 10 0
-89 -5 48 0
59 -75 23 0
43 45 -5 0
49 -22 -73 0
90 87 66 0
-47 67 79 0
4 7 17 0
2 43 -83 0
45 64 88 0
-81 16 -57 0
-16 39 -59 0
-85 50 -31 0
-34 -48 -52 0
-89 57 -55 0
10 -52 57 0
-71 -61 32 0
56 -85 54 0
26 -48 2 0
36 83 -57 0
54 -56 -40 0
19 -7 34 0
4 26 -84 0
14 -26 -67 0
-34 88 -10 0
89 -16 46 0
-52 39 71 0
43 -77 -9 0
-82 -63 -17 0
71 52 76 0
-33 3 -89 0
-83 -38 -19 0
-87 -64 -80 0
-8 -17 56 0
60 39 15 0
-87 62 72 0
-85 -15 -9 0
-29 19 10 0
53 44 -74 0
-39 85 68 0
14 -12 47 0
41 -49 18 0
28 -66 -71 0
9 -34 -61 0
-84 36 14 0
32 -27 30 0
72 77 -6 0
-24 -83 16 0
41 -44 54 0
-52 -71 63 0
85 -44 65 0
-16 61 -14 0
-11 34 12 0
47 -23 20 0
14 37 53 0
-51 47 -20 0
36 -87 48 0
-8 36 15 0
-69 10 4 0
-26 -38 16 0
48 -18 70 0
-76 74 -72 0
-46 15 -23 0
85 -65 59 0
-34 -85 -15 0
-39 -83 -38 0
29 -37 -47 0
39 31 79 0
67 12 37 0
-4 -30 -25 0
-90 -3 -87 0
-2 46 78 0
90 68 50 0
-68 1 25 0
50 58 -45 0
10 -80 59 0
-4 28 -86 0
-24 -16 3 0
-77 52 -14 0
-68 6 -41 0
-82 -59 -30 0
-69 44 47 0
-66 31 -87 0
88 -69 46 0
72 -20 -58 0
-54 76 1 0
47 54 74 0
-88 30 59 0
43 -72 -70 0
65 -17 70 0
-73 19 48 0
82 -5 32 0
-31 -14 -8 0
38 78 32 0
-68 20 69 0
-14 -84 70 0
-71 46 -49 0
54 -45 -44 0
66 51 78 0
-12 80 -16 0
-2 -7 77 0
27 -72 74 0
45 15 -8 0
-35 65 -66 0
20 -37 -69 0
-45 21 38 0
-83 -66 37 0
47 5 76 0
76 -37 70 0
32 36 82 0
-10 -41 71 0
-12 27 -61 0
-65 -35 -86 0
-15 37 50 0
88 -87 -25 0
-42 3 -80 0
29 -56 -76 0
-16 -84 31 0
14 -51 19 0
16 89 15 0
-80 -72 -30 0
-84 29 -85 0
-32 5 -24 0
51 15 26 0
17 25 73 0
-63 -47 -22 0
85 13 58 0
88 -27 -2 0
16 51 -69 0
5 -4 -53 0
6 34 -90 0
90 80 46 0
-63 -55 -30 0
87 21 52 0
-20 62 -3 0
68 -42 86 0
81 -66 55 0
-38 -1 -40 0
57 -64 8 0
-64 -45 70 0
-46 85 18 0
-87 49 13 0
-16 -83 -65 0
27 67 35 0
-16 57 49 0
-3 7 -71 0
-68 -30 1 0
-87 -39 2 0
33 89 -46 0
64 -43 -31 0
-1 15 14 0
55 80 -45 0
-5 -19 -89 0
-69 -22 -28 0
11 -31 8 0
-74 -63 82 0
-26 -48 63 0
35 76 66 0
-79 14 84 0
35 -49 74 0
19 90 -37 0
-40 15 -65 0
-28 52 65 0
-29 -19 82 0
-35 -3 -74 0
-5 -43 -44 0
-41 -74 72 0
-84 58 14 0
-11 -72 -87 0
22 85 62 0
-33 5 18 0
68 -16 79 0
17 63 -80 0
-45 29 -13 0
-74 -34 -12 0
-60 -7 -8 0
-55 -66 -18 0
87 -90 61 0
44 39 -66 0
19 5 -61 0
-55 65 17 0
-50 3 -14 0
82 55 39 0
45 -34 -64 0
-21 56 -76 0
29 18 -41 0
-72 -37 31 0
-66 69 63 0
2 16 21 0
44 -63 -78 0
-6 79 -24 0
89 -51 -25 0
-30 -6 22 0
-46 21 -87 0
41 77 -6 0
55 20 -13 0
-11 -73 32 0
90 -25 -7 0
-55 -10 49 0
79 -73 -33 0
16 -40 -1 0
61 -59 34 0
-4 -7 12 0
-70 -81 26 0
-84 49 -7 0
46 -57 -82 0
-60 -29 -74 0
-40 -20 58 0
-45 53 -29 0
1 87 19 0
21 61 54 0
-42 -49 -67 0
-78 -23 53 0
75 56 3 0
-62 -14 80 0
35 -87 20 0
90 22 86 0
-73 85 -23 0
-82 44 43 0
71 -4 -19 0
-23 -35 25 0
-87 1 -29 0
-43 -16 42 0
-28 -37 73 0
36 -73 25 0
15 43 -28 0
-70 75 -89 0
81 -74 -71 0
-76 4 37 0
-13 -81 55 0
57 79 60 0
-5 45 -83 0
-5 33 70 0
-62 88 22 0
-50 7 58 0
-80 6 55 0
11 63 1 0
21 -22 84 0
-19 -18 46 0
-76 -5 40 0
90 51 -1 0
-15 -53 -90 0
14 -79 49 0
-68 58 70 0
60 -65 -58 0
6 -18 -45 0
76 -36 7 0
-19 -62 -21 0
65 -20 -38 0
47 -53 -57 0
48 86 -6 0
-13 1 -9 0
44 86 52 0
52 25 -81 0
-33 1 85 0
45 77 -31 0
-68 12 32 0
-67 58 -17 0
-4 -70 13 0
-11 -23 21 0
-57 -26 3 0
-4 -78 32 0
-33 -88 1 0
81 -44 -18 0
9 84 35 0
41 17 25 0
24 56 -39 0
8 72 53 0
-17 26 84 0
-81 -7 29 0
25 65 6 0
64 80 87 0
44 42 82 0
2 83 -32 0
-19 -5 33 0
27 -19 -82 0
42 -88 -16 0
-82 -55 -15 0
-50 61 29 0
55 43 -85 0
24 89 -21 0
29 -64 -38 0
-21 43 -46 0
69 48 64 0
-68 -45 -84 0
52 31 -35 0
-73 -17 -40 0
27 -42 49 0
-71 51 7 0
79 -1 -85 0
-55 -75 80 0
22 -42 -40 0
36 -41 35 0
21 37 -49 0
-79 13 -80 0
45 -70 44 0
-86 -41 -28 0
-8 29 5 0
29 -76 38 0
62 -3 9 0
52 39 -45 0
-48 -18 78 0
-57 -23 -27 0
-53 -71 -85 0
72 23 -55 0
1 -31 -78 0
2 14 -51 0
-72 -32 44 0
-48 -57 -63 0
-10 39 -88 0
7 22 46 0
-67 84 -14 0
-90 27 -19 0
-57 -55 82 0
-76 -69 -60 0
-50 79 -36 0
11 -16 -61 0
-65 12 55 0
-74 70 -59 0
-33 -89 3 0
-4 84 -27 0
72 -84 68 0
85 -12 -27 0
-8 -86 -51 0
-41 9 -51 0
-76 10 -38 0
-31 -16 15 0
-22 17 -3 0
-84 -22 -85 0
90 73 -67 0
-87 6 -14 0
53 46 43 0
-22 -56 -18 0
34 -75 -73 0
6 62 38 0
-44 -18 61 0
-39 -86 -59 0
-52 -22 1 0
6 -90 9 0
-29 17 -33 0
87 45 69 0
47 -20 -27 0
82 -11 71 0
-33 47 60 0
-62 82 -71 0
-80 82 -59 0
-62 34 50 0
68 -13 84 0
21 -80 -77 0
12 38 67 0
-89 -12 17 0
-8 -33 1 0
68 66 23 0
-48 78 -71 0
83 32 86 0
-21 -73 -2 0
33 -43 73 0
