p 37 157
5 -24 6 0
-11 35 9 0
-18 -5 15 0
28 13 -32 0
4 -20 23 0
-32 34 -13 0
28 3 1 0
33 2 -7 0
15 8 -5 0
-4 -23 -30 0
-28 -31 -27 0
-27 22 -37 0
-2 20 26 0
-12 7 -29 0
-8 -20 21 0
30 17 29 0
-12 22 -3 0
-1 22 17 0
26 13 -31 0
-12 3 1 0
22 9 -15 0
-4 5 -19 0
-25 18 3 0
-25 -4 -18 0
15 33 26 0
-29 32 1 0
-30 7 8 0
35 32 -15 0
-21 11 -34 0
9 36 -11 0
-36 32 -15 0
36 15 8 0
26 -6 -19 0
27 9 -15 0
-1 6 -21 0
-12 -1 7 0
34 14 -29 0
-23 22 -29 0
-12 31 -11 0
-34 -24 -5 0
13 -23 9 0
29 -28 36 0
33 19 31 0
-26 -15 36 0
6 -3 -23 0
33 11 34 0
20 -26 -4 0
22 11 -8 0
-7 -34 -11 0
-17 33 25 0
8 1 3 0
-34 -3 -12 0
-22 31 -2 0
-36 -34 -26 0
-18 28 22 0
7 27 -35 0
-9 -21 37 0
-17 -4 11 0
24 8 -34 0
34 -23 -27 0
33 -20 4 0
26 30 -7 0
26 -32 -36 0
-33 29 -26 0
-34 -14 13 0
6 37 30 0
26 -12 -6 0
-25 15 -3 0
-10 -19 -31 0
23 -33 -21 0
36 8 6 0
29 10 -23 0
8 25 -28 0
27 16 13 0
-1 -11 15 0
11 -3 -12 0
-17 -14 -27 0
-15 2 16 0
18 19 -6 0
23 -34 -21 0
-37 -5 -16 0
13 1 -24 0
-20 28 -35 0
-3 26 32 0
-4 -26 29 0
37 -16 27 0
8 -19 29 0
18 22 -9 0
-21 13 31 0
15 31 -13 0
-8 31 -21 0
22 2 23 0
2 -37 -18 0
-4 -7 -9 0
-14 15 -28 0
23 21 -6 0
-19 15 -36 0
-13 -31 -15 0
22 31 15 0
-23 -27 -29 0
-12 32 -21 0
-29 -21 25 0
-12 19 -9 0
-10 15 32 0
12 28 -3 0
9 29 13 0
4 11 -5 0
-30 -26 24 0
-33 27 23 0
31 6 -11 0
9 2 10 0
27 15 -34 0
-23 4 -33 0
-29 10 25 0
-21 11 -8 0
-19 -4 -2 0
-31 -15 4 0
-15 -35 -37 0
23 19 -33 0
-9 -12 3 0
-22 12 37 0
13 24 -2 0
28 33 -22 0
33 28 36 0
-25 30 6 0
-5 32 6 0
10 -36 -21 0
-8 33 -26 0
35 -29 30 0
17 -18 -1 0
1 15 -29 0
-2 -35 -31 0
-17 20 -5 0
-12 36 25 0
-30 8 -17 0
2 -13 18 0
24 -31 22 0
-16 -18 7 0
11 -22 13 0
-1 -2 21 0
17 29 -26 0
13 -14 -2 0
-26 -36 12 0
23 28 -30 0
7 -11 26 0
-32 -15 14 0
-6 36 -32 0
-2 -8 18 0
12 16 37 0
-26 -12 -11 0
29 21 32 0
-13 -32 -17 0
-35 -30 31 0
1 -25 -4 0
25 -16 -32 0
33 35 20 0
3 -30 -5 0
