p 87 370
-28 -12 -69 0
-22 59 -15 0
-10 -5 72 0
-32 78 66 0
-71 -59 55 0
42 44 -35 0
52 47 10 0
15 -24 62 0
-84 -30 -52 0
-42 -31 64 0
-57 2 -43 0
31 66 29 0
85 -19 -83 0
-47 36 40 0
35 37 82 0
-46 7 33 0
6 77 44 0
2 19 -64 0
-48 -57 15 0
68 -60 33 0
-72 -1 7 0
26 -56 -23 0
7 -63 -22 0
77 25 19 0
-48 -49 -81 0
30 -42 -85 0
-38 8 17 0
40 59 -7 0
-12 34 -68 0
-79 -6 20 0
-32 51 -2 0
22 -19 -71 0
48 21 12 0
-19 -44 -5 0
76 -32 -20 0
6 -80 60 0
-16 -18 -36 0
81 84 47 0
69 54 -59 0
-47 -29 -56 0
-21 -25 -5 0
24 46 56 0
11 -54 -79 0
-20 -34 -67 0
-74 -50 -41 0
32 -21 -11 0
51 34 74 0
-16 -66 -72 0
12 60 4 0
-32 44 -40 0
-79 -75 -23 0
40 87 -18 0
-14 39 67 0
-11 -34 -81 0
-62 58 -9 0
-25 -54 11 0
-75 1 -53 0
-17 -13 18 0
70 66 10 0
14 67 27 0
-23 32 11 0
-58 -68 -29 0
-28 -86 -82 0
-60 -6 -76 0
41 66 -68 0
71 43 29 0
44 -48 -69 0
56 -43 41 0
-15 33 -81 0
12 -64 -47 0
74 61 7 0
72 -1 -83 0
53 78 -71 0
-21 72 48 0
41 83 -31 0
-40 16 -7 0
-16 19 -34 0
-47 -80 -4 0
43 -18 20 0
-5 40 -42 0
-2 -43 -80 0
83 -1 57 0
30 57 -62 0
59 74 -87 0
-56 -70 -22 0
-31 5 -54 0
-30 -87 70 0
63 75 15 0
16 -56 -72 0
3 34 12 0
-40 -56 -3 0
-64 40 34 0
-82 20 -42 0
30 -83 72 0
-55 -23 2 0
-34 2 50 0
-74 -66 49 0
1 -36 -51 0
-9 37 -47 0
-19 23 24 0
-53 6 -78 0
82 55 -78 0
-46 64 -69 0
-87 -1 -77 0
75 78 -54 0
10 -4 -60 0
30 -51 -85 0
85 -42 16 0
-84 -86 4 0
54 -79 -70 0
63 -78 -48 0
20 -85 18 0
15 13 -36 0
18 81 11 0
-5 -30 66 0
-16 -6 -19 0
70 -62 31 0
11 -39 66 0
59 23 -64 0
27 85 17 0
10 86 41 0
-30 81 -77 0
6 14 82 0
46 -76 57 0
-23 83 -37 0
76 -70 58 0
66 75 14 0
40 28 71 0
-80 67 78 0
-71 84 -64 0
-17 67 13 0
-46 51 -2 0
-64 71 -52 0
-13 86 76 0
-49 2 13 0
9 -58 12 0
9 -68 -25 0
-20 -57 -35 0
-67 82 -61 0
29 -3 -12 0
-71 81 3 0
53 -27 81 0
-63 21 -50 0
-44 45 -3 0
37 -50 -20 0
3 -32 46 0
-8 -75 44 0
-4 73 58 0
-74 64 -51 0
-43 53 16 0
-18 -24 -26 0
-36 64 45 0
-33 -18 -86 0
84 -54 79 0
46 64 -49 0
35 -43 60 0
86 -75 52 0
-8 -72 -65 0
37 82 45 0
-8 -58 -79 0
-28 84 -80 0
67 50 -56 0
53 43 60 0
29 -26 -66 0
-32 43 -57 0
-23 2 52 0
2 -56 -33 0
65 -8 59 0
-12 -31 -7 0
60 58 -56 0
-86 -10 35 0
-19 -20 36 0
36 -2 71 0
-41 60 -56 0
29 69 6 0
-57 -82 2 0
-75 60 -57 0
-56 -83 -26 0
-84 31 -2 0
46 55 -38 0
3 -8 -44 0
29 69 -70 0
74 39 -24 0
-60 74 13 0
40 2 46 0
55 53 -21 0
-85 53 -3 0
-13 -76 22 0
-74 8 15 0
-29 -48 84 0
58 76 -49 0
74 50 19 0
-58 79 -6 0
32 81 -12 0
-77 -43 38 0
49 39 -16 0
6 -78 51 0
-36 -56 -54 0
-54 72 61 0
-33 -43 -46 0
-65 57 62 0
-38 -16 60 0
-44 -7 53 0
-78 -65 10 0
-2 46 75 0
-17 -69 -85 0
58 -48 -18 0
32 75 -38 0
43 -69 34 0
-41 -44 -7 0
-44 -70 36 0
-69 45 62 0
29 33 39 0
-30 -59 57 0
-49 76 -86 0
82 -67 80 0
57 12 -59 0
49 55 79 0
-41 71 17 0
-42 84 40 0
45 62 -40 0
-54 -81 3 0
85 -42 -81 0
15 86 41 0
14 62 72 0
52 -60 -1 0
-18 -7 23 0
22 74 -6 0
26 -7 87 0
54 56 44 0
-77 57 -48 0
76 32 -6 0
-31 41 -46 0
-45 29 5 0
7 22 81 0
23 40 41 0
39 45 -48 0
38 -27 -50 0
-76 -34 -78 0
72 33 -24 0
-32 -41 20 0
20 31 58 0
2 -43 -58 0
56 -19 -7 0
-33 -8 1 0
46 84 27 0
1 77 -42 0
-40 -53 37 0
18 -51 53 0
-30 62 77 0
5 24 85 0
-26 65 -76 0
-87 -48 80 0
-24 5 83 0
78 -76 3 0
14 -61 -81 0
-29 -50 66 0
82 -73 3 0
-3 -16 -20 0
-57 35 84 0
-28 45 39 0
8 12 6 0
-54 -19 63 0
25 73 39 0
-40 81 -73 0
-72 32 -55 0
-84 40 74 0
43 -23 9 0
40 69 -11 0
-83 -22 -33 0
-62 -9 -82 0
70 -26 -79 0
62 61 -32 0
83 43 -60 0
-61 37 -48 0
-18 -52 -87 0
-57 -53 -24 0
59 56 9 0
7 36 77 0
-85 -24 16 0
-11 28 -13 0
-1 75 -65 0
73 23 -44 0
65 53 -67 0
-35 29 77 0
54 -23 3 0
-28 -55 56 0
-63 10 -20 0
43 57 -38 0
1 58 -20 0
-36 18 -35 0
-72 84 69 0
86 25 11 0
-34 75 69 0
1 -42 -43 0
-30 -39 -36 0
-66 -46 2 0
-46 57 -38 0
60 13 66 0
85 -51 2 0
10 -39 -86 0
-28 -69 58 0
41 45 1 0
80 52 -67 0
48 -53 50 0
11 -13 -30 0
3 81 -21 0
75 34 -24 0
-44 25 -75 0
38 -19 -6 0
27 71 -52 0
68 82 -61 0
61 -84 41 0
-16 -5 9 0
-10 71 12 0
-22 -18 38 0
44 75 -79 0
-83 -45 18 0
-86 5 43 0
75 -77 18 0
61 1 68 0
32 1 60 0
78 73 24 0
49 -87 -38 0
76 -39 84 0
74 -70 -24 0
-29 -13 -85 0
33 5 -10 0
81 48 -22 0
-34 -19 13 0
13 57 9 0
87 -33 83 0
81 82 86 0
-67 -2 -78 0
38 -13 -43 0
7 -30 -49 0
-66 -14 -17 0
-78 -14 82 0
86 15 -44 0
78 -47 -87 0
38 41 21 0
21 -64 -68 0
-54 71 -46 0
48 -86 10 0
31 -80 -50 0
75 64 -17 0
86 11 54 0
-86 57 60 0
52 -37 -83 0
25 83 62 0
-51 3 -85 0
-14 64 62 0
-34 -20 -81 0
11 12 -3 0
-34 -3 13 0
8 34 -31 0
87 -69 86 0
48 -80 86 0
61 -33 -48 0
25 -80 -83 0
6 68 65 0
-46 18 -41 0
-13 -5 32 0
-82 -18 21 0
-34 -79 81 0
-56 86 -15 0
44 82 -31 0
45 81 -78 0
-28 19 87 0
-75 -60 64 0
