p 82 349
-13 -54 70 0
-76 -75 -21 0
-11 71 -74 0
76 -62 -50 0
76 48 51 0
-69 46 4 0
-47 26 -45 0
59 -72 -19 0
-53 59 -62 0
-41 48 -68 0
54 -71 -4 0
81 48 13 0
-45 -15 13 0
-45 70 77 0
-51 -40 -32 0
-10 41 -73 0
39 30 -4 0
-29 -52 -47 0
76 -12 18 0
-72 -30 -6 0
8 -55 37 0
13 -70 71 0
81 7 64 0
-66 1 -9 0
-37 31 60 0
17 -2 -21 0
70 -33 -56 0
-69 -49 -44 0
-26 -52 -64 0
-23 -58 -18 0
36 -25 -5 0
70 -72 67 0
-57 80 60 0
-1 -81 76 0
-13 27 17 0
-41 82 25 0
-82 -70 4 0
-28 58 -64 0
57 -11 15 0
71 -65 9 0
14 -78 -73 0
-58 -49 -42 0
-4 22 -43 0
-25 -43 76 0
-77 -43 -12 0
-63 54 58 0
-66 2 -52 0
57 25 63 0
-18 -11 -24 0
42 37 -62 0
-7 18 -12 0
78 -4 -24 0
22 -74 -75 0
35 33 61 0
11 15 82 0
78 57 -82 0
-14 -65 -68 0
55 12 17 0
-56 43 13 0
-58 -71 48 0
-16 -45 -3 0
25 -36 -10 0
25 -30 64 0
48 -12 50 0
36 80 -27 0
26 72 64 0
-26 -32 -40 0
-58 -7 61 0
29 -11 -35 0
-49 -12 -74 0
23 63 -77 0
-78 77 -72 0
22 -49 68 0
-72 17 66 0
-73 -7 26 0
49 36 74 0
-7 20 -39 0
79 -21 -42 0
44 1 -38 0
-36 -41 -47 0
-20 -38 -30 0
78 51 13 0
41 49 16 0
41 42 66 0
-81 1 -38 0
-2 65 -38 0
-24 19 37 0
-4 6 -22 0
-23 -30 28 0
-82 -30 80 0
51 -15 66 0
-29 79 60 0
-27 44 -55 0
41 39 3 0
-26 -14 -63 0
56 -12 -71 0
-82 -69 65 0
-32 -7 73 0
-31 -48 -28 0
6 -31 10 0
39 16 -70 0
-12 36 61 0
6 51 25 0
43 45 8 0
45 28 -48 0
72 22 30 0
-18 -57 25 0
66 -1 33 0
-20 -33 1 0
-57 47 75 0
-16 -18 -54 0
23 43 -9 0
-7 73 -9 0
-55 -80 -41 0
70 -17 -34 0
-32 -65 47 0
5 -76 -49 0
-3 -23 43 0
70 -4 39 0
-59 -56 -35 0
63 17 -24 0
51 20 -44 0
70 48 22 0
16 -3 -73 0
41 -27 -37 0
45 -70 -48 0
37 54 -24 0
36 -74 -56 0
-69 -27 51 0
8 28 15 0
77 -71 -45 0
-40 -6 69 0
-70 26 45 0
-19 -72 -42 0
79 -16 34 0
-70 10 -15 0
-76 24 -1 0
-59 10 -37 0
49 21 40 0
58 -56 -77 0
-34 -20 -32 0
29 -60 58 0
-18 -31 8 0
53 -62 32 0
-76 66 12 0
42 -7 -66 0
-80 -47 12 0
15 -7 57 0
-65 -26 33 0
25 -72 -67 0
27 29 -2 0
47 -22 -24 0
-79 29 48 0
27 -23 -29 0
-42 -77 -69 0
58 -56 81 0
30 -45 31 0
39 -5 27 0
-57 16 -9 0
-57 4 -74 0
34 -24 60 0
27 17 -61 0
50 11 -14 0
-80 64 23 0
77 27 37 0
-74 -42 -39 0
44 71 -74 0
-57 64 72 0
71 46 -54 0
-51 68 78 0
-1 33 72 0
31 25 78 0
78 -12 56 0
79 3 4 0
63 14 -64 0
-30 -7 24 0
-61 70 -2 0
78 -10 40 0
22 74 77 0
-8 -68 -25 0
-58 -1 -17 0
73 -14 70 0
-36 -72 -42 0
68 -62 -82 0
-45 -78 73 0
-8 -58 -29 0
23 -9 -59 0
-44 79 -60 0
-20 25 -40 0
13 25 23 0
-10 -60 -35 0
61 -54 -59 0
-40 21 -52 0
37 -76 -8 0
-72 -41 82 0
20 -3 -46 0
-74 -40 -11 0
7 -67 -72 0
46 -61 5 0
82 -11 22 0
-15 -42 39 0
77 12 -71 0
80 -2 -3 0
61 -36 26 0
41 -57 61 0
-23 -50 -57 0
73 -49 -33 0
3 12 -71 0
-6 -79 9 0
80 -77 -1 0
-14 12 38 0
-72 -9 25 0
39 5 -45 0
58 79 64 0
41 -69 33 0
78 -65 -38 0
56 -60 -27 0
33 -56 2 0
54 12 50 0
-46 44 74 0
-63 40 -72 0
69 49 6 0
-51 57 42 0
-44 -81 -60 0
-22 29 -15 0
60 76 74 0
-62 56 30 0
-27 7 -6 0
-8 65 32 0
-63 -8 -14 0
56 -18 54 0
-65 -67 -30 0
-24 -47 5 0
-71 -25 19 0
47 -49 79 0
-27 -30 79 0
-20 52 73 0
-32 -62 -82 0
7 52 16 0
-12 -38 20 0
15 -47 41 0
-43 42 -4 0
59 76 -82 0
18 58 42 0
7 60 -54 0
27 54 17 0
68 -43 -33 0
59 -18 -10 0
55 30 63 0
-71 49 -9 0
-65 -41 72 0
36 -9 75 0
67 24 47 0
15 21 -66 0
32 76 -14 0
-57 82 -61 0
-17 50 37 0
-8 -47 -82 0
-22 -26 -63 0
8 -9 -43 0
-1 -53 74 0
-15 37 -62 0
-42 52 -30 0
-35 58 -69 0
31 -82 -14 0
63 -9 -67 0
-1 -45 -10 0
-72 60 -13 0
34 53 25 0
44 11 76 0
60 -35 1 0
-64 -74 -62 0
66 67 54 0
50 52 -61 0
10 21 24 0
74 46 -36 0
80 -46 -47 0
-8 -72 -23 0
70 15 -9 0
-59 3 -45 0
-27 -41 78 0
-81 -57 55 0
-6 69 -66 0
-37 -36 32 0
-34 -72 -73 0
-81 -46 31 0
81 4 -3 0
-13 59 69 0
4 -26 -7 0
69 -75 21 0
-22 62 -21 0
-11 -32 71 0
69 -40 -68 0
73 4 -32 0
8 -28 -16 0
37 -11 24 0
43 -39 11 0
56 -32 -65 0
-21 -1 -46 0
-82 -56 29 0
-31 59 68 0
54 -22 -82 0
16 17 51 0
27 7 -65 0
-5 -78 -39 0
72 -1 42 0
21 -56 -42 0
38 59 -57 0
-6 11 59 0
-9 -53 -23 0
-35 -53 -26 0
-4 -7 -32 0
-62 60 19 0
81 -80 -38 0
-33 -81 -55 0
15 53 9 0
-19 44 27 0
9 -3 -76 0
78 -9 -68 0
36 -48 47 0
64 -33 48 0
74 -7 -1 0
-41 28 55 0
-40 72 62 0
-69 -75 -37 0
-80 -3 -18 0
2 82 -55 0
39 44 -31 0
36 65 14 0
65 -26 74 0
41 73 53 0
44 -32 -77 0
-16 -42 39 0
16 -26 55 0
-68 71 52 0
-20 -49 -8 0
-62 26 77 0
-19 16 54 0
20 42 43 0
67 41 14 0
58 79 -48 0
61 -73 -43 0
-25 -29 9 0
45 72 27 0
-82 58 -62 0
-58 -60 -48 0
52 -47 32 0
70 -21 -44 0
-11 81 69 0
