p 73 310
-23 -10 34 0
42 11 34 0
-15 29 10 0
57 -12 -23 0
-41 45 66 0
-26 72 -41 0
62 -3 -47 0
4 -27 -24 0
-70 -45 68 0
-2 -23 -46 0
4 -32 -70 0
5 -41 -52 0
-41 -37 3 0
-44 -42 -43 0
45 -60 19 0
38 73 7 0
-4 -36 63 0
-7 19 -29 0
-73 -22 -9 0
30 -7 41 0
34 68 42 0
69 -57 42 0
-69 50 -1 0
-31 25 3 0
20 -17 69 0
-2 10 44 0
-55 18 37 0
59 -55 -66 0
-62 50 -8 0
-55 -29 65 0
-37 -9 -70 0
-32 -42 47 0
73 -61 -26 0
69 45 -57 0
38 20 16 0
-4 -48 30 0
67 24 64 0
60 3 -29 0
-58 -42 70 0
69 -28 -43 0
-65 54 -25 0
-2 51 44 0
1 -52 -14 0
-24 -20 60 0
55 8 -37 0
55 -32 1 0
59 -30 -43 0
36 71 -37 0
-6 -7 -12 0
7 -23 30 0
-52 -27 18 0
-30 49 -32 0
4 29 73 0
-36 -56 57 0
-63 -7 49 0
20 -35 57 0
-51 63 -57 0
46 5 19 0
-49 -14 39 0
66 27 -37 0
-4 1 45 0
28 45 71 0
32 1 60 0
68 70 -39 0
47 54 53 0
63 -30 -65 0
68 12 -50 0
-73 -33 -19 0
-70 -61 -9 0
67 -37 32 0
-11 72 64 0
-8 32 -41 0
-67 -69 -60 0
-5 -72 69 0
27 -29 37 0
-70 -8 -30 0
-34 -4 12 0
-41 -1 -51 0
-13 -16 39 0
-3 39 43 0
45 25 52 0
-56 -1 45 0
-71 42 -23 0
-34 25 70 0
50 -56 25 0
25 -68 66 0
-4 71 17 0
33 1 63 0
-52 -43 15 0
-56 72 18 0
58 16 27 0
-29 53 -64 0
-17 -40 62 0
-17 -45 37 0
23 -47 -46 0
7 -67 15 0
-32 9 -2 0
-1 -50 58 0
-73 -64 7 0
-44 61 31 0
57 -64 -48 0
43 4 -70 0
41 -62 54 0
24 56 26 0
-47 67 -31 0
-20 55 34 0
37 -54 52 0
-72 -5 -31 0
-28 34 -19 0
-24 -4 -64 0
-60 35 18 0
43 -19 45 0
-33 -25 70 0
15 29 -48 0
66 -39 73 0
-26 28 -9 0
26 43 -27 0
-23 -65 -8 0
62 38 -30 0
-52 -23 16 0
-48 60 1 0
-31 -7 36 0
48 51 -47 0
-8 -68 7 0
-63 -48 -72 0
64 48 5 0
-28 23 -22 0
-48 -55 -28 0
22 -34 6 0
-21 -17 31 0
29 66 16 0
-29 -37 25 0
54 52 15 0
14 -8 13 0
-46 -4 14 0
-4 -65 12 0
38 -58 34 0
-38 -59 -6 0
-11 -28 46 0
-61 -31 -19 0
50 -8 10 0
54 -63 -70 0
-32 18 30 0
3 -39 -26 0
-70 -14 -8 0
-22 -69 -47 0
-49 39 -57 0
-1 -67 -52 0
56 -66 -41 0
36 -64 38 0
-65 -70 26 0
45 36 -31 0
-57 -8 23 0
65 32 15 0
49 25 -37 0
-65 17 26 0
68 -43 35 0
67 46 -72 0
69 31 -47 0
-71 -62 10 0
50 -25 66 0
-65 -29 13 0
-65 -47 -44 0
19 -13 -41 0
-29 39 -16 0
24 47 2 0
36 -21 -40 0
-22 -14 4 0
32 56 -54 0
54 -40 25 0
60 52 34 0
-39 14 -65 0
-23 72 -10 0
70 25 37 0
-49 17 58 0
-15 50 64 0
66 8 2 0
43 -34 -58 0
-68 -11 17 0
-31 4 -71 0
13 -59 24 0
-55 -46 -58 0
6 56 67 0
20 -37 72 0
-14 -32 40 0
-67 44 -10 0
52 7 -55 0
-31 -20 -32 0
-5 16 -1 0
48 65 5 0
62 46 -41 0
10 -48 -28 0
-52 -43 25 0
-42 21 -56 0
-46 18 5 0
-49 53 -11 0
-30 71 36 0
48 42 49 0
-47 -71 -23 0
2 -28 5 0
-70 -48 -60 0
58 -16 48 0
-61 -25 -8 0
53 38 39 0
38 72 -27 0
-39 26 -45 0
-51 -23 4 0
27 -73 5 0
28 2 -45 0
-4 40 -46 0
27 34 59 0
21 -57 -27 0
-31 68 -73 0
-69 -3 34 0
43 -58 -23 0
-54 23 -15 0
11 -46 24 0
-51 -8 -23 0
66 58 -62 0
54 70 24 0
58 -63 59 0
21 -71 52 0
-30 12 65 0
-12 -2 62 0
19 17 -59 0
-51 3 45 0
39 -48 13 0
-29 -8 16 0
7 -45 63 0
-4 -32 -72 0
14 -43 45 0
60 17 -66 0
32 -11 -4 0
-1 -46 39 0
70 4 66 0
-23 -25 -17 0
-58 18 11 0
53 -2 -10 0
58 -28 6 0
34 59 19 0
-29 -58 27 0
7 -38 -16 0
-70 72 -18 0
10 -24 73 0
-71 -57 15 0
52 17 -16 0
-16 31 -18 0
56 -19 30 0
65 -25 39 0
-31 -30 40 0
-47 70 39 0
-34 4 24 0
-50 30 -28 0
-9 -11 -61 0
-23 1 53 0
8 -60 -12 0
-21 -58 -30 0
4 39 26 0
-59 -54 -19 0
-64 -25 3 0
62 66 -47 0
41 -25 33 0
17 -22 58 0
47 -20 19 0
-21 -16 -7 0
-39 -4 33 0
-73 72 -16 0
-13 -50 -59 0
52 19 61 0
-25 -46 -65 0
19 5 -37 0
-70 40 -17 0
19 -49 51 0
-13 -24 -6 0
-30 -9 -73 0
-12 58 -13 0
-59 50 -4 0
33 -15 -43 0
2 -1 59 0
17 64 72 0
-5 71 63 0
45 -62 -36 0
-66 -53 20 0
-36 -11 49 0
31 51 42 0
12 -41 -51 0
-9 42 -72 0
31 12 23 0
-40 -33 -34 0
28 -8 -64 0
-4 -57 42 0
-44 72 -55 0
9 62 60 0
35 53 45 0
28 -53 -46 0
-63 19 -22 0
63 28 48 0
-37 21 -8 0
-24 73 -62 0
-7 36 -35 0
-10 -64 54 0
40 22 51 0
55 32 9 0
-57 -11 -67 0
-47 29 24 0
-53 38 51 0
49 -42 -45 0
-60 17 23 0
44 -1 5 0
23 -28 31 0
