p 32 136
22 18 -27 0
27 3 -12 0
-23 -24 20 0
23 20 12 0
23 -1 -29 0
-15 16 -5 0
29 2 -1 0
-30 8 13 0
-23 24 22 0
19 -23 -30 0
29 -10 -32 0
-31 -1 5 0
15 -18 32 0
31 -10 -5 0
10 -8 13 0
-16 -2 23 0
-18 12 1 0
5 24 14 0
-23 4 -8 0
-18 16 11 0
20 -19 -12 0
-18 6 -23 0
25 15 16 0
-10 29 -27 0
-9 -11 -6 0
22 11 29 0
20 -7 22 0
21 22 24 0
12 22 -17 0
7 6 22 0
12 9 23 0
-24 4 -1 0
-13 14 7 0
-7 -15 14 0
-16 31 21 0
-28 -10 3 0
-9 -27 -10 0
-15 28 25 0
-12 30 -21 0
10 17 -9 0
6 24 27 0
30 -23 12 0
-18 -2 -9 0
-2 28 -27 0
-17 11 1 0
6 9 21 0
-27 -30 22 0
24 -3 -4 0
-7 26 -30 0
6 -27 -14 0
-7 -25 29 0
-24 -18 -28 0
-28 27 32 0
25 28 18 0
27 6 10 0
23 30 15 0
-5 8 -4 0
11 21 3 0
-21 11 -19 0
27 -3 -21 0
22 32 -12 0
-14 -12 10 0
-14 25 -15 0
8 25 6 0
-4 -16 -20 0
-9 23 -6 0
13 -20 -12 0
-11 -4 20 0
23 1 4 0
20 2 -27 0
9 25 -26 0
16 12 5 0
-26 18 -27 0
27 18 -4 0
10 19 32 0
-7 -11 5 0
30 14 -3 0
27 -1 5 0
27 26 -19 0
17 1 -5 0
-12 -19 5 0
-31 16 17 0
10 12 7 0
29 15 14 0
-20 -3 7 0
1 -26 -20 0
11 -22 7 0
26 -22 -6 0
10 -29 -2 0
22 -15 30 0
4 27 14 0
-28 16 11 0
-12 8 -28 0
-3 -17 -2 0
-7 -32 -9 0
1 7 5 0
13 14 -24 0
-5 20 -26 0
19 -16 -6 0
-12 -25 -30 0
26 -23 14 0
17 -19 -14 0
-32 -17 29 0
-25 8 -7 0
9 18 7 0
28 -14 16 0
24 -2 -23 0
-3 12 -6 0
25 11 6 0
30 5 20 0
5 4 -15 0
6 -32 -8 0
24 -20 4 0
-2 13 -25 0
-14 -23 4 0
7 -32 -10 0
-27 11 15 0
27 -20 15 0
6 8 22 0
-26 -25 -19 0
18 -7 1 0
27 -9 -32 0
-14 -3 -21 0
30 8 23 0
-26 -31 -14 0
-28 -24 -12 0
-9 23 2 0
30 5 -12 0
-21 -19 -2 0
-12 -24 -32 0
2 -27 -29 0
7 1 27 0
9 -21 -23 0
-7 -29 15 0
-8 -13 4 0
-23 -1 10 0
