p 28 119
-8 -6 -18 0
28 21 7 0
18 24 -20 0
21 14 -22 0
17 -3 2 0
21 -23 8 0
-2 -24 -27 0
-25 -13 5 0
-14 -23 7 0
20 22 18 0
14 -7 18 0
-5 -24 -8 0
13 -28 -21 0
-14 17 -15 0
28 -15 24 0
-16 -5 10 0
17 5 22 0
15 3 -18 0
-17 -6 -1 0
-21 10 -20 0
-18 -3 -2 0
10 -12 -26 0
17 14 -22 0
-21 -26 -15 0
-15 -26 6 0
11 -13 15 0
-1 28 -4 0
-28 -5 2 0
15 21 -13 0
8 17 16 0
18 21 -12 0
14 27 -20 0
-21 2 -14 0
27 -4 -5 0
27 -9 -6 0
-1 -14 26 0
-9 -2 5 0
-21 14 15 0
19 -3 1 0
19 6 27 0
-6 -13 5 0
8 1 23 0
-28 -13 -22 0
3 -14 -6 0
-19 -23 17 0
4 -25 -19 0
-12 26 16 0
4 9 -2 0
25 -28 16 0
-5 -23 7 0
-23 4 8 0
-2 20 6 0
-10 20 18 0
-3 19 13 0
27 -22 25 0
-27 11 -6 0
25 -21 3 0
-2 -9 21 0
28 10 -16 0
-12 -10 -7 0
27 -23 7 0
13 -18 4 0
5 -20 -12 0
-17 5 -11 0
16 -13 12 0
21 -26 -19 0
-3 -28 22 0
-8 -9 26 0
11 23 -18 0
28 23 10 0
23 -17 -5 0
26 -19 -6 0
11 13 -12 0
-4 24 16 0
-26 -4 -25 0
-4 19 26 0
26 -27 22 0
-24 23 -9 0
5 28 -26 0
16 -26 -23 0
-9 15 -26 0
20 -26 -16 0
-16 -7 -14 0
19 -24 -18 0
25 -18 27 0
-24 2 13 0
-28 -24 -22 0
11 -21 4 0
11 -20 24 0
7 18 6 0
21 -13 20 0
-7 22 -4 0
13 6 25 0
6 20 -25 0
-8 -22 21 0
-4 25 13 0
-27 -1 22 0
-4 2 -21 0
-6 8 23 0
-5 -14 3 0
4 28 11 0
-21 -10 -2 0
-15 24 8 0
-8 -24 -9 0
3 9 25 0
16 -3 24 0
-10 -20 19 0
18 -1 -4 0
6 20 -8 0
22 -2 -5 0
22 24 27 0
-26 28 13 0
-11 14 17 0
-7 -12 8 0
-18 -12 25 0
17 -20 23 0
-5 3 9 0
25 9 -14 0
15 5 -23 0
