p 95 404
-70 -90 24 0
8 28 32 0
-11 64 80 0
18 38 39 0
94 -72 -48 0
73 43 -95 0
-68 -77 -93 0
-7 -74 -12 0
71 62 -7 0
-86 32 54 0
5 48 -31 0
67 73 51 0
95 26 92 0
51 66 -4 0
-49 -24 51 0
-63 -29 -44 0
60 -35 11 0
-38 -12 -39 0
-38 13 23 0
31 -75 -22 0
14 -91 -35 0
42 87 -88 0
-15 14 42 0
15 -78 -87 0
-75 77 55 0
5 -80 -57 0
-63 -88 69 0
-3 48 -86 0
90 85 -46 0
-91 33 74 0
-59 4 66 0
54 -42 -38 0
-65 -51 -23 0
17 -68 -66 0
-62 94 -43 0
42 -7 -32 0
44 -19 83 0
-19 86 -7 0
-81 44 48 0
-50 -84 15 0
10 45 -6 0
-1 64 15 0
-5 -18 -34 0
24 -94 -9 0
-88 -1 90 0
-22 7 -40 0
-78 -91 71 0
90 -53 63 0
-71 -26 -57 0
-10 38 2 0
1 36 49 0
-11 -78 33 0
-93 -8 25 0
-46 -80 27 0
80 -3 12 0
-4 13 17 0
-62 -10 -57 0
-18 27 -75 0
-15 1 -83 0
-49 26 -85 0
69 -88 10 0
88 80 -37 0
53 46 86 0
42 64 19 0
11 72 -80 0
-56 -64 21 0
23 -45 -57 0
-25 62 -6 0
88 -19 -4 0
47 -36 94 0
-49 26 4 0
94 -71 -63 0
-86 -71 -88 0
-28 -72 14 0
-15 20 -23 0
-49 -19 13 0
-50 27 23 0
-21 17 -73 0
93 36 38 0
66 51 -42 0
-45 75 -9 0
-84 59 76 0
23 -72 18 0
-72 -81 51 0
-71 -66 3 0
42 -62 86 0
-68 30 83 0
20 -84 58 0
-71 80 -92 0
-4 79 70 0
-91 62 -81 0
28 15 70 0
60 -10 71 0
39 -86 94 0
-22 58 -24 0
71 88 59 0
-61 -9 78 0
-64 -6 -72 0
72 -59 -83 0
70 -61 -44 0
-38 -70 -27 0
68 -73 38 0
-36 37 -14 0
84 -63 29 0
69 -1 41 0
-73 -66 95 0
57 54 -26 0
72 11 -46 0
-7 50 39 0
-2 77 13 0
83 -30 51 0
-66 19 31 0
87 61 85 0
-76 -23 -82 0
78 46 80 0
-85 -56 47 0
-45 -65 -87 0
-57 94 -90 0
-15 -16 59 0
-90 -91 32 0
82 -12 66 0
12 -79 -78 0
-72 -76 -71 0
-23 -43 -64 0
-61 -48 -27 0
-13 -4 -85 0
55 90 39 0
-75 -29 32 0
8 80 -35 0
-5 -89 35 0
-45 -22 71 0
52 9 -92 0
55 -28 -32 0
-65 -58 17 0
47 45 78 0
11 -82 1 0
-33 -75 67 0
67 -25 -55 0
-44 84 82 0
-21 80 17 0
-27 -84 -16 0
53 -22 -46 0
67 -93 -94 0
-88 -39 -62 0
10 -63 -74 0
80 -23 57 0
-6 39 -15 0
51 -15 -58 0
-64 49 43 0
5 66 72 0
86 -51 41 0
44 47 51 0
-43 -71 -26 0
-18 -35 -17 0
-12 -36 60 0
14 -7 64 0
50 -64 11 0
17 34 13 0
-26 -18 -46 0
40 -3 17 0
-50 -62 54 0
-48 -82 57 0
-29 27 -62 0
-92 -15 56 0
56 6 -50 0
-55 13 82 0
-95 -66 27 0
-67 9 -23 0
67 -30 -21 0
12 28 -41 0
-85 -55 93 0
33 6 13 0
-90 -76 -38 0
-4 68 52 0
-26 23 25 0
-46 9 -59 0
-43 -51 38 0
-37 43 -81 0
78 -18 47 0
40 21 6 0
-48 -3 53 0
38 14 71 0
-71 -10 -73 0
-41 77 3 0
-61 15 -89 0
49 36 -42 0
80 59 -56 0
-68 89 -17 0
90 -63 -26 0
19 -18 95 0
-85 61 44 0
89 -87 34 0
18 45 -64 0
81 66 82 0
-14 -76 -64 0
27 36 -66 0
-55 -74 -85 0
22 6 -29 0
-85 60 -36 0
56 -76 32 0
-8 51 -4 0
94 -60 24 0
32 28 -63 0
-76 -28 -89 0
26 -56 36 0
-3 -27 -42 0
8 40 27 0
21 74 12 0
-9 78 -87 0
64 26 56 0
70 74 48 0
-6 -12 40 0
-41 -91 -32 0
-66 -23 -91 0
-85 -29 26 0
-61 77 68 0
44 -43 -3 0
47 -10 -1 0
-62 -46 58 0
-22 -69 -23 0
-19 31 70 0
49 60 84 0
-22 -89 12 0
-88 70 11 0
64 -39 87 0
91 68 31 0
19 6 7 0
35 -45 -76 0
-28 44 -6 0
95 -2 -38 0
-60 -31 -90 0
-29 -89 91 0
-34 -74 72 0
-5 2 -10 0
48 -57 -87 0
-53 44 28 0
90 54 77 0
-7 69 -74 0
74 -38 -77 0
-29 -86 40 0
65 20 -72 0
70 -20 -12 0
-78 92 -61 0
45 29 -43 0
55 -80 -43 0
-71 77 -26 0
20 -19 44 0
-85 12 -84 0
72 -94 -60 0
34 78 -64 0
3 19 -76 0
-27 -64 -91 0
-38 -77 84 0
-94 73 16 0
-22 58 -69 0
-92 -45 11 0
-87 17 -27 0
1 85 -61 0
68 -39 69 0
-69 83 -21 0
-7 68 -25 0
-48 -44 -29 0
62 87 57 0
58 -14 84 0
64 -50 -20 0
-67 36 -6 0
90 -87 83 0
-34 -23 87 0
-76 -78 -57 0
-26 -19 69 0
-77 -26 72 0
31 94 -30 0
64 65 -31 0
-91 41 86 0
7 -5 25 0
29 -15 -72 0
3 -22 -11 0
66 83 -50 0
-2 6 93 0
-32 74 -61 0
48 -29 92 0
30 -40 -44 0
29 23 36 0
85 -13 -83 0
-83 -20 27 0
33 -74 30 0
-1 47 44 0
83 -86 32 0
59 -24 9 0
6 87 25 0
-54 21 -45 0
-45 20 9 0
54 -68 -30 0
46 -84 -8 0
65 -40 24 0
55 7 77 0
-57 46 -72 0
-38 74 -70 0
-17 1 -75 0
-84 93 20 0
32 -7 -69 0
-69 75 -12 0
12 -8 26 0
8 -16 6 0
-92 82 62 0
-6 -81 -71 0
24 30 -79 0
26 1 -60 0
-18 21 -50 0
-18 53 43 0
53 -47 54 0
47 -94 93 0
-9 -78 -74 0
5 31 -43 0
-6 -52 -7 0
10 -58 59 0
-43 42 52 0
35 -6 -73 0
86 8 72 0
24 -76 70 0
74 75 79 0
11 -56 -46 0
89 34 91 0
-22 -54 -64 0
-75 51 -16 0
73 -3 -91 0
-26 -8 -86 0
-72 40 74 0
-13 61 -55 0
-52 -18 -1 0
-75 -93 -77 0
-48 90 12 0
-42 31 89 0
-77 -32 -10 0
69 76 -27 0
-69 55 36 0
-95 44 -10 0
-62 87 -69 0
-32 86 -82 0
-14 70 -29 0
42 63 -23 0
75 78 -83 0
5 9 -14 0
-86 84 38 0
-85 94 21 0
-84 -57 -92 0
38 -56 73 0
59 -15 -68 0
-54 65 -34 0
22 69 53 0
-50 -35 -27 0
91 7 -82 0
21 73 80 0
86 -51 -56 0
73 47 -44 0
-74 67 56 0
14 -20 -73 0
18 -54 39 0
-75 78 -9 0
-49 70 47 0
-54 29 53 0
-54 -9 19 0
84 -76 -90 0
-47 46 87 0
34 -15 56 0
-64 -79 -10 0
15 -40 -55 0
-51 32 -26 0
42 -67 94 0
30 -71 20 0
79 73 6 0
43 -7 -36 0
89 83 -27 0
-69 70 39 0
66 -26 -40 0
-43 -71 -20 0
9 83 -79 0
44 18 -81 0
-44 -10 88 0
-82 51 -60 0
-62 -13 6 0
11 -15 -52 0
17 14 8 0
87 59 58 0
-40 -84 -51 0
25 -71 73 0
6 -23 -17 0
94 -11 -77 0
75 -58 24 0
-33 83 -66 0
-72 53 7 0
-8 58 66 0
-4 -69 51 0
-38 43 -23 0
41 -88 10 0
-17 -49 38 0
15 10 -35 0
-38 36 -85 0
-80 53 -58 0
-36 -21 -14 0
95 -32 43 0
-53 -29 9 0
65 -12 82 0
55 -77 66 0
