p 72 306
-59 -71 -47 0
19 61 27 0
-35 51 -66 0
7 19 -11 0
47 54 24 0
3 -2 10 0
68 3 -61 0
-33 16 -72 0
20 -23 33 0
61 5 -39 0
48 28 -66 0
38 60 -45 0
24 -55 58 0
54 -14 59 0
-69 71 -41 0
39 -56 -3 0
-40 -26 -71 0
22 -31 41 0
-1 22 -4 0
51 66 -56 0
53 -69 -34 0
61 6 -27 0
-60 -44 45 0
68 70 -50 0
-16 -62 46 0
-52 57 -3 0
40 -63 33 0
-70 -36 7 0
62 23 35 0
-69 57 -5 0
-9 -18 62 0
4 7 -13 0
-39 -44 36 0
21 -14 -36 0
39 -72 -11 0
-72 -27 64 0
55 9 -19 0
-50 -8 20 0
61 71 9 0
29 -40 22 0
-18 -9 63 0
-29 72 -4 0
-19 21 66 0
-11 -32 68 0
-2 -37 16 0
57 50 59 0
-47 22 -35 0
4 -14 48 0
-13 33 20 0
-2 45 -12 0
-31 -36 3 0
-6 -1 -29 0
-2 -4 18 0
72 33 5 0
16 47 -34 0
33 -54 60 0
62 66 42 0
27 19 -20 0
-46 -63 71 0
-68 24 42 0
48 -32 67 0
65 -52 17 0
63 43 28 0
-61 17 9 0
18 -61 38 0
-13 -20 -56 0
-41 -26 -17 0
-42 -16 -47 0
59 -29 52 0
-14 -37 69 0
15 -4 -49 0
60 70 -41 0
61 -24 31 0
50 -9 -48 0
-12 22 36 0
28 -2 -68 0
12 -2 42 0
35 -61 -34 0
8 -13 -69 0
-48 40 61 0
3 8 34 0
38 69 -56 0
59 19 -32 0
-7 65 24 0
-52 32 1 0
-65 69 -34 0
-11 -15 28 0
27 66 56 0
63 61 39 0
-1 -32 -11 0
-61 -38 -49 0
51 -57 -16 0
-19 68 -4 0
-69 -35 58 0
-30 -1 -25 0
-30 4 -64 0
6 -71 -25 0
15 -59 72 0
41 68 2 0
-45 -57 -9 0
13 8 -14 0
29 23 -7 0
-26 45 69 0
21 55 5 0
56 -19 -52 0
-10 9 -58 0
1 -14 52 0
-33 64 -65 0
52 -14 69 0
26 -38 -6 0
-67 40 -58 0
-28 34 37 0
35 -59 -48 0
-69 -17 -41 0
-3 27 -55 0
-59 -49 58 0
51 56 -17 0
9 55 -70 0
-63 -14 -41 0
27 54 -47 0
-56 50 15 0
-58 51 -25 0
-15 9 46 0
-9 60 8 0
69 23 -33 0
-38 -48 -33 0
22 72 36 0
21 47 19 0
-23 68 67 0
-3 52 -65 0
65 28 -19 0
-49 43 22 0
23 4 10 0
-4 -37 2 0
-55 63 43 0
3 64 20 0
18 -66 2 0
10 65 -53 0
12 53 61 0
29 -12 6 0
50 57 -55 0
33 51 7 0
-21 70 47 0
-21 33 18 0
16 -36 19 0
-52 -16 -25 0
-9 24 32 0
-18 20 53 0
-41 31 50 0
36 27 11 0
17 -6 -52 0
48 -36 -9 0
36 1 -48 0
-25 -27 -11 0
1 -50 35 0
60 -35 -21 0
41 33 54 0
-49 58 -42 0
72 -6 18 0
55 54 -52 0
-57 -43 16 0
-37 67 63 0
3 28 -48 0
-3 -30 -60 0
72 35 -6 0
65 12 -5 0
29 11 53 0
61 -32 -64 0
-46 -22 6 0
-28 72 59 0
-23 4 -71 0
38 35 -18 0
-56 1 -16 0
-64 61 -72 0
-65 8 -22 0
-51 31 11 0
-52 -5 -51 0
-9 -61 3 0
10 -33 -15 0
32 40 53 0
13 53 -66 0
-35 -11 30 0
-1 56 -20 0
39 -6 30 0
-53 30 11 0
24 51 11 0
51 -62 -4 0
13 -27 28 0
62 16 -55 0
-20 63 -5 0
-60 -42 43 0
-55 9 -17 0
-26 25 61 0
16 65 -2 0
-15 -14 50 0
21 -23 -48 0
-20 8 72 0
-69 11 52 0
45 -8 -52 0
-38 -65 -51 0
-40 69 -13 0
-65 38 -21 0
-47 3 -20 0
62 14 64 0
-17 22 49 0
-12 -11 -68 0
68 -55 70 0
-17 1 -15 0
38 -62 1 0
-61 -70 -44 0
15 26 39 0
-19 47 68 0
72 53 -11 0
44 -63 -28 0
-31 -37 3 0
-56 45 -22 0
12 -38 66 0
-46 -23 47 0
-7 -62 5 0
65 -18 36 0
28 52 51 0
6 -39 63 0
-21 -60 65 0
68 -3 43 0
63 17 46 0
-57 59 67 0
-57 -33 6 0
-64 -13 -1 0
34 16 -17 0
28 -64 13 0
-53 -23 -54 0
-42 27 34 0
23 48 2 0
-18 21 -35 0
32 -69 -46 0
-66 -16 -1 0
-51 -17 40 0
-2 39 -5 0
-13 -38 69 0
49 -2 23 0
33 47 70 0
57 33 10 0
27 32 71 0
6 12 64 0
-54 40 42 0
22 66 -24 0
-27 19 67 0
29 14 -5 0
-41 42 49 0
64 -29 44 0
-6 -7 -66 0
3 1 -54 0
35 -18 65 0
52 10 8 0
-57 -29 -7 0
59 -29 -44 0
49 -21 -52 0
-29 -33 -46 0
35 -28 72 0
-70 72 -71 0
-29 36 -66 0
49 -62 37 0
29 -34 -42 0
-64 -34 24 0
-70 62 -23 0
-68 -24 20 0
-57 36 -69 0
-58 62 56 0
-15 51 -3 0
71 -7 -32 0
-15 -4 47 0
-63 7 43 0
-41 -32 23 0
53 -30 37 0
-32 -24 43 0
17 35 6 0
27 -7 -20 0
25 2 -51 0
28 -42 48 0
-70 -11 -52 0
16 -51 -58 0
13 -62 38 0
-27 -12 54 0
-54 59 -36 0
-48 29 11 0
-12 -40 47 0
18 46 11 0
55 67 -36 0
-34 41 2 0
46 -15 72 0
33 6 47 0
-68 -37 44 0
-17 69 -21 0
16 46 -38 0
14 2 -33 0
-72 70 -67 0
-14 -45 50 0
-12 -26 -16 0
-21 13 -19 0
2 15 44 0
-15 35 -45 0
-18 9 -8 0
-54 19 50 0
65 18 12 0
1 44 7 0
-66 -15 -14 0
