p 43 183
28 -12 27 0
32 -43 -6 0
-4 -28 -16 0
21 -26 33 0
10 15 5 0
32 43 10 0
11 -26 -12 0
-38 13 5 0
34 26 42 0
-36 -42 -1 0
-13 -41 -15 0
-8 14 -32 0
25 1 20 0
-1 37 20 0
26 -28 10 0
32 -11 -29 0
-24 -28 40 0
-39 -31 33 0
-29 42 25 0
37 -16 27 0
16 -34 -20 0
28 35 8 0
-23 -26 9 0
35 -13 -30 0
-22 24 30 0
6 -31 -35 0
34 33 24 0
12 41 38 0
14 34 -43 0
-6 20 31 0
1 30 -22 0
-5 -43 11 0
33 -19 9 0
-22 -21 28 0
4 20 -19 0
34 7 -6 0
43 -23 20 0
12 26 -41 0
6 -31 17 0
-26 -39 16 0
9 2 40 0
-19 -40 3 0
34 37 -31 0
29 8 36 0
-9 14 30 0
40 15 28 0
-13 31 -27 0
-15 26 31 0
-4 13 41 0
4 36 -22 0
-23 -7 17 0
-36 -39 -42 0
-6 41 -22 0
-4 -35 -5 0
29 19 34 0
40 -37 9 0
25 29 -35 0
-9 31 29 0
-24 -37 13 0
-11 -7 -5 0
33 21 8 0
-28 43 -29 0
23 -31 -39 0
22 -27 14 0
23 -27 -35 0
-37 31 21 0
30 33 -41 0
-13 -35 30 0
22 -6 16 0
-34 16 -21 0
13 8 -29 0
8 33 -12 0
40 31 3 0
38 1 6 0
8 33 -36 0
34 -35 2 0
12 24 30 0
14 3 28 0
16 -8 29 0
35 31 -37 0
-26 -24 16 0
-12 -29 -34 0
-12 27 -40 0
35 2 29 0
-2 -33 -29 0
-16 40 -29 0
35 41 -4 0
-22 30 -12 0
-16 13 29 0
-33 -13 3 0
-13 -41 25 0
38 -39 25 0
24 -19 -18 0
27 -31 -29 0
21 22 10 0
24 -32 -26 0
39 19 -20 0
18 -5 -28 0
-24 33 37 0
27 43 -32 0
27 -11 -30 0
34 -26 -10 0
6 10 22 0
-29 17 -1 0
14 12 -38 0
13 -25 22 0
-9 -24 -20 0
-3 -11 34 0
31 -1 -7 0
12 -21 -36 0
-35 25 -5 0
25 -4 3 0
-12 -33 24 0
-39 3 -11 0
-25 30 35 0
-42 -4 -19 0
-1 19 -26 0
-10 26 -39 0
-34 42 -43 0
-6 17 -42 0
-20 27 -10 0
-13 -18 -11 0
-31 -24 -37 0
-26 -30 41 0
18 -25 7 0
15 23 -30 0
30 5 -17 0
38 -24 2 0
8 36 32 0
25 -10 -42 0
18 13 38 0
19 27 -41 0
6 -18 -19 0
-31 -27 17 0
-10 12 21 0
-8 29 -9 0
-25 -28 42 0
-25 21 -32 0
10 -22 19 0
-14 -27 -13 0
-22 16 -23 0
-27 39 36 0
42 -14 26 0
14 43 -36 0
-27 -19 -34 0
-43 21 -29 0
13 -20 24 0
21 -15 -13 0
-29 34 -9 0
39 -42 9 0
-10 27 -13 0
-19 -23 -6 0
32 37 -14 0
-11 -37 -21 0
2 28 37 0
-21 -9 38 0
9 6 30 0
39 41 -12 0
-10 29 -30 0
-3 37 2 0
41 -17 34 0
12 36 35 0
33 -5 39 0
-10 41 -17 0
2 4 17 0
21 16 3 0
41 -38 5 0
9 -5 -24 0
7 -37 -13 0
-40 41 -24 0
-2 25 -38 0
-2 42 40 0
28 35 32 0
-31 9 -19 0
21 3 -39 0
-25 11 -31 0
-13 14 7 0
27 5 -2 0
7 -19 34 0
24 33 -2 0
20 -39 -11 0
40 -12 34 0
36 -7 1 0
