p 58 247
-43 30 -52 0
-43 41 53 0
49 -46 48 0
32 33 58 0
-47 12 -1 0
58 -5 -54 0
1 24 -13 0
-34 -16 -20 0
-5 -31 -51 0
-11 -56 47 0
29 -4 48 0
49 57 -3 0
23 3 9 0
8 9 52 0
-10 43 39 0
12 -39 -40 0
18 -31 39 0
42 -36 -38 0
3 20 -27 0
1 -25 12 0
22 -2 5 0
13 44 17 0
46 -51 29 0
44 -18 9 0
-57 -19 23 0
-19 -39 -18 0
-46 18 -57 0
48 27 -38 0
-22 32 12 0
3 46 -51 0
23 -49 21 0
50 4 -16 0
-38 11 -47 0
6 27 -34 0
-12 -11 -18 0
-32 10 43 0
-9 10 33 0
39 52 42 0
39 -3 -27 0
-35 25 21 0
2 56 -29 0
-57 -22 -5 0
6 23 14 0
-55 6 9 0
36 -53 54 0
8 27 -38 0
12 -17 -31 0
-46 3 -28 0
13 -42 -23 0
-17 -7 48 0
18 52 14 0
-10 -4 -41 0
13 -6 27 0
20 -17 -16 0
-30 -50 -17 0
57 -49 -53 0
24 43 58 0
37 54 6 0
45 40 -26 0
-11 58 45 0
-9 19 -39 0
9 -30 41 0
7 -33 49 0
56 -12 54 0
53 -26 20 0
45 52 44 0
8 -49 54 0
-31 30 25 0
-10 45 37 0
-35 -23 -1 0
28 33 -1 0
45 -20 4 0
48 38 -51 0
-29 36 -6 0
-7 -33 -9 0
52 -49 39 0
-1 15 37 0
24 -48 54 0
40 -22 25 0
-51 17 -36 0
1 -37 -12 0
-43 -37 49 0
7 -45 -49 0
-53 -57 -44 0
-23 -36 -14 0
4 22 29 0
22 4 -15 0
-37 3 33 0
25 -53 -28 0
-35 -30 6 0
40 35 -56 0
26 -12 51 0
49 -48 36 0
-8 -52 14 0
-6 53 28 0
-9 53 29 0
-27 -48 43 0
-39 -44 50 0
58 -35 52 0
-40 34 55 0
-34 -16 58 0
50 -16 -46 0
46 -41 17 0
-56 31 1 0
3 -10 38 0
-41 -34 33 0
21 -45 -28 0
35 -41 -23 0
-9 23 57 0
16 -56 49 0
5 41 34 0
16 -51 -18 0
32 -51 20 0
-30 13 -32 0
19 -16 32 0
-45 -54 -4 0
42 -5 -52 0
33 -37 -7 0
48 46 -42 0
8 -34 43 0
9 49 -33 0
-28 -56 30 0
32 30 -12 0
21 29 -44 0
29 -43 -50 0
52 -44 -18 0
-8 51 -49 0
37 -4 -7 0
51 -8 49 0
57 46 42 0
-36 42 -54 0
14 -4 -49 0
-43 39 -22 0
26 27 57 0
-56 44 42 0
28 11 10 0
42 6 33 0
-34 -30 36 0
12 -54 -3 0
31 -27 29 0
-48 5 -58 0
-50 -43 42 0
16 -56 -19 0
7 46 -29 0
43 37 -33 0
28 34 47 0
34 -27 26 0
47 -40 1 0
-44 -37 42 0
-33 -47 -22 0
-45 -35 -21 0
45 -29 -15 0
30 14 -8 0
16 -26 48 0
48 -42 38 0
-11 -12 50 0
38 15 -57 0
8 38 37 0
-31 55 50 0
40 -12 47 0
37 57 50 0
45 -15 -26 0
-17 -54 -33 0
12 19 -10 0
-2 -17 -56 0
58 -21 -6 0
42 -57 -58 0
28 43 10 0
-21 18 -42 0
-37 -24 28 0
-25 55 18 0
51 30 3 0
-57 4 -41 0
-21 -3 -36 0
49 27 51 0
-33 -11 5 0
-12 -52 53 0
31 -17 -13 0
-50 3 8 0
-27 23 12 0
11 -55 -38 0
49 -35 -17 0
22 -3 -31 0
14 42 23 0
-2 -26 -3 0
19 -22 -34 0
45 51 14 0
-24 15 50 0
-31 -48 53 0
2 -48 39 0
21 2 55 0
58 -34 -43 0
40 29 -38 0
19 -30 -51 0
11 -17 -43 0
45 -37 -7 0
25 -27 3 0
-10 33 -21 0
-1 -47 -17 0
43 37 40 0
-24 -7 -42 0
-14 15 17 0
46 26 15 0
-9 50 45 0
34 -23 -29 0
-48 39 -21 0
52 49 19 0
7 -53 54 0
54 41 -52 0
-31 -53 -20 0
31 35 -28 0
-51 -13 -15 0
33 8 -11 0
-44 -6 54 0
-36 -40 19 0
-28 18 -26 0
-23 -56 8 0
-58 48 28 0
-39 -9 2 0
23 9 -16 0
-25 31 -43 0
-42 27 18 0
6 -29 8 0
-45 5 -30 0
-16 -3 57 0
45 15 38 0
-43 -48 -53 0
1 -39 -2 0
-42 53 -46 0
22 -37 -21 0
8 7 -3 0
-34 10 -27 0
39 16 -1 0
55 -51 18 0
42 25 -27 0
-17 -58 48 0
4 -27 -26 0
-52 -45 -8 0
-39 32 -8 0
2 31 44 0
29 -47 14 0
-1 -19 -20 0
-7 3 58 0
-47 24 43 0
-29 -44 22 0
-7 -13 56 0
-58 43 -32 0
