p 68 289
-6 20 -45 0
24 54 55 0
28 -49 -54 0
-60 -43 -19 0
-18 -36 41 0
-19 -23 33 0
-36 -37 -24 0
51 -37 20 0
-33 6 -17 0
1 30 -53 0
-53 61 -11 0
43 -24 30 0
-54 48 -64 0
-25 -31 -42 0
-63 52 65 0
50 -68 -67 0
-32 65 52 0
65 -63 -52 0
41 34 62 0
-49 -53 -61 0
-65 27 -38 0
17 58 -10 0
-2 20 -40 0
19 27 16 0
11 8 -55 0
49 59 -1 0
66 44 -36 0
52 -60 -39 0
45 46 -36 0
13 -60 57 0
-27 -56 -61 0
-50 -36 -59 0
43 -50 -57 0
64 37 -9 0
57 -29 -13 0
16 -44 -21 0
26 -31 -18 0
-46 4 35 0
53 25 17 0
37 -40 -62 0
-6 43 -55 0
27 2 -24 0
32 -39 -41 0
55 9 -44 0
48 -32 3 0
59 68 -37 0
-60 -13 25 0
-19 -35 8 0
-7 -43 22 0
-28 -27 66 0
-19 -25 -3 0
49 -41 -20 0
51 -7 -53 0
-34 36 -64 0
19 56 46 0
14 -48 51 0
-67 -24 -50 0
55 -14 -47 0
-5 3 -47 0
-48 -58 20 0
-31 14 -7 0
44 52 65 0
-43 -21 66 0
66 -7 19 0
-44 24 7 0
-38 -50 24 0
14 -24 2 0
-36 60 5 0
-27 10 23 0
-41 10 42 0
55 -68 -40 0
-54 56 -63 0
-12 -31 36 0
-14 37 45 0
-9 -53 30 0
-46 -39 -16 0
67 -56 -31 0
-26 -66 -59 0
-68 37 57 0
25 49 46 0
-34 36 7 0
7 2 -62 0
-44 -28 40 0
5 33 54 0
-10 27 51 0
34 11 42 0
12 -48 1 0
-34 -41 19 0
40 -1 41 0
14 26 51 0
-68 -60 -22 0
57 35 10 0
-24 -66 -23 0
2 -38 63 0
55 9 -7 0
-30 -9 -29 0
14 -19 15 0
5 13 61 0
28 -4 -54 0
32 -4 15 0
-46 40 -56 0
-44 52 45 0
-57 -4 -43 0
22 9 26 0
28 -44 -22 0
5 57 -37 0
1 -22 37 0
24 40 -22 0
-30 -60 32 0
32 -63 31 0
7 38 -62 0
6 -44 -64 0
28 -54 7 0
27 3 -11 0
-12 -62 23 0
-27 18 -48 0
-13 -9 -27 0
48 -44 -35 0
-52 15 -33 0
68 -1 66 0
52 -7 -17 0
26 17 -44 0
-57 33 -23 0
-48 -20 -30 0
-39 64 8 0
25 -56 -17 0
-59 -62 38 0
-50 57 63 0
19 25 66 0
-33 13 24 0
-15 59 29 0
32 13 28 0
34 3 35 0
-26 50 43 0
-44 41 -6 0
58 -13 -8 0
-29 -51 -65 0
-64 3 -24 0
63 -25 40 0
42 37 -32 0
31 -62 65 0
16 -1 -39 0
-49 59 -21 0
-66 -29 -32 0
-38 48 9 0
-63 -3 -53 0
-50 34 10 0
9 -16 -5 0
-52 -4 42 0
22 37 2 0
-13 -57 -33 0
-23 -45 -61 0
57 -59 11 0
-1 -2 -52 0
-15 13 -48 0
-7 -55 63 0
40 34 63 0
24 -28 -36 0
62 -11 2 0
-35 -47 -10 0
-1 -21 -15 0
-65 -35 1 0
61 -66 -11 0
-29 -4 42 0
-7 3 -39 0
-48 -1 3 0
40 -67 -23 0
-58 10 -42 0
-62 11 49 0
6 20 -34 0
60 62 4 0
25 59 -47 0
-66 62 -20 0
16 14 -30 0
-20 17 68 0
60 2 7 0
-56 28 10 0
-42 30 54 0
-62 9 67 0
-36 -24 -10 0
49 52 -34 0
-26 -56 3 0
46 -53 23 0
61 -67 -59 0
40 -4 -54 0
1 -32 -6 0
15 61 -55 0
45 29 -18 0
39 -23 10 0
56 -44 -61 0
13 -68 12 0
63 8 48 0
48 25 -58 0
35 -30 -41 0
38 -33 -53 0
12 28 -35 0
-30 44 12 0
-6 50 4 0
55 13 59 0
-57 -3 53 0
-4 9 34 0
-30 -3 31 0
47 -34 -61 0
41 24 -28 0
-34 -42 1 0
50 47 -52 0
-64 25 34 0
62 -5 -14 0
58 10 -24 0
-39 -17 -65 0
14 -27 -29 0
-63 19 -50 0
-47 49 -30 0
-3 -9 -65 0
38 -37 -18 0
9 51 63 0
-2 -58 -20 0
59 12 37 0
-5 -27 -58 0
-68 -17 7 0
38 -61 -46 0
30 -68 -20 0
15 -60 22 0
51 -55 46 0
51 -53 -29 0
28 59 43 0
-11 1 -31 0
42 -7 -16 0
67 60 -51 0
-45 -52 3 0
-44 48 49 0
-22 42 -68 0
-14 -22 39 0
-18 45 55 0
-5 -67 24 0
61 -62 24 0
25 -55 12 0
7 20 3 0
5 -40 -34 0
39 -15 65 0
-3 -27 53 0
-28 22 -32 0
-12 3 -20 0
-33 41 -9 0
68 9 -26 0
38 18 24 0
47 2 -42 0
54 51 -24 0
27 -16 21 0
33 5 68 0
-40 2 25 0
64 16 21 0
-5 -28 32 0
13 -40 42 0
5 60 -52 0
-65 -50 -60 0
-12 -31 -5 0
21 65 9 0
-43 40 5 0
-41 50 24 0
-23 -40 -1 0
3 57 -40 0
5 -67 40 0
-17 -63 27 0
-6 -28 -30 0
-40 18 31 0
-40 5 -51 0
-10 23 -16 0
-45 -42 19 0
-33 28 -61 0
38 -50 56 0
68 63 66 0
-55 -3 -2 0
3 4 49 0
-9 13 62 0
14 29 -50 0
56 29 45 0
-43 -45 -59 0
-55 -65 56 0
-16 -58 29 0
43 36 -26 0
-5 66 -33 0
18 5 -47 0
-56 -13 -44 0
27 -14 65 0
-31 -58 -68 0
-65 -21 -43 0
-27 66 52 0
27 44 -55 0
