p 55 234
20 48 -43 0
-37 2 -50 0
-24 -14 25 0
-33 27 1 0
-29 9 4 0
43 -12 -2 0
-20 30 7 0
-55 -37 8 0
50 -48 16 0
-1 -4 48 0
28 -30 -22 0
-32 -47 -49 0
-9 -17 -44 0
8 10 -45 0
36 -10 -14 0
-44 25 -19 0
-30 -39 -9 0
18 -3 7 0
-4 11 -31 0
48 -5 -46 0
9 -4 -41 0
36 27 -6 0
-18 48 -34 0
33 50 2 0
-6 -27 -51 0
-43 -39 34 0
-15 -23 -27 0
55 39 -52 0
-20 -32 -54 0
3 21 36 0
2 33 -41 0
43 -37 10 0
-39 28 42 0
-49 3 -5 0
-46 51 -19 0
25 -40 -30 0
-29 9 -30 0
36 26 -51 0
-12 -30 -41 0
41 -25 -35 0
44 29 -1 0
48 2 38 0
33 21 51 0
15 -33 52 0
14 -9 21 0
-53 -30 -41 0
1 -27 -2 0
-50 33 13 0
-10 -14 16 0
-27 -38 20 0
16 27 -3 0
-49 -37 -15 0
-31 11 -55 0
31 46 4 0
1 36 -20 0
1 45 -20 0
42 29 22 0
-25 4 -26 0
46 36 -22 0
13 -24 -40 0
7 10 -6 0
53 6 -22 0
7 19 39 0
-40 46 55 0
19 -14 -47 0
9 -23 55 0
-8 -12 54 0
-12 45 -2 0
-5 -3 11 0
41 -33 -29 0
32 -54 -48 0
51 -55 41 0
53 49 44 0
-32 47 55 0
23 -26 -49 0
-15 -38 -13 0
-34 -33 -53 0
-37 20 -14 0
32 48 29 0
29 38 -26 0
42 18 49 0
-52 35 40 0
20 -22 -5 0
-6 -13 1 0
-23 -20 -27 0
2 13 -20 0
-1 -31 -49 0
-39 11 36 0
29 49 5 0
-25 -9 -41 0
18 -55 54 0
27 2 -49 0
-8 -35 -55 0
14 -48 -12 0
53 54 -21 0
36 -13 48 0
-43 32 52 0
34 35 17 0
-44 13 48 0
-24 -54 -29 0
38 9 24 0
-43 -2 -50 0
3 40 -37 0
-7 -25 1 0
35 26 51 0
20 -50 55 0
18 20 -12 0
-20 32 -21 0
50 -16 40 0
3 -52 13 0
25 -53 -32 0
-22 -9 -38 0
34 -25 16 0
54 37 45 0
-14 -29 27 0
-7 23 -41 0
51 -8 -35 0
-43 -10 -55 0
-42 -22 15 0
46 29 28 0
53 -18 10 0
-10 -17 41 0
54 21 25 0
42 29 -1 0
50 2 39 0
49 29 -31 0
40 23 47 0
39 -23 -38 0
-43 -32 38 0
44 12 -29 0
-20 -26 -24 0
-42 -4 -44 0
30 44 -1 0
43 25 40 0
51 -32 3 0
36 16 -17 0
30 -40 -21 0
33 43 49 0
-55 29 -39 0
26 -13 -6 0
36 24 -7 0
-43 20 54 0
34 19 -3 0
6 -45 19 0
35 24 31 0
44 -9 -23 0
-41 32 -16 0
20 22 -13 0
53 44 20 0
-40 -45 15 0
-19 18 -44 0
-19 -17 -13 0
-25 15 45 0
-52 -3 -19 0
20 15 19 0
-52 -5 51 0
-54 -11 -14 0
19 -24 -55 0
54 -55 -21 0
-21 -52 46 0
-34 36 -15 0
15 -17 -41 0
37 5 25 0
-16 50 29 0
18 -47 -28 0
5 -21 29 0
42 14 -16 0
-36 -22 -2 0
5 -30 -23 0
34 19 29 0
30 52 -22 0
1 21 29 0
-7 -8 18 0
55 -26 -37 0
24 -50 -20 0
-21 18 -47 0
-40 -15 -35 0
4 54 -8 0
-16 48 -29 0
45 -32 -9 0
46 14 55 0
2 -8 -24 0
36 25 7 0
-20 11 -16 0
53 32 20 0
30 14 13 0
15 -8 54 0
9 16 -37 0
-15 -1 -7 0
51 29 10 0
44 43 -41 0
24 41 14 0
45 32 54 0
-27 -45 32 0
1 49 -21 0
5 -27 -8 0
3 -22 5 0
13 33 -50 0
25 54 5 0
-42 23 -16 0
45 32 -19 0
8 4 -11 0
23 52 -41 0
48 41 29 0
-30 25 -4 0
-45 -53 -32 0
-16 49 -24 0
-20 22 11 0
21 14 54 0
-15 8 -16 0
32 13 -4 0
55 -19 -29 0
6 50 5 0
-33 45 -38 0
31 -22 40 0
-35 7 -36 0
-33 -50 45 0
24 -14 28 0
8 13 -16 0
-21 -50 -45 0
17 -29 -47 0
-40 30 -20 0
-43 9 -5 0
17 -48 -7 0
-34 -19 -25 0
7 -33 -27 0
6 37 -39 0
-33 -47 1 0
-37 19 -31 0
-33 37 38 0
1 -42 45 0
30 -11 2 0
26 -1 -54 0
39 -2 -15 0
