p 95 404
-60 -9 93 0
-84 -7 5 0
-35 -71 -83 0
14 -56 -12 0
94 -48 -22 0
14 24 80 0
80 27 -67 0
-73 -40 12 0
-81 18 -92 0
64 80 40 0
-84 72 -21 0
1 -10 70 0
69 -50 15 0
46 1 49 0
35 40 53 0
-24 13 -68 0
-69 -58 44 0
94 -46 14 0
-23 68 51 0
76 -32 -58 0
4 -32 17 0
-12 20 18 0
94 65 41 0
-40 43 -14 0
90 -77 35 0
-1 -46 15 0
-32 25 -14 0
92 -16 -61 0
26 -23 11 0
-91 -67 59 0
-93 -67 79 0
-71 33 -2 0
49 -62 63 0
65 -88 3 0
-83 -7 -5 0
-10 -41 -27 0
55 -74 2 0
-33 41 34 0
-66 -9 51 0
-19 -21 -67 0
42 3 -68 0
79 -75 76 0
18 52 42 0
22 11 -74 0
-56 23 67 0
-20 15 -78 0
-87 -27 -11 0
-30 -24 42 0
94 -45 -44 0
87 19 -83 0
-4 -88 60 0
-40 -11 60 0
40 7 13 0
-10 91 72 0
42 68 -9 0
52 -49 -64 0
-4 -58 -93 0
87 82 77 0
-92 36 -69 0
6 87 60 0
-78 -85 29 0
61 29 -93 0
73 -1 -40 0
55 -31 -5 0
-5 87 62 0
-79 12 -82 0
87 70 48 0
-13 -56 23 0
26 71 -8 0
-32 8 -1 0
-41 54 65 0
-75 91 63 0
-6 -82 -87 0
76 60 -14 0
9 -69 37 0
-35 -55 38 0
74 52 33 0
-40 -83 15 0
-47 -34 -20 0
9 43 10 0
-28 -53 -16 0
-34 70 -60 0
-74 60 34 0
58 6 -46 0
54 94 72 0
10 -51 -18 0
-67 58 -14 0
-23 -65 -25 0
-66 67 54 0
15 43 13 0
38 -31 -83 0
-38 -79 78 0
16 84 -33 0
37 -83 -22 0
-82 -16 37 0
24 -62 55 0
13 -35 -26 0
-17 -87 -33 0
18 41 20 0
47 -71 -22 0
6 -66 -19 0
-16 54 50 0
-11 30 88 0
72 4 26 0
4 -41 -16 0
79 -50 -4 0
2 -89 -45 0
-75 48 -61 0
-38 -21 13 0
-54 -65 -28 0
13 -74 44 0
-25 -22 -89 0
-57 -63 -46 0
44 -59 34 0
-5 3 -84 0
-76 51 -81 0
-62 -14 41 0
72 18 68 0
-36 63 30 0
13 8 -60 0
79 -85 -46 0
38 -32 -52 0
-8 92 63 0
-8 25 -39 0
-91 51 34 0
47 -90 -78 0
-55 -25 -62 0
-45 26 31 0
63 80 -38 0
41 3 -59 0
90 -42 -59 0
-14 31 -37 0
61 82 -9 0
52 -81 -55 0
-28 -33 35 0
79 91 -21 0
-65 37 -12 0
67 46 -48 0
-86 77 -44 0
16 -80 78 0
37 51 -57 0
-44 74 -42 0
2 1 -4 0
89 44 47 0
-19 22 -62 0
-89 -19 31 0
26 -67 94 0
-3 70 -16 0
-56 62 -27 0
-21 11 73 0
78 81 22 0
-25 75 41 0
92 -93 20 0
15 -57 91 0
-61 -39 88 0
-64 -1 50 0
47 -7 -45 0
-93 48 -34 0
57 -7 1 0
63 61 54 0
42 37 55 0
35 -94 72 0
50 -75 12 0
80 -40 -20 0
70 18 -60 0
52 82 -84 0
6 20 31 0
-22 -87 -13 0
-92 -90 5 0
61 5 8 0
-86 34 -65 0
-65 60 -22 0
93 33 -49 0
86 79 -63 0
-51 -46 -84 0
-62 -39 21 0
94 45 39 0
-72 -89 -64 0
-65 -87 -82 0
-37 -34 79 0
28 -45 -39 0
-14 -26 -81 0
5 -88 -30 0
-37 8 1 0
84 94 57 0
91 7 26 0
3 -16 65 0
-70 23 -10 0
-46 -94 -87 0
-63 -32 38 0
-6 90 5 0
-43 58 -79 0
-29 76 -2 0
42 35 -20 0
75 -88 32 0
-64 -30 27 0
24 -75 -89 0
66 29 35 0
-10 -63 24 0
-17 75 54 0
24 -46 61 0
-41 -6 -45 0
-53 -45 13 0
83 -12 -33 0
-14 -87 52 0
-36 -43 89 0
58 -40 -5 0
69 83 -34 0
35 -46 -92 0
19 -92 -6 0
60 -28 80 0
80 74 -35 0
-88 -69 -22 0
-33 7 34 0
-74 -91 78 0
-22 63 -9 0
32 68 -19 0
-4 -80 -61 0
-24 55 15 0
47 -10 -80 0
-94 -17 80 0
-4 -1 -84 0
29 25 -56 0
-55 -27 -5 0
88 16 -8 0
-85 -22 -87 0
-5 11 -63 0
9 72 -76 0
37 -67 -66 0
-47 48 -50 0
23 -90 28 0
-57 40 -45 0
54 -71 59 0
-43 64 86 0
6 61 -85 0
-53 19 70 0
-63 54 -68 0
69 -15 32 0
-74 94 -38 0
-61 22 -7 0
-31 40 10 0
81 -18 -16 0
-51 93 69 0
33 19 -38 0
-23 -86 -81 0
10 60 39 0
-87 15 -77 0
46 77 -15 0
15 -12 56 0
-92 -37 88 0
-42 20 -32 0
-15 -7 4 0
-69 3 -23 0
85 -10 83 0
-20 2 -77 0
-21 13 31 0
62 44 -60 0
20 4 -92 0
65 78 -69 0
-68 -15 -60 0
37 39 34 0
41 7 -6 0
55 29 -87 0
-46 53 -42 0
8 11 50 0
22 95 13 0
-51 -50 -28 0
-34 -9 -46 0
60 38 -26 0
-81 -16 -77 0
-41 -62 -57 0
6 16 -78 0
55 -20 41 0
-76 55 26 0
-57 31 83 0
9 85 19 0
-87 -35 -60 0
3 -58 -41 0
48 29 23 0
-67 1 -77 0
-11 -53 -54 0
-23 -1 -54 0
41 -13 -27 0
-5 -32 -95 0
-13 70 41 0
67 47 -32 0
-16 27 18 0
76 -82 -89 0
-89 -53 -8 0
-4 -40 -24 0
67 71 -21 0
-50 -93 26 0
-20 15 -27 0
-54 34 -38 0
34 2 70 0
18 86 85 0
-35 6 28 0
4 -80 -87 0
12 5 -77 0
85 25 -81 0
70 6 -86 0
76 82 -45 0
-34 -33 51 0
-7 -48 -71 0
51 71 18 0
-61 -65 4 0
21 1 72 0
-67 14 -32 0
-83 78 -27 0
8 -45 -4 0
-3 -7 59 0
-47 66 22 0
19 55 -7 0
-89 -57 -78 0
18 58 -36 0
-83 -44 23 0
9 -36 -55 0
34 -53 -51 0
-63 -47 -33 0
-94 45 69 0
-52 30 -78 0
-95 31 70 0
51 38 60 0
23 15 68 0
68 1 -39 0
76 22 -15 0
77 -25 29 0
77 -95 20 0
-70 -14 42 0
54 -65 -53 0
39 67 -37 0
59 22 80 0
58 -88 -43 0
-5 -92 3 0
47 78 -35 0
-48 -28 -73 0
-47 -17 -33 0
20 14 1 0
82 -68 62 0
1 24 -28 0
45 -30 -49 0
36 74 38 0
31 34 -19 0
-30 -94 -75 0
-44 42 -78 0
-14 91 -68 0
79 67 -70 0
-56 -42 29 0
-7 -3 51 0
-14 87 63 0
2 -40 -38 0
-92 40 -19 0
-77 62 25 0
-90 -48 47 0
-30 20 45 0
-69 -46 87 0
63 -21 12 0
-7 54 -15 0
-84 74 -59 0
-7 -19 21 0
-70 67 69 0
-12 19 -37 0
-58 -90 86 0
-23 37 -61 0
-13 -52 -58 0
-50 83 -45 0
45 -15 22 0
90 -48 -65 0
-82 -60 17 0
-95 47 -81 0
-92 12 76 0
-2 -6 -24 0
35 68 -49 0
-59 -6 7 0
-80 43 33 0
-7 -40 -25 0
-76 75 23 0
-90 44 30 0
-13 31 -38 0
-83 -2 -74 0
-48 -95 -38 0
15 89 83 0
1 64 -95 0
-69 -74 -18 0
-56 -1 22 0
26 76 -45 0
20 -55 34 0
-51 18 81 0
-24 -17 -5 0
-23 15 -50 0
50 -62 -32 0
-90 44 -16 0
-92 3 -78 0
42 -35 -39 0
-65 11 -14 0
42 63 70 0
-58 -6 10 0
40 46 -58 0
-40 -47 -88 0
-74 -59 89 0
-3 -50 26 0
53 -27 -48 0
-82 -37 32 0
-21 -30 75 0
