p 98 417
10 -89 -92 0
74 85 98 0
20 84 -4 0
82 -2 -68 0
-98 -44 60 0
-85 -16 -18 0
-66 26 -95 0
43 -70 -83 0
-18 -1 76 0
-97 57 48 0
56 -91 -3 0
-83 12 -1 0
-92 50 43 0
72 90 28 0
81 16 -19 0
-17 83 -63 0
9 -54 31 0
16 -78 62 0
40 -63 -79 0
-90 26 27 0
-31 69 89 0
84 3 42 0
-86 73 7 0
-12 84 -13 0
27 68 -37 0
-68 1 12 0
91 55 20 0
-78 58 -65 0
77 -2 80 0
-30 23 -24 0
-14 49 -82 0
-24 -62 -47 0
55 -53 -97 0
-91 26 16 0
-14 -77 -7 0
-21 -86 13 0
51 -7 26 0
-84 12 -4 0
94 62 -76 0
-85 42 87 0
-93 76 2 0
66 94 -80 0
25 79 29 0
-32 23 54 0
-42 57 -91 0
-41 -28 72 0
65 -49 -76 0
72 87 79 0
-50 90 15 0
-5 61 -65 0
90 93 51 0
31 5 70 0
46 -9 31 0
-60 56 -78 0
9 34 -42 0
17 39 41 0
47 -97 49 0
-15 33 -42 0
-30 57 -93 0
48 -96 64 0
-73 -84 49 0
-46 -63 -79 0
22 76 93 0
-57 85 -83 0
62 71 -67 0
-4 -22 -24 0
-50 -80 10 0
-85 -45 -39 0
-8 -74 -55 0
63 -79 -88 0
-61 18 58 0
65 12 -11 0
-77 -58 71 0
54 72 -23 0
-28 50 -94 0
-63 -67 -10 0
19 -17 26 0
-94 -88 32 0
-82 96 -78 0
-88 37 -21 0
-61 -60 55 0
-8 -59 -7 0
-56 -17 35 0
-39 -16 -46 0
11 26 42 0
9 67 49 0
28 68 78 0
10 -14 58 0
81 89 98 0
-93 92 10 0
58 -61 -70 0
70 71 46 0
-62 55 74 0
-88 16 -30 0
-90 5 17 0
-6 -52 77 0
18 -6 -71 0
74 51 -44 0
-61 -14 -50 0
25 42 -70 0
-24 -41 86 0
73 22 -19 0
-2 44 93 0
74 82 -90 0
-94 7 -12 0
-21 -29 -36 0
-74 25 -60 0
-40 37 -71 0
-74 32 -98 0
25 3 94 0
-3 -60 -11 0
55 3 -90 0
28 75 -8 0
-59 65 85 0
6 -18 -92 0
-40 -26 77 0
-76 45 58 0
43 -20 28 0
8 -13 15 0
75 38 24 0
-47 82 -10 0
-38 9 -16 0
5 24 -6 0
-55 -88 -28 0
-84 92 -15 0
43 -73 -82 0
82 -46 -16 0
93 22 -55 0
44 35 51 0
9 -23 37 0
9 12 17 0
86 82 30 0
62 67 -88 0
-41 38 68 0
58 -25 -79 0
-36 -59 58 0
34 45 96 0
5 26 -37 0
-17 -69 -32 0
-85 19 -94 0
-25 4 -64 0
-56 -35 1 0
-13 63 -89 0
-13 12 -69 0
82 95 88 0
-12 -93 13 0
92 -90 -46 0
29 10 73 0
-17 -81 -11 0
76 40 8 0
-69 -29 -45 0
-16 -69 -40 0
56 22 -79 0
83 30 43 0
-64 84 30 0
-32 75 73 0
-62 43 -49 0
-21 48 -82 0
44 -7 59 0
91 -5 78 0
-56 81 57 0
-19 -69 -27 0
32 6 12 0
38 -83 -95 0
-56 -49 39 0
13 43 -42 0
34 25 19 0
20 41 -32 0
-96 -5 12 0
-83 24 -9 0
-57 35 5 0
-77 -33 -27 0
-20 58 -88 0
13 22 -9 0
-78 89 -86 0
91 -19 55 0
-48 17 56 0
87 -6 36 0
32 -77 -52 0
-63 78 79 0
-56 -30 24 0
68 55 -20 0
-39 -37 -36 0
70 78 -87 0
55 35 -15 0
4 74 -63 0
-50 -20 -40 0
-79 90 39 0
66 -94 -8 0
88 -8 32 0
67 -59 -85 0
37 11 -46 0
-68 -46 26 0
7 -10 -24 0
-67 -76 -35 0
-98 -52 79 0
-24 84 66 0
-66 -18 8 0
-18 16 -7 0
50 66 -23 0
-80 48 -61 0
-98 -80 33 0
13 -20 -51 0
4 -27 -87 0
58 -76 9 0
-39 54 66 0
57 -86 44 0
-6 -12 56 0
7 61 -37 0
-98 5 30 0
-49 61 -72 0
40 49 36 0
-46 -53 -66 0
12 -93 57 0
-55 -94 -16 0
1 34 -74 0
-88 43 63 0
-23 30 -72 0
80 -55 34 0
-91 66 -53 0
-22 -53 -63 0
-53 95 23 0
-51 41 -27 0
-38 -26 -68 0
21 66 87 0
-86 -48 -29 0
-67 -57 17 0
-92 -68 51 0
22 57 -4 0
92 93 21 0
86 -51 -12 0
-16 -58 30 0
28 -25 43 0
10 12 42 0
-88 -89 8 0
-53 -51 28 0
-50 6 22 0
11 25 -20 0
-41 -98 15 0
-33 -90 26 0
-6 68 40 0
-48 -10 -32 0
-92 -58 -51 0
98 -70 36 0
-65 -45 68 0
69 -12 -45 0
-92 -75 41 0
96 75 31 0
46 60 64 0
-89 -90 59 0
-81 27 73 0
46 -42 43 0
-94 24 -93 0
-91 73 -58 0
-4 62 -24 0
-80 54 12 0
41 29 87 0
-44 39 -76 0
93 2 -84 0
-23 57 -82 0
37 73 35 0
24 -12 -27 0
-67 -96 -36 0
-75 77 85 0
58 -91 86 0
12 -16 78 0
9 -20 -56 0
97 44 64 0
43 -29 47 0
9 -85 95 0
26 48 16 0
-38 -10 26 0
31 14 75 0
-41 46 33 0
6 -45 12 0
64 -28 -72 0
-16 -4 -62 0
-86 -47 -34 0
22 84 -70 0
-97 -14 48 0
-54 80 -67 0
11 -23 -15 0
-42 -69 22 0
29 -44 26 0
17 -40 88 0
51 97 76 0
-89 -92 -39 0
37 -52 92 0
22 -23 73 0
-27 -86 79 0
-90 70 5 0
6 -51 70 0
64 7 -54 0
-19 -18 41 0
-54 73 49 0
-3 64 77 0
11 15 34 0
-49 59 19 0
96 -8 82 0
22 -90 -30 0
-51 53 -24 0
33 93 54 0
64 69 -30 0
-76 -90 -50 0
14 -31 21 0
66 -70 -60 0
-34 6 -44 0
91 -80 83 0
-84 62 -59 0
21 -18 -15 0
23 -33 -36 0
-33 73 -44 0
-18 5 68 0
12 -51 54 0
7 -40 -47 0
-41 79 -92 0
-86 -25 37 0
-13 -31 -74 0
90 9 66 0
-92 -11 -77 0
-5 49 31 0
18 60 55 0
-60 28 30 0
35 -37 68 0
69 -61 57 0
94 42 -40 0
-50 -23 35 0
16 76 37 0
-46 -45 -57 0
-94 -63 47 0
60 -87 -25 0
-9 -46 -42 0
-93 15 6 0
60 -67 -6 0
-89 -67 81 0
-95 92 77 0
44 -34 17 0
83 51 28 0
41 89 28 0
-98 71 10 0
94 11 -78 0
65 66 -19 0
-51 -74 -9 0
45 -84 -65 0
-3 -62 38 0
56 -33 -45 0
-97 69 -92 0
35 -31 -67 0
-35 62 -47 0
57 40 -98 0
-97 -68 79 0
94 -36 32 0
56 28 -64 0
73 -3 60 0
-96 -2 12 0
-61 37 21 0
34 -71 83 0
-85 -26 -1 0
-60 -89 55 0
-85 71 -20 0
-17 -1 35 0
10 78 65 0
-52 -74 -64 0
-43 -48 78 0
-3 23 98 0
88 -59 -57 0
87 -54 -89 0
-68 57 -52 0
33 14 -25 0
-92 2 71 0
70 45 18 0
-68 84 -95 0
1 91 -87 0
62 32 90 0
88 -64 -43 0
82 38 23 0
-92 -4 34 0
25 27 82 0
-54 23 -53 0
-97 -89 -66 0
-45 29 12 0
-40 98 93 0
-31 19 59 0
7 -64 -48 0
-67 71 55 0
84 -96 -65 0
76 -6 74 0
-10 -76 8 0
-50 -44 -65 0
-27 -33 -66 0
-15 -75 87 0
23 26 68 0
9 75 56 0
80 -20 35 0
-81 35 -47 0
21 5 -26 0
7 42 -25 0
23 -49 -78 0
4 54 -80 0
-35 46 55 0
89 -69 -44 0
-43 -76 -19 0
-55 27 -16 0
6 91 -30 0
-7 -60 82 0
56 90 35 0
97 31 43 0
18 -80 -35 0
-97 25 -59 0
-59 61 13 0
32 4 -73 0
-95 -58 -67 0
-15 96 5 0
86 23 45 0
83 -74 54 0
-53 33 98 0
-46 85 84 0
