p 42 178
12 33 -3 0
-22 -18 17 0
20 -17 -1 0
9 -1 22 0
15 37 -29 0
-10 4 8 0
-42 -4 17 0
25 40 -27 0
-8 -5 -23 0
27 -18 -42 0
-24 -26 13 0
-8 -21 -36 0
22 15 8 0
42 -31 -10 0
32 -13 -25 0
-12 -15 25 0
-5 41 -32 0
28 -34 -39 0
17 -22 35 0
-7 -3 28 0
42 -5 -17 0
10 -8 -14 0
13 34 14 0
-23 -18 32 0
-29 -16 38 0
42 24 -30 0
-42 14 22 0
-20 15 9 0
-14 31 37 0
-35 -13 24 0
13 17 19 0
38 37 -22 0
28 -39 32 0
41 -23 11 0
-19 -11 -25 0
-35 20 -9 0
-18 9 12 0
1 -28 -34 0
7 -39 -30 0
-29 -27 2 0
-38 34 -4 0
20 -38 22 0
10 -19 15 0
-27 23 -29 0
-12 -6 16 0
-4 -30 16 0
28 -42 5 0
-10 -20 -24 0
-25 9 -7 0
25 -9 -26 0
15 -33 30 0
-34 29 16 0
30 17 18 0
8 -19 12 0
-21 -29 -8 0
1 14 -25 0
9 38 -15 0
41 -24 2 0
-36 37 -35 0
-25 -18 6 0
11 -32 -20 0
11 4 23 0
8 -28 5 0
2 23 -35 0
23 -40 35 0
40 -6 -2 0
-13 32 -19 0
-15 27 -39 0
5 25 -2 0
-1 -21 -35 0
16 7 15 0
-24 -36 22 0
27 28 38 0
1 -23 6 0
-8 6 34 0
-13 21 2 0
-37 -33 -27 0
6 36 -23 0
-13 -2 -30 0
-24 30 -16 0
14 -4 -42 0
13 -5 8 0
-9 10 15 0
23 11 22 0
-1 -28 2 0
-12 -8 -25 0
18 36 21 0
17 -7 -42 0
27 37 -8 0
-22 -17 4 0
3 -28 17 0
-22 16 12 0
-3 -29 13 0
-39 -27 8 0
-28 18 -1 0
38 -5 14 0
39 -21 33 0
2 33 -25 0
-17 -6 -20 0
-37 -3 -8 0
11 34 -2 0
-32 -36 -35 0
-17 -24 30 0
-41 -28 39 0
-2 -8 7 0
-9 -3 22 0
14 -26 13 0
-14 1 33 0
40 15 -22 0
-15 36 10 0
20 -22 -18 0
-16 -13 -7 0
16 7 -3 0
-4 23 -5 0
-9 5 27 0
-1 5 -31 0
1 -19 25 0
25 28 22 0
-33 -3 31 0
-15 -39 32 0
21 -10 1 0
-31 -41 10 0
-37 23 38 0
10 29 24 0
-2 38 5 0
-2 3 -9 0
-21 -35 -32 0
-23 -38 -3 0
-1 -25 2 0
7 -35 24 0
27 35 28 0
-35 28 -11 0
-40 39 -23 0
36 -41 -6 0
-38 -41 29 0
-7 8 -5 0
9 -4 -41 0
-9 -42 -10 0
34 -24 23 0
-42 29 38 0
38 19 -34 0
-3 -12 -30 0
5 -22 -41 0
-21 -11 40 0
-38 31 26 0
-38 -21 8 0
41 -5 7 0
-10 -33 24 0
-24 34 19 0
31 -41 -7 0
37 31 22 0
11 -32 19 0
-13 -15 -17 0
-8 1 29 0
14 13 22 0
29 -7 -22 0
-38 12 9 0
22 -27 12 0
-31 -35 21 0
-4 -12 -13 0
20 -29 42 0
-26 41 -13 0
-7 -39 28 0
-9 -33 38 0
-22 6 -24 0
42 -18 29 0
36 -24 -28 0
31 -37 41 0
-38 39 -15 0
21 12 5 0
35 -18 -11 0
-2 5 6 0
6 -12 29 0
-39 6 -17 0
-7 28 12 0
20 15 18 0
-34 37 -4 0
25 -37 16 0
