p 81 345
-25 -59 34 0
49 -16 74 0
-46 -69 -80 0
-28 53 7 0
-79 -13 12 0
61 -41 -42 0
-6 46 -17 0
-77 -24 -50 0
65 -48 -10 0
61 -54 -59 0
-14 77 -20 0
-31 -47 -3 0
-63 -52 -50 0
-74 57 -10 0
73 -63 19 0
24 -28 -39 0
-65 -61 -60 0
53 -56 -9 0
-42 12 -81 0
48 -55 3 0
71 66 6 0
41 -44 24 0
-14 73 12 0
-8 -33 -50 0
19 81 -11 0
22 59 75 0
52 -42 33 0
-21 81 44 0
16 -44 -71 0
-70 44 -19 0
40 -11 -58 0
-72 -18 54 0
50 16 13 0
81 11 48 0
-46 -23 50 0
-77 -47 -36 0
-76 81 28 0
-78 66 68 0
74 -67 -31 0
-74 20 30 0
-19 11 42 0
36 -23 72 0
71 30 14 0
52 46 33 0
-33 25 -71 0
13 -22 -57 0
-40 76 68 0
68 64 34 0
12 -50 5 0
-15 -34 25 0
40 -46 -35 0
23 68 10 0
80 49 -54 0
75 34 -30 0
-35 50 17 0
-27 -60 -54 0
17 -51 20 0
-66 -23 44 0
-44 -19 -31 0
12 43 -13 0
10 14 72 0
60 -63 -78 0
59 2 -49 0
-15 -74 -38 0
60 -68 55 0
-3 -7 29 0
8 41 59 0
32 19 -37 0
-33 -46 -11 0
77 20 5 0
29 77 -21 0
35 56 -26 0
-60 -45 -17 0
12 -40 27 0
2 11 61 0
-73 36 68 0
-54 -70 25 0
-10 -38 -58 0
-7 -54 39 0
-53 -74 -44 0
-15 61 -64 0
8 81 53 0
38 -15 -11 0
60 43 24 0
63 38 8 0
-72 9 52 0
-67 62 -16 0
7 80 -10 0
-43 17 41 0
-4 57 31 0
12 76 -37 0
-8 -61 -75 0
-37 41 -63 0
-74 79 -59 0
79 -59 -20 0
-36 -33 -67 0
8 -6 79 0
16 65 -27 0
15 -71 -40 0
-24 -59 -68 0
79 -73 64 0
24 -14 -77 0
-55 3 38 0
-4 -22 -12 0
47 -75 -76 0
-1 -3 -31 0
37 -78 -22 0
-66 56 55 0
20 -53 -51 0
18 -65 10 0
55 -45 14 0
-41 -22 -69 0
-48 26 38 0
-66 -69 22 0
-72 69 -65 0
22 -32 -24 0
20 -74 2 0
-53 -46 -54 0
52 77 74 0
-30 -72 -38 0
49 -53 47 0
51 -5 10 0
69 79 30 0
50 -34 -74 0
51 -16 -55 0
-29 -7 60 0
8 79 72 0
-2 34 10 0
-6 3 26 0
-53 35 -49 0
44 8 -81 0
10 -4 20 0
61 55 27 0
46 20 -67 0
66 -1 23 0
17 11 67 0
-59 -37 -39 0
-68 48 -55 0
50 -18 -48 0
48 -77 -70 0
-58 -70 7 0
-81 40 -54 0
-7 17 38 0
-73 -76 4 0
-36 61 -60 0
3 57 76 0
-11 -76 -30 0
61 -54 23 0
8 -40 63 0
25 74 9 0
29 27 24 0
-46 -4 -61 0
-7 -67 51 0
41 -46 15 0
-54 74 1 0
38 -46 47 0
-63 -46 -16 0
4 -33 2 0
-23 58 14 0
48 -31 -53 0
78 -40 48 0
27 20 -68 0
-14 -58 15 0
-33 -68 -66 0
78 3 -69 0
-75 72 -58 0
-28 3 31 0
9 -75 -80 0
-53 28 -49 0
-64 27 -22 0
69 59 -49 0
31 -16 24 0
-16 -68 8 0
-23 -18 -5 0
12 58 62 0
-33 10 -35 0
-3 24 -66 0
-46 49 -7 0
15 -2 -38 0
-19 -68 52 0
-78 -64 -26 0
30 -67 48 0
-47 -38 44 0
14 58 53 0
70 -20 -19 0
8 -80 -42 0
66 1 -51 0
-18 1 78 0
55 4 36 0
-16 42 -77 0
-34 58 23 0
70 5 73 0
-65 -45 -68 0
76 -29 12 0
43 4 57 0
-38 60 -16 0
-69 2 -65 0
72 27 -62 0
5 69 -31 0
11 32 54 0
10 -30 68 0
-75 8 60 0
30 7 -55 0
-48 -69 -32 0
66 -80 32 0
17 54 -50 0
-29 27 -54 0
34 21 -53 0
-9 -28 48 0
45 51 -5 0
-9 -74 -33 0
28 -20 59 0
-31 -10 78 0
47 56 -43 0
48 -2 -73 0
40 -30 38 0
37 -41 -59 0
-40 -80 -44 0
-60 33 12 0
38 67 57 0
-7 -27 49 0
-66 -18 -80 0
7 69 -2 0
-18 -57 25 0
-17 45 36 0
1 -3 -71 0
-45 61 77 0
-80 71 19 0
-45 -30 -2 0
4 -48 45 0
-70 -53 54 0
10 -72 -14 0
-74 81 34 0
-73 -14 -27 0
48 -62 -10 0
-71 42 53 0
-28 54 80 0
53 -47 -16 0
-70 79 74 0
-19 -50 31 0
27 57 -6 0
75 58 -43 0
56 -59 -8 0
-42 45 55 0
67 10 -54 0
40 73 -74 0
13 42 -55 0
12 67 -37 0
-35 21 -8 0
58 57 68 0
13 -42 -43 0
-38 26 -12 0
4 13 68 0
-37 -26 -81 0
-22 31 75 0
-34 27 -39 0
-76 33 -26 0
71 62 -29 0
-53 23 -25 0
-31 -71 4 0
-7 -57 -9 0
-34 41 26 0
49 54 63 0
-52 -53 -19 0
-65 81 -19 0
11 1 -13 0
64 60 -22 0
-4 -1 -24 0
-49 -65 35 0
29 -36 56 0
-43 -49 25 0
-80 -31 29 0
-28 17 -20 0
34 -62 47 0
57 -21 31 0
-31 81 -12 0
-58 62 66 0
-73 -38 -36 0
-32 67 -65 0
-63 67 -61 0
-55 42 -61 0
-40 71 23 0
19 53 26 0
1 -38 71 0
44 -4 -64 0
34 -74 46 0
-78 74 29 0
-67 70 -23 0
50 -1 63 0
49 -72 -15 0
67 7 -57 0
30 67 -50 0
27 -80 58 0
-30 34 40 0
26 11 -58 0
-81 -63 -48 0
-2 58 -75 0
-28 80 21 0
5 76 53 0
12 4 -54 0
73 -66 37 0
18 75 -20 0
-68 -53 32 0
71 -58 11 0
-4 -30 60 0
52 43 -69 0
54 24 -73 0
-11 20 -69 0
28 43 -60 0
-19 -72 41 0
52 55 -31 0
-50 -64 -73 0
-13 16 -53 0
29 -66 13 0
-50 -43 38 0
-80 40 -36 0
-24 61 3 0
-52 -41 -25 0
73 -18 -74 0
-43 -28 14 0
14 20 -76 0
-57 -24 -19 0
48 -54 67 0
-11 -45 32 0
76 -22 67 0
37 67 46 0
-75 -12 62 0
-35 37 -23 0
51 8 -45 0
63 55 71 0
-26 -59 7 0
-35 72 -46 0
6 -80 -9 0
72 -22 -51 0
19 -46 30 0
-7 75 69 0
21 -54 2 0
-64 -27 -45 0
-33 7 78 0
14 52 38 0
75 -66 -16 0
-81 6 64 0
33 -66 47 0
47 -14 -12 0
66 26 36 0
