p 38 161
-32 11 -9 0
-1 -9 18 0
-4 18 -14 0
-10 20 16 0
3 -23 27 0
-22 16 -29 0
-28 37 -30 0
-8 -29 1 0
13 21 -2 0
27 26 -30 0
38 -11 -19 0
-21 -3 28 0
10 -2 -17 0
-29 25 15 0
27 6 4 0
-35 12 -27 0
-19 -37 9 0
-9 -27 -17 0
-14 34 12 0
31 11 34 0
-36 21 -34 0
-12 8 28 0
21 -32 29 0
-38 -6 -25 0
29 34 9 0
-25 16 26 0
29 18 13 0
37 5 1 0
8 -28 -5 0
27 38 -26 0
6 -22 29 0
3 -2 26 0
1 23 30 0
-4 -35 38 0
2 28 6 0
12 -27 -22 0
26 35 -14 0
-2 3 -1 0
-23 7 -10 0
-6 -12 -2 0
26 -6 16 0
14 -4 26 0
17 -8 14 0
18 -4 14 0
-4 -20 -5 0
4 19 -17 0
1 -19 31 0
7 12 -5 0
-16 -23 -19 0
33 9 -14 0
-18 -4 -37 0
-2 4 -33 0
-9 -19 13 0
29 -34 -15 0
30 11 -5 0
18 12 15 0
8 31 -1 0
-13 -5 24 0
-19 -35 -37 0
-24 -7 12 0
-24 -13 37 0
-33 24 -28 0
20 -21 7 0
37 23 -32 0
-28 18 -36 0
-16 17 -27 0
33 -31 29 0
26 17 25 0
35 -1 -38 0
31 -27 38 0
-17 -8 16 0
-34 -3 38 0
14 33 34 0
-13 -22 -6 0
15 5 -13 0
-2 17 37 0
-22 -36 -7 0
-8 5 25 0
10 -26 37 0
-13 27 18 0
-5 27 13 0
-23 14 12 0
-32 7 -9 0
-5 -16 -8 0
-29 36 10 0
-22 29 -31 0
33 -2 -30 0
-10 29 35 0
8 -21 -25 0
-28 34 23 0
-25 -7 -8 0
-7 -12 -35 0
3 -24 -22 0
35 12 34 0
16 -20 4 0
10 31 33 0
23 -26 -15 0
27 -9 7 0
11 28 29 0
-32 26 -31 0
17 29 6 0
-20 -3 -21 0
-5 -19 7 0
25 -27 15 0
34 11 -27 0
33 21 1 0
25 34 4 0
-4 -18 -6 0
-20 37 -15 0
10 19 -37 0
25 32 -6 0
-31 -2 -24 0
32 -29 30 0
-34 12 -2 0
26 -7 37 0
-3 22 8 0
-18 19 -29 0
-8 14 5 0
22 10 -29 0
10 32 25 0
-32 15 7 0
6 8 33 0
3 9 -16 0
1 -10 -6 0
-28 20 -36 0
-13 10 33 0
16 -27 -10 0
23 -2 -5 0
22 -4 -9 0
28 -7 -27 0
-10 5 6 0
14 -38 -23 0
-21 -2 3 0
26 27 3 0
-22 -25 20 0
-9 30 1 0
-34 -26 -13 0
-23 -3 -21 0
12 -7 31 0
11 22 -3 0
4 -25 -14 0
-29 -13 1 0
4 16 19 0
21 -26 19 0
5 -28 -18 0
19 30 -6 0
-9 6 25 0
9 37 18 0
4 2 6 0
28 -27 -2 0
-26 34 3 0
4 -1 30 0
-22 -34 -1 0
38 -22 -25 0
38 15 1 0
22 -16 19 0
6 34 19 0
1 -36 -23 0
-38 -17 27 0
9 7 -27 0
-2 29 31 0
