p 35 149
-8 13 -15 0
12 27 22 0
-14 -29 -9 0
12 18 34 0
-16 35 -26 0
-8 6 -13 0
-32 -26 3 0
21 -13 31 0
3 14 24 0
-28 24 -14 0
18 11 -1 0
-16 -35 11 0
10 -33 3 0
-35 -29 12 0
-30 4 23 0
10 34 -4 0
22 -27 26 0
21 -15 23 0
-17 27 21 0
35 1 -28 0
-5 7 15 0
-25 -21 9 0
-24 -8 31 0
-3 26 30 0
-6 28 -10 0
31 26 -19 0
-22 11 13 0
-31 20 4 0
33 -19 24 0
-8 -33 35 0
35 33 -2 0
-14 -2 -6 0
9 -20 -31 0
-17 29 -21 0
9 24 20 0
31 -30 -18 0
15 -29 28 0
-29 -1 10 0
16 11 -31 0
14 6 21 0
31 -16 15 0
-29 -8 -23 0
-22 14 -28 0
-10 5 -31 0
3 5 -4 0
26 22 -5 0
-30 -29 10 0
21 4 -35 0
30 11 -34 0
2 19 17 0
-15 20 -4 0
15 -26 -21 0
9 29 -22 0
-34 13 11 0
-12 14 31 0
1 19 31 0
6 -11 27 0
-31 6 34 0
7 9 34 0
-1 34 19 0
-24 -18 -5 0
-4 -3 23 0
25 12 -19 0
-9 -2 -22 0
-20 -34 21 0
16 17 -21 0
-35 -8 7 0
-10 9 16 0
11 26 5 0
-28 4 14 0
31 -2 -15 0
34 -3 22 0
29 -17 26 0
-10 34 7 0
18 12 26 0
14 -35 25 0
-34 32 7 0
-6 32 -18 0
-9 17 12 0
32 -15 1 0
15 17 19 0
-25 -33 -7 0
6 33 12 0
24 29 28 0
20 -17 -29 0
-24 -7 -12 0
24 32 -1 0
-33 10 -32 0
22 -26 25 0
21 33 -26 0
-22 -12 17 0
20 -6 8 0
12 33 -17 0
9 32 2 0
-16 -26 -1 0
12 8 15 0
-25 -4 -6 0
22 -11 16 0
-9 -11 -24 0
7 9 6 0
22 12 31 0
-4 -26 1 0
28 -26 -18 0
-31 -19 29 0
18 29 32 0
-28 33 -1 0
13 28 -6 0
-25 -18 31 0
12 4 23 0
-16 13 -10 0
27 -23 -17 0
-13 -16 -4 0
7 5 12 0
20 -18 30 0
19 1 21 0
12 -11 16 0
1 -5 25 0
-21 24 -16 0
15 6 -32 0
7 17 24 0
25 32 7 0
-2 23 -20 0
-13 17 8 0
28 34 16 0
18 -13 20 0
-14 19 -22 0
16 22 -7 0
20 13 2 0
-21 22 -13 0
9 -1 -22 0
30 -11 33 0
-35 25 -1 0
12 16 20 0
-29 -5 1 0
-31 -30 25 0
-19 -29 -24 0
-23 -28 2 0
17 30 1 0
4 35 -24 0
-19 6 -14 0
-5 7 4 0
27 5 -33 0
-1 -30 31 0
-19 15 -10 0
1 -6 -19 0
17 -6 -20 0
-23 13 9 0
7 4 32 0
-11 6 16 0
