p 49 208
37 -9 18 0
34 -12 -11 0
-22 21 15 0
-44 46 32 0
33 -10 22 0
15 17 37 0
13 33 -47 0
32 28 -22 0
30 -44 26 0
-42 -26 3 0
-27 -38 40 0
-13 22 37 0
-18 40 -45 0
19 -27 38 0
8 24 13 0
-17 -38 -40 0
37 -22 35 0
-6 -7 -42 0
33 -35 8 0
34 -4 -35 0
3 -19 -12 0
16 -23 19 0
-40 2 -41 0
-22 -8 10 0
30 12 17 0
29 24 10 0
-23 2 46 0
41 -40 -36 0
-33 -38 46 0
-19 41 -33 0
-3 47 33 0
-5 -26 1 0
24 39 48 0
-27 -10 -37 0
24 -28 45 0
-39 47 9 0
18 44 12 0
5 32 35 0
48 -2 -37 0
-23 29 10 0
39 -9 17 0
-5 -32 28 0
-43 -32 12 0
4 -40 49 0
15 -27 -16 0
26 2 -23 0
2 42 -15 0
26 -13 9 0
-34 -31 48 0
-31 28 24 0
-27 42 -11 0
-41 -30 17 0
-1 -30 -49 0
-19 -6 -22 0
-22 30 31 0
-24 18 -19 0
2 44 -41 0
40 -3 37 0
47 -9 -20 0
40 10 21 0
19 7 -16 0
-6 -21 -46 0
-5 -15 -41 0
22 6 -43 0
-27 -38 42 0
47 16 -49 0
10 2 -36 0
-48 7 39 0
-42 20 29 0
7 11 48 0
-4 49 17 0
29 -38 -9 0
35 -15 6 0
-43 39 11 0
-15 -33 -7 0
9 37 -15 0
36 -26 -17 0
35 -29 -14 0
-20 -19 -15 0
16 -42 -30 0
12 -28 -40 0
-17 5 31 0
-21 -26 13 0
44 48 -36 0
-22 7 -44 0
10 42 32 0
43 28 -6 0
49 -38 -12 0
-49 -6 23 0
-46 -15 -42 0
-26 17 -19 0
1 10 -47 0
38 42 23 0
17 39 -7 0
30 -22 4 0
-28 -36 49 0
-8 -24 -21 0
-9 30 -13 0
31 42 -49 0
-49 -5 -22 0
7 -1 -33 0
-14 -49 -40 0
2 45 -25 0
-30 -22 4 0
22 43 -6 0
15 -18 48 0
35 -1 -32 0
3 -39 21 0
-17 -1 -18 0
-34 30 5 0
-15 43 -29 0
-16 18 32 0
-30 21 -38 0
21 -19 -2 0
-1 -34 -42 0
-14 6 -16 0
-37 38 -5 0
-14 22 -38 0
39 15 4 0
-45 -9 15 0
32 7 49 0
-46 -15 34 0
3 25 -41 0
-5 -4 22 0
-31 30 1 0
-14 47 37 0
33 21 -4 0
-35 21 3 0
-40 -13 49 0
33 -20 -1 0
42 -31 15 0
-31 -26 -18 0
9 41 -34 0
-6 -38 -29 0
44 19 -41 0
-3 -40 21 0
-15 37 -47 0
16 -38 -49 0
17 -24 -6 0
1 -33 6 0
48 -18 -25 0
17 -48 -7 0
41 7 -46 0
43 -32 11 0
4 3 -25 0
-48 -12 -36 0
41 -48 -26 0
34 -9 -11 0
48 17 -33 0
-7 -4 12 0
-42 19 -16 0
44 7 25 0
-26 20 -18 0
-5 -43 14 0
-40 14 -38 0
6 -18 -7 0
-42 20 11 0
49 -10 -4 0
-10 45 44 0
10 -34 -49 0
5 38 43 0
-49 -46 29 0
-35 -22 30 0
-7 -17 -44 0
42 38 -41 0
37 -39 4 0
26 45 -11 0
4 6 39 0
10 -2 47 0
-22 -40 32 0
5 -44 9 0
31 10 3 0
-15 24 27 0
12 18 -26 0
41 -38 -49 0
9 -47 -38 0
5 -20 28 0
28 -34 -13 0
43 -26 -12 0
-44 37 -32 0
39 46 4 0
27 -20 -16 0
30 42 -12 0
48 39 11 0
-1 -32 22 0
32 27 47 0
-9 46 48 0
34 -39 -22 0
-20 44 33 0
-42 39 30 0
44 45 -29 0
32 -43 -30 0
-5 -45 29 0
34 -4 27 0
6 1 -30 0
-43 -36 34 0
42 -26 1 0
-3 -48 -39 0
-26 19 -43 0
-11 -49 -1 0
-49 46 -27 0
-27 26 41 0
-21 -45 41 0
47 -44 -18 0
-30 -14 46 0
31 -23 24 0
-16 7 -44 0
-41 35 -1 0
