p 73 310
-31 -53 59 0
-43 -28 -52 0
35 15 -50 0
-42 -55 -6 0
55 -67 19 0
6 -62 -14 0
-5 32 23 0
-17 -58 2 0
-63 -57 49 0
13 15 32 0
26 38 -61 0
58 71 60 0
-62 51 21 0
11 -23 7 0
-49 43 -11 0
32 11 6 0
1 12 -41 0
42 -31 46 0
8 -58 -50 0
34 69 18 0
-41 -11 57 0
13 -8 -37 0
-63 38 1 0
45 -9 -61 0
-35 70 41 0
-49 1 32 0
70 -13 -69 0
23 -36 21 0
-63 66 -59 0
72 -31 -54 0
39 16 41 0
-63 -16 -47 0
49 -35 -65 0
-65 -14 22 0
10 -38 -73 0
67 -5 49 0
5 53 -3 0
-39 7 -60 0
52 38 -17 0
-28 1 -43 0
-30 29 -58 0
-29 44 -40 0
-1 30 -32 0
30 36 -1 0
70 37 40 0
-16 -19 1 0
-64 22 -33 0
44 50 -36 0
-9 11 41 0
-46 59 -20 0
-52 65 69 0
71 48 5 0
-38 40 65 0
-68 -1 30 0
46 26 -42 0
-38 -7 -45 0
-9 41 7 0
-61 -45 -70 0
26 -3 -44 0
-71 -70 -6 0
48 64 5 0
-53 -48 -12 0
65 38 66 0
60 -31 -56 0
17 65 -30 0
32 61 51 0
-32 -40 51 0
22 -63 53 0
-21 -55 -32 0
72 -70 45 0
35 46 59 0
22 -40 71 0
65 -33 4 0
8 39 -55 0
71 -70 -55 0
16 -71 1 0
-35 26 71 0
-28 -8 -72 0
9 -17 -53 0
73 -61 51 0
39 9 -65 0
-12 28 -46 0
47 30 7 0
-5 -70 73 0
1 -43 48 0
61 45 -58 0
-13 -24 28 0
-72 32 -22 0
68 7 13 0
62 -31 39 0
66 -23 30 0
43 18 5 0
-3 61 1 0
-62 32 43 0
-26 49 68 0
-28 29 52 0
10 -19 -60 0
25 -61 -10 0
35 16 19 0
-61 17 -57 0
2 46 -63 0
17 41 -57 0
-17 -7 8 0
-64 56 -29 0
11 -71 -42 0
-8 -47 -52 0
36 -34 62 0
69 -30 58 0
68 4 57 0
-22 -24 -43 0
7 56 -24 0
-13 -5 21 0
21 53 -52 0
58 60 -17 0
7 -52 27 0
68 -70 7 0
9 -53 18 0
-69 34 -22 0
46 -59 -16 0
-27 71 16 0
-45 34 -58 0
-47 49 2 0
-19 18 -4 0
45 69 13 0
-72 -70 51 0
-32 -29 40 0
70 -52 -40 0
-39 72 -59 0
-70 29 46 0
-8 -18 -7 0
-60 -51 22 0
65 -41 45 0
24 31 2 0
40 29 57 0
11 -4 20 0
-10 30 2 0
-27 -32 -39 0
19 -15 70 0
15 -6 56 0
42 -4 -43 0
-21 5 68 0
24 32 6 0
-1 9 52 0
-30 34 -70 0
-53 21 37 0
27 -54 -17 0
-47 27 66 0
-38 26 62 0
59 -69 38 0
-3 -10 -11 0
67 15 -13 0
35 42 -14 0
-47 -28 54 0
57 2 -35 0
-59 33 31 0
-52 36 56 0
43 -57 -24 0
27 65 5 0
-22 65 -36 0
7 -8 54 0
5 57 11 0
-2 -44 -43 0
-55 -50 22 0
-11 -51 -22 0
53 -72 54 0
72 63 -66 0
-66 23 58 0
-40 2 51 0
-12 -34 43 0
1 -42 45 0
38 69 -42 0
61 72 19 0
-23 16 -27 0
-38 42 -28 0
11 56 -28 0
50 66 -46 0
25 -38 -4 0
-5 -57 -11 0
-18 16 -46 0
-67 5 16 0
-57 55 69 0
64 -69 11 0
-31 2 -22 0
-26 -60 -68 0
-56 -70 12 0
-12 -4 -55 0
-64 7 58 0
22 -6 -69 0
7 -54 26 0
-27 29 -64 0
-13 11 29 0
-23 57 13 0
-13 42 -34 0
-51 20 -18 0
-54 61 73 0
-15 -56 57 0
62 46 -23 0
56 66 64 0
-71 -61 -46 0
15 -54 -57 0
-47 -31 50 0
6 33 19 0
-38 4 50 0
18 -28 58 0
-24 -26 58 0
14 28 36 0
-59 56 22 0
-27 60 -23 0
-33 -73 62 0
-24 36 -9 0
-17 -50 66 0
15 -70 -57 0
55 40 -22 0
52 -15 51 0
-50 39 -44 0
7 -68 70 0
-11 -54 -17 0
-41 12 -66 0
9 -56 15 0
-13 -11 -39 0
-10 -61 42 0
50 16 42 0
-28 -21 20 0
4 -58 57 0
-52 -39 -2 0
-8 -4 -47 0
-37 -44 1 0
33 48 -39 0
70 -52 63 0
-59 8 -43 0
-5 -54 -4 0
-46 21 -72 0
-34 -17 -38 0
-26 35 -68 0
-10 54 60 0
2 -16 23 0
-73 -36 -55 0
29 -41 38 0
47 -16 73 0
-16 -22 47 0
51 -43 5 0
11 47 46 0
-72 18 12 0
-15 -32 26 0
-28 -18 27 0
-37 1 73 0
3 48 66 0
35 68 -13 0
19 48 64 0
-64 -20 29 0
70 12 44 0
-52 -5 -53 0
5 1 -48 0
-49 -3 43 0
-5 39 4 0
17 -5 59 0
-36 50 -16 0
51 17 -1 0
-6 64 -48 0
54 39 -72 0
44 -2 -8 0
73 -57 63 0
51 19 59 0
38 -70 -16 0
-31 63 -36 0
-29 70 -8 0
73 -21 4 0
56 71 11 0
-12 48 67 0
-24 -21 -49 0
-38 -19 22 0
-48 -4 -26 0
21 -45 28 0
-48 63 38 0
42 -11 73 0
-33 16 -7 0
61 15 -59 0
36 18 60 0
46 43 71 0
45 -58 23 0
47 -68 21 0
-31 -25 -52 0
-42 22 -64 0
53 5 49 0
-50 -30 -31 0
64 -12 27 0
24 39 -69 0
-32 -60 -35 0
48 -50 -42 0
-55 -1 13 0
-9 -1 20 0
-72 -39 -35 0
57 33 -40 0
65 -40 56 0
-2 -10 51 0
65 26 57 0
-28 65 69 0
54 -31 28 0
-65 17 -29 0
20 21 -2 0
-9 42 51 0
12 36 63 0
2 -70 45 0
-60 30 -10 0
-42 8 41 0
-51 -44 -71 0
-59 -21 -4 0
59 22 -46 0
45 44 56 0
25 42 61 0
