p 83 353
-50 -21 -31 0
7 53 30 0
-12 -33 67 0
-37 -53 -1 0
8 76 -59 0
73 15 -30 0
-59 -58 -28 0
9 -76 3 0
54 47 -55 0
-41 81 61 0
-25 -60 -75 0
44 43 38 0
76 -62 -28 0
83 15 35 0
50 -52 -78 0
81 -24 -9 0
-9 48 6 0
-71 -21 -67 0
42 48 -69 0
82 -56 27 0
58 61 -43 0
23 56 -40 0
65 71 -69 0
-39 27 -20 0
41 25 -23 0
69 -13 62 0
-51 -52 37 0
-67 26 75 0
67 -57 -27 0
-9 38 74 0
-46 -18 55 0
-64 -8 72 0
43 -2 -60 0
70 3 -40 0
-27 -39 17 0
-17 11 52 0
4 36 -68 0
-77 -66 -80 0
-6 77 79 0
-80 2 23 0
-11 -31 9 0
65 3 -31 0
-59 52 -32 0
-29 -9 81 0
11 -22 28 0
51 -14 81 0
-16 -9 6 0
-14 -24 -48 0
83 -10 18 0
-4 -78 -13 0
-78 13 81 0
64 78 -76 0
48 22 -33 0
38 -52 12 0
68 -67 37 0
24 64 -16 0
25 -30 58 0
24 -8 -20 0
-19 -6 -72 0
-45 44 -66 0
16 -79 82 0
7 -12 -53 0
-29 -35 -52 0
37 -34 4 0
70 37 -10 0
62 -39 -29 0
-81 62 5 0
-9 -47 82 0
-2 -43 50 0
79 26 22 0
-23 -22 -14 0
-6 -43 33 0
39 66 28 0
-25 -36 17 0
-2 26 28 0
53 77 20 0
-43 30 -28 0
23 -27 10 0
60 -38 21 0
-82 73 62 0
-28 72 33 0
-82 41 7 0
21 -3 22 0
-48 27 -44 0
-32 -77 10 0
3 65 -81 0
-29 13 76 0
20 -16 7 0
40 -52 -18 0
46 -21 -75 0
-29 71 -5 0
-49 36 73 0
-46 -50 71 0
72 6 -55 0
-74 -16 -83 0
-12 -6 32 0
-76 64 -43 0
52 53 -81 0
-68 -19 45 0
51 -40 37 0
-59 -21 40 0
24 -18 80 0
-82 73 -62 0
65 10 55 0
52 -79 9 0
-27 80 -33 0
-28 14 -2 0
10 -53 75 0
27 26 -11 0
43 81 32 0
16 -8 -80 0
-82 -68 -8 0
2 -22 48 0
15 65 -28 0
-47 -69 61 0
2 -18 17 0
59 -36 -40 0
72 42 38 0
22 -1 35 0
18 -20 35 0
-52 -72 3 0
80 -56 52 0
-9 81 83 0
-21 -71 -38 0
-21 3 7 0
-27 31 24 0
28 36 83 0
19 72 50 0
-35 -2 -44 0
73 -47 50 0
-32 -59 10 0
-2 9 57 0
-27 -35 43 0
23 21 3 0
62 71 67 0
11 43 20 0
50 69 54 0
-40 1 -69 0
3 -52 -55 0
-77 -40 -51 0
-39 78 7 0
-73 -58 -31 0
-48 68 4 0
53 -8 45 0
-18 15 -45 0
-27 51 -4 0
16 -72 26 0
43 -4 -76 0
51 62 -45 0
54 16 -11 0
-13 5 18 0
8 -47 48 0
-8 -11 -38 0
47 -57 33 0
1 65 -75 0
61 -4 64 0
-3 -80 -16 0
-43 34 -22 0
-53 41 80 0
-33 -34 65 0
37 82 9 0
34 -60 57 0
-14 32 82 0
-40 -45 10 0
79 -38 -27 0
81 -71 -42 0
18 -21 35 0
52 -56 4 0
18 -70 40 0
-33 56 7 0
-63 -14 5 0
-28 43 11 0
-17 -18 -61 0
-55 -47 -21 0
41 42 64 0
-52 62 51 0
71 15 3 0
-66 -22 -80 0
3 -83 54 0
-83 21 80 0
-19 12 -14 0
81 -20 58 0
-79 -67 21 0
-35 -69 -24 0
-74 16 -47 0
-66 30 1 0
22 28 38 0
-57 39 38 0
67 -2 38 0
-40 62 -82 0
75 -12 -71 0
69 -22 -29 0
18 -57 28 0
6 17 -43 0
61 31 -5 0
44 -35 -49 0
-36 -16 27 0
-61 14 -79 0
74 66 -65 0
77 43 70 0
-8 -10 49 0
66 -15 40 0
-73 -26 -60 0
-71 19 64 0
30 -4 -51 0
49 23 -17 0
-29 47 70 0
29 -12 30 0
-71 11 13 0
-52 51 17 0
-10 -81 14 0
-79 63 53 0
28 26 -68 0
-62 23 37 0
-68 8 47 0
63 46 51 0
-81 -60 43 0
-60 -62 74 0
-58 67 -8 0
18 61 64 0
-38 9 -52 0
-58 -46 72 0
-33 20 42 0
-26 58 32 0
1 -31 -66 0
18 -52 37 0
22 19 -3 0
-66 -77 -10 0
-61 14 -65 0
37 -44 -67 0
37 32 -66 0
39 -18 -25 0
-69 11 12 0
59 65 -46 0
57 53 2 0
-59 72 -60 0
-35 -79 -48 0
78 73 -69 0
48 12 40 0
-23 55 -39 0
47 57 76 0
-8 38 -1 0
-34 -83 7 0
34 -8 23 0
-11 -75 70 0
-17 -12 -59 0
-9 58 44 0
-63 -30 19 0
-37 63 -57 0
-14 -50 -62 0
71 -63 12 0
82 -15 24 0
-74 54 55 0
45 16 -63 0
-45 68 21 0
-44 -69 53 0
15 -56 -38 0
-21 57 -74 0
53 77 -79 0
56 -30 33 0
4 6 -19 0
16 -1 -65 0
-70 27 -38 0
-13 45 41 0
14 48 22 0
37 21 3 0
-72 12 71 0
35 37 14 0
51 -49 21 0
-7 60 31 0
-72 12 37 0
-49 -56 81 0
-83 10 3 0
-20 29 -24 0
39 -80 72 0
-11 -55 -27 0
43 21 -18 0
67 -7 62 0
-7 -2 13 0
13 -36 -3 0
-79 13 -19 0
55 -49 -82 0
-53 58 51 0
40 19 58 0
44 -78 59 0
-12 -21 31 0
17 71 -56 0
43 -64 54 0
-45 52 -63 0
15 -69 -80 0
73 -58 1 0
57 42 -79 0
29 31 41 0
-12 -72 23 0
-5 75 32 0
-38 10 -83 0
60 66 27 0
31 -72 28 0
-22 -41 -71 0
48 -47 -6 0
-37 -74 -17 0
26 -71 -55 0
19 78 -25 0
75 20 48 0
-31 7 81 0
52 -5 -12 0
54 66 5 0
-52 17 -80 0
-68 -6 3 0
-57 -13 51 0
79 23 45 0
70 82 23 0
-3 -12 -6 0
-65 -73 79 0
-11 -4 46 0
1 10 -42 0
-46 45 -31 0
17 28 22 0
-45 -76 31 0
-49 -29 -26 0
79 -22 3 0
19 -71 18 0
-69 -20 73 0
50 66 61 0
-67 -37 -27 0
-23 -75 -60 0
13 80 -68 0
36 71 -23 0
-18 55 -62 0
73 50 43 0
11 1 56 0
7 -77 -5 0
-14 65 -35 0
61 40 56 0
48 60 -45 0
31 1 67 0
-26 38 28 0
-42 -78 -40 0
-79 -23 63 0
4 -37 1 0
-77 61 34 0
-40 -6 -38 0
42 -51 -73 0
-13 -50 -3 0
80 -45 5 0
67 -55 1 0
-79 9 -72 0
-6 73 -45 0
47 -55 -9 0
3 28 -39 0
-73 -5 34 0
-30 -70 66 0
30 47 23 0
