p 92 391
63 58 29 0
-87 -72 -62 0
28 -61 -63 0
-84 -52 88 0
15 1 92 0
-17 -66 38 0
40 -59 -66 0
24 -66 44 0
29 -44 80 0
-58 31 79 0
59 69 -46 0
-4 -60 66 0
-79 -12 71 0
46 33 -59 0
70 -17 67 0
-55 3 -39 0
-79 75 -14 0
52 71 18 0
-9 63 -88 0
-75 55 8 0
-53 -85 55 0
69 42 6 0
-60 66 -77 0
-20 41 21 0
43 -21 56 0
-25 10 -64 0
12 65 -38 0
63 92 -61 0
-25 39 -54 0
-21 -89 35 0
78 -55 3 0
41 -82 87 0
-76 -70 -78 0
-33 4 69 0
-86 62 -57 0
32 44 69 0
-66 -73 -72 0
53 -1 83 0
-89 -54 -68 0
63 92 -58 0
-36 -5 -34 0
4 92 34 0
-50 -37 -46 0
49 -51 -35 0
61 14 -83 0
-55 -43 74 0
80 5 -38 0
-63 -5 1 0
-71 58 -35 0
-12 64 9 0
-66 30 -35 0
-68 47 33 0
34 22 -1 0
20 -82 -29 0
-41 -22 -46 0
53 -43 60 0
-87 -92 -27 0
-19 92 -62 0
71 76 28 0
-5 -41 -1 0
71 -15 -30 0
21 -5 69 0
-55 38 -59 0
3 69 58 0
-21 85 -35 0
15 8 -68 0
-60 66 -39 0
23 -21 31 0
-2 66 71 0
-2 -84 -6 0
-6 -26 2 0
-46 -48 -42 0
-55 -53 -12 0
10 -42 -79 0
16 89 87 0
-6 39 -37 0
-50 82 9 0
27 1 46 0
-24 59 -26 0
-77 49 43 0
40 -16 -11 0
-34 25 8 0
-17 78 59 0
31 -7 -1 0
-25 -8 39 0
32 -62 20 0
-59 -36 34 0
-60 -84 -46 0
75 -24 -18 0
10 1 17 0
-53 -12 -43 0
-44 -45 -61 0
31 -60 -37 0
-64 -59 -24 0
-7 -43 -53 0
-18 85 -55 0
42 -72 21 0
-31 35 -13 0
24 11 28 0
53 4 -78 0
92 12 -30 0
-80 68 -7 0
53 -10 70 0
49 -12 -9 0
-40 -61 29 0
31 -58 24 0
26 34 -56 0
26 -9 80 0
6 15 5 0
30 39 83 0
-15 23 -62 0
-56 -35 -83 0
-60 -45 27 0
47 61 -62 0
-47 -26 53 0
80 -3 -86 0
92 -7 6 0
91 38 7 0
26 77 -78 0
88 22 -34 0
-39 -34 83 0
23 -86 -80 0
-73 -65 -8 0
-47 -85 12 0
-42 -28 -87 0
82 -80 -13 0
-9 43 67 0
-10 -21 -37 0
-17 74 -48 0
71 -14 -45 0
67 -61 -78 0
59 69 -6 0
-83 58 -75 0
2 87 -16 0
-83 -56 38 0
-19 5 -88 0
-83 -51 -77 0
-22 60 -44 0
-26 -56 -39 0
-20 14 36 0
61 25 50 0
-91 35 72 0
-82 -62 -17 0
-92 -4 78 0
16 -41 90 0
-35 -51 -31 0
81 -29 35 0
15 -88 50 0
36 79 84 0
-10 -40 28 0
-37 -83 70 0
63 -26 13 0
13 -33 11 0
-88 66 -78 0
-45 -5 -75 0
-74 -71 66 0
-51 -74 28 0
65 -86 40 0
-62 -48 -59 0
36 51 17 0
41 -67 -49 0
-77 75 -13 0
26 27 49 0
-79 -30 76 0
15 17 70 0
89 -36 56 0
86 71 -38 0
-4 -9 82 0
2 85 -82 0
36 27 -22 0
-85 -86 13 0
54 -65 83 0
-51 53 -20 0
66 91 87 0
7 -89 92 0
-90 91 57 0
-2 -79 58 0
-3 -61 -48 0
57 15 -13 0
-84 88 82 0
67 5 -85 0
65 23 -36 0
-61 -43 29 0
15 -44 -74 0
-55 -9 15 0
-24 6 -23 0
75 36 8 0
8 9 -55 0
45 -70 -16 0
59 -28 11 0
-30 -82 -52 0
66 84 -53 0
-64 -7 -10 0
69 -36 -88 0
52 -37 24 0
43 29 -53 0
31 -90 -86 0
-4 60 -17 0
70 9 16 0
14 -37 73 0
-79 -1 74 0
31 -49 35 0
-30 -14 -20 0
58 15 -27 0
-1 -71 27 0
67 26 -92 0
52 37 -26 0
-64 24 61 0
50 -59 92 0
36 90 34 0
58 26 -73 0
42 -20 -18 0
63 -12 -5 0
-28 -65 47 0
15 2 -52 0
-11 -36 -30 0
7 81 19 0
29 -57 -87 0
36 -81 41 0
23 -73 -1 0
-80 57 -26 0
-51 -80 -18 0
-80 -61 33 0
63 -34 -33 0
-18 41 9 0
7 9 44 0
-35 33 -80 0
70 -54 -86 0
13 -1 39 0
90 -92 55 0
-6 -7 47 0
-51 -32 44 0
38 71 87 0
69 -21 34 0
-71 23 67 0
78 4 56 0
-70 -60 -12 0
40 -58 -72 0
-28 48 -43 0
40 -75 -49 0
-19 -65 86 0
83 -59 89 0
-9 65 -26 0
-43 54 32 0
10 -44 -34 0
-28 17 -80 0
35 4 66 0
75 53 37 0
16 36 -67 0
-31 -50 60 0
-87 -63 43 0
-32 -13 -52 0
-66 77 14 0
73 -77 -2 0
-51 32 -46 0
-15 30 57 0
-30 92 -8 0
24 -85 -86 0
-26 44 -39 0
49 -56 -67 0
66 27 14 0
-27 -80 70 0
-24 -32 -37 0
49 -42 13 0
-40 77 2 0
-5 42 18 0
12 35 -40 0
85 21 14 0
18 -8 -30 0
-45 49 -62 0
-67 -65 8 0
89 -62 -73 0
-88 -46 -7 0
-87 38 -68 0
3 -77 42 0
-32 -48 57 0
25 -44 -8 0
-91 62 19 0
-46 -80 -51 0
1 19 -42 0
-33 77 53 0
-9 59 -52 0
-32 14 -59 0
30 -26 35 0
-40 56 50 0
-78 -17 -79 0
36 -59 44 0
60 76 -53 0
-81 59 -71 0
-70 20 -7 0
-65 -82 -79 0
-86 -65 -83 0
41 50 54 0
-59 19 -7 0
80 20 -25 0
-33 43 -69 0
60 -34 40 0
-82 77 83 0
16 -71 12 0
-29 -46 54 0
-52 -12 6 0
38 -2 -13 0
-49 27 20 0
-41 -37 -14 0
-56 -46 26 0
13 -80 79 0
90 -49 -26 0
43 1 92 0
52 -60 -39 0
-49 42 58 0
-84 -3 12 0
74 -30 -10 0
-86 -2 -81 0
62 51 -59 0
-56 -50 54 0
77 23 -31 0
65 35 -60 0
-18 -83 38 0
-89 8 29 0
92 -22 21 0
72 -6 42 0
-38 78 -84 0
-70 -75 -6 0
13 54 -53 0
25 14 -43 0
-71 -32 -54 0
-65 50 -11 0
37 7 -52 0
82 -85 -80 0
-2 -5 -59 0
-82 25 4 0
17 76 -88 0
77 -42 -72 0
-37 -90 45 0
89 -14 -92 0
52 9 -74 0
25 57 -58 0
86 57 7 0
-19 53 -43 0
14 32 50 0
-41 -61 79 0
-13 -79 -63 0
-22 65 -1 0
81 -71 32 0
-68 -59 21 0
59 -63 16 0
-39 -21 -56 0
-44 -24 -65 0
-88 -41 -75 0
57 -66 3 0
-2 61 -69 0
-76 37 74 0
-21 50 -76 0
70 -83 49 0
-62 86 88 0
-49 -34 -84 0
-76 60 -55 0
-59 26 44 0
-54 -58 -14 0
-6 43 -24 0
1 21 5 0
-38 -91 81 0
-75 80 -32 0
81 -12 77 0
6 -77 88 0
-52 -31 15 0
59 83 -24 0
-25 29 -50 0
92 85 -71 0
12 -4 -90 0
-23 -40 77 0
-44 60 -75 0
11 33 27 0
-17 -21 11 0
-60 28 -63 0
-16 15 -48 0
11 -67 45 0
-60 44 34 0
57 25 63 0
-58 36 -21 0
14 58 32 0
-59 -55 -82 0
-59 -61 -40 0
89 -15 -91 0
-14 -75 52 0
-66 -8 26 0
63 57 66 0
-15 51 40 0
-14 8 -81 0
-81 58 -30 0
-16 -76 -3 0
