p 82 349
5 80 -24 0
80 -12 -1 0
-3 26 51 0
20 -56 -48 0
-59 42 19 0
46 -49 -30 0
80 -79 -11 0
53 47 -10 0
-39 14 -56 0
-1 76 -68 0
-37 -78 -41 0
-18 79 14 0
61 -74 19 0
-17 -5 75 0
8 -59 -73 0
-52 -27 81 0
33 45 40 0
-30 17 -59 0
-78 -28 4 0
7 21 -19 0
-36 18 -62 0
33 38 -4 0
-46 12 71 0
68 46 -22 0
70 -65 53 0
-8 75 -65 0
44 25 75 0
34 46 -79 0
17 -66 -34 0
-36 -65 -55 0
-28 30 64 0
-17 12 -47 0
-51 3 22 0
-21 5 13 0
62 -23 74 0
-50 -30 22 0
-49 -43 -51 0
-9 61 18 0
39 59 44 0
-47 -80 -4 0
-74 51 7 0
-36 54 37 0
26 -48 43 0
-38 40 15 0
-56 -67 50 0
-22 14 -16 0
-25 -2 29 0
77 -55 -47 0
16 -48 28 0
-70 -79 37 0
67 -57 58 0
5 74 -66 0
-41 -73 -39 0
45 23 -28 0
17 -33 48 0
29 -48 -28 0
21 -64 -34 0
-6 -65 59 0
18 -33 73 0
46 -71 80 0
48 54 -49 0
-20 64 -71 0
-28 -13 60 0
-79 5 -49 0
60 -31 53 0
-51 37 -13 0
-11 19 40 0
39 -24 -51 0
10 -73 -67 0
-34 45 -68 0
24 -48 34 0
-30 -65 32 0
70 -27 -53 0
8 -27 70 0
71 33 -1 0
65 9 50 0
-49 -55 53 0
8 55 60 0
30 56 38 0
-27 30 -19 0
-54 -27 67 0
11 -70 -18 0
-35 33 43 0
14 -32 -13 0
-58 77 -15 0
-63 -34 53 0
13 -78 31 0
17 77 -49 0
56 66 3 0
-80 75 -21 0
49 48 -21 0
-12 26 32 0
16 12 14 0
53 -18 -8 0
29 -11 -62 0
-67 3 12 0
-64 -48 77 0
-22 32 56 0
79 80 -63 0
-49 -34 -67 0
-39 81 36 0
-10 -11 -15 0
37 45 -11 0
-53 -61 -55 0
11 32 15 0
-53 -62 -38 0
22 65 -5 0
62 61 -29 0
-74 64 -76 0
55 59 -7 0
-50 -53 -3 0
-7 31 61 0
10 51 -81 0
3 -72 -25 0
-44 -52 -6 0
42 -20 6 0
-77 8 -1 0
52 -50 -6 0
-75 -63 23 0
61 -36 66 0
37 -26 -76 0
64 58 51 0
45 20 30 0
56 -69 51 0
-3 22 58 0
-64 -71 52 0
-5 15 17 0
-73 56 -68 0
-26 27 -18 0
54 56 -55 0
-50 -53 47 0
-5 -52 -15 0
62 68 -27 0
67 41 -79 0
22 36 -63 0
-5 12 -38 0
51 -77 -46 0
59 67 56 0
61 -50 58 0
-68 38 -8 0
46 -6 -17 0
71 69 34 0
-35 30 -32 0
-54 58 -4 0
-33 22 9 0
-30 -20 -49 0
38 8 34 0
-43 2 25 0
40 -4 38 0
-12 54 75 0
-21 -8 -72 0
67 28 -68 0
3 69 22 0
-35 40 -65 0
-62 70 81 0
-63 -5 -38 0
72 45 5 0
64 -28 71 0
37 46 -33 0
-75 35 -50 0
10 -24 -45 0
-7 -78 -67 0
-49 1 8 0
-9 -68 18 0
42 27 -34 0
74 34 22 0
-26 62 -6 0
80 10 -36 0
24 -65 13 0
81 -73 -52 0
-13 28 -47 0
1 45 4 0
-4 18 -38 0
-29 -56 65 0
20 -66 70 0
2 -75 -27 0
-8 -66 61 0
-80 -51 15 0
-26 -10 -68 0
-64 31 34 0
-79 6 7 0
20 6 68 0
-76 64 66 0
-16 -39 80 0
-33 79 -70 0
-53 18 70 0
-30 71 16 0
-31 -32 76 0
39 -81 27 0
-25 69 -71 0
-5 -49 -75 0
80 -21 26 0
5 -82 24 0
-41 27 -69 0
27 -1 -28 0
-33 67 -25 0
-38 -10 -2 0
64 -17 -51 0
-51 64 -31 0
-39 53 -2 0
46 19 -56 0
72 63 -22 0
-30 -48 72 0
28 34 30 0
75 -32 79 0
47 -15 41 0
16 -48 29 0
56 72 74 0
-2 -50 60 0
-46 31 57 0
-34 -50 19 0
-27 -75 43 0
43 -70 9 0
36 73 78 0
69 74 56 0
7 -26 -27 0
-34 54 38 0
2 41 -58 0
8 -10 30 0
-74 65 -71 0
25 -4 -82 0
-30 -11 -33 0
12 -6 55 0
-41 -63 2 0
-58 -13 -49 0
-62 -60 8 0
12 -54 -68 0
18 71 1 0
15 -65 77 0
40 -38 28 0
-82 57 -67 0
-80 -18 -26 0
-50 -78 -63 0
45 24 43 0
-81 -16 48 0
-73 36 33 0
31 13 77 0
-31 73 -12 0
-33 -60 55 0
25 61 6 0
45 -24 -28 0
-56 27 67 0
-43 -50 -16 0
72 21 47 0
-11 -21 53 0
75 63 -5 0
-37 -56 63 0
24 -47 -75 0
54 34 -51 0
82 -31 42 0
-4 -67 20 0
64 66 -22 0
51 -68 -49 0
20 -60 -6 0
68 41 42 0
14 -38 -3 0
-4 -22 40 0
-43 81 33 0
78 -33 -23 0
-32 -39 81 0
22 30 80 0
-45 74 -71 0
-50 22 25 0
60 20 56 0
66 59 -49 0
-72 28 68 0
-12 -73 16 0
81 -8 -28 0
65 43 -13 0
36 -71 45 0
28 73 60 0
-66 -40 32 0
66 -53 -39 0
-9 -7 -65 0
-6 61 -40 0
62 25 7 0
15 36 -44 0
-36 -28 -64 0
75 -3 -8 0
-57 -18 -26 0
-24 -55 -20 0
22 -55 64 0
69 -12 -42 0
54 39 14 0
-46 25 19 0
-23 -54 69 0
-17 -76 -20 0
15 71 38 0
1 62 -11 0
60 -77 6 0
47 23 -53 0
29 -37 -63 0
-39 -67 22 0
-37 22 -7 0
-77 -6 73 0
70 -71 74 0
68 -48 -42 0
65 -12 59 0
13 -19 15 0
-71 -50 -37 0
-53 72 -24 0
56 17 59 0
68 -59 -63 0
79 -62 42 0
-62 -51 -73 0
20 1 57 0
-22 -64 -58 0
-32 76 -29 0
52 -15 36 0
-8 -15 -12 0
-28 -32 20 0
-70 -20 57 0
-7 -70 44 0
22 -35 -10 0
-72 79 -11 0
-28 42 27 0
42 -54 68 0
-25 28 79 0
-73 9 17 0
70 19 -79 0
-81 67 -64 0
-13 -36 -75 0
-73 -55 -24 0
52 -49 -70 0
33 -60 68 0
-61 -72 -34 0
62 42 30 0
-52 -65 -45 0
-15 80 46 0
-16 -34 -80 0
65 -70 62 0
-10 -31 50 0
4 33 55 0
37 -63 -31 0
-66 -50 -61 0
32 54 -76 0
59 64 11 0
-43 -28 23 0
-62 -30 49 0
-63 50 82 0
-67 6 71 0
-72 54 14 0
-6 -73 -34 0
-64 -43 77 0
35 -22 33 0
21 -42 -65 0
-57 16 3 0
80 19 63 0
-44 -63 74 0
