p 95 404
-37 28 -44 0
-74 68 -1 0
65 -37 -57 0
-90 -59 -39 0
-3 -30 31 0
-76 51 93 0
73 -68 70 0
-89 12 -9 0
-46 -89 32 0
-84 7 -85 0
-41 16 4 0
15 7 -79 0
69 29 58 0
-52 64 -85 0
14 80 81 0
-51 -87 -93 0
-60 -51 -56 0
15 54 -63 0
50 -84 -27 0
30 59 -70 0
73 -49 -86 0
-9 -5 -76 0
90 -84 20 0
-28 -7 14 0
-6 -61 23 0
-22 -25 18 0
-88 13 -84 0
59 11 -29 0
75 -80 -18 0
88 72 -67 0
-23 -76 -46 0
-49 -47 62 0
13 -80 -45 0
-12 48 70 0
77 -6 -61 0
-93 32 -21 0
-95 58 13 0
-32 -13 71 0
-21 16 14 0
70 32 85 0
-56 -32 -77 0
-65 48 -5 0
28 -91 -64 0
-43 -42 -38 0
-87 -1 90 0
5 -37 9 0
48 58 64 0
-7 91 -5 0
-61 -91 -39 0
33 16 -74 0
18 92 -5 0
7 39 -74 0
13 -45 32 0
-84 62 -50 0
-21 -67 -8 0
-16 -49 34 0
-20 -53 6 0
-71 -66 78 0
81 -11 23 0
16 72 6 0
-79 76 60 0
-67 57 30 0
-84 -44 54 0
91 -86 62 0
-79 -57 -74 0
52 47 45 0
21 -47 -60 0
-6 46 17 0
-41 20 -51 0
-55 76 89 0
-28 -74 68 0
67 47 80 0
43 92 58 0
23 1 -12 0
4 37 51 0
83 66 -18 0
75 85 59 0
63 3 -24 0
69 17 67 0
57 -66 -18 0
86 -71 -77 0
69 77 44 0
-13 29 43 0
-92 -37 43 0
-82 -35 12 0
32 45 -68 0
92 -75 22 0
45 -34 32 0
-7 67 73 0
-54 -39 92 0
-51 75 -41 0
-2 60 68 0
-83 -26 -22 0
-22 -24 -80 0
-90 -84 66 0
-13 -92 -19 0
-29 -3 -18 0
-45 -15 -78 0
63 23 -16 0
95 -80 -2 0
13 -61 69 0
20 39 -91 0
-70 13 -27 0
-11 -91 -27 0
-74 -65 30 0
36 -7 95 0
80 -91 -92 0
24 -47 -22 0
6 54 15 0
10 -25 -40 0
-63 -89 84 0
50 43 63 0
11 46 82 0
-65 72 -5 0
-34 -54 46 0
60 -65 58 0
-4 -70 -32 0
24 43 14 0
-9 68 -52 0
74 -31 -82 0
14 -3 -80 0
65 2 -35 0
30 67 84 0
-36 70 95 0
-21 -87 -27 0
-29 58 23 0
-85 87 -15 0
-38 28 -93 0
-78 -23 71 0
-58 83 66 0
-6 27 62 0
-86 -64 41 0
-81 28 -73 0
73 -38 -23 0
34 14 -18 0
-22 4 63 0
92 -23 11 0
-79 39 -59 0
61 84 -13 0
-50 38 -34 0
85 -19 72 0
35 -63 -88 0
13 73 61 0
-22 27 3 0
-63 -39 66 0
16 -37 19 0
-18 -38 -79 0
-53 -9 -75 0
-27 30 -8 0
13 72 -82 0
-60 -79 5 0
21 24 46 0
-68 85 -6 0
-38 -58 15 0
-36 -37 -10 0
35 -31 41 0
1 -8 2 0
-61 93 -5 0
58 -63 71 0
-27 5 92 0
32 2 78 0
67 78 63 0
75 16 46 0
-14 13 -35 0
-15 -28 27 0
10 -60 65 0
78 -52 -36 0
-61 84 -30 0
69 33 -84 0
16 -55 15 0
40 42 -87 0
88 2 77 0
2 -18 -37 0
-76 61 -11 0
9 34 36 0
-42 -25 -24 0
54 -4 58 0
24 73 -8 0
2 31 -42 0
-10 12 55 0
-60 15 -50 0
37 -30 31 0
-32 -59 -83 0
35 45 -55 0
13 62 -84 0
95 13 -84 0
68 73 -10 0
9 -87 10 0
-22 47 -30 0
15 -51 21 0
30 -18 16 0
-16 89 -56 0
28 -61 -62 0
70 4 61 0
47 -13 -7 0
-45 8 24 0
61 -60 -37 0
47 19 68 0
66 -31 2 0
-69 53 -76 0
63 16 -4 0
-85 56 -4 0
65 -20 -48 0
32 31 70 0
49 21 52 0
89 53 87 0
93 -42 17 0
53 69 93 0
-16 -7 18 0
3 38 -9 0
59 60 -69 0
-91 79 -87 0
-13 -93 -7 0
67 19 35 0
-52 -70 -81 0
-29 27 -78 0
-87 -83 -45 0
87 93 78 0
26 71 73 0
-58 -78 -65 0
-38 2 85 0
-17 -18 -58 0
-4 -64 -53 0
-89 35 -68 0
-37 -39 61 0
60 2 -71 0
15 18 21 0
75 -64 -89 0
-56 -37 23 0
-6 -49 24 0
54 90 -52 0
-62 -21 -68 0
94 -16 45 0
-43 -61 4 0
21 -89 67 0
58 -92 -26 0
-44 91 24 0
-88 -55 38 0
-65 21 12 0
66 47 86 0
-91 -15 -75 0
-39 -77 89 0
-36 72 6 0
51 21 65 0
75 77 18 0
70 -6 -45 0
68 29 45 0
-65 10 -94 0
-57 -79 38 0
-95 91 -36 0
15 -21 30 0
-85 -38 -27 0
-95 8 -61 0
42 -6 43 0
46 1 -39 0
24 27 21 0
-73 -30 74 0
-65 91 51 0
-14 -27 -30 0
-45 10 -71 0
-27 88 15 0
-83 -14 32 0
8 -77 -48 0
-60 -34 14 0
-5 44 -90 0
-95 -58 -59 0
92 14 28 0
6 -70 -27 0
37 -17 70 0
-41 -28 9 0
-23 -73 44 0
-91 64 55 0
-94 -3 71 0
-55 -69 84 0
-84 13 -75 0
45 4 49 0
10 6 -55 0
31 78 -35 0
90 -46 61 0
-50 -73 -5 0
-93 80 -63 0
41 56 28 0
48 -73 -49 0
-77 -81 -89 0
-82 74 52 0
-65 -18 28 0
28 50 65 0
53 4 91 0
-63 48 -51 0
3 22 35 0
72 48 24 0
-80 6 -72 0
-50 11 -27 0
-46 39 30 0
48 -79 -86 0
88 79 2 0
49 83 55 0
27 -90 -16 0
53 56 -91 0
-35 80 53 0
-69 43 38 0
55 -38 -8 0
15 13 28 0
-32 -47 85 0
-3 -7 -83 0
-12 -81 77 0
-48 -16 80 0
71 -57 -78 0
-40 18 68 0
93 -44 -54 0
25 -39 95 0
56 3 7 0
69 46 42 0
56 41 -38 0
93 40 86 0
-28 -86 -43 0
75 -94 -22 0
-49 21 95 0
48 -27 -45 0
61 65 52 0
-20 83 -13 0
14 54 67 0
-20 -82 79 0
84 92 1 0
-85 -2 15 0
34 32 -70 0
8 55 -35 0
87 68 41 0
-87 21 12 0
22 4 -82 0
-70 -40 51 0
-70 -78 10 0
-62 40 78 0
-71 -79 48 0
82 78 -38 0
-1 -83 26 0
88 37 22 0
-91 16 63 0
43 -75 -90 0
54 34 57 0
11 -17 71 0
53 -12 -19 0
-64 -21 -74 0
-28 -19 -78 0
-74 1 94 0
83 28 18 0
-14 -89 31 0
56 -55 -52 0
37 83 -71 0
-8 36 69 0
-70 20 -44 0
87 -55 -10 0
-22 -79 -34 0
90 94 -69 0
33 -35 63 0
78 51 -60 0
-54 -88 84 0
75 -46 26 0
3 -9 -59 0
-95 -68 -48 0
-88 -66 9 0
-9 -32 -36 0
-78 79 -32 0
47 73 -37 0
91 85 -11 0
-89 91 -36 0
6 10 71 0
54 -71 94 0
-7 -16 48 0
7 -8 -62 0
-12 -93 33 0
-61 -34 22 0
-15 42 8 0
-42 1 -49 0
-60 88 -95 0
69 -46 -78 0
87 -22 -42 0
84 -53 -81 0
10 72 -65 0
89 43 41 0
1 76 50 0
17 72 76 0
44 93 80 0
68 33 -18 0
-65 -94 -23 0
-13 58 -70 0
-33 -67 76 0
-74 51 -20 0
34 35 -83 0
73 -31 -90 0
82 -20 -60 0
-32 56 -31 0
-65 11 -14 0
-2 68 -81 0
-68 -88 -13 0
-85 25 75 0
-77 69 -73 0
11 -24 -21 0
-68 -43 -58 0
34 -24 -84 0
2 -22 20 0
-83 -15 -41 0
-91 -21 11 0
48 -72 -60 0
