p 62 264
-43 19 -37 0
57 16 -27 0
-14 -37 24 0
21 58 40 0
35 56 -44 0
35 -41 28 0
14 12 -15 0
45 -6 44 0
52 62 33 0
-34 -49 9 0
-46 -1 -12 0
-43 -53 -9 0
-58 -57 -2 0
-13 18 23 0
-9 -37 57 0
19 16 33 0
-29 -50 18 0
-3 -30 50 0
30 -31 -28 0
34 -11 -43 0
16 4 41 0
54 53 -2 0
26 -61 -51 0
56 7 57 0
-19 -13 -25 0
33 -30 -18 0
7 -32 -29 0
14 4 -11 0
-62 42 -32 0
-25 -54 42 0
-3 20 62 0
-45 31 28 0
-9 45 -13 0
-38 -30 13 0
-51 37 16 0
-34 -51 57 0
17 60 30 0
-36 -38 -20 0
-8 39 -27 0
-8 -7 -40 0
51 31 -44 0
-40 20 -55 0
-59 47 55 0
-49 11 -39 0
62 17 -21 0
-22 15 -21 0
3 -42 -12 0
-26 -35 58 0
46 -25 58 0
-6 -24 7 0
25 -57 54 0
-2 -21 32 0
51 40 2 0
-41 -4 21 0
14 49 12 0
-53 -21 -52 0
30 -10 3 0
37 50 -13 0
-20 7 60 0
43 -29 44 0
-45 -53 37 0
37 -34 57 0
22 -15 41 0
-14 39 -21 0
53 -16 -14 0
-12 50 -3 0
-1 -54 26 0
-19 55 -17 0
-39 -36 -12 0
13 -23 24 0
-6 -28 22 0
11 51 -38 0
-24 19 -27 0
12 -52 60 0
-58 25 1 0
-18 -38 -5 0
14 57 35 0
24 -46 -15 0
61 -45 -12 0
59 -31 39 0
-19 -39 11 0
-24 9 54 0
-43 12 -3 0
22 56 -36 0
-60 32 18 0
-14 12 55 0
60 8 55 0
49 12 27 0
40 55 24 0
49 -15 -31 0
-30 -35 31 0
53 24 4 0
57 31 4 0
-8 33 -14 0
49 -5 54 0
15 -33 30 0
9 5 59 0
34 -14 -42 0
-12 7 -2 0
5 12 57 0
-47 38 -39 0
-61 -17 31 0
-5 -59 -17 0
-41 -38 -40 0
-44 -6 7 0
-5 24 21 0
19 -17 52 0
38 -40 -35 0
44 -43 61 0
43 45 -38 0
42 5 60 0
54 59 30 0
-30 -45 37 0
30 -3 -20 0
21 15 49 0
-18 -58 -19 0
52 -43 -6 0
19 25 -16 0
52 -7 18 0
34 32 27 0
34 -55 -39 0
-27 -3 40 0
54 8 2 0
56 -40 -17 0
9 -1 -12 0
-10 15 -1 0
46 62 -33 0
-35 57 46 0
-56 4 16 0
-9 31 21 0
-37 60 -54 0
31 10 8 0
15 -30 59 0
28 25 -55 0
-25 -52 4 0
31 47 -7 0
51 27 -15 0
-1 12 -29 0
-36 55 -47 0
-16 41 54 0
18 -9 4 0
-26 -41 -18 0
-50 7 -44 0
-59 1 13 0
-31 4 5 0
53 8 -55 0
1 21 53 0
-14 -16 22 0
35 23 -43 0
-57 37 -2 0
8 26 -14 0
17 59 49 0
-6 -27 -52 0
35 58 42 0
15 -3 20 0
-26 -7 -9 0
-24 -17 -33 0
-11 12 31 0
49 -4 -53 0
3 11 -12 0
-12 13 -10 0
-44 58 -43 0
2 28 -34 0
-50 -42 11 0
3 10 41 0
-29 56 -17 0
29 6 45 0
41 -47 19 0
2 -8 -39 0
10 -59 25 0
-61 32 38 0
-5 24 -39 0
53 -38 -37 0
22 -3 11 0
-35 7 -57 0
41 -58 -13 0
47 42 -46 0
27 28 -23 0
-52 54 -6 0
-35 -12 58 0
16 12 56 0
-55 14 -24 0
20 57 4 0
57 -34 51 0
-3 -10 7 0
-60 22 -3 0
-35 20 -19 0
-30 53 29 0
48 -31 34 0
33 13 31 0
52 -43 -7 0
-10 -56 -50 0
-48 -6 8 0
-53 -46 -61 0
45 -24 16 0
-34 32 55 0
12 -1 15 0
39 56 45 0
-18 43 -40 0
-33 32 54 0
-21 -22 37 0
25 8 -51 0
-53 -3 -8 0
-55 -36 -11 0
-13 39 49 0
-29 -30 54 0
9 13 29 0
-44 -54 -49 0
56 -7 33 0
-56 15 12 0
-9 -11 44 0
38 -19 25 0
10 -4 -20 0
-39 -31 56 0
53 -23 -9 0
-24 29 -37 0
-60 -20 -41 0
41 -9 25 0
54 -19 40 0
22 43 -12 0
-49 27 -58 0
23 26 -38 0
38 -20 18 0
-22 -60 -53 0
2 26 -32 0
54 30 -23 0
52 44 42 0
44 -61 48 0
-60 49 39 0
24 -44 59 0
38 36 -19 0
-44 36 -33 0
-54 -58 -16 0
-21 -6 28 0
-26 -43 -19 0
1 23 -34 0
-38 -15 48 0
-9 1 13 0
44 -30 14 0
-18 23 9 0
-3 -34 -19 0
-9 -46 -13 0
-43 -50 19 0
-57 20 -48 0
38 3 -57 0
-36 -50 62 0
-22 17 -33 0
-37 -23 -54 0
-33 58 19 0
-40 13 15 0
11 -55 62 0
-36 47 -23 0
-3 -44 20 0
-7 -20 57 0
30 58 40 0
-12 -43 15 0
-20 9 34 0
37 -60 -45 0
2 54 14 0
-18 -6 -48 0
-22 29 57 0
-40 19 -48 0
15 -24 -40 0
-38 16 29 0
