p 90 383
10 40 27 0
37 -85 7 0
37 8 22 0
82 -59 -36 0
53 -19 63 0
45 65 2 0
-72 -61 27 0
-1 -61 9 0
43 -84 18 0
34 82 -38 0
51 72 86 0
13 -81 -49 0
-69 -82 40 0
45 -65 -74 0
-33 62 -15 0
-5 25 -10 0
-86 -32 -63 0
-47 76 82 0
-9 35 -60 0
24 72 3 0
16 63 85 0
-21 15 78 0
-7 -78 -73 0
34 -6 13 0
-37 89 14 0
26 43 12 0
-88 6 69 0
85 12 -73 0
56 -5 47 0
76 -11 -84 0
70 -34 51 0
64 -49 89 0
36 -30 16 0
87 -59 35 0
-88 -85 -73 0
-11 53 15 0
20 59 -88 0
56 18 -31 0
74 49 -10 0
-87 67 -81 0
70 10 -48 0
-38 -6 -69 0
85 62 -4 0
16 12 39 0
-72 79 -75 0
-16 24 10 0
-76 -3 -12 0
-28 -1 47 0
47 -21 51 0
9 -16 60 0
-31 21 -58 0
-4 14 -38 0
87 81 85 0
67 61 -81 0
36 34 9 0
55 -57 -1 0
-29 -50 -3 0
31 -25 -87 0
78 37 4 0
-11 35 -30 0
-17 -78 -28 0
30 -52 -41 0
58 60 -46 0
-44 35 9 0
63 32 -90 0
-29 -2 51 0
87 -16 62 0
23 50 68 0
57 -80 -24 0
17 -88 34 0
-45 29 62 0
18 -27 15 0
-49 5 -14 0
-46 25 -8 0
-29 58 -50 0
-44 13 -89 0
-30 -9 -55 0
32 40 -72 0
52 -7 -20 0
13 -39 16 0
88 -63 -9 0
-7 -81 47 0
12 -76 77 0
-35 -22 -20 0
24 55 57 0
-27 83 64 0
-10 70 54 0
52 -29 57 0
9 -45 -34 0
-66 -79 -32 0
5 -18 -50 0
-15 -7 88 0
85 -41 -76 0
86 -37 62 0
1 70 -79 0
42 4 58 0
-75 49 -80 0
-21 -78 -29 0
22 57 48 0
-50 30 -46 0
-23 -75 -29 0
21 -73 -42 0
3 -87 -76 0
50 53 -35 0
-79 68 57 0
-35 68 84 0
73 -74 -82 0
12 22 -16 0
-45 -48 23 0
-52 -63 85 0
-65 36 68 0
41 -77 -79 0
-79 44 27 0
57 -11 24 0
-28 53 45 0
-36 10 -72 0
32 7 60 0
-88 -56 -4 0
81 57 -21 0
1 -2 49 0
79 -23 31 0
19 -81 -46 0
37 30 -23 0
81 33 -47 0
-17 49 -23 0
-37 54 -50 0
66 47 -16 0
64 -2 -6 0
-72 -62 41 0
20 63 49 0
90 -85 -46 0
-50 19 -7 0
40 -32 25 0
-53 -62 34 0
-89 84 28 0
-41 67 -13 0
-27 -33 68 0
12 -56 -69 0
-36 -48 9 0
-82 -30 -62 0
-70 -15 84 0
-7 -33 48 0
37 -47 22 0
-69 38 -39 0
-65 76 -19 0
57 -53 -14 0
61 49 73 0
-10 -31 23 0
-88 67 65 0
-61 -64 5 0
47 78 6 0
-63 -35 16 0
17 54 -33 0
-24 19 47 0
34 -81 -54 0
-68 31 10 0
47 -2 -26 0
11 -9 -47 0
72 -58 -52 0
-65 69 88 0
-50 59 38 0
64 -66 -37 0
-9 53 -37 0
51 33 -49 0
-60 -67 32 0
37 -28 -36 0
70 -62 53 0
-64 90 44 0
43 79 78 0
-72 63 58 0
-13 61 -77 0
-29 74 54 0
30 -34 -15 0
2 51 76 0
-27 23 -39 0
-40 63 -18 0
10 -16 81 0
53 83 54 0
46 -34 -32 0
86 3 -11 0
84 43 30 0
36 -39 -21 0
79 -32 -29 0
56 46 -6 0
-53 -52 -17 0
81 -17 -89 0
6 77 9 0
-22 13 4 0
35 74 29 0
89 44 -42 0
66 -19 56 0
51 -41 52 0
-71 -3 -43 0
-42 63 -31 0
79 -54 69 0
16 -60 41 0
67 -40 -83 0
-81 21 -7 0
31 57 -88 0
11 -80 -22 0
-67 62 7 0
-52 65 83 0
-17 -1 70 0
15 -22 -89 0
-56 47 -4 0
-76 -36 -51 0
-27 -64 11 0
13 56 -47 0
-72 -80 -74 0
41 -4 -53 0
52 33 -11 0
-42 25 -77 0
77 33 68 0
-25 -81 -30 0
-80 2 45 0
32 12 65 0
37 75 54 0
28 -72 50 0
77 -67 -19 0
-7 -81 -69 0
73 -84 41 0
26 71 -72 0
66 6 4 0
-72 4 -29 0
-7 -74 71 0
78 -65 -52 0
32 -53 36 0
2 -66 -31 0
-31 89 19 0
-7 -33 -63 0
-22 -6 80 0
56 -4 -34 0
10 6 -16 0
32 -81 12 0
14 81 85 0
-79 1 -9 0
28 25 86 0
11 40 -28 0
17 -86 -43 0
76 -89 -86 0
-55 27 -13 0
24 45 8 0
-3 20 26 0
83 89 88 0
-15 9 78 0
-49 -19 -50 0
84 62 86 0
26 -24 -22 0
46 -60 -41 0
-40 -49 -54 0
18 -89 10 0
-78 2 5 0
-47 -62 6 0
-38 -8 1 0
28 -89 -55 0
-22 -86 35 0
8 23 -10 0
-67 86 -46 0
40 -12 48 0
22 28 -2 0
35 43 8 0
78 59 -67 0
89 -81 15 0
85 28 -50 0
25 87 -39 0
-76 -13 -84 0
-31 38 51 0
12 64 -66 0
-83 -52 14 0
49 -30 31 0
-15 -86 -84 0
65 -62 12 0
-33 -48 -76 0
11 42 -27 0
-2 37 -43 0
-53 -17 -79 0
13 -76 82 0
21 -89 49 0
-27 57 68 0
-8 -60 44 0
-87 7 84 0
20 17 -2 0
21 75 8 0
34 -44 -70 0
-55 37 -6 0
43 -77 -83 0
-46 -80 79 0
43 83 11 0
33 74 -28 0
29 25 -2 0
-49 51 84 0
-28 -13 21 0
-14 88 -28 0
68 -89 -65 0
42 -69 -81 0
-20 -86 -84 0
70 74 -16 0
11 16 35 0
36 -34 -54 0
52 26 -81 0
88 9 -52 0
-27 56 -68 0
-90 -17 28 0
-25 54 -43 0
-39 -53 -4 0
17 74 53 0
40 57 -55 0
-16 68 -82 0
-29 -23 85 0
78 -82 28 0
-77 -49 -73 0
-71 -23 11 0
45 -17 34 0
-80 -39 50 0
11 -49 51 0
67 -71 -20 0
-19 -30 -25 0
29 -47 -60 0
39 -63 -90 0
55 10 -13 0
80 -65 29 0
-44 -59 -2 0
30 43 -45 0
57 -35 -25 0
-83 82 88 0
27 -71 47 0
16 -78 -84 0
-61 -2 28 0
64 70 -48 0
-13 -86 -37 0
-68 -36 -1 0
59 -63 -87 0
86 -5 49 0
23 17 31 0
7 -66 -74 0
-33 28 -66 0
62 -20 50 0
-81 15 87 0
-25 56 -78 0
33 6 -66 0
17 -65 66 0
-67 45 -7 0
-23 -2 75 0
-71 -59 -75 0
62 -53 65 0
32 -61 -39 0
-49 -32 28 0
22 -44 46 0
-65 9 24 0
-38 89 -24 0
-72 -67 -20 0
86 -89 -13 0
17 -39 -4 0
72 -85 52 0
-89 84 -18 0
80 -21 -1 0
52 -54 36 0
-79 -88 42 0
30 55 -84 0
-29 -34 -70 0
-80 -41 -39 0
86 -53 2 0
-85 10 -69 0
-87 8 -71 0
-41 36 39 0
89 -44 -33 0
70 59 25 0
-16 -24 -56 0
-59 27 -52 0
-26 -59 77 0
44 87 -21 0
4 86 81 0
-55 61 88 0
44 39 -22 0
-83 -12 65 0
-23 67 -4 0
32 -53 -7 0
85 -63 6 0
3 57 -5 0
72 -38 -29 0
47 66 -39 0
-6 -31 -78 0
-74 -12 14 0
