p 76 323
23 34 -58 0
68 -40 1 0
1 49 32 0
18 73 -64 0
5 -37 -72 0
62 67 -76 0
37 16 41 0
20 -76 -13 0
-60 7 29 0
-19 -33 65 0
49 -19 -48 0
-71 -40 -28 0
-43 -30 64 0
-52 24 -49 0
17 49 -36 0
32 -55 -53 0
22 62 -38 0
12 45 20 0
31 -26 20 0
-40 -70 74 0
-67 43 -69 0
-64 -20 75 0
-14 -20 72 0
48 55 -62 0
-36 -71 67 0
-47 30 11 0
67 29 -30 0
-49 43 -38 0
-68 -57 25 0
-75 -14 54 0
47 -13 57 0
-47 -42 75 0
-3 7 -70 0
-5 -30 -8 0
64 59 -68 0
30 10 62 0
72 38 -15 0
49 70 18 0
-11 50 62 0
-3 -28 -35 0
68 70 -40 0
-2 75 53 0
-50 2 74 0
35 -37 34 0
-37 -4 58 0
15 9 70 0
-28 76 -3 0
-71 -44 -27 0
44 -50 52 0
-23 -64 -44 0
58 -69 -60 0
40 41 -47 0
6 13 26 0
39 -35 42 0
74 76 -47 0
-18 -21 57 0
11 -65 19 0
-57 70 -71 0
-63 3 34 0
-27 -1 -35 0
-20 53 56 0
-16 17 -20 0
37 1 74 0
-10 -50 27 0
-50 -46 -7 0
50 -47 71 0
56 -49 1 0
61 33 -30 0
57 7 -46 0
61 75 -34 0
-11 1 31 0
22 46 24 0
26 -25 45 0
-50 76 65 0
47 21 -49 0
19 -45 41 0
58 67 -57 0
15 -29 -34 0
33 -30 29 0
42 -35 -12 0
36 -56 63 0
58 71 30 0
33 -21 -2 0
60 -48 17 0
-45 -23 -19 0
67 59 45 0
-53 -7 -34 0
2 -53 -72 0
-7 -1 -8 0
-51 29 -48 0
-64 -8 -18 0
4 34 31 0
-57 -19 -63 0
-57 5 17 0
-48 -72 -46 0
-62 53 -19 0
-71 -43 54 0
44 45 -71 0
6 39 19 0
41 71 -63 0
-34 29 -66 0
47 -71 -36 0
35 -30 -73 0
11 9 22 0
-11 71 42 0
-37 -4 32 0
75 4 64 0
-64 61 -9 0
-63 -8 -21 0
62 64 -69 0
42 32 62 0
45 50 23 0
-35 -70 55 0
-40 12 -67 0
45 -11 46 0
43 41 -52 0
24 49 -76 0
-32 16 65 0
-14 -24 -38 0
-44 1 -6 0
36 -19 22 0
-29 65 66 0
5 -52 42 0
27 62 18 0
-31 -13 -58 0
59 32 -37 0
-46 12 2 0
-14 -44 -75 0
-25 -58 -67 0
33 -22 -53 0
27 -55 -47 0
-59 -24 -61 0
2 49 30 0
-43 24 -16 0
-52 -60 51 0
1 -72 -4 0
39 -13 61 0
-24 -6 10 0
-28 33 -38 0
3 -8 74 0
16 -57 -67 0
-43 65 -26 0
-66 -41 -38 0
-4 -18 -51 0
71 8 -63 0
-16 -4 -22 0
30 7 -27 0
47 41 -45 0
7 75 -40 0
-67 -47 -2 0
-70 71 44 0
27 12 -47 0
-65 -14 62 0
16 12 25 0
65 24 73 0
26 57 -65 0
2 17 15 0
71 36 58 0
24 26 -65 0
-50 -26 27 0
15 25 54 0
-32 44 -27 0
5 15 -41 0
-52 -12 -30 0
-50 -14 -70 0
-7 51 -5 0
-63 17 -49 0
-50 -14 -10 0
22 -74 -72 0
-74 15 -73 0
63 5 67 0
-76 -70 58 0
-49 64 -38 0
-11 51 4 0
25 -72 -54 0
71 73 64 0
38 -32 -57 0
-1 59 -42 0
-41 -34 51 0
-50 10 -41 0
75 -57 66 0
66 -60 -28 0
-57 -35 58 0
-67 -35 -76 0
-1 21 -15 0
-45 23 -32 0
-6 45 -16 0
-22 -48 51 0
-70 41 -68 0
-62 -59 73 0
-17 -7 22 0
-61 59 -5 0
-76 59 70 0
-36 -66 48 0
46 -55 3 0
-55 28 -61 0
-44 -7 -53 0
-25 75 -54 0
-34 -10 48 0
69 -61 -47 0
69 21 -18 0
-54 14 -74 0
-2 27 33 0
65 -41 -27 0
-9 51 -20 0
72 32 -10 0
41 -14 68 0
-34 -58 6 0
58 33 -21 0
-29 -75 55 0
-60 -59 24 0
16 -10 43 0
46 4 -48 0
67 -45 55 0
2 -63 -70 0
-35 6 -47 0
3 -24 41 0
-53 13 19 0
-26 -41 30 0
62 27 38 0
70 -9 28 0
-48 10 51 0
56 -44 -63 0
1 -72 49 0
5 10 -37 0
-76 -27 48 0
-25 66 4 0
10 36 -64 0
37 45 62 0
-21 -4 -54 0
-16 67 -56 0
7 -46 -31 0
62 -42 4 0
11 -36 -42 0
-25 22 -75 0
-32 63 -13 0
-26 -47 10 0
-59 74 -73 0
35 -29 -46 0
53 -13 72 0
13 -6 -11 0
26 17 53 0
-70 -68 58 0
-32 63 18 0
-58 67 44 0
-41 -37 -2 0
-46 20 -10 0
75 16 -26 0
70 61 -24 0
-9 45 -38 0
-54 2 20 0
64 24 -33 0
-12 10 3 0
4 -24 54 0
52 58 -29 0
48 2 12 0
31 -12 69 0
40 5 11 0
-72 -34 -9 0
9 28 12 0
-35 40 16 0
71 -63 -9 0
71 42 52 0
48 74 42 0
-30 29 -55 0
-63 62 12 0
9 59 47 0
-13 1 46 0
69 -15 -49 0
11 22 68 0
-2 -62 43 0
75 -50 61 0
25 10 12 0
-59 -26 -21 0
-49 40 29 0
24 3 -49 0
76 -23 8 0
66 -56 -22 0
76 -8 37 0
32 -61 46 0
-9 -18 57 0
60 63 27 0
51 -36 -4 0
19 -51 8 0
-69 53 -31 0
-76 -1 -21 0
18 42 60 0
73 49 -40 0
-68 56 -52 0
-29 -69 -63 0
-43 19 -20 0
70 -11 -58 0
-43 9 28 0
13 -24 -45 0
55 36 -17 0
-38 -15 -48 0
-5 61 22 0
-1 -62 -17 0
-14 75 -44 0
-58 -18 -34 0
60 63 31 0
-32 36 6 0
-19 -65 48 0
-40 23 46 0
-63 10 -9 0
-41 67 15 0
30 67 31 0
49 76 30 0
-72 -60 2 0
61 -4 -71 0
-73 11 -60 0
-42 -73 26 0
-56 17 -28 0
27 -34 -56 0
-62 33 76 0
60 -64 -76 0
-41 -22 59 0
-60 27 28 0
-65 -49 -4 0
-40 65 -23 0
-41 6 45 0
-71 28 13 0
12 -30 33 0
