p 71 302
-1 45 -51 0
-11 -1 39 0
-26 4 -3 0
63 -45 40 0
-15 -70 -57 0
24 -69 66 0
-68 -32 63 0
-51 41 -20 0
30 -51 -65 0
13 -45 26 0
2 -16 60 0
-1 -9 2 0
31 -20 29 0
-26 -2 -28 0
56 -55 64 0
38 59 -65 0
-11 -1 -71 0
-37 46 55 0
69 64 -6 0
21 43 56 0
23 13 49 0
15 8 -64 0
58 -37 59 0
38 35 -1 0
-30 19 -11 0
1 19 -68 0
-32 -31 -13 0
-6 13 -34 0
-19 -21 12 0
42 -38 -11 0
-16 -17 -42 0
-32 -53 -62 0
-63 47 -65 0
56 -4 -51 0
-40 31 57 0
46 -42 4 0
-45 70 7 0
-70 -39 -10 0
7 5 -27 0
8 -25 66 0
-43 -36 -48 0
20 -10 -21 0
-7 -12 70 0
65 -63 62 0
-9 39 65 0
-69 3 68 0
28 -18 65 0
-11 -39 -47 0
-43 -33 -32 0
-36 -19 8 0
32 -17 -24 0
60 36 -3 0
52 14 -10 0
19 25 60 0
7 -5 -26 0
20 -42 27 0
38 -4 65 0
-67 64 30 0
-51 58 46 0
64 -44 66 0
49 13 34 0
-6 -44 -31 0
34 4 -47 0
-16 -10 17 0
-69 -42 56 0
-39 -68 -22 0
-59 55 54 0
64 -43 -68 0
57 44 -55 0
65 40 18 0
-39 31 6 0
51 21 -14 0
18 32 22 0
46 -62 -44 0
51 -32 -48 0
-56 62 -48 0
18 -49 30 0
65 32 39 0
47 65 1 0
49 33 12 0
11 -51 -30 0
-36 1 58 0
23 -12 -22 0
69 -70 -48 0
17 -24 -37 0
17 -70 26 0
-5 56 -60 0
-57 -28 5 0
36 -12 -55 0
10 48 39 0
56 -48 -42 0
3 13 50 0
56 -71 -47 0
-51 69 -22 0
-70 51 -9 0
50 -26 -54 0
-60 -64 -28 0
49 58 -16 0
-50 -64 1 0
-42 -11 -24 0
43 1 -6 0
25 42 -66 0
65 45 -41 0
-69 21 -59 0
62 59 -24 0
31 -8 66 0
-70 2 -11 0
-43 5 31 0
-51 -3 -9 0
40 8 -26 0
63 43 69 0
64 -67 1 0
23 35 -37 0
-5 42 -54 0
-15 69 1 0
22 9 -18 0
35 -11 64 0
-44 -2 -9 0
-60 -12 38 0
-69 54 31 0
50 48 38 0
40 15 -20 0
41 43 56 0
41 20 -46 0
16 -69 -56 0
-68 9 17 0
1 -44 -70 0
6 16 -46 0
46 -15 39 0
8 -15 -67 0
16 67 57 0
-15 54 48 0
-54 -70 -42 0
-70 34 -17 0
38 51 66 0
6 59 -64 0
27 -51 34 0
-63 -6 41 0
1 13 -60 0
-51 -41 -15 0
19 67 34 0
48 53 -25 0
18 -56 4 0
2 4 -24 0
-63 -26 23 0
31 -62 1 0
35 34 -2 0
26 36 -31 0
7 40 25 0
-41 -10 54 0
-61 -23 -29 0
-41 64 32 0
-10 -67 -4 0
-50 25 29 0
-46 -24 5 0
13 16 25 0
14 -20 52 0
3 -42 7 0
-31 9 -43 0
-7 -2 -51 0
-15 60 12 0
69 54 -33 0
-12 -48 40 0
32 54 16 0
-36 -53 12 0
51 42 -65 0
45 -58 17 0
-57 -48 -11 0
57 64 48 0
-35 7 -29 0
-62 -8 9 0
-14 48 -24 0
1 -26 65 0
54 59 58 0
-68 60 23 0
-38 26 -12 0
-45 -37 57 0
9 -71 -34 0
-35 -2 -71 0
20 11 22 0
32 48 61 0
5 -64 50 0
4 53 10 0
67 -54 3 0
-12 -40 -60 0
29 -63 -69 0
53 9 43 0
-63 23 -48 0
-31 -21 -6 0
58 4 51 0
1 21 53 0
32 26 -64 0
-4 -29 -58 0
4 -70 -16 0
6 -22 -66 0
37 -33 -52 0
-51 -48 13 0
-56 40 65 0
-48 23 -58 0
-36 35 19 0
15 50 48 0
-31 -68 67 0
-27 5 42 0
-39 48 -35 0
42 39 -32 0
60 -3 62 0
15 4 22 0
21 -47 15 0
11 -9 70 0
40 60 35 0
6 45 -40 0
-69 -34 -6 0
-64 -1 15 0
-42 -28 54 0
-38 -44 -68 0
60 -13 -10 0
-21 -2 -32 0
-6 45 14 0
-17 29 32 0
-23 44 42 0
-49 -15 36 0
49 4 20 0
34 -48 17 0
39 -4 26 0
-62 -37 28 0
62 -26 -54 0
-25 65 -6 0
55 50 -18 0
42 51 55 0
45 35 -13 0
-45 -16 66 0
4 -39 52 0
9 68 8 0
-5 28 53 0
-58 17 -34 0
-40 10 -35 0
22 63 -42 0
-25 61 22 0
41 -10 13 0
-61 -49 29 0
66 -70 -68 0
48 64 43 0
42 -45 57 0
-37 -30 -44 0
12 29 55 0
47 61 21 0
-58 64 -2 0
-12 -42 -23 0
44 -22 -20 0
-1 18 -51 0
46 10 -51 0
21 28 -45 0
-55 -45 66 0
-9 61 -12 0
-9 -22 -34 0
-3 -67 -2 0
24 45 -22 0
2 48 57 0
-28 35 -48 0
-30 -47 19 0
-51 54 17 0
33 69 7 0
3 -20 -66 0
24 -4 47 0
-52 8 51 0
42 -38 -52 0
38 -44 48 0
-36 -4 64 0
-12 30 29 0
36 42 -65 0
55 26 66 0
-9 -49 -60 0
-27 -28 1 0
54 -10 -21 0
-24 44 -17 0
42 -71 59 0
30 58 22 0
-36 13 -48 0
61 28 -17 0
45 -48 -70 0
22 -23 24 0
6 53 26 0
69 -10 39 0
44 -19 54 0
-4 46 30 0
-23 26 -22 0
12 -6 -65 0
-56 45 -23 0
-70 59 67 0
57 -19 30 0
-40 -44 -65 0
66 -30 -47 0
10 -12 -68 0
-1 -26 63 0
-18 12 66 0
-66 -60 63 0
36 9 -63 0
48 -68 -55 0
9 -30 29 0
-56 9 64 0
28 -51 -11 0
49 -8 -62 0
