p 24 102
18 1 -8 0
-23 17 1 0
12 13 -1 0
-5 17 12 0
24 -5 14 0
18 23 17 0
-2 16 7 0
-24 -21 -5 0
6 14 -17 0
-1 8 24 0
-13 16 20 0
-10 -19 6 0
-10 13 18 0
-10 24 -4 0
16 18 -4 0
4 -7 18 0
1 7 -21 0
5 20 -4 0
-17 -5 2 0
-24 7 9 0
8 -3 22 0
-16 23 17 0
-16 12 -13 0
-9 -17 -15 0
-22 -17 -13 0
-20 -18 -21 0
17 1 15 0
-13 8 21 0
21 -6 10 0
-13 -7 11 0
-7 -13 -4 0
-5 -10 17 0
-2 -16 9 0
-8 -4 2 0
23 2 15 0
24 -10 13 0
8 12 3 0
-6 14 11 0
11 -3 -10 0
-17 -9 24 0
22 -19 -10 0
-8 -2 -12 0
-14 6 22 0
-10 3 -17 0
18 5 6 0
20 -1 -10 0
9 11 -18 0
5 6 -17 0
-7 3 18 0
-6 -16 10 0
-16 -3 -20 0
21 -16 11 0
-1 20 4 0
19 -12 2 0
-10 22 24 0
21 18 -10 0
-18 11 -14 0
10 8 6 0
-6 -7 19 0
8 19 9 0
1 24 9 0
-3 19 11 0
11 24 -17 0
19 -2 -4 0
9 15 -13 0
-1 -9 -19 0
-5 -18 6 0
-23 16 22 0
-15 5 -20 0
-17 5 1 0
-8 -15 -14 0
10 -9 2 0
-15 24 14 0
-8 -22 13 0
5 -15 -13 0
21 20 -23 0
-16 6 10 0
-11 -2 21 0
11 -23 -13 0
-2 -9 -22 0
-11 5 -8 0
-20 -12 4 0
6 -15 -20 0
-19 9 -3 0
23 -20 -19 0
-23 -6 20 0
-14 -6 -15 0
-13 -12 21 0
11 -24 9 0
-17 -8 18 0
12 -13 8 0
-21 -17 -8 0
5 8 19 0
-22 20 9 0
5 -10 24 0
-16 -10 20 0
12 -2 -13 0
20 -15 1 0
-2 20 19 0
-16 13 23 0
-20 21 -4 0
-21 5 -20 0
