p 29 123
5 12 -11 0
-2 26 9 0
12 29 -2 0
-16 -13 4 0
19 -22 27 0
-15 -27 -5 0
-27 28 9 0
-24 -2 -17 0
-20 -19 -13 0
-25 -26 -23 0
9 22 -23 0
28 -13 -26 0
-8 15 -2 0
-2 -27 -19 0
22 11 -12 0
5 19 -7 0
-4 -15 -17 0
24 -14 -3 0
-9 20 -27 0
13 1 -24 0
-13 24 -20 0
-26 4 -7 0
8 22 -9 0
-16 19 21 0
-12 10 4 0
5 -7 -9 0
-23 -12 1 0
16 18 -11 0
13 -20 7 0
-24 22 -16 0
6 4 -24 0
11 15 -9 0
-29 2 -16 0
28 -5 9 0
-2 3 4 0
3 -17 -2 0
-23 24 2 0
15 4 -18 0
25 3 -29 0
-29 -4 -23 0
20 -21 -14 0
-6 25 -17 0
18 2 7 0
23 -22 -17 0
-9 28 -11 0
-15 17 -19 0
15 21 -24 0
17 -11 -1 0
-29 8 5 0
15 -17 -28 0
10 23 -4 0
27 4 22 0
-17 -10 12 0
-22 9 6 0
18 -16 17 0
-23 -27 -22 0
-1 -18 -20 0
20 23 -18 0
13 17 -23 0
-4 -1 -24 0
27 20 22 0
-10 20 -18 0
-18 9 26 0
28 -25 19 0
-23 -26 -29 0
-7 19 17 0
11 -13 1 0
-5 -2 -14 0
-16 4 -21 0
17 -11 -14 0
24 -12 11 0
-28 -22 6 0
7 6 17 0
-1 -15 27 0
20 22 2 0
-1 22 -18 0
-13 -29 -1 0
-3 6 15 0
-13 -28 -6 0
-1 20 -3 0
17 -19 1 0
-27 19 13 0
-25 28 11 0
2 3 5 0
10 -27 17 0
12 -7 22 0
-22 6 1 0
2 5 19 0
-13 -25 10 0
-4 29 19 0
13 -11 6 0
3 28 -18 0
21 11 -22 0
-23 25 -10 0
22 -7 17 0
3 -18 8 0
-20 26 -22 0
29 -11 -27 0
14 -4 28 0
-19 12 -14 0
21 9 15 0
13 24 -8 0
-4 -14 19 0
-12 -29 -23 0
27 3 16 0
12 -18 16 0
-14 12 -28 0
6 25 17 0
6 15 -11 0
15 -23 26 0
25 -20 18 0
10 18 3 0
-5 -24 12 0
-13 -1 -15 0
24 -1 -19 0
10 -9 -19 0
-28 15 -7 0
8 22 -24 0
14 -7 -22 0
14 -7 -25 0
5 7 -2 0
4 -18 16 0
13 17 11 0
