p 55 234
-43 16 -31 0
15 -44 -35 0
-55 -42 11 0
-55 48 30 0
15 18 14 0
44 -54 19 0
46 -5 -39 0
23 27 15 0
13 46 -21 0
39 -41 18 0
3 26 49 0
-20 8 1 0
-3 31 44 0
-19 -14 -16 0
-23 7 12 0
52 -30 20 0
-35 -23 -15 0
54 -23 45 0
46 -6 -17 0
-44 -34 22 0
-25 -47 5 0
11 1 -7 0
36 11 27 0
-13 3 -21 0
-43 -30 33 0
-17 -1 -18 0
39 -22 8 0
37 15 -22 0
-46 20 27 0
-39 -47 54 0
1 38 36 0
-5 -31 18 0
39 18 2 0
32 -15 -10 0
2 -5 -55 0
7 51 -20 0
38 -4 -20 0
-55 -23 -50 0
-26 10 -2 0
-48 1 2 0
17 27 -42 0
-14 12 23 0
-10 -24 -15 0
55 29 27 0
-24 5 -19 0
-46 16 -4 0
51 -23 -39 0
28 1 36 0
-5 28 -29 0
3 -12 -47 0
-46 -1 47 0
-2 -20 -4 0
-40 2 -36 0
-13 -42 4 0
1 -22 -38 0
-37 18 30 0
-20 -50 -19 0
-53 -51 -43 0
-45 48 23 0
25 -44 -9 0
-44 53 -29 0
-4 -38 -39 0
22 44 35 0
13 37 -19 0
-40 34 10 0
-14 -5 48 0
30 -31 24 0
42 -1 44 0
22 41 3 0
14 8 21 0
-22 17 -55 0
20 -41 -23 0
-27 10 49 0
-44 32 -49 0
40 -22 47 0
25 -48 -21 0
-48 3 18 0
1 17 -35 0
24 -20 -6 0
-1 -4 35 0
23 -26 -46 0
41 -17 -45 0
21 46 16 0
25 -10 20 0
51 -10 -24 0
-22 40 -38 0
20 24 -11 0
53 -46 51 0
-4 21 50 0
26 -2 4 0
1 28 34 0
1 9 34 0
46 5 35 0
39 24 3 0
30 13 -12 0
-43 42 24 0
50 39 -17 0
-28 46 -14 0
-4 -13 32 0
-15 -55 35 0
3 -10 22 0
1 -8 40 0
27 34 -43 0
54 -20 13 0
-36 49 6 0
-18 17 7 0
44 -45 -11 0
43 48 41 0
-51 4 -50 0
11 12 -47 0
35 -34 36 0
-11 -28 41 0
-51 1 44 0
-24 -32 -4 0
-48 -45 25 0
-41 -15 40 0
20 -22 35 0
39 24 -27 0
-12 30 9 0
22 -8 -43 0
-5 -47 -9 0
-30 9 31 0
-27 50 -17 0
10 26 50 0
4 -7 6 0
-54 -21 10 0
-30 15 32 0
6 -9 36 0
41 -9 26 0
-41 -13 -1 0
19 28 -12 0
39 20 29 0
-7 -8 15 0
-27 30 15 0
-22 -27 46 0
4 -34 10 0
-24 -37 -7 0
-5 -43 27 0
6 45 -10 0
-7 41 9 0
-26 10 43 0
11 36 -49 0
-46 31 13 0
-14 47 -6 0
-19 -16 -3 0
-12 -10 -26 0
36 -23 46 0
14 38 -45 0
-31 -46 -10 0
50 -16 42 0
28 19 4 0
15 37 33 0
42 -53 -25 0
28 -54 29 0
6 32 42 0
25 11 9 0
-53 -21 -46 0
-10 -51 22 0
46 -2 22 0
-36 33 -8 0
26 8 -22 0
-41 34 43 0
-17 -3 20 0
-43 31 -13 0
-11 45 31 0
-23 -43 -1 0
-9 -19 -48 0
-52 43 -31 0
39 -7 55 0
39 -7 11 0
3 -28 45 0
-24 -16 42 0
23 -33 17 0
6 -5 -40 0
-21 44 54 0
55 -25 -1 0
11 -39 -15 0
16 -27 -17 0
12 45 -44 0
-50 11 -3 0
-43 -16 -12 0
-52 41 30 0
14 7 54 0
53 3 -42 0
8 13 -41 0
-45 -44 -20 0
49 28 31 0
35 40 -5 0
31 21 17 0
48 -37 36 0
-51 31 36 0
-4 -53 -23 0
16 44 25 0
10 36 -39 0
14 -49 -27 0
49 -55 -14 0
22 5 14 0
-46 31 10 0
11 17 35 0
39 -53 -2 0
38 8 5 0
6 23 3 0
42 -33 22 0
-38 -39 54 0
6 47 26 0
9 5 -41 0
-18 -21 31 0
2 18 -1 0
49 -27 1 0
-26 -35 -15 0
-26 -9 21 0
-14 3 -37 0
33 -25 19 0
40 33 13 0
-46 40 -43 0
-43 23 -22 0
-33 18 -14 0
6 14 18 0
-22 -34 31 0
13 44 22 0
34 -8 -19 0
-40 33 12 0
-40 -18 38 0
-47 -48 9 0
19 41 -38 0
35 -38 -21 0
-41 -3 11 0
53 27 -13 0
52 55 -9 0
-47 24 21 0
-37 -15 -7 0
-17 36 39 0
-5 -48 -20 0
3 -35 54 0
