p 37 157
-26 24 15 0
30 1 2 0
28 -13 -36 0
-28 -33 8 0
20 -17 -15 0
3 20 -5 0
-35 30 37 0
-7 -18 20 0
-1 15 -33 0
28 -14 24 0
22 -36 3 0
-10 -32 20 0
23 19 28 0
-1 -7 -16 0
-2 -23 6 0
-24 16 19 0
-33 -26 -28 0
-30 -3 10 0
-11 22 -9 0
19 34 14 0
-16 11 1 0
-32 -29 24 0
-21 -23 6 0
-19 -11 30 0
14 -13 -36 0
17 21 -14 0
29 -35 -16 0
19 -12 -35 0
-11 -4 -8 0
12 -8 7 0
29 24 33 0
23 4 26 0
37 22 11 0
-1 -30 17 0
-13 30 28 0
35 -25 3 0
27 -25 22 0
26 -7 16 0
-17 -19 25 0
-32 -12 -10 0
29 16 -24 0
-35 -26 29 0
22 31 10 0
-12 25 21 0
-22 -1 -15 0
16 -33 -31 0
37 -35 7 0
-4 8 22 0
-21 35 1 0
-8 -5 -1 0
33 -1 -5 0
-19 28 -21 0
16 -2 29 0
23 -15 2 0
1 -36 21 0
29 36 7 0
32 25 -30 0
-28 8 -33 0
-13 -24 -15 0
23 -26 -5 0
-8 11 24 0
-24 25 17 0
33 21 16 0
15 -6 2 0
-16 -24 33 0
10 -6 -12 0
24 14 -5 0
-11 -35 16 0
-17 10 22 0
-27 14 -30 0
24 -13 34 0
-30 2 9 0
-30 27 14 0
-34 -25 -4 0
-25 4 -16 0
5 -15 -26 0
-7 11 28 0
7 -28 -12 0
31 17 30 0
25 11 -10 0
-27 17 -25 0
21 -18 8 0
-36 5 -19 0
2 -11 -12 0
11 -15 26 0
-35 15 -1 0
26 -21 -13 0
16 -2 -13 0
-17 -27 -31 0
30 -29 35 0
-3 30 -22 0
16 -27 7 0
-22 -21 37 0
4 20 -36 0
3 -2 -26 0
-23 -17 -14 0
-6 -24 14 0
33 3 2 0
-8 9 6 0
37 -24 -8 0
-23 12 -18 0
7 24 13 0
9 3 7 0
34 -21 -24 0
33 -24 -22 0
26 23 -27 0
-1 21 -35 0
-26 11 -10 0
32 26 -15 0
34 -36 9 0
-10 30 -7 0
-2 6 20 0
4 -25 -37 0
-36 15 7 0
-23 22 18 0
-20 26 7 0
-9 14 17 0
16 17 -10 0
-2 -19 -28 0
-17 1 12 0
23 -2 10 0
-2 -8 24 0
6 18 23 0
-25 -20 17 0
-4 -26 -29 0
-6 34 22 0
-18 -26 16 0
28 25 36 0
-36 -31 34 0
-37 -8 11 0
-4 7 -25 0
4 -19 16 0
29 25 8 0
-24 -9 -2 0
-32 3 -25 0
17 12 -29 0
3 22 -31 0
-1 -16 25 0
-4 1 30 0
-32 1 34 0
-32 22 33 0
-27 10 -25 0
10 34 6 0
-19 -18 26 0
-32 34 -16 0
-18 21 -33 0
-18 -33 6 0
-32 -24 10 0
-17 30 -20 0
-30 -22 -7 0
-33 12 1 0
32 -3 -12 0
-37 32 17 0
-34 -18 -11 0
30 -6 15 0
24 13 -9 0
-10 34 -25 0
