p 67 285
25 -6 -53 0
-15 -1 64 0
34 -13 8 0
-52 6 19 0
-1 43 33 0
33 61 -52 0
57 19 31 0
44 51 9 0
-16 12 -15 0
46 45 53 0
43 26 49 0
27 11 13 0
1 -3 -56 0
-50 -10 1 0
27 -10 -44 0
-43 36 30 0
10 -48 37 0
-56 -42 -61 0
-32 61 60 0
-23 -28 12 0
-53 -10 9 0
8 -62 -39 0
21 37 13 0
-6 -47 -22 0
41 63 24 0
18 29 -27 0
7 -22 -62 0
-65 -47 -8 0
-27 60 -12 0
17 -37 -35 0
-28 -46 -64 0
29 -46 -10 0
58 46 -30 0
-45 66 11 0
54 28 -38 0
49 31 42 0
15 2 13 0
-26 -18 -48 0
58 -2 -41 0
28 26 66 0
-29 62 -32 0
52 64 -67 0
21 35 56 0
50 -52 -32 0
-54 17 10 0
-40 18 37 0
34 60 30 0
-32 13 -30 0
11 -13 -17 0
18 35 -39 0
61 63 -17 0
-47 -4 34 0
-66 28 17 0
-21 -42 -29 0
51 24 -39 0
-53 -29 -25 0
6 -39 -61 0
67 -61 -18 0
-61 -17 -62 0
-52 36 59 0
10 -35 -64 0
-41 11 2 0
33 -36 -46 0
-43 -28 -22 0
-44 -15 65 0
14 -42 36 0
66 29 -62 0
48 50 -54 0
-37 33 11 0
-25 -13 67 0
-27 -4 -22 0
-19 36 -9 0
28 -21 -36 0
24 53 -10 0
24 -10 37 0
-26 -63 3 0
5 14 -67 0
35 -52 -48 0
-63 -18 15 0
42 -65 28 0
19 -60 -47 0
35 -5 -62 0
-57 -16 -67 0
-12 -60 39 0
3 29 23 0
-39 -24 -36 0
27 37 42 0
-18 -5 8 0
22 -53 -46 0
-39 -16 10 0
61 46 25 0
20 24 -55 0
38 65 33 0
27 -11 -50 0
-30 62 -9 0
-15 60 -35 0
58 62 23 0
60 -21 53 0
-36 17 -53 0
31 64 -39 0
5 -16 -26 0
48 -37 14 0
45 30 24 0
-2 -38 35 0
55 37 27 0
15 -14 16 0
-39 -2 -13 0
-12 56 41 0
-45 -60 65 0
-65 -2 -55 0
49 -40 58 0
-66 -19 -29 0
30 54 -61 0
28 9 60 0
2 59 -39 0
-37 54 23 0
-2 -20 16 0
-33 -54 -60 0
1 -4 17 0
1 41 19 0
-36 -52 -12 0
-3 47 -45 0
-61 51 -67 0
-55 40 -23 0
-26 50 3 0
-10 48 49 0
26 10 -43 0
-35 31 22 0
12 61 -53 0
-42 -23 -25 0
-13 -18 2 0
-15 54 13 0
66 -26 65 0
7 23 -19 0
9 52 -56 0
25 -1 -3 0
44 -26 63 0
1 -51 -24 0
64 -18 1 0
-67 9 45 0
64 46 -56 0
45 26 -33 0
-4 -40 49 0
-38 -36 -11 0
-27 43 39 0
64 -7 25 0
-53 27 -38 0
-8 -61 21 0
-67 29 -50 0
23 -29 26 0
-39 22 57 0
-46 -64 -19 0
51 11 -58 0
2 -5 -13 0
-9 -59 -40 0
-7 18 -46 0
-44 9 -26 0
14 -32 28 0
54 -55 -4 0
-59 -7 -41 0
10 48 59 0
50 24 -12 0
14 -19 -11 0
-57 14 -18 0
57 67 -26 0
-7 -18 -67 0
50 51 3 0
-26 65 -48 0
50 -66 52 0
42 1 -61 0
10 33 -36 0
10 53 46 0
3 -54 18 0
-40 36 3 0
41 59 1 0
-32 16 4 0
-58 -16 -22 0
49 7 61 0
35 -62 -26 0
-36 -6 42 0
-48 10 14 0
-64 62 5 0
-27 -25 -65 0
-14 20 28 0
-44 35 -41 0
-64 10 -44 0
-19 27 -4 0
66 49 11 0
47 -31 -34 0
-34 -42 -6 0
31 15 -40 0
17 44 -48 0
-46 -24 -2 0
22 17 25 0
-27 54 42 0
15 27 42 0
54 -14 -29 0
-12 67 50 0
7 -48 -19 0
-6 -58 -21 0
61 -44 4 0
-19 18 -21 0
-26 57 36 0
46 -39 22 0
-11 -2 -29 0
-34 62 -42 0
-17 58 -22 0
-44 64 39 0
-43 67 8 0
15 -58 -13 0
2 59 -48 0
-60 -42 33 0
-45 17 15 0
-44 23 11 0
8 -33 -7 0
-11 54 32 0
-57 -36 6 0
30 -66 52 0
65 -40 -61 0
8 19 39 0
-54 -6 -10 0
21 6 67 0
3 56 -36 0
30 -47 -8 0
12 36 -2 0
-26 -40 39 0
-60 38 -42 0
-40 12 50 0
-20 -9 31 0
57 29 -49 0
62 -12 29 0
-21 38 15 0
41 -11 47 0
48 -60 -55 0
20 -67 -18 0
43 -44 -45 0
64 -2 -56 0
-32 -1 -11 0
-61 17 -7 0
-1 -42 -17 0
18 49 58 0
10 -12 60 0
-48 23 -19 0
43 5 -24 0
46 -2 -28 0
29 -67 50 0
-37 50 -38 0
-64 -60 -35 0
-6 65 -15 0
47 9 -53 0
-51 1 4 0
-31 -8 67 0
34 -27 46 0
60 30 45 0
21 32 65 0
-61 -3 -64 0
56 -47 -59 0
51 54 -67 0
13 -60 46 0
2 -50 67 0
-30 19 -37 0
42 -8 -38 0
-30 -19 -39 0
-32 50 -21 0
58 -48 -63 0
38 45 -62 0
67 -52 -14 0
-30 10 -20 0
23 16 -59 0
34 -37 -3 0
-50 -39 -42 0
-31 -28 -43 0
30 -20 -40 0
-40 -11 -12 0
-27 59 -58 0
-39 -64 -8 0
31 -49 25 0
44 2 -37 0
38 -55 64 0
-4 52 -42 0
64 27 50 0
54 18 -66 0
-4 24 47 0
54 -19 47 0
-46 -39 -1 0
