p 42 178
14 -9 13 0
-25 26 -35 0
3 7 13 0
35 -34 -1 0
-24 -33 -18 0
-40 18 41 0
35 -41 -8 0
24 3 6 0
26 -4 22 0
6 -2 41 0
16 7 12 0
34 -21 -22 0
-18 21 -42 0
41 -24 -14 0
2 27 -7 0
-38 -11 2 0
-12 15 -19 0
35 -21 8 0
20 -7 11 0
3 34 36 0
-13 -21 -31 0
15 8 36 0
-27 -17 -24 0
-17 -35 12 0
-38 17 39 0
21 8 -26 0
9 11 13 0
-33 -9 13 0
-40 7 35 0
34 29 -13 0
26 31 -33 0
-26 -36 -24 0
-16 13 6 0
-42 35 27 0
8 35 -26 0
-40 -9 -7 0
-28 29 13 0
-30 38 3 0
-25 19 -8 0
-3 14 -36 0
-4 -29 19 0
-13 -1 37 0
6 21 1 0
-11 -16 14 0
22 -18 -14 0
-21 -4 7 0
5 36 -29 0
18 -31 35 0
37 -10 -19 0
-35 6 22 0
2 18 -1 0
-36 1 40 0
40 24 -38 0
23 -4 17 0
7 -2 -8 0
-15 -18 -11 0
-7 -13 17 0
-21 37 8 0
-14 17 33 0
-30 32 26 0
-8 40 -21 0
-15 1 29 0
38 -40 16 0
38 36 -14 0
8 -23 39 0
-5 -4 -14 0
-13 -27 8 0
38 17 -11 0
-40 -37 39 0
14 -13 -21 0
25 37 18 0
-39 28 -21 0
14 24 3 0
-2 34 -13 0
-26 -29 -33 0
-20 31 29 0
-15 28 23 0
37 -25 21 0
-25 -32 31 0
26 28 13 0
27 -12 21 0
-38 30 -4 0
-27 25 11 0
-26 42 -2 0
15 -20 8 0
19 39 -6 0
-21 -19 42 0
12 -32 -6 0
-42 24 -29 0
19 -15 33 0
33 12 1 0
-8 -13 32 0
19 -27 -38 0
18 -7 -14 0
-11 20 -16 0
28 -4 38 0
16 -41 -27 0
-30 3 24 0
17 -10 18 0
-28 -11 41 0
42 23 2 0
-36 -18 -30 0
-28 4 8 0
32 -4 -27 0
-14 19 -40 0
36 35 38 0
19 36 29 0
6 23 11 0
-39 -16 22 0
5 14 10 0
-6 -35 -33 0
-21 34 39 0
7 28 -20 0
-19 36 -17 0
-21 -33 -40 0
-41 -20 25 0
-30 16 -24 0
-3 -12 -27 0
24 -11 -21 0
41 34 -8 0
-17 -33 32 0
32 13 -9 0
41 -7 40 0
-24 26 -22 0
-31 -20 -16 0
-42 -18 -30 0
-16 21 24 0
-35 11 -39 0
-1 -21 -34 0
42 -32 -6 0
-34 -11 -23 0
-33 -16 -25 0
23 -5 3 0
17 -22 19 0
-19 34 30 0
-13 -9 14 0
-41 4 -14 0
-22 -20 -40 0
40 -38 2 0
6 14 12 0
-16 5 7 0
27 -13 -5 0
-39 -7 31 0
-38 -5 40 0
18 -33 -27 0
36 -28 38 0
28 36 11 0
-5 -10 -18 0
10 12 33 0
18 9 -10 0
9 33 37 0
-4 -3 12 0
2 -36 -22 0
35 24 31 0
38 -40 36 0
11 9 21 0
17 5 -14 0
-24 1 -12 0
20 25 -32 0
10 -38 -21 0
21 -4 -41 0
28 -13 -39 0
20 -36 32 0
14 17 -5 0
4 -7 3 0
33 -28 -24 0
-38 36 -20 0
-19 12 4 0
38 17 -8 0
-21 40 12 0
-26 -13 11 0
-31 13 28 0
-22 9 -33 0
2 -31 36 0
-21 2 -24 0
-33 -5 -38 0
-14 1 37 0
-38 1 7 0
