p 33 140
30 19 -28 0
7 -21 26 0
2 -27 4 0
15 27 -4 0
25 31 -21 0
9 26 19 0
-32 -1 28 0
15 -4 3 0
-20 33 -8 0
-25 6 9 0
7 23 15 0
33 11 -9 0
-23 4 -32 0
-27 26 10 0
1 9 -24 0
-9 31 -10 0
8 5 27 0
-23 -25 4 0
-21 -23 12 0
2 -14 -5 0
17 11 -23 0
-20 -18 -6 0
32 25 -3 0
-5 -15 -29 0
1 -24 14 0
8 -23 25 0
-5 26 -32 0
-30 -19 -12 0
6 24 -26 0
27 5 25 0
-16 2 -23 0
-9 16 -15 0
23 -12 10 0
-18 11 16 0
-32 9 -6 0
-33 -17 -19 0
-26 -17 27 0
25 9 -26 0
33 -6 11 0
-2 8 4 0
26 -24 -15 0
-30 25 5 0
-13 -10 18 0
24 -21 -9 0
-25 -24 -17 0
-26 -18 -11 0
15 -1 21 0
30 28 -4 0
-5 -21 -16 0
33 -24 -20 0
-19 12 -23 0
5 -20 10 0
-30 16 24 0
-20 6 33 0
-24 29 -5 0
-22 17 -5 0
-8 -16 -1 0
9 -25 -31 0
-29 33 -5 0
-10 -33 -22 0
3 31 32 0
25 -17 32 0
32 -19 -30 0
8 -20 18 0
-4 1 5 0
28 -27 -11 0
12 -26 -27 0
-8 -10 31 0
-31 27 4 0
26 -8 -12 0
13 -14 -3 0
-28 -29 33 0
-3 32 10 0
10 -19 1 0
16 -31 -3 0
28 -5 17 0
-5 -13 -17 0
-25 28 -24 0
-17 -16 24 0
5 11 14 0
-23 -6 -30 0
-11 -26 -18 0
-26 7 32 0
20 27 23 0
-32 30 -18 0
31 -18 -10 0
17 -23 -15 0
12 2 -4 0
1 19 -33 0
27 26 -22 0
-21 7 -8 0
-26 22 -25 0
31 9 13 0
-30 10 -9 0
-14 -26 -12 0
-7 -25 20 0
-25 19 -8 0
-6 -28 -9 0
7 17 28 0
-9 25 27 0
-33 1 -25 0
21 32 -12 0
28 -31 11 0
-19 6 3 0
-7 -26 -16 0
12 13 20 0
-19 -14 -31 0
26 -18 1 0
-22 26 24 0
31 -21 25 0
-29 -31 16 0
2 -33 -19 0
-33 12 -27 0
17 8 13 0
9 -23 -31 0
-19 -30 -31 0
-29 17 22 0
-2 -27 9 0
14 -11 -28 0
33 19 -3 0
-19 -20 -9 0
29 -16 -13 0
-22 31 -18 0
7 -21 18 0
11 17 10 0
16 10 -5 0
-5 -28 4 0
-7 -27 2 0
18 15 -8 0
-24 13 -14 0
-2 -6 7 0
18 9 -7 0
26 10 2 0
-31 27 -2 0
30 -19 -4 0
17 3 26 0
-14 24 32 0
-13 -25 20 0
-10 -24 26 0
-25 24 18 0
