p 96 408
46 -96 -13 0
-88 42 -83 0
-69 -62 -64 0
87 54 39 0
-30 -77 9 0
46 76 -25 0
95 22 7 0
-96 -61 33 0
-5 -34 90 0
51 37 2 0
81 -87 -1 0
-21 90 -51 0
87 9 68 0
-93 -3 -38 0
-50 -75 -55 0
95 57 -59 0
-30 -7 52 0
-48 50 -27 0
-51 -63 94 0
-43 42 7 0
82 -43 55 0
5 50 62 0
95 -58 50 0
-23 -51 -39 0
-79 14 58 0
20 -86 81 0
6 61 79 0
-50 12 75 0
5 -67 -15 0
-38 65 85 0
77 57 79 0
58 -33 12 0
53 18 59 0
-84 -26 50 0
91 57 36 0
-46 -65 91 0
96 1 -20 0
10 -44 -72 0
-66 13 -92 0
-67 41 71 0
-32 -44 -72 0
-56 -88 69 0
13 90 66 0
-85 14 -44 0
-44 12 -3 0
38 -2 -62 0
-51 25 3 0
36 52 -72 0
13 -50 -51 0
-93 -49 -66 0
-9 -21 10 0
29 27 -74 0
-16 80 -83 0
26 91 -12 0
79 -52 55 0
10 -80 -51 0
47 58 -49 0
-56 86 47 0
-12 6 80 0
-82 -3 -70 0
-41 -11 85 0
90 -95 91 0
-18 46 -24 0
12 -25 -8 0
90 -49 -14 0
-18 91 93 0
76 -55 64 0
10 89 36 0
-31 59 73 0
96 43 -32 0
87 57 -77 0
75 -82 27 0
-46 91 -17 0
92 -84 -30 0
-41 36 -72 0
-2 37 74 0
69 36 62 0
-92 -14 79 0
1 76 15 0
-64 -84 -55 0
-34 38 -57 0
-55 -11 57 0
-91 -19 3 0
-94 -8 87 0
92 82 -14 0
-94 -61 -39 0
-77 78 -51 0
-81 -92 54 0
-61 -91 -28 0
-50 -75 94 0
33 9 56 0
-34 -84 -36 0
66 29 -82 0
-2 43 -75 0
85 33 94 0
-40 -9 72 0
1 -17 36 0
-46 -3 12 0
53 8 -40 0
43 91 74 0
-64 -32 -56 0
59 -76 -73 0
15 -26 40 0
-7 -65 -89 0
-17 62 91 0
-23 -76 -96 0
-93 -77 51 0
-51 -38 49 0
-59 87 84 0
34 92 68 0
-87 31 63 0
51 56 71 0
-48 18 -61 0
-55 24 -35 0
52 -25 59 0
-40 -1 -66 0
-28 -37 39 0
-34 -9 -89 0
77 31 -62 0
1 -91 30 0
-8 -70 83 0
51 20 31 0
-83 89 -20 0
6 30 1 0
-68 -87 -53 0
57 -19 -17 0
18 -48 41 0
-18 -84 -56 0
85 -91 -58 0
-52 -11 41 0
-72 96 21 0
-6 38 69 0
19 -38 -59 0
12 60 58 0
-21 32 -70 0
-34 81 -45 0
22 95 29 0
-89 74 -37 0
-73 46 -7 0
-83 -50 -73 0
91 48 7 0
71 76 89 0
23 56 81 0
80 -94 67 0
-64 -6 -38 0
48 -20 -88 0
60 42 -9 0
-52 73 -59 0
34 52 -77 0
7 -76 -45 0
-45 69 -85 0
49 21 93 0
60 21 66 0
-16 -53 86 0
89 -46 -83 0
56 41 57 0
-77 94 -78 0
-35 -89 -55 0
76 -20 94 0
-80 -54 -40 0
5 -12 24 0
-35 28 39 0
-72 82 92 0
-31 34 42 0
7 85 -29 0
71 -49 86 0
72 78 46 0
92 -35 18 0
-4 46 41 0
-21 -51 -41 0
-11 93 38 0
48 -47 67 0
-28 -40 -88 0
48 58 5 0
-38 -96 -69 0
43 -38 -26 0
61 -96 -91 0
53 -22 -48 0
-78 -82 -79 0
40 -9 -22 0
-13 12 -91 0
72 -81 46 0
-36 -26 37 0
-42 68 -74 0
-73 71 39 0
75 8 -54 0
-32 -33 5 0
65 -24 -56 0
-63 -30 -33 0
64 80 -45 0
73 3 46 0
66 -38 -22 0
-24 63 -82 0
49 8 43 0
13 80 -81 0
4 -3 53 0
-19 -39 40 0
-48 -27 -10 0
68 -72 -3 0
-78 -95 19 0
-45 -76 75 0
-81 83 -21 0
-29 -22 92 0
-63 2 -41 0
20 11 3 0
60 36 -59 0
19 -78 73 0
-29 -63 9 0
95 -74 -82 0
34 46 11 0
-85 4 38 0
83 10 -71 0
15 44 -28 0
55 7 64 0
53 3 87 0
-26 -23 -11 0
40 -17 -49 0
-49 -45 -7 0
-31 -95 -24 0
-66 15 91 0
-80 28 -29 0
49 7 -74 0
-77 43 37 0
-38 2 14 0
74 89 94 0
-12 -4 17 0
23 94 -17 0
25 -22 -77 0
-80 -8 62 0
46 -96 75 0
-51 19 -27 0
-88 45 -55 0
69 53 93 0
79 -56 -9 0
82 -69 86 0
-25 84 8 0
28 -56 -46 0
-52 94 -84 0
-86 -33 -57 0
-90 63 59 0
76 19 -79 0
31 -93 -8 0
75 -58 68 0
3 11 -55 0
55 -25 -18 0
-22 -15 53 0
17 76 60 0
20 -27 41 0
-69 88 -22 0
94 63 -14 0
-5 -42 40 0
-75 96 -55 0
57 -33 -96 0
5 -96 -67 0
9 83 12 0
72 12 -44 0
43 -11 -26 0
-4 52 80 0
29 19 23 0
93 86 -27 0
78 -14 -34 0
57 -15 -8 0
29 -67 91 0
-21 5 -25 0
66 -63 89 0
-45 -66 -38 0
-67 96 -15 0
-81 -88 -59 0
-1 9 -58 0
14 -91 94 0
12 -19 -62 0
3 31 -17 0
88 -19 93 0
36 -4 37 0
42 52 -92 0
-72 -41 57 0
-21 -44 76 0
66 62 -82 0
-46 22 30 0
-60 87 89 0
59 -96 -76 0
-65 -56 -51 0
-75 -27 94 0
-22 16 50 0
79 -20 38 0
-69 -61 -54 0
6 51 75 0
10 3 -21 0
38 -60 -81 0
-72 -47 15 0
-32 51 -61 0
52 96 -72 0
89 69 75 0
92 72 -4 0
-75 33 52 0
49 -96 20 0
-67 29 -50 0
52 -57 -25 0
3 -88 -42 0
-57 -51 -64 0
-79 -7 -8 0
19 -2 -95 0
-51 -78 35 0
91 58 92 0
-2 10 -23 0
-48 -22 56 0
-85 19 45 0
-54 48 23 0
-60 9 2 0
6 67 -7 0
93 87 -7 0
-74 44 -91 0
47 -16 -71 0
34 -13 -56 0
17 -51 -65 0
-93 -23 -37 0
-18 -74 -64 0
70 66 83 0
94 -13 -49 0
-32 54 92 0
-22 59 -24 0
-69 -94 75 0
-83 -92 -64 0
-16 -80 -72 0
17 32 51 0
-54 30 9 0
-42 55 -68 0
-34 52 24 0
26 4 35 0
25 -55 -92 0
49 67 -4 0
81 -53 91 0
-71 69 -9 0
-49 -89 5 0
76 33 -57 0
4 82 43 0
86 44 -46 0
-61 -89 6 0
46 44 -38 0
4 65 -59 0
-79 -44 -57 0
-6 -66 -65 0
-69 17 83 0
58 -80 -39 0
49 -28 -78 0
-68 86 8 0
-34 27 21 0
31 -14 -10 0
44 -58 19 0
-16 -50 -40 0
81 20 57 0
45 89 91 0
-47 -89 -11 0
-70 -73 -19 0
-48 24 -15 0
62 -28 16 0
74 57 29 0
13 -74 31 0
-76 50 -80 0
76 93 -56 0
24 -36 -68 0
-52 60 -91 0
-51 -8 -21 0
-36 -17 54 0
62 -27 -77 0
-71 28 -69 0
43 -23 -82 0
-49 -85 65 0
-47 88 -13 0
43 65 79 0
-44 -43 -93 0
-28 -62 -35 0
-79 11 -6 0
18 74 -14 0
-67 50 64 0
-42 -61 -36 0
-34 -27 -75 0
-87 66 -81 0
-78 -1 88 0
5 -51 -83 0
70 -35 55 0
38 4 -67 0
-17 -20 86 0
53 74 66 0
-33 35 -8 0
-27 24 -62 0
-59 -27 79 0
-63 11 57 0
-91 -34 -76 0
-81 90 -48 0
39 11 -18 0
63 66 34 0
39 -27 2 0
31 -79 3 0
59 79 -12 0
61 -59 12 0
63 -57 -12 0
73 75 -11 0
88 27 37 0
15 44 17 0
58 -60 61 0
68 93 70 0
-14 -37 -58 0
-17 -72 -23 0
96 37 -15 0
18 -54 -56 0
16 -71 -38 0
-28 -9 -13 0
