p 36 153
35 -13 19 0
-33 -12 -29 0
34 27 -4 0
28 -26 9 0
9 -18 -3 0
17 22 3 0
-21 -36 30 0
-6 13 23 0
17 1 -16 0
1 -29 19 0
-11 -34 -23 0
-2 11 -16 0
20 30 -17 0
-33 -27 11 0
-10 6 15 0
35 -2 -7 0
12 -19 11 0
26 -32 9 0
-36 28 -30 0
12 -32 19 0
12 -7 3 0
-18 -4 19 0
17 -33 30 0
-17 29 -8 0
23 28 -11 0
28 27 -35 0
-19 14 20 0
-19 -12 -28 0
-6 30 25 0
-4 -25 -28 0
-28 4 -1 0
33 -12 30 0
-17 2 -11 0
-25 -2 -29 0
-24 -7 -35 0
-26 16 -11 0
35 -1 16 0
-9 30 -13 0
24 -10 2 0
-10 -3 36 0
7 19 27 0
-15 3 -29 0
35 -26 -10 0
-17 26 -13 0
-30 21 -5 0
15 10 -3 0
28 -10 2 0
-36 29 -11 0
19 9 4 0
-34 -30 8 0
-32 -23 20 0
30 -35 -13 0
-3 29 6 0
-21 34 -29 0
25 -3 24 0
-23 18 6 0
26 20 -3 0
31 -9 -22 0
-7 11 -12 0
-9 -2 -10 0
31 8 14 0
26 -31 -11 0
-35 14 6 0
31 23 -11 0
-36 -19 -2 0
14 -12 -16 0
22 25 7 0
4 30 21 0
30 -3 11 0
-5 18 17 0
23 -16 10 0
16 12 17 0
1 -13 24 0
-31 18 12 0
14 -13 -23 0
-22 -18 -24 0
34 9 32 0
-32 6 -18 0
-3 18 5 0
-24 -29 -14 0
29 6 2 0
17 -29 18 0
-2 -30 28 0
-21 32 35 0
21 -30 -22 0
29 12 25 0
-15 -29 -8 0
35 -4 -25 0
-20 26 -13 0
27 23 -29 0
-36 7 16 0
-5 -17 -10 0
2 -20 -33 0
26 9 36 0
-27 4 16 0
14 -19 27 0
-9 21 -16 0
-9 -16 -1 0
-18 -3 -1 0
-33 23 10 0
10 -16 -28 0
-31 35 -33 0
18 -10 -32 0
1 -36 27 0
-8 -24 -21 0
-11 12 -19 0
36 -28 33 0
22 -25 -17 0
-3 28 30 0
-26 -34 -32 0
12 29 -1 0
4 -1 -13 0
-7 -29 15 0
24 2 -19 0
15 29 -31 0
-18 -12 -13 0
-3 20 -28 0
-1 11 31 0
15 -11 -1 0
-33 18 14 0
11 -16 1 0
31 34 4 0
-16 -14 -35 0
26 17 -19 0
-32 -28 -3 0
-19 17 18 0
-17 -27 -3 0
10 29 -30 0
15 3 25 0
-33 -5 21 0
-14 -30 17 0
6 -11 10 0
-16 -19 34 0
11 22 26 0
-21 32 -31 0
-2 -8 -32 0
13 -21 -9 0
2 20 5 0
17 -24 36 0
8 -4 31 0
9 1 34 0
-26 -18 -13 0
29 14 -36 0
26 3 11 0
-14 -31 -12 0
-5 33 -27 0
-10 -12 22 0
-13 -1 -29 0
-4 -20 26 0
-12 -6 28 0
-11 -14 30 0
8 14 6 0
-33 14 23 0
