p 74 315
58 -10 20 0
-3 46 -13 0
-57 26 58 0
-16 -22 73 0
-55 15 63 0
-60 72 18 0
-72 -19 54 0
61 -36 -24 0
-31 58 42 0
-55 -1 -29 0
-29 -68 -67 0
69 -62 24 0
66 33 64 0
5 -13 -2 0
4 20 -12 0
39 -1 -6 0
-5 27 54 0
-26 66 23 0
-65 13 56 0
-63 33 -16 0
21 35 53 0
55 -70 59 0
-9 -41 29 0
26 15 44 0
21 -48 -61 0
47 60 21 0
57 -15 -42 0
68 -29 -10 0
-3 17 28 0
-43 24 59 0
-15 72 -46 0
40 48 4 0
22 7 -41 0
-46 -74 -67 0
68 -41 46 0
63 -8 -66 0
50 -25 -54 0
32 64 58 0
22 26 13 0
-52 74 22 0
-52 19 57 0
-4 -24 -11 0
-69 49 34 0
-44 9 -34 0
-6 22 -3 0
-35 68 3 0
-39 -64 27 0
-54 -65 -46 0
68 9 17 0
-9 -68 37 0
-33 22 20 0
-28 66 44 0
5 28 35 0
-28 -69 60 0
52 -34 -56 0
-60 -63 54 0
22 55 9 0
63 40 -11 0
34 -39 -44 0
61 69 -67 0
42 13 -18 0
44 -13 62 0
-7 45 60 0
48 61 -30 0
-1 12 70 0
69 33 -67 0
-24 -15 68 0
-27 9 44 0
31 -30 -59 0
-67 -29 8 0
56 -50 46 0
-61 41 -9 0
31 -40 6 0
-45 -31 -3 0
-69 14 -34 0
-67 42 -15 0
-48 29 -63 0
-35 38 68 0
-17 -2 -29 0
-4 -73 30 0
-67 14 58 0
-66 -5 -41 0
6 -22 62 0
-66 34 28 0
-57 8 14 0
-20 7 33 0
-1 54 -69 0
-36 -2 -21 0
58 -3 -59 0
45 -48 -65 0
37 -61 -25 0
54 -71 -39 0
63 11 -29 0
-43 -70 -29 0
8 29 -63 0
-51 23 67 0
11 66 -41 0
43 -12 -54 0
-17 35 -71 0
48 -5 -62 0
69 2 -11 0
43 -12 -28 0
-12 -47 62 0
-45 -7 8 0
-32 21 -48 0
49 3 -56 0
-3 44 -38 0
-51 -49 -8 0
28 -16 -6 0
-72 70 -10 0
-14 4 2 0
20 -6 -34 0
3 -8 -39 0
-65 53 26 0
-65 59 27 0
68 4 17 0
-47 48 -30 0
-38 5 1 0
-4 48 14 0
-24 58 -3 0
17 11 44 0
-64 -56 -24 0
-42 -59 -27 0
5 35 59 0
56 -53 67 0
48 58 44 0
34 -30 -19 0
-2 -74 24 0
-15 -72 -2 0
18 -7 45 0
-56 1 28 0
-8 -6 31 0
12 74 -14 0
67 -39 -31 0
-19 -58 14 0
8 -13 71 0
56 -12 -61 0
-20 66 7 0
65 20 -22 0
53 -57 21 0
14 19 54 0
-50 -70 -37 0
-52 5 55 0
-49 -4 39 0
-30 -18 7 0
39 -26 3 0
70 52 21 0
-47 23 7 0
-6 -32 8 0
-26 49 17 0
-64 -35 69 0
-4 8 -1 0
5 -25 -62 0
-64 42 -35 0
6 67 31 0
59 30 66 0
64 37 4 0
-24 -50 37 0
-26 44 10 0
-61 33 -51 0
-33 62 32 0
-57 53 74 0
-67 42 41 0
1 -63 -36 0
-62 45 32 0
-17 30 -13 0
-47 -26 43 0
4 19 23 0
-74 37 -30 0
-3 -32 -7 0
1 30 38 0
-13 -39 -24 0
65 28 -25 0
36 32 16 0
48 21 44 0
-14 34 -37 0
-13 66 -41 0
-42 40 49 0
29 -73 44 0
20 13 34 0
-19 -44 40 0
-42 45 62 0
30 50 2 0
-37 -27 19 0
5 22 -11 0
3 -73 9 0
-64 -39 -65 0
-11 55 16 0
66 51 39 0
18 -31 48 0
-36 -53 52 0
18 -36 -32 0
-28 -44 -52 0
13 -18 16 0
10 14 46 0
-44 58 73 0
-62 -52 -7 0
-12 -26 -7 0
30 12 -70 0
-67 -21 64 0
-18 -15 10 0
11 39 6 0
-66 21 -11 0
13 62 17 0
-41 31 -59 0
68 -60 -33 0
31 -68 6 0
-20 5 -66 0
-35 7 16 0
-8 24 16 0
-35 -19 64 0
38 -29 37 0
39 -18 48 0
50 -52 22 0
8 -39 71 0
-1 30 -21 0
59 -2 52 0
-42 -67 5 0
21 -5 -16 0
54 -28 13 0
36 60 39 0
-41 -21 56 0
-29 -32 -44 0
32 -54 28 0
44 71 -62 0
71 25 12 0
-1 -63 14 0
-36 43 -28 0
45 -28 -63 0
-48 -26 6 0
32 30 -67 0
-26 -20 -48 0
-57 58 -32 0
51 -36 37 0
40 47 48 0
70 39 27 0
-9 47 -18 0
-48 41 -54 0
-66 -30 20 0
-61 -58 -7 0
70 -14 29 0
-5 39 26 0
55 38 46 0
26 15 -18 0
-6 50 12 0
-30 -26 4 0
-14 22 26 0
39 -70 57 0
6 61 -43 0
-21 68 60 0
72 29 51 0
35 26 -27 0
71 -53 -40 0
-26 -31 54 0
-17 24 32 0
-16 -71 -14 0
12 48 -40 0
-6 -42 5 0
-37 -11 -67 0
58 32 72 0
-45 71 -74 0
-4 36 8 0
9 -22 18 0
-61 20 -7 0
-20 18 -11 0
2 -69 26 0
-35 23 51 0
44 40 -63 0
-55 -25 14 0
-22 -9 30 0
34 -17 -37 0
-33 67 -42 0
-53 -70 -63 0
-40 -31 65 0
38 -68 -70 0
-30 62 6 0
-4 57 -6 0
46 -43 -71 0
-2 -57 52 0
15 -6 60 0
-10 38 12 0
-27 42 -55 0
13 -49 33 0
21 -16 -25 0
-10 43 -4 0
38 -1 -54 0
-27 -48 1 0
14 47 -6 0
10 37 -3 0
26 -57 25 0
-64 -7 58 0
-61 -17 41 0
-5 51 13 0
-23 63 -30 0
4 18 9 0
32 3 67 0
-23 -66 -53 0
-34 54 50 0
-44 -24 -38 0
39 26 -45 0
20 -33 37 0
-30 38 4 0
20 39 53 0
49 -48 50 0
73 -5 -36 0
-30 51 -16 0
-17 -62 43 0
9 25 -36 0
-48 16 -26 0
48 -55 60 0
-34 -17 7 0
58 49 54 0
-58 -5 -37 0
55 40 36 0
-62 -6 -36 0
