p 26 110
20 11 -10 0
5 -4 -3 0
13 -16 -10 0
-11 -9 8 0
-20 16 -25 0
-15 -13 10 0
12 -15 21 0
-23 -1 18 0
-22 -5 6 0
25 -18 23 0
-3 25 5 0
-23 12 -4 0
10 19 -5 0
4 24 6 0
-17 5 -4 0
-20 9 14 0
-24 20 17 0
-1 -24 17 0
-9 -26 19 0
11 23 -18 0
-20 5 -1 0
-26 -23 -4 0
15 10 22 0
-12 -11 -17 0
-15 11 -5 0
19 -26 20 0
-24 2 -19 0
23 -10 12 0
10 7 -12 0
18 -4 -7 0
14 -10 -25 0
-1 12 16 0
5 -10 -14 0
11 -7 14 0
17 -25 -13 0
13 12 -5 0
1 6 22 0
-24 14 -25 0
-14 -20 -25 0
16 -19 26 0
4 8 -21 0
10 -14 24 0
-20 17 -12 0
-3 26 -25 0
1 8 24 0
-23 -8 -15 0
26 -12 -21 0
-12 9 -15 0
-12 17 -15 0
-13 15 19 0
-7 25 -16 0
-23 3 2 0
-6 11 -24 0
-14 -26 4 0
19 -21 -4 0
-21 13 -2 0
-15 -9 3 0
-16 -25 -6 0
-6 -19 26 0
16 -9 -22 0
-6 4 -17 0
-4 16 -20 0
17 10 13 0
3 -25 -21 0
19 14 11 0
25 4 -14 0
18 -11 -10 0
-10 -24 -23 0
22 5 -17 0
22 -6 -21 0
13 19 -5 0
-12 6 17 0
-18 10 -4 0
-8 21 -11 0
1 -25 -12 0
-6 9 25 0
-25 19 18 0
18 5 14 0
6 -4 20 0
3 -10 -18 0
-22 16 1 0
16 18 8 0
-23 19 1 0
-8 1 13 0
9 26 -25 0
-10 -13 4 0
-12 14 -5 0
6 -19 25 0
-8 -4 10 0
26 -6 -20 0
11 20 -3 0
5 23 -6 0
19 -1 -8 0
12 17 -15 0
22 -16 6 0
11 -17 9 0
-19 -9 -7 0
-26 -7 3 0
-22 3 10 0
-8 -5 13 0
-17 -5 -16 0
-9 1 25 0
-26 12 17 0
24 5 -18 0
11 -16 -19 0
-3 21 -11 0
16 11 -2 0
10 17 22 0
-3 -6 17 0
2 -4 -13 0
