p 70 298
33 -12 -18 0
-69 67 -9 0
-53 -44 57 0
-62 -54 -18 0
17 -32 -10 0
-3 -46 -44 0
-34 35 -49 0
7 63 -10 0
-42 -58 -46 0
-49 35 -61 0
13 19 -23 0
-4 -48 14 0
6 -11 10 0
-30 32 -6 0
19 -38 -49 0
-27 41 -29 0
63 -15 69 0
14 25 61 0
3 41 -16 0
-34 39 33 0
28 60 53 0
-34 -50 -45 0
23 28 32 0
51 -37 -19 0
-14 -8 -24 0
-40 47 38 0
27 3 53 0
-26 -45 31 0
37 -17 -26 0
27 -33 -13 0
-48 67 -41 0
-57 -50 11 0
-3 -17 -56 0
55 43 -61 0
-31 32 39 0
-63 57 -5 0
-63 -31 39 0
-46 61 38 0
46 -33 -15 0
-56 -28 24 0
-4 12 -67 0
-15 5 61 0
39 -38 -4 0
-44 54 3 0
-22 15 -56 0
-64 47 -21 0
-24 -8 9 0
-35 -26 3 0
17 14 -2 0
-10 -31 49 0
-44 -18 45 0
60 -54 -41 0
-30 -42 14 0
-43 -11 -18 0
-66 -38 28 0
2 12 70 0
65 50 34 0
-42 -66 8 0
24 5 68 0
53 -47 -40 0
-47 -21 57 0
-1 -52 -60 0
33 32 -54 0
-58 25 -21 0
51 6 42 0
18 -45 12 0
15 -23 -52 0
44 69 34 0
-13 33 -49 0
2 -17 -29 0
50 42 55 0
42 -68 -56 0
-53 -2 -32 0
59 27 16 0
-24 -11 -62 0
-65 -25 -16 0
36 55 -47 0
59 -54 28 0
11 -23 66 0
-70 -42 64 0
-21 -18 10 0
-47 -62 52 0
52 -5 67 0
-13 -25 63 0
33 48 40 0
32 -40 -44 0
-18 3 46 0
-30 -52 55 0
-35 1 -6 0
16 64 51 0
54 12 36 0
-63 -19 29 0
28 38 -70 0
44 19 -3 0
-36 -53 9 0
10 50 -63 0
-70 -57 -26 0
62 25 37 0
35 21 -46 0
-11 -50 7 0
-63 56 66 0
61 -58 -66 0
33 -19 -8 0
39 -22 48 0
-6 -48 -4 0
43 -1 -5 0
-20 -1 35 0
-41 -46 4 0
57 24 -64 0
-57 -50 -38 0
24 -23 7 0
-64 54 33 0
18 46 -67 0
-9 46 54 0
54 16 -34 0
54 67 -52 0
13 -46 -9 0
58 16 35 0
-26 -8 52 0
-33 -6 -59 0
56 40 5 0
16 -70 -10 0
-21 -11 7 0
60 11 -44 0
19 -29 32 0
-23 15 -5 0
-21 27 53 0
-23 30 6 0
-49 9 -42 0
-7 -66 -26 0
28 21 26 0
24 -47 34 0
65 -26 -45 0
9 -41 6 0
-16 47 37 0
51 14 50 0
52 -3 44 0
65 68 3 0
5 32 -31 0
-7 -10 -38 0
28 -21 27 0
-5 57 -50 0
10 -64 -16 0
19 -31 46 0
9 -56 -46 0
55 -10 -16 0
52 16 -29 0
-47 -60 56 0
69 2 22 0
-50 47 -69 0
12 44 -70 0
-32 -50 -26 0
-57 19 -12 0
35 -46 3 0
-11 -7 -29 0
69 33 -57 0
-60 43 10 0
20 38 -16 0
31 -43 20 0
56 -45 22 0
58 -61 14 0
-42 29 -21 0
-57 -20 12 0
42 44 12 0
-33 -51 -60 0
22 51 57 0
-67 27 68 0
4 46 30 0
29 -43 -11 0
13 -21 44 0
22 -20 -12 0
-35 -27 9 0
49 26 -56 0
24 -49 59 0
-68 -56 -67 0
-70 -32 15 0
7 28 70 0
-31 -36 52 0
-50 -58 8 0
27 -54 -47 0
20 -12 41 0
-16 -18 43 0
-33 -35 30 0
-2 -55 46 0
-59 -68 13 0
14 9 -43 0
-21 59 42 0
-9 -37 -58 0
67 49 -4 0
-26 1 67 0
-15 18 -3 0
24 22 7 0
-37 65 38 0
3 -18 -56 0
-22 21 10 0
31 -36 -16 0
1 61 -69 0
70 69 -26 0
-19 -6 58 0
5 -55 3 0
5 24 -23 0
55 -45 -16 0
-33 -4 -28 0
3 -6 53 0
-23 42 63 0
4 40 5 0
25 22 -66 0
6 8 54 0
-26 -19 54 0
64 34 32 0
54 -58 -19 0
-36 -15 7 0
-10 -61 -7 0
-59 -58 -32 0
-52 -58 -65 0
-59 27 44 0
-52 56 -13 0
-70 -29 55 0
-61 -31 65 0
50 -63 -65 0
-12 40 -53 0
67 68 54 0
59 10 -41 0
48 28 38 0
-26 -5 67 0
45 -23 -54 0
4 -18 -27 0
70 -64 5 0
57 -66 46 0
-10 35 42 0
38 3 -50 0
7 -12 53 0
50 52 10 0
-32 5 -47 0
-16 9 -32 0
28 54 21 0
-25 -70 38 0
21 -63 59 0
48 6 46 0
-59 42 17 0
31 7 -22 0
10 -44 57 0
-46 49 -54 0
30 -54 -36 0
-31 61 -20 0
5 -8 57 0
-5 -28 -62 0
-13 -54 41 0
-39 -58 -45 0
-37 -42 50 0
48 -47 1 0
29 18 -44 0
-54 -48 56 0
-44 -51 41 0
-56 -17 -12 0
-68 -36 67 0
-48 -58 5 0
-36 23 -15 0
-35 51 -29 0
44 -3 -8 0
9 -46 19 0
53 35 28 0
-33 44 63 0
-68 -39 8 0
-36 -18 -45 0
-35 55 -54 0
62 -38 -25 0
40 7 29 0
9 56 -68 0
-67 -24 -15 0
4 55 -53 0
24 -48 42 0
-28 49 -33 0
15 -29 -49 0
32 -25 -6 0
-30 -2 -7 0
54 41 -62 0
-61 -28 -65 0
48 11 68 0
-60 -26 -31 0
-59 62 -4 0
29 25 -5 0
-33 -27 48 0
-41 -18 19 0
-52 -25 -12 0
30 -57 14 0
14 -57 13 0
9 -13 2 0
15 -51 63 0
-7 46 -53 0
-16 1 64 0
-50 12 -8 0
63 -53 17 0
-16 5 47 0
42 -9 54 0
8 56 -50 0
31 3 10 0
-20 63 9 0
