p 63 268
-8 61 -59 0
40 14 17 0
14 12 17 0
-40 -2 51 0
9 17 -25 0
59 -17 -54 0
36 6 8 0
-13 5 43 0
-33 -5 11 0
8 13 -2 0
8 -58 13 0
-21 53 16 0
48 16 33 0
37 -46 -38 0
-18 -30 40 0
-5 -59 -56 0
42 61 63 0
18 40 13 0
48 19 -59 0
58 -1 -22 0
-9 19 -46 0
-59 -24 -26 0
50 58 -35 0
-44 27 -25 0
48 -9 29 0
23 51 46 0
-33 -34 17 0
16 -27 -4 0
46 -7 -2 0
-50 -12 -62 0
61 36 -35 0
-16 -14 60 0
37 9 42 0
-40 12 -9 0
-44 62 -46 0
-11 -36 55 0
-21 -18 54 0
56 -54 41 0
-8 -37 26 0
-6 38 -53 0
26 29 21 0
42 31 -44 0
-45 27 16 0
-14 -30 26 0
29 52 38 0
22 -25 18 0
-60 1 50 0
-54 24 62 0
-24 18 -58 0
29 -54 -6 0
53 29 -25 0
-34 -43 -58 0
-39 -7 -44 0
-2 -55 8 0
-8 30 26 0
11 16 -18 0
-46 3 -62 0
-39 -51 9 0
-55 20 42 0
-24 60 -59 0
-48 -7 41 0
57 -46 -29 0
-45 11 -7 0
-39 -31 41 0
13 -25 8 0
-3 -17 44 0
-3 59 -20 0
14 51 -22 0
-38 7 -8 0
35 -7 -42 0
-44 -11 13 0
25 5 6 0
-28 -2 23 0
15 49 6 0
42 40 -50 0
-46 37 45 0
-38 5 -36 0
-16 -54 52 0
39 6 -14 0
-51 30 16 0
-1 60 48 0
19 13 -1 0
24 42 -25 0
-48 12 -36 0
59 -25 -36 0
49 -55 24 0
49 -51 -52 0
48 -13 -54 0
31 1 46 0
34 -31 29 0
18 -43 29 0
-23 -55 -20 0
15 -63 6 0
16 -45 5 0
9 16 -46 0
-48 -34 30 0
31 -59 26 0
32 61 58 0
48 -31 51 0
-50 14 -23 0
-44 -39 -48 0
-30 -38 60 0
24 -2 -23 0
-29 6 -8 0
63 -5 -9 0
-5 -56 -35 0
41 -20 35 0
-15 -55 62 0
5 -2 -46 0
51 60 54 0
-35 13 -36 0
13 -36 25 0
34 51 -29 0
39 -8 -20 0
56 31 25 0
40 44 32 0
1 55 -10 0
35 52 54 0
-61 -13 -36 0
42 -15 -59 0
12 -54 39 0
-51 -4 61 0
-39 27 -8 0
20 14 52 0
44 -59 23 0
-11 13 1 0
28 -46 -49 0
-13 33 49 0
19 -42 -12 0
61 -42 -6 0
35 -15 27 0
2 -34 8 0
-61 29 31 0
-45 -30 1 0
-22 45 32 0
-11 -16 -4 0
11 2 -33 0
-53 -41 -62 0
-16 39 -24 0
-20 32 -27 0
-17 -41 63 0
39 6 -30 0
-1 -57 43 0
-7 28 58 0
53 -21 -52 0
-34 -52 9 0
41 -20 38 0
-30 -27 -46 0
18 -49 20 0
6 -37 -18 0
43 -62 -54 0
31 -25 -42 0
-62 51 -15 0
20 -19 5 0
-10 -23 -26 0
33 54 63 0
-5 24 -3 0
38 62 -27 0
5 60 17 0
-22 -50 56 0
12 -62 -59 0
24 10 -35 0
-19 57 -39 0
31 38 27 0
-57 -31 -46 0
-11 -13 -51 0
-55 53 -37 0
-47 62 -36 0
-6 36 -54 0
-55 -48 28 0
46 -17 62 0
-24 28 -35 0
32 -40 -49 0
-39 14 36 0
-10 -47 13 0
49 45 -56 0
-28 -26 -12 0
10 58 55 0
-7 -34 47 0
-50 -9 4 0
62 34 -54 0
-37 -28 -18 0
-17 -35 -58 0
21 -37 26 0
49 26 -44 0
2 -52 -34 0
-45 -37 40 0
43 63 -52 0
-33 42 8 0
-63 -11 -52 0
-12 -60 -21 0
55 37 -58 0
59 8 45 0
14 -23 -51 0
44 -26 21 0
-42 -44 -55 0
16 33 24 0
-50 48 53 0
-42 10 16 0
33 -20 -44 0
-16 -8 -6 0
17 50 -8 0
51 -36 -6 0
-60 10 -7 0
-62 15 23 0
-42 -48 46 0
10 -54 -31 0
7 25 -27 0
44 23 38 0
-15 59 26 0
19 -26 54 0
-4 35 48 0
-25 8 15 0
28 -61 -8 0
42 -21 53 0
33 -26 22 0
37 -45 29 0
31 30 -23 0
22 -28 -47 0
45 29 9 0
57 -26 -28 0
56 -3 -52 0
-44 57 42 0
25 44 -18 0
-2 -50 -12 0
-41 -16 -4 0
-12 -28 -60 0
-32 -59 42 0
26 50 48 0
48 52 -29 0
46 49 41 0
-25 43 -8 0
-50 34 -22 0
8 -11 35 0
42 27 50 0
-15 31 -53 0
-56 59 -60 0
-33 -28 19 0
55 61 4 0
33 -28 -9 0
-31 -49 -13 0
-28 33 8 0
34 7 -41 0
36 7 26 0
42 17 23 0
6 -20 -56 0
38 29 -27 0
43 -42 35 0
-3 -47 29 0
39 13 -35 0
7 62 -2 0
46 -50 41 0
-7 43 13 0
1 -47 -33 0
-1 -33 6 0
-29 37 -41 0
26 -61 -52 0
51 58 -26 0
-59 -17 5 0
51 43 19 0
-15 33 -41 0
58 -47 41 0
-61 46 -26 0
63 -36 -24 0
52 -37 -25 0
25 58 33 0
-2 -26 33 0
12 -50 54 0
