p 32 136
27 26 12 0
-32 27 21 0
17 -30 4 0
10 -23 -26 0
-20 -23 16 0
31 -15 20 0
5 -20 -24 0
29 12 10 0
-26 13 -6 0
-28 -31 15 0
-23 -3 -27 0
24 -3 8 0
31 -3 -4 0
-6 26 28 0
9 -22 26 0
-13 -16 -27 0
17 -21 7 0
-22 -27 -4 0
26 27 -30 0
24 12 -32 0
-22 10 8 0
4 -27 28 0
-24 -8 27 0
-16 24 26 0
5 23 -4 0
21 -30 22 0
19 15 -9 0
22 3 -27 0
29 15 -27 0
17 -31 19 0
11 -4 -2 0
-3 -9 10 0
-10 -28 -30 0
-12 -23 26 0
-12 -17 -24 0
-6 -22 -32 0
16 -9 20 0
6 -11 -25 0
10 -4 -9 0
-3 -5 -16 0
-30 4 18 0
31 15 -7 0
-7 -3 -24 0
-27 -28 29 0
6 26 -14 0
-15 -2 -5 0
13 24 -30 0
-8 -7 13 0
18 26 16 0
7 13 29 0
-13 -16 7 0
-8 -11 -24 0
-24 11 28 0
-16 -3 -1 0
19 25 28 0
12 6 -32 0
16 17 -4 0
-17 -18 25 0
-28 5 19 0
2 1 18 0
21 4 -9 0
-12 13 -18 0
-8 -18 -19 0
1 8 -31 0
5 14 30 0
-19 29 30 0
-21 31 3 0
-32 11 -29 0
21 -17 12 0
19 18 -15 0
-25 17 4 0
-29 -13 27 0
-26 32 23 0
-11 3 -14 0
-13 -7 12 0
-32 3 -30 0
12 -2 5 0
32 -14 -8 0
9 -10 32 0
15 -19 11 0
-1 -26 24 0
-4 26 -17 0
23 11 31 0
-8 -18 -2 0
-15 -29 5 0
-23 -29 7 0
-22 8 26 0
-4 14 -30 0
19 -5 -17 0
2 12 20 0
22 9 -8 0
27 -4 3 0
-30 -4 -32 0
-20 -15 2 0
-19 -23 14 0
7 28 -21 0
-30 -16 -8 0
29 5 12 0
-2 30 -28 0
7 -17 -25 0
21 -3 7 0
-30 22 9 0
5 24 6 0
-20 19 -24 0
-14 -16 -13 0
-18 -12 -25 0
-16 24 4 0
23 -7 -1 0
-22 -2 21 0
-14 -23 9 0
19 1 -21 0
23 -7 2 0
-4 -7 17 0
-20 8 -25 0
-30 5 -25 0
3 -18 -13 0
16 -7 29 0
21 -14 -22 0
22 -24 25 0
-25 -21 27 0
-9 20 28 0
-2 -32 -27 0
-31 -15 2 0
26 6 3 0
-12 24 9 0
21 -27 10 0
5 21 32 0
-28 -11 5 0
21 23 4 0
-20 -21 4 0
-23 -29 -16 0
-32 -15 -28 0
-32 -13 -30 0
-22 -27 26 0
-5 26 -30 0
-29 -19 8 0
