p 78 332
-75 19 27 0
-37 20 -61 0
-6 72 13 0
30 65 52 0
-64 17 31 0
-32 -42 -47 0
59 -28 34 0
71 -41 -72 0
-46 11 -43 0
-63 55 -56 0
-75 -26 54 0
46 39 -11 0
14 49 41 0
64 43 2 0
18 -47 6 0
-21 -5 -26 0
45 13 -40 0
51 -63 76 0
-73 -34 35 0
-18 13 72 0
-60 64 56 0
12 -42 73 0
-26 46 1 0
-32 -57 -63 0
37 29 25 0
38 74 -32 0
9 -17 11 0
-46 -53 21 0
42 -19 41 0
52 -42 -11 0
-12 29 75 0
63 21 37 0
5 32 23 0
66 45 43 0
-9 -55 50 0
12 11 69 0
20 -56 7 0
-5 -49 54 0
-24 28 64 0
70 59 45 0
-56 69 18 0
5 -56 1 0
48 -2 -8 0
-47 -11 13 0
62 -4 -68 0
65 -53 10 0
3 -50 38 0
-21 -30 59 0
20 -48 -72 0
-17 68 -16 0
-3 6 -55 0
-44 -13 53 0
65 46 24 0
-63 27 53 0
51 -7 -17 0
27 -39 -46 0
-11 43 13 0
77 75 25 0
-65 -29 43 0
-46 -78 21 0
-76 -57 44 0
75 -72 -47 0
55 -44 -20 0
63 75 -33 0
22 71 -78 0
-69 51 48 0
7 -73 8 0
-22 -61 -29 0
54 -40 -19 0
-6 -35 7 0
56 69 4 0
-28 20 -7 0
-50 -5 -20 0
11 -27 -19 0
8 60 34 0
2 -38 1 0
46 -48 8 0
-55 61 -70 0
-37 75 76 0
-29 35 36 0
-70 49 35 0
64 54 50 0
-8 20 46 0
78 49 31 0
30 3 -13 0
-43 31 -24 0
-73 22 -28 0
-2 24 -42 0
23 -48 -16 0
-32 60 -3 0
21 -76 67 0
-28 67 -63 0
73 -25 -49 0
54 4 62 0
22 -1 -29 0
56 -42 -74 0
-50 -74 68 0
31 28 46 0
-19 61 -67 0
-6 59 71 0
-74 20 -7 0
-29 -53 -20 0
-45 20 -17 0
54 -38 58 0
63 -19 64 0
-62 64 76 0
-63 76 56 0
13 50 -70 0
-67 -44 -70 0
59 62 -30 0
-27 26 -39 0
-8 57 29 0
-72 38 61 0
33 -50 74 0
-71 33 -10 0
67 -64 35 0
40 -28 54 0
56 -44 -62 0
58 -20 -12 0
-35 78 12 0
-9 54 1 0
-43 -21 36 0
-42 17 2 0
-4 77 -46 0
-40 46 -15 0
42 -49 -29 0
-39 32 61 0
-2 73 28 0
-64 -76 -25 0
-36 60 -10 0
-23 33 -31 0
6 11 -10 0
17 70 74 0
-21 33 4 0
34 62 -41 0
7 19 -37 0
-7 -66 74 0
60 13 -53 0
63 -52 64 0
47 -64 55 0
62 -66 69 0
-71 -51 -66 0
72 75 68 0
-69 40 11 0
19 47 -21 0
-65 -26 -67 0
-32 14 -69 0
28 -70 48 0
70 -42 -7 0
-3 24 -1 0
63 -2 15 0
46 -62 -53 0
69 -16 24 0
-70 -31 -26 0
41 -39 -17 0
7 -20 51 0
11 -4 6 0
-2 -57 42 0
-75 31 61 0
69 -41 -71 0
43 -51 59 0
68 73 65 0
-76 -71 -43 0
59 -4 -48 0
74 13 -78 0
12 -72 -28 0
-34 54 51 0
54 44 16 0
26 -59 42 0
26 -21 -44 0
-25 -52 49 0
-34 52 -21 0
17 52 58 0
4 -32 59 0
48 61 9 0
33 5 -17 0
63 -34 47 0
-33 18 65 0
-77 -43 48 0
-15 46 -13 0
44 -65 -17 0
-2 -50 -68 0
3 64 -73 0
-36 26 37 0
-49 -31 -13 0
-51 57 30 0
45 76 37 0
12 -69 68 0
-64 -10 46 0
46 -28 43 0
56 48 17 0
-68 -34 53 0
22 -10 -28 0
46 -61 36 0
-36 -20 33 0
-71 8 -35 0
57 16 59 0
-53 -49 -14 0
22 -18 -62 0
-5 39 19 0
-19 -46 -9 0
21 64 36 0
68 40 -63 0
-54 -6 -25 0
-17 -35 64 0
-56 -50 -39 0
75 72 57 0
-26 24 -20 0
-45 -38 53 0
-70 -54 10 0
6 -56 35 0
40 -44 -52 0
-23 51 -9 0
-45 69 -62 0
-44 -5 -77 0
-55 -54 1 0
32 -30 -45 0
-72 -28 -12 0
22 -61 -68 0
78 1 -45 0
3 15 -77 0
-59 -40 -36 0
19 -31 -28 0
-17 -7 32 0
-71 36 1 0
43 32 -58 0
72 43 -46 0
29 70 -69 0
19 38 76 0
49 10 66 0
-68 -6 -64 0
76 50 -66 0
-40 10 17 0
-55 66 70 0
5 -51 -23 0
-52 6 -9 0
73 -74 -54 0
38 52 -19 0
-46 -70 -60 0
-36 21 -69 0
35 -38 41 0
16 38 66 0
-41 -28 -15 0
-3 62 -43 0
36 22 28 0
75 52 -14 0
5 9 77 0
57 44 56 0
62 61 3 0
-69 -24 -59 0
-28 47 -61 0
10 66 68 0
-51 2 -8 0
63 -57 -38 0
26 16 -22 0
10 -55 58 0
-71 -34 -76 0
-46 -64 -2 0
-5 19 -14 0
-18 -35 -19 0
52 -78 61 0
-51 1 -74 0
19 -72 -46 0
-29 -3 -49 0
44 22 28 0
-12 -33 70 0
70 -27 -76 0
-54 -18 72 0
46 10 -74 0
-64 5 35 0
-25 -50 73 0
18 -49 -52 0
48 -39 -76 0
76 13 19 0
-60 -42 72 0
-34 62 -74 0
-20 42 24 0
30 -12 -6 0
-17 63 66 0
45 -2 74 0
41 57 -32 0
45 72 64 0
21 1 -74 0
72 36 49 0
30 -12 72 0
-36 52 -45 0
-9 74 65 0
-42 -10 30 0
-67 -50 13 0
-24 -74 5 0
-49 37 57 0
-16 -11 -29 0
26 -59 71 0
6 -22 18 0
-9 -39 -16 0
3 -13 64 0
-30 34 21 0
-34 -6 -31 0
69 21 73 0
64 -77 -28 0
48 40 -29 0
-36 3 -47 0
-74 -13 -6 0
12 57 37 0
-69 53 39 0
51 -76 -71 0
74 34 7 0
-54 9 57 0
48 -29 -70 0
-40 -67 -64 0
-70 -59 76 0
74 73 23 0
-8 33 -23 0
55 70 -73 0
-31 -38 -53 0
-76 63 19 0
-77 15 -26 0
60 8 35 0
-47 77 11 0
18 -8 -63 0
76 -68 25 0
-73 27 -46 0
-15 77 -28 0
61 -40 56 0
-58 72 63 0
36 45 2 0
-78 -8 -62 0
26 36 -16 0
-11 -33 -65 0
-27 47 -21 0
4 37 -55 0
59 -38 69 0
