p 18 76
-17 9 15 0
5 17 -18 0
-12 -5 11 0
17 6 -15 0
12 6 -16 0
6 17 -7 0
-9 7 10 0
16 -8 -7 0
13 14 -7 0
-15 -7 -14 0
7 10 11 0
-8 -17 6 0
16 -4 -11 0
14 -12 15 0
-6 -10 12 0
16 -17 11 0
12 -2 -14 0
5 -12 -2 0
-11 -8 18 0
-12 -16 11 0
-17 4 13 0
-16 12 -1 0
-12 10 16 0
9 -4 -13 0
12 3 -10 0
1 -6 10 0
-16 -15 -17 0
-6 -14 -13 0
4 9 -17 0
-7 12 5 0
1 3 13 0
-17 11 18 0
5 -13 8 0
17 -7 -11 0
-11 -15 5 0
-18 -7 5 0
-2 -10 -16 0
-11 17 -12 0
2 -12 10 0
7 -13 3 0
-9 7 -10 0
-8 11 4 0
7 13 2 0
-2 8 -15 0
11 6 17 0
-10 -12 -8 0
14 -10 17 0
9 16 -12 0
3 17 9 0
-11 -6 -8 0
4 -16 14 0
-4 -3 -14 0
17 -7 -11 0
-7 -5 6 0
2 16 -1 0
-9 6 16 0
-4 -3 -14 0
-7 4 16 0
5 17 7 0
-4 13 9 0
-9 -7 17 0
15 12 3 0
13 4 8 0
-14 15 -12 0
-12 4 18 0
-5 -10 9 0
12 3 -13 0
-9 5 -7 0
-10 7 13 0
-13 -14 6 0
1 9 12 0
-1 9 -8 0
2 -15 3 0
-18 -5 -9 0
5 14 -17 0
9 -1 16 0
