p 37 157
23 36 -34 0
23 11 -20 0
31 30 -13 0
20 -31 -32 0
-35 -36 2 0
37 19 17 0
33 16 -37 0
28 -11 -9 0
-17 -22 -19 0
-31 -1 -8 0
-35 -37 12 0
-28 -26 -2 0
-24 25 3 0
-25 24 29 0
6 -25 36 0
24 -8 -30 0
-24 -28 26 0
-3 -8 -33 0
35 -18 -30 0
31 24 -16 0
17 -23 24 0
-10 -11 -35 0
-28 19 11 0
-24 -35 23 0
32 37 -25 0
-31 -26 36 0
5 -22 -34 0
26 14 31 0
1 -33 -22 0
-11 19 -12 0
-26 -32 -5 0
-4 -15 -20 0
34 -18 -36 0
-13 29 28 0
-11 -3 -27 0
15 24 -14 0
-30 -13 -36 0
1 2 -27 0
12 -26 -17 0
-30 34 28 0
4 -36 -33 0
-21 30 7 0
3 34 -19 0
-15 -7 -24 0
25 7 -27 0
28 17 11 0
-31 -34 9 0
35 9 2 0
27 -30 -19 0
-23 -29 10 0
18 17 -34 0
3 26 -8 0
-24 8 12 0
-17 -29 -5 0
-11 -28 30 0
-12 30 22 0
18 -3 -12 0
-36 -24 -32 0
-29 11 -7 0
-1 -26 -9 0
7 2 27 0
-5 -6 12 0
-24 -25 -29 0
-30 -25 27 0
-19 -22 -37 0
-9 3 -10 0
29 -30 -17 0
-18 4 1 0
26 5 35 0
-8 -14 -7 0
-5 -7 34 0
37 -18 -23 0
-32 -29 36 0
-27 13 -23 0
-27 -34 9 0
-33 14 -34 0
24 20 16 0
30 -22 21 0
33 -18 7 0
-33 -15 36 0
32 -22 -37 0
20 -30 17 0
-6 -24 29 0
-37 -11 -32 0
37 -8 -7 0
-28 -18 23 0
5 4 -19 0
9 -22 -35 0
-20 -18 -35 0
-18 -14 31 0
28 7 29 0
22 -11 9 0
2 -15 19 0
-11 -33 16 0
24 -12 31 0
-32 -25 26 0
-32 36 -24 0
22 -37 32 0
-27 18 23 0
23 29 15 0
9 2 29 0
-18 -5 37 0
11 -32 14 0
-18 -7 3 0
30 36 32 0
21 -4 -11 0
25 -35 -20 0
-18 -27 -2 0
21 -5 -29 0
-14 -7 17 0
12 -18 17 0
5 -11 28 0
22 13 -19 0
-18 2 25 0
-18 1 -6 0
-21 -34 -16 0
7 17 -23 0
-21 -17 15 0
-37 17 -34 0
25 8 -18 0
6 -3 -30 0
-31 23 24 0
11 -2 33 0
11 -9 3 0
23 -24 32 0
9 14 -16 0
17 19 5 0
11 21 5 0
-11 16 8 0
23 9 6 0
-33 -1 16 0
-25 -3 12 0
16 8 36 0
-16 12 21 0
14 -35 19 0
1 -8 -13 0
22 -9 5 0
-36 -17 28 0
-9 29 19 0
7 -20 -6 0
24 21 35 0
6 -23 -17 0
-24 4 -3 0
7 -29 30 0
-15 -29 -1 0
11 23 -1 0
35 -34 -22 0
-31 11 3 0
-14 -28 -4 0
-27 15 -11 0
-35 28 2 0
-22 -27 2 0
8 37 -4 0
-21 -5 16 0
-1 -2 18 0
24 -28 35 0
-13 37 15 0
