p 40 170
1 -23 -27 0
26 -38 -23 0
5 -21 16 0
-36 26 -22 0
27 -40 28 0
-10 -8 -20 0
-18 6 3 0
35 4 -18 0
-21 -34 25 0
-13 7 1 0
9 1 27 0
1 -12 28 0
-7 34 38 0
13 37 -20 0
32 9 -8 0
16 15 -11 0
7 8 -37 0
6 14 33 0
-8 -7 -25 0
25 9 -26 0
19 -2 23 0
19 32 -11 0
22 16 -36 0
-31 -1 15 0
-30 -9 15 0
12 17 40 0
15 40 -39 0
19 -23 5 0
-7 8 2 0
-34 -38 -12 0
-27 13 -9 0
-6 -34 8 0
31 32 2 0
10 19 -32 0
34 20 -31 0
29 -22 -34 0
40 21 28 0
-37 29 2 0
17 21 6 0
21 -27 -36 0
40 7 37 0
1 -18 -29 0
-20 -30 -39 0
-36 33 16 0
8 -13 -38 0
39 -16 38 0
13 -19 35 0
-6 18 -12 0
28 34 -27 0
34 -28 37 0
36 -20 -34 0
-37 14 -22 0
-22 36 3 0
5 -35 -2 0
30 -13 24 0
-21 -23 30 0
-26 -28 -31 0
-9 3 21 0
-36 -35 1 0
13 -1 34 0
30 -4 21 0
-35 -11 7 0
-3 39 5 0
26 -5 34 0
-11 33 1 0
8 -36 38 0
16 12 -9 0
-19 -35 -24 0
6 -16 1 0
28 -34 -8 0
-23 -13 -9 0
-37 -11 21 0
5 7 31 0
-37 15 38 0
-33 -39 -5 0
-11 5 -3 0
19 -35 -27 0
16 38 -23 0
29 19 -21 0
-14 -12 -28 0
29 -14 -39 0
30 34 5 0
-17 -33 -36 0
35 26 23 0
-40 -5 -39 0
34 -12 -17 0
21 39 -40 0
-8 24 29 0
7 -23 24 0
16 -1 -31 0
22 -33 -38 0
36 -4 15 0
-22 2 13 0
-32 37 25 0
32 -14 -39 0
-28 -39 -9 0
23 -2 36 0
32 21 3 0
-34 -35 19 0
-3 -39 -40 0
-22 -24 3 0
-27 -32 34 0
-24 29 37 0
-26 28 32 0
1 22 13 0
-38 -23 1 0
17 -19 -24 0
10 16 8 0
11 -7 40 0
-17 9 -7 0
34 -23 10 0
7 -26 -32 0
-24 -15 8 0
13 18 -36 0
-36 -7 -34 0
-16 36 17 0
31 -29 -34 0
-33 22 -19 0
18 32 37 0
20 13 -25 0
-12 24 -17 0
-38 -3 1 0
-9 -8 -36 0
12 -18 13 0
30 23 6 0
-20 -31 -23 0
-5 17 15 0
-7 -30 -29 0
-15 37 -3 0
39 8 -21 0
2 -8 -33 0
10 -34 -15 0
-4 -36 29 0
16 -13 -3 0
20 -34 -14 0
38 16 10 0
-39 14 -15 0
-28 -18 -22 0
1 35 37 0
-27 -2 -5 0
-33 -13 27 0
23 33 -8 0
-37 -32 -3 0
-30 17 -24 0
5 -2 11 0
-23 24 -27 0
39 3 21 0
21 11 -17 0
21 -26 19 0
18 38 -37 0
18 5 35 0
-1 -12 6 0
8 -13 -31 0
4 22 6 0
-30 36 -28 0
-24 -10 -38 0
36 23 -24 0
26 17 2 0
-1 -15 40 0
-1 14 5 0
23 2 25 0
31 2 -26 0
-24 -11 10 0
-19 -28 7 0
22 -39 -6 0
-9 21 -7 0
-25 38 -35 0
-19 22 -3 0
-36 4 -37 0
-20 -34 28 0
