p 62 264
-41 48 -5 0
14 8 46 0
-47 56 19 0
50 25 48 0
8 26 44 0
17 -13 -15 0
21 48 5 0
56 -31 -9 0
26 -11 -1 0
56 19 -16 0
-25 -53 -15 0
8 16 54 0
-9 51 60 0
45 34 -44 0
3 -54 -6 0
-46 -22 15 0
-52 -6 -50 0
-34 32 57 0
-56 -50 34 0
52 -32 28 0
-54 -40 47 0
6 32 35 0
52 7 32 0
-2 -10 60 0
-51 19 25 0
13 8 -48 0
-4 18 -36 0
8 11 12 0
-3 17 -27 0
27 34 20 0
29 -57 14 0
7 4 -35 0
-26 -30 44 0
-26 36 47 0
23 30 14 0
-2 -58 -31 0
-28 -35 31 0
47 46 -8 0
-39 -41 28 0
38 -9 2 0
-13 -60 24 0
55 57 -16 0
-37 -19 -34 0
49 51 9 0
32 52 8 0
51 27 -38 0
38 29 11 0
62 -27 24 0
-16 -47 -6 0
-31 -18 -7 0
24 -39 -34 0
23 -27 -29 0
43 60 -49 0
-3 5 -29 0
-13 -51 -5 0
-31 -25 -54 0
15 45 22 0
62 7 38 0
-4 -24 8 0
21 16 -45 0
46 55 -38 0
-47 -4 11 0
-33 6 46 0
-23 -49 -2 0
-2 -57 -39 0
-25 -40 -33 0
3 -7 -25 0
11 -54 -14 0
-39 7 48 0
-48 -22 7 0
-44 24 52 0
18 -21 41 0
1 -11 -19 0
-5 -22 -32 0
40 22 51 0
9 -4 14 0
-24 2 10 0
-42 47 -16 0
-12 -4 22 0
1 51 -26 0
14 -22 -5 0
38 -26 44 0
40 60 56 0
-18 46 37 0
-34 12 -19 0
-46 -48 -1 0
-35 -32 -15 0
-28 61 -47 0
56 18 58 0
31 -42 44 0
-57 -10 17 0
-59 -39 -36 0
-31 -17 43 0
-46 -12 -16 0
55 -21 40 0
39 11 58 0
-17 -6 7 0
31 28 49 0
60 30 17 0
-15 46 49 0
53 -49 -7 0
-60 8 33 0
-49 -34 -37 0
35 -58 -43 0
41 9 6 0
34 23 54 0
-24 -22 -54 0
57 35 -22 0
2 18 -48 0
55 -11 41 0
56 -59 8 0
-9 -25 59 0
4 14 7 0
-30 -36 -12 0
-33 -40 -22 0
20 6 27 0
48 7 16 0
37 7 -55 0
20 16 48 0
-62 45 6 0
53 15 -26 0
35 58 61 0
9 56 -22 0
37 61 -31 0
59 -21 22 0
16 48 -47 0
46 53 -31 0
-13 -60 -62 0
19 -41 -44 0
-10 35 58 0
45 -42 1 0
22 52 -53 0
18 12 -9 0
-62 59 55 0
24 11 10 0
53 -45 26 0
-44 18 -5 0
22 25 59 0
19 30 48 0
2 13 56 0
31 -58 60 0
59 42 56 0
34 -5 35 0
-51 18 49 0
-26 1 -52 0
-60 -41 -47 0
-44 -51 -12 0
-54 24 43 0
30 6 -43 0
33 58 -47 0
-8 62 60 0
29 -58 -16 0
-28 -16 20 0
35 -28 -31 0
-18 -20 10 0
29 52 22 0
4 -15 41 0
5 30 23 0
-60 -49 -27 0
-43 22 -36 0
14 39 50 0
30 44 -4 0
50 14 -16 0
32 -58 -56 0
19 -47 -34 0
-33 -25 41 0
-49 -50 -11 0
-48 -42 -53 0
-54 39 -45 0
-22 28 8 0
-61 20 14 0
-55 45 -51 0
48 -13 -27 0
17 -5 39 0
61 -36 4 0
1 -55 22 0
3 9 -21 0
4 -32 -62 0
25 3 4 0
50 4 35 0
-43 -19 36 0
49 15 20 0
-54 -22 21 0
53 -34 17 0
-42 4 47 0
-51 31 -3 0
-6 -19 57 0
51 39 -13 0
-35 -4 53 0
-61 -58 12 0
-1 -2 -17 0
37 -12 -58 0
39 -44 -34 0
17 57 43 0
-55 10 -26 0
42 44 -8 0
48 -51 -44 0
62 -59 8 0
-41 7 12 0
-31 -61 8 0
-10 -27 38 0
-10 -6 -21 0
33 58 50 0
-55 48 -29 0
-7 53 9 0
48 15 -41 0
-1 -35 33 0
-2 -1 62 0
32 51 -36 0
-9 10 -26 0
-2 20 24 0
-56 20 -62 0
-35 -14 43 0
12 31 -14 0
31 30 10 0
35 -5 -20 0
-31 -52 60 0
-53 -44 36 0
-48 -10 15 0
-60 -27 -46 0
-23 49 -44 0
62 23 38 0
23 -51 -43 0
12 -38 -50 0
6 -18 55 0
-20 -50 -22 0
-41 47 22 0
-58 -53 39 0
61 29 -20 0
-43 42 60 0
-26 24 -13 0
-37 -54 3 0
17 -56 -46 0
12 39 46 0
-18 7 59 0
-9 -14 -12 0
-62 57 44 0
-27 34 47 0
-6 -9 10 0
-27 -29 -52 0
-60 13 12 0
27 -32 -20 0
-20 14 -8 0
-49 -17 2 0
56 13 -43 0
-21 49 -41 0
-14 27 32 0
1 62 61 0
47 52 23 0
35 -20 40 0
28 -22 7 0
-38 -55 -6 0
-37 42 -5 0
-54 46 -15 0
59 -22 -47 0
32 22 40 0
60 -50 -43 0
44 -21 -37 0
16 62 -22 0
31 -3 26 0
-46 -33 35 0
48 -58 59 0
-3 18 55 0
-50 55 30 0
