p 79 336
-23 -52 74 0
57 35 -68 0
-33 -35 -20 0
32 42 -71 0
60 -12 -30 0
23 -63 2 0
-59 77 8 0
-9 -47 71 0
-10 -77 -13 0
76 11 -19 0
32 11 55 0
-13 41 -17 0
-15 54 59 0
32 -40 -68 0
53 -57 -45 0
-15 -75 -51 0
45 35 71 0
68 -55 -15 0
13 43 74 0
11 -27 58 0
-42 60 13 0
-16 29 42 0
63 21 13 0
21 -31 -43 0
19 -45 12 0
45 -67 15 0
35 -25 28 0
-44 22 -6 0
-17 18 -33 0
10 47 26 0
-64 62 -45 0
28 62 60 0
-35 16 13 0
23 57 -79 0
50 30 -22 0
20 12 -72 0
72 -3 -57 0
64 -56 -71 0
-14 -25 18 0
49 42 -10 0
69 -78 -45 0
26 -45 -35 0
-13 46 26 0
32 45 47 0
65 -48 -60 0
-7 19 76 0
17 -21 31 0
-69 76 21 0
-34 38 -26 0
45 -67 48 0
-55 48 12 0
-1 -40 23 0
-39 56 60 0
-26 28 -1 0
55 21 61 0
-14 -26 -52 0
28 10 -65 0
-17 -73 31 0
-74 -13 -37 0
-9 39 25 0
47 35 -41 0
31 -34 12 0
-12 -18 39 0
74 41 65 0
61 54 -77 0
24 47 31 0
-27 -5 -43 0
-55 -61 -38 0
-29 59 -25 0
-23 33 39 0
7 -1 -66 0
-15 -22 47 0
-71 -22 20 0
-74 -58 77 0
20 22 -19 0
-68 13 -11 0
11 54 -58 0
65 39 30 0
-78 -76 68 0
-13 -36 24 0
-28 5 10 0
6 -44 30 0
-13 -20 62 0
-79 5 19 0
-4 24 -79 0
79 70 -35 0
-7 -59 43 0
57 15 -21 0
44 -49 79 0
52 -36 9 0
-7 -62 59 0
-21 15 70 0
-35 48 53 0
15 57 -56 0
31 -72 7 0
38 75 -66 0
-47 -61 28 0
-78 -51 71 0
12 18 77 0
-35 32 -71 0
-20 74 -9 0
-43 -19 78 0
-69 5 -74 0
-8 -48 -25 0
-58 -27 13 0
14 -51 31 0
23 -74 -19 0
-29 -68 -61 0
16 -52 -50 0
-6 -29 50 0
22 64 -31 0
-34 70 -71 0
-75 64 -38 0
-32 -10 -9 0
-60 71 -72 0
75 -68 61 0
64 -65 37 0
71 58 69 0
-12 -67 -27 0
-27 -56 44 0
-11 73 4 0
-73 -39 22 0
66 72 49 0
-21 6 58 0
60 68 -61 0
-64 5 -16 0
-28 -5 -37 0
77 -22 61 0
-40 10 55 0
-64 -39 14 0
13 -47 -63 0
-62 -77 64 0
-18 29 56 0
38 -25 -29 0
-39 26 4 0
-21 74 -71 0
-77 8 -73 0
-44 -4 -64 0
-62 37 -19 0
47 -62 -78 0
-49 37 76 0
12 -7 9 0
42 74 68 0
63 70 -77 0
-17 19 7 0
-70 62 7 0
-72 -60 -12 0
28 -45 -57 0
-32 -38 8 0
55 68 9 0
-7 -5 9 0
-76 -54 -4 0
67 28 8 0
26 56 45 0
1 -58 -52 0
12 -1 -36 0
44 39 75 0
-19 32 -65 0
48 77 -4 0
72 -48 42 0
-67 34 -5 0
-25 -49 18 0
-10 -41 -65 0
49 73 -25 0
33 -29 -26 0
76 50 40 0
-4 1 -67 0
-24 46 -23 0
20 -49 -64 0
29 -50 -49 0
47 -8 51 0
10 -38 -71 0
-50 65 -5 0
-24 -29 -37 0
-47 15 65 0
-68 73 42 0
13 -2 77 0
-60 76 56 0
-58 -69 -63 0
-49 -29 64 0
-77 -48 -21 0
59 37 62 0
-75 -70 40 0
57 63 22 0
-78 60 6 0
38 -48 -54 0
-63 77 -76 0
-47 14 19 0
71 -72 64 0
-8 -14 12 0
-20 -29 -36 0
78 -53 -14 0
-5 54 -27 0
67 55 -10 0
-45 49 -44 0
-35 56 -21 0
-11 -71 41 0
-72 35 -11 0
51 49 -68 0
48 -25 11 0
-56 62 -13 0
-51 -73 -42 0
-63 65 -19 0
15 29 -79 0
-4 7 -61 0
-72 -45 -54 0
-47 -39 50 0
-72 -71 -24 0
-50 18 14 0
71 -51 68 0
-78 72 66 0
45 -4 24 0
-7 -63 -56 0
67 15 16 0
72 -5 12 0
8 -54 30 0
-45 74 -5 0
55 3 50 0
76 -48 -67 0
-43 -21 -6 0
-9 5 14 0
-19 -28 -34 0
-27 71 24 0
-19 22 -34 0
45 44 -23 0
-23 55 -54 0
31 66 -10 0
-42 3 76 0
3 76 46 0
42 18 15 0
43 -15 -79 0
56 -52 10 0
64 65 3 0
-29 -79 45 0
29 68 69 0
74 71 50 0
-43 -21 16 0
-73 26 -40 0
30 4 40 0
-55 29 -40 0
-1 14 3 0
23 -57 77 0
59 26 -10 0
-65 -29 -12 0
43 -47 48 0
11 -24 -6 0
-52 -32 5 0
1 49 20 0
-64 -6 -21 0
44 54 -42 0
7 67 34 0
-79 -70 -37 0
59 21 -47 0
15 -13 -37 0
-31 57 8 0
37 29 -56 0
1 -35 -5 0
-74 -21 53 0
18 3 27 0
-26 25 77 0
37 -24 77 0
5 -10 54 0
-16 -50 -34 0
-27 -23 -57 0
-59 44 -2 0
-45 4 47 0
29 43 46 0
19 53 -64 0
45 26 -36 0
-36 10 -5 0
64 -37 -19 0
72 25 51 0
26 31 2 0
57 -62 25 0
-26 18 -4 0
23 12 58 0
6 -57 -51 0
-38 45 39 0
77 -44 -75 0
-54 22 14 0
-76 -20 -45 0
-33 -45 -35 0
74 -48 6 0
38 54 -21 0
79 -69 -67 0
35 22 -40 0
55 56 -19 0
51 -4 -38 0
61 66 17 0
-11 -17 63 0
-32 -79 56 0
3 45 49 0
7 -71 27 0
-3 28 -56 0
-26 14 15 0
-21 -15 -60 0
-71 29 -67 0
46 -60 31 0
58 -5 -29 0
-75 60 -62 0
46 58 51 0
42 52 39 0
-9 -57 35 0
13 63 27 0
42 -21 -23 0
17 37 -62 0
21 -33 -65 0
63 -70 3 0
-17 75 -50 0
-33 -41 25 0
-21 70 -65 0
-64 44 53 0
-58 -71 73 0
17 55 62 0
4 -60 -67 0
-29 -68 44 0
10 -78 -39 0
50 -66 75 0
46 -44 26 0
-71 23 -11 0
-48 41 -29 0
59 -23 28 0
15 -55 -13 0
-64 -66 -31 0
50 -9 31 0
-23 66 -34 0
-33 26 27 0
-20 -40 26 0
-42 9 64 0
-20 -26 -64 0
-26 28 56 0
79 -64 -8 0
75 1 37 0
31 57 -64 0
10 -69 73 0
-5 14 -50 0
