p 79 336
-10 53 30 0
57 -21 40 0
-77 -32 -51 0
54 -24 -52 0
-29 -50 24 0
23 73 -10 0
55 29 -62 0
-64 -55 -7 0
-53 -6 -66 0
-24 -36 -18 0
70 -1 -24 0
-38 -67 -45 0
-10 49 -47 0
15 34 -8 0
27 23 -48 0
71 -33 18 0
-15 -30 -68 0
73 24 -68 0
62 -37 -57 0
8 11 -43 0
-48 -21 -1 0
-25 -31 65 0
12 -73 -63 0
-77 -44 31 0
39 22 -71 0
-66 -74 2 0
-44 -31 69 0
-50 41 -37 0
-60 -35 17 0
-7 -23 36 0
41 24 -1 0
3 2 38 0
17 -1 -71 0
-66 -54 -43 0
51 -76 -38 0
36 -50 25 0
-26 -28 51 0
40 78 -42 0
60 48 75 0
-61 4 -52 0
-77 65 -40 0
-63 71 10 0
-4 -26 -76 0
49 75 -1 0
19 55 45 0
74 55 -49 0
16 64 -77 0
-50 -25 75 0
55 42 16 0
75 41 -46 0
-25 76 -15 0
-47 19 -8 0
36 13 78 0
-26 4 -54 0
-48 -57 -70 0
54 -6 40 0
-55 9 28 0
-22 28 -35 0
-3 52 -1 0
74 -42 8 0
8 25 -54 0
-70 40 18 0
4 -14 67 0
53 -17 43 0
13 -57 -53 0
-15 -6 -18 0
13 -12 -51 0
25 -3 69 0
46 8 -26 0
55 37 38 0
10 -71 -19 0
-50 66 -48 0
27 70 62 0
3 -63 30 0
12 -37 41 0
4 29 1 0
45 -43 66 0
39 31 -55 0
40 -36 -57 0
-20 67 39 0
20 61 -73 0
43 -3 37 0
21 57 33 0
-5 33 69 0
68 60 76 0
-37 -18 69 0
72 70 79 0
-39 -58 -7 0
-2 -60 59 0
37 -52 34 0
56 42 -3 0
-24 -4 77 0
20 73 -57 0
-79 -55 -68 0
-41 -38 -53 0
-76 -20 43 0
-50 -55 -62 0
-41 66 48 0
55 44 -31 0
-21 -16 45 0
-16 38 -7 0
-54 -67 49 0
44 39 15 0
38 79 -75 0
54 -50 -39 0
-10 -56 69 0
-26 -12 20 0
54 3 -42 0
71 -75 -79 0
-47 -65 4 0
-70 -6 69 0
2 -37 1 0
35 10 19 0
9 -11 -44 0
15 -53 -50 0
-66 -68 39 0
1 22 72 0
-76 34 18 0
34 32 31 0
-65 4 -13 0
72 -9 -22 0
42 -52 18 0
57 12 18 0
-34 -79 -57 0
-39 30 -22 0
-31 30 -68 0
41 24 -6 0
76 -32 -9 0
-19 56 -59 0
47 9 -61 0
40 -14 -2 0
22 9 -26 0
-30 56 63 0
11 14 -13 0
17 -64 49 0
-79 -48 -42 0
-64 18 -30 0
27 -29 35 0
55 -24 46 0
40 56 53 0
-55 68 -3 0
26 10 -73 0
41 30 26 0
-31 35 3 0
44 -71 -4 0
69 -63 29 0
-35 -28 -68 0
-60 56 29 0
-25 -3 -24 0
-42 -45 -71 0
-63 75 60 0
-14 39 4 0
-30 -17 43 0
14 -20 69 0
47 57 11 0
-31 1 32 0
67 27 54 0
-11 76 -3 0
6 68 -12 0
-43 -63 -6 0
57 77 66 0
-44 74 -33 0
-79 -11 -35 0
74 32 61 0
-15 -65 -8 0
-62 30 -22 0
-59 54 40 0
38 -69 -10 0
35 43 41 0
48 -63 18 0
-45 2 76 0
-6 -56 78 0
-18 58 71 0
-75 -51 -61 0
4 36 13 0
-20 35 68 0
2 -50 53 0
-72 39 -2 0
-40 27 -1 0
-47 -25 -56 0
63 46 54 0
60 43 -64 0
-36 -69 20 0
32 22 -56 0
-14 2 -62 0
5 43 51 0
-46 -20 -44 0
39 74 45 0
-12 -14 -2 0
64 -5 -8 0
38 -77 -7 0
-54 -27 -15 0
75 -15 47 0
-3 40 10 0
-78 8 -69 0
61 -76 -28 0
58 76 40 0
60 -5 -62 0
-52 -5 -51 0
-74 47 -61 0
-20 18 1 0
46 -28 -75 0
-26 -27 -22 0
5 -71 3 0
22 78 50 0
-14 -59 -19 0
-78 -23 -69 0
-46 -9 -16 0
66 74 79 0
24 -63 23 0
28 -21 -53 0
-34 14 67 0
-42 -70 5 0
-48 43 41 0
-65 -7 -20 0
4 -48 27 0
27 32 -18 0
39 -44 -69 0
70 -13 61 0
71 44 25 0
62 3 66 0
29 12 -23 0
-61 63 -7 0
49 -46 -36 0
65 -9 8 0
-23 -9 -49 0
63 -36 28 0
14 37 -79 0
29 -52 -31 0
27 -69 31 0
20 46 -61 0
48 2 -18 0
-29 -67 76 0
-61 63 71 0
16 41 -46 0
2 70 41 0
33 65 -30 0
64 -63 16 0
12 -68 29 0
59 42 -76 0
6 -36 9 0
-75 -46 51 0
-39 37 -14 0
34 76 37 0
-36 55 60 0
-30 21 -24 0
-43 -73 17 0
-30 -64 -55 0
36 -5 76 0
71 -5 12 0
-52 -25 75 0
-54 -25 -52 0
-55 -6 51 0
-48 -19 6 0
-46 -60 39 0
-28 -76 -59 0
57 77 -39 0
-63 9 -28 0
-6 31 52 0
28 39 -26 0
-8 67 6 0
23 67 -22 0
-11 35 -45 0
-78 44 -23 0
44 10 -78 0
-31 -70 -47 0
45 -71 -65 0
28 70 -24 0
-55 15 -49 0
50 -5 -78 0
69 -56 -13 0
3 11 74 0
41 -43 40 0
-68 22 35 0
27 50 29 0
16 24 34 0
69 -36 -41 0
-43 34 -55 0
32 -76 58 0
-22 -44 43 0
69 -45 65 0
-74 59 40 0
-57 -44 -17 0
-79 16 7 0
-48 -73 23 0
28 60 -29 0
-5 68 -71 0
-12 -50 49 0
11 -20 -10 0
49 53 -52 0
-36 9 67 0
-58 -66 23 0
-74 -57 -31 0
67 -52 73 0
57 -39 -49 0
-17 75 -71 0
59 -38 -5 0
-73 76 46 0
-44 -31 -37 0
20 3 43 0
-49 -68 18 0
-20 1 -18 0
19 68 59 0
-49 65 -75 0
-48 74 -55 0
57 -62 15 0
47 27 -79 0
7 21 -14 0
19 79 -10 0
-59 -22 -13 0
33 -13 -34 0
-57 -41 -66 0
61 64 3 0
9 -74 3 0
-43 -72 -11 0
-21 35 49 0
-56 46 -47 0
-40 5 -60 0
60 29 25 0
-58 -47 44 0
-79 -16 49 0
37 -17 22 0
28 -70 -35 0
-39 76 21 0
45 58 -48 0
63 -40 -74 0
-77 39 -30 0
-6 -63 8 0
33 63 77 0
75 -62 78 0
54 44 -68 0
50 -12 -58 0
63 -39 49 0
-31 -12 -47 0
56 -64 53 0
-38 -63 28 0
