p 48 204
-44 45 9 0
-2 17 -34 0
29 33 -8 0
21 39 46 0
-5 -15 27 0
37 -46 20 0
30 40 -8 0
-44 -28 19 0
-16 -8 32 0
-11 22 27 0
-40 -10 2 0
-48 -10 14 0
13 4 27 0
-39 18 13 0
-18 -39 -12 0
-6 -1 27 0
14 48 10 0
-14 22 -17 0
-46 -16 -2 0
38 24 35 0
-44 28 12 0
-7 -31 48 0
-43 -11 8 0
-34 -44 18 0
-48 20 -31 0
-42 17 -10 0
-34 26 12 0
35 19 15 0
12 -47 -46 0
-2 8 26 0
21 18 38 0
40 42 12 0
-24 4 -34 0
9 22 -7 0
-16 -19 32 0
45 -24 -16 0
30 -15 9 0
8 25 -30 0
38 42 12 0
-34 -33 -10 0
14 -15 20 0
38 -23 -5 0
-22 2 -33 0
-8 -19 -42 0
-10 47 -8 0
-25 24 -45 0
-4 21 -22 0
22 -44 33 0
-26 -17 29 0
24 39 -17 0
-38 17 -1 0
-32 -13 31 0
-21 -31 16 0
7 -42 1 0
7 10 -33 0
34 46 38 0
20 -42 32 0
32 35 -25 0
5 40 33 0
-19 -2 -45 0
18 20 -3 0
-5 -12 8 0
-11 8 30 0
-44 -1 -15 0
10 8 38 0
32 -40 42 0
46 -23 -19 0
-32 -36 12 0
42 24 -4 0
31 46 -11 0
41 -36 -13 0
43 32 -48 0
-42 28 26 0
3 46 33 0
18 29 47 0
-26 14 -5 0
-7 -24 14 0
19 -23 -31 0
-43 -37 41 0
35 29 7 0
48 15 42 0
-24 13 21 0
27 -1 44 0
19 -37 -44 0
-36 48 -18 0
45 -34 -46 0
17 30 3 0
-16 -42 -5 0
16 39 18 0
-7 35 12 0
6 -22 35 0
32 13 38 0
-34 -37 -32 0
28 -33 -35 0
34 -7 -35 0
27 42 -15 0
-16 29 -15 0
-19 -20 -22 0
-30 34 41 0
-22 24 -17 0
41 -31 19 0
27 35 -48 0
18 42 38 0
-4 -7 -10 0
14 19 -26 0
17 22 46 0
-24 40 -15 0
37 42 -32 0
-32 15 45 0
-14 -11 33 0
-45 19 -18 0
-26 27 -48 0
12 -34 -2 0
-44 -33 -28 0
-18 44 -35 0
35 -3 -21 0
-21 -19 -39 0
-34 -35 -32 0
-33 -42 43 0
42 -39 41 0
10 -27 48 0
-34 -5 -13 0
24 -34 -37 0
-31 -14 30 0
8 -40 37 0
-11 -18 4 0
-23 -21 28 0
31 -29 45 0
-26 38 -27 0
47 -8 10 0
29 4 35 0
-30 -10 24 0
-18 -44 48 0
-29 33 35 0
-33 -12 35 0
-1 -37 27 0
35 -30 31 0
-20 -32 26 0
-11 -21 46 0
-31 21 -29 0
17 23 11 0
-5 29 7 0
4 5 21 0
-41 34 -6 0
-28 -27 4 0
19 -47 -32 0
-43 31 -22 0
41 33 14 0
-29 -37 -42 0
2 11 -32 0
12 8 33 0
38 1 6 0
-11 -46 -27 0
-39 32 8 0
-31 -12 28 0
-29 -16 33 0
-21 38 9 0
2 32 -41 0
1 -47 40 0
34 -28 -12 0
16 2 -9 0
-34 11 25 0
7 -4 -23 0
19 31 29 0
-13 -25 -33 0
-15 41 17 0
7 11 -32 0
-21 -18 38 0
-29 4 8 0
-16 -12 11 0
-17 -12 47 0
-32 -28 -22 0
-19 22 46 0
-43 -38 22 0
-6 -24 36 0
38 29 -42 0
-2 14 47 0
13 43 39 0
42 18 22 0
13 -46 41 0
-7 -38 -47 0
-21 33 28 0
18 -47 -22 0
-2 -3 9 0
5 16 31 0
-13 -18 -6 0
-35 -4 38 0
34 -37 7 0
-25 -29 9 0
-17 -9 47 0
30 -33 44 0
12 -11 -10 0
48 -45 -36 0
26 -4 -42 0
42 44 17 0
44 2 -39 0
-39 -26 43 0
35 -41 26 0
16 -34 -44 0
32 44 -4 0
-19 5 -45 0
-7 -24 37 0
46 39 25 0
-27 48 29 0
