p 76 323
-5 7 69 0
-33 30 -5 0
32 -63 10 0
36 -62 -66 0
-4 -28 5 0
60 -35 71 0
-7 47 56 0
25 7 -34 0
-43 34 69 0
9 35 62 0
-57 23 15 0
-9 74 -54 0
-49 -66 -32 0
-72 69 16 0
-46 67 -71 0
-65 -52 38 0
-53 -14 59 0
-42 -23 -27 0
21 -56 26 0
-24 69 43 0
18 -13 46 0
4 6 34 0
74 -71 58 0
-53 23 9 0
9 -42 27 0
-56 5 26 0
-34 33 64 0
44 58 16 0
-37 63 -19 0
7 54 65 0
-55 5 -43 0
34 32 -20 0
38 8 -14 0
-23 15 66 0
1 49 -11 0
-25 -31 -49 0
-41 36 -2 0
69 52 12 0
-3 -73 -49 0
-24 58 51 0
65 14 -69 0
25 -59 -75 0
49 31 -15 0
66 37 11 0
45 -12 7 0
-33 37 -61 0
-32 -52 -2 0
-60 -7 75 0
72 -18 15 0
1 -48 14 0
48 -49 4 0
-3 1 41 0
64 -22 -33 0
-66 50 -29 0
54 -58 -15 0
67 23 -11 0
39 10 -57 0
-63 -66 -68 0
64 -65 14 0
-9 33 -1 0
11 -38 55 0
73 62 -27 0
75 -59 42 0
-66 47 -53 0
29 23 -50 0
-40 -22 18 0
12 -68 60 0
-18 69 22 0
14 68 -74 0
-66 -72 10 0
-49 5 66 0
27 -24 -4 0
-28 26 62 0
-26 48 30 0
17 55 -75 0
-65 72 55 0
4 -24 52 0
54 -29 -56 0
-65 -66 -57 0
-74 -33 -62 0
67 -19 -63 0
11 34 72 0
-20 -74 72 0
75 -41 37 0
42 1 -24 0
72 -66 48 0
27 53 54 0
65 68 -27 0
-63 47 -4 0
-35 -62 -16 0
-45 -51 -71 0
39 -40 -29 0
-65 -52 -24 0
17 53 37 0
-25 -15 38 0
42 -1 -74 0
-11 -12 -26 0
59 -21 -32 0
-46 30 53 0
-66 67 33 0
64 5 -16 0
-27 -8 46 0
-36 62 -42 0
43 -57 -11 0
-45 -76 51 0
-28 -55 76 0
20 36 32 0
70 -46 -47 0
37 -14 -55 0
-2 62 73 0
-44 30 -62 0
38 7 -64 0
-62 -69 -38 0
-32 -33 -17 0
23 49 37 0
-49 76 -20 0
8 46 -47 0
-20 74 38 0
21 31 -69 0
47 57 65 0
-44 -45 -29 0
67 -43 34 0
-7 -13 -46 0
-20 -42 55 0
70 24 71 0
5 -2 -60 0
-6 29 -22 0
41 27 69 0
8 6 -55 0
-61 -10 -32 0
-66 49 -4 0
-53 -25 -51 0
-40 73 -70 0
-45 -33 6 0
75 -74 -53 0
27 49 22 0
-65 -71 -74 0
8 38 -62 0
-74 -35 70 0
-9 -36 -8 0
47 -23 24 0
3 62 -68 0
-3 67 49 0
12 40 -26 0
-11 -9 -41 0
4 -13 -2 0
51 -8 -43 0
53 -8 -33 0
5 -58 21 0
-37 36 32 0
16 21 -64 0
-61 -18 13 0
-54 5 9 0
-42 -38 3 0
39 53 -4 0
-6 61 -66 0
54 38 25 0
8 -15 -23 0
-23 58 -42 0
-50 70 -60 0
-20 64 70 0
27 40 -75 0
-53 -51 -22 0
56 -21 -29 0
59 28 47 0
61 -33 -39 0
-59 -32 -70 0
1 17 14 0
-72 -38 28 0
-70 -25 -47 0
56 -57 30 0
57 60 49 0
-60 -29 -59 0
33 74 -40 0
-54 13 -39 0
10 69 66 0
26 14 -37 0
22 -62 -8 0
46 -52 14 0
-17 41 4 0
11 74 -55 0
-30 32 -52 0
-60 -34 56 0
39 31 -36 0
-49 -10 -31 0
36 22 3 0
-62 -69 41 0
-32 19 -14 0
-44 57 -16 0
24 -68 51 0
35 47 -63 0
19 4 -71 0
-45 -24 5 0
-9 -27 23 0
16 -75 -17 0
12 69 58 0
46 -50 10 0
-42 47 -15 0
-16 -70 -69 0
-53 32 -30 0
17 65 -36 0
51 -67 -35 0
-64 -51 12 0
64 -51 22 0
-58 -42 29 0
-27 -39 34 0
-15 -22 34 0
73 15 -50 0
9 -7 -2 0
15 -32 64 0
57 -44 25 0
36 -10 40 0
49 23 71 0
-24 -11 -4 0
16 -40 60 0
-15 50 -38 0
49 18 47 0
-17 -3 74 0
52 17 33 0
21 -54 -71 0
11 -74 -32 0
35 66 -4 0
-17 -14 3 0
45 30 -27 0
-22 -75 -54 0
64 -35 -54 0
-63 -67 59 0
1 -47 29 0
52 -7 46 0
41 36 35 0
-4 -11 -40 0
61 64 31 0
-54 -48 35 0
-65 23 -55 0
29 -60 -48 0
63 -76 69 0
52 -17 -68 0
20 -10 -13 0
20 37 -76 0
-5 53 -75 0
69 71 52 0
52 71 58 0
-69 51 72 0
-7 29 50 0
-68 32 58 0
-43 51 -71 0
68 42 -16 0
-63 -22 3 0
53 19 -58 0
17 -26 33 0
-72 4 -19 0
-13 41 -49 0
36 23 -62 0
60 28 59 0
-71 -1 48 0
-36 12 -60 0
-67 -28 42 0
72 6 -66 0
-65 54 -40 0
-62 -73 -71 0
-19 68 21 0
-14 63 57 0
-38 16 -35 0
-55 23 28 0
17 37 67 0
37 -54 73 0
-28 -51 46 0
-43 38 -69 0
-42 -10 25 0
4 -3 -29 0
52 -29 5 0
-29 -1 43 0
30 32 -56 0
-27 25 -24 0
17 20 -52 0
-51 12 -48 0
29 76 49 0
-25 70 -9 0
52 -3 -27 0
1 69 -53 0
13 -9 -68 0
74 25 -32 0
-42 -5 51 0
-48 -70 -36 0
-44 16 8 0
62 54 -11 0
-44 -49 65 0
-33 4 16 0
22 73 -20 0
-33 58 71 0
-39 -51 -4 0
-56 42 37 0
-4 -72 42 0
37 -58 -54 0
61 54 -40 0
-61 -70 1 0
-14 23 19 0
-39 38 -10 0
57 25 -56 0
-6 52 -12 0
-34 -15 -66 0
60 54 -25 0
-42 -34 49 0
-14 -21 -4 0
-5 14 -75 0
-49 -36 -12 0
-18 -4 -36 0
74 -27 3 0
10 -22 -55 0
71 -32 62 0
-75 -39 35 0
44 32 -62 0
45 20 -50 0
-17 -15 42 0
-32 18 67 0
-34 4 -46 0
17 -6 -14 0
-17 -25 71 0
-6 54 -70 0
27 71 47 0
17 47 70 0
71 74 -33 0
32 -40 50 0
