p 56 238
-55 -8 -40 0
55 -54 -51 0
-12 -13 -39 0
-40 20 12 0
-55 -46 -53 0
-19 -30 9 0
-46 26 -47 0
46 40 12 0
14 -45 -40 0
-18 -14 -9 0
37 55 -8 0
-33 10 51 0
-5 48 32 0
56 -19 9 0
27 -14 -52 0
27 14 -54 0
39 -48 -32 0
-10 32 -42 0
39 33 -17 0
45 29 -28 0
-11 36 23 0
-22 -23 18 0
1 -35 4 0
-54 -6 -37 0
6 -15 -39 0
-3 10 22 0
-14 44 17 0
-12 17 56 0
-43 8 25 0
9 25 33 0
35 -37 31 0
8 41 13 0
-30 -46 -25 0
4 20 8 0
16 -37 3 0
-25 23 19 0
19 42 -51 0
20 26 34 0
-33 -50 -14 0
11 -49 -26 0
43 -33 -19 0
47 -24 -30 0
-31 -12 -16 0
-1 6 -3 0
12 -33 4 0
-26 56 24 0
54 10 45 0
22 -23 -42 0
23 -39 45 0
48 -53 19 0
13 -32 -36 0
-19 49 -3 0
8 4 -31 0
-29 -40 -52 0
37 -3 -12 0
-21 -2 -27 0
13 46 -27 0
-55 -37 -26 0
-17 -40 47 0
32 27 -53 0
-34 22 15 0
-21 13 23 0
36 -55 -14 0
-3 36 41 0
55 -13 -42 0
17 32 37 0
-46 19 -53 0
38 35 -28 0
37 -44 -24 0
17 32 31 0
-18 5 -42 0
14 -6 -22 0
-24 -34 42 0
52 -33 19 0
-29 -9 40 0
-7 -53 52 0
-48 -23 -18 0
-26 32 2 0
-30 -3 -20 0
18 55 11 0
31 -4 -44 0
39 47 -25 0
-23 37 -8 0
-15 -28 55 0
-25 -44 29 0
23 -39 36 0
15 -18 -45 0
-7 20 -36 0
12 -11 -32 0
-4 -45 -28 0
-22 11 -7 0
8 38 -37 0
-8 37 -35 0
22 49 -8 0
-40 41 -54 0
24 -33 -14 0
-51 3 56 0
-25 -11 -44 0
-43 -38 3 0
-16 37 -32 0
-46 26 -29 0
7 -6 -24 0
-20 -32 -3 0
-32 4 15 0
-4 -9 44 0
-12 -27 -9 0
-36 30 50 0
-19 33 15 0
35 24 -18 0
11 54 -41 0
44 18 -49 0
13 -17 -23 0
-44 30 13 0
8 -15 -49 0
27 -12 13 0
-23 2 -18 0
-42 48 -30 0
-30 45 -34 0
-50 46 25 0
-33 -14 -54 0
3 -7 -11 0
50 45 -39 0
-8 30 -1 0
-8 53 -35 0
4 15 30 0
31 2 22 0
14 -55 -32 0
29 15 36 0
21 -9 51 0
14 -34 -22 0
28 44 -11 0
44 14 7 0
-31 -1 32 0
-15 52 38 0
-55 -32 -38 0
56 32 -7 0
52 -25 28 0
30 20 53 0
-32 38 -24 0
-56 44 24 0
10 -3 -15 0
-30 8 33 0
-41 -40 -17 0
-34 41 54 0
50 -24 33 0
23 49 -55 0
-53 55 17 0
-31 49 7 0
31 53 -28 0
-3 -27 55 0
-10 -33 -3 0
10 41 44 0
42 -28 35 0
50 -15 -47 0
41 55 11 0
55 52 37 0
-53 30 -52 0
-37 24 -19 0
-43 -5 11 0
-3 42 19 0
48 20 -22 0
-31 -29 -52 0
-4 8 14 0
-17 -13 -52 0
2 23 43 0
-29 -22 54 0
23 -25 -53 0
28 -12 -2 0
-50 3 51 0
-31 -33 10 0
-39 -37 15 0
-3 47 20 0
-33 -19 9 0
-47 43 20 0
25 56 -53 0
51 -37 18 0
1 33 -56 0
-5 -52 23 0
38 43 37 0
-1 -52 -36 0
-5 -40 -2 0
-10 48 37 0
49 10 38 0
5 -36 15 0
42 28 38 0
34 54 37 0
20 -45 3 0
-52 -39 -17 0
-28 -2 -26 0
-8 32 -2 0
-40 -19 16 0
8 -37 -22 0
53 45 -6 0
-40 43 -31 0
47 -52 46 0
-5 -40 -51 0
41 47 33 0
23 26 5 0
-45 21 49 0
21 56 -26 0
50 16 -12 0
-17 -54 -23 0
-45 -52 32 0
54 17 27 0
-16 -7 36 0
44 -6 50 0
11 22 -52 0
-31 -29 5 0
15 -56 -49 0
-37 17 -22 0
54 -4 -27 0
-55 19 17 0
-55 39 35 0
53 7 33 0
41 -46 -1 0
12 -38 -1 0
-20 -55 30 0
30 38 -34 0
-54 53 -12 0
-26 42 -36 0
14 -30 16 0
-23 -19 18 0
47 37 55 0
19 51 49 0
14 55 54 0
-20 -55 -23 0
-20 21 -29 0
-49 8 -40 0
-28 -54 47 0
55 -50 -53 0
-6 -56 -1 0
-44 23 -54 0
-38 -44 28 0
39 -49 29 0
25 -48 56 0
26 -45 -1 0
46 -29 -49 0
35 -42 33 0
