p 95 404
-53 36 88 0
-49 -95 -77 0
87 -82 -68 0
95 -11 -24 0
-63 91 -36 0
30 -23 19 0
-38 43 95 0
43 81 72 0
-54 12 -85 0
88 -84 -72 0
73 89 -33 0
63 -23 82 0
94 66 -58 0
3 -40 -21 0
17 9 24 0
-72 48 -21 0
58 68 23 0
-49 -25 -16 0
16 -1 25 0
47 31 86 0
-59 68 -93 0
-95 38 80 0
-51 35 -6 0
52 -42 -13 0
57 55 15 0
68 95 -33 0
-43 24 -95 0
36 91 -81 0
-63 -38 36 0
-70 69 -60 0
52 38 53 0
76 -66 -4 0
57 -10 -63 0
-32 73 -87 0
5 49 -23 0
93 -43 -73 0
32 -30 -89 0
74 95 83 0
-36 43 88 0
-85 -86 87 0
93 68 -29 0
77 24 95 0
-29 77 81 0
-82 40 -13 0
-70 25 -69 0
72 -95 10 0
63 87 55 0
46 -45 -64 0
40 5 11 0
-80 2 15 0
2 -90 42 0
50 45 53 0
-3 -81 -65 0
61 79 27 0
-74 -43 -47 0
-93 62 59 0
46 -28 -64 0
-59 -38 21 0
-90 -53 91 0
-72 47 48 0
-15 -49 -31 0
-90 57 54 0
-27 -4 -33 0
22 94 -65 0
-69 16 34 0
89 38 72 0
20 -27 -53 0
73 51 30 0
-28 45 -7 0
40 51 -70 0
-83 8 -68 0
-16 86 37 0
-21 37 63 0
18 83 -64 0
39 47 -17 0
-16 -52 -88 0
-22 -17 39 0
18 -92 35 0
-16 15 91 0
-89 -43 -47 0
-8 -62 -11 0
88 -14 60 0
29 -32 -73 0
-16 69 7 0
-11 91 23 0
-90 62 -42 0
36 65 79 0
-27 64 -92 0
74 -5 -92 0
37 -55 -69 0
-77 43 5 0
35 87 61 0
-10 -28 85 0
-95 81 68 0
87 69 -80 0
-47 -95 -13 0
44 22 42 0
88 -81 47 0
-21 -91 -76 0
-41 12 62 0
-71 39 -87 0
-3 -32 -51 0
-81 -2 -23 0
62 78 77 0
42 30 -24 0
38 -71 91 0
-11 86 -33 0
84 -51 6 0
41 -46 -18 0
-2 37 -43 0
90 8 69 0
-66 43 92 0
25 -85 -48 0
-70 -10 27 0
70 15 -27 0
86 79 -69 0
66 51 55 0
37 67 44 0
-86 50 60 0
63 -78 -41 0
20 -34 -7 0
35 93 -53 0
84 14 32 0
-30 -22 -3 0
-50 -84 53 0
66 93 -53 0
-42 6 17 0
-76 21 -44 0
80 9 -15 0
90 -9 -6 0
81 11 32 0
14 -5 -53 0
-93 81 64 0
75 -94 79 0
-61 -24 -66 0
89 58 76 0
30 -20 -88 0
-3 26 84 0
43 17 41 0
-95 4 -2 0
4 37 -48 0
6 -75 74 0
-62 10 -5 0
-86 85 -2 0
11 -36 -7 0
44 13 -10 0
-69 72 18 0
36 72 -67 0
43 74 -27 0
-72 35 -84 0
35 -92 -79 0
79 -8 -32 0
-38 1 -65 0
43 18 -74 0
16 89 -9 0
-30 -16 59 0
49 22 -64 0
19 95 69 0
69 46 29 0
22 53 36 0
75 65 -43 0
9 11 55 0
73 32 89 0
-17 37 89 0
23 56 49 0
-85 -69 -52 0
48 -11 -75 0
14 64 93 0
-52 42 18 0
-46 -13 -12 0
-94 -3 -2 0
-40 26 32 0
-37 -54 84 0
85 -5 36 0
20 40 73 0
-69 47 22 0
-89 -26 -57 0
64 -50 -77 0
-73 -67 -80 0
33 -27 74 0
23 81 15 0
-78 36 -83 0
-68 88 -15 0
-46 55 -65 0
-74 42 -84 0
59 5 91 0
58 -87 44 0
43 -22 -87 0
79 -36 16 0
-45 54 72 0
-11 -33 -47 0
60 38 6 0
-57 -68 -45 0
-36 31 70 0
-22 -57 -2 0
-60 -71 -61 0
3 54 26 0
3 78 28 0
-38 -27 67 0
-27 -62 44 0
20 50 -88 0
1 -9 89 0
26 -13 89 0
-47 -61 34 0
83 -4 -72 0
86 -20 -61 0
-33 52 -3 0
47 -29 64 0
1 -54 60 0
76 15 28 0
-23 -73 57 0
-89 75 3 0
34 90 49 0
90 -57 -19 0
49 -87 70 0
82 29 -65 0
-74 -35 8 0
16 70 12 0
85 15 -58 0
-64 89 -23 0
25 79 76 0
-81 -44 -68 0
75 6 17 0
-69 -5 49 0
71 23 64 0
-6 -57 -87 0
-77 61 -79 0
66 6 -16 0
1 -40 79 0
-63 46 9 0
64 -95 61 0
18 59 74 0
67 -61 -23 0
-57 -33 77 0
59 -20 29 0
-19 -92 15 0
-83 -35 -56 0
57 -44 -24 0
11 30 -19 0
-7 -68 31 0
10 16 33 0
-82 -86 -61 0
38 -31 62 0
-56 49 -37 0
-6 15 -16 0
-14 -87 -92 0
-2 -21 -17 0
21 -70 -57 0
-8 67 -76 0
-60 35 85 0
-15 -39 -40 0
58 -94 21 0
-69 -37 -43 0
56 81 -34 0
30 63 9 0
-58 36 11 0
14 -28 -57 0
-78 -33 -85 0
-53 1 -50 0
46 24 64 0
-23 -10 81 0
39 44 -83 0
86 41 -46 0
62 29 52 0
-92 -12 -2 0
-79 -72 -44 0
37 -42 -83 0
75 -20 -55 0
-74 -36 47 0
72 -49 82 0
7 69 77 0
-55 -24 52 0
-61 -82 32 0
-95 68 -80 0
-21 51 -37 0
92 1 42 0
-82 78 -35 0
-70 91 -23 0
67 -86 36 0
48 36 27 0
-21 43 42 0
-21 -72 15 0
57 45 -43 0
83 84 68 0
-48 -32 46 0
9 -53 27 0
-82 -39 3 0
39 -38 -32 0
-61 -28 17 0
2 -92 -51 0
-67 29 -35 0
15 37 -78 0
-3 -46 20 0
-59 -22 -37 0
-61 -25 -77 0
34 5 -42 0
-36 37 85 0
70 -15 -18 0
66 86 -67 0
-44 -34 15 0
83 23 77 0
2 36 56 0
92 62 -68 0
-58 15 27 0
26 -93 -87 0
-86 -81 84 0
19 32 76 0
-19 -37 72 0
-45 14 -27 0
63 31 -52 0
-38 -45 69 0
-5 -29 -11 0
30 65 22 0
43 -1 6 0
10 40 43 0
-64 66 -16 0
-21 -28 42 0
-47 72 11 0
-34 13 -44 0
-80 -53 78 0
-35 -41 20 0
79 -56 -77 0
-73 80 -33 0
52 -35 -70 0
88 -53 -90 0
-41 -64 14 0
52 -67 93 0
-29 9 19 0
34 -95 -50 0
45 38 4 0
53 9 -84 0
34 22 8 0
-35 -15 69 0
-52 -21 -49 0
21 -91 80 0
4 53 -31 0
54 -66 -13 0
-3 93 -6 0
7 30 31 0
-50 -48 -86 0
-50 38 75 0
-36 28 60 0
-69 -6 85 0
-78 80 -6 0
-42 -15 32 0
85 53 69 0
-94 -39 69 0
-45 78 -54 0
56 91 18 0
-92 26 -32 0
73 10 70 0
-84 -71 87 0
-67 -49 -7 0
-45 83 68 0
37 29 12 0
83 62 64 0
12 -55 -80 0
17 -28 31 0
-10 81 -56 0
-15 87 34 0
-64 5 69 0
-7 61 -3 0
13 -64 57 0
92 -55 -79 0
-51 10 -54 0
13 4 -19 0
-29 86 14 0
7 -47 -89 0
26 19 60 0
-16 44 -24 0
29 42 -72 0
74 -45 33 0
-44 43 -28 0
25 20 10 0
78 93 61 0
-80 36 83 0
-94 -15 23 0
28 -80 42 0
-9 60 31 0
-73 -46 21 0
-78 -51 -72 0
-39 67 12 0
-69 -37 -89 0
-22 -74 -26 0
1 -29 69 0
-32 57 13 0
80 -33 -24 0
-94 -84 -26 0
-20 24 71 0
34 -95 74 0
34 30 -5 0
81 -46 36 0
18 23 31 0
-69 9 45 0
30 -13 -57 0
-29 44 31 0
13 32 40 0
-39 -68 54 0
50 -61 53 0
42 -64 -27 0
16 59 -2 0
-29 47 41 0
-89 12 13 0
59 -94 -1 0
