p 75 319
-6 53 -45 0
5 36 -57 0
-1 -64 73 0
60 27 -24 0
-61 -30 18 0
72 52 22 0
60 59 -11 0
-62 -56 73 0
-59 -43 53 0
53 28 69 0
63 17 -29 0
23 -28 -20 0
-68 -30 27 0
-66 42 3 0
48 -49 52 0
50 -17 3 0
16 -61 52 0
25 39 -37 0
26 -3 -64 0
21 6 -1 0
35 55 4 0
-29 36 -75 0
-61 -62 26 0
56 54 43 0
-55 24 5 0
15 53 32 0
-52 -41 48 0
-52 -31 -63 0
30 -66 -59 0
-68 41 -15 0
-67 14 75 0
-38 -10 44 0
-53 -75 30 0
-29 -37 -22 0
-3 61 73 0
-22 -39 -32 0
-67 -70 38 0
9 56 -71 0
5 41 47 0
26 -19 -37 0
-41 61 -55 0
-54 -6 -32 0
-68 50 -11 0
-55 71 -63 0
41 32 -53 0
-53 -25 -39 0
-35 23 21 0
-52 -13 -69 0
-75 55 46 0
-74 -54 -17 0
59 -35 -68 0
24 -41 3 0
-59 -69 37 0
18 -66 36 0
-47 63 71 0
-65 61 -51 0
41 -73 6 0
66 -15 26 0
-58 -28 71 0
27 61 -11 0
-9 -60 68 0
-52 -28 29 0
57 42 -49 0
-16 -50 4 0
-45 59 -31 0
15 -5 2 0
75 -1 25 0
6 16 48 0
-39 57 -65 0
-67 5 -41 0
-45 -35 -18 0
2 18 -30 0
-67 74 63 0
-55 -29 -32 0
-2 61 -73 0
-40 16 25 0
45 -22 -52 0
-11 -28 -57 0
23 -70 22 0
69 -61 5 0
20 -53 40 0
-4 -13 -36 0
16 54 36 0
-64 46 42 0
45 -56 -18 0
-70 51 -39 0
59 -62 53 0
63 53 -46 0
70 26 22 0
46 -11 -74 0
-16 -2 39 0
-49 -32 39 0
50 -49 -46 0
-36 -61 55 0
-30 23 -59 0
34 6 -33 0
-72 -75 -61 0
9 62 -15 0
-47 -68 73 0
24 18 -13 0
-19 60 21 0
34 40 13 0
-25 -73 -2 0
10 2 -69 0
-75 4 20 0
20 -52 -63 0
47 -41 -56 0
3 18 37 0
-17 -53 -51 0
-20 1 -54 0
60 -55 49 0
-43 62 -3 0
-42 -66 -72 0
-12 -27 74 0
-12 52 66 0
-56 75 -21 0
-47 -56 -35 0
-22 -41 35 0
-35 -45 -55 0
-9 -59 -5 0
19 -16 -1 0
-54 53 -11 0
-2 15 8 0
26 -43 63 0
-60 9 65 0
58 -36 8 0
15 6 18 0
43 41 -58 0
-2 -7 -74 0
73 14 -40 0
43 34 -46 0
63 19 -45 0
35 -65 -57 0
62 49 22 0
69 28 -29 0
54 -43 34 0
-52 -24 50 0
-9 -1 24 0
57 -73 29 0
40 28 71 0
42 -67 71 0
-47 -7 -35 0
24 32 36 0
-14 -48 -25 0
53 -2 -30 0
-8 29 -35 0
58 -22 -45 0
-52 66 -60 0
-52 15 10 0
-10 25 -66 0
-44 22 -49 0
-60 73 -31 0
-7 67 40 0
65 37 74 0
-38 -37 -41 0
-63 48 10 0
75 66 -2 0
31 -50 -51 0
18 -60 -45 0
-14 -19 61 0
-1 -33 -72 0
-55 18 -15 0
15 -38 -55 0
-22 12 -39 0
-20 -25 60 0
-63 -40 -68 0
65 18 38 0
-25 71 73 0
-19 -16 33 0
-69 -19 9 0
-71 51 4 0
-71 15 55 0
29 -11 32 0
-48 -39 -44 0
-64 6 11 0
-1 35 -40 0
-12 -42 16 0
7 -28 -22 0
-70 53 -12 0
54 14 -65 0
-28 73 -38 0
19 -18 -28 0
59 -26 -39 0
-23 -55 39 0
60 20 65 0
61 -19 9 0
-73 71 -34 0
-75 10 -60 0
-49 50 -26 0
-46 -72 74 0
-18 -31 -75 0
-3 -38 4 0
64 11 74 0
-65 -27 60 0
71 16 60 0
-54 -2 55 0
-54 -17 -43 0
-18 -60 41 0
-2 -25 -13 0
-23 52 -5 0
62 36 52 0
19 26 66 0
14 65 -13 0
47 -1 72 0
57 -60 -72 0
-8 25 -61 0
-51 -4 -48 0
47 71 -66 0
14 -71 28 0
-39 -52 50 0
3 -71 1 0
22 -19 -24 0
32 -39 -58 0
58 -36 -59 0
3 25 -14 0
-16 17 41 0
4 3 -30 0
-63 36 49 0
-40 72 20 0
-28 33 -69 0
64 -75 -62 0
32 5 -29 0
-57 16 20 0
-17 -20 56 0
72 -9 -57 0
25 24 -29 0
60 2 -43 0
8 35 33 0
-3 45 51 0
29 54 -57 0
40 11 -1 0
-74 10 -55 0
37 45 -27 0
9 4 11 0
-27 13 25 0
-37 38 -60 0
-59 -64 66 0
-25 -1 -23 0
-48 32 4 0
-52 48 -50 0
-36 -16 -64 0
-18 -21 -53 0
21 -33 59 0
-55 -26 -53 0
32 3 30 0
15 20 32 0
-41 -46 -4 0
47 6 61 0
-45 -37 -8 0
-67 52 65 0
17 -37 18 0
71 3 53 0
43 -59 36 0
31 45 26 0
10 -16 -14 0
65 -48 -7 0
7 60 6 0
3 -47 57 0
75 -71 67 0
17 -63 -40 0
-46 -10 -31 0
-15 20 74 0
-58 72 33 0
72 -2 -37 0
68 72 39 0
58 25 -53 0
-66 -43 15 0
39 7 71 0
74 5 -2 0
42 30 -41 0
-33 -63 42 0
21 -3 22 0
51 -60 -27 0
-74 58 53 0
-37 -30 -66 0
15 -40 25 0
-60 71 6 0
12 -31 34 0
56 -42 57 0
-37 43 -20 0
-69 -39 -54 0
47 14 -72 0
55 -22 30 0
-60 48 -1 0
22 -63 -44 0
-75 -17 -33 0
-24 -10 26 0
-64 32 -56 0
-26 3 19 0
-19 41 -16 0
33 2 8 0
48 -31 -7 0
17 -21 3 0
-57 31 22 0
-31 21 -48 0
-73 23 -21 0
66 69 26 0
-24 75 -37 0
-69 -65 -18 0
2 5 66 0
16 18 32 0
-59 11 -29 0
-33 -62 -2 0
8 -68 -16 0
43 -7 -18 0
55 -11 4 0
-57 4 -75 0
-27 -40 42 0
-56 55 -41 0
14 32 -40 0
63 -5 50 0
70 -66 -73 0
-40 -47 45 0
-53 48 -39 0
-35 -17 -47 0
52 -11 -62 0
-67 -25 66 0
30 38 51 0
-53 -15 -6 0
