p 62 264
-21 -52 -61 0
-25 -45 -23 0
7 46 -31 0
33 -15 57 0
-62 27 53 0
33 -37 -44 0
-16 -2 51 0
-38 -60 41 0
-26 -34 -31 0
-61 -27 24 0
-26 7 -45 0
-57 55 -33 0
-37 10 36 0
37 36 -23 0
32 46 15 0
-51 -59 17 0
31 19 3 0
24 -3 31 0
37 9 -33 0
45 39 21 0
7 -49 31 0
-39 29 34 0
-38 -19 -34 0
30 14 -62 0
24 14 -52 0
-12 -30 -36 0
-56 9 -11 0
34 -8 -55 0
26 -48 -15 0
48 -14 58 0
28 44 17 0
62 -13 -38 0
-33 -12 11 0
9 -50 34 0
62 4 -34 0
-50 -59 25 0
-53 51 -1 0
-37 51 2 0
-20 27 -48 0
18 -3 19 0
1 -33 35 0
-3 -1 17 0
54 -45 -28 0
-39 51 36 0
-56 -14 26 0
-38 23 60 0
22 -61 -28 0
3 -40 17 0
-40 62 59 0
-42 58 -54 0
-12 34 17 0
1 30 -20 0
-43 13 17 0
-44 43 -31 0
-31 56 26 0
54 28 -50 0
-41 -30 45 0
-17 -26 33 0
58 -36 14 0
-1 -57 44 0
-21 -61 -5 0
50 17 15 0
-18 32 14 0
-9 54 -31 0
20 -37 -46 0
-50 -16 12 0
8 -35 -41 0
20 -32 24 0
-32 38 35 0
24 15 -37 0
-59 32 -3 0
-11 -45 -28 0
-35 33 -59 0
37 -22 48 0
61 28 -62 0
34 17 39 0
-4 -35 -18 0
29 -39 -31 0
-39 60 62 0
-19 -35 32 0
31 23 28 0
21 52 -44 0
-23 26 34 0
57 -20 -36 0
-49 -45 31 0
-24 -39 51 0
-60 -15 3 0
-16 -33 -58 0
54 -35 -43 0
-24 -16 -5 0
-37 -43 -53 0
60 -51 -54 0
23 9 37 0
-3 -61 4 0
-30 -55 50 0
-45 50 -34 0
-46 20 53 0
14 51 -38 0
-62 35 24 0
62 22 41 0
-31 -20 -18 0
30 -49 -40 0
38 -17 -59 0
-51 -9 15 0
11 -9 2 0
-8 45 50 0
3 32 -24 0
-37 56 55 0
-59 -55 32 0
17 -35 59 0
50 -11 -39 0
-14 -8 -3 0
-17 31 -48 0
25 23 -28 0
45 40 -2 0
-58 -29 22 0
-51 -30 -41 0
6 -28 -29 0
-38 7 -6 0
2 -8 41 0
38 -14 40 0
-37 -21 7 0
29 18 -61 0
-60 -54 -43 0
-17 -53 -7 0
36 -4 25 0
28 10 -60 0
33 41 22 0
-10 37 62 0
28 -41 -47 0
51 -6 -17 0
-10 58 -32 0
-47 -46 -10 0
3 -1 60 0
58 -21 -1 0
-47 27 -35 0
-29 -60 12 0
-23 -50 36 0
35 -28 9 0
-24 -47 29 0
36 -38 11 0
62 -19 9 0
-42 23 -15 0
-6 -62 15 0
3 -46 -51 0
6 -56 61 0
34 -42 -45 0
-39 -49 54 0
-9 -60 -39 0
23 -19 62 0
-23 54 -26 0
42 -36 -56 0
-4 -41 56 0
46 -59 14 0
15 23 -16 0
-59 17 -26 0
61 55 25 0
-41 -39 -36 0
25 1 -29 0
-38 -61 -29 0
23 8 2 0
38 -32 1 0
16 -25 -61 0
21 -6 26 0
52 17 -32 0
54 -26 52 0
11 30 -7 0
58 -22 14 0
16 -42 1 0
-57 -23 12 0
54 -28 38 0
-9 56 24 0
-22 -59 -9 0
-7 -52 25 0
20 44 -39 0
-62 -11 59 0
-23 7 -47 0
26 53 59 0
5 -61 6 0
-11 5 55 0
-35 9 12 0
7 56 8 0
21 -18 8 0
-32 9 43 0
36 2 20 0
-21 18 -35 0
37 52 23 0
-51 61 30 0
-23 -46 -51 0
-51 59 -8 0
-1 -59 -45 0
-35 -37 -22 0
-59 61 -9 0
-46 -51 -41 0
39 53 14 0
-62 -1 -56 0
41 -56 -53 0
-33 38 23 0
-5 -11 -40 0
-3 51 25 0
4 -37 -55 0
8 -25 45 0
27 -41 18 0
28 24 -34 0
-23 -17 -9 0
-7 8 49 0
24 -62 58 0
-2 5 -22 0
60 34 -43 0
61 51 41 0
-25 -56 -32 0
12 -25 5 0
-46 -18 -16 0
56 -50 42 0
7 40 -54 0
-62 -32 -54 0
-48 -36 -24 0
35 60 -25 0
40 18 -33 0
45 -6 -46 0
31 34 2 0
-23 6 55 0
-35 -15 -48 0
3 31 40 0
-42 -18 -21 0
14 17 35 0
13 -10 -27 0
-22 -14 -39 0
23 43 39 0
-31 19 -22 0
17 -22 -54 0
-9 -43 -34 0
44 33 25 0
18 -28 -11 0
24 -12 -6 0
14 36 -2 0
-50 -13 16 0
2 -4 -42 0
31 55 38 0
19 59 41 0
9 -2 -55 0
-61 39 -11 0
60 4 7 0
-44 -24 49 0
-22 31 46 0
56 31 18 0
-14 2 61 0
-33 -24 6 0
-47 -16 36 0
28 -45 44 0
-26 -61 -50 0
36 13 46 0
-58 57 -21 0
-43 -57 48 0
-36 -10 -33 0
11 -25 54 0
27 -43 19 0
-6 55 -13 0
15 17 13 0
-5 32 -37 0
-3 39 -19 0
53 36 -3 0
4 46 55 0
-58 -18 26 0
