p 62 264
25 60 -42 0
-54 20 56 0
-18 50 56 0
29 -42 -23 0
-52 -4 -13 0
-21 -25 29 0
-35 52 -31 0
-36 -34 45 0
-37 49 45 0
-26 -13 31 0
-51 -42 -59 0
40 -7 -36 0
24 9 20 0
-59 -27 14 0
23 -60 -11 0
44 -35 -39 0
-40 -15 24 0
-47 14 -9 0
-36 -15 -41 0
-28 -12 44 0
15 62 -32 0
-62 40 -22 0
52 41 -22 0
-3 39 -19 0
34 -52 9 0
-57 -13 -39 0
-39 -54 -49 0
-21 -45 14 0
-18 51 -45 0
-59 46 -32 0
-15 16 23 0
-59 53 -16 0
52 -51 6 0
-10 51 -53 0
-39 45 -36 0
-40 9 -3 0
-38 -44 20 0
58 32 -7 0
62 -46 31 0
33 -6 25 0
27 -35 29 0
-37 -40 -7 0
40 -17 -9 0
10 -5 47 0
13 39 46 0
-8 -55 13 0
-25 4 -5 0
-37 -46 -34 0
-45 53 -4 0
62 3 54 0
-28 -56 -51 0
-50 -36 -51 0
-50 -12 6 0
56 -38 4 0
-21 17 34 0
55 -62 43 0
-44 31 51 0
-35 -60 59 0
48 -8 27 0
-54 -15 6 0
56 41 -10 0
23 54 -41 0
-5 -27 -26 0
42 -37 33 0
-55 -29 -54 0
19 -50 16 0
-10 40 -26 0
-27 -29 -11 0
44 -53 55 0
25 54 -21 0
44 -11 7 0
-37 -20 -40 0
10 17 -59 0
37 23 -52 0
-16 59 41 0
16 41 -59 0
40 -51 55 0
-44 46 -30 0
39 18 -4 0
46 -27 11 0
3 -59 13 0
-55 -2 -53 0
-16 35 -34 0
-15 60 36 0
-3 -26 -16 0
-62 -40 -8 0
20 59 6 0
-31 -13 -17 0
42 35 9 0
-19 -53 -24 0
-22 -46 -28 0
43 37 -50 0
53 21 -37 0
-31 -5 -27 0
35 -36 -23 0
26 1 49 0
-21 29 4 0
-14 58 -46 0
-15 -5 -33 0
-24 54 -47 0
-39 -32 -8 0
39 -9 -34 0
18 51 -9 0
-48 -49 10 0
-31 -51 -23 0
-8 27 28 0
-10 -25 29 0
-51 55 27 0
5 -50 -35 0
10 18 38 0
55 4 -28 0
-1 -54 40 0
-6 -21 -42 0
15 -1 55 0
5 1 -47 0
-2 -53 59 0
7 41 30 0
-28 -15 -33 0
-35 -39 6 0
10 24 46 0
20 42 25 0
47 1 -27 0
25 38 -29 0
-44 -58 43 0
7 43 -39 0
-61 -21 48 0
37 10 60 0
28 -2 -40 0
-19 21 26 0
-34 29 27 0
37 26 30 0
-23 -18 -40 0
-6 58 2 0
-40 -10 -3 0
30 18 -35 0
12 23 -49 0
-42 54 26 0
47 -54 -58 0
-13 -33 34 0
30 61 43 0
32 26 -20 0
37 56 33 0
-17 -53 -37 0
-40 -1 -8 0
-14 18 -9 0
-49 -21 30 0
-43 -34 -41 0
-38 36 -35 0
-52 44 13 0
5 -19 -30 0
61 -41 57 0
-32 -35 -19 0
35 9 17 0
-10 13 -56 0
-27 -38 -11 0
-19 4 -15 0
47 15 17 0
-9 -14 -49 0
-30 21 10 0
-9 53 -4 0
-38 37 2 0
12 -57 -8 0
10 7 21 0
-1 -5 -38 0
34 3 25 0
-40 2 39 0
-1 12 46 0
-53 42 -23 0
-17 51 43 0
12 41 -15 0
8 -5 -6 0
37 -29 25 0
13 -3 -9 0
-9 61 59 0
-1 25 -29 0
-46 -57 4 0
4 12 -41 0
11 23 53 0
10 -18 25 0
-25 -35 1 0
-49 -60 -55 0
-4 30 -58 0
42 -22 -47 0
-61 16 11 0
-58 -44 46 0
-18 -38 -52 0
-58 -18 23 0
22 -32 59 0
58 7 60 0
34 -55 -4 0
34 -36 20 0
51 2 27 0
2 44 -41 0
-49 53 -7 0
-42 62 46 0
-55 36 61 0
-8 -11 -40 0
1 21 -47 0
-40 -52 -2 0
58 -26 -19 0
40 18 -11 0
-60 -50 62 0
45 53 34 0
24 -23 -5 0
-9 43 37 0
5 33 -44 0
25 -26 62 0
39 59 -42 0
-4 -62 47 0
42 -47 -24 0
12 4 6 0
-18 25 24 0
59 18 -40 0
40 -18 60 0
-57 -50 43 0
37 -14 -19 0
60 -14 58 0
-29 9 -42 0
26 -23 -15 0
-59 -48 37 0
37 -54 2 0
51 13 45 0
-46 -49 -30 0
43 3 32 0
44 55 45 0
-20 -38 8 0
48 6 51 0
26 2 23 0
-14 52 60 0
-59 -37 -46 0
-60 6 -24 0
-36 57 14 0
-44 -15 -31 0
33 -62 -23 0
61 20 -22 0
-21 22 25 0
35 7 -10 0
-57 -11 -17 0
-62 30 59 0
19 -35 -62 0
19 -43 44 0
40 20 -45 0
2 17 61 0
41 -3 57 0
44 25 45 0
-5 4 44 0
-27 62 -5 0
-2 4 -25 0
41 28 -17 0
25 -62 -8 0
-31 30 -44 0
60 -14 5 0
-40 -31 24 0
51 -58 9 0
48 34 -40 0
54 45 -48 0
-25 -9 -21 0
36 -29 -38 0
56 -31 43 0
27 -8 37 0
16 43 -30 0
4 56 -43 0
28 -44 -9 0
52 -55 -1 0
