p 66 281
-40 34 -59 0
21 59 -50 0
-26 4 61 0
-29 -48 19 0
-29 45 -32 0
55 9 22 0
31 56 57 0
62 17 -28 0
12 49 31 0
-41 55 -61 0
51 -3 -7 0
11 -45 34 0
-42 -52 -22 0
-1 -51 59 0
-41 17 48 0
58 -12 -1 0
60 -52 -53 0
4 47 24 0
-34 -44 -53 0
-36 -54 60 0
-52 -24 -38 0
-19 25 -38 0
16 -14 8 0
19 -21 20 0
-16 6 59 0
-36 38 45 0
-56 -37 31 0
8 19 54 0
51 64 -65 0
-6 -4 15 0
47 39 40 0
43 -8 -28 0
-38 44 53 0
34 -36 30 0
43 25 -54 0
-53 -52 51 0
-65 -46 -47 0
42 14 38 0
58 59 -12 0
-39 -65 61 0
61 -41 4 0
18 -20 -11 0
54 63 -6 0
58 -47 25 0
-36 -52 -38 0
-24 2 -25 0
52 -64 48 0
-14 -10 -41 0
-46 22 -48 0
7 9 -56 0
36 -49 14 0
-20 40 -34 0
-62 38 -37 0
-30 40 -18 0
42 -28 25 0
41 2 -64 0
17 42 60 0
-25 44 -2 0
3 39 -38 0
17 23 -4 0
-10 27 -45 0
-8 -58 -39 0
-20 -50 -62 0
43 -1 19 0
37 -20 5 0
-12 10 31 0
-61 36 -37 0
-58 10 63 0
-32 26 50 0
12 -39 -27 0
44 52 3 0
-13 -14 -7 0
1 52 -19 0
44 -32 26 0
-49 -21 -4 0
-28 -54 -55 0
-7 51 19 0
30 -2 -11 0
-58 -11 -3 0
2 1 -29 0
33 4 -66 0
21 -2 47 0
-35 6 60 0
9 23 -15 0
19 2 -40 0
61 -22 -13 0
-1 39 10 0
-38 26 12 0
63 27 -16 0
12 -21 13 0
12 26 -9 0
27 53 32 0
64 29 63 0
8 -61 -13 0
-22 27 5 0
-11 36 16 0
-24 31 34 0
-37 -19 -35 0
27 -37 18 0
20 -17 40 0
-17 55 28 0
7 58 27 0
-15 9 53 0
-5 -56 52 0
-66 -33 65 0
25 -9 -35 0
25 59 8 0
36 -55 -22 0
23 -62 -48 0
64 -52 10 0
-12 -30 -10 0
-57 -40 28 0
-51 4 -65 0
26 -42 -41 0
23 -14 64 0
-52 24 -56 0
-28 -42 57 0
61 -46 17 0
-17 51 -7 0
10 -9 50 0
19 -64 -61 0
23 51 14 0
33 -44 17 0
-21 -14 13 0
65 60 22 0
51 -33 28 0
-44 39 -14 0
-39 13 -45 0
-16 28 -60 0
14 -42 -44 0
-47 -48 57 0
-19 17 -20 0
40 30 22 0
52 -46 25 0
25 -44 -31 0
14 42 8 0
-47 -34 -27 0
-33 21 -17 0
-60 34 -16 0
56 41 -63 0
47 -64 -54 0
26 6 -31 0
19 -46 -12 0
-17 12 -13 0
-54 -57 -45 0
-22 -35 47 0
5 2 21 0
-18 20 52 0
39 -59 -22 0
51 45 -26 0
-50 63 8 0
-61 12 13 0
5 -14 -61 0
58 46 50 0
-56 36 44 0
-44 34 -53 0
-14 22 30 0
57 13 11 0
-55 35 -47 0
-7 -45 -49 0
4 -45 15 0
-21 41 17 0
-27 55 -51 0
40 52 -33 0
41 8 61 0
56 -39 54 0
-49 -11 61 0
-20 -21 16 0
-8 59 11 0
-30 40 55 0
40 -8 -42 0
37 -12 56 0
66 22 -16 0
28 -6 -27 0
-3 -48 -29 0
-22 41 15 0
-15 -64 -30 0
-21 49 -20 0
62 -66 -61 0
16 57 3 0
-24 -37 -36 0
-39 -40 -8 0
10 -28 36 0
47 -6 66 0
-12 -11 -34 0
-5 47 -61 0
-29 57 53 0
54 40 9 0
-40 -5 11 0
-23 -51 -32 0
48 -4 -40 0
1 56 47 0
-64 28 23 0
25 -64 -1 0
39 10 -23 0
-48 -33 4 0
6 50 -49 0
-12 -28 -55 0
-15 17 19 0
23 -27 39 0
61 -29 -52 0
-63 44 -65 0
62 57 48 0
40 -37 21 0
-10 -37 16 0
25 37 55 0
16 -22 -27 0
-38 -52 -9 0
14 1 -46 0
-62 19 28 0
-49 61 56 0
-59 -66 -47 0
5 -16 55 0
46 -29 -6 0
-12 64 18 0
-2 9 60 0
-23 49 8 0
-58 19 -51 0
-1 -6 2 0
-4 -57 12 0
-37 -59 14 0
-31 9 -50 0
37 -39 -41 0
61 -54 -35 0
-11 -35 -41 0
-5 57 9 0
36 58 53 0
37 31 20 0
63 24 -23 0
5 -62 -42 0
-66 -50 -31 0
44 14 21 0
65 20 46 0
-34 -32 -31 0
-17 46 37 0
-34 14 38 0
-48 50 35 0
-39 -36 -11 0
18 52 -54 0
-2 43 -37 0
7 -29 18 0
49 -55 -8 0
59 -31 25 0
18 24 44 0
-62 -31 -34 0
20 28 -1 0
53 -6 -26 0
-57 66 -45 0
16 46 -18 0
18 35 -27 0
-10 -1 7 0
-58 -8 47 0
30 46 36 0
-65 -53 51 0
-30 -33 -56 0
-23 33 -11 0
-33 -35 60 0
28 36 -31 0
37 -60 31 0
-28 -6 34 0
25 -15 9 0
-5 -56 62 0
-54 19 -31 0
7 -42 40 0
32 -9 46 0
28 43 29 0
-60 -30 -45 0
1 -52 -10 0
-32 -25 -47 0
4 -20 19 0
34 46 -28 0
-63 59 -16 0
-22 29 -66 0
-25 36 -26 0
35 53 -44 0
47 -36 55 0
50 -62 18 0
-59 -16 42 0
-6 22 59 0
66 -49 51 0
-22 -35 26 0
