p 43 183
-12 31 -35 0
18 8 -42 0
32 -24 10 0
-13 20 -26 0
-26 17 1 0
-11 -1 -31 0
31 -42 -43 0
-24 42 20 0
-41 -30 19 0
3 41 -20 0
30 -11 43 0
35 -20 -36 0
1 -31 19 0
-14 43 -2 0
40 34 -17 0
41 5 25 0
10 -34 21 0
39 -3 -17 0
29 -25 -21 0
-15 12 18 0
-28 -7 14 0
-18 -42 -15 0
-5 -29 23 0
-6 -42 18 0
35 -43 8 0
-5 28 -2 0
27 7 32 0
34 36 -20 0
11 1 40 0
-28 27 -35 0
29 -17 10 0
16 31 26 0
34 11 -24 0
19 8 39 0
5 -37 12 0
3 2 -21 0
-3 39 24 0
-39 4 -38 0
-7 -19 -1 0
36 -34 4 0
-36 42 6 0
-35 19 -8 0
-10 -32 24 0
-16 -40 -37 0
-9 36 -23 0
-26 14 31 0
2 -34 -25 0
-42 28 4 0
-18 -5 -8 0
-15 -24 9 0
-13 -2 -5 0
-36 -41 39 0
4 -27 -36 0
-22 -16 4 0
-34 5 30 0
36 -42 5 0
21 35 40 0
-33 -43 -39 0
7 30 42 0
35 26 -18 0
-31 22 39 0
-19 8 -35 0
25 43 4 0
22 -38 -37 0
38 -24 25 0
-9 16 26 0
-41 -21 -35 0
34 43 5 0
-28 12 39 0
-34 19 22 0
22 35 -2 0
-39 -37 16 0
-10 -34 -35 0
33 -31 -6 0
20 6 -12 0
41 19 1 0
9 22 -32 0
-32 -2 30 0
43 23 17 0
-41 35 -29 0
29 20 38 0
1 6 -11 0
29 25 4 0
-14 36 -30 0
4 19 8 0
40 -36 28 0
-12 36 23 0
-19 25 1 0
43 25 -30 0
-29 17 33 0
29 -30 32 0
12 -37 13 0
31 15 37 0
6 -30 -43 0
-1 17 3 0
-42 15 25 0
6 -1 21 0
27 12 -36 0
-37 -20 -11 0
-5 6 36 0
19 13 -42 0
-27 -33 -13 0
-5 43 -11 0
-7 -18 9 0
7 -3 14 0
37 26 9 0
-12 9 -29 0
31 30 -3 0
1 -38 26 0
-9 -15 -34 0
-11 -42 -34 0
38 -9 41 0
-16 5 -33 0
12 24 -19 0
19 27 -17 0
-15 -3 12 0
20 -23 4 0
-40 17 1 0
25 -17 37 0
-31 4 -23 0
-29 -23 35 0
43 13 -39 0
4 -23 5 0
35 -26 8 0
37 30 -1 0
-15 28 -41 0
12 -14 -21 0
16 31 -23 0
17 -12 43 0
9 -11 38 0
-5 -13 26 0
7 -15 17 0
36 -26 34 0
31 -7 -25 0
9 23 7 0
-28 -37 39 0
41 -6 35 0
-42 41 10 0
-19 28 -33 0
-5 22 9 0
-23 18 -43 0
-27 11 -17 0
38 -32 6 0
24 15 22 0
-2 4 11 0
20 35 39 0
-39 -29 -41 0
-19 20 -43 0
-20 -29 34 0
-24 35 -27 0
-41 -17 27 0
-14 34 -2 0
-31 34 35 0
34 -36 28 0
14 -42 13 0
-19 40 12 0
27 28 40 0
-25 6 -24 0
37 42 12 0
20 4 15 0
8 6 -14 0
-37 -41 -25 0
-39 15 -31 0
-31 22 9 0
27 34 -20 0
2 -12 -13 0
-42 -39 -13 0
-21 11 -38 0
34 -6 -27 0
-40 17 -19 0
34 -2 -5 0
27 5 -31 0
22 2 -26 0
5 39 35 0
-40 -43 -14 0
-39 -37 -15 0
12 40 1 0
-21 24 -7 0
-30 15 -42 0
-30 -7 31 0
-22 15 -11 0
-30 -21 41 0
2 -40 11 0
