p 71 302
53 -49 7 0
11 -49 6 0
-13 14 19 0
-13 -44 25 0
57 -50 -39 0
-18 -27 -15 0
61 30 -55 0
-69 45 34 0
27 35 -18 0
6 -22 42 0
-20 -69 -23 0
41 -3 27 0
9 20 -4 0
3 28 64 0
12 32 -57 0
-10 32 50 0
-51 16 -27 0
39 45 -3 0
15 62 -10 0
-9 17 53 0
-40 -28 -44 0
67 -41 52 0
-1 -20 2 0
-28 27 67 0
-24 6 -44 0
68 62 71 0
-12 -46 -44 0
-56 31 71 0
6 -31 22 0
48 -59 -40 0
-67 -11 -45 0
35 51 -49 0
-63 57 54 0
-3 -46 23 0
-53 -13 15 0
-63 8 -35 0
40 71 7 0
41 -42 31 0
-71 19 10 0
-66 44 3 0
46 68 28 0
51 43 21 0
-44 55 -37 0
20 12 5 0
-47 71 -24 0
-39 51 -49 0
-56 40 -20 0
-29 -26 58 0
-6 -22 39 0
71 -66 -33 0
-13 -27 -40 0
50 -31 15 0
38 16 -37 0
17 6 63 0
-51 -38 21 0
39 31 37 0
2 -17 50 0
8 3 -1 0
-22 6 18 0
31 35 -51 0
53 65 -10 0
-13 -40 -34 0
19 36 69 0
-12 51 46 0
47 -37 54 0
-50 -19 -24 0
-6 -57 41 0
-28 -16 12 0
36 46 6 0
39 -51 52 0
37 29 -42 0
65 -23 7 0
15 22 -32 0
61 25 -15 0
64 -45 22 0
60 -22 -62 0
-36 13 -51 0
-10 -16 -39 0
1 23 -3 0
-37 -35 39 0
-7 44 -70 0
-36 -17 51 0
-3 -16 60 0
32 -2 24 0
69 -33 -22 0
71 11 10 0
-1 -60 2 0
53 -16 -12 0
9 48 13 0
9 -1 -33 0
-19 -56 49 0
-71 51 53 0
-66 -68 -43 0
-6 -45 3 0
-17 -60 36 0
-37 20 19 0
-58 -66 52 0
8 -62 34 0
-15 19 8 0
67 -36 -34 0
-38 -4 44 0
-29 65 -21 0
24 -40 61 0
-9 5 46 0
49 65 -47 0
-30 39 55 0
-33 -10 66 0
28 57 -48 0
-49 -68 64 0
50 -34 -48 0
61 35 12 0
-24 58 10 0
8 -4 21 0
-35 -59 36 0
5 40 -67 0
58 -16 26 0
-61 54 -13 0
-32 -5 -33 0
49 31 -22 0
40 11 5 0
-38 7 70 0
6 68 33 0
-1 36 -41 0
34 57 46 0
-53 55 24 0
-29 41 -20 0
66 50 56 0
15 36 49 0
-37 -17 -30 0
-45 60 -40 0
-57 61 -18 0
29 22 -38 0
33 67 52 0
57 -41 -14 0
-36 62 27 0
-1 46 -50 0
-39 32 -31 0
26 14 34 0
-39 -29 25 0
68 47 32 0
64 -22 -43 0
33 11 -71 0
14 63 11 0
-9 39 -20 0
3 13 17 0
23 -64 -14 0
43 -38 51 0
-2 -44 -31 0
-5 54 -30 0
-9 59 -70 0
59 -15 -9 0
-15 44 -66 0
-40 69 -52 0
-21 -2 -43 0
-45 -56 65 0
-49 62 8 0
-64 -57 -49 0
-70 46 -51 0
-16 34 -68 0
5 37 -49 0
-19 11 -7 0
26 51 -5 0
57 49 -50 0
-7 -39 38 0
49 -3 48 0
-36 -49 40 0
66 30 -28 0
-19 63 -62 0
60 -50 -20 0
6 -49 -31 0
-48 1 31 0
6 5 -40 0
-58 -2 42 0
59 -57 58 0
40 -43 -71 0
12 55 -9 0
-70 27 -28 0
53 71 -63 0
29 55 -8 0
9 -29 -42 0
15 -52 33 0
-39 -5 -40 0
-37 -20 43 0
-2 51 -46 0
25 -56 15 0
-56 36 49 0
-40 -22 15 0
45 -44 1 0
-10 40 32 0
18 71 -60 0
24 -30 47 0
11 -53 27 0
12 -47 -6 0
-10 -70 63 0
69 -16 40 0
-33 63 -54 0
31 52 34 0
-17 -34 -5 0
-53 39 51 0
16 63 4 0
48 -25 37 0
69 44 -70 0
55 39 -1 0
68 10 -6 0
-23 -67 -56 0
-65 -43 -69 0
41 -23 -36 0
26 37 13 0
-24 -68 23 0
-43 57 -46 0
-22 6 -67 0
-55 -26 51 0
55 14 -65 0
62 -21 51 0
11 6 52 0
43 -8 -49 0
44 -45 9 0
-49 27 -4 0
-42 -39 4 0
-52 -14 31 0
-47 -48 -59 0
1 24 37 0
-51 61 -65 0
67 -27 12 0
-10 -66 16 0
62 35 -34 0
-67 -21 -15 0
28 53 -9 0
-63 -69 58 0
24 -31 -61 0
24 -31 16 0
2 33 -10 0
-65 57 46 0
30 65 61 0
-28 -62 -56 0
-55 16 -17 0
17 58 -36 0
50 -25 -53 0
62 -14 31 0
46 29 54 0
28 -46 7 0
15 20 71 0
-39 46 -41 0
53 4 -25 0
-42 65 41 0
-9 -58 43 0
-26 -38 57 0
62 4 -39 0
-53 -30 -63 0
30 67 49 0
17 -5 19 0
-64 -21 30 0
9 -62 16 0
45 37 57 0
28 27 17 0
-6 -17 -26 0
65 36 -29 0
41 21 -29 0
-41 -40 6 0
-35 -54 -66 0
-23 4 51 0
53 26 65 0
-23 -63 -32 0
-48 -55 -57 0
-6 -7 -9 0
-32 -12 27 0
7 20 33 0
66 -8 6 0
68 15 -31 0
45 -31 40 0
-50 -64 -17 0
66 14 -5 0
58 -52 20 0
27 41 53 0
-28 57 56 0
-35 -1 -46 0
65 -57 7 0
-8 59 -47 0
-48 25 7 0
-2 21 17 0
-64 -2 49 0
-27 17 51 0
62 -18 43 0
-17 -1 39 0
-33 17 27 0
-2 -10 -41 0
-55 -31 16 0
-50 -55 36 0
51 63 58 0
-35 -34 12 0
71 -69 -38 0
68 -39 23 0
1 -4 26 0
23 -38 62 0
-35 -19 -64 0
7 -16 36 0
-33 -44 -52 0
4 7 53 0
-12 28 37 0
-30 2 -57 0
45 7 -4 0
-24 42 33 0
