p 31 132
-25 23 4 0
10 26 -3 0
16 -2 -26 0
-31 -4 24 0
23 14 12 0
-7 -20 -24 0
-28 16 -14 0
31 24 14 0
11 3 -17 0
8 -5 -15 0
-25 26 30 0
2 -12 -4 0
-26 8 16 0
-6 31 25 0
31 13 5 0
-31 20 -19 0
-7 28 19 0
-28 20 30 0
-22 6 25 0
4 7 15 0
-15 21 -5 0
-7 14 3 0
23 -21 -19 0
23 21 -9 0
17 -2 29 0
16 20 -5 0
-17 19 -6 0
-28 29 26 0
-13 -22 26 0
26 -8 -9 0
30 1 24 0
-10 24 3 0
-21 -13 5 0
22 -28 26 0
26 27 30 0
28 30 27 0
15 26 7 0
-25 -21 12 0
9 -6 1 0
-27 2 -5 0
21 9 17 0
-12 28 -17 0
-11 -7 30 0
20 -10 -19 0
-1 -8 28 0
-18 31 -24 0
-1 -22 19 0
6 -18 25 0
19 -23 -9 0
-25 -19 11 0
6 29 9 0
-5 1 27 0
18 22 -15 0
12 10 -23 0
-9 -2 -18 0
3 -23 9 0
10 -15 -20 0
24 -13 -2 0
25 23 -3 0
22 18 -21 0
1 -14 16 0
1 17 -7 0
-23 -16 -25 0
16 4 -27 0
-18 20 -4 0
1 24 18 0
-26 9 14 0
24 20 9 0
13 -28 -6 0
13 2 29 0
7 -16 -15 0
11 17 -13 0
-15 -10 17 0
13 12 31 0
19 25 21 0
-23 -1 26 0
15 -13 21 0
10 31 -13 0
-16 13 -6 0
-19 7 3 0
-24 -29 -22 0
-25 -6 12 0
3 9 16 0
6 11 -8 0
-7 -1 29 0
-9 18 -5 0
6 -27 -16 0
4 12 -8 0
-11 5 -27 0
14 -1 17 0
-15 -11 4 0
-10 -3 -26 0
27 -30 -24 0
-20 -22 -27 0
31 -16 8 0
-22 -14 9 0
-16 -23 27 0
28 -16 18 0
24 -6 -15 0
-31 28 -5 0
-28 -6 1 0
5 -6 -13 0
-5 -17 -7 0
1 -5 -4 0
-13 -28 -21 0
14 27 -28 0
-28 -10 -20 0
-17 12 -14 0
24 -26 1 0
28 -24 22 0
16 -28 29 0
-20 -15 3 0
-28 -5 19 0
-7 15 -26 0
-1 4 -12 0
-9 -29 18 0
10 28 15 0
17 -4 -9 0
-8 -26 -10 0
2 27 1 0
-27 29 -19 0
-27 3 22 0
15 10 8 0
-17 -20 -12 0
18 -9 -25 0
16 13 26 0
-19 30 -16 0
22 12 -11 0
22 -16 18 0
2 -20 14 0
-20 -18 9 0
-31 -18 2 0
