p 61 259
58 -25 -61 0
-25 36 56 0
-24 9 -38 0
-37 19 22 0
25 -53 45 0
25 -27 -46 0
36 48 51 0
-9 -43 58 0
56 -16 11 0
44 -28 53 0
-37 -36 21 0
-57 -16 -10 0
-28 6 44 0
26 -6 -55 0
-40 30 -2 0
51 -18 -53 0
37 11 -40 0
9 43 25 0
14 39 42 0
54 -28 -27 0
-11 -48 23 0
29 60 51 0
48 61 -35 0
8 28 44 0
-29 2 45 0
-20 42 -33 0
-45 51 11 0
-27 -56 -25 0
-19 31 40 0
-9 18 -31 0
-37 -43 -44 0
-1 9 2 0
-37 3 -24 0
-49 -29 -48 0
24 -46 -32 0
-2 -43 -42 0
14 59 20 0
13 51 41 0
-10 -59 -43 0
-16 28 -37 0
23 -61 42 0
-57 -38 39 0
17 37 32 0
14 56 15 0
-33 -17 3 0
34 -6 52 0
-6 53 -28 0
3 -40 12 0
19 -21 17 0
61 -36 -55 0
-36 58 -16 0
49 -39 9 0
46 8 43 0
14 -38 22 0
-49 -31 -59 0
-51 22 -19 0
-54 11 -55 0
37 -10 41 0
-29 20 26 0
-2 -24 -58 0
-44 24 11 0
23 47 -55 0
-46 19 -38 0
-35 -5 3 0
-2 -32 -53 0
-35 15 59 0
-53 -56 -4 0
-45 34 -54 0
44 -12 5 0
30 -61 -2 0
-59 16 24 0
38 14 -53 0
-46 -22 32 0
-37 -42 33 0
37 -32 -45 0
-11 -22 12 0
-44 -42 -43 0
-30 44 -6 0
58 -21 -4 0
-1 52 57 0
-22 -21 30 0
-56 -21 -39 0
54 -48 -18 0
-12 -24 54 0
-55 52 -29 0
18 -49 23 0
50 29 -9 0
40 31 33 0
-13 10 -57 0
-57 39 -8 0
43 24 -45 0
-46 13 51 0
1 -56 26 0
-41 7 -42 0
59 49 27 0
-51 14 -5 0
-40 -47 -58 0
-16 4 5 0
-36 -6 54 0
-30 39 -10 0
-44 -32 18 0
31 -29 -56 0
-36 21 55 0
-33 8 44 0
-28 -38 27 0
-42 58 15 0
-45 -38 47 0
-19 49 58 0
-16 19 -37 0
35 42 21 0
-34 -61 -12 0
37 -58 -4 0
42 12 20 0
43 25 -48 0
52 -21 -49 0
26 -21 -19 0
-43 -19 -29 0
13 -51 9 0
41 -1 -14 0
55 -40 -15 0
-42 -28 -37 0
-9 -13 -57 0
36 3 25 0
-49 -9 -20 0
36 -5 -33 0
3 -7 -27 0
33 -37 7 0
30 13 50 0
-27 36 -47 0
4 -16 56 0
-4 -56 -36 0
29 -55 53 0
4 14 6 0
60 -24 19 0
-15 58 20 0
-23 -51 -36 0
27 -16 4 0
47 -40 43 0
-46 21 -9 0
45 47 49 0
26 -36 15 0
35 -4 26 0
28 24 15 0
-51 -3 -15 0
5 17 -40 0
16 47 -12 0
20 -1 -19 0
49 37 53 0
-44 19 -2 0
58 -9 -30 0
5 -58 -20 0
-31 -23 -48 0
21 25 -57 0
7 -54 -42 0
47 60 -54 0
-40 -2 -10 0
2 -60 55 0
-46 53 14 0
41 38 2 0
-37 35 41 0
-38 -43 -19 0
59 49 29 0
16 42 15 0
-54 -48 -47 0
22 -54 7 0
-35 -11 -60 0
52 58 3 0
27 34 43 0
-32 25 -11 0
-2 -18 -54 0
23 48 -28 0
-53 22 -61 0
19 -24 4 0
-48 54 -21 0
-25 23 60 0
14 29 59 0
-39 -1 37 0
-61 5 -32 0
-13 -26 17 0
14 -32 -12 0
-44 -30 20 0
58 -6 -26 0
-52 -30 -55 0
-5 -53 -34 0
-20 -11 34 0
-48 58 -7 0
26 -41 44 0
23 33 21 0
22 53 -2 0
54 56 61 0
12 -43 11 0
9 33 27 0
-39 44 -57 0
-47 54 3 0
43 -3 -49 0
48 4 42 0
-42 9 47 0
-4 17 -24 0
54 -1 50 0
-22 -44 -26 0
-59 2 -22 0
13 -32 25 0
-50 9 8 0
51 -20 -19 0
25 44 27 0
1 -58 -40 0
13 9 -4 0
57 -47 6 0
-15 -18 -42 0
46 -48 45 0
-6 2 -16 0
46 -8 61 0
-24 6 -29 0
-50 -28 -45 0
-23 -46 16 0
-28 -49 43 0
-21 23 2 0
38 13 -56 0
-54 40 32 0
-9 -37 -51 0
-32 18 60 0
18 -51 -22 0
36 -47 -4 0
-35 -32 16 0
46 -36 -29 0
61 54 31 0
-52 22 -2 0
35 15 -3 0
-16 -37 -23 0
18 46 27 0
-34 -5 10 0
26 40 4 0
33 40 60 0
-39 -23 -52 0
-49 13 42 0
6 39 15 0
9 -48 34 0
30 44 23 0
8 31 25 0
28 -34 25 0
32 -22 -28 0
11 36 -1 0
-37 23 -40 0
-24 -31 -56 0
-59 47 29 0
23 -49 48 0
-56 -37 13 0
-4 -33 -35 0
-1 54 56 0
47 -35 -28 0
10 28 26 0
2 51 -48 0
-15 7 23 0
27 -9 54 0
19 37 10 0
-18 5 57 0
29 2 -54 0
-41 -42 32 0
55 59 56 0
