p 18 76
12 -1 6 0
-10 -6 -7 0
4 -9 2 0
-4 14 -5 0
-7 15 -3 0
7 3 -12 0
-5 -14 -11 0
-8 -2 -10 0
6 9 -11 0
8 -2 4 0
-16 6 -18 0
8 4 -1 0
-13 18 17 0
-16 -15 -9 0
7 5 3 0
-16 12 -3 0
18 11 5 0
-1 5 17 0
5 7 -13 0
7 13 2 0
-3 -13 -11 0
-16 -1 5 0
-7 -1 4 0
8 1 11 0
17 -9 -6 0
1 -7 -3 0
12 6 4 0
18 8 -15 0
-14 -16 -3 0
-4 -18 2 0
-4 18 10 0
-9 5 -13 0
9 -14 7 0
-7 1 18 0
-5 -2 17 0
-9 17 8 0
-12 6 14 0
15 -7 5 0
12 9 10 0
6 -2 13 0
3 -14 -15 0
17 12 3 0
-14 -10 3 0
11 -3 -14 0
1 -16 -17 0
3 13 15 0
-5 15 -4 0
10 -1 11 0
6 -1 8 0
-6 7 13 0
10 -3 17 0
-11 6 17 0
-10 13 -18 0
4 1 -8 0
-12 -15 7 0
3 -14 -16 0
12 3 18 0
-7 17 14 0
-8 13 5 0
14 11 13 0
8 12 -13 0
7 14 6 0
-13 7 2 0
-1 -2 -16 0
1 17 2 0
-2 3 -15 0
7 5 3 0
1 -17 -8 0
-14 5 -2 0
2 -12 13 0
-1 -13 -2 0
-6 -14 -12 0
5 15 6 0
-18 -16 3 0
-4 -3 16 0
8 -11 1 0
