p 24 102
13 -9 20 0
17 -8 13 0
-1 -15 7 0
-5 17 1 0
-22 19 4 0
20 2 8 0
-8 13 7 0
-24 -9 -19 0
-5 8 16 0
13 5 -6 0
-10 -20 -4 0
-2 -19 -22 0
-18 -12 13 0
19 6 24 0
-24 23 -18 0
15 -2 11 0
-1 18 11 0
6 22 24 0
-7 2 11 0
-5 20 -10 0
-9 -16 -17 0
-8 9 -23 0
14 -10 -23 0
-4 -8 -14 0
13 -10 4 0
-7 21 18 0
4 12 8 0
-6 3 -10 0
13 4 -1 0
-3 -18 22 0
-18 -9 -4 0
12 17 22 0
-3 -12 -16 0
20 -17 8 0
4 -8 -18 0
16 18 23 0
-20 19 6 0
23 -24 8 0
-12 14 -5 0
-8 -6 -9 0
-5 23 -19 0
12 -22 -19 0
13 -15 17 0
-1 -5 -19 0
-4 9 -8 0
-2 -21 6 0
3 15 -2 0
-6 20 -12 0
-6 8 -1 0
-23 17 -20 0
21 -20 23 0
2 -5 -18 0
19 -1 12 0
5 -3 14 0
-19 24 -1 0
12 9 23 0
19 14 24 0
-23 16 -13 0
3 1 -15 0
7 2 -13 0
6 -9 -23 0
-5 -22 7 0
-22 -7 -15 0
-5 -3 -11 0
-9 22 -17 0
7 -19 -23 0
-6 21 17 0
-19 21 -2 0
-12 -21 2 0
18 -5 -9 0
18 17 -20 0
14 19 -5 0
18 5 11 0
-9 20 14 0
-7 -12 -11 0
6 -13 12 0
17 -12 -5 0
-13 7 -14 0
2 6 24 0
-9 16 -23 0
14 -13 19 0
9 21 -23 0
-21 5 12 0
7 22 -23 0
-24 -9 10 0
12 -24 23 0
13 11 10 0
-12 -1 -19 0
5 -24 -15 0
-16 8 14 0
-22 -11 -18 0
18 -24 -22 0
-2 -22 20 0
-3 -9 -2 0
5 6 4 0
-5 12 -7 0
-17 11 -24 0
8 12 11 0
-7 9 -22 0
-4 11 -20 0
3 8 11 0
-24 -21 -2 0
