p 91 387
21 15 73 0
75 -65 -54 0
34 -50 -43 0
-67 38 -4 0
85 -43 -38 0
-87 6 43 0
58 89 -60 0
-43 68 38 0
-72 22 -82 0
78 24 39 0
-81 -80 74 0
-73 -68 -10 0
-69 58 87 0
-10 -76 17 0
-48 -79 -35 0
-24 -16 -20 0
-86 -25 -78 0
-40 -65 18 0
-87 -22 32 0
-63 -90 -11 0
78 53 -90 0
-24 19 -74 0
79 -42 23 0
-86 24 -47 0
-64 -77 -11 0
-36 -80 -29 0
-83 30 59 0
63 -69 -91 0
42 8 82 0
-76 63 -55 0
53 -50 10 0
-19 -82 -85 0
4 10 68 0
31 50 -78 0
17 57 66 0
-34 51 25 0
62 31 91 0
29 -88 82 0
-36 -27 -11 0
-33 -73 -27 0
-89 -46 35 0
54 -28 -68 0
13 2 -23 0
-81 -66 -39 0
-6 -56 -31 0
-59 15 60 0
-32 89 -49 0
-40 19 -7 0
-56 79 86 0
88 -70 -20 0
3 -39 9 0
76 -71 73 0
10 70 -53 0
70 4 87 0
54 15 -11 0
87 -12 -77 0
24 -37 -20 0
9 -78 57 0
84 12 51 0
20 -68 -44 0
-19 -2 -22 0
-75 35 1 0
71 27 -39 0
-47 36 -19 0
29 35 15 0
11 -5 80 0
-1 -45 12 0
-29 -7 58 0
-54 23 11 0
48 73 -86 0
50 77 -78 0
88 -32 -25 0
4 -35 -72 0
-44 -42 -66 0
-11 24 5 0
-17 -79 -11 0
72 -10 59 0
18 -16 11 0
-33 38 21 0
-91 -8 -30 0
-10 5 2 0
72 -39 66 0
82 -88 -66 0
-64 -32 -59 0
-29 28 91 0
39 -50 -69 0
-33 3 70 0
65 -79 -77 0
43 55 24 0
-69 -80 -27 0
22 -6 66 0
-64 47 86 0
10 -23 41 0
27 -18 -11 0
48 80 -65 0
44 -69 27 0
-56 -38 63 0
-20 -59 56 0
82 -9 -63 0
90 30 -3 0
-61 -64 23 0
68 -48 -17 0
-77 15 53 0
-62 82 84 0
2 -75 65 0
-9 -68 -27 0
64 -82 -81 0
75 63 46 0
-50 23 51 0
-66 -72 -51 0
-2 -88 -18 0
24 -14 36 0
-35 88 -51 0
-79 85 25 0
-23 -62 -43 0
-31 86 54 0
52 -34 -71 0
5 75 -58 0
-20 86 82 0
-67 87 26 0
16 67 42 0
-1 42 -4 0
52 -15 35 0
17 46 -24 0
-2 68 -82 0
63 -71 57 0
38 7 -6 0
41 12 45 0
28 78 82 0
-19 -72 38 0
31 75 46 0
13 58 -50 0
27 -40 87 0
-36 -79 -65 0
84 -91 58 0
-53 -17 62 0
-35 54 -52 0
-22 90 25 0
81 67 76 0
-14 83 59 0
-80 58 -3 0
-80 66 -33 0
-10 -27 -19 0
18 -63 -53 0
85 -39 89 0
83 70 -90 0
67 -7 44 0
-83 -87 74 0
-42 -57 -71 0
9 41 37 0
52 72 -74 0
37 66 47 0
-67 -77 2 0
-2 -12 -78 0
-80 -7 -52 0
4 -34 -17 0
-49 -88 -29 0
-74 -64 -66 0
79 -1 78 0
80 12 1 0
48 72 83 0
-78 54 48 0
26 -84 56 0
87 -19 -43 0
-29 -84 32 0
1 64 10 0
63 -3 81 0
-36 75 -34 0
27 28 67 0
18 -19 -76 0
-82 -24 -50 0
77 79 4 0
-18 -44 -84 0
-46 -5 -73 0
-25 64 27 0
62 4 52 0
-52 61 -40 0
-44 -40 42 0
29 -17 55 0
-69 46 77 0
49 16 78 0
-24 54 4 0
-53 33 -43 0
13 -1 -40 0
44 21 -39 0
68 -40 76 0
-27 -79 19 0
15 36 -90 0
-49 42 -82 0
-75 -54 35 0
20 25 16 0
-70 -9 -56 0
20 -57 -54 0
4 -67 79 0
2 -54 -25 0
-84 72 -32 0
88 5 -69 0
86 31 67 0
-71 -16 -45 0
26 75 29 0
27 -23 54 0
-75 -67 -1 0
-51 -61 -47 0
6 34 31 0
30 -48 -62 0
-17 14 90 0
-85 -90 -53 0
-28 -34 68 0
84 38 -85 0
84 -2 -36 0
12 85 11 0
48 82 81 0
47 17 -80 0
38 -47 63 0
-51 20 25 0
-38 -24 59 0
87 -15 -52 0
60 77 -10 0
-21 22 -18 0
20 54 60 0
25 64 17 0
-71 17 28 0
-43 74 -40 0
76 36 63 0
4 13 -2 0
-24 -4 71 0
-23 37 -7 0
-37 -35 71 0
-77 46 -81 0
83 -21 74 0
-34 -61 62 0
62 -60 -43 0
-60 79 -17 0
-88 31 64 0
-39 86 78 0
52 11 -55 0
-36 -65 28 0
44 -28 -4 0
13 48 46 0
-10 21 -67 0
-19 34 -58 0
32 24 57 0
32 -37 75 0
41 33 -19 0
68 -15 56 0
-21 -89 23 0
13 -82 -28 0
35 76 -23 0
56 29 5 0
-88 1 42 0
-74 -17 -11 0
3 -42 -32 0
-22 -47 10 0
-36 83 7 0
-20 51 57 0
71 -58 -38 0
-75 7 -40 0
8 -77 40 0
85 75 -50 0
-90 -26 17 0
-48 79 33 0
15 -58 -6 0
90 -62 14 0
28 13 16 0
-73 81 57 0
-85 4 -23 0
60 -84 -31 0
-23 -82 -37 0
-23 -65 -77 0
43 33 53 0
-31 -27 65 0
88 -51 11 0
2 -14 89 0
-1 -29 55 0
30 -59 40 0
-27 47 -10 0
-91 -37 51 0
-81 30 -86 0
-19 70 36 0
-30 16 60 0
-84 66 -88 0
87 -69 -49 0
-31 3 -28 0
85 48 -9 0
-90 -85 -26 0
-58 -4 56 0
60 -48 -57 0
-66 87 -77 0
80 82 -55 0
82 -48 -56 0
33 68 -78 0
-89 -24 -50 0
-33 -17 63 0
66 -37 -4 0
-6 -24 -57 0
-58 -23 -39 0
-68 9 6 0
74 -52 57 0
-35 -62 -10 0
-89 79 58 0
-13 9 -31 0
23 4 7 0
30 -41 -42 0
58 67 52 0
-20 -25 18 0
-29 50 -6 0
-69 -25 -64 0
32 61 -86 0
54 25 -39 0
12 8 13 0
90 80 57 0
-43 59 64 0
-83 -37 -45 0
72 76 53 0
61 36 -17 0
60 6 46 0
64 60 -2 0
-17 11 -24 0
-31 -44 32 0
-73 72 -7 0
37 -5 62 0
-36 69 65 0
59 -35 37 0
32 -75 35 0
80 -61 -47 0
89 52 18 0
-72 30 83 0
-75 37 -38 0
56 80 7 0
-62 -71 2 0
-41 -39 73 0
15 62 -38 0
66 55 -80 0
49 -20 -46 0
11 -64 -5 0
39 -87 -44 0
-74 58 39 0
-65 -3 -63 0
-89 -21 -27 0
-15 -53 10 0
77 17 30 0
51 -81 -61 0
66 67 -31 0
39 -44 -51 0
14 49 -8 0
-42 -86 3 0
53 22 -36 0
61 84 53 0
-31 32 85 0
57 -2 -68 0
-60 -50 77 0
-62 75 83 0
-85 -25 -57 0
-27 52 -47 0
-52 -85 57 0
62 27 -21 0
-31 70 -46 0
36 -50 68 0
-36 73 -81 0
39 4 -29 0
-44 81 29 0
33 -39 66 0
20 6 -49 0
-86 84 14 0
7 -46 -74 0
-87 -60 35 0
-84 31 37 0
-13 69 -65 0
90 23 -19 0
-78 27 -33 0
63 -38 19 0
-56 29 -75 0
85 -17 34 0
11 8 16 0
-30 -80 -79 0
88 1 -43 0
4 41 -22 0
24 -12 -82 0
-60 -14 40 0
-84 -79 -59 0
11 29 28 0
-64 -53 25 0
15 90 -6 0
-81 76 85 0
-40 29 -81 0
-4 -41 -27 0
55 -14 17 0
