p 45 191
21 24 -30 0
26 -34 -4 0
26 -17 -18 0
-32 -24 -44 0
1 6 -14 0
11 9 8 0
-45 -18 -32 0
25 -20 22 0
-41 -32 11 0
-10 38 -23 0
27 -37 -42 0
-35 24 -32 0
30 12 -21 0
-45 32 -21 0
41 -31 45 0
17 -35 8 0
-2 29 43 0
5 -24 -30 0
28 -45 -23 0
-38 -7 -41 0
-45 20 -33 0
-6 40 23 0
21 -23 -8 0
37 24 -21 0
-4 41 -30 0
15 -39 35 0
-37 -36 -19 0
23 -43 19 0
41 -18 -23 0
-14 34 16 0
20 2 -21 0
39 -5 -31 0
-3 -11 13 0
-26 -16 44 0
-27 33 9 0
-43 -12 19 0
15 -33 25 0
11 19 -17 0
-16 -43 -12 0
41 -7 -17 0
13 21 23 0
-21 36 16 0
-18 -4 25 0
-5 3 -15 0
29 14 -22 0
21 -11 35 0
30 -26 -10 0
-34 27 42 0
21 9 -34 0
30 -9 -4 0
43 42 -18 0
36 -15 19 0
-17 13 -2 0
-11 -37 -39 0
-19 -34 36 0
-18 -19 36 0
29 10 35 0
-4 37 -16 0
15 -33 -22 0
42 37 25 0
27 24 -1 0
-4 34 11 0
-21 2 -26 0
-32 17 -7 0
-10 -43 -40 0
-34 -15 29 0
-1 -16 -9 0
20 29 21 0
-23 -38 -25 0
19 -23 34 0
24 44 34 0
35 -43 -32 0
-38 31 -22 0
-34 17 -27 0
-1 -35 -24 0
-10 -30 1 0
-28 9 35 0
-29 -2 35 0
-5 38 14 0
5 17 2 0
30 9 37 0
-44 -11 -13 0
-6 -5 10 0
-44 -4 -19 0
-44 -31 32 0
-16 39 30 0
-11 7 37 0
38 -32 -27 0
34 -20 -43 0
-29 22 -43 0
-10 17 44 0
41 1 -15 0
40 -12 25 0
45 -13 15 0
-15 -22 30 0
-3 33 -42 0
-4 -43 -3 0
29 31 -3 0
-6 24 2 0
3 17 31 0
-18 4 37 0
5 6 -21 0
41 29 26 0
-34 -31 8 0
40 -18 -12 0
-31 8 -14 0
36 23 31 0
-44 -7 -40 0
-24 43 -29 0
6 18 -26 0
-1 -21 -15 0
-8 -14 19 0
31 -27 -42 0
34 23 -20 0
10 22 2 0
25 -35 31 0
-34 36 16 0
25 30 32 0
-37 -38 -9 0
2 43 -19 0
6 5 13 0
-36 15 -12 0
-35 5 37 0
45 -17 3 0
20 -42 3 0
-7 40 -6 0
35 11 30 0
-29 -16 -8 0
18 -2 -24 0
29 6 -5 0
-44 33 4 0
-6 42 -3 0
35 -15 41 0
-1 6 7 0
-24 -23 5 0
12 2 19 0
-8 -25 26 0
17 32 -37 0
-42 31 -40 0
-12 28 31 0
5 -36 -30 0
12 43 -17 0
13 -5 -25 0
-8 -42 39 0
3 -22 41 0
-40 -44 -34 0
-31 4 35 0
19 -45 -28 0
-37 24 3 0
-6 -40 -44 0
38 41 30 0
-32 43 44 0
-28 4 45 0
-28 36 -22 0
-36 -19 -10 0
11 -33 16 0
15 44 40 0
5 -12 -36 0
32 39 -31 0
8 -26 16 0
-30 -32 -25 0
-45 30 31 0
-18 -24 17 0
-21 -2 -45 0
-44 22 43 0
-3 21 -39 0
-17 1 -4 0
-38 18 -26 0
33 30 1 0
-17 6 -41 0
16 -23 -11 0
-10 23 -28 0
-4 32 28 0
45 -41 -29 0
-32 33 -41 0
43 -44 25 0
7 23 41 0
-21 -43 24 0
39 -12 -37 0
6 43 30 0
44 19 -32 0
-16 13 -26 0
5 3 -11 0
-37 40 -45 0
-36 -7 -22 0
-21 -19 22 0
-39 -35 -24 0
5 -2 -38 0
-19 31 27 0
-30 -43 15 0
35 39 19 0
