p 21 89
-14 13 -1 0
11 -16 -21 0
-4 17 -13 0
-3 -20 -10 0
-12 18 3 0
-16 5 -2 0
-18 8 -1 0
20 -4 5 0
-5 4 6 0
-20 12 5 0
1 -13 5 0
7 -2 -21 0
-2 -13 15 0
2 11 17 0
-12 5 -8 0
-10 -20 6 0
15 11 -19 0
13 -20 -8 0
-15 -3 16 0
21 -8 11 0
-6 -13 -19 0
-18 16 9 0
2 5 11 0
13 14 -9 0
10 -8 -6 0
16 -10 11 0
1 -21 -17 0
2 -16 -15 0
-3 5 -17 0
-5 -4 -15 0
6 4 -12 0
-12 -13 19 0
5 7 -1 0
-5 -13 -7 0
7 20 -11 0
-21 -17 15 0
-2 6 -19 0
11 -12 -17 0
-4 -16 3 0
-14 -4 -3 0
13 14 15 0
-15 6 3 0
2 -8 -3 0
-12 -10 -18 0
-14 -4 3 0
-14 6 13 0
-9 8 10 0
-17 -20 -13 0
8 -7 10 0
-14 -20 10 0
6 -15 -11 0
3 18 -2 0
5 8 9 0
6 -12 -11 0
10 -13 -20 0
-9 10 18 0
-4 -14 19 0
-15 4 1 0
-14 13 17 0
7 11 3 0
-7 4 -19 0
-19 14 7 0
-6 -5 -21 0
-6 12 -10 0
-21 -14 -1 0
9 -14 -3 0
-11 -7 18 0
-12 -17 -7 0
17 -3 16 0
8 14 -19 0
7 6 4 0
5 -21 3 0
-20 -6 -1 0
4 14 -18 0
10 18 20 0
13 -11 -7 0
14 -11 -7 0
-4 -11 6 0
-17 19 11 0
19 -1 -12 0
2 10 16 0
12 16 -3 0
17 -18 15 0
17 13 18 0
18 13 -21 0
21 -13 -20 0
-19 18 4 0
-13 -14 4 0
-4 -6 14 0
