p 59 251
45 -15 -23 0
-9 44 39 0
2 -53 -30 0
-11 29 -24 0
-41 30 -1 0
5 -28 -38 0
-6 -55 -9 0
-33 -45 -4 0
58 32 -23 0
32 -54 -36 0
15 16 -26 0
23 48 -45 0
-13 -29 51 0
59 -56 14 0
-18 41 -44 0
-29 -33 -59 0
-42 3 21 0
-3 -6 5 0
33 -52 -19 0
-53 3 -23 0
-19 1 28 0
-30 -24 38 0
-15 11 -17 0
49 3 1 0
21 59 -58 0
4 10 47 0
-32 53 -35 0
-6 12 -30 0
16 -51 8 0
17 40 46 0
56 28 -32 0
-43 -28 -55 0
9 -31 37 0
29 38 57 0
51 42 28 0
49 40 -39 0
-7 23 -25 0
-40 -47 44 0
12 54 -4 0
15 -49 5 0
-48 -1 -8 0
-24 30 -28 0
-33 -43 -2 0
6 53 15 0
-5 -33 56 0
31 -21 -10 0
20 -40 47 0
-36 -48 -2 0
19 -2 -26 0
20 -4 11 0
39 22 31 0
-37 34 47 0
11 27 24 0
-19 -22 29 0
-52 -16 -54 0
26 -29 53 0
-17 -14 44 0
-8 -3 -33 0
-47 -48 -58 0
-13 41 52 0
44 1 -22 0
19 45 10 0
-26 21 -7 0
50 -25 38 0
47 44 -26 0
-55 37 4 0
-55 -47 3 0
25 -32 27 0
-18 58 -30 0
50 -5 39 0
-53 -7 -28 0
-41 44 40 0
-36 -2 -32 0
-5 -58 -27 0
-35 -46 -32 0
12 47 15 0
31 14 -15 0
-59 31 -34 0
20 15 -38 0
29 -23 -50 0
52 57 31 0
-6 50 -46 0
-43 36 51 0
-57 -47 -30 0
-45 -15 -52 0
20 -14 56 0
-3 -14 20 0
37 -34 -2 0
2 -5 57 0
-43 24 -57 0
-41 -33 -14 0
7 -30 55 0
-22 33 31 0
38 54 -48 0
27 -52 49 0
-12 36 -4 0
39 -25 15 0
-14 56 19 0
-35 39 24 0
57 -44 5 0
14 -3 41 0
27 46 -48 0
-59 41 -37 0
51 -56 -35 0
8 -28 -18 0
3 -25 -12 0
-11 57 -2 0
41 32 28 0
-33 58 55 0
20 1 17 0
52 11 -34 0
-6 -31 -44 0
37 35 27 0
-21 47 6 0
-14 57 -23 0
16 20 -45 0
-3 19 58 0
-47 -9 -26 0
-16 57 -10 0
33 30 -54 0
11 -55 10 0
43 -30 42 0
12 -9 10 0
3 -42 -49 0
-18 28 -4 0
-58 28 22 0
5 -41 26 0
32 40 50 0
17 -42 24 0
59 -18 -19 0
53 -27 15 0
-3 16 -59 0
-50 31 43 0
18 -38 -15 0
-13 -17 -14 0
26 -37 -49 0
56 8 -20 0
-58 37 -19 0
-13 56 33 0
4 -40 -22 0
-49 -26 45 0
-54 43 -35 0
-5 28 45 0
47 14 23 0
42 58 -10 0
-51 42 -47 0
-29 -53 -59 0
-26 -38 -18 0
56 44 -6 0
-35 -17 25 0
44 4 59 0
42 9 -45 0
-17 53 57 0
-40 8 -1 0
5 -33 -57 0
43 55 -21 0
-3 -52 -47 0
25 27 24 0
26 -46 -12 0
37 -11 -47 0
25 36 18 0
-55 50 12 0
39 34 24 0
-37 -5 53 0
-30 32 -25 0
-28 -27 -17 0
-1 24 -31 0
47 56 35 0
29 31 -27 0
24 -33 -59 0
-34 -25 -29 0
39 5 24 0
-29 -22 -46 0
-51 53 1 0
44 -18 25 0
19 13 20 0
-17 40 -1 0
58 -14 16 0
45 20 9 0
43 -12 -32 0
4 -54 -34 0
14 -1 -50 0
33 -24 -48 0
48 -15 -7 0
-29 -47 -10 0
44 -48 12 0
53 -38 41 0
-52 -7 -59 0
-1 55 48 0
29 -51 -44 0
1 -43 10 0
-4 13 7 0
-47 -3 -13 0
-39 -54 17 0
24 49 -33 0
15 40 5 0
46 20 26 0
28 1 25 0
57 -4 -24 0
-15 52 -38 0
52 59 48 0
-43 8 30 0
10 31 34 0
41 -57 1 0
-48 -35 -1 0
-49 7 5 0
11 1 5 0
-24 -52 9 0
49 -29 -35 0
46 -43 40 0
13 51 -25 0
-11 40 35 0
42 31 43 0
28 26 -50 0
-40 7 28 0
35 -28 39 0
12 53 -1 0
-11 25 -18 0
-36 -31 -45 0
-51 42 -10 0
54 -10 -29 0
-20 36 -56 0
52 50 -13 0
12 -53 29 0
29 46 28 0
-42 12 27 0
26 -45 15 0
7 21 13 0
-43 9 -53 0
-49 -55 -40 0
-46 -32 53 0
-28 39 26 0
33 -21 23 0
-24 46 36 0
-33 42 -44 0
40 56 4 0
12 43 28 0
32 -1 52 0
-1 -45 40 0
27 -8 -13 0
-43 29 -28 0
-12 56 -11 0
-21 -32 11 0
-48 30 43 0
10 21 12 0
-56 -31 -3 0
56 -43 19 0
9 52 -43 0
-57 27 -4 0
54 -12 29 0
24 -45 23 0
