p 31 132
-26 3 -11 0
-31 17 -28 0
-20 10 -29 0
7 23 -1 0
25 -2 -11 0
-3 12 1 0
-5 -24 -27 0
-10 27 13 0
31 -6 -2 0
27 16 -13 0
-10 -12 17 0
-6 14 2 0
31 8 -27 0
22 7 13 0
25 1 -21 0
-6 28 -25 0
23 -26 7 0
10 16 -11 0
18 2 20 0
16 -3 10 0
10 1 -21 0
-3 16 22 0
-24 20 12 0
22 3 -11 0
-30 9 -10 0
30 29 -19 0
-21 -2 -23 0
2 -31 6 0
-5 3 8 0
16 8 -9 0
-8 23 -20 0
8 15 -3 0
-31 -12 -13 0
-7 1 -6 0
31 -30 9 0
13 29 6 0
19 -28 4 0
20 2 16 0
24 -19 -20 0
30 31 12 0
1 -14 10 0
7 17 5 0
2 5 30 0
7 -5 -13 0
-14 -25 -18 0
17 -13 21 0
20 16 -29 0
-11 7 -2 0
28 -15 31 0
10 -19 -1 0
23 -7 -3 0
14 9 2 0
22 24 28 0
24 -9 6 0
-5 8 -24 0
27 30 17 0
-5 7 13 0
-28 9 -11 0
15 -18 -9 0
-16 21 -4 0
27 -4 -8 0
28 27 7 0
7 11 -10 0
-30 -3 2 0
3 -13 -9 0
24 -7 4 0
6 27 26 0
23 7 15 0
28 -10 -22 0
8 23 -19 0
20 -30 -24 0
-8 31 21 0
-5 -12 28 0
12 27 -19 0
28 -22 -12 0
1 -27 -8 0
15 2 28 0
-30 21 -16 0
30 16 25 0
-9 -5 12 0
-17 9 -7 0
-15 30 -10 0
13 -16 -28 0
-4 28 29 0
-16 14 11 0
5 -15 -21 0
3 -6 -30 0
-12 -7 -10 0
-26 9 20 0
8 15 10 0
-19 8 10 0
30 -26 -5 0
21 4 16 0
9 -27 7 0
25 -23 -18 0
-26 -14 13 0
-10 13 14 0
-11 1 22 0
-25 -26 23 0
-13 -12 23 0
10 4 -7 0
-28 5 -26 0
21 8 -12 0
1 -26 -16 0
-9 8 20 0
-29 5 -14 0
3 7 12 0
-20 -15 -11 0
31 22 -7 0
9 -7 5 0
-3 12 19 0
-13 -12 18 0
29 -4 15 0
-8 3 19 0
1 -14 -12 0
24 -20 -16 0
-2 -15 11 0
-9 -11 1 0
-16 -17 -21 0
-1 -29 26 0
-2 -4 30 0
7 -5 30 0
-17 -28 31 0
-23 2 -18 0
-6 -13 30 0
-31 -20 -4 0
12 11 -20 0
8 -21 28 0
-12 -15 24 0
-15 27 30 0
28 -20 -11 0
26 -17 21 0
