p 82 349
31 -75 -59 0
-49 -2 -52 0
5 60 74 0
7 -46 -75 0
35 -71 33 0
10 -56 -19 0
-59 -54 70 0
-17 -53 56 0
-2 -33 81 0
58 -48 -11 0
12 33 1 0
-28 -7 51 0
64 63 72 0
34 -3 58 0
74 48 2 0
76 2 -63 0
-36 -69 64 0
82 -47 26 0
-48 -47 10 0
69 65 50 0
-3 -22 -77 0
-39 82 79 0
-46 -78 47 0
-2 -22 -5 0
-26 77 59 0
51 41 -15 0
-61 -13 65 0
-80 -68 7 0
-69 -43 -22 0
23 46 63 0
-64 49 40 0
-19 27 -68 0
31 4 53 0
-37 45 -46 0
-34 24 1 0
-43 69 -52 0
15 -14 -76 0
24 -23 -8 0
-13 -3 -28 0
48 60 -44 0
-9 33 -64 0
74 -46 59 0
26 74 -73 0
45 -73 39 0
-80 15 37 0
-43 39 -46 0
-44 10 -8 0
29 -67 23 0
66 13 19 0
-2 26 -11 0
-34 -3 76 0
-65 -2 56 0
70 -16 33 0
-9 -37 16 0
26 -40 -38 0
82 -26 -64 0
21 -6 -2 0
-29 13 -75 0
69 -14 13 0
44 -26 -75 0
-65 -74 -47 0
40 12 11 0
-72 -31 -80 0
14 20 -55 0
-65 67 44 0
-75 63 -23 0
35 -43 31 0
54 -28 -36 0
82 -61 -60 0
-38 77 52 0
36 -76 -60 0
-53 -21 -58 0
-23 -3 9 0
-11 51 -4 0
18 69 70 0
24 15 52 0
-28 69 -80 0
-57 44 34 0
-68 -59 32 0
-41 11 -18 0
-53 3 -64 0
63 -24 -39 0
15 -5 26 0
-29 -12 79 0
67 10 1 0
-82 22 42 0
-71 22 72 0
23 79 20 0
-17 14 19 0
22 -24 -37 0
60 -41 -31 0
-80 1 -73 0
-26 27 -62 0
-63 55 29 0
-28 6 -74 0
-61 -42 75 0
-2 -45 -18 0
78 6 -64 0
46 21 41 0
-15 -16 82 0
-16 30 -58 0
62 22 58 0
-68 -57 -61 0
43 -59 -39 0
75 -62 -52 0
1 79 20 0
-76 1 2 0
22 75 61 0
-12 -7 -20 0
76 5 -34 0
-48 40 -50 0
-35 68 34 0
51 23 30 0
24 -73 -17 0
11 -36 -33 0
76 -71 70 0
-20 -17 39 0
42 -58 -15 0
-31 -8 -28 0
-62 72 -56 0
-81 -21 -32 0
11 21 29 0
9 -69 47 0
-7 52 -47 0
66 44 -53 0
78 -68 22 0
-58 -37 -69 0
-59 -49 -37 0
-82 59 17 0
62 -10 -81 0
-5 -3 52 0
46 -37 -78 0
-43 -22 7 0
-8 60 68 0
52 81 15 0
68 -77 23 0
82 13 -38 0
15 46 -45 0
37 -64 -22 0
-42 68 57 0
10 21 14 0
-18 49 66 0
81 -60 52 0
-69 -51 59 0
-51 5 4 0
-26 -76 32 0
-35 -21 25 0
-23 -49 52 0
-61 -79 65 0
-45 -34 -6 0
-48 15 -19 0
39 59 -27 0
-81 54 -79 0
-77 -18 -11 0
-48 80 72 0
-18 46 -64 0
12 -62 4 0
38 80 -59 0
-60 -31 -69 0
-3 60 25 0
32 -27 -38 0
-22 -58 -48 0
68 39 75 0
-38 24 9 0
-38 60 -72 0
68 -47 -19 0
51 -44 -22 0
1 20 57 0
58 -6 -22 0
15 58 -32 0
29 -60 -25 0
-59 -6 -13 0
-19 63 -45 0
49 -8 -35 0
-60 30 12 0
45 -50 -13 0
-26 65 66 0
-68 16 1 0
-66 8 38 0
-81 -24 -52 0
9 6 73 0
-2 26 62 0
73 49 20 0
50 -75 -5 0
10 69 71 0
-76 36 71 0
78 -5 72 0
7 -12 74 0
-31 -51 -64 0
-37 8 -61 0
38 34 -4 0
50 -29 -6 0
-12 28 -54 0
55 -40 -79 0
25 -12 59 0
-29 -44 -74 0
65 -22 -64 0
11 34 -73 0
-5 -26 37 0
-64 77 -28 0
20 -34 29 0
-76 21 -11 0
-65 24 -71 0
-79 28 9 0
68 -31 34 0
-51 68 -35 0
27 75 4 0
-58 44 -61 0
-38 -18 48 0
78 2 34 0
44 16 52 0
25 56 50 0
59 -10 -45 0
-70 -2 -72 0
81 52 41 0
69 38 -6 0
63 -36 61 0
36 17 46 0
72 8 42 0
16 -34 58 0
49 72 23 0
23 -49 -70 0
8 -24 76 0
-26 14 -32 0
-55 -53 -64 0
64 -53 13 0
26 53 82 0
29 -39 -6 0
22 25 58 0
-49 32 -21 0
-72 -70 80 0
67 68 16 0
-9 35 -23 0
-26 49 56 0
-82 38 -16 0
-40 32 -17 0
-46 -20 68 0
-14 -32 -63 0
35 -34 -19 0
24 -35 -58 0
-80 -69 -40 0
-81 32 -58 0
15 -18 -5 0
28 46 -20 0
31 -66 70 0
40 -59 -6 0
-73 -44 -28 0
16 -31 4 0
-73 -18 -24 0
-66 -77 -78 0
-25 -1 -12 0
-71 -72 -56 0
-40 -57 82 0
-33 45 -80 0
-2 81 64 0
55 -64 -32 0
-79 55 63 0
-18 13 -27 0
13 -7 -74 0
-14 69 78 0
65 -11 32 0
34 2 55 0
-14 -34 -37 0
-81 37 22 0
64 80 -73 0
34 -39 50 0
-14 -64 -7 0
-49 31 -21 0
-38 40 -57 0
-13 75 79 0
33 34 29 0
-44 -6 -64 0
13 25 -75 0
44 -28 57 0
-64 -15 36 0
25 -22 -7 0
-40 -33 59 0
27 -54 -1 0
28 -62 -23 0
37 79 18 0
-30 -46 -31 0
14 -71 -79 0
33 59 -36 0
28 74 -17 0
-71 -43 57 0
66 48 -64 0
-44 -27 -33 0
57 -24 -1 0
45 -21 77 0
5 -63 39 0
-68 16 82 0
-29 18 -4 0
-34 48 -40 0
28 -40 -53 0
51 77 -40 0
39 -29 -1 0
4 40 69 0
17 -15 79 0
42 60 -65 0
-78 65 -36 0
-22 15 -77 0
77 -82 -18 0
79 53 21 0
-55 -49 -19 0
6 -17 76 0
-39 -25 5 0
-2 -60 9 0
-43 -36 -67 0
-72 -27 1 0
47 -29 -74 0
10 81 -29 0
43 -4 -33 0
66 -39 -38 0
68 79 69 0
66 81 70 0
-15 -25 59 0
-8 -44 41 0
65 -39 27 0
7 40 33 0
-71 -30 51 0
70 25 -77 0
-10 79 46 0
62 -13 80 0
-38 20 -64 0
76 -15 71 0
61 59 -40 0
-56 32 -7 0
16 -23 60 0
-11 -47 19 0
47 28 -45 0
14 -10 -58 0
-74 -64 51 0
-37 -57 -19 0
21 19 -65 0
-2 16 34 0
-59 -77 -33 0
-21 -10 48 0
-14 -77 39 0
63 -24 11 0
-47 62 -26 0
11 -34 -5 0
-55 28 61 0
-82 -35 75 0
66 17 27 0
44 -78 -9 0
-15 -42 53 0
-1 6 -22 0
-28 7 66 0
54 -65 -82 0
