p 71 302
-58 18 28 0
-7 29 67 0
41 32 -33 0
9 -26 71 0
-39 51 -6 0
31 -52 44 0
-57 -18 -36 0
61 -2 55 0
22 66 -26 0
-19 -64 -33 0
57 43 27 0
54 -60 -28 0
71 -22 -14 0
-7 12 -35 0
-9 -53 14 0
15 21 38 0
-39 -14 -51 0
53 62 -21 0
20 -25 -32 0
62 52 -39 0
42 32 -61 0
-63 27 -6 0
61 -54 -53 0
-54 58 20 0
63 -5 36 0
-36 39 -30 0
-34 46 -50 0
-69 21 -11 0
42 -46 -10 0
-70 -23 41 0
-3 -62 63 0
21 52 -17 0
9 -36 16 0
-18 -6 61 0
-53 14 -42 0
43 -31 6 0
70 18 -26 0
-4 7 -37 0
62 63 -4 0
-6 -3 -61 0
-12 -27 -51 0
37 -38 -12 0
62 46 -4 0
-36 -29 4 0
-32 29 46 0
-51 -39 70 0
34 14 -1 0
-9 10 -2 0
23 -16 26 0
-13 33 -37 0
20 -3 -45 0
-55 62 -43 0
-5 -27 66 0
-65 -47 14 0
-4 -56 67 0
-37 -2 -65 0
-5 49 -20 0
42 4 -2 0
59 -66 7 0
-13 8 -19 0
21 -7 -68 0
59 -61 -67 0
-55 36 43 0
61 14 59 0
27 5 -62 0
-18 32 71 0
-38 -55 -42 0
63 52 65 0
28 43 57 0
-25 -31 39 0
4 53 69 0
49 -41 -61 0
-11 48 5 0
-26 -28 -36 0
-34 -32 -4 0
-50 -1 5 0
-7 -55 60 0
-67 -43 -58 0
52 35 48 0
60 10 -20 0
9 -4 -1 0
23 -26 68 0
-67 53 32 0
-51 62 64 0
-56 26 44 0
51 59 15 0
-22 67 38 0
2 40 59 0
2 29 -49 0
-46 -32 60 0
20 -64 -63 0
-8 -36 -27 0
27 -3 -67 0
4 32 57 0
-45 53 -55 0
61 53 60 0
-45 -56 62 0
13 -69 -2 0
-71 14 -46 0
-62 9 40 0
48 -55 -1 0
-13 46 1 0
-33 2 -3 0
41 -60 24 0
-56 -34 -53 0
21 -13 -45 0
-24 26 -35 0
9 39 -34 0
25 -51 32 0
5 54 41 0
-11 -24 8 0
2 60 -25 0
13 -66 -67 0
63 -8 57 0
-8 19 -37 0
45 52 -30 0
33 -21 29 0
58 60 52 0
-40 -49 -47 0
-39 30 49 0
16 -5 -57 0
-67 51 2 0
40 -69 -36 0
70 -40 29 0
11 7 -34 0
-7 -19 56 0
41 1 25 0
-14 -66 19 0
9 -22 -19 0
-38 -23 65 0
-66 64 -33 0
-61 -50 18 0
-14 -65 60 0
-18 -12 67 0
-24 4 -34 0
29 -40 8 0
4 36 58 0
-46 -25 50 0
-70 44 29 0
19 -60 66 0
-13 35 70 0
35 66 28 0
68 1 -33 0
14 17 -9 0
64 15 -31 0
-2 -19 18 0
24 -31 66 0
19 -43 25 0
-4 -28 -68 0
-64 36 -39 0
-41 -51 25 0
62 -18 25 0
33 6 -50 0
-36 -56 26 0
-14 -26 -32 0
15 -24 -57 0
-29 51 21 0
62 5 -57 0
1 56 55 0
-43 -41 59 0
18 -46 -16 0
-55 63 -49 0
-10 -22 -54 0
-26 22 -43 0
38 15 54 0
-1 -66 44 0
70 -51 -34 0
-67 7 -33 0
67 54 51 0
-13 17 -68 0
16 -3 30 0
-44 34 10 0
43 -57 -38 0
-14 40 7 0
-11 48 -25 0
-18 -10 -54 0
58 -66 -17 0
25 46 33 0
19 -42 6 0
67 -65 2 0
51 -48 -55 0
-19 -3 -50 0
-69 -32 12 0
11 36 67 0
-63 5 -14 0
-31 -32 -66 0
8 -21 -46 0
-45 -50 70 0
-57 -46 -26 0
-13 -3 15 0
-34 42 -50 0
44 12 59 0
-35 -37 39 0
40 13 54 0
-2 55 -33 0
-13 48 -38 0
70 35 62 0
-19 47 39 0
62 19 -5 0
-42 31 35 0
-32 -65 -31 0
17 -2 -70 0
-36 5 67 0
-48 35 18 0
-34 -22 17 0
-3 -67 34 0
6 -49 -30 0
-23 7 45 0
33 1 41 0
53 -9 -10 0
-64 16 68 0
47 69 31 0
-38 26 56 0
12 19 60 0
-32 14 54 0
-46 -21 -57 0
-40 -21 35 0
-21 3 51 0
22 45 -2 0
-18 -1 56 0
-31 64 47 0
-65 -25 16 0
44 -31 -19 0
34 23 -64 0
-11 -3 44 0
7 -70 -60 0
58 -24 -16 0
3 -47 11 0
58 67 61 0
18 22 -5 0
-23 -37 26 0
-26 -25 -59 0
-70 28 -23 0
-17 -66 42 0
-27 39 8 0
30 -46 -61 0
-20 -23 24 0
-9 -13 66 0
-33 -63 1 0
70 23 1 0
20 35 -29 0
-28 40 20 0
-7 -12 37 0
68 -1 19 0
3 11 47 0
15 -58 45 0
68 59 58 0
-15 25 -36 0
15 49 25 0
43 54 1 0
20 65 -21 0
-26 30 15 0
-57 -9 3 0
68 -36 26 0
7 5 53 0
-55 -24 66 0
31 -5 -19 0
-3 -9 -29 0
-59 36 -70 0
44 30 -11 0
63 66 1 0
-52 -58 11 0
57 -65 -26 0
-8 40 36 0
40 -4 14 0
14 -43 -61 0
65 -16 -21 0
-28 -2 -17 0
57 14 -25 0
-69 -44 -25 0
57 -16 4 0
63 52 38 0
54 -21 67 0
10 -5 -8 0
70 -64 -71 0
8 70 -49 0
-48 53 -6 0
-55 69 4 0
49 48 -50 0
-21 -27 -9 0
-55 -20 61 0
-63 50 -12 0
-47 17 -22 0
47 68 -5 0
-15 17 -27 0
-16 71 29 0
-48 14 16 0
51 36 -9 0
35 -25 53 0
-6 -20 -53 0
-12 -29 44 0
-55 -18 7 0
38 23 -44 0
58 -8 -14 0
35 -2 -31 0
21 19 9 0
29 -51 -50 0
-16 35 -65 0
-51 5 32 0
-9 -14 -18 0
-47 49 -14 0
-71 4 -38 0
