p 61 259
-6 -40 55 0
-32 7 -54 0
-54 30 53 0
56 26 42 0
34 -52 17 0
-41 27 43 0
-21 54 -18 0
12 38 27 0
60 21 -38 0
-23 44 10 0
-58 34 -21 0
-5 -13 -1 0
-18 -17 -5 0
41 47 -58 0
-39 -10 16 0
8 41 10 0
-43 -59 30 0
-22 20 -33 0
-25 47 -35 0
-35 -49 44 0
30 16 -32 0
-48 -25 -15 0
-12 21 15 0
55 -44 -25 0
24 -45 35 0
22 18 52 0
-34 -9 52 0
-30 -35 -24 0
10 2 -24 0
52 -33 39 0
37 -18 40 0
50 18 4 0
-21 34 42 0
-15 -52 7 0
-11 52 -32 0
2 -48 31 0
56 9 27 0
-26 -44 -19 0
53 -11 14 0
33 4 -46 0
-53 39 -23 0
58 -46 9 0
50 -29 27 0
58 37 -48 0
32 -40 -55 0
-27 22 -8 0
-38 -10 21 0
-52 16 -19 0
55 32 -29 0
-48 -50 -29 0
13 10 2 0
-51 21 22 0
45 2 3 0
46 48 -16 0
-32 34 -31 0
61 -38 -42 0
40 -57 48 0
34 59 -15 0
17 -31 -60 0
5 4 31 0
-50 59 -16 0
7 -15 -53 0
18 -19 22 0
39 -11 -8 0
16 -23 -19 0
-49 7 51 0
-19 40 -1 0
57 -61 37 0
-22 -25 19 0
57 43 -51 0
34 -2 -46 0
-41 -19 -50 0
-2 -41 -23 0
27 33 -23 0
10 -50 42 0
37 20 52 0
59 -60 61 0
33 39 22 0
13 -25 -47 0
48 26 -37 0
4 -9 39 0
33 16 -55 0
28 -1 -35 0
51 -44 11 0
48 40 1 0
34 45 -50 0
8 -31 -40 0
55 -47 29 0
-33 -23 3 0
2 41 22 0
-9 26 54 0
-15 -28 -7 0
-51 60 6 0
-38 32 -26 0
-61 20 -50 0
23 38 -34 0
-5 -34 54 0
56 39 -57 0
-41 -45 -17 0
32 40 25 0
57 -54 15 0
-60 47 -27 0
-15 20 -43 0
-1 26 20 0
-61 -43 11 0
41 58 52 0
-45 44 -47 0
25 8 -43 0
18 16 -23 0
-19 61 4 0
23 -53 43 0
41 -31 38 0
10 -23 25 0
52 -48 54 0
26 33 -47 0
25 -46 47 0
-39 -28 -47 0
36 -49 -34 0
13 43 -5 0
-42 -28 50 0
38 -29 -35 0
-34 -40 44 0
-59 8 29 0
-19 24 -11 0
-45 -8 -4 0
14 13 -51 0
53 -6 -61 0
-43 -36 -47 0
43 45 -5 0
-21 9 -22 0
32 -40 19 0
36 20 24 0
7 2 6 0
50 -33 19 0
-15 9 -35 0
-40 54 18 0
45 -7 -20 0
-54 58 -29 0
27 33 1 0
-8 -40 -22 0
27 -44 61 0
-18 -1 54 0
40 -25 -7 0
-2 -55 7 0
12 -8 -10 0
-1 9 -5 0
-13 -57 -53 0
39 -19 44 0
-43 16 31 0
-53 12 -29 0
61 -12 -37 0
-45 -50 -21 0
-56 -32 -45 0
50 11 -23 0
45 -32 -49 0
-24 49 42 0
-47 29 7 0
16 -24 58 0
30 -12 -53 0
-5 -2 -18 0
-29 24 -8 0
-41 18 59 0
-52 2 25 0
-48 -51 -37 0
-54 28 -41 0
-33 -37 24 0
-35 -47 -34 0
49 -41 -35 0
-13 53 -31 0
-30 40 -61 0
-40 -4 49 0
4 11 -34 0
45 12 1 0
17 -46 -11 0
37 18 -39 0
17 -26 -36 0
2 -51 -54 0
-16 11 -48 0
24 -18 33 0
11 14 -40 0
-23 -31 -4 0
44 -11 7 0
30 39 2 0
-39 -43 -60 0
-47 -48 -28 0
56 32 29 0
-2 10 15 0
1 34 -41 0
-1 54 -13 0
-51 -25 30 0
-53 -17 -7 0
37 12 -39 0
-44 28 -46 0
-32 -34 16 0
-19 -55 -50 0
38 -43 51 0
7 37 -52 0
29 26 48 0
6 -42 -15 0
29 6 -12 0
-8 -25 -54 0
-30 57 -12 0
8 25 45 0
43 57 34 0
22 -59 -55 0
-39 16 -8 0
39 10 29 0
-2 -59 31 0
14 -21 29 0
11 59 19 0
-43 55 -32 0
20 13 21 0
-35 16 -51 0
8 -17 -9 0
57 34 -58 0
53 -24 32 0
25 22 -18 0
-47 19 -59 0
-61 22 4 0
-47 -61 48 0
36 -44 61 0
-53 56 3 0
56 -48 -32 0
28 29 -34 0
51 6 57 0
-35 2 -26 0
3 40 4 0
-24 13 -53 0
-16 35 54 0
41 29 -30 0
-29 -51 49 0
-24 -17 7 0
59 35 44 0
14 -32 -37 0
-14 8 -59 0
50 -17 -26 0
-40 -25 -19 0
6 -20 17 0
-9 12 -15 0
-34 -3 52 0
-21 52 54 0
9 -32 -4 0
2 -44 -39 0
-5 11 23 0
-50 39 -18 0
-40 29 58 0
49 -39 46 0
15 -9 -57 0
-37 -39 -45 0
46 -37 24 0
40 -39 -23 0
20 -26 13 0
24 -32 28 0
-17 -4 -48 0
-24 -39 41 0
-36 14 61 0
41 -60 -30 0
37 19 -42 0
21 -47 -38 0
