p 88 374
-10 -64 -40 0
-12 -10 32 0
-16 72 31 0
-72 -37 10 0
46 -70 9 0
53 -84 -67 0
-61 -60 15 0
-63 -13 4 0
-59 -48 9 0
56 -58 -29 0
72 -56 67 0
82 -79 -1 0
2 87 81 0
35 -5 48 0
-84 23 -82 0
-17 80 86 0
-52 31 54 0
-64 43 -58 0
-47 -53 -20 0
-13 -50 -32 0
-54 68 -82 0
-81 -72 14 0
-18 70 -11 0
-2 -23 -85 0
85 1 18 0
-38 67 -34 0
-31 -72 -9 0
-12 45 60 0
-8 -76 37 0
-7 72 1 0
-27 82 26 0
4 -44 41 0
-4 34 26 0
-42 78 17 0
-60 -11 -7 0
87 11 51 0
47 -40 78 0
70 -25 -58 0
60 -84 -34 0
71 -61 32 0
5 1 -47 0
-26 31 -76 0
9 -60 -29 0
53 3 -65 0
-37 -14 -49 0
-78 -11 58 0
-16 38 50 0
67 70 -21 0
66 75 17 0
77 13 -38 0
-70 -66 78 0
-4 -5 -2 0
-3 -59 -12 0
-60 71 -45 0
-62 -55 66 0
-40 85 -47 0
45 -22 -84 0
-21 -23 -31 0
54 -40 -20 0
4 65 33 0
-88 -75 57 0
58 7 55 0
1 -7 38 0
-41 -80 50 0
21 39 47 0
38 -5 77 0
68 -58 -49 0
-32 17 61 0
-54 43 -27 0
-23 -25 5 0
46 -60 -4 0
67 -50 -9 0
-35 70 71 0
29 -21 28 0
60 21 14 0
8 -61 -14 0
-50 64 -71 0
57 50 -36 0
-74 -36 -4 0
80 73 -28 0
-40 15 2 0
32 -16 -9 0
29 -80 22 0
-76 38 30 0
34 62 -52 0
61 -72 13 0
-29 -11 -7 0
-31 59 -58 0
-74 54 -56 0
-7 74 -68 0
4 26 67 0
-20 -79 49 0
-7 -4 15 0
86 -57 30 0
39 -84 67 0
54 -43 -49 0
-5 69 6 0
65 35 -66 0
-35 72 14 0
-55 33 -65 0
-2 -45 33 0
26 39 38 0
-81 44 -45 0
23 79 7 0
-86 46 -71 0
24 77 -21 0
40 38 -2 0
-59 -74 -8 0
-57 -80 33 0
49 52 62 0
-68 70 -22 0
-82 -33 54 0
84 -74 -69 0
10 -84 30 0
41 -17 -8 0
62 4 -39 0
72 -52 35 0
51 45 -50 0
-18 3 -33 0
25 39 -22 0
79 -6 -19 0
76 17 35 0
-1 69 55 0
68 63 38 0
69 -5 84 0
21 -27 57 0
30 -42 -38 0
39 35 29 0
-76 -61 -66 0
86 -60 6 0
7 -2 -53 0
18 75 5 0
-70 -69 47 0
39 58 63 0
-50 40 -47 0
23 -14 -11 0
85 66 -27 0
41 39 29 0
-76 38 12 0
72 35 6 0
2 -13 69 0
55 -76 34 0
-47 69 -21 0
-37 -51 -68 0
61 -50 59 0
73 52 -29 0
-85 -17 -86 0
11 35 -6 0
-38 -1 83 0
-60 62 -31 0
-57 -77 55 0
-44 -51 -46 0
69 -78 -3 0
34 -31 12 0
-88 68 -33 0
-70 61 -86 0
-39 -87 84 0
-79 25 39 0
87 -50 -81 0
44 -24 39 0
1 -60 16 0
82 -52 -32 0
-31 -58 34 0
69 -42 52 0
87 57 -46 0
-13 -78 23 0
-79 24 -45 0
83 -34 -59 0
13 38 76 0
-13 -33 -7 0
40 -85 -67 0
-88 -75 8 0
-52 75 42 0
32 27 48 0
4 79 85 0
9 35 85 0
2 -39 -82 0
-13 75 -22 0
15 50 22 0
28 -20 81 0
-23 27 40 0
41 42 30 0
36 -29 -49 0
35 73 3 0
-8 -25 -52 0
-67 -43 -3 0
-67 -41 -83 0
17 -22 -73 0
9 -6 -4 0
10 29 25 0
-71 57 60 0
59 83 56 0
-1 -51 40 0
80 -71 16 0
-24 43 -84 0
70 -50 -8 0
-70 -49 37 0
19 -72 -39 0
-28 19 51 0
-28 -36 55 0
-8 59 35 0
-29 -83 78 0
5 -13 -75 0
40 -6 -44 0
-11 -40 60 0
54 -43 -56 0
-86 -49 85 0
8 -79 -30 0
-49 26 -86 0
2 19 78 0
23 -40 66 0
25 -83 -52 0
67 27 58 0
78 66 28 0
-76 -85 47 0
17 78 -72 0
-35 5 73 0
86 -32 58 0
65 79 70 0
-17 -85 68 0
-66 -23 -16 0
61 -42 -11 0
-73 -66 -78 0
34 -21 73 0
-5 -46 18 0
-24 34 -87 0
-65 9 -25 0
33 47 52 0
-71 -85 6 0
-6 -24 -17 0
54 40 -86 0
72 -68 -23 0
-46 64 -26 0
73 -35 -42 0
-60 -39 37 0
9 -39 67 0
43 -57 15 0
31 -8 -27 0
-18 46 -14 0
-86 42 -4 0
-46 75 18 0
9 48 56 0
24 58 -40 0
-79 1 -10 0
41 -70 -26 0
30 76 -34 0
12 24 -21 0
-80 87 44 0
23 15 67 0
-37 46 -60 0
22 48 4 0
73 84 -1 0
47 44 -21 0
-83 -42 56 0
-68 -27 16 0
58 85 69 0
-32 51 52 0
83 70 -56 0
-71 -26 -63 0
1 74 -85 0
-30 -45 2 0
-48 -46 42 0
66 81 34 0
-61 27 -67 0
-6 84 16 0
64 -56 54 0
-45 47 66 0
51 -8 16 0
50 11 53 0
5 -42 -12 0
20 -78 39 0
-41 37 -52 0
-28 -75 34 0
-17 69 -62 0
-44 -40 -43 0
47 84 17 0
-63 -74 26 0
59 79 27 0
38 -31 -14 0
23 -37 42 0
62 12 42 0
45 84 -48 0
84 80 -33 0
18 62 51 0
-73 -5 55 0
34 75 53 0
31 -8 -64 0
64 -76 6 0
1 -28 -37 0
-63 -64 30 0
-28 -71 -27 0
4 -83 -77 0
-85 43 21 0
51 -85 -1 0
-35 -7 -66 0
-58 -31 -69 0
-60 -30 14 0
47 -71 30 0
28 82 -69 0
66 -7 20 0
-87 9 41 0
-54 67 66 0
-24 42 -64 0
59 42 6 0
-26 84 -42 0
-64 53 70 0
-43 -4 46 0
-82 -69 -53 0
-9 -66 79 0
81 49 -51 0
-68 61 -79 0
54 -5 72 0
74 82 -40 0
81 -59 51 0
12 -22 -55 0
-3 79 -35 0
79 -9 40 0
-12 57 49 0
-11 -25 48 0
87 10 -24 0
-40 18 20 0
28 7 -5 0
-79 34 2 0
-51 10 -30 0
14 25 -27 0
19 -20 -82 0
61 -1 -59 0
80 -12 13 0
-32 -72 58 0
65 16 7 0
67 35 14 0
86 -43 13 0
22 35 -19 0
-45 17 -25 0
-85 49 -27 0
45 30 -19 0
64 -7 37 0
68 -20 74 0
-82 -60 45 0
-7 47 -65 0
-26 57 -2 0
-41 -69 21 0
-68 -65 -83 0
-62 -70 -33 0
10 39 85 0
-50 -84 -65 0
-48 73 9 0
76 73 63 0
-30 -72 15 0
-16 26 -56 0
8 -35 -59 0
42 -79 -46 0
61 -64 -55 0
-39 15 -61 0
45 74 -11 0
-30 -34 -68 0
-27 38 51 0
-32 76 56 0
-46 58 -26 0
-34 13 25 0
-87 61 -76 0
62 -27 -37 0
21 -65 -43 0
-3 61 18 0
-37 -3 25 0
39 -9 45 0
-82 1 -59 0
8 -55 -31 0
53 74 75 0
-50 -31 -11 0
35 -39 -29 0
17 4 74 0
-53 63 7 0
51 -14 24 0
