p 69 293
-2 26 -61 0
-47 -62 14 0
-42 -67 -23 0
47 -52 19 0
16 39 51 0
-40 -41 -26 0
66 53 -17 0
-64 -55 10 0
57 58 -17 0
55 -26 -11 0
44 1 3 0
66 -9 -33 0
3 -51 -4 0
-29 30 33 0
20 -50 61 0
36 -3 -66 0
-51 19 -68 0
-32 45 41 0
-55 30 64 0
-18 46 -5 0
54 68 37 0
-3 -1 -27 0
-69 -51 53 0
-56 -21 -43 0
61 -36 -51 0
24 46 -4 0
-23 -68 53 0
48 3 55 0
-17 22 -18 0
4 -37 11 0
-1 18 -22 0
19 -11 -35 0
-17 13 -44 0
-33 -9 37 0
-13 -59 28 0
-57 5 -46 0
5 -21 -22 0
36 29 -51 0
-29 -22 13 0
23 -46 -39 0
58 -61 48 0
-66 9 -60 0
-60 25 -65 0
36 29 -12 0
-21 -44 -53 0
-64 -29 -53 0
66 9 63 0
53 45 38 0
-53 63 33 0
-13 43 24 0
23 -64 30 0
-23 -14 -50 0
-66 14 50 0
34 -12 25 0
24 59 -33 0
-17 -18 69 0
-22 -49 -32 0
60 -19 -2 0
-69 40 -53 0
44 -50 -51 0
23 -20 -65 0
-24 57 22 0
-56 -21 1 0
-36 6 48 0
-40 16 -25 0
16 -40 36 0
55 -37 -68 0
-54 -6 10 0
53 9 -11 0
-58 60 57 0
13 -63 59 0
-34 -52 38 0
-1 -36 -10 0
31 59 47 0
66 -27 -32 0
-48 -25 -56 0
1 -56 -58 0
-9 -22 18 0
-4 51 8 0
53 35 -63 0
59 -13 -5 0
-33 -56 14 0
-59 40 -9 0
-21 27 44 0
-52 2 68 0
-11 27 46 0
-69 -51 49 0
26 48 -60 0
-59 8 41 0
-59 31 -42 0
13 -16 -44 0
39 21 -6 0
-14 -18 15 0
55 -13 -20 0
-51 56 8 0
6 -46 -36 0
26 20 36 0
-7 65 37 0
-44 63 5 0
-49 42 -41 0
60 24 58 0
39 -7 28 0
9 -47 -36 0
-67 -52 -23 0
3 -60 -47 0
10 9 -29 0
57 -54 64 0
15 4 -69 0
-59 6 35 0
-22 -42 -51 0
-1 -25 -66 0
2 -36 -11 0
-41 65 63 0
-23 -2 12 0
-28 39 -50 0
-8 19 36 0
55 -15 -6 0
67 19 36 0
-4 28 3 0
44 -45 49 0
-68 -28 -43 0
44 -24 41 0
-25 10 54 0
31 11 -12 0
-66 48 -39 0
17 8 -52 0
26 22 -42 0
41 49 3 0
19 -17 -41 0
51 19 30 0
-7 3 -44 0
53 57 12 0
68 -55 25 0
17 -20 23 0
-12 47 -13 0
-38 12 25 0
-54 -65 -42 0
59 -11 66 0
-38 69 57 0
58 -41 48 0
-29 -6 -24 0
-69 62 10 0
-32 -12 38 0
-9 -13 -29 0
55 -20 14 0
19 -24 -62 0
-62 -48 -59 0
61 -56 -4 0
-29 57 -69 0
25 -59 -13 0
-30 68 36 0
45 12 -55 0
43 14 -11 0
53 -1 16 0
-54 69 34 0
-28 21 13 0
12 -52 -14 0
37 21 -49 0
-4 -64 -65 0
18 -68 -42 0
31 -20 62 0
-46 26 50 0
51 62 -54 0
61 -53 -12 0
-11 66 -64 0
49 27 -61 0
35 -26 -64 0
50 -69 62 0
-47 -68 -14 0
-21 56 -4 0
31 -61 17 0
39 -13 -8 0
5 4 -31 0
33 -41 65 0
67 46 -61 0
61 -53 -47 0
-55 1 14 0
8 -42 43 0
-63 17 27 0
46 21 67 0
-2 -13 48 0
13 -39 -5 0
39 54 62 0
-42 -13 22 0
-23 -21 -25 0
57 60 34 0
-38 -8 -15 0
-67 -64 69 0
-12 -44 33 0
-60 -53 -45 0
-50 47 43 0
38 67 15 0
-69 -8 32 0
44 46 25 0
-18 -13 -2 0
19 29 -3 0
44 35 39 0
-52 -23 42 0
-25 -1 -44 0
-8 -1 -18 0
-49 63 -68 0
-29 16 68 0
-56 -44 62 0
62 2 -61 0
-24 25 -23 0
46 14 26 0
61 63 56 0
-27 12 24 0
67 -12 55 0
-30 52 19 0
30 13 24 0
-5 -33 -67 0
-30 18 20 0
-35 62 12 0
54 -39 18 0
66 43 31 0
27 18 48 0
5 -33 69 0
-55 -19 -42 0
24 -14 -13 0
-55 15 22 0
18 -54 -8 0
-49 38 -41 0
-36 16 62 0
-37 -58 -23 0
51 34 -63 0
6 5 -49 0
-44 68 -19 0
-50 -69 62 0
63 52 -6 0
-64 -29 18 0
-6 43 52 0
-52 -12 67 0
26 16 -60 0
28 34 -38 0
47 12 -6 0
-2 31 25 0
7 -2 57 0
-31 45 -20 0
4 57 43 0
-5 -26 -29 0
25 -28 15 0
-69 -11 -49 0
58 22 6 0
-20 8 39 0
27 15 -32 0
51 -57 -27 0
4 -65 2 0
16 -30 61 0
56 69 60 0
3 64 21 0
-32 -59 -64 0
-5 15 -1 0
54 1 -18 0
12 -57 -36 0
-17 -43 -47 0
14 13 37 0
68 59 18 0
-46 -40 52 0
18 -69 -35 0
20 -10 40 0
52 53 51 0
29 -62 -3 0
59 -57 -51 0
-1 -18 41 0
-14 -53 -66 0
31 -43 57 0
-37 -31 69 0
-40 -60 -45 0
-32 16 69 0
-6 54 47 0
52 9 -11 0
63 -68 -49 0
7 -12 55 0
5 -12 47 0
-22 56 36 0
-16 -63 -39 0
-24 41 43 0
7 -15 -54 0
-16 49 55 0
44 28 -35 0
-34 -15 -19 0
-37 26 -48 0
-49 5 39 0
1 -12 50 0
-28 48 46 0
67 3 -41 0
50 41 66 0
-64 4 32 0
37 -63 -36 0
-24 -67 -7 0
-6 -27 -64 0
-50 -52 37 0
