p 39 166
-10 -8 -38 0
19 39 -31 0
-7 3 10 0
-7 27 20 0
-18 -14 19 0
19 14 -10 0
19 31 18 0
-11 37 3 0
4 35 30 0
14 28 19 0
20 -14 29 0
-28 15 -19 0
-33 16 5 0
-29 -13 21 0
-23 -6 -34 0
-18 39 -36 0
12 22 35 0
-14 -12 -34 0
16 -18 10 0
2 -17 -36 0
-4 -5 -14 0
35 -4 -33 0
3 -12 18 0
-2 8 7 0
15 -3 7 0
-17 -18 -10 0
26 -23 -1 0
39 -35 21 0
-25 -31 12 0
-18 -11 10 0
-25 1 -9 0
33 -18 -28 0
-3 -12 -5 0
-35 9 -31 0
-17 24 35 0
-31 -32 -27 0
-29 -5 23 0
17 21 -29 0
-28 38 -13 0
-29 -2 -10 0
19 -4 -28 0
14 29 27 0
-37 6 29 0
-15 -13 14 0
1 37 -33 0
-15 35 -12 0
-25 -3 2 0
-34 2 -5 0
-6 -1 -37 0
11 -29 -30 0
35 34 20 0
-9 -6 -39 0
25 33 -30 0
31 11 13 0
-28 -2 -32 0
11 12 2 0
8 18 17 0
-19 11 23 0
-33 -26 -1 0
16 4 5 0
-8 23 -15 0
30 -28 18 0
34 -37 -14 0
-39 32 12 0
-23 -35 -9 0
26 -38 30 0
36 25 3 0
34 -10 32 0
-13 39 38 0
37 25 16 0
18 19 -14 0
-28 27 26 0
21 32 -23 0
30 5 6 0
-8 7 30 0
-19 12 1 0
-32 -1 33 0
-38 28 -8 0
-17 1 33 0
-21 -3 -15 0
19 -12 -37 0
-25 33 18 0
34 13 -15 0
-35 20 -15 0
-13 -12 -10 0
25 15 1 0
7 18 -10 0
32 -15 -8 0
-22 -14 13 0
33 16 -12 0
-27 29 -30 0
37 -20 38 0
19 35 -21 0
37 -3 -12 0
18 -37 -30 0
2 -27 17 0
-27 26 -2 0
-4 3 2 0
13 35 18 0
25 23 -27 0
-17 -30 37 0
32 3 -38 0
-22 7 18 0
-9 -31 -6 0
-16 14 13 0
-20 -4 -21 0
5 -28 -39 0
14 33 27 0
-38 29 26 0
27 36 -39 0
34 3 10 0
-23 -8 4 0
13 -3 -37 0
-29 18 -23 0
9 39 24 0
30 5 37 0
-5 -6 39 0
3 28 5 0
-2 -26 39 0
-1 -15 -39 0
-3 30 -39 0
-2 15 -19 0
21 -15 9 0
22 3 6 0
9 4 -33 0
-9 -28 -2 0
24 3 14 0
-30 28 -33 0
37 22 -1 0
-11 -24 -2 0
-31 15 33 0
37 -4 -26 0
4 10 6 0
-2 -33 -21 0
2 -15 17 0
22 -24 -1 0
24 -21 11 0
-17 20 -27 0
-28 -22 -2 0
22 4 11 0
38 -14 24 0
-4 -13 16 0
-29 -35 32 0
5 21 -12 0
35 13 -19 0
-3 22 -26 0
-19 -1 10 0
-34 33 -24 0
-20 -23 25 0
-27 -22 5 0
-25 -20 24 0
27 16 -4 0
21 37 -33 0
-16 14 -10 0
16 31 1 0
16 22 15 0
-18 -6 -5 0
-5 -10 -37 0
22 -31 -38 0
-27 15 28 0
-30 1 -24 0
-27 -28 -24 0
30 -24 12 0
13 30 -32 0
37 30 -6 0
17 -31 19 0
