p 16 68
4 -14 9 0
-16 -11 -7 0
3 -16 13 0
3 4 -15 0
-3 -10 4 0
-3 8 6 0
10 15 9 0
4 -1 -5 0
16 12 8 0
8 -2 6 0
11 -1 -14 0
15 -13 5 0
-1 13 2 0
-16 -2 9 0
11 14 9 0
2 1 6 0
-12 14 -11 0
-15 -11 -3 0
-11 -8 1 0
13 12 -6 0
-8 -9 3 0
6 -9 14 0
14 -12 -16 0
-10 -4 -2 0
7 1 2 0
13 2 15 0
-11 -12 -10 0
10 -7 -4 0
14 -11 -10 0
6 -7 -8 0
-8 -14 -11 0
15 -13 14 0
6 -16 12 0
-16 10 8 0
-4 13 -9 0
12 1 14 0
-6 -12 -3 0
-14 -2 9 0
-6 11 -14 0
14 9 16 0
3 -13 -16 0
-9 1 8 0
-5 -14 10 0
13 8 -2 0
-8 -15 1 0
16 -13 4 0
-8 -9 11 0
13 -12 -14 0
-7 -12 8 0
-12 7 -5 0
10 1 -14 0
5 -3 9 0
8 1 12 0
11 -12 15 0
11 -10 -12 0
6 -15 -7 0
10 -13 9 0
7 2 3 0
7 -10 -1 0
-7 -15 -4 0
-9 8 -15 0
-3 11 -14 0
-2 5 16 0
-7 11 13 0
-14 10 -7 0
4 11 3 0
4 3 7 0
1 -7 -8 0
