p 99 421
77 91 66 0
66 -17 91 0
28 10 -55 0
-54 -87 -73 0
-97 48 -87 0
14 97 -13 0
38 -50 14 0
68 5 35 0
93 -70 23 0
-89 -91 62 0
-53 19 40 0
80 -26 -96 0
-2 38 -8 0
21 -87 46 0
99 -71 -19 0
87 -13 -61 0
-29 70 77 0
22 99 18 0
89 -52 -41 0
71 37 79 0
-10 79 -51 0
-55 35 71 0
99 -91 -93 0
-11 74 56 0
-19 -27 -85 0
18 -69 98 0
70 -52 -66 0
-18 4 5 0
1 -33 -95 0
28 74 24 0
-47 -96 -55 0
89 61 -28 0
-67 64 -44 0
6 -34 -32 0
-87 -30 12 0
-90 -82 -76 0
30 -32 -65 0
71 63 41 0
-33 -96 28 0
42 -79 -39 0
33 86 -85 0
98 -45 56 0
-39 -69 14 0
13 -74 -37 0
62 -34 -60 0
25 92 55 0
-26 42 -69 0
-12 -50 65 0
-42 51 -73 0
76 19 -94 0
36 12 -60 0
76 -75 -13 0
-19 66 37 0
61 -84 -9 0
34 -39 78 0
54 45 98 0
71 80 95 0
-2 35 21 0
69 88 -28 0
-54 -47 37 0
43 40 -61 0
-43 83 12 0
9 -1 -81 0
-7 2 -26 0
78 15 24 0
4 11 -77 0
-28 -3 -78 0
77 -45 -19 0
29 65 64 0
-7 -19 72 0
-18 -19 70 0
61 97 96 0
39 52 84 0
90 -56 -77 0
-49 46 -41 0
16 79 -1 0
25 31 -21 0
-98 73 -44 0
-4 -9 -49 0
-69 -65 -59 0
41 30 -59 0
38 -74 90 0
4 -72 -74 0
81 23 -50 0
-18 -52 86 0
58 13 -33 0
-54 51 -38 0
74 5 88 0
43 -92 91 0
-95 -24 81 0
-49 -81 -98 0
-76 -12 47 0
97 -81 -79 0
20 -76 -9 0
-99 -10 -73 0
13 -37 -89 0
-36 -89 -35 0
-37 9 -33 0
38 -56 4 0
32 -41 63 0
-22 67 -59 0
6 51 58 0
-84 -67 -82 0
-19 -75 25 0
32 12 43 0
-43 61 65 0
-54 71 -88 0
29 2 -48 0
-69 -83 43 0
-16 -58 -51 0
-41 -79 13 0
-31 -80 -42 0
55 -89 -10 0
-65 -15 74 0
-62 32 -81 0
17 53 -42 0
-74 -1 61 0
63 -69 65 0
16 28 -43 0
25 -91 63 0
-78 91 55 0
-73 97 41 0
65 6 -79 0
70 19 -25 0
30 44 -16 0
38 -71 70 0
72 -31 8 0
28 -66 10 0
-39 -54 61 0
-34 -55 38 0
-38 -82 -70 0
-16 -20 88 0
-79 52 54 0
93 43 -19 0
-48 -29 -98 0
-5 11 17 0
96 88 -35 0
-84 -92 -63 0
-4 75 6 0
-61 -29 -35 0
17 96 -7 0
45 -96 -14 0
81 47 -67 0
19 46 -69 0
-62 89 -12 0
94 -98 -62 0
35 99 -72 0
-58 -25 -35 0
53 99 75 0
2 -82 39 0
-6 -30 33 0
88 47 96 0
4 -69 79 0
-30 -63 95 0
-24 -43 47 0
95 84 32 0
74 -65 60 0
-66 2 92 0
41 32 55 0
-35 -78 -8 0
-90 3 -86 0
-31 83 99 0
-70 80 -41 0
-94 -37 -85 0
-40 -58 -10 0
40 89 43 0
-98 20 74 0
92 37 39 0
81 86 89 0
-7 -11 -43 0
44 24 -85 0
18 24 31 0
47 39 9 0
-53 38 71 0
-93 51 75 0
-79 89 82 0
79 -34 -89 0
-82 91 -79 0
-29 52 98 0
-59 31 44 0
35 -73 -38 0
-3 -29 41 0
-63 75 -96 0
85 -1 -32 0
3 61 74 0
-72 44 -27 0
99 -84 -73 0
31 -19 72 0
57 -45 23 0
90 -94 -23 0
-46 55 -3 0
10 -4 -36 0
-68 94 -47 0
-67 44 -50 0
-45 32 76 0
31 -25 -15 0
-12 -15 -26 0
49 -96 71 0
44 22 -16 0
88 37 39 0
8 -25 -53 0
-80 -33 39 0
-64 6 14 0
-71 -35 4 0
-7 -38 -62 0
-43 88 -31 0
-56 -92 -11 0
-37 21 85 0
-63 95 -61 0
-1 -25 -92 0
-20 -89 -53 0
-57 -55 -1 0
81 99 -22 0
76 62 22 0
-86 -97 -31 0
6 -57 -83 0
35 1 -71 0
55 45 88 0
36 -57 70 0
99 18 -54 0
63 -19 -28 0
85 -99 -42 0
-93 78 -57 0
-92 -62 97 0
13 47 64 0
6 -54 -90 0
32 1 13 0
13 10 -9 0
-15 -28 -36 0
58 7 -56 0
60 -99 -73 0
-5 -63 2 0
-14 -22 10 0
70 53 69 0
-86 -14 63 0
-26 61 -72 0
29 -46 26 0
-71 -48 61 0
18 17 47 0
-36 -12 -28 0
-55 -22 4 0
-95 67 -66 0
-47 -80 -62 0
-34 72 -17 0
18 6 -64 0
46 95 15 0
32 26 -64 0
-17 -51 -10 0
8 71 -86 0
54 -44 87 0
-2 -59 46 0
-6 -2 88 0
-2 19 -75 0
-76 -63 -7 0
-74 6 -52 0
43 69 37 0
-59 -77 -92 0
29 -48 -83 0
-90 -40 74 0
19 -4 -81 0
24 21 -74 0
31 -30 78 0
61 -15 99 0
13 2 -24 0
29 59 86 0
-66 -95 90 0
7 2 83 0
48 -95 -98 0
88 -60 82 0
-75 -10 85 0
17 -46 43 0
35 7 -85 0
-70 -4 -63 0
62 -69 58 0
-44 31 -30 0
-43 -51 28 0
13 22 -64 0
86 -16 -11 0
-79 -81 -52 0
-44 -72 -19 0
3 -66 44 0
-61 18 -78 0
88 -59 -74 0
-48 -62 -44 0
-68 -21 -31 0
36 -24 -65 0
-19 -60 -61 0
67 -9 -95 0
53 -40 98 0
-38 13 -16 0
-70 18 -28 0
4 -96 73 0
95 -42 61 0
-60 14 54 0
-96 -21 -11 0
-56 33 42 0
-82 -6 -44 0
-30 24 -6 0
-1 78 -10 0
93 -52 1 0
88 -82 72 0
56 24 -77 0
10 80 -79 0
63 42 86 0
-16 -17 75 0
51 55 -84 0
93 -98 -55 0
-97 -17 -72 0
42 53 -52 0
-8 -30 1 0
3 -69 -26 0
-35 54 -69 0
-42 78 -84 0
63 57 -32 0
-4 85 -88 0
-19 72 56 0
10 -46 6 0
-19 -1 -22 0
74 17 70 0
-75 49 -18 0
75 -43 -1 0
-27 71 93 0
-78 -71 -61 0
7 73 67 0
13 -63 51 0
49 41 25 0
27 -46 65 0
8 -40 -33 0
-36 21 -65 0
98 54 -95 0
73 -66 -81 0
39 99 88 0
49 35 96 0
-12 69 31 0
36 59 -94 0
46 56 -43 0
27 -50 -77 0
-91 -13 -90 0
-59 77 -34 0
-81 56 -76 0
4 -26 -49 0
-76 75 -45 0
61 -20 -4 0
-25 20 18 0
45 -53 94 0
-30 33 50 0
-34 -29 76 0
-21 43 -22 0
-93 20 -58 0
98 -22 64 0
19 76 -99 0
86 61 -41 0
-49 -2 21 0
69 24 -45 0
17 -58 -94 0
33 58 -94 0
-84 -66 -17 0
83 -86 61 0
-41 36 -79 0
-49 -99 8 0
-95 61 40 0
22 93 52 0
46 59 -19 0
-85 -94 -61 0
-60 -5 41 0
-16 -89 67 0
-47 65 -64 0
-8 -27 60 0
-64 94 -66 0
-86 46 -39 0
72 -93 -20 0
30 -96 14 0
77 -66 -63 0
69 -94 -59 0
-18 74 -86 0
53 89 -71 0
-93 10 -95 0
-13 38 17 0
69 -27 97 0
71 -43 25 0
87 96 91 0
20 21 -83 0
-62 -4 -63 0
73 -94 22 0
84 50 13 0
-29 -26 48 0
-78 42 98 0
-30 79 -22 0
52 78 93 0
-10 77 82 0
-34 -52 37 0
-89 -41 -83 0
-14 94 74 0
-47 14 77 0
15 -86 -16 0
-9 99 -80 0
-12 8 -15 0
65 -18 24 0
-64 -86 50 0
-7 -84 -29 0
79 -43 74 0
6 -7 -56 0
54 59 -79 0
-48 -22 -1 0
9 -75 -10 0
62 30 24 0
-54 -38 -69 0
-34 -30 29 0
99 79 -34 0
-8 -85 36 0
-37 -5 -61 0
65 69 89 0
-11 -91 38 0
-96 -85 2 0
70 -27 -74 0
90 29 -31 0
51 -4 -33 0
33 -70 18 0
-76 -80 -52 0
46 -21 8 0
63 73 19 0
