p 46 195
3 41 45 0
-26 -37 -34 0
22 30 -13 0
-26 -43 -33 0
-41 37 23 0
-39 -41 -40 0
46 24 31 0
31 -4 23 0
-3 -40 5 0
-13 -18 -19 0
17 -32 -4 0
-35 4 -5 0
32 21 -6 0
-30 4 -15 0
38 43 -7 0
1 -9 15 0
-43 39 -22 0
42 -11 1 0
14 -16 -23 0
-28 -3 -33 0
41 -20 -45 0
-26 -2 -9 0
-7 -4 40 0
-42 17 -43 0
-38 43 32 0
29 -18 30 0
-11 6 -19 0
-29 -2 -45 0
43 16 13 0
-4 -9 31 0
-22 20 -8 0
-42 -21 13 0
-38 -36 -44 0
18 -12 19 0
-27 -7 -13 0
8 -3 -19 0
14 24 31 0
-1 -38 -21 0
-14 -24 -33 0
-37 4 15 0
-28 31 -12 0
32 -45 33 0
-41 -32 -10 0
36 -15 44 0
-15 -20 -9 0
-34 26 16 0
37 -20 -19 0
-12 -26 -22 0
22 -4 -17 0
-17 -4 -30 0
-1 12 10 0
11 -46 44 0
-44 26 -42 0
-44 -29 17 0
-39 13 -43 0
41 -23 -14 0
-41 -29 -26 0
2 -28 -13 0
23 -39 4 0
-18 12 -41 0
15 -16 23 0
-1 -16 3 0
36 -35 -7 0
39 -36 42 0
36 -41 -10 0
-42 -37 15 0
-41 21 -36 0
23 30 19 0
-12 -36 1 0
-18 -16 37 0
24 -31 -44 0
-28 -31 34 0
-3 -17 -20 0
-24 40 5 0
7 -33 -39 0
-7 34 28 0
10 9 2 0
38 -27 -29 0
22 -14 -23 0
-43 17 -1 0
7 -42 22 0
27 42 -6 0
36 -29 21 0
-33 -31 30 0
-38 13 28 0
-5 -12 -13 0
41 -32 -5 0
-45 10 30 0
2 29 -45 0
32 21 -12 0
17 -9 -43 0
-46 -28 31 0
43 -25 -1 0
12 -3 -11 0
8 2 -30 0
24 -20 11 0
-20 -39 -43 0
25 -9 31 0
45 20 11 0
9 21 -34 0
-34 20 -6 0
24 -7 31 0
9 21 -23 0
-11 -25 -30 0
-24 -26 -27 0
-5 17 -2 0
-33 -15 6 0
13 -9 -21 0
30 -38 -9 0
-22 21 -27 0
-43 -15 10 0
-41 -30 10 0
45 28 20 0
26 -11 -12 0
12 -4 2 0
44 -27 -12 0
-25 20 36 0
-30 32 43 0
28 32 33 0
21 43 -46 0
31 15 7 0
-43 41 8 0
24 -12 18 0
-29 19 -31 0
-5 -13 -16 0
-30 17 -19 0
34 39 20 0
-5 24 13 0
-41 16 46 0
40 9 22 0
-40 14 8 0
18 -14 -33 0
22 -12 16 0
11 -21 16 0
34 -5 -2 0
16 38 -10 0
14 11 15 0
13 44 -34 0
-45 -22 -9 0
3 20 -40 0
29 -20 34 0
-13 -16 7 0
34 -27 -37 0
12 18 -11 0
-31 19 -46 0
20 -38 -24 0
-20 -15 35 0
-6 21 5 0
19 -46 39 0
9 12 31 0
44 9 14 0
36 35 -37 0
-31 22 -1 0
17 10 -27 0
23 -26 31 0
-45 -11 -15 0
5 -17 -21 0
18 16 -19 0
30 4 28 0
22 7 20 0
32 5 29 0
15 19 1 0
20 -43 -38 0
-43 21 36 0
-45 42 -39 0
29 13 38 0
38 -8 14 0
20 18 -31 0
8 -26 -21 0
42 13 38 0
-24 38 -6 0
32 -11 29 0
29 39 -5 0
22 33 15 0
10 9 6 0
-26 27 40 0
34 -41 11 0
-7 16 -41 0
13 -35 -34 0
41 -15 -16 0
-18 -13 -10 0
-15 -16 -13 0
21 -45 -29 0
35 33 40 0
37 -9 -1 0
-3 38 12 0
-43 6 -25 0
13 -34 12 0
-3 -7 -27 0
14 -5 -42 0
-33 6 15 0
13 -37 -44 0
-38 -26 -5 0
-44 34 14 0
28 -40 9 0
