p 84 357
-15 -46 -77 0
-78 1 51 0
30 -58 33 0
-38 73 -27 0
-32 52 -83 0
17 -22 -59 0
46 31 -82 0
81 -35 71 0
84 10 -72 0
-27 -33 -23 0
-26 62 77 0
-8 25 69 0
-40 -19 -12 0
-64 8 45 0
9 -42 -15 0
-70 5 62 0
63 7 -82 0
12 -75 -19 0
57 -8 33 0
-32 -73 -51 0
-32 28 -2 0
74 -55 52 0
-17 -14 -66 0
52 -68 -16 0
-11 26 -55 0
52 16 -11 0
-54 -29 -73 0
-53 64 24 0
65 5 -58 0
19 -82 74 0
-14 -77 -83 0
39 15 10 0
-59 -33 -61 0
37 22 82 0
63 10 -27 0
-54 73 69 0
-26 -34 -71 0
27 -83 -43 0
25 -71 -44 0
-21 79 75 0
-21 49 40 0
22 -2 72 0
56 81 -76 0
-50 81 52 0
-59 -19 -40 0
-29 27 21 0
-42 47 12 0
18 42 -41 0
53 17 -82 0
-58 -10 68 0
-66 -76 -31 0
26 -55 -68 0
-2 -76 -27 0
-76 52 75 0
43 -6 -61 0
11 76 78 0
-6 -78 70 0
5 24 -52 0
-44 63 -11 0
-58 14 59 0
-30 69 70 0
-47 27 26 0
-58 -64 70 0
51 55 -62 0
11 -36 -51 0
74 27 7 0
13 8 -15 0
23 -53 69 0
79 -62 17 0
-31 -28 15 0
-2 81 4 0
76 29 -14 0
-40 -78 -50 0
-59 74 -78 0
-5 47 54 0
82 6 27 0
-66 -34 31 0
83 70 8 0
-44 -49 78 0
-49 -71 -8 0
-80 62 17 0
-34 -19 -9 0
58 39 -25 0
-61 48 -41 0
42 23 -54 0
-52 61 33 0
-58 27 -70 0
-75 43 74 0
81 12 -47 0
72 15 -64 0
36 -39 -78 0
19 34 11 0
-28 -31 -7 0
84 22 74 0
-8 1 19 0
-83 -68 64 0
-14 79 11 0
-47 66 63 0
-81 -33 60 0
80 -42 31 0
-49 -17 44 0
2 -20 50 0
68 33 -38 0
-23 -66 46 0
25 -28 -5 0
35 -62 82 0
31 17 -54 0
-22 -3 -81 0
54 -44 55 0
-16 -48 76 0
78 6 9 0
-75 74 -83 0
37 78 -71 0
-52 -26 -6 0
26 14 -79 0
-53 50 -49 0
-79 -81 32 0
14 -53 34 0
41 -31 -21 0
-72 -18 -9 0
-45 82 -41 0
22 70 61 0
14 65 11 0
1 -79 -68 0
-48 -68 -5 0
-6 -19 59 0
8 50 -45 0
-76 19 -57 0
-51 58 37 0
57 -3 -40 0
-18 39 4 0
-9 -3 73 0
-51 -65 78 0
53 -30 -46 0
39 59 6 0
10 -40 -44 0
-56 47 52 0
79 1 27 0
-50 -45 -20 0
38 75 66 0
29 -1 78 0
33 59 -81 0
-10 65 31 0
-14 45 -40 0
-65 59 20 0
-51 -69 43 0
26 83 66 0
80 25 -79 0
-42 -35 71 0
-26 -1 39 0
67 37 9 0
26 -12 39 0
39 -49 -52 0
56 75 6 0
-80 -74 -81 0
-46 -10 -60 0
1 29 -25 0
15 -12 71 0
41 -43 -75 0
22 72 59 0
-42 -33 10 0
26 50 -30 0
-6 -50 48 0
67 53 4 0
-39 -80 -3 0
-78 -39 -52 0
-43 51 -76 0
54 -73 55 0
62 7 -24 0
-24 -7 -41 0
72 -7 30 0
-8 -84 -50 0
60 2 62 0
-75 -63 -17 0
-1 56 -54 0
44 -30 -10 0
66 72 12 0
8 44 66 0
62 -56 -13 0
-2 -42 -8 0
-79 22 56 0
-27 -34 -29 0
-32 -76 -29 0
-29 1 -38 0
27 -71 77 0
63 -15 -55 0
-66 -21 -30 0
-65 84 63 0
1 -52 -43 0
-27 -84 -21 0
-78 35 -50 0
25 52 -6 0
-51 -31 50 0
17 -10 -34 0
60 74 -21 0
-33 -65 -37 0
-70 -11 12 0
-39 -27 74 0
-61 -10 20 0
8 42 -39 0
-41 66 28 0
-54 69 -65 0
44 5 38 0
19 77 -42 0
-33 22 29 0
-46 42 72 0
-2 -17 28 0
32 33 20 0
74 -3 -15 0
9 79 78 0
-70 -48 -32 0
44 -49 58 0
55 -7 -52 0
28 81 -32 0
40 47 62 0
-65 -49 -24 0
19 35 -53 0
-19 -61 30 0
-25 31 4 0
41 -78 10 0
-63 38 -17 0
-25 9 32 0
62 24 -34 0
-64 72 82 0
21 -9 43 0
64 46 -17 0
77 16 -20 0
62 24 -23 0
-10 -67 -62 0
-21 9 61 0
3 -14 -75 0
-37 74 3 0
41 52 75 0
-9 -77 50 0
-81 73 -34 0
56 73 44 0
-74 64 -3 0
39 -78 11 0
4 52 -68 0
-33 -4 -58 0
67 -78 -84 0
51 71 50 0
-24 15 -8 0
-3 -63 -62 0
-33 44 -1 0
71 6 47 0
-31 81 -15 0
84 57 -4 0
-66 -78 -21 0
58 37 66 0
-52 -54 10 0
-33 -58 84 0
25 43 -42 0
22 40 45 0
-50 -20 31 0
27 -81 15 0
58 33 -68 0
-41 -65 -53 0
-66 28 49 0
70 -3 -13 0
7 20 -61 0
-78 38 5 0
15 -9 -23 0
-36 17 -47 0
-66 -18 70 0
37 -29 -38 0
-2 14 19 0
-57 53 34 0
45 -12 47 0
-14 65 56 0
-12 -50 75 0
-23 58 39 0
80 -51 43 0
-1 84 -12 0
84 82 24 0
14 56 -68 0
-65 -76 9 0
17 -75 -47 0
-75 -58 42 0
-74 -58 84 0
4 22 -72 0
-17 -3 -20 0
-58 -8 -51 0
58 79 2 0
13 36 31 0
72 54 -16 0
-72 35 -18 0
-54 17 24 0
21 77 48 0
3 -71 -78 0
27 2 -37 0
5 78 -11 0
84 -34 -52 0
49 53 -42 0
-11 -33 -51 0
39 36 -28 0
51 76 23 0
-74 -70 54 0
-64 21 78 0
10 -28 83 0
59 31 18 0
54 66 -63 0
22 -78 52 0
-38 -45 -62 0
-40 45 -65 0
36 -70 40 0
-64 79 -41 0
-43 17 49 0
40 73 -82 0
11 -70 -55 0
-65 18 -60 0
-71 -56 -14 0
7 32 37 0
-24 7 55 0
73 -31 15 0
-74 -73 -16 0
2 83 12 0
-3 -46 67 0
-12 -4 -1 0
7 58 49 0
5 36 -6 0
-36 -38 70 0
11 -40 41 0
53 10 33 0
-77 -62 73 0
35 -82 69 0
80 -52 62 0
-68 -2 -28 0
-64 74 72 0
-75 -31 -2 0
35 72 -23 0
-82 -51 -79 0
-29 51 -63 0
-19 7 40 0
-26 16 19 0
14 -81 59 0
23 -42 -10 0
33 83 59 0
56 -75 -7 0
51 -31 78 0
-41 15 46 0
-77 43 49 0
-32 25 73 0
79 62 27 0
22 -29 19 0
16 -31 73 0
-4 6 -31 0
31 6 17 0
58 53 32 0
82 -42 53 0
-28 -37 -24 0
70 14 20 0
-48 -2 8 0
-83 40 -72 0
2 78 -33 0
-76 2 31 0
-14 -51 34 0
