p 73 310
-23 13 -52 0
12 23 -62 0
8 33 -21 0
59 -8 -3 0
-31 52 -22 0
-31 -13 -7 0
7 -42 52 0
68 -9 60 0
-28 43 35 0
62 -5 -56 0
30 -1 20 0
15 -16 -23 0
-21 -18 69 0
7 12 -42 0
62 -17 -67 0
2 29 -63 0
45 -16 44 0
-67 22 55 0
63 32 36 0
-60 -71 -11 0
-12 -37 13 0
-30 40 5 0
50 -15 55 0
-7 -40 38 0
10 70 -49 0
-45 11 -57 0
-41 66 -27 0
9 48 -18 0
57 -61 48 0
20 6 -58 0
73 -56 1 0
-63 -14 62 0
-2 -34 44 0
-23 -9 11 0
-62 29 -58 0
26 -10 54 0
-13 67 -19 0
44 -50 -20 0
-21 -10 36 0
72 61 45 0
-20 33 -66 0
-2 -48 -37 0
51 -50 -61 0
-12 57 -30 0
-60 -17 -58 0
52 9 -68 0
61 68 -62 0
-26 9 -65 0
-55 47 -32 0
-12 48 -15 0
48 -21 3 0
-20 -71 27 0
12 4 29 0
34 -66 21 0
24 48 -19 0
-12 -28 27 0
22 -73 71 0
-34 -20 35 0
30 38 64 0
-68 1 -43 0
50 -59 29 0
47 49 -71 0
9 -51 42 0
-19 -62 -8 0
53 70 14 0
35 -23 -43 0
49 -36 -58 0
18 64 11 0
-6 -9 -64 0
10 -18 3 0
73 -38 54 0
-14 -69 -30 0
-51 -23 -17 0
18 -21 54 0
-51 -69 64 0
52 -66 -12 0
17 9 -51 0
-53 18 36 0
66 -6 -52 0
62 -18 3 0
14 27 -47 0
-1 37 52 0
64 -72 -50 0
70 -17 -51 0
-41 -42 -58 0
-50 32 11 0
-7 -9 30 0
-15 -47 -61 0
56 -51 -47 0
-73 -10 43 0
40 68 28 0
17 67 15 0
-57 52 -61 0
-57 52 -58 0
-17 44 65 0
-41 -5 69 0
-48 -54 -19 0
-7 34 -20 0
-21 69 -66 0
72 -50 -11 0
-2 -28 46 0
55 -22 4 0
-64 51 61 0
38 -28 -47 0
-8 63 -66 0
-23 -39 -13 0
-10 -21 -57 0
55 34 41 0
47 58 39 0
60 -43 -38 0
58 28 39 0
-54 62 60 0
64 2 41 0
29 -17 28 0
48 46 49 0
-70 42 15 0
-8 -39 4 0
56 20 -5 0
4 17 -49 0
-18 -45 23 0
59 1 -22 0
61 -39 68 0
34 -1 -30 0
-49 -6 -55 0
-26 -18 7 0
-31 -64 36 0
11 16 62 0
-37 16 -5 0
58 14 44 0
-45 -8 34 0
58 55 -25 0
-18 -41 -35 0
-7 -16 -63 0
-8 57 20 0
-69 -1 -4 0
-55 -39 -64 0
1 26 -39 0
8 -7 62 0
-36 57 -53 0
70 -57 47 0
44 -21 -40 0
40 -38 46 0
42 -65 -6 0
-21 -29 15 0
-23 -67 68 0
24 -4 -32 0
-9 -35 5 0
-7 22 13 0
-62 -70 5 0
29 20 26 0
-24 -23 -9 0
-10 51 -68 0
5 42 -50 0
-16 -33 32 0
-39 -22 -38 0
17 68 38 0
48 25 1 0
-40 17 -37 0
27 73 -10 0
-14 69 -13 0
36 56 58 0
56 15 21 0
-42 4 54 0
37 -73 52 0
30 -63 6 0
-42 34 48 0
-31 56 6 0
-58 22 -31 0
-64 55 -38 0
-6 2 -12 0
26 41 32 0
-57 -53 69 0
-40 -24 47 0
-69 14 -66 0
-17 -1 61 0
10 18 -14 0
64 -31 -38 0
55 23 -47 0
-26 29 -56 0
43 60 -31 0
-14 20 -70 0
-40 -62 44 0
-10 32 6 0
9 -22 -68 0
-22 14 37 0
-38 51 20 0
-52 19 -44 0
18 -36 -46 0
8 28 9 0
69 -20 47 0
-49 -7 3 0
-41 4 -29 0
13 20 35 0
27 11 28 0
16 45 -70 0
-35 46 33 0
73 -62 -49 0
-24 43 -54 0
30 -22 10 0
-25 61 52 0
-2 -39 -59 0
64 54 -43 0
-24 -16 37 0
59 15 57 0
60 -73 61 0
-10 71 35 0
67 25 54 0
-67 71 -19 0
-11 -1 73 0
59 44 -26 0
-68 46 -7 0
-26 -15 10 0
23 -51 60 0
4 68 -42 0
-35 8 -54 0
-16 5 63 0
39 -17 -69 0
17 32 -49 0
48 41 33 0
-62 44 -51 0
23 -56 -72 0
5 -39 -55 0
16 -53 59 0
-23 -22 57 0
68 -46 -28 0
-33 70 -16 0
-15 34 46 0
3 8 -69 0
-35 9 -39 0
-54 -11 50 0
29 -30 -27 0
-52 51 20 0
6 -2 64 0
-17 67 65 0
-35 -69 37 0
-70 1 -17 0
54 -48 -15 0
11 4 62 0
39 -73 -32 0
58 71 30 0
-44 -69 -42 0
5 27 -44 0
-47 63 69 0
50 73 -12 0
-2 33 -49 0
-45 69 -4 0
-67 40 -4 0
-53 -60 11 0
48 73 -26 0
71 21 26 0
7 -65 14 0
-25 -54 -4 0
57 -3 49 0
29 -73 3 0
-3 -53 -60 0
59 5 70 0
-8 -61 56 0
69 -16 72 0
-64 -7 36 0
-52 -68 -73 0
-70 38 40 0
-16 -7 -32 0
42 -29 -25 0
-18 70 29 0
-70 -43 55 0
-20 49 30 0
38 23 -65 0
-60 -5 -10 0
-24 35 44 0
17 -71 -51 0
1 -32 5 0
26 1 17 0
-28 16 26 0
69 -45 64 0
-51 -3 56 0
-30 25 59 0
-7 42 -36 0
-16 35 -15 0
58 71 -42 0
46 15 -17 0
2 -18 73 0
37 69 55 0
-69 -20 54 0
8 -57 -58 0
-8 -68 65 0
36 44 8 0
73 -17 48 0
-48 60 57 0
31 51 29 0
-24 -33 -55 0
-31 -10 20 0
48 71 -45 0
-33 7 -73 0
-72 -57 -54 0
15 -34 -55 0
-68 3 -72 0
11 53 17 0
-3 -28 37 0
-21 -52 41 0
61 31 9 0
48 50 -66 0
-60 -48 18 0
60 11 50 0
-48 -40 8 0
-13 -4 34 0
-40 8 28 0
-11 37 62 0
62 -20 47 0
-24 42 -25 0
-25 -4 73 0
