p 75 319
-57 19 -30 0
26 13 15 0
59 28 34 0
-61 75 1 0
-17 -15 -59 0
26 34 71 0
29 -6 11 0
21 36 58 0
8 31 5 0
12 62 -31 0
58 -2 -39 0
7 9 -71 0
75 52 48 0
27 37 61 0
-68 33 -50 0
-66 -12 16 0
45 59 -41 0
-51 40 -61 0
67 9 -49 0
50 -37 23 0
-35 -34 19 0
12 9 -14 0
63 73 2 0
-59 54 -71 0
7 -47 -36 0
-25 -57 -48 0
65 47 -66 0
-24 21 -10 0
-19 -56 -31 0
57 -55 -59 0
-44 25 74 0
13 31 56 0
-8 43 -68 0
-66 36 -72 0
21 3 71 0
-22 -61 56 0
-34 -13 45 0
22 -8 50 0
14 55 3 0
-70 43 52 0
14 41 -7 0
-14 -36 31 0
53 21 -32 0
-42 25 27 0
-3 10 -4 0
-46 3 39 0
-52 16 -56 0
-75 4 -6 0
-2 74 5 0
14 -51 -17 0
-25 -74 45 0
-27 -74 61 0
29 -69 -37 0
41 -61 -25 0
26 -49 72 0
-2 -75 -42 0
46 70 -48 0
31 22 -69 0
72 73 -20 0
-9 -69 47 0
33 -44 54 0
-33 -12 -56 0
27 17 75 0
10 -56 -52 0
-53 -14 46 0
41 -70 37 0
47 -23 -2 0
-44 74 60 0
59 -66 -53 0
-44 -9 17 0
-52 23 -56 0
-36 32 15 0
27 -34 58 0
36 -11 -9 0
-4 38 -60 0
-29 -54 28 0
51 -32 22 0
-41 -7 9 0
-21 -39 -47 0
42 -72 -28 0
50 -24 70 0
9 -74 72 0
-52 30 -2 0
14 -10 65 0
17 27 62 0
-62 26 24 0
-34 -54 -22 0
72 -20 48 0
25 -27 20 0
-64 17 -56 0
-27 -24 5 0
-62 -75 26 0
11 56 -49 0
-13 -27 52 0
-30 -74 21 0
63 -43 49 0
45 8 29 0
21 -66 3 0
-62 66 65 0
-15 -34 49 0
13 64 74 0
-44 -31 5 0
-23 22 -37 0
44 -45 -52 0
59 -66 14 0
-16 45 72 0
27 -71 41 0
-5 35 -16 0
40 34 9 0
-59 28 -52 0
-60 10 7 0
7 37 51 0
41 61 -5 0
-34 -57 53 0
-61 -13 8 0
13 -9 40 0
35 43 -69 0
58 70 -40 0
40 -64 -55 0
-74 -39 -15 0
5 55 -22 0
-49 13 -73 0
-60 -19 62 0
70 32 -59 0
31 56 -47 0
34 75 -2 0
22 15 -60 0
72 66 43 0
40 42 -38 0
64 58 -63 0
-41 48 29 0
43 65 -73 0
12 47 73 0
-60 37 -74 0
47 18 -75 0
38 23 -46 0
-33 48 51 0
-66 54 31 0
-42 39 -63 0
-58 70 29 0
61 52 66 0
54 -67 -62 0
-53 11 -40 0
-23 -52 -68 0
-69 27 -75 0
40 -73 -42 0
60 -73 13 0
9 61 23 0
34 -74 32 0
-31 -12 -21 0
33 52 64 0
-34 63 62 0
15 -69 -59 0
17 24 59 0
41 -14 38 0
-66 -51 -18 0
72 38 13 0
74 62 16 0
49 -62 -67 0
35 24 -38 0
-42 71 -23 0
54 -8 -58 0
5 53 22 0
59 68 -22 0
47 -66 -39 0
60 -45 -14 0
62 -51 -64 0
5 -70 2 0
75 -2 35 0
-31 -21 -53 0
32 -12 -60 0
-33 -36 25 0
60 -33 69 0
66 -10 53 0
-38 71 -23 0
-35 63 37 0
67 69 -56 0
36 -1 -15 0
-61 52 -27 0
-33 25 -74 0
-43 16 58 0
-64 -69 8 0
14 -74 59 0
28 37 -41 0
-41 -29 -19 0
-75 -41 -54 0
11 27 44 0
-65 -72 -7 0
41 16 19 0
-13 45 -28 0
-58 4 -37 0
-2 -42 -10 0
63 -11 33 0
13 -16 -15 0
-25 -75 73 0
49 3 56 0
-72 -43 -25 0
-14 -13 19 0
63 42 -71 0
27 -35 -14 0
-28 -6 32 0
-46 49 74 0
72 60 -69 0
-13 72 -3 0
-19 -69 54 0
1 74 58 0
50 48 -23 0
5 15 10 0
66 53 57 0
-39 -57 65 0
-45 33 64 0
48 -31 43 0
30 -62 -74 0
15 68 -72 0
47 18 -66 0
-56 60 -20 0
9 33 10 0
-16 30 -42 0
24 57 -62 0
-10 -6 55 0
-64 41 60 0
55 -30 18 0
-10 9 -29 0
56 -48 14 0
-57 16 21 0
28 29 15 0
9 34 28 0
27 -51 29 0
-7 -45 -59 0
-40 -63 31 0
58 -1 -62 0
52 -8 26 0
12 -21 -46 0
-42 67 -20 0
-54 -20 16 0
34 -39 67 0
-13 -4 -64 0
-62 71 -11 0
-75 24 -23 0
-26 -15 21 0
44 66 -62 0
54 -8 -58 0
-55 37 -11 0
-14 -6 57 0
-68 62 -41 0
44 -24 34 0
-70 10 68 0
46 58 -71 0
-26 -3 -65 0
-44 -21 -49 0
-64 28 54 0
-24 -20 -69 0
-17 18 -53 0
-42 41 6 0
-3 62 16 0
-52 64 -62 0
-10 41 12 0
-24 -58 -63 0
24 -62 -47 0
11 -73 21 0
-29 -75 -39 0
-53 -23 -51 0
51 46 62 0
-72 60 62 0
24 -51 35 0
4 15 58 0
13 -43 -55 0
-74 -30 -63 0
47 8 63 0
58 31 -47 0
67 44 34 0
67 21 70 0
64 -71 8 0
-6 41 -3 0
-59 -15 13 0
-11 -65 -40 0
8 48 -4 0
-30 -41 -69 0
-20 -67 14 0
32 -31 -7 0
-54 46 57 0
-44 20 -29 0
33 -52 70 0
-22 -23 -47 0
-15 -5 -33 0
1 -47 -33 0
11 74 -67 0
21 -55 -6 0
-4 -25 -37 0
-25 -56 51 0
58 -37 -50 0
9 -31 64 0
24 -38 -47 0
-61 31 26 0
-7 -65 68 0
-64 13 16 0
-43 54 -24 0
71 -54 72 0
-24 47 -68 0
-9 66 19 0
-7 -11 -47 0
-21 62 -49 0
15 37 46 0
-15 27 8 0
9 -59 49 0
-57 -53 69 0
-33 47 -19 0
-61 -31 65 0
-73 -60 35 0
11 37 9 0
58 10 -48 0
-47 -7 39 0
-57 16 52 0
-36 -37 -56 0
-36 -66 -8 0
56 11 74 0
-16 55 -58 0
48 25 -61 0
52 73 72 0
