p 79 336
-23 -45 -55 0
36 -34 -31 0
-72 10 -48 0
-58 49 77 0
55 67 1 0
-69 11 -67 0
1 -74 36 0
-38 -66 -70 0
-39 31 -73 0
-20 18 37 0
-17 -61 -78 0
-75 58 9 0
-43 -71 -21 0
-56 -35 51 0
-41 53 -33 0
50 -29 49 0
-79 -22 -48 0
-63 45 20 0
78 -79 -26 0
11 -52 43 0
63 -36 -20 0
43 -51 64 0
46 71 -75 0
69 56 67 0
-56 52 -25 0
44 -69 -45 0
46 -51 7 0
10 2 -55 0
13 45 20 0
-57 64 -28 0
30 61 25 0
-30 69 -34 0
-78 39 -71 0
45 -5 -15 0
-54 73 -28 0
61 15 66 0
78 -12 54 0
22 67 1 0
50 -25 -1 0
-63 73 21 0
59 32 -48 0
-61 -50 75 0
-52 -77 -3 0
69 -22 60 0
65 39 -28 0
45 -52 12 0
30 -58 -52 0
-13 -38 -39 0
64 -61 -73 0
-57 78 -67 0
-55 5 15 0
-16 60 76 0
34 35 49 0
15 8 -37 0
-9 8 59 0
3 -78 -26 0
-29 33 43 0
6 66 -18 0
-30 59 76 0
73 -65 -56 0
66 20 -31 0
-61 67 -28 0
-30 38 35 0
-29 -12 -46 0
67 29 -12 0
-30 5 50 0
3 -51 -76 0
59 48 5 0
10 -21 -53 0
-30 24 -13 0
32 37 -56 0
-46 38 74 0
-47 -53 -42 0
-32 -14 64 0
50 -29 -38 0
33 -1 -58 0
67 45 -15 0
13 -16 -17 0
-77 31 -72 0
70 -34 -48 0
-10 -75 57 0
29 9 -1 0
20 -29 35 0
78 -10 -34 0
57 48 -42 0
74 47 -42 0
-1 -42 49 0
78 79 24 0
36 21 -66 0
66 -69 71 0
-61 53 4 0
31 6 56 0
-59 -22 70 0
77 6 21 0
3 52 -17 0
67 42 -75 0
21 58 49 0
-4 71 -29 0
-79 68 -46 0
-33 74 73 0
11 53 -13 0
28 15 16 0
37 71 -8 0
-18 36 -15 0
-5 2 37 0
-22 3 18 0
64 72 -79 0
15 -66 53 0
63 -30 50 0
42 -4 27 0
-39 -63 -24 0
30 73 -76 0
73 77 79 0
-9 -17 65 0
-3 -34 67 0
9 47 -7 0
25 64 22 0
-69 34 -50 0
-5 -28 55 0
-72 -38 63 0
1 75 6 0
-24 -42 34 0
-56 29 -78 0
16 29 -9 0
69 38 -2 0
52 19 7 0
47 -50 -51 0
-63 -39 -22 0
-22 -21 26 0
5 23 69 0
55 -13 -1 0
-1 -27 48 0
-65 42 -1 0
44 8 58 0
67 17 -55 0
77 67 62 0
19 33 -28 0
-1 -16 -27 0
5 -42 44 0
-7 28 76 0
-12 72 -49 0
-77 5 -3 0
-19 -5 67 0
57 15 67 0
-22 -12 -13 0
51 -42 53 0
-52 66 62 0
-29 -37 -30 0
-63 -66 -73 0
-8 -49 13 0
-65 34 -46 0
6 1 -73 0
-20 -13 59 0
40 -63 34 0
5 33 -25 0
-66 -30 -25 0
25 -59 -24 0
4 28 43 0
-74 49 6 0
15 4 -75 0
14 40 -72 0
74 47 -4 0
49 68 36 0
10 -72 67 0
20 -19 7 0
8 39 50 0
37 -18 34 0
-16 62 -8 0
78 -23 -15 0
-54 18 -69 0
-36 -51 -57 0
14 42 21 0
33 74 77 0
30 73 17 0
-12 -39 21 0
10 -41 -70 0
74 38 -75 0
-70 54 -16 0
73 42 -23 0
70 50 -46 0
46 49 52 0
-35 -54 71 0
76 -51 58 0
-36 -5 62 0
66 -18 -42 0
-48 56 5 0
-72 -59 -44 0
-24 -15 55 0
56 -55 -27 0
66 33 -28 0
77 -62 -72 0
-41 24 -30 0
1 74 -28 0
35 71 3 0
-58 -50 47 0
74 -38 51 0
-22 -24 -60 0
-68 -76 31 0
72 -37 -67 0
38 37 26 0
-1 22 -44 0
-69 -39 21 0
-20 62 2 0
34 22 -30 0
65 -37 14 0
-64 52 -77 0
75 10 -13 0
-77 22 70 0
-59 -74 53 0
15 56 -77 0
30 -71 -11 0
-22 14 77 0
-8 -7 19 0
3 -70 74 0
-73 77 -53 0
-59 -35 -36 0
29 -7 -46 0
-47 24 6 0
14 7 -50 0
-13 26 24 0
-54 40 14 0
-42 30 -79 0
18 -4 -54 0
-65 -71 -45 0
55 -12 75 0
11 2 -26 0
71 -50 41 0
-51 25 -55 0
37 -33 -61 0
34 -33 -22 0
31 13 -23 0
69 -7 -57 0
22 73 -79 0
-48 6 -51 0
-29 -25 9 0
-67 11 18 0
-20 76 -4 0
-68 -58 74 0
-42 19 -79 0
-21 -25 -13 0
-78 -79 -59 0
56 -43 4 0
17 43 73 0
-73 -58 36 0
44 -74 -67 0
-15 43 56 0
-50 -69 9 0
33 -76 68 0
71 -31 41 0
-46 -32 -78 0
14 49 -51 0
-50 -1 22 0
34 -37 -24 0
-73 4 3 0
76 -16 11 0
-16 -47 -38 0
-16 38 -54 0
-67 -30 -34 0
-78 17 76 0
62 12 44 0
-32 55 12 0
15 -14 -18 0
-12 -15 56 0
-62 51 66 0
-61 -70 68 0
74 -32 -63 0
12 8 21 0
-25 2 11 0
-54 26 75 0
-39 59 -57 0
21 60 -23 0
30 -78 69 0
-49 -43 -18 0
50 16 -39 0
67 -70 -51 0
21 -74 -61 0
-59 -21 77 0
37 23 -52 0
-54 72 26 0
5 41 28 0
2 -62 -17 0
28 -43 -19 0
53 66 33 0
-45 -1 -14 0
13 62 56 0
55 75 -37 0
25 28 53 0
-59 33 41 0
-7 13 1 0
54 1 49 0
47 -23 -38 0
49 21 47 0
62 -13 -69 0
-66 -28 49 0
-75 4 25 0
-63 39 34 0
-49 -30 6 0
-14 7 -53 0
19 -33 -54 0
-41 -11 -77 0
66 -65 9 0
-18 7 -72 0
51 3 -45 0
-9 -49 -50 0
-35 -36 -75 0
53 -14 -4 0
-50 70 60 0
-22 -21 -1 0
18 -56 22 0
11 -27 -23 0
54 39 -41 0
-48 49 35 0
19 -65 32 0
-3 -45 48 0
-41 -57 52 0
32 64 -58 0
25 15 53 0
-18 -69 26 0
66 49 -20 0
-39 59 53 0
4 10 28 0
-36 -24 -26 0
8 63 -27 0
26 -23 17 0
59 62 55 0
30 22 2 0
46 -36 70 0
-57 -56 14 0
-67 23 43 0
3 26 -11 0
49 37 20 0
62 60 -70 0
70 73 8 0
-2 38 -51 0
48 -44 -72 0
57 -30 -38 0
