p 17 72
-5 -8 4 0
6 -8 -17 0
14 6 3 0
2 -16 15 0
17 -15 -13 0
-7 6 14 0
-17 -16 -11 0
-17 10 8 0
-8 17 -9 0
6 14 -1 0
9 17 -14 0
3 13 -2 0
-2 11 15 0
-16 15 14 0
-11 1 -15 0
13 9 -5 0
-10 -14 6 0
-13 -4 -8 0
4 -16 10 0
-7 -2 16 0
-17 -14 6 0
-7 -6 8 0
-8 2 -3 0
-12 -8 2 0
17 -10 9 0
-16 -9 2 0
-15 3 -11 0
11 3 -9 0
-6 -17 15 0
-17 14 -2 0
-11 -10 -7 0
6 -9 -13 0
10 -12 -2 0
7 -15 -12 0
10 -3 -5 0
-7 -5 8 0
9 8 -10 0
-1 11 4 0
-10 -8 13 0
-12 -1 10 0
12 3 -17 0
-11 7 -12 0
12 -8 -2 0
-8 2 3 0
-6 7 8 0
2 -5 -15 0
-11 -2 15 0
-8 -6 11 0
-4 12 9 0
15 -16 14 0
17 7 -11 0
4 -16 -7 0
17 -7 -11 0
6 9 8 0
10 3 -14 0
10 5 -4 0
8 7 14 0
-15 -4 -9 0
1 3 11 0
1 -15 -4 0
-15 12 16 0
6 -14 -4 0
-6 4 14 0
-12 -15 1 0
-3 -2 11 0
-3 -8 -10 0
-3 10 7 0
17 -16 -15 0
-2 -7 9 0
9 -16 -17 0
17 13 -14 0
-8 -15 14 0
