p 27 115
2 -13 -27 0
-4 15 19 0
-2 21 -15 0
-25 11 10 0
15 -20 -25 0
1 -21 3 0
23 6 8 0
-10 -5 -23 0
9 -23 -27 0
-13 -27 24 0
-19 17 23 0
4 3 7 0
-2 11 23 0
2 -17 -5 0
-15 16 -10 0
-16 -14 -12 0
-4 -6 -26 0
6 5 10 0
23 -14 -4 0
-20 -11 -4 0
15 -24 -27 0
-6 -16 24 0
27 14 -23 0
-15 16 -5 0
-23 18 -12 0
24 -16 12 0
27 22 6 0
-23 -5 -14 0
-27 18 -14 0
6 25 -13 0
-12 -21 -18 0
26 -18 -11 0
15 -25 -1 0
6 -3 -1 0
12 -20 -7 0
18 -25 -21 0
18 25 7 0
-3 -23 -2 0
-13 16 4 0
6 13 -25 0
2 24 7 0
-25 3 -1 0
3 2 9 0
-10 13 -15 0
26 27 -4 0
-23 -14 -21 0
5 9 26 0
21 26 2 0
15 -7 -22 0
-19 -25 -6 0
-12 -7 -17 0
19 1 18 0
-6 -22 20 0
22 -27 12 0
-19 5 22 0
-11 14 4 0
3 -6 2 0
-21 22 -27 0
14 -17 -10 0
6 -9 -12 0
25 11 16 0
-27 -2 25 0
7 -21 -24 0
14 8 4 0
-12 -24 9 0
18 -7 22 0
-1 26 10 0
-11 6 21 0
-16 24 -8 0
-6 18 -10 0
19 10 15 0
-25 -24 13 0
24 12 4 0
15 23 17 0
-13 -15 7 0
-8 -20 -7 0
-23 -11 -6 0
-17 -25 19 0
5 3 -11 0
9 -21 24 0
8 -1 3 0
-5 23 6 0
8 -2 -26 0
-7 21 19 0
-27 15 -17 0
-10 -21 -15 0
4 27 -11 0
1 -5 -21 0
19 10 -14 0
21 17 -23 0
-2 -22 -13 0
5 23 -4 0
-20 -22 -27 0
2 6 -7 0
-24 16 -8 0
-1 -2 -15 0
-4 1 12 0
27 -9 20 0
9 12 -3 0
1 -19 27 0
-24 10 -20 0
16 -18 -23 0
9 17 4 0
15 -16 3 0
-3 -25 -21 0
5 -25 -22 0
-19 11 -17 0
11 -15 4 0
-5 19 -9 0
-18 2 7 0
-25 5 -7 0
-16 5 -4 0
11 14 -7 0
27 -3 6 0
23 6 19 0
