p 41 174
36 -40 -27 0
-19 24 34 0
-23 -17 -26 0
16 -14 -17 0
38 -35 -1 0
-21 -28 -37 0
14 11 4 0
-30 39 12 0
21 -1 -29 0
-19 -34 31 0
13 28 -24 0
-29 14 15 0
-33 5 34 0
-6 -38 -8 0
-6 36 8 0
35 9 19 0
-32 41 -37 0
27 -25 -7 0
-13 26 17 0
37 25 -38 0
5 -26 28 0
-15 20 21 0
20 -24 -14 0
28 1 -33 0
-37 -29 -30 0
-10 15 -31 0
24 10 15 0
-24 26 -1 0
34 -36 37 0
-39 30 27 0
-19 -26 7 0
-28 -23 3 0
35 27 4 0
32 16 -3 0
3 -20 -24 0
-14 -15 37 0
31 39 19 0
41 14 19 0
3 5 -39 0
14 27 31 0
11 29 -35 0
-8 9 13 0
-21 9 30 0
19 -7 33 0
-2 7 3 0
-16 -22 -40 0
-15 34 11 0
-31 -29 -33 0
31 34 8 0
37 10 -35 0
3 2 16 0
-32 24 4 0
-24 4 9 0
2 32 17 0
-33 -13 -11 0
19 -24 33 0
39 10 14 0
13 -17 41 0
-35 39 -28 0
-34 21 -33 0
11 -36 30 0
-23 -22 -21 0
17 -22 -27 0
-36 25 31 0
20 -29 19 0
-24 41 17 0
-16 -15 -2 0
22 -17 -30 0
-33 -7 9 0
19 4 13 0
18 -37 -28 0
35 23 -28 0
10 -19 16 0
38 24 -20 0
-35 -26 37 0
25 12 33 0
26 -9 5 0
16 -15 27 0
38 12 41 0
-41 -27 12 0
-12 20 39 0
10 -33 36 0
28 37 15 0
34 -13 37 0
40 36 -9 0
14 -23 -13 0
25 -40 20 0
-11 22 -16 0
-9 35 -1 0
-39 -11 -35 0
-26 -27 12 0
33 -18 17 0
-36 -41 23 0
38 -19 -13 0
-36 24 20 0
-35 17 -6 0
-36 30 -4 0
-10 31 32 0
20 7 13 0
-12 -37 16 0
-36 11 18 0
-15 -5 -28 0
-8 11 -36 0
41 -26 17 0
-3 2 1 0
37 12 14 0
29 2 -31 0
10 -27 41 0
-20 -12 -40 0
-15 -12 22 0
15 16 27 0
39 -18 11 0
-25 36 30 0
-15 20 29 0
-30 -23 14 0
-34 19 -23 0
20 -38 29 0
22 15 25 0
-1 25 -30 0
-41 -8 6 0
1 35 13 0
-26 -19 -16 0
-32 27 -35 0
-12 -10 28 0
-13 40 -20 0
-31 30 4 0
33 6 -16 0
22 -3 -26 0
-16 -19 -10 0
-22 -31 24 0
-14 -22 -7 0
-12 -19 37 0
25 -22 -38 0
23 27 17 0
-31 18 10 0
-15 8 7 0
-33 -13 -37 0
27 -37 -28 0
-15 -35 13 0
-35 -10 37 0
-38 -39 28 0
25 -37 -18 0
20 19 41 0
28 -2 -12 0
28 -4 39 0
-1 17 40 0
-33 19 -32 0
-27 17 5 0
26 -8 -5 0
-41 23 -27 0
5 23 -32 0
30 14 41 0
38 -18 24 0
9 11 -20 0
-12 21 36 0
24 23 -37 0
-26 8 15 0
-10 -7 -17 0
-5 24 1 0
-7 -19 26 0
-12 -4 -9 0
-10 29 3 0
-33 -4 -3 0
8 -17 -19 0
-7 -12 -5 0
-18 -34 -32 0
-19 18 20 0
19 -37 29 0
-2 -21 39 0
13 -14 2 0
4 16 -31 0
36 30 -4 0
-41 -1 -19 0
-11 -38 -29 0
