p 64 272
-28 24 -12 0
63 32 -2 0
5 -28 -14 0
51 -34 -19 0
-50 11 42 0
7 -34 11 0
8 56 25 0
64 56 -40 0
57 54 8 0
-36 -35 31 0
53 -3 -32 0
-46 -51 -7 0
-13 -15 -23 0
11 -35 -31 0
-22 64 -45 0
24 -52 -3 0
54 -19 -2 0
-25 -21 16 0
5 10 57 0
54 -59 49 0
8 18 -48 0
11 -17 53 0
-59 34 -29 0
-63 40 56 0
40 4 -53 0
-60 12 50 0
-9 6 -8 0
39 -25 -37 0
-59 -38 -33 0
-21 62 10 0
14 -37 -52 0
36 35 25 0
5 -34 -38 0
-60 13 3 0
42 25 51 0
-17 3 30 0
-47 5 -18 0
37 25 58 0
32 -26 56 0
28 -62 45 0
51 11 -17 0
15 -49 59 0
46 64 1 0
-13 26 48 0
45 -51 4 0
64 40 63 0
-60 10 -39 0
-56 -39 -30 0
-31 -39 34 0
33 23 4 0
-3 -14 -47 0
12 -46 19 0
28 63 -39 0
31 15 -55 0
-23 64 -59 0
-35 -50 43 0
-20 60 -42 0
37 -29 34 0
-9 56 4 0
61 50 -10 0
21 -25 9 0
-2 -12 15 0
59 35 20 0
26 11 51 0
-47 35 30 0
-16 -5 33 0
-53 -16 38 0
56 -22 4 0
-33 42 -52 0
-60 -56 12 0
7 -38 39 0
22 -53 -35 0
-43 38 29 0
-47 -32 -10 0
-20 -57 61 0
-57 -62 -59 0
-26 40 45 0
1 -13 -37 0
31 43 42 0
-40 5 -55 0
5 -44 62 0
-53 25 -47 0
-59 6 32 0
47 2 46 0
-7 -12 54 0
-46 -57 -9 0
62 -48 27 0
-63 35 -21 0
44 23 18 0
64 -44 -21 0
-45 2 -53 0
12 39 60 0
47 40 4 0
3 34 59 0
32 -54 -61 0
-61 -16 43 0
-25 10 55 0
-57 56 -24 0
50 9 64 0
45 12 -62 0
53 56 -64 0
22 51 -36 0
47 30 -34 0
27 -28 -39 0
-54 -5 -8 0
-21 -46 -29 0
-38 -16 57 0
45 23 58 0
25 -31 -17 0
-61 -33 -43 0
61 -62 13 0
27 14 -39 0
48 50 63 0
5 -48 -63 0
-19 -17 64 0
-42 -20 62 0
-15 14 -34 0
-59 -48 28 0
48 -12 62 0
-16 -46 25 0
26 9 53 0
51 -63 -27 0
17 -40 30 0
51 -3 7 0
50 -30 -9 0
-43 -55 59 0
57 -18 13 0
-10 -38 -17 0
45 -18 10 0
-32 -33 -48 0
-44 8 2 0
-63 -18 26 0
-42 36 17 0
-55 34 -4 0
-63 64 46 0
-43 26 42 0
-34 -16 -51 0
-12 -16 36 0
-57 48 54 0
21 -47 -46 0
-51 -16 31 0
-39 16 61 0
15 9 38 0
64 -29 -33 0
11 -34 36 0
-21 -19 -22 0
47 21 -25 0
16 31 28 0
-4 -11 8 0
15 32 24 0
-18 -29 -63 0
19 61 38 0
21 50 -8 0
53 12 64 0
26 -50 52 0
-40 32 -63 0
-31 -6 57 0
26 -24 -39 0
50 12 56 0
63 33 -55 0
-3 -49 -22 0
49 -50 33 0
26 43 40 0
24 17 40 0
-9 -38 5 0
23 1 22 0
8 49 -59 0
-63 -25 -53 0
22 -18 -55 0
-40 -1 45 0
-32 29 56 0
-39 58 -22 0
-37 -23 -29 0
32 5 13 0
49 -37 -35 0
7 -36 -51 0
32 34 49 0
52 -21 63 0
40 1 -4 0
18 -28 31 0
9 -40 55 0
36 -49 23 0
17 48 -53 0
12 -59 23 0
31 -6 -16 0
51 -27 3 0
48 35 -22 0
-41 55 36 0
33 -59 -24 0
30 42 13 0
-50 36 44 0
17 56 -45 0
-39 12 -21 0
56 -20 -24 0
-42 -36 -38 0
19 45 -49 0
-18 -43 -50 0
63 -57 23 0
30 64 39 0
56 33 -13 0
-11 30 60 0
-30 -5 35 0
-1 9 -30 0
-19 16 -60 0
30 -32 16 0
61 -31 -9 0
27 1 -24 0
-2 -1 -48 0
60 -55 35 0
-36 58 -43 0
31 60 34 0
24 -57 31 0
-8 -61 -23 0
54 -62 -61 0
37 -12 13 0
50 -5 51 0
-6 -12 -37 0
-29 -44 63 0
-41 -15 -35 0
-4 54 17 0
9 10 58 0
-3 -25 23 0
64 3 -1 0
29 -64 43 0
-30 3 -60 0
-10 62 9 0
-63 -35 38 0
-9 -48 -56 0
-18 -29 27 0
-24 -46 -18 0
18 -45 11 0
17 -22 38 0
5 -3 33 0
29 8 -39 0
21 44 -5 0
39 34 18 0
33 -5 18 0
29 -33 -64 0
64 57 58 0
-39 -61 -33 0
9 27 19 0
12 -34 21 0
-39 -20 12 0
-6 -50 -45 0
46 -26 41 0
-3 -42 -40 0
26 49 15 0
-11 -39 -64 0
41 -64 -23 0
9 31 42 0
-11 57 13 0
32 -44 -27 0
50 41 -18 0
64 7 -8 0
58 -57 41 0
60 4 31 0
-8 -31 13 0
-59 -21 -13 0
-14 -52 50 0
51 -11 -50 0
-45 -27 -38 0
-53 34 39 0
48 9 -64 0
4 -23 -17 0
-12 48 -27 0
27 -4 -12 0
54 -56 16 0
-20 -26 -7 0
-1 -12 18 0
57 17 59 0
-7 -18 -60 0
16 25 22 0
