p 50 213
40 14 -33 0
46 35 13 0
5 14 -12 0
-45 -10 23 0
-14 8 -9 0
40 -31 21 0
29 -22 -19 0
34 38 39 0
-39 -48 41 0
27 25 20 0
40 -30 -27 0
-33 -37 45 0
27 -5 3 0
35 -17 40 0
-50 7 5 0
-47 39 40 0
-8 -28 20 0
34 -4 43 0
-12 11 -25 0
49 -40 -44 0
-16 -48 -44 0
-15 -35 9 0
-20 -47 -50 0
46 6 24 0
6 -23 5 0
45 34 -47 0
16 29 24 0
6 -32 16 0
5 45 14 0
-6 35 -10 0
31 -21 50 0
-44 -22 38 0
19 -24 -39 0
-41 -21 9 0
37 -30 -4 0
-13 -37 -21 0
-5 31 -21 0
-10 -9 -1 0
-12 34 -21 0
33 -15 -13 0
29 30 35 0
39 -17 -45 0
42 -49 -37 0
-1 21 20 0
19 26 28 0
-28 -22 15 0
6 9 17 0
41 28 29 0
38 16 40 0
37 -10 -32 0
15 -23 43 0
-24 42 22 0
-28 37 22 0
-35 -47 39 0
45 2 -43 0
-23 -37 34 0
45 1 35 0
-9 4 -6 0
-1 43 41 0
41 12 -6 0
37 1 39 0
5 -24 31 0
11 21 17 0
8 -6 27 0
-47 7 -10 0
12 -6 -7 0
40 -30 -39 0
-48 -50 49 0
-3 27 8 0
37 16 -23 0
5 31 35 0
-49 21 23 0
8 -35 -43 0
38 -33 -31 0
11 39 -34 0
-11 -36 22 0
38 4 26 0
-27 3 22 0
9 16 38 0
5 -41 2 0
-25 1 4 0
34 -20 16 0
46 -13 26 0
11 -8 23 0
-46 -40 -20 0
-44 50 25 0
8 -26 11 0
-38 41 -33 0
1 -23 27 0
-1 -20 -19 0
-48 8 47 0
42 -7 -30 0
-25 -49 -17 0
49 10 -16 0
28 35 -32 0
-30 45 -18 0
9 -48 -45 0
-36 -32 -19 0
-19 12 7 0
-8 -42 47 0
26 27 30 0
-15 -20 49 0
-31 -37 -2 0
5 -39 37 0
26 -3 -13 0
46 -16 -6 0
-7 34 24 0
-26 7 -40 0
-40 -39 -27 0
15 -33 2 0
1 -40 -30 0
45 37 23 0
46 30 23 0
-27 18 19 0
-28 4 -38 0
2 32 36 0
20 39 -40 0
-45 7 4 0
-18 44 -43 0
16 -18 46 0
33 22 17 0
-8 -21 -22 0
27 36 -23 0
-7 5 -30 0
41 49 25 0
9 40 -26 0
16 -36 19 0
-8 21 12 0
33 -36 -32 0
-16 -22 7 0
-50 -9 30 0
15 22 -4 0
15 -9 7 0
22 27 -7 0
30 -14 -47 0
21 -22 -46 0
-31 -16 -44 0
26 -50 5 0
-41 6 -19 0
1 37 -14 0
-12 10 -35 0
-8 -44 31 0
23 6 35 0
15 28 -10 0
2 -31 -32 0
-5 -8 -9 0
-14 -27 -48 0
11 -22 -40 0
47 -3 13 0
15 36 6 0
38 11 27 0
-14 10 -21 0
-16 10 34 0
42 -45 16 0
40 45 -34 0
9 -13 -46 0
18 6 -44 0
11 -47 12 0
15 -31 -21 0
38 30 -2 0
13 34 -1 0
49 -14 -3 0
-32 9 -16 0
31 10 -1 0
31 -11 -49 0
-30 -15 -27 0
30 -33 -15 0
-5 37 -11 0
-9 3 -14 0
21 -15 3 0
29 33 -8 0
22 -37 -48 0
32 -22 -34 0
-5 -39 -45 0
1 6 -38 0
-24 49 11 0
-32 -6 15 0
-6 26 2 0
-46 -44 12 0
23 -8 5 0
-11 -19 39 0
-16 49 -43 0
-39 12 14 0
34 -8 43 0
15 -19 29 0
-21 19 -3 0
37 28 18 0
-48 49 -16 0
8 -20 31 0
33 -17 50 0
-10 27 -34 0
28 -33 41 0
-3 32 21 0
-49 -8 -40 0
49 12 -23 0
-29 -32 -48 0
-3 -42 -13 0
-29 3 -41 0
17 -45 -47 0
16 -4 22 0
31 -35 -10 0
-32 -35 -45 0
27 -50 10 0
-36 17 -24 0
-34 44 20 0
-2 48 -30 0
-43 46 -32 0
-37 -14 15 0
39 50 44 0
-14 38 27 0
-32 40 -19 0
-46 14 39 0
11 38 -30 0
