p 40 170
-26 22 7 0
-37 20 -9 0
-28 6 -34 0
19 -33 17 0
-28 -9 -26 0
-35 33 -14 0
39 -1 14 0
13 -26 -29 0
-15 10 4 0
19 7 -32 0
-40 31 13 0
10 -24 26 0
-4 11 -34 0
-15 -26 -16 0
-27 -18 38 0
26 39 -29 0
-33 25 28 0
-20 34 -13 0
-32 -33 40 0
-25 6 31 0
-2 -6 -4 0
35 -21 -1 0
37 -3 -30 0
-12 -6 -38 0
-8 15 -4 0
-32 -4 -13 0
-21 -23 22 0
10 18 -13 0
12 -17 -22 0
26 -28 -15 0
28 33 36 0
20 29 -17 0
-29 -26 33 0
13 -11 6 0
-16 -29 -7 0
7 13 -4 0
16 -39 -23 0
2 25 -23 0
-23 1 13 0
-25 8 -2 0
-40 5 31 0
-30 -18 -32 0
-26 36 22 0
-24 -34 25 0
-4 -9 -26 0
6 -15 -7 0
25 -37 13 0
-27 36 -7 0
-6 38 -32 0
-26 25 11 0
19 -7 25 0
-17 34 40 0
31 -19 30 0
-30 -26 -28 0
15 -8 20 0
-36 -18 16 0
-22 1 -19 0
28 14 -9 0
15 3 30 0
9 -2 1 0
18 9 -21 0
28 -32 -35 0
-6 24 -35 0
14 29 12 0
-10 32 -24 0
40 -26 -24 0
34 -18 21 0
40 -37 -26 0
-28 11 3 0
4 -21 -39 0
-4 31 -5 0
19 40 -29 0
-37 -32 -22 0
7 -21 14 0
8 34 -17 0
-10 -28 -36 0
-29 -6 -19 0
-11 18 30 0
-12 29 -16 0
23 -12 5 0
15 25 -5 0
-33 -21 -18 0
-18 17 -21 0
-24 -40 5 0
17 -3 9 0
-8 14 -29 0
39 16 26 0
30 28 14 0
6 -38 -30 0
-15 -19 -23 0
-9 -14 29 0
-6 -15 -14 0
9 -8 -2 0
-14 19 12 0
-25 40 -39 0
37 23 28 0
-25 -11 -36 0
37 -28 -17 0
-31 -32 -36 0
-10 33 -1 0
40 -16 -15 0
-33 10 -7 0
-13 -8 -23 0
38 30 17 0
18 -20 -40 0
20 -4 26 0
37 -40 -6 0
4 26 12 0
-1 -32 -39 0
1 -7 -23 0
-23 -17 5 0
16 38 -34 0
-24 -30 9 0
35 -33 -13 0
-40 14 -22 0
-38 13 -36 0
-29 11 -12 0
-26 -39 -4 0
36 22 -1 0
-18 -36 -21 0
-4 -36 9 0
-20 3 11 0
-14 36 -13 0
37 31 -26 0
24 -7 -39 0
8 -20 28 0
7 6 40 0
27 35 20 0
37 -22 38 0
3 -22 -10 0
7 31 -35 0
9 25 18 0
12 -7 -22 0
-6 28 26 0
26 -23 29 0
21 10 12 0
34 35 -1 0
22 -16 15 0
23 -39 30 0
-10 -11 -16 0
-29 -4 13 0
8 -6 -29 0
11 -29 -28 0
10 -24 15 0
-14 34 -7 0
-6 -1 37 0
21 -16 -15 0
-4 31 1 0
36 8 40 0
34 -27 -21 0
29 -9 -38 0
37 -10 16 0
-10 6 -33 0
-4 9 -26 0
-18 -32 17 0
37 18 19 0
19 21 -36 0
-40 16 -23 0
27 29 35 0
-4 -27 32 0
-14 -22 -1 0
15 23 -14 0
-39 -30 -2 0
-4 7 -17 0
-26 5 -27 0
37 -20 30 0
20 -12 23 0
-9 40 28 0
-39 1 -37 0
-29 -6 -11 0
