p 96 408
5 -92 37 0
23 94 95 0
-39 -56 13 0
-21 83 19 0
-58 -89 1 0
89 -41 67 0
-65 92 -55 0
-62 -1 6 0
38 64 -90 0
-85 51 23 0
3 -61 85 0
20 -5 -56 0
89 35 86 0
-88 90 56 0
-84 -42 -41 0
-35 51 -71 0
-96 2 -45 0
36 -69 -96 0
66 39 62 0
-12 11 45 0
-88 -95 -41 0
10 -32 -20 0
-35 -10 50 0
-85 -64 89 0
26 57 82 0
-22 -36 47 0
82 -36 -62 0
1 53 -87 0
-51 -68 -19 0
35 10 -5 0
13 78 -23 0
59 -40 71 0
37 68 69 0
92 -96 -7 0
-71 -69 6 0
-36 -32 6 0
-45 -70 4 0
-15 73 28 0
46 5 34 0
-1 -93 60 0
32 17 -63 0
14 12 -64 0
13 1 34 0
23 -93 -6 0
-88 59 62 0
-42 30 27 0
-77 -42 -26 0
67 -28 2 0
88 -42 5 0
64 70 -45 0
-9 -95 21 0
-77 -49 -36 0
-54 -52 -24 0
-62 -40 -61 0
-37 91 -39 0
34 -68 -23 0
-5 84 -32 0
29 -12 64 0
53 -61 43 0
69 -66 -13 0
-46 93 57 0
19 -31 -80 0
-60 82 -36 0
14 -31 74 0
47 -45 -11 0
-80 -58 5 0
94 58 5 0
-79 52 -53 0
-30 29 -67 0
-41 51 -10 0
6 -85 76 0
29 15 -30 0
25 -70 81 0
27 -57 -73 0
96 -6 -40 0
-25 69 31 0
-74 -43 -31 0
94 9 -45 0
25 9 24 0
-66 -89 -78 0
31 -81 2 0
-73 -12 -25 0
-72 8 -45 0
-76 60 6 0
82 7 -58 0
35 46 90 0
5 -61 -12 0
66 64 15 0
11 -93 91 0
-82 91 31 0
40 39 -10 0
-21 -40 -5 0
-6 -63 47 0
80 -58 -77 0
-83 45 68 0
23 -95 6 0
-49 -17 71 0
10 96 59 0
-8 90 -42 0
-61 -5 -96 0
43 64 12 0
-59 18 3 0
71 73 90 0
88 80 -63 0
-39 88 33 0
40 -4 -27 0
-32 -78 20 0
-44 18 -51 0
-34 74 17 0
-96 28 -21 0
76 42 -27 0
-36 34 63 0
-94 -58 -16 0
56 2 -15 0
-45 70 -90 0
16 77 -51 0
80 -18 35 0
-37 61 -65 0
25 55 -61 0
38 95 71 0
23 -17 -67 0
23 35 49 0
4 -90 -26 0
62 -4 63 0
9 -95 89 0
-28 -90 -30 0
68 76 -47 0
-94 74 37 0
-54 -33 -79 0
54 -53 -64 0
-60 -12 89 0
-49 29 42 0
-53 -78 -22 0
60 39 65 0
-37 -84 -63 0
-90 5 -96 0
65 22 30 0
12 -89 -36 0
-67 -52 -5 0
-11 -75 -81 0
-25 47 -35 0
10 90 -88 0
65 -23 25 0
18 -81 -70 0
-3 -11 25 0
-6 56 -78 0
-20 87 -23 0
-46 -77 60 0
37 78 -30 0
-47 52 27 0
-75 50 -21 0
34 21 -10 0
-90 -5 -7 0
-32 -46 25 0
18 30 56 0
-73 -35 16 0
-81 60 -88 0
1 -31 12 0
-74 -23 -59 0
-82 39 -10 0
-4 -28 -71 0
-48 -81 74 0
-10 28 -13 0
73 -61 83 0
-86 62 51 0
-7 59 67 0
-32 31 13 0
21 57 41 0
35 -44 37 0
-64 -78 -92 0
50 82 -37 0
-47 -24 34 0
-21 -8 4 0
-65 20 -85 0
-79 76 27 0
-75 -12 -79 0
64 -30 -23 0
73 95 88 0
-17 -87 15 0
21 78 84 0
11 68 21 0
83 49 -9 0
-75 86 -56 0
-29 24 15 0
-14 4 -15 0
-19 -91 15 0
-95 -86 -6 0
55 14 -67 0
2 39 95 0
-43 -66 -69 0
79 -24 72 0
-78 82 79 0
-31 -30 -17 0
-36 46 -70 0
86 9 89 0
6 13 -86 0
44 69 -53 0
-89 32 -59 0
29 -75 20 0
-67 -1 95 0
11 37 -41 0
4 96 3 0
-16 15 -31 0
-23 -83 -48 0
-14 -53 -55 0
88 -60 78 0
-56 -44 -89 0
-6 34 72 0
-3 47 -60 0
-91 21 -84 0
-53 85 51 0
-57 37 14 0
1 17 85 0
-93 27 -77 0
-49 -75 -30 0
-26 38 63 0
-29 -7 6 0
26 -41 65 0
44 4 50 0
-44 63 -52 0
-91 76 -3 0
-6 68 -12 0
39 72 -55 0
-20 -9 39 0
-77 -48 -32 0
54 43 15 0
19 -79 34 0
-75 5 23 0
74 9 78 0
78 11 -30 0
-36 79 81 0
5 -80 -56 0
10 8 56 0
4 -57 41 0
45 -34 -10 0
85 42 -83 0
-5 53 -58 0
-65 45 17 0
-25 78 -62 0
30 62 11 0
-34 11 -33 0
85 -21 24 0
-32 3 95 0
-24 26 -76 0
64 40 12 0
71 46 -56 0
58 83 -73 0
-71 -69 26 0
87 24 29 0
28 57 88 0
-80 -35 -83 0
-10 74 -54 0
-4 -27 -55 0
-2 -15 37 0
-92 -81 10 0
-51 79 67 0
-27 34 -30 0
52 27 61 0
8 -33 75 0
73 34 22 0
3 -33 -94 0
-30 -67 -21 0
-58 31 -64 0
-57 -35 -38 0
-56 74 -71 0
-55 -25 33 0
6 -49 -62 0
28 24 63 0
33 -79 15 0
40 57 41 0
74 71 -72 0
67 8 -76 0
8 88 69 0
86 -85 81 0
45 84 50 0
-37 8 79 0
-30 -73 -38 0
-69 -68 -9 0
64 63 -72 0
95 73 -39 0
-52 -44 -15 0
11 -27 -25 0
95 -47 26 0
-63 94 -17 0
-82 -73 56 0
-50 44 -36 0
11 4 -15 0
40 -73 -62 0
-90 -45 44 0
52 10 64 0
-20 -28 22 0
37 19 -35 0
31 37 95 0
55 -1 86 0
40 -49 -35 0
-47 7 11 0
14 -13 -85 0
-54 -29 -24 0
20 23 36 0
42 -43 -37 0
82 -83 40 0
87 -12 -25 0
33 -37 84 0
92 45 -82 0
-93 58 -14 0
-83 14 4 0
-48 -84 -15 0
-57 -79 63 0
33 54 56 0
31 59 -39 0
-4 67 8 0
-62 12 77 0
-82 90 -50 0
71 -28 96 0
87 -30 -93 0
18 -52 -29 0
-95 1 -41 0
68 -84 28 0
-8 -1 -57 0
22 10 16 0
85 -74 -75 0
34 -79 -24 0
20 -81 30 0
-57 -61 -44 0
79 -54 -4 0
-41 -2 -21 0
-83 -6 -66 0
4 7 43 0
47 -60 -33 0
-43 27 30 0
-25 -2 28 0
-93 -62 90 0
-5 35 -1 0
-30 -95 23 0
-66 73 68 0
-93 -1 -44 0
19 21 -62 0
-73 -61 44 0
36 -31 -76 0
-89 21 -93 0
38 -68 -80 0
25 -37 19 0
42 68 -45 0
-62 43 52 0
86 -85 42 0
80 -45 -5 0
-68 91 -57 0
-3 -56 62 0
53 49 -87 0
-20 48 -71 0
-29 95 91 0
-7 59 -84 0
-70 85 -22 0
-15 82 -1 0
2 -56 -19 0
22 77 45 0
-34 95 92 0
-17 -3 -90 0
77 72 -9 0
55 43 19 0
32 86 -29 0
-86 -66 -7 0
-2 27 -83 0
73 -58 -76 0
-10 -31 56 0
-36 -7 -93 0
-1 -45 -27 0
-86 19 29 0
66 -84 -86 0
-44 18 -60 0
-55 -96 -66 0
72 53 -25 0
-60 53 -51 0
-56 90 41 0
-45 -84 8 0
-76 -48 74 0
52 -76 -19 0
65 91 -49 0
34 50 -43 0
27 -18 28 0
-77 -37 -58 0
-7 56 46 0
41 87 51 0
-67 73 -25 0
-7 69 -70 0
-68 -47 92 0
24 43 91 0
71 87 -63 0
32 -34 -21 0
59 31 6 0
-86 7 -20 0
-37 83 14 0
-86 74 89 0
-91 -95 25 0
21 91 3 0
-32 17 -66 0
24 68 -39 0
-49 -2 -5 0
-62 20 51 0
-48 -9 -76 0
-53 43 -95 0
-30 36 60 0
-16 38 -68 0
25 -79 -60 0
55 -76 29 0
24 43 -28 0
59 -81 63 0
95 69 -94 0
