p 55 234
34 -5 41 0
-22 41 -47 0
-2 23 1 0
-30 18 -39 0
-55 43 -26 0
34 43 -27 0
4 19 -13 0
15 -34 31 0
-23 -5 -3 0
-28 11 -40 0
-6 9 41 0
46 2 32 0
-34 27 -11 0
-13 21 -20 0
11 26 -4 0
-34 8 -12 0
15 -12 -4 0
28 -36 -35 0
-50 -43 25 0
-19 -32 -30 0
34 28 8 0
-45 14 -25 0
-27 42 21 0
-39 33 6 0
36 -8 21 0
11 32 5 0
38 46 16 0
53 33 -1 0
48 -47 -21 0
45 -37 17 0
-32 -48 17 0
27 -14 49 0
27 37 -6 0
-53 35 -29 0
23 -38 27 0
17 -2 -52 0
-53 -2 44 0
7 -29 1 0
-26 41 40 0
-13 -23 -43 0
-45 -25 38 0
37 -28 -35 0
-18 -10 -44 0
-38 -52 4 0
2 10 26 0
-55 31 -18 0
-38 1 -6 0
-16 24 -33 0
42 49 1 0
-44 -30 11 0
39 -26 -13 0
-53 -22 -51 0
-49 6 35 0
-41 -15 44 0
-18 -26 -51 0
47 -16 -44 0
21 -54 13 0
-17 -14 46 0
27 -30 7 0
-22 -15 51 0
-40 -8 -34 0
-41 47 -44 0
28 -30 -41 0
-16 4 -3 0
-40 -41 -12 0
8 -21 34 0
-36 17 18 0
-43 32 49 0
-12 -33 -49 0
22 13 -55 0
5 53 14 0
-2 17 -54 0
53 54 -42 0
14 39 46 0
-35 -31 -52 0
-35 -49 -21 0
21 -2 -9 0
-14 -4 53 0
-6 -12 -11 0
27 -28 35 0
-46 43 49 0
-11 -13 39 0
26 4 -24 0
-25 -47 -19 0
-18 2 -28 0
7 48 4 0
22 55 41 0
-19 -14 10 0
-52 34 -30 0
46 -8 31 0
-35 15 7 0
-23 -50 -42 0
52 -43 -32 0
-26 18 -20 0
-38 -7 51 0
12 -50 -30 0
-42 -9 30 0
1 -13 11 0
6 40 -45 0
-9 43 -31 0
26 39 52 0
45 -35 31 0
4 11 15 0
-34 -4 27 0
-26 -21 -42 0
-38 -27 49 0
19 -7 -43 0
42 -1 -34 0
-31 7 33 0
-45 16 -52 0
-55 -21 -16 0
-6 -54 48 0
44 22 11 0
4 47 -22 0
-17 -31 -30 0
9 -28 -25 0
-32 53 33 0
46 11 -37 0
-51 -15 42 0
-26 -31 -11 0
54 -3 -22 0
-17 -6 11 0
-32 -24 55 0
-42 20 1 0
-6 17 51 0
-46 27 -33 0
6 -45 -21 0
31 -47 28 0
-16 10 -29 0
8 -39 -11 0
-11 10 -47 0
45 -8 13 0
-34 -39 42 0
42 47 24 0
-34 -4 -5 0
10 -51 13 0
-3 -20 41 0
38 51 -33 0
50 24 55 0
-5 47 -25 0
37 14 -6 0
-18 -9 -4 0
43 -14 27 0
4 17 36 0
-6 32 48 0
-11 16 -33 0
-1 -54 40 0
-32 13 38 0
-14 -29 -12 0
-9 6 -36 0
53 36 4 0
-18 33 -32 0
6 9 41 0
-14 -38 -18 0
-2 -7 54 0
40 15 -38 0
30 -50 -35 0
22 -54 14 0
-16 28 -50 0
47 -3 5 0
14 -27 40 0
16 -8 -37 0
54 -5 25 0
-50 -27 12 0
-10 40 6 0
32 -23 5 0
-29 -53 -30 0
3 54 -9 0
-23 -47 48 0
50 -16 7 0
7 13 43 0
21 -12 -45 0
2 -31 -42 0
-32 -14 -1 0
-42 -7 26 0
-46 -8 -54 0
-12 9 -46 0
28 50 -27 0
21 -40 -48 0
32 26 3 0
-30 35 -51 0
4 9 24 0
26 30 45 0
45 11 43 0
-41 10 39 0
26 52 48 0
-13 -15 -28 0
52 26 37 0
16 54 -43 0
-37 48 -12 0
4 21 42 0
-50 -6 -42 0
-31 38 -8 0
47 39 -22 0
-24 -6 -41 0
2 40 -44 0
-2 -20 -41 0
47 44 40 0
21 14 -30 0
-36 23 -5 0
-12 42 -34 0
15 42 -10 0
-17 40 13 0
20 18 12 0
-33 9 -10 0
25 -50 48 0
-9 36 -38 0
8 -42 46 0
31 43 16 0
-55 25 -45 0
31 -45 12 0
-15 40 29 0
-37 -6 10 0
-18 44 -20 0
10 -28 -46 0
22 12 32 0
-8 -52 32 0
-40 34 53 0
-15 -4 31 0
4 -14 52 0
4 -47 45 0
-52 22 12 0
-44 47 16 0
-13 20 16 0
-9 -42 7 0
-48 6 4 0
-55 28 15 0
52 -26 30 0
-40 25 46 0
-2 -40 -10 0
31 23 37 0
40 -51 29 0
51 -54 8 0
53 23 24 0
