p 31 132
-24 -7 -12 0
-30 2 7 0
19 -9 15 0
-14 -6 7 0
19 -21 3 0
-3 14 -26 0
-12 27 26 0
-22 -12 6 0
-31 -22 15 0
-25 1 -20 0
-17 3 21 0
6 7 -12 0
-31 13 -15 0
5 -2 28 0
22 -19 -7 0
24 -28 -4 0
-10 -17 15 0
7 23 -26 0
19 26 20 0
8 11 12 0
-3 30 21 0
-5 25 -1 0
-22 -25 -11 0
-17 15 -26 0
31 7 9 0
-23 24 19 0
4 14 -19 0
22 -8 3 0
24 -9 20 0
16 27 19 0
15 -2 -9 0
30 29 -17 0
-31 -9 -22 0
-23 25 -7 0
-26 -14 -5 0
20 25 5 0
-9 -21 6 0
12 23 22 0
-25 5 -11 0
-18 14 7 0
-17 -30 27 0
-31 -13 23 0
-29 -25 -22 0
12 9 2 0
29 -16 26 0
22 -3 17 0
4 -15 7 0
-24 -3 -6 0
30 -22 -4 0
-20 -12 11 0
-6 -19 -17 0
12 21 -5 0
-25 31 -22 0
30 31 21 0
-6 20 -8 0
25 26 -28 0
1 -19 -11 0
28 10 -20 0
30 -3 22 0
-30 -19 4 0
-19 -21 30 0
28 -23 31 0
24 -4 2 0
25 -3 9 0
-14 -28 31 0
-22 13 2 0
-14 20 23 0
27 21 13 0
1 -2 10 0
2 -22 30 0
4 7 2 0
-8 -24 11 0
3 12 1 0
-30 -26 -13 0
5 30 1 0
19 -3 6 0
24 -31 -27 0
10 -7 26 0
-24 29 -16 0
15 -29 -28 0
-8 -13 -14 0
-25 31 17 0
8 -27 -26 0
31 -14 -12 0
14 -31 16 0
19 22 12 0
3 -7 -27 0
-29 30 -20 0
-7 -16 -22 0
-11 6 29 0
-7 -27 -20 0
-15 17 -23 0
-17 -31 -14 0
30 -17 -31 0
-3 31 -14 0
11 19 23 0
26 -11 -3 0
-10 13 27 0
-2 -7 -1 0
8 -20 12 0
-25 16 23 0
-8 27 -25 0
6 7 -10 0
-8 27 -30 0
26 7 -25 0
-23 -18 -2 0
-29 23 -7 0
-23 -28 -7 0
25 -31 23 0
-19 21 -16 0
-15 25 31 0
-5 1 6 0
27 -30 16 0
-22 2 17 0
-31 7 11 0
-7 -18 -1 0
-14 -23 -21 0
-4 7 -31 0
-25 21 5 0
6 -18 13 0
-11 23 -6 0
11 -10 -4 0
19 4 -2 0
-28 -26 14 0
15 24 -10 0
-16 15 -19 0
7 -10 4 0
-27 -4 -31 0
23 -25 -3 0
-25 5 -12 0
8 -7 -26 0
-25 16 -31 0
