p 56 238
3 10 -39 0
53 32 16 0
1 -21 -51 0
16 -19 18 0
18 -24 16 0
-27 46 49 0
-56 15 -9 0
-4 -30 -55 0
25 -6 5 0
24 5 -9 0
27 -48 7 0
-40 54 2 0
-2 50 -26 0
43 -20 -50 0
47 33 -25 0
-39 -17 -25 0
3 -44 15 0
-16 48 -20 0
54 -35 -32 0
7 5 -15 0
-40 18 -47 0
45 23 24 0
43 23 -29 0
-13 54 26 0
54 -24 4 0
7 26 48 0
39 -2 -19 0
-38 -29 -2 0
36 37 5 0
22 -23 -9 0
-5 11 1 0
36 -18 34 0
-21 36 39 0
-11 -37 -24 0
-52 -46 50 0
-52 13 -29 0
-16 -33 -48 0
16 -56 4 0
-47 -40 29 0
3 -51 -27 0
-51 -24 -18 0
-4 54 23 0
-19 -40 36 0
15 -26 -7 0
41 26 -40 0
48 -2 -51 0
56 -44 11 0
34 3 52 0
-4 16 55 0
5 -8 -18 0
9 -4 -55 0
44 -53 36 0
9 -49 -7 0
41 -6 -3 0
30 14 8 0
30 7 5 0
-18 8 -52 0
-25 24 -31 0
47 45 -14 0
-56 26 -12 0
14 -47 19 0
-46 -53 -52 0
24 -21 -44 0
-35 -47 14 0
-44 5 20 0
-45 -36 -30 0
38 9 -50 0
29 -48 -56 0
-7 46 -27 0
32 21 -8 0
27 -23 30 0
-26 16 -25 0
-2 22 54 0
-34 -6 -30 0
-24 -32 -7 0
51 50 -26 0
5 -51 6 0
42 43 34 0
-11 14 -34 0
-56 22 -2 0
-28 49 4 0
47 -5 -17 0
-23 -45 12 0
-21 -19 -39 0
16 -10 55 0
40 1 39 0
18 -24 -22 0
-33 49 25 0
37 43 9 0
-56 38 -12 0
-20 34 38 0
-39 -27 50 0
-13 6 44 0
-5 6 -7 0
38 -43 -40 0
1 -46 53 0
-2 -51 19 0
-37 -47 17 0
-39 -6 49 0
23 -3 -15 0
-27 34 20 0
-48 40 29 0
27 13 -47 0
42 13 -52 0
-24 -42 -55 0
-9 29 26 0
25 -23 -1 0
-45 -15 50 0
-37 23 46 0
-6 4 55 0
-14 29 -33 0
-42 26 -55 0
2 23 46 0
33 25 -17 0
-9 10 44 0
-51 -23 46 0
-21 42 -48 0
33 25 12 0
14 -27 -15 0
-46 -47 -36 0
3 30 20 0
55 -46 -20 0
11 31 21 0
-6 -41 2 0
-9 -16 -29 0
56 30 49 0
-27 55 40 0
-40 -51 13 0
-42 -48 -28 0
41 -55 -46 0
29 2 -16 0
44 52 -46 0
49 -44 37 0
-16 10 -43 0
-44 41 47 0
-48 25 28 0
-14 -23 -6 0
-38 -50 -28 0
-18 2 -43 0
24 46 -16 0
49 42 23 0
-31 -38 -50 0
-39 18 -21 0
31 -34 49 0
-20 -6 -3 0
13 4 -26 0
43 -3 -5 0
-25 -10 -15 0
-1 54 47 0
-52 -55 -32 0
11 -18 -15 0
-45 -38 -52 0
-35 -24 -26 0
56 18 -28 0
39 8 -9 0
24 -10 -13 0
-9 -51 -34 0
1 22 -50 0
-31 33 -30 0
52 -14 -8 0
13 17 -53 0
-22 18 30 0
3 -33 35 0
-5 -23 -48 0
-21 8 35 0
5 -26 35 0
47 -16 -19 0
-38 15 -37 0
-3 -52 -30 0
-26 54 5 0
-18 22 8 0
-3 10 2 0
-46 -7 56 0
26 -28 30 0
40 -22 -33 0
6 -19 9 0
-49 -47 -20 0
-30 26 19 0
22 51 2 0
42 -40 -21 0
-46 10 33 0
6 -19 -55 0
15 -21 35 0
34 7 38 0
-41 50 -46 0
-41 -46 4 0
7 -48 -51 0
48 40 52 0
33 49 56 0
19 -47 -40 0
24 -37 -31 0
-29 -38 47 0
-21 -31 42 0
-18 22 28 0
49 -46 56 0
42 -14 43 0
49 43 -19 0
37 -50 -45 0
7 55 50 0
4 -56 21 0
-49 -12 14 0
29 -12 -8 0
6 18 -53 0
2 -26 41 0
-42 -24 18 0
31 -42 8 0
-38 -27 -22 0
23 25 50 0
-27 32 -35 0
-36 37 -54 0
-13 54 -15 0
-36 -7 1 0
31 -50 -30 0
54 45 -4 0
-28 -17 42 0
43 52 -41 0
-34 -49 -14 0
-38 -26 -36 0
-30 43 24 0
-1 21 -30 0
13 -39 28 0
-44 48 20 0
-37 25 11 0
36 46 -4 0
-5 -9 20 0
5 40 24 0
-10 14 25 0
-22 -6 -49 0
55 19 -53 0
-24 -22 -37 0
-38 23 -43 0
12 36 -39 0
-24 -31 -30 0
31 46 -1 0
18 16 7 0
54 52 37 0
-45 52 18 0
49 -50 -48 0
