p 71 302
52 36 -41 0
-32 27 -64 0
-16 13 35 0
-7 -27 -31 0
-53 57 -63 0
-41 10 -36 0
-3 -57 9 0
-12 3 62 0
24 -22 -68 0
1 31 -65 0
40 69 26 0
-10 -31 -61 0
8 22 -7 0
-19 67 36 0
60 58 13 0
12 -21 13 0
-54 -68 -63 0
-8 -41 56 0
4 31 -29 0
-27 -22 -55 0
70 26 -41 0
-48 -47 -8 0
55 -6 23 0
61 20 -10 0
-11 40 29 0
-59 54 61 0
-58 -33 49 0
65 41 5 0
-8 4 36 0
68 8 16 0
-35 -48 -33 0
13 -25 -68 0
-39 59 -6 0
26 -27 -46 0
-49 71 6 0
5 -71 -3 0
45 60 65 0
-58 -40 -18 0
62 40 45 0
-25 41 -29 0
26 -22 65 0
57 -27 53 0
-62 -64 -47 0
-46 -58 67 0
-52 40 38 0
-11 -35 16 0
-21 22 -26 0
30 39 -43 0
17 54 -41 0
-22 31 33 0
64 -59 -46 0
-43 -15 -53 0
-38 -61 -43 0
-52 10 13 0
-9 46 -5 0
2 62 -20 0
70 -41 -36 0
35 5 -7 0
63 34 68 0
57 33 -4 0
65 18 -9 0
66 -51 6 0
71 61 10 0
-62 8 56 0
-9 56 -17 0
36 63 -32 0
2 -49 65 0
46 -37 61 0
-42 -28 54 0
-13 -4 37 0
28 -49 -23 0
53 -7 -21 0
13 56 69 0
68 25 29 0
16 -10 -63 0
47 -12 -14 0
-4 -32 -25 0
45 -51 24 0
-64 -52 6 0
-40 -10 44 0
-14 -5 39 0
33 3 16 0
68 -43 -32 0
55 67 41 0
9 -63 15 0
56 22 3 0
52 -58 26 0
-49 54 -55 0
-52 -55 36 0
-66 -64 -50 0
-55 62 -64 0
-9 -63 6 0
-13 39 -59 0
-36 -21 -49 0
24 28 -3 0
33 63 10 0
7 -4 62 0
-8 -50 -37 0
16 -15 41 0
26 -21 63 0
56 -55 -19 0
-62 -42 -65 0
-8 -61 48 0
-69 50 15 0
32 -40 -15 0
-33 56 2 0
43 54 -39 0
-58 -14 21 0
-69 70 17 0
30 57 66 0
-2 -41 27 0
29 63 5 0
-1 21 37 0
-62 -60 33 0
40 -12 -61 0
3 59 32 0
23 -42 20 0
70 12 50 0
-37 43 -61 0
-23 3 56 0
-59 57 -51 0
49 -18 21 0
29 51 -7 0
-4 42 -53 0
-62 20 43 0
68 67 -58 0
-1 55 -28 0
-70 -50 -48 0
35 13 45 0
22 60 41 0
59 20 48 0
4 -58 -56 0
70 -38 1 0
-35 -30 -54 0
34 -32 -42 0
63 -37 44 0
32 62 -57 0
-26 -21 7 0
46 -58 10 0
-10 -69 -42 0
7 -54 -59 0
36 9 11 0
48 -22 -3 0
51 36 56 0
-30 -9 33 0
3 -40 36 0
-9 26 8 0
44 -23 15 0
24 -27 71 0
-51 63 27 0
-49 -15 -17 0
-65 52 -61 0
67 -64 -2 0
32 53 -4 0
50 8 -31 0
-34 8 -9 0
-51 71 35 0
15 -35 -45 0
46 -40 -62 0
48 -66 -42 0
-53 27 20 0
-20 -33 53 0
8 -12 4 0
-19 -30 59 0
60 40 -45 0
40 21 43 0
3 -40 70 0
-64 -18 -7 0
-63 -23 -10 0
-22 57 20 0
48 46 -16 0
27 -28 -35 0
51 28 -20 0
30 -52 -48 0
7 -46 -63 0
-36 70 69 0
-38 -33 -15 0
-50 -20 62 0
-45 -51 -35 0
71 35 -2 0
46 53 -18 0
-56 -7 38 0
32 -3 34 0
31 -29 22 0
1 -44 -21 0
-40 -57 -68 0
48 -9 10 0
-48 -58 -44 0
-54 -7 -10 0
-44 35 -54 0
13 -2 -60 0
-8 -6 38 0
42 -70 30 0
53 18 25 0
15 -18 -53 0
3 -8 65 0
32 -63 -54 0
-10 48 -18 0
-50 -32 39 0
6 54 19 0
23 63 -32 0
-51 -9 -62 0
23 -39 11 0
21 -68 -57 0
18 -34 66 0
19 -7 -39 0
68 -53 4 0
17 21 -41 0
10 -24 -6 0
-46 62 -43 0
45 10 50 0
32 -37 -5 0
-24 -50 42 0
5 59 7 0
53 -59 46 0
-26 -8 -25 0
3 9 4 0
-63 -41 14 0
40 -2 -44 0
-17 5 58 0
4 62 58 0
-71 -14 39 0
-20 21 -71 0
71 -42 28 0
-66 12 -34 0
62 -69 60 0
-13 -36 -4 0
9 -22 42 0
-64 46 -71 0
20 43 44 0
55 16 -68 0
15 -41 64 0
37 -46 -57 0
10 38 -48 0
57 20 18 0
-62 -20 -63 0
18 51 69 0
25 -62 12 0
27 -1 -56 0
45 -14 34 0
-47 -65 -45 0
-21 -1 22 0
-1 51 -55 0
-22 31 30 0
-68 -69 -60 0
12 46 -38 0
23 60 67 0
-37 67 20 0
-10 -62 -14 0
-9 -7 -15 0
35 29 -30 0
-67 -57 8 0
42 67 36 0
41 -22 26 0
1 -38 2 0
2 -12 61 0
28 39 17 0
-45 10 -41 0
-31 69 -9 0
10 67 -46 0
16 58 37 0
61 -36 9 0
63 -13 7 0
-12 36 -55 0
67 31 36 0
-13 5 -24 0
49 22 69 0
-71 -1 59 0
-33 -64 -42 0
-33 27 55 0
16 -31 38 0
38 -13 -64 0
12 -24 66 0
35 -54 -39 0
-2 -66 -20 0
2 -10 29 0
-35 -37 44 0
25 -69 28 0
-10 -7 -53 0
25 -46 56 0
20 -4 65 0
-19 -31 47 0
-37 -34 25 0
70 52 10 0
-23 53 48 0
40 44 -17 0
45 30 33 0
52 35 -11 0
44 13 -58 0
-5 -59 24 0
4 -71 -52 0
43 55 -69 0
28 -64 -19 0
57 -58 50 0
43 29 36 0
55 66 29 0
4 -51 7 0
-65 59 9 0
9 -47 23 0
12 -56 27 0
-49 10 32 0
24 -49 -7 0
