p 76 323
58 76 -22 0
-21 7 71 0
27 -32 54 0
63 -24 -31 0
55 -27 73 0
-37 -62 5 0
68 -76 -25 0
53 9 25 0
35 -63 -16 0
-36 -71 2 0
-62 43 38 0
-44 -11 -70 0
33 3 9 0
12 29 43 0
-1 -14 12 0
50 -2 59 0
-67 30 44 0
3 33 45 0
-47 -72 -74 0
69 -65 9 0
14 -30 56 0
-44 -11 -28 0
11 6 72 0
-46 40 -50 0
-60 6 38 0
-45 -14 33 0
-54 32 -59 0
-19 72 73 0
51 26 -69 0
-25 -39 66 0
13 -4 -43 0
61 -24 -72 0
11 6 55 0
59 54 2 0
60 16 66 0
-10 -49 -6 0
-20 -27 -51 0
5 -45 -4 0
25 75 -26 0
59 -42 28 0
63 -40 33 0
23 25 -26 0
-70 32 33 0
67 45 -59 0
-27 -1 -63 0
-39 -62 45 0
8 54 -45 0
36 -5 -33 0
45 -30 -17 0
43 -38 64 0
37 52 27 0
6 -25 2 0
-56 -73 -22 0
50 -58 52 0
-72 25 38 0
12 -7 -63 0
37 15 -12 0
54 24 63 0
33 -4 26 0
-53 68 7 0
-30 -64 -7 0
-2 -41 48 0
35 54 5 0
20 4 -68 0
-76 54 -11 0
-74 -39 -33 0
-21 -43 -15 0
18 19 -31 0
23 -51 -75 0
13 -28 -56 0
-61 3 13 0
61 -2 -15 0
56 3 -67 0
-72 -36 1 0
72 45 36 0
73 55 -52 0
-16 -15 11 0
63 39 60 0
5 30 -66 0
-55 20 47 0
23 -7 14 0
-61 -62 48 0
-47 74 -64 0
53 -18 37 0
18 30 -52 0
11 26 60 0
-1 41 -36 0
-17 44 -28 0
31 65 -60 0
68 33 31 0
-39 69 -48 0
32 -18 42 0
76 -75 -49 0
3 60 25 0
-61 -50 -75 0
3 21 -62 0
-12 39 -73 0
71 39 53 0
52 -16 60 0
-56 -37 -30 0
3 -37 -70 0
5 66 -38 0
53 -68 -60 0
5 -44 43 0
-32 -5 66 0
-7 3 54 0
37 11 -55 0
-66 -73 35 0
-24 -48 18 0
68 61 -9 0
53 76 -51 0
35 -76 46 0
71 54 2 0
29 48 50 0
-44 -60 68 0
41 8 66 0
24 -25 -31 0
-34 58 76 0
72 -76 50 0
13 -50 -32 0
25 68 -69 0
56 47 -2 0
58 -31 33 0
20 65 11 0
75 -68 22 0
7 -74 32 0
-57 28 -58 0
-60 -14 55 0
52 48 18 0
-70 58 43 0
65 24 32 0
67 46 -59 0
45 3 75 0
48 62 -50 0
-4 -18 17 0
19 -34 -37 0
-22 65 40 0
60 -68 -46 0
-11 15 54 0
66 67 54 0
31 -37 14 0
48 66 -26 0
-61 -7 54 0
-51 -28 3 0
37 -46 -42 0
-18 -40 -48 0
75 22 37 0
59 71 -43 0
74 48 58 0
66 68 28 0
-45 3 39 0
-23 -60 48 0
-45 -69 44 0
10 -57 -6 0
-70 10 -30 0
-23 -72 45 0
-25 -66 -73 0
-39 -58 66 0
-63 -70 -40 0
50 -59 46 0
75 8 48 0
-54 -67 65 0
-10 16 -49 0
-31 -43 -61 0
-39 74 53 0
-37 -12 -52 0
58 13 -66 0
-76 67 35 0
16 -37 -43 0
55 -45 46 0
60 -51 -55 0
-28 13 -43 0
-58 -48 66 0
52 34 -4 0
-68 55 8 0
-15 3 -57 0
9 -53 -43 0
-55 -1 -50 0
-9 54 -36 0
-58 -57 -41 0
41 -73 28 0
-58 23 -1 0
-13 25 -23 0
23 -57 -8 0
-2 46 66 0
-57 -25 38 0
-41 -68 70 0
16 -51 -47 0
1 -8 -49 0
-59 -2 -63 0
-1 48 -59 0
66 -24 2 0
-16 59 -38 0
-32 -7 71 0
66 -35 -18 0
-22 29 -19 0
-9 11 -49 0
-10 -34 56 0
-38 35 -13 0
31 12 -42 0
-73 62 -32 0
48 30 1 0
-17 -7 69 0
-57 45 -7 0
71 -46 -62 0
26 -13 -14 0
56 -43 19 0
-11 -59 -75 0
21 -6 -22 0
58 42 35 0
38 -16 18 0
25 -72 -67 0
29 41 -54 0
-73 -41 58 0
-43 -75 -70 0
-3 -7 -49 0
16 53 -5 0
-56 -36 42 0
-35 -31 33 0
74 64 -20 0
48 40 30 0
3 4 2 0
-2 -62 22 0
50 76 67 0
12 33 -7 0
72 55 -41 0
-36 -57 -10 0
-14 12 67 0
-24 59 -75 0
-58 51 2 0
-67 -13 69 0
-16 -21 -63 0
-24 -75 -63 0
22 71 -16 0
-51 38 -9 0
76 45 -73 0
-65 -38 -42 0
42 28 -5 0
50 -36 -19 0
-15 63 8 0
-44 12 -46 0
49 1 -7 0
74 -37 -21 0
-12 -22 -51 0
-66 44 68 0
72 -35 34 0
-65 -37 46 0
23 59 -41 0
-37 11 -36 0
67 -66 31 0
-60 17 31 0
20 -57 68 0
55 69 39 0
-61 -37 33 0
-26 62 -31 0
51 -66 -54 0
28 64 21 0
-72 -2 -41 0
4 1 -24 0
-11 -4 13 0
50 -11 16 0
29 -69 50 0
-10 -50 9 0
51 -50 65 0
-9 14 7 0
4 -21 -40 0
18 -51 -47 0
73 59 51 0
31 -41 -33 0
13 37 26 0
24 12 -15 0
-50 -51 12 0
-14 31 41 0
4 53 -40 0
34 -76 -65 0
52 19 51 0
12 30 40 0
43 39 -40 0
30 -47 -43 0
72 58 -60 0
-25 39 30 0
51 -45 40 0
-57 -43 -5 0
16 -63 -3 0
-49 60 46 0
56 -43 69 0
-48 65 -1 0
-49 58 20 0
-72 76 -58 0
5 63 67 0
56 1 -35 0
23 29 -35 0
-68 14 55 0
-34 -23 -18 0
-30 17 -53 0
64 75 -15 0
-39 25 3 0
17 62 -28 0
-11 22 66 0
21 -41 39 0
-76 -40 33 0
36 -49 13 0
-4 51 -14 0
-8 6 -58 0
-51 53 27 0
-35 -10 -52 0
44 24 23 0
-56 13 -12 0
-11 49 -48 0
-9 -46 -25 0
17 -60 -30 0
-12 18 -8 0
-62 75 -3 0
5 -27 63 0
-18 -51 56 0
-23 -35 46 0
7 26 -31 0
-55 -17 -67 0
23 14 47 0
-42 35 -61 0
-10 -50 -27 0
-69 13 -21 0
-29 -76 -31 0
