p 66 281
31 54 -39 0
-35 24 -41 0
-7 37 -30 0
59 -20 8 0
20 3 -56 0
47 -23 -62 0
45 29 14 0
66 -57 -3 0
-25 42 -33 0
-11 -47 -34 0
-11 -31 48 0
-51 54 52 0
-58 -25 27 0
18 22 63 0
-28 19 26 0
7 -18 -61 0
-14 7 21 0
-4 64 -65 0
5 -35 -32 0
35 -19 15 0
18 16 -2 0
-12 66 57 0
-16 17 -45 0
27 -9 -19 0
-3 -13 -41 0
37 -13 57 0
-36 56 -29 0
40 -48 36 0
-8 -9 -5 0
57 46 40 0
38 16 53 0
51 10 61 0
11 -20 25 0
-35 -62 -2 0
38 -53 52 0
13 15 -46 0
15 -31 -13 0
15 -19 -54 0
11 41 47 0
1 -48 -17 0
-37 18 62 0
-32 14 36 0
-26 30 -23 0
21 45 -62 0
28 -17 -15 0
50 -5 52 0
-65 9 59 0
60 32 1 0
2 -57 -64 0
-11 -42 21 0
23 -50 3 0
4 66 65 0
-62 55 -30 0
29 -59 53 0
-16 -52 -39 0
27 -59 50 0
-3 -39 44 0
-16 38 -22 0
50 -34 43 0
26 -46 -65 0
-55 19 -58 0
29 -42 -8 0
19 33 26 0
19 -50 13 0
-8 -53 2 0
65 46 -38 0
13 39 -24 0
-54 4 -50 0
-21 58 -34 0
3 21 56 0
60 -34 -53 0
-43 -46 -4 0
-8 64 -27 0
66 -40 49 0
-36 -2 20 0
59 7 -17 0
33 -41 -30 0
-20 -60 -31 0
48 59 17 0
-26 -17 23 0
23 11 33 0
-35 27 13 0
-29 41 32 0
-8 3 52 0
38 -45 -13 0
-7 -1 -5 0
52 64 35 0
-48 25 17 0
-26 -2 -66 0
46 -23 -43 0
-47 48 -29 0
35 32 21 0
35 14 51 0
17 -7 39 0
-49 18 34 0
8 -56 53 0
-47 -50 -49 0
-18 -53 -30 0
21 -5 17 0
54 32 47 0
-3 -14 -18 0
-18 -7 -39 0
29 43 54 0
40 -15 38 0
52 -53 -51 0
-24 -64 13 0
2 -25 27 0
9 2 31 0
-40 -61 -25 0
21 -44 22 0
-46 -16 -43 0
-62 47 64 0
-21 16 44 0
-62 63 -60 0
44 25 -41 0
53 -17 -22 0
24 46 15 0
-52 12 -41 0
-3 -20 -7 0
16 -38 36 0
29 -33 39 0
43 57 65 0
52 -50 23 0
66 48 13 0
63 -10 55 0
-55 -47 20 0
1 34 -30 0
-7 11 -9 0
-27 61 3 0
-56 58 7 0
36 -34 -24 0
15 7 28 0
-18 43 14 0
66 4 64 0
-5 31 -34 0
-39 4 58 0
-54 20 -50 0
9 -54 10 0
-62 7 50 0
39 -5 -62 0
24 -47 13 0
-49 19 13 0
-11 -33 -35 0
50 6 42 0
-22 30 -64 0
5 -53 61 0
14 53 46 0
-34 66 -7 0
43 55 22 0
24 9 55 0
43 29 -48 0
55 12 15 0
50 49 -66 0
-42 39 -65 0
29 45 -3 0
-60 32 -7 0
-40 17 57 0
-34 -20 41 0
-7 44 -23 0
-49 22 -8 0
33 -65 -31 0
14 -15 40 0
-1 -43 2 0
64 -50 -24 0
66 -58 49 0
-56 38 -7 0
-28 21 59 0
57 -62 19 0
64 -63 -24 0
-35 -44 -47 0
35 33 -55 0
45 26 48 0
34 23 58 0
20 19 -53 0
-26 -21 -28 0
-66 34 37 0
-21 40 55 0
-44 20 52 0
40 -42 46 0
-18 31 25 0
-16 -38 31 0
47 -64 10 0
13 -6 33 0
-39 46 51 0
25 -23 46 0
-10 -57 -56 0
-21 22 -19 0
27 -57 -21 0
-20 61 33 0
-29 21 6 0
45 64 -43 0
-60 -53 -18 0
39 60 -5 0
-41 -40 38 0
-56 8 18 0
-48 38 53 0
5 -20 19 0
14 -16 -21 0
-27 33 54 0
-4 -60 24 0
60 -32 55 0
35 -31 -45 0
55 -56 -64 0
28 47 -43 0
51 18 39 0
26 -13 59 0
-16 -46 32 0
-45 -29 -36 0
-65 62 -47 0
8 -27 19 0
54 19 -25 0
-43 66 65 0
42 -39 19 0
-42 60 36 0
50 -17 33 0
-51 -53 45 0
-4 62 -26 0
-33 17 -46 0
-25 8 -38 0
38 -59 -58 0
-34 15 6 0
3 5 34 0
16 -11 -42 0
-53 46 -16 0
61 -9 -25 0
-9 47 -5 0
-35 59 -23 0
-1 57 -53 0
-41 -65 39 0
-66 -53 -48 0
33 -60 61 0
-13 -47 -64 0
6 10 50 0
-66 -3 33 0
53 22 -21 0
57 -37 -44 0
-49 -51 15 0
-27 -35 43 0
47 4 -63 0
-12 61 -60 0
-32 -26 -66 0
38 14 -2 0
-5 -39 -49 0
17 -6 25 0
-46 -61 30 0
-21 -54 12 0
4 24 11 0
54 47 -44 0
4 -34 -53 0
38 62 -46 0
41 -59 32 0
-39 8 59 0
15 -2 -32 0
-35 10 -29 0
57 26 38 0
-5 62 -22 0
-62 -46 38 0
-17 -40 44 0
-8 59 -37 0
31 44 -58 0
61 -35 1 0
-43 64 53 0
18 6 1 0
29 -11 1 0
-44 -6 -26 0
-41 -56 45 0
-23 -16 49 0
-9 -39 57 0
-18 -25 -43 0
-36 3 -18 0
-4 63 34 0
56 -46 -1 0
-49 -53 15 0
-8 12 51 0
-52 -36 16 0
63 17 13 0
-45 61 -7 0
-30 53 -26 0
2 42 21 0
40 6 -65 0
41 -51 -56 0
