p 29 123
-27 8 26 0
-27 14 -7 0
-28 -18 5 0
-25 -6 23 0
5 -28 -29 0
-28 -2 23 0
26 -29 17 0
15 4 28 0
-25 -1 28 0
-24 13 -14 0
5 12 19 0
20 16 23 0
-10 -12 -3 0
17 -18 7 0
-4 14 -1 0
-15 -17 -18 0
27 14 -5 0
-12 -13 -23 0
23 3 -28 0
-23 12 7 0
-9 26 -23 0
24 11 12 0
12 21 6 0
14 -16 24 0
26 19 -16 0
25 -8 -19 0
23 -3 -11 0
-8 18 11 0
16 3 -12 0
-27 -20 7 0
-17 -16 -10 0
20 22 4 0
27 -10 -17 0
-5 -28 2 0
-20 18 21 0
-13 -23 5 0
4 28 -22 0
9 -3 -21 0
20 -17 2 0
16 1 -12 0
-3 -12 -26 0
16 -2 17 0
10 -12 3 0
28 23 11 0
19 24 -22 0
27 -22 -9 0
-6 -1 -15 0
-12 24 -11 0
-18 -13 -12 0
25 14 -18 0
14 16 8 0
-5 -3 -14 0
23 -14 5 0
9 25 -8 0
8 27 -5 0
27 -21 6 0
-6 26 5 0
-19 11 6 0
1 -13 -7 0
13 -12 28 0
-13 11 -18 0
11 14 -13 0
-19 -18 -14 0
7 -1 -24 0
23 -12 -10 0
-16 -24 17 0
-23 -5 18 0
-12 6 19 0
29 -26 15 0
27 26 -6 0
19 28 4 0
1 -14 17 0
12 -9 -4 0
-25 -19 20 0
-10 1 -27 0
19 11 28 0
22 -19 26 0
27 -3 25 0
-27 22 25 0
27 -10 4 0
-28 -9 -26 0
-12 9 19 0
-21 28 -5 0
-5 29 16 0
8 -28 4 0
-2 -7 10 0
8 23 -12 0
19 -24 20 0
22 -7 29 0
-20 15 -7 0
-17 -11 28 0
-27 -2 6 0
-21 13 27 0
-3 28 10 0
22 15 -28 0
-18 -25 2 0
2 22 18 0
29 -18 -3 0
26 1 14 0
-5 12 18 0
10 20 -25 0
-26 6 25 0
-22 27 -9 0
25 -14 20 0
-17 10 -8 0
-4 -3 -18 0
6 -27 -10 0
-2 6 16 0
1 3 -15 0
-28 -25 -27 0
12 27 -16 0
2 -10 21 0
-7 -27 -4 0
9 -1 23 0
2 -25 -20 0
-23 -29 14 0
27 -11 6 0
-8 -12 5 0
17 -22 -16 0
-13 1 -22 0
27 12 10 0
-22 9 -10 0
6 -21 -15 0
