p 92 391
-90 -61 -81 0
-81 -34 89 0
-68 10 33 0
17 -13 69 0
18 12 -63 0
84 -81 -66 0
-49 -55 90 0
90 -83 14 0
-39 -41 -50 0
-52 20 61 0
-20 -27 -45 0
89 88 79 0
-34 -70 73 0
91 7 -13 0
-56 -75 32 0
-32 -2 75 0
4 -3 -44 0
66 -67 -21 0
-40 -82 54 0
21 -17 -1 0
-64 48 76 0
70 -38 71 0
81 -69 39 0
-46 -82 39 0
-39 -86 85 0
-44 -37 3 0
-75 -35 23 0
-51 32 -63 0
80 -32 59 0
15 -68 -77 0
82 -71 32 0
24 -15 7 0
86 85 13 0
-83 -43 22 0
-14 15 -36 0
-35 56 11 0
-44 5 -13 0
35 80 64 0
-32 31 67 0
-54 87 62 0
-60 -47 48 0
86 -91 1 0
35 -14 26 0
56 35 81 0
33 32 -9 0
1 52 60 0
-90 57 36 0
44 83 77 0
92 28 62 0
-64 63 -66 0
67 57 -7 0
85 66 -45 0
41 -77 -13 0
-16 49 46 0
-12 -55 -92 0
46 66 -86 0
-36 -82 73 0
42 -80 88 0
-22 40 82 0
-47 -53 24 0
-11 -92 78 0
-50 -73 24 0
6 88 -12 0
-17 -40 72 0
91 71 -38 0
44 84 -61 0
75 71 82 0
-61 -15 -55 0
-48 -12 92 0
-48 -81 20 0
40 -49 -53 0
-64 29 63 0
40 30 -22 0
-25 33 9 0
13 -49 -26 0
52 -12 53 0
49 -60 39 0
-49 -90 64 0
73 -58 34 0
71 -75 -61 0
64 43 -73 0
-82 9 -66 0
-14 -62 76 0
88 -82 89 0
70 33 -16 0
90 12 75 0
35 55 60 0
-8 -58 65 0
81 28 12 0
28 14 79 0
6 -55 -72 0
32 45 -71 0
68 -85 60 0
90 -37 -15 0
64 -88 44 0
-1 -9 28 0
19 -74 -85 0
82 74 1 0
-9 -56 -4 0
37 -30 6 0
-52 -55 -2 0
-7 79 -2 0
-72 42 -24 0
-83 -20 47 0
85 -75 -39 0
79 25 -38 0
74 86 19 0
-76 46 41 0
15 48 -36 0
-65 90 -1 0
-6 -3 11 0
-44 24 4 0
-7 28 16 0
13 -31 53 0
42 46 56 0
23 -44 84 0
38 -90 -64 0
85 8 -10 0
2 46 -47 0
-89 -71 -65 0
2 6 -52 0
-57 47 19 0
47 -2 64 0
21 -36 -47 0
75 -89 14 0
1 85 42 0
85 32 -28 0
-70 -49 18 0
81 25 -72 0
-79 -3 5 0
7 90 -27 0
-48 -80 -41 0
65 -44 50 0
41 -49 -89 0
-64 21 16 0
-7 -44 85 0
91 66 74 0
63 -88 -37 0
-80 24 6 0
-58 21 67 0
47 5 -17 0
86 -11 41 0
-90 8 -89 0
86 -63 44 0
38 68 63 0
19 77 14 0
-64 59 -49 0
68 -89 64 0
67 62 15 0
-32 -58 -44 0
30 -85 32 0
77 55 8 0
47 81 -49 0
82 32 -47 0
-59 -81 -75 0
-75 86 -32 0
33 1 -54 0
-91 59 43 0
48 69 -23 0
64 88 37 0
88 -16 90 0
-79 -46 31 0
-83 -32 -64 0
79 64 -55 0
-52 -29 28 0
59 26 30 0
-62 -33 63 0
-86 2 27 0
-63 -53 89 0
5 32 45 0
47 -63 -92 0
-2 82 89 0
-42 -8 -72 0
-11 23 79 0
15 88 -37 0
-40 76 29 0
62 -18 -92 0
77 -18 -49 0
-20 49 39 0
-81 65 -88 0
52 20 29 0
-34 8 -13 0
11 87 -85 0
-90 -72 -24 0
29 -5 -14 0
-87 42 37 0
-19 -56 35 0
76 -39 -67 0
89 -83 43 0
10 -70 66 0
4 -76 7 0
44 84 62 0
-48 65 -50 0
-8 -86 33 0
-65 -54 43 0
27 -56 -60 0
-55 -39 -85 0
16 78 -59 0
48 -6 -28 0
-58 72 83 0
-30 87 -16 0
85 44 11 0
33 18 -72 0
-35 -77 -53 0
-72 29 -34 0
3 78 -69 0
-34 -27 58 0
-71 -16 -10 0
-3 -67 4 0
-25 -61 -37 0
2 4 38 0
-4 13 -62 0
86 -75 -45 0
24 64 -31 0
32 58 -26 0
-22 -13 36 0
48 12 -42 0
-78 87 74 0
-38 85 -56 0
-35 -63 81 0
50 -76 31 0
76 -8 5 0
88 -26 -59 0
73 81 -33 0
-65 77 -58 0
-44 -92 -56 0
-54 53 -8 0
-18 62 28 0
37 -79 -12 0
-10 -1 -91 0
-87 -32 -83 0
-59 29 73 0
-67 2 15 0
-57 90 -34 0
-46 -37 -6 0
-20 -13 88 0
-59 47 86 0
51 -55 -13 0
63 45 -59 0
-56 -83 78 0
29 88 3 0
-6 -43 -72 0
36 90 -69 0
62 52 -24 0
-60 -58 -5 0
-37 -31 -72 0
-62 32 -40 0
-76 5 34 0
39 36 -56 0
-32 -89 21 0
77 -59 25 0
-19 89 60 0
64 79 -28 0
-90 -58 45 0
-19 71 -81 0
33 -64 82 0
68 -34 -14 0
-2 -36 48 0
-83 -32 -51 0
-56 55 39 0
31 44 -15 0
75 68 31 0
-59 77 55 0
-86 -58 -47 0
8 -3 -22 0
8 57 -32 0
59 -75 -13 0
-17 -91 48 0
-60 -19 -83 0
30 -92 43 0
53 79 1 0
-86 53 -65 0
25 32 -47 0
-19 -68 24 0
-63 -57 25 0
-92 -17 -18 0
-12 -74 -73 0
72 52 75 0
-85 -69 -25 0
-84 -48 -64 0
12 19 28 0
37 -60 -1 0
91 -49 -65 0
74 82 -91 0
16 -36 -76 0
32 77 87 0
-25 92 -7 0
-91 -11 26 0
-11 -2 -77 0
-84 36 -80 0
20 -85 72 0
-39 75 9 0
-79 64 49 0
-82 -87 -68 0
3 52 -22 0
92 37 -14 0
-1 37 -84 0
45 -27 66 0
68 -23 -55 0
-4 86 -57 0
75 -2 -56 0
47 2 -20 0
-81 -18 -16 0
66 15 65 0
-54 71 91 0
-23 -50 26 0
-21 31 87 0
-30 15 -76 0
-19 -85 -18 0
-90 -3 73 0
-35 28 56 0
92 -85 71 0
-14 -89 -54 0
-59 27 24 0
65 -39 -87 0
39 34 42 0
-47 44 84 0
27 -47 58 0
79 -73 15 0
13 35 -72 0
-74 -58 88 0
47 -32 -71 0
31 63 11 0
-4 44 42 0
74 -33 -31 0
75 81 4 0
-46 -49 -8 0
-19 -35 22 0
50 6 25 0
41 6 75 0
12 -46 13 0
45 -36 9 0
-88 62 60 0
7 20 -31 0
-68 -47 19 0
64 -1 -14 0
30 3 -10 0
-28 -2 7 0
35 73 86 0
3 -25 -62 0
-67 -54 30 0
85 27 -74 0
27 29 77 0
24 -85 87 0
-20 6 39 0
63 83 18 0
62 -72 -38 0
-48 35 62 0
-68 -74 -21 0
-45 57 -46 0
-17 24 85 0
-57 -29 -6 0
37 91 5 0
32 63 -45 0
39 58 7 0
2 32 -78 0
-81 53 -59 0
77 82 71 0
51 72 -38 0
5 -30 70 0
-63 -73 -42 0
16 92 -10 0
-3 60 73 0
8 -18 69 0
62 -21 36 0
28 -49 -54 0
-87 -6 25 0
77 -81 -21 0
69 -64 -68 0
-75 45 -79 0
14 -59 -75 0
-51 -48 69 0
83 62 42 0
51 28 -60 0
-1 88 37 0
37 -39 89 0
-69 29 -70 0
51 85 8 0
-33 -26 21 0
43 25 -47 0
-54 -83 -85 0
-46 -87 -12 0
-32 65 -1 0
-24 56 -50 0
63 -76 -61 0
25 72 32 0
-47 -13 19 0
-72 -43 71 0
-11 -44 -16 0
70 -61 88 0
38 -68 73 0
