p 83 353
-81 -37 -18 0
-36 31 22 0
79 -31 37 0
-33 -53 -54 0
-34 61 51 0
78 -67 -27 0
-62 43 -75 0
-15 -21 -27 0
-34 73 -51 0
56 -64 -39 0
-10 47 -46 0
-24 61 -17 0
-70 -49 29 0
-17 -51 -53 0
27 -3 23 0
13 -57 23 0
-41 -50 -26 0
74 -57 10 0
-61 41 15 0
52 13 41 0
50 48 -45 0
-52 -68 56 0
-44 -19 -7 0
-43 -50 52 0
75 -44 -45 0
81 21 4 0
79 13 67 0
-7 81 56 0
44 28 -37 0
-52 -27 -55 0
63 80 -1 0
51 29 -18 0
5 -36 26 0
-82 -31 34 0
21 -37 -11 0
81 20 42 0
-74 58 -18 0
-47 -48 -16 0
-74 -43 -72 0
-35 47 -63 0
37 29 -6 0
-8 65 -83 0
-24 22 -8 0
44 -29 6 0
-41 -6 -15 0
-48 42 26 0
-30 1 46 0
-21 24 14 0
-43 68 18 0
-14 33 36 0
-48 -49 -14 0
-35 -49 -74 0
19 -25 -31 0
-1 66 -27 0
83 -3 18 0
-51 -28 22 0
-72 -79 41 0
46 -28 71 0
-27 71 -9 0
76 -23 42 0
-16 -11 77 0
7 14 65 0
67 -24 -39 0
-33 68 36 0
-42 -83 64 0
57 23 28 0
-30 -70 63 0
-72 27 -39 0
-61 32 49 0
-6 -20 -9 0
-42 -47 -77 0
-26 -7 11 0
-24 -10 -30 0
15 10 2 0
-64 -5 52 0
-21 53 -4 0
-60 -65 -81 0
16 -62 -71 0
-64 -1 54 0
51 55 -37 0
28 43 -12 0
-52 38 63 0
-38 49 67 0
-44 20 -13 0
45 -58 73 0
11 76 -66 0
14 22 52 0
-30 -9 79 0
76 -11 66 0
-80 78 -33 0
38 33 -36 0
-12 -39 28 0
-52 77 -17 0
13 -27 -39 0
-58 -34 52 0
19 6 -34 0
44 -28 69 0
-44 -59 1 0
6 -51 39 0
-45 47 63 0
47 9 -38 0
59 67 -7 0
25 -16 45 0
-62 -31 73 0
-15 -12 -8 0
-66 -34 40 0
44 57 19 0
-73 65 -14 0
38 -69 -36 0
24 61 -66 0
73 13 -36 0
57 18 82 0
50 -27 -12 0
40 73 63 0
39 -26 16 0
41 -39 57 0
-38 83 62 0
-55 -82 20 0
-27 80 58 0
-56 -58 6 0
29 36 48 0
57 -32 1 0
33 7 36 0
-21 -81 -28 0
-14 44 -66 0
-80 30 -9 0
36 -29 -61 0
41 -1 4 0
-21 16 64 0
-77 -3 11 0
27 76 -15 0
-2 83 79 0
58 -13 -21 0
-34 47 -83 0
38 -60 -19 0
-81 66 -67 0
11 14 -59 0
23 46 44 0
-38 -46 -23 0
5 -52 27 0
65 -37 2 0
15 49 18 0
53 -52 24 0
-78 39 -21 0
3 25 -70 0
73 9 -24 0
79 5 -46 0
43 -9 53 0
-11 52 61 0
65 -49 -20 0
-19 21 18 0
57 5 -6 0
31 -68 -3 0
-47 -22 9 0
7 73 -37 0
73 5 12 0
76 -27 -30 0
68 43 75 0
42 79 28 0
22 -83 37 0
-26 76 71 0
41 -58 -63 0
-48 17 -55 0
1 -2 15 0
79 -53 29 0
-75 24 64 0
-51 -7 -17 0
60 59 -18 0
22 -67 -23 0
-64 37 -62 0
33 -56 71 0
8 -33 41 0
43 29 -76 0
-42 -12 58 0
24 -69 55 0
-77 41 -79 0
-6 -63 1 0
75 -77 7 0
-81 -29 -7 0
-61 -36 60 0
-35 72 -23 0
-37 -21 -38 0
36 -83 -80 0
-81 -58 50 0
-4 60 -8 0
15 -37 -64 0
-47 17 10 0
-41 7 -32 0
-70 35 52 0
10 49 39 0
32 37 46 0
51 -54 23 0
-20 72 -75 0
-65 33 49 0
-29 -18 66 0
-9 19 -83 0
26 -25 81 0
37 -47 43 0
32 -17 69 0
-2 -58 63 0
-71 -18 77 0
40 60 -70 0
-33 70 -41 0
62 10 5 0
73 51 57 0
-68 30 -44 0
-67 -39 49 0
13 -21 36 0
-68 32 45 0
60 82 23 0
28 15 50 0
-51 -72 26 0
-14 -41 -21 0
19 -71 17 0
-41 -57 -48 0
-21 -16 64 0
-78 -49 15 0
-46 -64 -11 0
-61 18 -64 0
-45 46 -26 0
-23 -8 83 0
43 -42 21 0
-21 60 65 0
74 -19 -76 0
-56 -44 -28 0
68 79 48 0
77 26 36 0
-22 28 -36 0
61 48 -49 0
32 -75 -33 0
64 74 50 0
82 -15 -1 0
69 -36 3 0
6 -40 -67 0
-24 30 -38 0
10 25 -9 0
61 19 -40 0
-35 60 -14 0
-10 68 40 0
-82 -81 -22 0
40 2 12 0
70 17 41 0
1 77 78 0
80 30 -52 0
-53 39 -36 0
-32 -48 -14 0
-38 12 25 0
-44 -28 59 0
-45 -49 55 0
-49 32 35 0
-72 45 25 0
38 53 -34 0
-49 17 -31 0
-82 51 19 0
26 13 -72 0
-72 -52 -30 0
-80 -70 1 0
-32 53 -81 0
-41 -78 18 0
-21 83 -13 0
-11 -29 28 0
55 49 35 0
-58 29 26 0
-67 -1 75 0
-49 -45 -54 0
30 -44 -73 0
-44 49 45 0
-61 16 -76 0
-64 -74 -58 0
60 34 -42 0
14 -28 -58 0
-40 70 -28 0
-55 29 -19 0
-61 -49 -68 0
-42 -38 -64 0
-44 -36 -25 0
64 -60 31 0
3 -24 -6 0
3 -6 81 0
-23 -80 -68 0
-18 50 -26 0
-71 -32 -9 0
-26 -5 2 0
-13 -64 5 0
-83 -21 -70 0
-35 -48 -6 0
29 81 25 0
29 23 -30 0
-75 74 -51 0
26 -79 17 0
13 75 -11 0
65 -76 48 0
-54 -67 72 0
-25 62 82 0
-47 37 16 0
-1 54 -7 0
-82 -50 52 0
-10 -75 9 0
-77 -8 -26 0
-33 -15 23 0
-65 -7 63 0
-16 69 -49 0
-63 22 -44 0
35 10 -27 0
-29 62 -74 0
83 -62 14 0
52 64 -33 0
-44 4 13 0
-12 -37 -64 0
-28 -70 -13 0
-14 53 31 0
-10 -65 -75 0
39 29 -36 0
67 -64 -75 0
-40 -73 -52 0
-26 10 43 0
-68 50 -64 0
25 -55 41 0
-73 -74 -15 0
68 -9 74 0
-8 -34 60 0
-18 2 6 0
9 47 27 0
-20 60 -68 0
26 -18 55 0
-11 7 -28 0
62 29 -39 0
44 8 10 0
47 -74 -27 0
57 -25 -81 0
53 -15 -69 0
-56 -8 43 0
-28 14 -66 0
65 -31 42 0
-69 54 45 0
14 -18 -36 0
32 -60 47 0
-81 -63 59 0
-73 -23 -12 0
-25 71 15 0
-70 -31 -9 0
-55 -9 70 0
55 -53 26 0
-39 -28 -33 0
-50 -60 -68 0
19 -27 -29 0
-3 -6 54 0
82 36 8 0
-70 -56 39 0
-69 -54 55 0
73 58 47 0
42 -69 81 0
22 3 16 0
