p 72 306
45 41 36 0
-5 32 -64 0
17 -61 -36 0
19 -39 -71 0
-29 -14 -72 0
-49 3 42 0
59 -9 -39 0
-59 43 -41 0
-55 -61 37 0
-33 5 -50 0
-17 -46 38 0
-64 -27 32 0
40 -49 53 0
68 -30 -43 0
-21 -70 -3 0
-63 -45 32 0
57 -26 24 0
18 10 1 0
-42 -57 70 0
70 -9 -41 0
-13 8 -46 0
61 -29 -34 0
-8 -11 68 0
70 -57 69 0
-70 -52 47 0
-25 1 55 0
-47 3 -45 0
46 62 -38 0
45 11 -27 0
-48 -29 -63 0
-64 13 34 0
45 -67 -5 0
31 -63 -33 0
54 -33 30 0
-57 66 17 0
-51 -15 -49 0
-52 -61 -31 0
60 39 -28 0
-37 -1 41 0
-42 -72 -31 0
-55 71 -66 0
-29 -12 33 0
-64 -50 -67 0
5 38 19 0
72 7 -10 0
21 47 -4 0
34 -54 6 0
-10 -56 -53 0
-17 71 -45 0
5 -21 -45 0
-13 -54 47 0
32 -70 8 0
-66 -6 -15 0
-16 12 -41 0
-16 -7 -5 0
55 34 56 0
-38 56 7 0
15 20 21 0
-5 -20 36 0
-59 39 35 0
-26 -24 -8 0
67 -60 -58 0
57 60 -30 0
-54 -15 -71 0
35 16 -36 0
-60 -52 -46 0
-32 25 -26 0
-69 -60 33 0
-45 -32 -64 0
-20 -55 -15 0
32 -28 -46 0
-35 -36 69 0
-34 -14 -32 0
-10 13 -8 0
32 7 -69 0
60 23 66 0
-17 -36 50 0
-72 -9 41 0
55 -41 -12 0
56 -24 -69 0
14 -41 20 0
40 2 69 0
67 60 64 0
-30 -19 -45 0
-53 -55 -48 0
-3 32 -33 0
19 -12 -34 0
66 7 -26 0
60 39 30 0
-48 30 -67 0
-24 63 67 0
-7 50 38 0
-43 37 9 0
-8 71 56 0
-61 -24 40 0
45 -21 -61 0
67 22 53 0
-68 -67 -27 0
-34 66 5 0
-19 -27 6 0
-12 30 11 0
71 -63 13 0
34 -26 -33 0
-33 -7 37 0
-11 -64 10 0
45 19 69 0
68 -56 9 0
65 -30 27 0
64 15 68 0
-2 -71 60 0
-59 39 18 0
43 -66 20 0
35 65 28 0
-11 -72 29 0
-71 -20 23 0
-37 14 63 0
-20 56 16 0
-7 -60 26 0
21 -72 71 0
-8 1 49 0
-64 67 26 0
32 -22 -59 0
-23 43 61 0
39 -34 -9 0
-60 -52 66 0
-26 -22 32 0
-10 69 -68 0
22 19 -59 0
56 -66 11 0
-61 -42 28 0
-71 -3 -25 0
69 -34 12 0
-16 59 -41 0
35 58 6 0
6 -11 42 0
3 6 50 0
-21 -38 1 0
2 -27 3 0
-20 3 -60 0
51 -47 -31 0
-22 -20 -27 0
49 -57 21 0
-25 -6 -3 0
-72 55 64 0
-25 -59 63 0
45 61 -5 0
-39 -32 -11 0
13 1 32 0
66 -17 45 0
62 -55 17 0
-37 29 66 0
-28 29 -18 0
2 -8 -60 0
-72 45 33 0
-72 43 -31 0
13 -41 60 0
52 -11 70 0
38 -8 36 0
49 -48 -55 0
27 15 -20 0
-43 -38 12 0
18 -19 5 0
-22 -53 7 0
18 48 -26 0
36 -41 -45 0
-26 -32 -62 0
-14 -8 -20 0
-52 28 -9 0
35 16 44 0
-58 -63 -66 0
-36 -11 -7 0
30 65 11 0
-27 -7 53 0
-16 26 -15 0
-66 62 67 0
53 -1 36 0
38 -69 -36 0
-22 21 -34 0
-53 -39 -4 0
20 -58 -15 0
47 -25 -64 0
34 -39 18 0
-36 -16 -26 0
1 72 20 0
-19 -12 -5 0
-47 -36 -17 0
-42 -33 22 0
-62 -13 -18 0
-17 -66 -54 0
49 57 -28 0
64 29 -27 0
-52 -29 16 0
13 -67 18 0
-9 22 66 0
34 -64 -1 0
6 27 -68 0
33 37 64 0
67 -26 40 0
-20 -50 48 0
-14 46 -27 0
-60 -44 -26 0
-11 -13 -42 0
6 -12 -17 0
18 -68 -22 0
-41 53 8 0
46 -49 -72 0
9 15 -51 0
31 -17 -9 0
26 -29 -22 0
22 -37 -35 0
13 54 -61 0
-13 -5 48 0
-63 5 -32 0
29 12 -35 0
-8 48 -61 0
-52 36 -27 0
35 31 -12 0
15 51 49 0
-36 -64 6 0
48 58 2 0
-11 -30 -33 0
-1 -62 20 0
13 -32 -7 0
29 -46 1 0
-34 -68 48 0
-9 22 -29 0
23 24 46 0
-54 -41 -32 0
29 15 -56 0
49 58 -67 0
63 -55 24 0
62 -46 23 0
-20 58 -71 0
-35 60 12 0
-61 26 -53 0
-71 -49 35 0
-65 -36 8 0
-1 -39 -40 0
44 40 -10 0
6 18 -14 0
50 32 58 0
37 -25 50 0
33 -17 61 0
-29 58 4 0
22 -59 30 0
-19 -25 -35 0
-2 56 -52 0
57 -33 -47 0
-5 25 -32 0
-43 -26 15 0
42 -49 -26 0
20 22 -1 0
53 -22 15 0
26 30 -17 0
31 62 -12 0
-27 20 -66 0
-31 39 -6 0
15 5 70 0
-5 -24 -70 0
23 45 -29 0
-22 -66 -7 0
-38 -2 9 0
26 60 -50 0
-36 32 62 0
-22 -12 -44 0
52 -32 71 0
-48 -14 53 0
-16 13 -26 0
52 63 37 0
34 -13 -36 0
50 38 -43 0
-62 -2 25 0
-60 -10 -53 0
10 -53 26 0
-52 53 17 0
-57 46 36 0
-37 8 30 0
49 68 -46 0
-29 -67 -12 0
-14 -61 -34 0
-61 28 -51 0
-70 5 69 0
-3 50 6 0
-19 1 -50 0
18 -51 19 0
-58 71 52 0
-56 -39 15 0
57 6 13 0
-43 -40 -8 0
54 -71 -32 0
14 -23 -26 0
-47 -4 -12 0
-28 -45 1 0
16 28 -69 0
-6 -50 -13 0
44 61 2 0
-57 15 -23 0
67 3 18 0
34 15 41 0
-23 34 60 0
38 -7 -20 0
67 18 53 0
25 -42 -59 0
-36 -72 -58 0
-12 -23 32 0
56 -65 32 0
