p 83 353
45 70 46 0
-59 -1 -13 0
75 -3 -29 0
12 67 21 0
57 48 -45 0
-53 39 -80 0
50 27 -29 0
-46 -68 -63 0
-67 77 -60 0
65 -66 -50 0
2 -74 17 0
-75 -37 7 0
-3 60 72 0
-54 34 -4 0
38 -56 -63 0
-67 62 -69 0
44 -9 -82 0
-21 -5 31 0
-2 -80 -37 0
-61 -45 49 0
-79 62 -23 0
-21 -9 -61 0
18 -21 72 0
-61 -5 -43 0
-64 18 33 0
-30 -58 -34 0
-24 5 -23 0
71 33 19 0
-51 69 43 0
-65 -48 -40 0
35 75 66 0
58 25 41 0
-71 -31 -19 0
-73 -49 -63 0
76 25 51 0
-34 47 -61 0
-83 -65 19 0
53 27 -13 0
-20 74 4 0
-58 39 55 0
33 -7 -4 0
-44 -6 77 0
81 5 -15 0
-54 -17 -66 0
-34 52 -9 0
83 -38 9 0
27 -49 -30 0
7 37 -11 0
-18 -69 -16 0
45 -69 37 0
-75 -53 4 0
31 41 29 0
47 -55 19 0
47 79 -21 0
-9 -35 58 0
24 -54 9 0
45 -78 -28 0
-52 -81 -74 0
-64 73 6 0
-67 26 -17 0
51 -49 62 0
70 -82 83 0
-57 20 -13 0
-28 -25 75 0
82 31 -20 0
-21 -55 66 0
24 -64 -3 0
69 38 -68 0
24 75 -21 0
-57 -83 40 0
-5 40 72 0
62 -34 -55 0
63 43 6 0
49 -29 -4 0
-57 40 -19 0
-70 -1 49 0
-55 -8 32 0
-36 7 73 0
15 -64 -14 0
-24 -29 11 0
48 11 52 0
-55 -50 -38 0
-41 61 -50 0
79 -38 23 0
69 4 52 0
-38 -29 -2 0
53 -52 51 0
69 -17 -46 0
-27 19 64 0
-35 -55 68 0
23 -11 -75 0
21 -5 13 0
-21 12 -37 0
-77 19 -52 0
-3 -27 -10 0
-75 66 -67 0
70 49 62 0
30 -63 -48 0
-24 47 -74 0
-61 56 -37 0
-80 10 68 0
17 -75 8 0
19 -60 -39 0
15 -71 69 0
-12 -78 -65 0
-30 -14 -59 0
26 -48 -76 0
34 -26 68 0
-73 -22 68 0
64 27 3 0
-7 51 39 0
-68 -30 9 0
63 9 45 0
76 -53 78 0
-60 -76 24 0
-23 -66 70 0
24 15 5 0
57 -6 31 0
-31 -20 -10 0
-2 -9 35 0
46 -29 -14 0
-55 5 -75 0
-1 55 -25 0
-19 77 -74 0
42 15 -76 0
31 -78 -67 0
55 -42 58 0
64 -74 50 0
-54 27 -21 0
56 -42 48 0
37 10 14 0
-12 -15 66 0
14 -38 -80 0
77 -26 -5 0
49 -51 38 0
14 35 -82 0
4 53 27 0
-37 33 -15 0
-64 -32 69 0
46 -69 78 0
-19 11 8 0
28 -54 66 0
76 -13 -48 0
-23 62 78 0
-22 3 74 0
-24 14 -81 0
-12 13 66 0
24 -39 -77 0
37 31 77 0
-39 -13 47 0
-28 -30 77 0
-50 31 -75 0
19 69 -22 0
20 30 -45 0
-16 52 -37 0
22 -30 -75 0
37 -57 -52 0
66 42 -43 0
-61 -73 24 0
-77 -44 5 0
81 -41 35 0
64 -56 36 0
35 15 14 0
-64 -68 15 0
-35 30 -76 0
61 65 -36 0
-13 -47 -1 0
48 -56 60 0
-53 71 5 0
-52 -76 -32 0
-54 74 71 0
12 56 13 0
21 -56 33 0
-17 76 -30 0
-43 62 -8 0
-48 -78 -49 0
-24 18 -2 0
-62 -27 -37 0
-25 12 55 0
57 78 9 0
-48 -53 -31 0
-61 32 -25 0
53 -58 51 0
-77 -67 -80 0
8 22 70 0
-62 -49 -22 0
32 19 24 0
54 21 -15 0
-21 -11 20 0
7 31 58 0
36 60 -81 0
-4 -29 16 0
-36 -2 43 0
36 4 -48 0
49 29 -12 0
62 33 34 0
16 37 66 0
38 25 39 0
49 -52 -53 0
60 -14 -80 0
83 74 -43 0
37 16 33 0
-36 -43 -49 0
-71 59 60 0
79 -16 -60 0
26 -8 -75 0
-22 50 -24 0
-72 20 21 0
-52 9 -26 0
16 -30 71 0
13 -51 -78 0
-35 -43 68 0
-19 -1 -2 0
-13 -1 7 0
78 -24 -58 0
-73 47 26 0
-12 -60 28 0
55 14 28 0
80 54 -56 0
-7 -53 -18 0
-79 -63 -60 0
28 -51 -33 0
-62 50 33 0
-53 -16 -81 0
28 -15 14 0
-55 64 40 0
-5 -10 13 0
-40 79 37 0
64 -69 66 0
82 -45 -42 0
-45 5 49 0
-78 37 46 0
-18 24 -58 0
28 40 47 0
-17 3 29 0
39 -56 -18 0
-25 76 -46 0
-83 -18 -82 0
-19 -43 -5 0
-20 -79 21 0
22 73 57 0
-74 11 -75 0
49 -37 3 0
82 83 33 0
54 64 -29 0
-71 -47 36 0
16 2 -3 0
-51 64 5 0
59 28 44 0
-52 3 -37 0
-53 76 71 0
41 83 -79 0
-4 -59 -28 0
-24 48 23 0
-18 -64 17 0
-82 -80 -31 0
-18 -22 -48 0
44 36 47 0
52 -64 40 0
63 49 -38 0
-39 -77 -63 0
1 29 32 0
-41 33 -7 0
82 27 -1 0
15 75 24 0
-31 -71 11 0
-65 68 1 0
40 29 -19 0
-32 -75 -15 0
7 -57 17 0
55 83 -9 0
-5 -12 -13 0
32 19 38 0
47 -44 64 0
51 -64 -75 0
-35 48 -12 0
24 -79 -70 0
-26 -78 -7 0
25 37 -24 0
64 4 52 0
-57 -15 -23 0
-29 -27 -49 0
61 17 36 0
-37 -40 58 0
-16 -55 71 0
32 68 -6 0
-52 -36 -28 0
60 -21 -78 0
-81 -8 31 0
40 62 33 0
28 -29 -72 0
59 35 -75 0
-4 -35 52 0
-4 14 -20 0
4 -66 40 0
-8 62 70 0
-39 -50 23 0
-17 -9 -2 0
49 62 53 0
-30 -65 3 0
-67 -12 -11 0
53 22 16 0
40 17 -64 0
47 -8 -78 0
-68 -17 -22 0
75 -37 48 0
50 -8 30 0
-33 -28 -21 0
47 18 -59 0
14 -27 35 0
52 34 -3 0
-77 -80 -25 0
-42 -38 48 0
1 -12 47 0
73 -41 -54 0
47 -10 -6 0
26 -63 70 0
-62 29 34 0
83 6 -2 0
-29 49 -32 0
-44 47 -39 0
30 -58 -14 0
39 -32 1 0
14 -76 42 0
35 -50 -82 0
-75 -32 22 0
-47 -38 67 0
-8 -19 -42 0
49 -4 25 0
-49 39 63 0
12 45 60 0
34 -9 52 0
1 -16 19 0
-33 58 16 0
-67 23 41 0
-31 35 -63 0
68 65 -41 0
51 76 27 0
-17 -24 13 0
8 -11 59 0
70 -65 77 0
-28 83 -30 0
-57 -79 22 0
43 71 6 0
34 -56 -8 0
-22 -60 81 0
65 5 -47 0
73 27 -29 0
-53 11 -51 0
-40 -43 -18 0
-31 -26 -47 0
-18 19 -68 0
-81 53 -49 0
