p 44 187
-1 29 -19 0
19 -29 6 0
41 38 -43 0
4 -23 -44 0
-32 -25 12 0
32 -36 29 0
30 -14 -7 0
11 12 4 0
-32 34 10 0
21 33 17 0
-20 32 40 0
29 25 23 0
28 -27 13 0
-36 42 10 0
30 24 27 0
-33 35 32 0
20 -44 -19 0
-4 26 43 0
18 19 7 0
32 42 -23 0
-33 7 11 0
10 -21 25 0
31 33 -15 0
22 40 23 0
4 -20 -27 0
35 -21 -41 0
44 -40 -34 0
-41 23 -42 0
11 38 7 0
24 20 26 0
5 6 -20 0
30 -31 9 0
44 -34 16 0
-3 32 36 0
-13 28 23 0
26 14 44 0
37 18 33 0
-31 32 -22 0
8 18 43 0
-12 5 -22 0
-9 21 -5 0
39 29 11 0
38 -5 36 0
-16 3 15 0
25 20 29 0
25 36 -42 0
8 5 -3 0
44 14 38 0
30 4 12 0
-37 -13 17 0
1 44 12 0
-25 38 9 0
14 24 -5 0
-35 44 25 0
11 -16 -3 0
17 -23 10 0
25 -9 -23 0
28 8 -2 0
-11 23 -19 0
7 22 -27 0
-27 -1 15 0
28 -32 -3 0
-6 -1 3 0
7 -5 21 0
21 -11 -38 0
-38 -19 18 0
18 -12 -16 0
-42 -31 7 0
13 -27 -36 0
14 43 29 0
37 17 19 0
44 -6 42 0
-27 12 -36 0
-22 -23 -11 0
-34 -2 5 0
41 -40 -26 0
9 -21 -14 0
42 3 27 0
-35 -30 37 0
-20 -1 4 0
-20 -4 19 0
-11 -10 -12 0
41 -36 24 0
-4 1 -36 0
9 -37 -18 0
-16 -34 -17 0
-10 42 -43 0
-37 4 -31 0
41 26 35 0
23 42 -28 0
-5 -3 -31 0
-25 -35 3 0
-37 16 -25 0
-18 28 -9 0
13 -31 -8 0
44 16 35 0
-34 -14 43 0
-20 -38 -9 0
15 -25 17 0
1 26 28 0
-25 -4 -5 0
18 40 3 0
27 -41 -1 0
-13 -23 -22 0
33 -31 -36 0
-15 -16 8 0
-30 19 -17 0
-19 1 -5 0
31 -27 36 0
41 -10 -24 0
-30 10 33 0
5 37 -40 0
3 43 32 0
36 -29 -42 0
17 -6 15 0
19 -37 -33 0
-22 7 -15 0
20 43 4 0
-25 44 28 0
-20 35 21 0
-21 -41 -28 0
19 -32 -3 0
41 30 -38 0
41 22 43 0
2 9 25 0
15 7 39 0
-23 -36 41 0
8 34 13 0
-19 15 -40 0
12 -11 -23 0
-35 23 43 0
-19 -20 -42 0
15 -41 -14 0
-8 34 -3 0
-11 15 -26 0
34 -19 38 0
-31 3 -19 0
-11 17 5 0
16 -8 24 0
43 -25 -20 0
-7 39 -42 0
-36 35 15 0
-42 40 10 0
17 -13 43 0
-28 39 20 0
26 30 5 0
41 24 -4 0
4 34 -1 0
-12 2 -23 0
2 -18 41 0
-36 4 -25 0
17 -2 -4 0
19 -1 -44 0
-30 -44 -7 0
5 -8 26 0
4 -11 -7 0
-6 17 -13 0
-33 -20 27 0
-22 -35 -11 0
-10 -39 -7 0
10 6 -44 0
-32 3 -20 0
-16 -21 35 0
-22 29 20 0
-27 -41 35 0
-10 21 -13 0
38 15 9 0
34 38 20 0
-9 -30 -5 0
9 13 -34 0
-19 24 7 0
2 -40 -32 0
-24 -19 5 0
26 -24 -22 0
-25 -36 4 0
-8 -5 -36 0
-2 -14 -38 0
9 43 20 0
4 24 -15 0
43 -27 41 0
-28 5 4 0
38 26 40 0
-35 44 22 0
-24 13 -34 0
29 -18 32 0
-24 -17 -43 0
35 2 14 0
