p 71 302
-65 36 60 0
60 1 63 0
2 -53 -51 0
42 -10 4 0
-47 -71 -25 0
70 -24 -37 0
-18 -53 71 0
29 60 70 0
-32 -27 28 0
33 -34 -1 0
-35 -17 -25 0
16 62 -61 0
51 17 -45 0
23 -10 54 0
-55 -6 -23 0
-62 70 66 0
29 30 42 0
-47 41 9 0
-26 13 5 0
-16 52 -59 0
27 -49 -63 0
24 -66 -64 0
-62 -6 39 0
-38 -8 -20 0
-61 -56 68 0
11 30 -35 0
-32 45 40 0
61 47 52 0
31 -35 -3 0
-30 52 69 0
-67 62 -38 0
53 62 63 0
-7 4 19 0
-35 38 -36 0
28 33 13 0
-51 -34 58 0
4 17 62 0
26 -45 -20 0
-25 -69 -12 0
-4 -26 52 0
43 -31 -24 0
-46 -55 47 0
29 15 -18 0
-29 13 5 0
34 -67 3 0
41 56 62 0
-40 -14 18 0
-70 14 41 0
-22 25 -30 0
-28 8 29 0
-60 47 -25 0
51 -34 30 0
-24 16 52 0
70 -54 -63 0
-34 -52 -26 0
67 -37 -60 0
-26 47 53 0
17 6 30 0
26 -11 -61 0
-8 40 -9 0
-28 4 -66 0
67 -42 -45 0
-70 57 -63 0
-50 -42 55 0
-52 14 46 0
10 -30 21 0
7 -28 62 0
63 30 67 0
30 -40 21 0
32 31 -7 0
-69 23 -37 0
56 29 -43 0
37 -40 -70 0
-4 -26 -3 0
71 -55 29 0
-33 51 -13 0
5 -55 54 0
-42 6 -60 0
-62 63 48 0
35 45 -31 0
-6 15 49 0
-66 -47 -25 0
-10 -15 32 0
-70 -61 -13 0
-17 -6 8 0
-16 55 -19 0
-18 -52 -64 0
11 60 -42 0
-45 17 4 0
63 23 69 0
63 20 51 0
-24 -21 36 0
4 55 -30 0
24 -62 -59 0
-69 33 62 0
-26 66 -47 0
-54 36 51 0
25 -14 -37 0
60 63 -7 0
-64 12 48 0
8 62 -20 0
58 14 -28 0
-25 -61 -59 0
38 54 -50 0
32 -20 -46 0
-61 -48 -38 0
-39 -58 30 0
49 -23 8 0
-37 12 50 0
23 -12 -59 0
5 -48 27 0
-31 26 -39 0
37 26 -5 0
-32 -19 -45 0
19 31 21 0
-22 2 -1 0
58 53 33 0
-59 -13 41 0
44 -37 41 0
-30 41 -56 0
-6 -31 -70 0
25 -53 -8 0
-57 35 -63 0
15 67 17 0
14 53 -42 0
-25 -48 -38 0
61 -28 -53 0
-65 -13 19 0
-65 43 -32 0
1 2 -48 0
-18 -12 44 0
6 -41 -60 0
36 5 18 0
-66 37 27 0
52 61 13 0
-58 26 -68 0
2 -48 -11 0
26 -42 65 0
10 58 -46 0
3 46 -11 0
-10 34 -40 0
-32 15 43 0
-6 24 -54 0
-50 15 45 0
-30 -18 -15 0
-10 -35 -58 0
40 -37 57 0
-3 30 16 0
37 -8 -18 0
27 -18 -31 0
7 -71 14 0
-14 -10 -7 0
-42 -33 -40 0
-24 -66 -25 0
54 52 44 0
-25 41 66 0
28 -3 -21 0
39 -5 -49 0
-26 70 -61 0
-41 7 47 0
-39 21 64 0
-59 15 9 0
61 44 -21 0
-20 58 68 0
-46 -47 -54 0
37 1 10 0
5 -21 -39 0
-50 -64 19 0
-39 33 -64 0
36 -70 29 0
-64 13 -70 0
-56 67 1 0
38 -37 63 0
4 -47 -19 0
-55 33 63 0
-42 -29 -71 0
40 32 -39 0
18 7 28 0
-62 47 68 0
-21 38 1 0
-41 60 26 0
-40 -60 20 0
41 64 53 0
28 27 61 0
-6 29 53 0
-20 40 66 0
-42 22 16 0
-48 -29 8 0
24 46 4 0
55 -40 -5 0
-53 33 -47 0
-67 -64 -12 0
38 45 -23 0
-37 54 -68 0
5 -63 -44 0
47 4 -40 0
-63 40 -34 0
-14 8 17 0
59 -24 -50 0
-34 61 27 0
-9 -64 58 0
6 -26 -23 0
-6 18 -33 0
-14 30 49 0
-31 13 -43 0
66 37 20 0
-5 -22 65 0
-35 -70 48 0
4 -42 1 0
63 -29 -13 0
27 -30 -8 0
-69 30 -65 0
54 26 -52 0
2 -18 29 0
-54 -17 -37 0
60 56 22 0
-46 -59 11 0
-60 11 25 0
-29 -68 50 0
-18 -67 -47 0
9 36 -45 0
-71 57 69 0
25 -15 66 0
14 12 -41 0
62 20 38 0
27 -47 -23 0
21 -27 7 0
31 -34 28 0
34 -42 -24 0
34 24 -36 0
6 -45 -68 0
41 2 -9 0
-49 11 -38 0
63 -21 50 0
28 -37 -26 0
4 -6 -44 0
-22 -20 -34 0
3 49 -26 0
-60 -33 43 0
-66 -6 63 0
-63 -22 57 0
66 45 -10 0
23 -63 35 0
-8 69 -29 0
-9 22 52 0
-45 -46 11 0
61 -47 10 0
66 7 -59 0
-9 67 27 0
-3 7 16 0
49 65 -24 0
20 -48 37 0
-42 -68 14 0
-70 62 -31 0
-68 -57 51 0
62 -7 9 0
-50 24 -63 0
57 -62 -40 0
-7 63 -2 0
16 -8 -54 0
68 -36 46 0
-18 -63 -19 0
44 -5 35 0
-1 55 -60 0
65 -45 12 0
-38 -22 -68 0
-50 -27 70 0
5 -32 -60 0
-35 28 -71 0
-3 -38 60 0
-29 50 -60 0
62 -6 7 0
-48 64 -12 0
-17 -64 21 0
20 55 -19 0
-41 64 -25 0
31 59 -4 0
57 24 -68 0
-55 13 -11 0
37 69 -56 0
-4 40 22 0
-10 50 7 0
66 38 30 0
50 -24 17 0
-52 -9 54 0
33 -40 -17 0
68 -28 11 0
-17 2 28 0
-1 34 70 0
4 -35 45 0
7 -13 9 0
-65 -22 45 0
48 71 41 0
-3 56 6 0
23 -24 -56 0
62 67 -1 0
-60 -71 6 0
-46 15 23 0
-32 -69 -65 0
-66 44 -2 0
32 52 26 0
-58 2 67 0
