p 73 310
-19 2 32 0
26 -5 -10 0
-42 14 -22 0
-44 -51 -27 0
-23 68 24 0
36 21 12 0
42 32 41 0
-59 -12 -32 0
60 -69 -42 0
-45 29 18 0
4 -52 -31 0
-20 35 38 0
13 46 -25 0
-49 8 -35 0
-33 -36 -34 0
23 -65 57 0
-57 -10 36 0
-39 -50 32 0
60 -1 -24 0
-48 15 4 0
-8 -10 6 0
-67 -61 -44 0
-7 2 73 0
39 34 -2 0
-67 -6 59 0
-29 -71 -27 0
-66 51 11 0
-12 -19 -34 0
14 2 -48 0
-3 -5 26 0
-31 -7 15 0
-45 36 -31 0
42 -19 23 0
25 -59 -68 0
-66 2 11 0
15 -4 -2 0
-57 9 -5 0
57 -26 29 0
42 2 -57 0
-44 10 -17 0
28 -48 -7 0
-35 2 45 0
-63 -13 65 0
69 16 -56 0
62 51 5 0
-46 -42 -58 0
-72 -12 -5 0
33 -37 -6 0
-38 -21 61 0
54 -58 51 0
7 22 29 0
36 18 -34 0
-10 19 -69 0
-37 -50 53 0
-22 54 -17 0
64 -30 61 0
-29 -7 59 0
-24 -26 36 0
30 -38 12 0
29 -11 7 0
46 34 -51 0
43 57 -28 0
-40 58 -60 0
20 51 -6 0
15 -24 69 0
-63 -8 40 0
-35 -26 63 0
61 1 -21 0
19 21 -34 0
-19 -34 21 0
-69 48 19 0
35 -31 44 0
-39 -67 53 0
52 -2 -13 0
35 -13 -37 0
-50 -48 60 0
-20 -15 -71 0
61 3 -50 0
25 48 -35 0
-42 58 -54 0
-59 -4 -17 0
44 11 -69 0
3 48 -73 0
-71 -36 -26 0
18 -3 -25 0
65 21 72 0
57 49 -31 0
-19 -9 -18 0
69 57 -17 0
-4 -44 2 0
34 -24 16 0
62 -34 41 0
14 3 -26 0
-61 -44 -15 0
41 -52 -4 0
-73 25 -33 0
-23 70 43 0
-11 44 41 0
-61 -32 34 0
24 15 -38 0
47 54 -6 0
-32 17 -9 0
22 5 -42 0
48 -71 -11 0
-42 -29 -38 0
-59 72 -68 0
-4 -60 21 0
11 -50 -62 0
29 72 -58 0
16 21 40 0
50 47 60 0
-53 -49 16 0
-18 10 -46 0
8 -52 72 0
-51 -18 -5 0
-44 5 7 0
17 -6 -11 0
21 71 31 0
68 -28 -25 0
20 -21 33 0
50 -59 14 0
3 61 -38 0
-68 -29 -3 0
-3 -46 -12 0
-34 -12 63 0
71 55 1 0
-28 -42 -56 0
-20 -69 28 0
22 -17 -34 0
-56 -55 70 0
-7 16 20 0
19 -11 -23 0
59 61 -45 0
6 -60 -32 0
-34 56 -44 0
19 -50 -60 0
55 35 33 0
11 56 -32 0
-73 8 27 0
-4 72 48 0
-63 -47 37 0
34 4 -33 0
-6 13 -31 0
-43 25 -73 0
20 -33 -47 0
-73 11 -62 0
-65 -35 38 0
-57 5 -70 0
-73 -5 21 0
38 61 -4 0
23 -17 -69 0
18 61 55 0
49 -64 7 0
42 -47 32 0
-70 42 9 0
73 -52 -47 0
-70 68 38 0
-62 -14 23 0
-46 43 45 0
62 28 22 0
-25 10 -70 0
33 -4 -6 0
-16 2 -4 0
72 -45 28 0
17 57 47 0
-63 -70 -37 0
-17 -40 49 0
-66 -47 -12 0
24 17 45 0
-24 73 65 0
-19 8 -12 0
-29 -51 -11 0
21 55 -30 0
-39 31 -40 0
-51 -43 -56 0
-4 18 -71 0
-63 -7 -32 0
-59 -18 -11 0
44 47 32 0
19 56 -13 0
26 38 -40 0
13 7 59 0
-29 28 -46 0
7 15 3 0
-9 -4 -30 0
35 -3 2 0
-58 -36 -42 0
57 -25 11 0
-57 70 -22 0
-50 -71 -19 0
-59 -73 50 0
-14 -5 -51 0
62 71 39 0
-16 -25 -58 0
-65 -13 -25 0
-63 44 7 0
-66 39 -17 0
-33 -37 -12 0
-18 60 -72 0
16 -60 -27 0
70 -1 -16 0
-16 67 -35 0
-34 -71 12 0
-3 27 50 0
-32 -29 16 0
-39 53 51 0
16 -3 -56 0
-60 -37 57 0
-16 -48 51 0
17 -61 7 0
-10 21 -56 0
-15 22 -71 0
-28 44 -37 0
24 -28 4 0
-45 42 72 0
30 -25 -63 0
-44 -70 -46 0
34 6 -5 0
-61 -53 -12 0
-67 31 47 0
51 68 -50 0
-40 -66 46 0
27 39 48 0
9 3 -41 0
-43 -8 30 0
-31 -32 39 0
3 18 -29 0
20 17 25 0
71 -67 -27 0
25 -35 -52 0
-64 -30 -17 0
66 -41 47 0
-18 -55 71 0
18 -17 25 0
-10 -57 -16 0
-58 -22 12 0
48 -13 -49 0
54 1 -55 0
-12 53 71 0
64 34 73 0
-56 57 -23 0
-59 -1 65 0
63 -29 40 0
27 -51 73 0
-59 -36 -57 0
-70 -15 -16 0
-13 -63 32 0
50 41 -45 0
-30 -67 -2 0
-30 -63 -19 0
22 -24 35 0
-64 26 45 0
35 44 15 0
-72 -37 -59 0
-42 -17 -51 0
-1 -30 -15 0
-32 -43 11 0
-30 -43 51 0
23 47 -1 0
26 -68 -40 0
-56 33 -36 0
61 19 25 0
61 -56 -42 0
29 -59 -36 0
38 -19 -36 0
-12 -6 58 0
8 -42 -59 0
70 67 19 0
-32 24 34 0
11 39 63 0
68 -25 11 0
-15 -22 73 0
-67 -26 -11 0
24 11 -43 0
-59 8 -36 0
-29 -13 -4 0
19 54 -49 0
-61 -6 -3 0
10 -37 11 0
-68 -17 12 0
31 -73 -54 0
14 1 49 0
39 66 42 0
45 -16 -51 0
67 -1 30 0
50 19 37 0
-18 -4 34 0
14 21 16 0
26 36 -32 0
30 -20 -22 0
-51 14 59 0
-58 -62 -1 0
52 48 -20 0
56 -30 2 0
59 27 5 0
35 -50 -57 0
-14 59 -56 0
52 -2 -27 0
24 23 28 0
-11 -52 20 0
-45 -21 -66 0
-20 14 52 0
-54 -38 10 0
-66 -48 -37 0
-13 48 -17 0
-59 34 -35 0
10 -22 34 0
34 -33 19 0
-60 -56 -69 0
-65 38 -56 0
