p 80 340
31 -61 21 0
75 41 -54 0
-25 -9 33 0
-26 11 78 0
32 -75 -17 0
13 -23 -76 0
-19 15 -62 0
80 -34 38 0
-33 73 7 0
-76 2 -41 0
76 27 47 0
-59 -21 13 0
-22 70 7 0
45 10 27 0
47 -78 -15 0
-38 -51 57 0
52 -78 -36 0
58 -14 64 0
77 -46 33 0
31 34 56 0
62 -67 -71 0
1 12 -15 0
43 17 5 0
45 65 67 0
37 -79 48 0
-21 -63 -15 0
-79 74 -31 0
74 -53 -67 0
1 -18 -27 0
18 6 -78 0
9 29 -56 0
-76 -69 12 0
-57 45 -28 0
-69 -13 -47 0
28 64 7 0
-45 11 -22 0
15 -26 -5 0
31 -49 52 0
29 -2 65 0
-9 11 -28 0
38 25 -19 0
-50 65 1 0
54 13 -75 0
64 29 47 0
40 -76 -58 0
-38 -60 34 0
50 60 61 0
-38 24 -66 0
-31 67 -7 0
-10 -42 -58 0
-51 40 -25 0
-64 42 -44 0
9 -64 -23 0
71 -13 -58 0
-10 35 -64 0
-13 -39 16 0
14 74 2 0
37 31 -46 0
6 47 65 0
-57 -18 -25 0
-72 -73 1 0
40 3 14 0
-73 -77 68 0
55 -6 -48 0
40 -58 44 0
-70 -55 -29 0
-33 17 72 0
76 -10 -54 0
47 4 31 0
40 -68 -66 0
66 39 -6 0
-43 70 -9 0
-37 -14 -7 0
70 45 35 0
75 -8 2 0
-11 -20 5 0
23 34 -41 0
-58 -53 4 0
55 22 -32 0
-72 -11 -31 0
42 6 -52 0
-63 -24 -44 0
9 -79 26 0
11 -54 51 0
-42 -24 -12 0
-50 28 8 0
62 -13 -73 0
-44 -20 -58 0
21 -65 -37 0
51 76 41 0
-59 76 8 0
48 33 -80 0
-47 11 -12 0
24 -68 26 0
64 43 63 0
-55 -64 79 0
24 -74 5 0
33 29 25 0
29 47 -25 0
21 45 32 0
-61 23 11 0
-71 54 68 0
48 69 18 0
-64 -65 5 0
-71 44 18 0
-68 -57 12 0
-48 -21 65 0
-56 -66 50 0
-14 -41 59 0
58 -73 1 0
54 -2 61 0
78 10 -61 0
11 42 -56 0
32 -26 -23 0
-75 19 63 0
42 -12 44 0
77 8 -11 0
-12 -62 24 0
58 45 -15 0
10 -30 -54 0
31 54 -37 0
65 -43 31 0
65 43 -45 0
33 42 -72 0
4 24 62 0
-64 25 62 0
-68 19 76 0
-59 -28 44 0
-2 -18 -38 0
-73 -42 -33 0
-12 -32 -74 0
-62 79 56 0
43 67 -73 0
-33 -60 -13 0
16 77 10 0
-54 2 24 0
-28 5 31 0
-77 -57 -69 0
40 -43 -16 0
-57 -72 32 0
-63 -69 55 0
73 80 6 0
39 49 50 0
80 72 8 0
45 -31 49 0
-2 -41 -57 0
11 77 -35 0
-70 -44 58 0
-6 -61 -24 0
-39 77 73 0
71 51 -7 0
-29 77 47 0
39 -70 58 0
7 -11 71 0
57 -19 -7 0
47 78 -40 0
76 47 -13 0
11 36 -70 0
74 53 45 0
-11 -5 -39 0
-51 25 59 0
11 57 22 0
-60 -59 27 0
17 4 65 0
36 -7 -78 0
29 3 62 0
-17 -67 41 0
63 23 -66 0
-3 -21 1 0
-58 62 -40 0
-56 -29 -20 0
70 68 -48 0
-1 23 -40 0
75 39 -21 0
-19 -58 54 0
20 70 9 0
61 -19 -5 0
45 75 46 0
-45 -56 -57 0
77 -23 -38 0
24 -20 73 0
-36 78 -41 0
-46 -12 -57 0
25 -79 65 0
-25 -51 27 0
-47 -80 -56 0
2 42 59 0
-69 36 -14 0
69 67 64 0
53 -12 -42 0
32 -55 43 0
-72 -33 4 0
-70 -39 63 0
76 28 10 0
-17 -45 52 0
-29 28 -50 0
40 -78 -11 0
33 1 -64 0
66 67 -9 0
36 -37 -59 0
26 3 -28 0
-8 33 -50 0
-24 27 15 0
-79 -4 2 0
30 -59 42 0
-71 -46 -60 0
34 54 -63 0
62 -47 5 0
49 -27 48 0
62 74 30 0
-26 32 35 0
16 3 60 0
54 24 -25 0
55 -54 8 0
61 -31 -18 0
10 -35 -48 0
-33 31 -66 0
-61 -54 -22 0
-49 78 -61 0
-48 -23 15 0
-75 -54 74 0
-58 62 -43 0
-25 -15 -72 0
-34 23 60 0
-72 63 -28 0
9 -8 -16 0
35 -20 -34 0
-48 52 -14 0
-2 34 -61 0
21 60 -2 0
-24 -19 -61 0
57 -54 -28 0
43 17 -20 0
36 69 -39 0
67 62 24 0
-68 79 -44 0
20 -25 34 0
36 31 54 0
30 -78 27 0
17 1 -65 0
-40 75 -36 0
38 -8 27 0
-60 -44 -73 0
50 -31 -35 0
-65 76 -79 0
-15 52 -55 0
-79 31 -74 0
-22 8 40 0
47 28 65 0
-60 -50 62 0
68 -30 10 0
7 74 -35 0
-35 -15 -12 0
25 -14 -67 0
-52 78 64 0
-62 31 43 0
-28 -36 -3 0
-47 30 -27 0
22 -35 -75 0
-49 -21 -19 0
2 -59 -69 0
69 -74 7 0
-16 47 53 0
75 14 66 0
23 -79 27 0
80 48 -76 0
-73 54 -53 0
56 32 7 0
2 31 -40 0
-18 -68 20 0
-43 -40 22 0
20 -32 -25 0
-67 25 34 0
-75 -71 46 0
-80 77 51 0
11 -65 -60 0
-40 -68 -39 0
14 -31 69 0
55 -33 -64 0
24 20 2 0
-25 7 8 0
58 44 -2 0
24 66 18 0
-15 42 -21 0
15 -61 -33 0
-64 73 38 0
2 -26 -11 0
36 -6 59 0
-49 -4 -68 0
-35 -15 6 0
-6 -31 40 0
-25 8 72 0
-29 28 30 0
33 12 25 0
56 4 18 0
-17 22 -80 0
79 -40 55 0
77 -27 57 0
-78 -72 47 0
-66 -79 70 0
-7 -49 -10 0
1 -40 10 0
57 35 -3 0
23 17 -39 0
-9 50 33 0
70 -51 -10 0
7 -24 60 0
67 14 64 0
-56 65 -42 0
-52 19 -45 0
30 39 -54 0
60 47 -57 0
32 44 31 0
-4 -22 49 0
-12 68 72 0
34 -70 55 0
36 -2 28 0
11 -50 -33 0
72 37 55 0
38 -65 51 0
64 26 51 0
70 75 54 0
-6 20 -39 0
-63 -76 7 0
60 23 65 0
-14 4 58 0
39 -51 -45 0
-80 69 -1 0
-57 -17 -72 0
-2 -70 -53 0
66 -32 27 0
13 -22 -43 0
-48 -66 44 0
29 56 45 0
45 34 -19 0
-7 -61 -41 0
18 21 66 0
80 -57 47 0
45 -18 -5 0
-27 46 -53 0
