p 59 251
7 -32 -11 0
19 -41 2 0
54 19 -10 0
4 45 22 0
10 5 -16 0
-44 -13 -52 0
31 -49 42 0
49 56 43 0
46 24 12 0
-6 -23 17 0
-9 -3 14 0
-32 -33 -35 0
4 -21 -25 0
1 -32 -48 0
35 26 -45 0
42 -4 46 0
52 -24 -11 0
-1 35 25 0
-36 -58 -54 0
-22 37 -9 0
56 18 -33 0
21 -25 -9 0
-17 -5 -24 0
-43 8 3 0
21 46 14 0
-19 51 -5 0
-22 19 1 0
-4 -35 29 0
-44 -59 10 0
40 -55 -1 0
-31 -44 26 0
2 -40 46 0
32 11 -40 0
-54 16 -5 0
32 -35 49 0
28 -27 44 0
-41 -32 -53 0
57 24 9 0
4 2 -18 0
25 -15 -57 0
-57 38 33 0
-25 22 6 0
-11 -47 -17 0
-4 -11 40 0
-32 -5 -25 0
14 -35 12 0
59 37 -16 0
-56 16 43 0
48 -19 54 0
46 39 32 0
38 -22 28 0
59 -42 -30 0
35 -14 13 0
-44 43 -17 0
-13 20 50 0
17 -11 30 0
29 6 50 0
-27 19 -47 0
43 35 12 0
10 6 -54 0
-46 -56 8 0
-15 34 -52 0
-33 -7 -17 0
-36 13 34 0
34 -14 -51 0
53 44 -31 0
-20 -21 -56 0
50 -58 54 0
-51 50 -23 0
11 -20 4 0
-47 -58 -40 0
38 -41 6 0
-21 -7 -14 0
9 -19 27 0
48 10 36 0
45 4 -23 0
16 -9 35 0
15 28 -21 0
-4 -57 -30 0
38 29 44 0
44 12 20 0
12 8 35 0
-59 37 -10 0
44 -2 -45 0
6 -44 25 0
9 -58 57 0
3 27 24 0
-40 -23 -21 0
-24 29 57 0
-26 47 10 0
-48 -26 13 0
-8 -30 14 0
-57 11 -21 0
-14 -35 -42 0
-43 56 -27 0
40 -43 -9 0
-48 19 -32 0
38 -48 -19 0
-20 -25 -16 0
52 -23 22 0
-43 -13 -29 0
-41 -49 -26 0
57 -58 -17 0
-4 6 46 0
14 44 -20 0
-27 48 -30 0
-18 -11 -48 0
26 -6 12 0
-57 -30 -33 0
16 40 48 0
50 -39 20 0
-6 -16 -26 0
-2 4 -52 0
55 -40 38 0
24 -33 45 0
56 32 36 0
-34 -10 47 0
-58 12 4 0
1 -26 58 0
-44 -23 -5 0
-37 -2 -46 0
47 -1 -23 0
-2 -16 59 0
-52 -19 -50 0
-28 -20 -42 0
7 -27 22 0
-15 52 -46 0
32 -46 7 0
48 46 28 0
-35 27 -16 0
1 28 33 0
21 18 10 0
8 55 -25 0
-28 -2 -35 0
-45 7 40 0
7 51 33 0
-47 -53 14 0
-24 43 39 0
-31 56 55 0
-5 -18 -29 0
22 -52 40 0
49 -6 5 0
-27 -39 30 0
-15 21 51 0
23 -3 58 0
56 50 -34 0
25 7 -36 0
22 -42 -54 0
30 -59 14 0
-25 43 -16 0
-59 48 24 0
5 -26 -31 0
-49 -19 -12 0
26 -17 -5 0
-55 -30 -43 0
1 -33 -14 0
-3 -59 7 0
-2 16 -58 0
57 -42 -49 0
15 6 4 0
28 46 -56 0
-1 32 -48 0
-28 26 -21 0
51 -26 42 0
-10 3 -49 0
33 15 -2 0
47 -37 53 0
43 -55 -21 0
51 -13 -57 0
-29 8 55 0
34 -36 55 0
-49 2 -23 0
20 46 2 0
-27 -29 20 0
18 -52 -51 0
-7 -28 13 0
-23 49 -52 0
24 -18 -35 0
40 -22 19 0
13 2 28 0
-38 53 6 0
52 59 -43 0
-41 36 32 0
44 -32 -17 0
24 -30 43 0
-9 -43 -15 0
24 -1 49 0
-10 -49 -2 0
-54 -6 52 0
6 -43 14 0
-35 -20 11 0
45 44 -2 0
-38 -59 -30 0
5 -41 -24 0
-49 -43 -28 0
6 51 5 0
-58 54 28 0
57 58 46 0
-1 -47 18 0
-22 -45 -40 0
28 -18 -33 0
-45 28 24 0
-35 22 -8 0
35 -36 46 0
22 49 3 0
-32 1 -2 0
38 34 -41 0
-2 -45 57 0
11 21 2 0
-22 -24 -17 0
13 59 -58 0
-4 -14 -53 0
-19 -43 36 0
-42 -50 -18 0
41 -27 -45 0
53 -25 45 0
-2 -22 -32 0
-46 -41 -39 0
-15 -43 -49 0
34 31 -4 0
-11 -18 15 0
-18 -11 41 0
5 -52 56 0
5 23 -37 0
-34 22 -3 0
-35 43 -54 0
-43 -24 -26 0
40 -15 -1 0
-26 18 39 0
27 24 -26 0
6 -26 18 0
-6 10 -45 0
-18 58 -47 0
18 57 -36 0
41 53 13 0
-28 45 -54 0
-57 27 -23 0
-31 57 9 0
-36 -16 -47 0
50 48 13 0
24 -42 39 0
33 7 -40 0
10 -42 -13 0
-44 -53 -4 0
-57 -19 -6 0
2 20 -10 0
-23 58 -31 0
27 42 -22 0
-28 -37 -22 0
28 32 -16 0
59 17 18 0
