p 86 366
-82 33 16 0
20 -55 -70 0
8 71 -60 0
39 60 -55 0
83 -86 41 0
-74 -9 14 0
-51 67 80 0
45 -70 -49 0
32 -70 -47 0
-56 -47 -12 0
76 -78 50 0
82 52 -10 0
69 15 -58 0
-76 -75 40 0
63 19 60 0
26 -3 42 0
-24 72 4 0
-67 -51 -84 0
82 61 57 0
-57 58 41 0
9 -84 58 0
5 -40 -1 0
44 -26 -46 0
-31 24 -49 0
43 -77 29 0
-28 -52 -11 0
28 -11 37 0
46 4 -52 0
-55 25 10 0
1 -45 41 0
27 76 -14 0
58 3 -21 0
-9 52 23 0
6 86 -34 0
-34 48 -44 0
86 21 11 0
-58 51 -40 0
27 -71 -63 0
-16 47 -32 0
8 18 22 0
-12 18 -24 0
9 -44 -33 0
11 29 -60 0
-50 -3 68 0
-33 29 76 0
-81 -40 53 0
-86 15 11 0
-80 4 -54 0
-73 30 -77 0
-78 4 -6 0
32 -25 -15 0
78 -61 5 0
-6 -29 74 0
-51 -35 -27 0
51 83 65 0
-63 7 11 0
29 -18 -37 0
5 -51 47 0
-79 -5 23 0
29 -56 51 0
29 63 -17 0
-69 -42 82 0
28 -29 -60 0
-20 73 36 0
77 -65 20 0
-5 22 1 0
-84 -63 -71 0
-74 77 37 0
58 -74 -8 0
61 -18 -11 0
-35 -44 37 0
26 -4 -2 0
35 19 -72 0
1 -58 44 0
-12 -71 43 0
36 -22 -73 0
-2 32 80 0
-3 -73 28 0
26 -49 -80 0
85 -6 -43 0
30 -15 19 0
79 -2 -77 0
-32 -60 -76 0
-83 -39 55 0
-13 31 86 0
-22 -16 -83 0
10 -74 -32 0
-54 3 -78 0
-1 -11 -50 0
-48 18 6 0
30 -27 37 0
-4 70 11 0
27 -71 11 0
-49 -60 -29 0
19 42 -2 0
-69 -7 -25 0
-34 22 53 0
-56 73 35 0
-68 -75 54 0
-19 -33 34 0
8 -2 79 0
-74 15 65 0
-47 29 -38 0
69 71 68 0
41 67 20 0
29 42 13 0
23 -2 -7 0
-36 24 35 0
31 71 -52 0
-32 -10 9 0
55 -74 -21 0
29 -25 36 0
-45 64 -84 0
9 78 59 0
43 33 67 0
-47 76 53 0
39 -4 -21 0
-86 81 17 0
-6 -53 -30 0
1 13 16 0
-70 -74 -22 0
8 25 -43 0
-13 74 -18 0
-1 -82 41 0
-86 80 -35 0
9 57 -21 0
11 -15 -1 0
36 -35 84 0
47 -75 28 0
33 -41 70 0
-5 -54 -74 0
64 -57 66 0
10 -6 18 0
68 62 -50 0
-37 61 -4 0
-28 74 -27 0
-42 69 -6 0
-50 -41 61 0
24 5 75 0
-10 1 3 0
-68 37 -63 0
-24 -31 -84 0
-81 -82 51 0
70 25 -47 0
51 22 50 0
-21 23 -74 0
47 85 -42 0
-45 -28 14 0
4 24 -20 0
53 26 70 0
-21 75 -77 0
-57 -64 -32 0
14 -33 65 0
67 6 -52 0
-16 -64 36 0
-61 16 -83 0
45 -15 -18 0
-62 -13 -70 0
33 -58 -49 0
4 -67 -22 0
-52 86 18 0
-31 -6 -71 0
52 -60 18 0
35 -12 -53 0
-42 -63 -58 0
26 47 15 0
-43 -7 -37 0
-67 -14 -64 0
-70 -23 50 0
27 -85 5 0
-5 -49 77 0
-81 9 -83 0
56 -44 22 0
-2 81 77 0
59 -15 -50 0
43 19 1 0
-54 -26 30 0
-35 21 -6 0
-32 33 6 0
54 23 17 0
-29 22 -79 0
33 -59 45 0
33 53 26 0
-37 62 20 0
-26 -14 73 0
-6 -75 12 0
34 -29 -38 0
-63 46 -56 0
-26 -78 -36 0
63 -34 68 0
33 10 -81 0
53 -83 14 0
-52 -66 37 0
66 55 83 0
81 68 43 0
35 26 84 0
27 -23 22 0
-74 -68 -53 0
70 51 -39 0
-25 42 -64 0
68 20 -11 0
6 47 9 0
13 -62 -55 0
-65 44 21 0
61 -22 -30 0
26 72 24 0
78 60 -32 0
41 -68 -8 0
59 42 -26 0
5 -14 -20 0
54 -51 -8 0
71 23 81 0
-11 -83 -29 0
-63 24 54 0
-85 4 38 0
52 9 -19 0
-64 60 51 0
-85 -1 -35 0
-47 16 45 0
82 -12 48 0
-14 -73 53 0
-85 75 -35 0
-8 -83 -81 0
14 39 44 0
-19 33 -85 0
-41 60 62 0
30 72 15 0
17 86 73 0
76 -22 71 0
55 10 -57 0
68 -5 41 0
50 27 35 0
-57 27 7 0
34 74 55 0
70 49 41 0
38 -78 -41 0
-61 -25 -63 0
-55 4 38 0
6 -12 27 0
-21 -44 71 0
22 60 50 0
-64 33 31 0
-75 -76 53 0
-80 12 26 0
-86 -78 -56 0
19 -83 70 0
9 37 -3 0
58 81 -6 0
-53 40 -85 0
55 6 58 0
-12 41 4 0
62 -45 -53 0
-46 -48 67 0
-65 23 57 0
40 50 24 0
46 32 -20 0
58 7 33 0
5 -78 68 0
-12 -86 37 0
50 -38 -3 0
26 69 -5 0
-41 56 83 0
-65 -15 30 0
-4 -78 79 0
-83 -76 -8 0
-55 -7 24 0
26 9 75 0
23 -15 -53 0
-83 -26 -21 0
-24 45 4 0
-39 49 31 0
59 -57 -65 0
-47 -13 -7 0
-76 -22 -71 0
-1 72 -49 0
78 -10 5 0
69 51 -23 0
-39 79 -46 0
59 -44 -72 0
-77 -15 -60 0
-25 -76 43 0
70 -4 -79 0
-2 9 6 0
64 83 81 0
74 -42 -81 0
55 -8 -32 0
-33 41 21 0
-19 -68 27 0
-38 71 68 0
6 -66 -69 0
-28 -4 52 0
30 -83 10 0
-10 -80 -85 0
31 44 45 0
68 -77 -58 0
-59 -21 30 0
32 -46 3 0
8 78 50 0
-12 44 2 0
-2 28 -41 0
59 -42 -58 0
11 20 -45 0
79 -4 27 0
37 18 -14 0
-9 31 47 0
81 27 73 0
76 -64 11 0
23 24 19 0
53 -25 -56 0
46 45 38 0
82 28 85 0
-72 -7 -21 0
4 31 71 0
-23 -78 2 0
25 34 1 0
-14 5 67 0
-79 65 48 0
-3 68 1 0
-54 -1 6 0
-5 70 46 0
-53 -65 30 0
75 -77 -23 0
-84 68 -85 0
-76 31 21 0
-54 -67 -38 0
-34 -25 -69 0
-59 -63 14 0
-54 27 11 0
30 54 -24 0
-10 58 69 0
-27 -73 -63 0
-80 -14 31 0
28 48 76 0
-42 -55 5 0
-42 20 -8 0
48 -22 50 0
44 -2 24 0
-32 -23 41 0
-53 49 -13 0
69 80 -59 0
22 78 1 0
-43 61 -10 0
17 -49 -8 0
-42 -22 -56 0
29 38 -55 0
-37 83 80 0
-6 -64 85 0
27 22 -32 0
3 19 11 0
-72 51 10 0
60 18 -79 0
-75 -50 -71 0
-63 -57 -42 0
3 58 -1 0
74 20 -45 0
72 70 40 0
-33 -2 1 0
-11 55 12 0
6 -16 27 0
-56 -62 73 0
-64 -14 50 0
-30 25 44 0
-72 59 11 0
-26 15 41 0
-60 24 50 0
-81 -70 68 0
