p 66 281
40 -46 -5 0
-8 -21 48 0
2 -16 18 0
-42 40 55 0
-35 48 -7 0
60 -13 33 0
-24 -29 -27 0
49 33 -25 0
-45 -30 -44 0
-56 -11 18 0
-21 40 -39 0
1 -9 -16 0
64 32 18 0
56 -66 -50 0
11 -18 66 0
59 27 -3 0
-49 13 -36 0
35 56 -16 0
24 17 -18 0
-4 39 -56 0
-48 35 45 0
-58 13 8 0
52 -9 -16 0
61 19 13 0
-13 41 -10 0
22 -61 -32 0
59 32 12 0
-6 5 66 0
56 26 40 0
10 37 50 0
-20 -24 -66 0
-38 17 -32 0
14 20 56 0
20 5 32 0
58 -49 -43 0
-58 -34 -29 0
-65 -46 59 0
-36 -41 5 0
32 10 39 0
49 -5 14 0
54 62 41 0
27 -23 56 0
-31 -4 -52 0
48 29 -19 0
64 50 55 0
-22 -4 -9 0
3 57 -55 0
63 -66 -5 0
26 28 8 0
36 45 7 0
-8 63 -60 0
-35 14 37 0
41 -18 46 0
-31 -3 -55 0
-53 -22 -57 0
55 -4 31 0
-27 18 13 0
58 55 3 0
26 -28 -45 0
33 14 -65 0
-47 62 7 0
-51 -52 48 0
-48 35 -45 0
47 -1 15 0
36 -18 -6 0
1 49 -21 0
2 -30 -12 0
20 -48 31 0
-64 -29 44 0
51 -62 -40 0
-50 65 -23 0
-17 -3 13 0
11 58 -36 0
29 -45 -48 0
29 42 43 0
-48 -64 50 0
-47 14 -50 0
-21 63 -33 0
-21 -5 33 0
-45 26 54 0
-32 -53 -26 0
-54 -12 -43 0
17 29 1 0
-14 23 -34 0
-34 60 57 0
20 15 -44 0
36 15 40 0
-13 -48 56 0
-59 18 40 0
6 -14 64 0
-15 4 37 0
-50 49 43 0
-23 -27 -62 0
29 -39 33 0
29 -37 32 0
-63 -65 37 0
-1 2 -51 0
-18 54 -49 0
-41 -50 49 0
12 27 25 0
49 65 34 0
-28 25 64 0
62 -15 -64 0
51 57 -7 0
5 1 28 0
-8 22 -16 0
-20 66 18 0
34 -18 -38 0
-29 -1 38 0
-6 -63 -8 0
10 -37 -38 0
-66 -22 16 0
63 -36 48 0
4 -28 9 0
-25 17 20 0
61 -23 -65 0
55 -43 66 0
29 -30 -44 0
3 8 -17 0
30 44 -22 0
-41 -48 -17 0
32 56 -31 0
-36 35 30 0
-34 -7 -27 0
-21 44 52 0
38 57 22 0
3 -4 20 0
-26 -54 -65 0
-31 1 19 0
-22 23 -52 0
39 50 49 0
23 41 -55 0
-14 6 2 0
-14 -35 48 0
-59 7 8 0
46 58 -43 0
27 1 48 0
15 -49 41 0
15 -48 -52 0
-46 30 -37 0
45 55 -1 0
-34 4 48 0
-52 16 13 0
36 -65 52 0
-30 9 -16 0
-62 -37 -10 0
-14 37 8 0
-36 7 55 0
-28 -14 15 0
-44 26 -39 0
-9 -2 65 0
-48 -23 27 0
8 -29 -42 0
-55 32 -44 0
-45 48 -51 0
-65 36 -22 0
65 5 -46 0
8 -61 46 0
15 24 28 0
-62 -56 24 0
-15 28 65 0
44 46 9 0
-27 -13 -31 0
22 3 -1 0
-42 -27 52 0
-60 -53 15 0
-1 -53 -32 0
-54 43 -19 0
-15 -51 24 0
36 47 48 0
-37 -63 54 0
54 -17 -42 0
-63 -36 -55 0
4 24 -55 0
15 57 -43 0
60 19 -41 0
-10 22 59 0
22 56 -34 0
36 -13 -27 0
-20 8 -25 0
52 28 -7 0
43 2 -21 0
-22 26 61 0
-24 7 43 0
-36 24 -65 0
47 1 -56 0
-25 -63 -8 0
28 53 -13 0
6 -66 -31 0
5 -28 33 0
-59 17 64 0
-52 -48 -37 0
21 -26 -54 0
-11 2 60 0
65 58 25 0
-52 -39 -41 0
36 -24 10 0
-6 56 20 0
11 -51 20 0
32 51 4 0
-56 -10 24 0
-44 20 8 0
61 35 33 0
9 -41 -3 0
2 48 -23 0
-39 32 15 0
-28 -35 -49 0
-33 -8 -58 0
-58 -44 20 0
-56 7 -18 0
-36 -66 -63 0
-48 -6 -56 0
2 -49 22 0
-39 49 -11 0
49 -43 -62 0
12 -5 39 0
17 56 58 0
-40 -9 -64 0
5 -66 29 0
52 32 63 0
-40 31 22 0
57 51 -44 0
59 -44 -50 0
-8 33 -44 0
-35 -16 52 0
-34 50 29 0
-63 -30 66 0
52 -8 -16 0
59 12 25 0
10 4 6 0
7 62 12 0
-42 -26 -24 0
-39 -4 56 0
49 -3 18 0
55 -9 43 0
-18 -21 44 0
48 -25 -18 0
50 -17 -3 0
27 -24 18 0
19 52 -40 0
-5 -57 -24 0
51 53 10 0
-17 -19 21 0
-45 5 -2 0
55 -25 -16 0
-54 29 65 0
-2 59 27 0
44 -16 -2 0
-39 -65 53 0
-31 66 -37 0
-49 46 13 0
-20 -22 -9 0
60 -14 50 0
-17 -12 13 0
-43 -29 52 0
54 -65 32 0
45 -26 35 0
-15 21 52 0
64 49 -14 0
-17 62 47 0
-51 19 -41 0
44 1 50 0
35 28 -43 0
-40 51 -36 0
24 -25 -26 0
-1 64 -31 0
-41 -30 -55 0
38 -33 43 0
13 64 32 0
53 42 -40 0
22 50 -43 0
-32 -58 -5 0
-49 37 -2 0
5 61 21 0
3 -52 -28 0
21 9 57 0
-5 -39 -57 0
-63 15 39 0
-42 33 -66 0
-7 25 15 0
-7 64 -62 0
