p 73 310
-65 64 15 0
13 -61 -30 0
72 -30 -1 0
71 5 -43 0
-7 -15 -55 0
67 20 59 0
-57 71 30 0
48 -27 -52 0
50 24 9 0
41 -18 -50 0
-10 -61 42 0
-59 -25 27 0
50 66 15 0
-4 20 -45 0
-20 8 51 0
-72 27 39 0
3 -54 39 0
-39 9 45 0
-63 58 8 0
-2 -38 46 0
-67 -16 36 0
37 2 -64 0
-51 40 9 0
-27 60 30 0
4 -69 -32 0
-31 -10 -23 0
37 -13 26 0
18 42 7 0
34 33 -5 0
65 -73 29 0
-47 13 73 0
57 28 21 0
20 -37 -4 0
6 23 -71 0
11 -72 -28 0
-38 -40 -9 0
11 64 73 0
51 -32 -72 0
22 -33 -17 0
18 -70 -38 0
8 -26 -24 0
46 33 1 0
59 42 -8 0
-62 54 29 0
-26 33 70 0
-19 61 23 0
32 48 -51 0
-61 23 46 0
49 26 -5 0
30 -14 -20 0
24 -4 -44 0
-15 65 -4 0
62 -72 -31 0
-17 -19 37 0
-21 -14 -72 0
-53 42 41 0
-8 5 72 0
-48 -47 35 0
24 -4 -52 0
38 9 -58 0
-67 15 -17 0
-24 -15 -36 0
5 -35 -2 0
-31 -20 56 0
-6 68 46 0
49 -2 -26 0
58 -5 -8 0
-23 -35 48 0
52 -11 -27 0
21 -15 -20 0
-4 3 -18 0
-19 49 -23 0
-26 -30 36 0
67 -27 12 0
-4 -1 -10 0
33 -72 -2 0
-63 46 21 0
41 55 37 0
36 -32 -58 0
-44 -16 -15 0
-71 13 26 0
17 -46 35 0
16 52 26 0
-72 -13 -17 0
60 -68 -59 0
-2 13 41 0
-30 -65 47 0
11 -8 30 0
48 49 -52 0
3 -24 40 0
71 -30 42 0
-5 23 -48 0
-11 -33 -56 0
5 -68 24 0
17 11 -19 0
12 13 -36 0
-66 -8 -22 0
4 62 -10 0
-22 1 71 0
-61 -1 58 0
-5 39 -31 0
-28 -26 72 0
-66 -4 53 0
-72 -7 59 0
-12 27 -14 0
54 59 16 0
-9 -20 -41 0
28 -59 -26 0
18 -15 -26 0
46 -42 -59 0
-5 29 38 0
9 56 6 0
-60 -25 34 0
31 46 -35 0
22 27 8 0
-71 40 -64 0
-11 47 63 0
56 -2 44 0
-10 68 -41 0
51 -47 -25 0
19 -48 -28 0
23 -8 -17 0
24 10 -4 0
47 -48 40 0
11 -24 9 0
4 -11 66 0
19 -69 -68 0
-33 -22 -63 0
63 24 -30 0
-1 8 3 0
-26 -61 38 0
41 73 72 0
-4 62 -25 0
-69 -66 5 0
-18 -54 -72 0
-45 32 48 0
65 -18 -23 0
28 -54 -62 0
3 55 63 0
30 49 -37 0
17 -67 -13 0
-52 -21 20 0
24 -63 -73 0
-49 -9 61 0
65 -66 72 0
-3 -26 14 0
-59 8 -20 0
28 -65 50 0
-48 45 33 0
-56 24 -48 0
29 -14 23 0
-22 -55 -18 0
-69 -13 -26 0
4 9 -53 0
-46 34 -16 0
-55 30 -1 0
22 -6 23 0
-49 21 61 0
-49 -46 -43 0
73 65 13 0
-8 42 70 0
55 -54 -25 0
14 -67 -48 0
-17 44 67 0
-43 2 40 0
7 -62 -18 0
17 -22 5 0
-15 70 -18 0
-6 10 58 0
41 11 5 0
43 -70 -57 0
-23 -55 57 0
55 52 -17 0
54 11 -63 0
-52 23 11 0
2 -70 -28 0
60 49 -25 0
72 -61 -13 0
-37 -28 -15 0
52 -6 23 0
-71 -66 -47 0
17 60 11 0
27 -6 -66 0
-58 -4 22 0
-52 12 -56 0
-19 4 65 0
-51 23 52 0
68 51 -53 0
-25 46 14 0
-61 23 28 0
-21 25 5 0
-15 -48 52 0
-47 35 71 0
-39 50 64 0
-33 -18 52 0
-68 25 9 0
-49 9 16 0
1 -39 9 0
-37 58 -51 0
-5 42 -36 0
-28 50 34 0
-22 72 52 0
27 -2 8 0
-27 -36 61 0
-54 -38 19 0
14 -65 47 0
-53 -63 -41 0
-38 -29 -18 0
-16 -54 -2 0
-28 30 63 0
17 -45 -64 0
-28 -32 53 0
73 9 -44 0
63 37 21 0
-26 59 40 0
-46 68 -32 0
3 -40 -29 0
37 -47 -2 0
-43 27 -14 0
-29 25 -70 0
-68 50 -21 0
44 70 -17 0
3 46 -37 0
58 -70 -3 0
-43 11 60 0
-23 -69 72 0
53 -34 1 0
-58 36 -50 0
73 45 -68 0
19 -59 45 0
-56 -32 30 0
9 -13 19 0
-50 -51 32 0
-53 -48 -31 0
22 -51 -70 0
-43 -38 37 0
-47 -30 -48 0
5 44 -61 0
-46 25 -47 0
-10 -27 -36 0
63 -41 -47 0
26 7 11 0
7 4 -63 0
65 14 -47 0
-12 -53 -67 0
65 -62 44 0
-53 47 -33 0
-5 52 -29 0
57 -16 50 0
45 -73 -48 0
-64 67 18 0
-22 31 -33 0
19 -66 -32 0
8 -39 -56 0
8 44 -55 0
27 14 13 0
51 -50 4 0
-16 -32 57 0
30 2 1 0
35 -66 43 0
44 16 42 0
55 -28 7 0
-57 -3 -69 0
-58 -42 16 0
70 61 69 0
26 3 40 0
17 27 -69 0
53 55 -14 0
-12 22 -13 0
36 -37 -13 0
50 -46 -18 0
-2 11 -26 0
23 27 -70 0
58 40 -45 0
-54 -43 -34 0
-5 -12 -54 0
-29 59 -32 0
-24 -16 67 0
-30 -71 32 0
34 -19 -3 0
-23 -8 -6 0
-16 24 55 0
11 6 -13 0
39 55 71 0
11 -39 22 0
9 69 31 0
-47 38 -64 0
-22 34 54 0
-13 -9 19 0
65 -57 11 0
-29 -20 -11 0
-33 -70 -48 0
65 18 20 0
-35 46 26 0
-67 -20 -43 0
47 46 36 0
-48 -68 60 0
-28 12 31 0
-70 2 60 0
-8 2 -21 0
-11 -9 -16 0
-28 -41 -71 0
-5 27 17 0
-1 -67 29 0
51 2 -13 0
60 71 -59 0
-72 -54 48 0
-59 60 44 0
-7 41 10 0
-30 26 -72 0
