p 96 408
47 -43 57 0
-80 22 2 0
-52 3 22 0
58 -96 -12 0
30 74 -67 0
-81 77 18 0
44 -67 5 0
-65 -2 -53 0
39 -71 -40 0
76 -38 93 0
45 -64 44 0
-53 45 42 0
-24 -35 -23 0
47 -5 -29 0
-64 38 -28 0
91 63 -70 0
50 -25 17 0
94 -85 -31 0
-16 42 37 0
24 -94 25 0
-7 85 33 0
-26 -31 -4 0
66 -17 -80 0
-75 93 -86 0
12 -49 -21 0
-83 -59 50 0
90 -25 -10 0
1 18 -47 0
-7 32 -26 0
13 -52 78 0
-11 -16 18 0
-70 -21 -52 0
92 -14 78 0
66 -24 -51 0
69 -9 -33 0
-80 -72 69 0
52 -9 71 0
32 -37 93 0
-51 13 78 0
80 -46 89 0
-94 -2 44 0
48 -3 92 0
35 -65 16 0
-86 -52 96 0
-74 14 15 0
43 -1 -74 0
-26 -93 -32 0
-60 -54 -43 0
-85 66 28 0
-46 36 -79 0
-74 79 68 0
-34 -54 79 0
-67 10 11 0
-14 -49 38 0
-83 89 -42 0
-16 88 87 0
64 12 -54 0
13 -45 89 0
-80 -2 39 0
90 -47 -77 0
27 -7 40 0
23 -28 88 0
-28 82 65 0
-40 37 -8 0
-51 43 -87 0
10 32 -16 0
-22 39 86 0
38 87 -26 0
-27 74 35 0
26 57 -33 0
61 -33 68 0
-72 -51 94 0
-5 84 31 0
-94 -16 2 0
-62 -66 6 0
-71 -34 26 0
73 27 52 0
41 -17 67 0
80 67 91 0
-77 32 -4 0
-75 77 22 0
-12 36 -53 0
23 -83 -28 0
-89 76 54 0
-84 68 -78 0
34 17 -6 0
36 76 -23 0
50 34 -88 0
-59 -68 93 0
25 -15 14 0
9 71 77 0
26 96 47 0
5 -26 77 0
-93 -44 -17 0
3 19 90 0
25 5 58 0
-28 -14 -60 0
-87 -79 -47 0
73 -87 78 0
-73 -28 -10 0
-73 81 79 0
10 -65 -71 0
55 -75 35 0
43 -54 64 0
-96 -93 5 0
-40 91 67 0
-80 -52 -66 0
39 30 29 0
-47 60 1 0
11 81 -51 0
57 -56 6 0
-55 6 -34 0
-18 55 -39 0
68 -93 -52 0
-90 22 -20 0
7 -74 8 0
-15 34 -45 0
-43 -19 -10 0
75 -62 28 0
-71 -37 90 0
91 24 -54 0
-85 -46 -66 0
-20 -26 16 0
-25 -72 -70 0
-93 92 90 0
-34 -38 -84 0
-54 80 21 0
-74 10 12 0
24 92 -66 0
-13 54 49 0
61 92 18 0
37 -12 47 0
39 -53 40 0
52 94 -17 0
-93 -53 72 0
-47 -37 43 0
5 82 -48 0
2 -12 66 0
86 52 -34 0
37 7 67 0
-87 -1 50 0
-81 -5 74 0
40 -47 -70 0
23 -9 -82 0
-61 -41 29 0
-20 77 73 0
-14 -74 47 0
-51 -85 44 0
3 -46 -27 0
-12 -49 59 0
-5 -34 -84 0
34 -75 15 0
65 -18 63 0
-57 27 -94 0
-36 1 13 0
-75 -14 39 0
-4 -49 32 0
40 64 -73 0
-81 25 -86 0
-19 -70 -93 0
-39 32 45 0
-11 -79 -26 0
-93 33 -29 0
85 58 47 0
-95 8 51 0
-22 75 -84 0
-47 -45 18 0
9 -13 -39 0
78 -33 -14 0
-82 24 -88 0
-61 68 89 0
91 -67 26 0
95 -37 -3 0
-96 -64 -28 0
-89 37 -96 0
-21 -12 -80 0
-89 18 -43 0
76 29 -11 0
3 -35 51 0
-3 82 21 0
1 46 -12 0
-90 -33 48 0
50 -91 76 0
68 94 23 0
68 56 -66 0
-91 -69 -30 0
79 -43 -61 0
78 -15 -22 0
86 -5 4 0
3 -79 -31 0
-84 54 42 0
-45 -48 -11 0
51 -36 -27 0
-91 -96 -77 0
-4 -92 -49 0
-8 41 74 0
69 -13 -34 0
73 -19 28 0
71 -77 20 0
89 69 42 0
-57 -20 -29 0
-52 -36 -8 0
4 -16 -19 0
1 93 -35 0
-93 62 52 0
-62 -86 -27 0
96 -88 53 0
-90 24 29 0
5 74 28 0
39 -18 -3 0
84 35 64 0
19 -78 59 0
25 8 -3 0
71 -96 -13 0
-88 -45 84 0
-8 -84 12 0
-84 57 -76 0
-88 -34 -76 0
4 79 -42 0
-4 35 -46 0
16 56 -5 0
-70 58 51 0
-96 41 12 0
49 1 46 0
-66 -65 78 0
67 51 11 0
40 -80 -25 0
57 70 75 0
-48 -96 -35 0
-88 -3 1 0
-29 24 -37 0
-46 -51 -63 0
-13 -82 -77 0
-48 85 31 0
-83 23 19 0
-44 29 96 0
-2 27 84 0
-68 79 -13 0
58 56 -17 0
60 -70 -59 0
33 13 71 0
15 -53 25 0
92 61 57 0
61 96 -17 0
-27 -10 63 0
70 -8 -10 0
40 50 -78 0
19 -96 -78 0
90 10 -4 0
-80 7 -60 0
-33 -92 95 0
50 -51 -44 0
65 22 40 0
73 36 -90 0
-65 -73 77 0
-80 56 -74 0
-56 -26 -4 0
-11 -38 80 0
-41 -70 2 0
16 -64 15 0
76 43 39 0
81 -15 -91 0
91 -16 2 0
-17 -57 63 0
62 28 -42 0
82 72 18 0
-11 -68 55 0
-28 -35 30 0
-59 48 49 0
18 8 70 0
-26 18 -55 0
-40 -20 -75 0
-26 -51 -20 0
70 -9 68 0
-57 72 18 0
77 -74 71 0
-47 -89 -49 0
-14 30 45 0
81 -59 83 0
40 18 -27 0
25 79 -78 0
17 -73 88 0
4 -74 50 0
-94 24 36 0
-81 15 63 0
8 28 19 0
10 -27 -93 0
-17 64 2 0
21 43 96 0
1 -10 63 0
68 -27 84 0
-58 -12 -48 0
11 -38 68 0
89 -77 26 0
-53 -49 -78 0
5 -85 -52 0
-10 45 -3 0
-14 -92 -82 0
-52 -3 -94 0
-58 44 -36 0
-84 33 -91 0
25 59 -14 0
-39 -94 -71 0
-81 -53 -36 0
41 31 1 0
57 33 25 0
-89 -5 93 0
-20 -11 -44 0
38 92 74 0
-57 -95 -96 0
90 -37 9 0
78 -61 -86 0
44 -26 -84 0
96 -28 89 0
-41 -4 -54 0
-33 53 -35 0
53 -35 83 0
72 -38 28 0
-20 58 -16 0
21 4 59 0
84 -42 29 0
46 88 -45 0
86 73 -13 0
40 -58 -17 0
40 -76 -68 0
73 -9 81 0
-18 88 54 0
24 78 -74 0
88 25 5 0
87 -20 -76 0
-46 13 -90 0
53 35 48 0
-35 -3 63 0
-93 -86 49 0
20 -34 -56 0
19 11 53 0
-39 75 15 0
20 84 73 0
55 65 12 0
-48 81 3 0
48 -4 -55 0
-92 -23 5 0
-1 18 -59 0
96 -4 14 0
5 -74 -87 0
5 -7 -37 0
31 -78 -1 0
-39 80 29 0
-78 -72 41 0
11 -92 -1 0
-3 65 -64 0
-52 5 37 0
4 26 57 0
-92 -62 -5 0
19 76 60 0
14 47 -25 0
50 -9 -37 0
-29 57 60 0
69 92 -71 0
-5 52 21 0
-55 3 80 0
70 -40 -39 0
59 -63 68 0
-4 83 -89 0
33 -63 40 0
46 13 71 0
1 34 71 0
33 -58 -61 0
-23 -47 -68 0
-63 81 -82 0
27 -92 -94 0
48 91 88 0
15 65 -89 0
54 46 68 0
94 -42 -96 0
-73 93 64 0
-70 87 -57 0
-25 -62 -27 0
39 -76 87 0
-4 42 -67 0
-6 -12 53 0
91 50 49 0
-2 95 -80 0
-47 -44 -61 0
-20 94 80 0
45 -12 31 0
36 -67 4 0
-13 -8 38 0
58 21 18 0
83 23 -79 0
-26 -1 -24 0
89 57 93 0
23 83 87 0
-79 -43 -45 0
-59 63 -22 0
-14 54 -75 0
85 16 8 0
-62 -17 15 0
-11 -37 41 0
-1 -50 -87 0
43 24 31 0
-16 41 -91 0
95 44 73 0
-7 53 14 0
-80 93 19 0
73 -39 -20 0
73 22 78 0
-12 40 26 0
