p 99 421
53 -83 -68 0
-26 67 -20 0
88 26 41 0
36 -77 73 0
70 53 16 0
-98 84 -71 0
89 56 -74 0
-46 68 -53 0
-65 76 -47 0
40 13 23 0
1 -54 -69 0
90 69 -1 0
94 39 -1 0
20 -29 -57 0
8 48 91 0
-66 98 55 0
-73 -26 -79 0
9 85 -16 0
-47 -59 90 0
6 -15 -21 0
-27 74 -29 0
19 -8 -28 0
36 23 -38 0
71 -3 35 0
-58 -53 -71 0
7 5 -28 0
9 -15 18 0
-47 -83 -99 0
44 11 -64 0
1 66 -8 0
-97 -25 15 0
58 2 18 0
-64 -52 -22 0
11 77 29 0
16 32 -29 0
44 53 20 0
58 82 -36 0
-37 -43 -15 0
-29 70 23 0
-8 -26 -58 0
21 82 -95 0
-64 40 49 0
51 68 36 0
69 59 -5 0
-61 81 99 0
-30 -94 45 0
74 -30 10 0
-30 -92 12 0
-49 -73 28 0
54 -48 -86 0
-64 -34 36 0
-12 -4 -85 0
-75 74 78 0
-60 -56 -71 0
-73 9 85 0
67 -54 -42 0
62 67 47 0
-45 20 29 0
39 15 10 0
87 75 42 0
-46 69 -15 0
34 90 70 0
90 39 30 0
-1 73 -70 0
83 21 -14 0
-2 49 -37 0
-4 -34 60 0
-68 70 75 0
-10 -69 71 0
-38 -54 -18 0
68 2 54 0
-86 68 -64 0
-79 -84 -37 0
79 39 80 0
39 -22 64 0
90 -14 86 0
-5 18 -86 0
45 4 21 0
-23 70 9 0
-37 -39 17 0
-92 63 -90 0
17 15 10 0
-61 23 58 0
98 82 -86 0
-49 -59 47 0
-15 -75 -82 0
66 -18 -17 0
-22 -47 -46 0
63 64 39 0
-10 -94 25 0
-15 -98 23 0
12 -93 -63 0
-56 -87 11 0
-74 -55 13 0
-96 49 -88 0
-36 -15 18 0
85 -91 -93 0
-88 4 20 0
-10 -39 95 0
45 44 -9 0
36 -86 80 0
-33 59 44 0
-32 71 -48 0
64 -44 12 0
85 62 51 0
5 43 -57 0
94 -91 -74 0
-57 -99 40 0
71 -50 -53 0
-23 33 -16 0
-21 93 -97 0
-29 -60 -19 0
8 -13 -53 0
-16 -66 74 0
-27 71 -58 0
30 9 44 0
-53 81 11 0
-22 -63 -66 0
88 87 35 0
-75 -32 -91 0
-72 6 78 0
31 -47 88 0
85 30 53 0
-59 -13 -88 0
52 -55 98 0
-82 -28 68 0
-25 -81 37 0
38 51 -80 0
50 84 76 0
-3 -31 52 0
48 -96 41 0
14 -50 -70 0
1 91 23 0
82 -99 27 0
-75 1 -60 0
19 17 40 0
35 50 7 0
-91 97 80 0
-24 46 10 0
-11 23 59 0
66 4 65 0
93 61 -80 0
-65 -69 72 0
22 34 88 0
77 78 -37 0
-54 71 63 0
-74 36 73 0
60 61 48 0
47 -32 -17 0
-98 7 -55 0
43 83 -45 0
65 19 -59 0
-36 -41 17 0
3 17 -18 0
69 29 83 0
79 60 -36 0
79 -32 95 0
-56 80 77 0
-9 75 76 0
19 68 9 0
38 -64 95 0
68 73 -97 0
63 25 60 0
-85 4 94 0
-50 -10 -64 0
-94 8 -33 0
62 -4 -55 0
96 -90 93 0
-48 -91 49 0
88 45 4 0
-99 39 74 0
45 -65 31 0
-81 -88 91 0
-63 -35 18 0
-99 27 5 0
-45 -40 88 0
3 76 -92 0
-15 62 -9 0
37 -88 -96 0
-10 -55 14 0
-21 18 97 0
-93 -33 35 0
-84 44 83 0
-73 26 77 0
35 -4 69 0
15 -44 83 0
98 39 16 0
-98 78 -23 0
18 81 -48 0
59 -19 76 0
38 -40 -79 0
53 96 84 0
-63 -48 -80 0
85 18 -60 0
-72 -51 -10 0
-28 86 -54 0
69 24 -93 0
61 -44 89 0
20 -64 -48 0
96 -51 52 0
72 -89 10 0
-61 -65 32 0
90 -17 61 0
-48 1 -89 0
-3 38 -89 0
-71 -11 51 0
69 80 59 0
-85 -59 53 0
-64 87 4 0
-79 3 -17 0
21 11 -26 0
44 92 99 0
46 -38 95 0
25 -12 69 0
74 1 -35 0
24 25 91 0
46 -81 -61 0
31 50 -24 0
96 -63 52 0
2 -37 -4 0
92 -42 99 0
39 49 -1 0
-2 96 -52 0
74 -63 -44 0
-11 60 -59 0
81 -1 -10 0
5 -71 56 0
59 92 -88 0
26 -68 -80 0
-31 -13 -38 0
80 36 64 0
-47 -93 -53 0
91 68 -27 0
28 -12 16 0
-51 -74 -11 0
96 -92 -33 0
-60 99 56 0
-39 -71 -64 0
98 43 80 0
68 -56 -36 0
31 85 95 0
50 -40 -89 0
83 -3 -19 0
-68 -11 -51 0
97 -2 23 0
-43 89 -88 0
29 17 36 0
-90 -9 -72 0
-84 57 50 0
-11 65 -73 0
-92 55 -72 0
65 -33 87 0
69 5 58 0
6 50 -54 0
-1 -55 63 0
53 -93 47 0
16 21 -77 0
-9 -44 32 0
30 -89 9 0
8 54 -97 0
-17 82 84 0
86 -85 95 0
-22 -3 -73 0
32 83 -7 0
-58 27 -50 0
53 85 79 0
-89 52 -43 0
51 -17 -59 0
17 -39 -57 0
-93 -20 -90 0
-8 -18 -62 0
-3 51 87 0
27 85 -61 0
30 76 88 0
48 -84 -6 0
31 -38 66 0
54 88 -44 0
-82 70 -72 0
-10 36 -5 0
25 8 13 0
-21 4 -43 0
39 -40 57 0
29 -95 87 0
-31 93 -95 0
86 6 96 0
47 -68 -66 0
84 6 11 0
-83 -22 -12 0
-25 65 70 0
-87 -60 -44 0
-72 -40 56 0
21 -30 5 0
55 18 64 0
-25 28 -15 0
6 85 55 0
-38 -55 33 0
23 -47 6 0
-82 -47 76 0
-80 59 64 0
-88 -40 -54 0
-42 -52 -85 0
-58 -26 -64 0
93 98 4 0
-93 -1 -54 0
29 25 -26 0
57 -65 86 0
75 72 61 0
-85 -83 18 0
28 44 -57 0
-31 92 -26 0
74 5 96 0
48 80 -84 0
11 29 -65 0
27 3 -26 0
-97 27 30 0
-84 4 98 0
-91 -41 -33 0
43 15 69 0
24 23 -8 0
-81 95 -11 0
-16 -82 -86 0
87 72 -11 0
46 2 -81 0
-9 -88 -57 0
-15 -41 49 0
62 17 70 0
-85 67 -50 0
-53 -65 -55 0
51 -92 89 0
57 -25 -75 0
-85 -11 79 0
21 -41 -63 0
51 31 -78 0
-79 22 -44 0
67 -92 -5 0
-98 -84 -14 0
-61 -12 92 0
-97 96 -11 0
-79 -40 70 0
-65 83 87 0
66 -81 -52 0
77 80 30 0
67 -68 65 0
-6 37 -9 0
-99 -24 63 0
32 -31 29 0
60 88 -67 0
35 29 -54 0
-69 -96 11 0
93 19 23 0
-61 -95 33 0
67 -91 -34 0
-23 -36 64 0
48 74 -20 0
77 -32 98 0
-94 -79 -58 0
37 91 -1 0
17 34 -85 0
97 -83 96 0
-28 -30 -29 0
10 97 -73 0
-61 -24 -32 0
85 9 -40 0
-78 3 -56 0
-87 59 -62 0
-58 84 64 0
-25 -86 97 0
52 87 85 0
94 -95 38 0
-70 6 67 0
-32 39 -52 0
48 24 8 0
-88 63 16 0
-13 24 11 0
32 -86 12 0
-62 -61 94 0
17 40 77 0
-79 16 -54 0
47 -7 2 0
-72 -18 9 0
-54 10 57 0
86 30 -34 0
-58 -84 85 0
-25 -59 76 0
-94 24 -92 0
32 64 58 0
27 1 49 0
-22 -81 92 0
99 66 -77 0
-9 23 -5 0
61 -25 29 0
46 -42 -51 0
97 -7 -48 0
5 -6 -13 0
-52 67 -87 0
-16 -93 -20 0
-45 -20 -60 0
8 -48 -72 0
40 75 -60 0
23 -67 -36 0
-95 15 -24 0
-87 81 9 0
-46 59 76 0
-45 97 72 0
11 93 92 0
-56 29 -61 0
-29 -62 -96 0
-59 -73 -92 0
-69 37 -18 0
-7 96 -95 0
61 42 -23 0
68 -51 54 0
75 41 -85 0
17 21 95 0
-63 -72 -85 0
-86 39 9 0
9 -5 -68 0
49 53 -24 0
56 20 -74 0
-59 -55 56 0
49 -46 -7 0
