p 18 76
-10 16 -5 0
-7 -9 16 0
4 11 -15 0
18 -1 10 0
-15 -5 -10 0
14 6 -11 0
-6 -4 2 0
-7 8 4 0
4 16 -18 0
8 3 1 0
-10 -8 11 0
4 17 -1 0
7 11 13 0
-4 8 -3 0
11 -9 18 0
16 17 7 0
-15 11 8 0
15 -6 -3 0
-2 -17 -10 0
-12 7 -11 0
-16 13 -11 0
-12 8 -14 0
14 -16 -10 0
-5 18 8 0
-7 -3 -18 0
-3 -17 15 0
8 2 1 0
-12 1 9 0
13 -6 -5 0
-11 3 13 0
15 -6 7 0
-9 -18 7 0
9 15 -11 0
-8 -16 -2 0
6 -13 15 0
17 11 3 0
7 -12 4 0
17 14 11 0
-6 -2 13 0
11 -15 7 0
3 16 -15 0
11 6 10 0
13 14 8 0
16 -17 -4 0
4 -16 -13 0
-17 10 -5 0
-15 2 6 0
9 -12 1 0
-5 -17 -6 0
-14 4 -16 0
-13 1 2 0
-13 -8 11 0
12 7 13 0
14 -1 -12 0
-15 -6 14 0
6 5 18 0
17 -15 3 0
-17 -18 15 0
-16 6 8 0
-8 1 -9 0
-1 9 2 0
-14 16 -11 0
10 -18 15 0
15 8 12 0
-17 5 -4 0
-1 -5 13 0
1 10 3 0
-1 4 -16 0
11 6 17 0
12 -7 9 0
-10 -8 15 0
7 16 -9 0
-8 3 6 0
-18 -7 6 0
7 -17 -10 0
-14 2 -1 0
