p 54 230
-45 46 51 0
4 -38 22 0
46 -7 -34 0
33 21 32 0
-20 -44 21 0
23 2 35 0
48 35 -8 0
25 33 -6 0
3 -11 -41 0
54 -12 -43 0
-21 35 44 0
-25 9 37 0
-49 -44 -19 0
-50 -49 29 0
-10 -37 -7 0
-5 11 -36 0
24 -19 33 0
20 -22 -39 0
-11 -5 -20 0
6 2 -29 0
-29 -3 -53 0
25 37 49 0
31 32 15 0
54 21 -36 0
45 41 -25 0
-53 33 15 0
-25 -53 -21 0
-16 48 -28 0
19 2 -8 0
-53 -14 48 0
-9 -6 3 0
10 -21 18 0
-14 51 10 0
10 -44 -1 0
-39 -11 50 0
-48 -14 16 0
31 30 -10 0
36 -40 -6 0
50 1 11 0
-18 15 -37 0
6 21 41 0
17 50 -31 0
3 35 36 0
-24 43 40 0
17 -2 40 0
16 -53 -1 0
12 22 11 0
-11 -15 51 0
-4 48 8 0
-24 8 11 0
34 45 20 0
39 16 -4 0
-37 26 -28 0
-19 -26 -48 0
-16 -11 -53 0
-51 32 34 0
48 -20 -11 0
54 -43 -18 0
-47 -37 12 0
28 -34 4 0
-21 12 3 0
54 13 5 0
12 -38 -50 0
-35 29 -47 0
-24 -22 12 0
-41 46 36 0
50 16 49 0
-39 35 36 0
2 15 -42 0
-2 -24 -17 0
-40 41 51 0
37 18 -11 0
53 -5 -13 0
12 30 -46 0
-37 -30 -39 0
39 35 -30 0
-29 -53 45 0
-49 -15 1 0
31 47 -48 0
-6 -3 -26 0
37 -9 -25 0
21 -28 -53 0
-50 -37 45 0
-46 47 17 0
54 38 19 0
3 51 39 0
51 -22 -52 0
6 -50 -10 0
-54 -18 16 0
-34 -32 21 0
-22 46 29 0
7 -4 -34 0
-20 15 5 0
-6 4 41 0
-17 6 12 0
23 16 -41 0
-11 35 -4 0
-15 -36 35 0
-3 20 47 0
-1 11 -20 0
-13 43 -50 0
14 -39 34 0
19 23 -31 0
-40 32 -26 0
-31 8 -51 0
49 13 25 0
-25 12 -38 0
-46 -6 -30 0
-27 -46 -54 0
-9 -29 -17 0
17 24 -8 0
-14 -1 -27 0
-53 28 -7 0
-42 -49 54 0
-48 -45 47 0
17 1 52 0
-44 32 -38 0
-21 5 -8 0
-22 -43 25 0
-53 42 20 0
-1 24 -42 0
30 -53 10 0
14 -15 -10 0
-13 27 -49 0
21 -35 -54 0
-24 33 9 0
-9 45 -7 0
30 24 -9 0
-26 -25 -53 0
-27 -24 -3 0
-14 22 30 0
31 34 -46 0
-17 24 27 0
34 -7 -18 0
-14 13 -12 0
3 17 27 0
9 39 -21 0
-45 16 42 0
-19 41 -16 0
29 -44 -24 0
30 20 27 0
-30 -19 -27 0
-39 54 40 0
43 -50 42 0
48 14 38 0
15 22 -9 0
-26 28 51 0
-27 -33 -24 0
-35 -33 18 0
31 24 -29 0
39 -29 -33 0
-50 29 52 0
28 -1 54 0
-48 -11 -7 0
35 1 40 0
-1 -47 19 0
-51 -1 4 0
42 -51 20 0
-20 -1 -10 0
33 -9 -26 0
3 -21 6 0
47 30 23 0
-44 3 25 0
18 -21 32 0
-6 -44 -19 0
-31 -30 -4 0
-45 11 17 0
41 -18 -4 0
-15 -48 31 0
-5 -31 -20 0
40 11 52 0
-19 12 40 0
-36 4 11 0
-13 44 -38 0
-34 -23 37 0
-35 14 -47 0
18 -14 42 0
19 30 -38 0
-16 45 -13 0
32 -38 35 0
-41 39 46 0
-18 51 -54 0
-13 -1 46 0
-3 31 -43 0
-46 -10 -7 0
54 -5 -12 0
-12 4 -31 0
-24 2 -35 0
31 25 48 0
-47 19 14 0
-2 -35 16 0
52 49 14 0
42 -39 -21 0
-41 -24 -8 0
17 50 25 0
27 2 29 0
43 29 38 0
4 -44 -28 0
12 1 -26 0
-47 -41 -40 0
14 44 4 0
-40 25 36 0
42 18 51 0
-19 43 8 0
-31 43 -19 0
4 36 -31 0
-40 45 -13 0
-53 27 -24 0
51 20 -5 0
-23 -40 -31 0
14 -42 23 0
-46 5 51 0
-40 -19 36 0
-30 26 15 0
48 -2 40 0
-24 -48 29 0
-15 -36 -50 0
-6 54 42 0
-16 -12 -44 0
42 39 45 0
-25 -50 7 0
17 -48 46 0
1 9 40 0
-53 -45 -7 0
53 5 -12 0
52 54 27 0
49 32 53 0
24 -15 41 0
2 16 -51 0
-17 13 -33 0
