p 75 319
2 -28 -66 0
18 -61 -19 0
-26 -28 -70 0
5 53 -28 0
-12 -34 8 0
1 50 18 0
-52 -51 56 0
55 72 -8 0
-21 56 -5 0
28 15 -54 0
-33 -16 74 0
19 52 30 0
15 -47 -70 0
-45 -44 -55 0
7 -35 12 0
-53 -10 -63 0
53 61 43 0
17 -16 -60 0
61 -12 52 0
-15 75 -18 0
-26 9 -29 0
-45 52 -48 0
27 30 6 0
-69 -16 32 0
28 -72 -41 0
52 67 -26 0
-23 -32 -49 0
29 -65 9 0
26 54 -46 0
43 19 12 0
-37 56 30 0
-47 17 -1 0
-44 17 38 0
25 31 14 0
72 -45 -51 0
35 64 56 0
-2 10 13 0
-4 68 -31 0
69 -36 -4 0
1 -22 30 0
26 35 66 0
-9 20 62 0
68 -10 -20 0
58 42 48 0
25 -36 29 0
-5 -44 32 0
45 -5 -11 0
6 -42 -24 0
-2 -61 -72 0
-59 -34 37 0
11 -26 -16 0
-3 6 8 0
42 -34 24 0
-39 37 -10 0
-17 -73 -51 0
34 32 74 0
-68 -51 -16 0
31 -10 73 0
-52 50 -56 0
-30 -46 -6 0
-63 24 -19 0
-53 -46 -61 0
35 -37 20 0
-28 -63 -5 0
-28 -53 32 0
58 -20 -67 0
59 73 43 0
34 -52 68 0
-10 17 -21 0
-49 58 55 0
-45 11 24 0
36 -72 27 0
-7 -23 47 0
39 -57 74 0
-33 -9 46 0
14 -1 -57 0
-26 -49 -42 0
-47 -24 -56 0
-34 71 -69 0
63 -65 -32 0
-22 58 12 0
38 -64 6 0
62 -29 18 0
-59 -37 69 0
28 40 -10 0
-30 23 27 0
-12 -32 -58 0
44 62 -8 0
-71 51 -42 0
-15 -25 -21 0
20 26 -5 0
-5 13 59 0
-67 10 73 0
-50 -60 -59 0
-59 -35 -6 0
15 -59 62 0
19 1 75 0
63 59 -34 0
-57 54 56 0
-20 73 47 0
-51 23 60 0
11 -70 -38 0
-44 -57 -17 0
-29 3 64 0
29 18 -71 0
47 -10 -58 0
4 57 -53 0
6 36 63 0
-59 15 53 0
-38 44 73 0
62 -40 -75 0
-21 -45 36 0
-9 14 5 0
-9 -36 28 0
-10 7 6 0
37 -70 -38 0
30 -49 27 0
-5 -32 67 0
53 -48 -4 0
62 -72 -64 0
8 -47 -58 0
-33 51 47 0
-39 22 -16 0
62 -11 55 0
70 -48 -61 0
30 -26 -6 0
-23 -66 -39 0
-61 -5 -51 0
57 23 52 0
31 10 -40 0
-49 -4 74 0
11 56 -17 0
-28 -74 -13 0
-40 -26 8 0
-67 36 41 0
5 -11 51 0
60 -50 26 0
-64 13 -20 0
-44 60 -5 0
40 -47 34 0
58 -25 40 0
-70 -26 -29 0
49 -37 -7 0
-72 -64 68 0
62 -63 -14 0
12 -35 58 0
53 9 64 0
-27 50 64 0
-69 -22 43 0
25 -44 40 0
-68 49 -5 0
-31 -20 39 0
-26 29 -6 0
-68 15 70 0
47 22 39 0
37 35 -27 0
40 -11 -34 0
47 66 -73 0
-46 75 26 0
33 -7 -51 0
4 42 33 0
-10 -31 -32 0
-34 21 47 0
37 9 56 0
-53 -14 -42 0
7 -2 16 0
-28 -19 -17 0
-48 64 -5 0
23 -51 -50 0
71 -30 29 0
5 -72 59 0
-49 23 -70 0
40 75 48 0
73 -24 -55 0
35 3 -55 0
44 -53 29 0
62 -65 -70 0
16 3 -39 0
-74 11 57 0
48 75 -15 0
30 -12 75 0
-57 38 21 0
-75 -7 26 0
-23 70 50 0
-33 2 -47 0
46 51 21 0
58 -26 1 0
-33 12 48 0
32 -69 19 0
-4 64 23 0
28 -66 -30 0
59 -56 69 0
23 -43 -18 0
-18 71 61 0
-59 -72 -45 0
-39 -42 49 0
53 46 58 0
-24 -70 3 0
-30 -12 57 0
-69 -65 31 0
-46 -61 -5 0
-31 -17 60 0
63 -33 -55 0
-10 -32 65 0
20 -61 -22 0
2 -36 -24 0
55 62 26 0
-67 -41 -17 0
28 -74 24 0
-58 -11 50 0
-68 72 -74 0
72 -12 42 0
-21 -25 -58 0
51 -71 -55 0
44 67 61 0
-3 34 -69 0
-58 -4 -66 0
-19 54 22 0
-28 -55 40 0
-59 62 -16 0
16 -6 -1 0
-50 -69 -65 0
-12 1 -74 0
43 -32 47 0
49 67 -42 0
-21 13 53 0
-20 -53 -17 0
-52 -63 -33 0
-32 22 -63 0
34 35 -68 0
69 -34 -75 0
-67 -30 -34 0
49 -4 -15 0
37 -54 -11 0
-37 41 -56 0
-54 -51 -35 0
-22 23 -58 0
-39 -38 24 0
-19 -60 46 0
-31 -44 13 0
26 -1 -39 0
-53 -36 -43 0
50 39 -38 0
-23 61 -20 0
-34 49 74 0
65 39 -6 0
-3 52 25 0
-32 -45 21 0
67 -50 -36 0
24 -3 -28 0
-17 -51 50 0
-23 -5 -16 0
-26 -25 -36 0
-46 -34 -13 0
57 70 -35 0
44 -42 -75 0
7 -27 22 0
-48 71 -26 0
-22 53 -51 0
-1 36 -3 0
31 10 -7 0
-42 51 64 0
-38 -25 -48 0
-24 -34 3 0
-14 -15 18 0
-2 49 34 0
-67 -9 -10 0
49 -17 -69 0
73 -18 29 0
-45 -63 -48 0
3 -66 -38 0
-31 43 29 0
6 35 19 0
24 -46 -51 0
-5 -36 -7 0
-22 -10 3 0
28 11 -75 0
-17 -8 -59 0
12 -1 -47 0
-55 -67 -54 0
-72 -28 30 0
-75 -45 38 0
-25 56 -23 0
5 32 22 0
53 -55 -48 0
26 -45 14 0
-5 -8 13 0
-26 -54 -17 0
52 42 -20 0
-45 59 -16 0
57 24 -8 0
20 63 -50 0
-47 -11 -32 0
74 49 46 0
55 11 -27 0
27 -47 -30 0
10 -33 -15 0
-70 -50 -54 0
-40 -54 -39 0
-2 -41 -37 0
43 73 -55 0
-57 40 2 0
-72 -55 68 0
-32 27 38 0
-38 -66 45 0
-37 6 -8 0
19 61 63 0
-29 53 6 0
-75 -17 66 0
-31 -71 39 0
40 69 22 0
-9 -22 -33 0
14 10 -67 0
1 2 38 0
65 7 32 0
56 -55 27 0
-54 -16 -66 0
1 37 -66 0
-53 61 -60 0
