p 96 408
-6 -55 -7 0
83 -45 -63 0
-65 -92 -34 0
-57 -73 56 0
48 -36 -6 0
-94 -95 -84 0
-93 71 -2 0
-29 48 -31 0
53 63 -3 0
-22 -41 -34 0
2 -61 94 0
20 -65 -86 0
-50 77 76 0
-54 11 -95 0
-50 -23 -49 0
63 1 -22 0
-68 -52 -74 0
70 -88 79 0
-83 89 41 0
70 -10 86 0
-89 -10 81 0
-33 28 90 0
87 -43 37 0
86 79 70 0
11 -37 -41 0
-82 20 -53 0
37 -33 7 0
55 -90 21 0
66 94 89 0
20 62 -6 0
10 -22 -5 0
-47 60 85 0
-27 -51 -11 0
33 -55 96 0
-8 95 62 0
-1 47 -64 0
-37 87 -81 0
94 -36 68 0
96 -65 -18 0
61 36 -17 0
-78 81 -50 0
89 -21 -51 0
36 74 86 0
-75 73 63 0
-81 28 -26 0
-93 -6 -54 0
-45 -52 57 0
-36 -52 -7 0
74 68 -80 0
-64 -7 87 0
94 -41 -62 0
58 77 52 0
14 19 21 0
33 -2 -72 0
16 -73 25 0
84 -50 -55 0
-13 -17 42 0
-87 14 50 0
95 20 -77 0
-46 21 -50 0
52 62 45 0
3 -64 67 0
-68 9 95 0
-49 -13 61 0
-95 53 66 0
-49 -48 56 0
-67 -16 -47 0
-15 -91 32 0
-86 12 57 0
9 87 89 0
-59 55 -50 0
-1 83 -38 0
-59 71 27 0
-29 -25 -83 0
-55 -67 -25 0
-6 52 43 0
-12 -75 -9 0
9 19 32 0
43 -89 -54 0
-65 -83 81 0
18 -48 -61 0
28 -37 -53 0
-4 -39 -71 0
-67 -96 56 0
16 81 75 0
-45 -10 80 0
-89 48 -19 0
-57 42 -90 0
77 16 25 0
-96 38 75 0
52 91 36 0
61 -26 75 0
37 -66 -93 0
-7 92 22 0
-81 -9 -30 0
-55 -95 -18 0
30 31 90 0
85 -69 -11 0
-3 54 -33 0
91 -58 71 0
-50 84 -68 0
18 4 -55 0
-49 -75 -39 0
1 34 -57 0
5 26 81 0
-84 27 74 0
-75 -2 52 0
37 -70 82 0
-69 94 65 0
5 48 -47 0
-24 25 12 0
81 -28 -32 0
54 -74 20 0
20 -50 31 0
7 -31 -33 0
41 -58 80 0
-58 34 54 0
-32 -79 -29 0
64 91 95 0
-8 -11 -34 0
-41 36 -5 0
-42 -82 -93 0
8 -30 69 0
-93 64 -28 0
-3 -17 -68 0
50 -76 -86 0
14 -22 71 0
-49 -28 -62 0
-49 65 93 0
14 -96 66 0
-87 -49 -76 0
-70 -9 -35 0
-12 -5 -75 0
7 53 -23 0
11 -38 57 0
23 -45 41 0
17 32 -63 0
-93 46 47 0
-36 40 69 0
53 -80 -20 0
62 -5 42 0
5 -78 90 0
-44 -79 70 0
-60 4 -32 0
-73 54 -8 0
60 -73 64 0
39 30 -20 0
-25 -78 88 0
-38 61 52 0
24 -16 -92 0
36 35 -86 0
-4 87 48 0
-32 82 -89 0
72 61 32 0
-70 65 -77 0
-91 -63 -20 0
-37 -83 -86 0
34 2 43 0
42 -66 72 0
7 89 94 0
-24 69 -28 0
-86 22 -77 0
38 6 23 0
72 18 -5 0
-43 57 -9 0
-14 59 -66 0
23 -67 -29 0
34 48 -94 0
-4 30 87 0
77 -89 -44 0
65 -34 -42 0
22 8 -44 0
-38 74 81 0
2 -25 83 0
32 3 -88 0
88 7 56 0
47 -45 13 0
-78 55 16 0
-7 -76 4 0
89 -27 -71 0
28 47 51 0
51 -27 12 0
-10 -80 39 0
-82 -85 58 0
-48 93 -56 0
-34 -56 -39 0
24 -59 19 0
37 77 29 0
-69 -57 -41 0
11 -81 -16 0
-50 76 10 0
23 -95 -21 0
-80 9 3 0
76 8 69 0
-22 37 80 0
62 -96 85 0
68 -64 -79 0
68 -51 60 0
-3 64 -24 0
71 6 12 0
37 78 -48 0
18 -35 81 0
89 -31 35 0
-20 39 40 0
-29 37 -50 0
-3 -42 -38 0
52 -37 -73 0
52 -53 49 0
7 -20 -33 0
94 1 -84 0
39 66 1 0
-74 18 13 0
-87 -15 -59 0
93 75 11 0
-87 85 -19 0
60 81 3 0
-47 3 -42 0
91 -88 -4 0
-53 -86 50 0
-42 87 -80 0
-49 93 62 0
92 49 -6 0
88 22 30 0
51 -10 -34 0
-47 52 -56 0
-77 -56 -53 0
33 61 7 0
71 -17 -81 0
28 -96 67 0
-55 91 93 0
-56 62 -43 0
-31 61 37 0
65 -45 80 0
93 -13 96 0
87 -83 94 0
-51 -5 87 0
-23 -53 85 0
35 55 -54 0
-41 -56 -60 0
67 69 -70 0
38 16 -56 0
10 -58 -78 0
-31 -26 -9 0
16 -14 45 0
15 7 -21 0
23 -51 -68 0
-32 39 56 0
-39 -13 15 0
65 -39 95 0
39 90 -62 0
-95 -84 -82 0
-94 -29 -54 0
73 84 -93 0
35 -11 -13 0
-39 -11 75 0
-78 -83 -2 0
-71 -88 18 0
-90 24 62 0
-4 38 -18 0
-87 -30 -88 0
56 -18 -70 0
-71 70 -83 0
51 43 3 0
-56 -63 -38 0
-96 16 27 0
42 -10 -67 0
73 40 -44 0
-10 -72 18 0
-69 41 -9 0
-7 -75 8 0
-10 -40 -51 0
-55 69 -9 0
65 -53 43 0
39 -35 -42 0
-88 14 80 0
28 68 9 0
-22 -19 52 0
-61 -50 -2 0
-22 93 -25 0
44 96 -70 0
17 91 -69 0
-36 -31 -80 0
-45 83 -23 0
74 -45 -80 0
-44 -65 -54 0
-14 -70 54 0
-72 -41 92 0
78 -47 75 0
12 -77 -69 0
-40 -51 -3 0
42 4 14 0
-37 -38 8 0
80 -73 -35 0
-11 1 -67 0
-58 33 62 0
-17 -73 -40 0
-9 -58 94 0
27 50 67 0
-79 -47 -87 0
67 -92 -31 0
85 -65 -49 0
-2 -60 73 0
10 -38 -68 0
16 -39 -33 0
-17 -3 2 0
94 65 23 0
45 39 48 0
-94 -19 -44 0
89 94 -37 0
-50 -51 1 0
-73 -60 84 0
-26 50 67 0
65 -39 -91 0
38 22 -28 0
-70 -17 90 0
-14 32 78 0
83 65 24 0
73 -31 -72 0
90 74 -32 0
-58 -46 -29 0
57 94 68 0
-60 96 -71 0
7 62 4 0
71 29 -39 0
40 -52 -39 0
51 -8 -75 0
-68 -95 -24 0
96 -85 49 0
-28 -94 -40 0
-34 -29 16 0
29 3 41 0
96 -78 95 0
47 73 48 0
5 -26 -79 0
-53 11 14 0
-49 -80 -63 0
-37 83 44 0
-62 88 1 0
1 -71 77 0
75 -39 29 0
88 37 70 0
60 13 34 0
49 -21 93 0
32 47 -76 0
81 12 -13 0
31 -87 -24 0
22 92 -91 0
-57 21 61 0
-63 33 -77 0
9 -40 -4 0
-49 17 -40 0
-84 -33 50 0
3 42 -23 0
79 -30 31 0
70 -53 -72 0
93 30 20 0
49 -19 -52 0
38 -28 91 0
-36 -17 14 0
83 -43 59 0
-95 53 8 0
-66 -52 31 0
-4 54 -93 0
24 12 16 0
64 -52 57 0
33 57 -12 0
-48 -69 93 0
84 -13 87 0
-77 -26 -41 0
80 14 -77 0
48 -6 -67 0
27 -29 -14 0
-91 -20 -82 0
-68 7 32 0
-72 8 92 0
-48 -43 -3 0
26 75 -81 0
37 29 -45 0
7 13 48 0
70 -81 79 0
-26 -46 78 0
94 -51 -32 0
6 -86 -70 0
15 10 -49 0
-69 -4 7 0
12 -51 94 0
-3 6 -15 0
10 -81 -87 0
-44 13 -90 0
88 -10 73 0
96 22 -91 0
-44 -52 67 0
23 96 -62 0
5 -67 -36 0
18 -52 19 0
-58 67 -20 0
68 -1 -31 0
-48 56 -84 0
12 88 6 0
10 49 62 0
46 62 16 0
75 -42 -83 0
-61 74 -63 0
75 -56 62 0
-79 85 -43 0
-4 21 -11 0
-53 18 -66 0
8 84 76 0
