p 13 55
-3 4 -1 0
-3 5 11 0
1 7 9 0
3 1 10 0
1 4 -3 0
3 1 5 0
7 -10 11 0
-6 -1 -8 0
13 5 -12 0
9 -10 -3 0
-1 -12 -4 0
-13 -10 -4 0
-12 -7 1 0
7 -1 3 0
1 -2 -12 0
-6 -8 -4 0
-10 7 4 0
10 -2 3 0
-2 7 6 0
4 12 -11 0
-8 -1 -5 0
9 2 -12 0
9 13 10 0
-7 -2 8 0
-9 6 7 0
-2 11 1 0
-2 1 -10 0
-9 -3 -13 0
-3 -6 1 0
5 7 2 0
10 3 -11 0
3 11 -10 0
-11 5 -13 0
3 -6 2 0
-6 12 -5 0
-1 10 -9 0
11 -6 -3 0
-12 1 -13 0
-3 -13 1 0
-4 -2 7 0
12 -2 7 0
10 8 4 0
8 1 10 0
-3 -7 12 0
-2 -3 8 0
-9 3 13 0
9 10 -1 0
1 -13 -2 0
4 10 9 0
6 -2 -13 0
1 -7 -8 0
-8 6 2 0
4 -13 -5 0
11 -1 -8 0
9 13 -7 0
