p 78 332
-50 43 4 0
-23 -64 54 0
17 52 -23 0
-6 -74 -14 0
-12 66 -72 0
75 -32 52 0
-46 -50 26 0
17 -22 -15 0
-57 -67 63 0
47 63 -33 0
-28 11 -55 0
-16 -9 -7 0
12 39 16 0
28 50 56 0
-43 -39 -11 0
28 -41 13 0
40 50 14 0
-4 -62 25 0
-23 30 -11 0
66 -23 33 0
-52 45 19 0
74 -64 71 0
21 -72 -55 0
-11 31 -48 0
43 -49 -58 0
28 51 31 0
-33 32 -44 0
43 -3 48 0
-72 44 -20 0
32 23 -63 0
-39 70 -41 0
-52 -51 76 0
-76 -36 -54 0
48 -14 -70 0
67 12 6 0
-66 64 28 0
-76 -50 -77 0
-20 -51 75 0
-62 3 61 0
-75 -17 4 0
-21 23 -69 0
-1 -57 48 0
-42 65 7 0
20 37 -78 0
54 72 -5 0
-4 -28 -54 0
-40 -34 66 0
-18 -73 -49 0
19 68 -47 0
-77 -1 -35 0
13 6 -50 0
35 -68 -12 0
-26 44 -32 0
47 -58 26 0
-25 41 -34 0
60 67 -58 0
-36 -61 1 0
-73 -40 42 0
60 12 59 0
56 20 12 0
-34 -63 76 0
-30 66 -22 0
-2 -28 -67 0
43 61 -5 0
7 -45 -77 0
11 61 27 0
-58 20 17 0
-19 43 -73 0
52 71 51 0
36 -13 50 0
-35 8 55 0
-43 -61 -17 0
-19 -57 -40 0
-25 -40 33 0
-60 25 33 0
70 -54 -20 0
-63 -15 42 0
39 31 55 0
-67 72 71 0
1 -13 14 0
46 38 14 0
-33 37 75 0
42 4 -12 0
-52 11 -53 0
-7 -14 40 0
52 14 73 0
64 58 -18 0
-24 -6 23 0
-36 10 -19 0
-66 20 -45 0
-29 61 22 0
-41 -31 -30 0
-32 59 -39 0
59 9 -60 0
-50 73 -25 0
-57 42 -44 0
35 2 60 0
-3 -6 42 0
-26 -56 12 0
49 45 -70 0
-3 -45 13 0
67 -9 -3 0
21 -73 -5 0
-64 -39 40 0
-17 -4 -57 0
67 54 -36 0
70 -20 62 0
-8 -49 -31 0
-50 -4 -74 0
1 30 -77 0
28 57 -53 0
-11 29 -8 0
-51 27 -31 0
38 62 -43 0
-47 40 30 0
-67 74 -25 0
-61 -53 -22 0
20 -35 -74 0
23 -74 6 0
38 -8 11 0
-3 24 -26 0
54 67 -6 0
-29 -6 4 0
78 -21 -18 0
-29 17 -62 0
68 -23 36 0
9 -78 74 0
-42 -11 -51 0
24 20 65 0
-62 41 31 0
70 23 -42 0
26 12 30 0
-72 -1 -2 0
6 -46 -14 0
20 70 -17 0
1 7 9 0
-45 -24 28 0
-27 36 -31 0
63 30 -40 0
65 -15 31 0
20 -54 34 0
-13 -25 -12 0
-44 -6 52 0
-3 62 54 0
-60 74 -11 0
38 -7 -19 0
24 -55 56 0
64 -66 68 0
-34 -57 -30 0
-20 27 29 0
-50 70 -45 0
-36 29 -21 0
-50 13 40 0
48 23 -36 0
12 -19 -57 0
33 2 -26 0
-13 17 11 0
-65 20 -73 0
-52 67 45 0
75 -53 -12 0
-56 31 19 0
-48 8 57 0
66 58 45 0
-77 63 -67 0
58 52 50 0
-1 -27 30 0
-55 40 -7 0
-22 28 -75 0
65 -40 12 0
37 69 20 0
76 -69 -9 0
-57 -59 -5 0
13 58 77 0
25 -1 -57 0
19 63 66 0
28 -78 8 0
23 55 61 0
-35 -53 -32 0
15 11 -26 0
-11 12 -57 0
-33 68 -9 0
-3 77 26 0
54 -78 -58 0
-11 -70 -9 0
54 40 -15 0
66 -54 -26 0
78 -63 34 0
-26 24 56 0
-13 -20 38 0
-53 -39 73 0
-74 -63 52 0
-9 18 -20 0
-16 23 1 0
-29 24 42 0
53 -2 -40 0
-43 59 10 0
-23 33 51 0
46 29 2 0
-3 73 -42 0
67 -14 -65 0
-49 70 23 0
3 -18 40 0
51 33 -25 0
-26 -58 -19 0
38 -3 -64 0
15 72 -6 0
-10 27 68 0
-51 48 -1 0
19 8 14 0
-69 55 74 0
74 32 -18 0
-70 45 -11 0
70 20 57 0
4 3 -75 0
-42 -49 -45 0
-20 21 28 0
26 -6 -8 0
57 31 -71 0
10 -63 72 0
49 44 -39 0
50 -55 8 0
-61 56 -63 0
61 42 7 0
51 -74 -20 0
-8 -65 27 0
51 -19 -3 0
48 73 -9 0
73 -58 67 0
55 -58 57 0
-49 57 33 0
-60 -68 -32 0
50 -49 72 0
32 39 18 0
57 32 25 0
37 14 65 0
57 -8 -41 0
-7 -16 9 0
-70 -21 -17 0
-35 1 2 0
-44 -6 -65 0
-76 75 39 0
24 15 27 0
18 76 57 0
-28 -69 -52 0
-55 12 -29 0
69 23 27 0
12 41 -50 0
42 50 33 0
-20 17 -23 0
45 -78 42 0
37 45 -65 0
38 62 2 0
21 37 11 0
38 33 77 0
22 -63 -43 0
70 44 21 0
-1 65 -33 0
-57 -9 61 0
-59 1 -21 0
39 -24 -10 0
-75 -73 69 0
-37 -46 -74 0
78 -53 15 0
-35 -12 -17 0
-64 33 17 0
-20 -77 33 0
6 41 14 0
55 -1 -70 0
18 20 -61 0
-29 53 -47 0
-17 70 -56 0
46 -48 -20 0
48 31 26 0
-24 -23 5 0
-55 23 -77 0
54 74 41 0
-46 -70 55 0
-31 -15 61 0
-40 58 61 0
29 59 -4 0
30 -37 28 0
-39 40 67 0
18 -28 55 0
57 30 -18 0
-18 71 -75 0
-18 -72 -53 0
16 -53 21 0
-49 19 -36 0
-62 -46 -34 0
-7 -19 -51 0
38 -40 -4 0
-6 -27 75 0
2 15 -1 0
-22 -78 -30 0
25 75 60 0
-63 -40 -11 0
-48 43 -15 0
18 8 -30 0
-43 15 -9 0
-11 53 -45 0
53 47 -55 0
67 -21 -73 0
40 -57 -32 0
-24 -61 -65 0
31 12 -16 0
68 59 70 0
-76 77 16 0
-62 27 -47 0
-57 -45 43 0
-76 -26 64 0
58 29 -23 0
-62 40 -46 0
-46 -37 -51 0
-54 -34 -29 0
19 6 -31 0
-53 -35 -19 0
36 -52 -38 0
53 22 -55 0
3 -69 32 0
55 14 -52 0
-56 72 31 0
12 -20 50 0
63 19 -43 0
-16 -72 23 0
30 -7 62 0
-9 48 -30 0
74 72 -73 0
31 -33 34 0
37 -36 63 0
-33 57 -22 0
-9 56 -71 0
20 52 -47 0
