p 18 76
-1 -15 -18 0
4 3 1 0
-2 16 -12 0
9 -1 6 0
-9 3 -7 0
-17 6 -3 0
15 -18 -9 0
13 -11 -12 0
12 -17 11 0
7 5 -15 0
4 14 -10 0
15 14 9 0
-7 14 -3 0
16 15 -4 0
-5 -14 12 0
-2 3 -7 0
-5 -3 7 0
5 -17 18 0
-8 -7 -4 0
-16 -5 -2 0
-1 -2 7 0
10 5 -6 0
1 15 -9 0
-14 -6 5 0
11 1 -17 0
1 5 9 0
-6 13 -7 0
15 6 3 0
3 -15 -16 0
-16 8 -4 0
8 4 1 0
-4 13 -2 0
9 1 11 0
11 -18 13 0
4 7 17 0
-8 -7 12 0
-8 11 -4 0
10 12 -7 0
-17 -18 -13 0
4 10 -13 0
-5 -10 -7 0
12 -6 -11 0
13 -5 6 0
-15 -10 13 0
-12 -10 15 0
17 -7 9 0
-13 -15 14 0
-15 -13 -14 0
10 -11 -1 0
18 -13 10 0
-12 3 -4 0
-3 -9 7 0
-3 -11 -16 0
-7 -9 11 0
-11 -18 -13 0
-17 -5 -8 0
-17 7 -13 0
15 18 -9 0
17 -14 -16 0
6 -3 15 0
-18 11 1 0
-8 6 -9 0
-17 -15 -13 0
10 -7 6 0
-6 -17 10 0
3 -8 -16 0
-13 -1 6 0
10 -6 -12 0
16 -5 -10 0
3 1 -4 0
12 11 -15 0
8 -7 -6 0
5 9 -10 0
-5 -13 -15 0
-4 18 -13 0
2 -17 7 0
