p 88 374
63 -12 -20 0
10 29 -18 0
70 -41 -84 0
-16 -40 31 0
-65 -20 29 0
-20 -42 46 0
79 -84 47 0
-88 -73 -34 0
17 -7 -35 0
-37 -1 3 0
28 -75 85 0
-45 77 -37 0
80 -3 -54 0
71 3 55 0
82 -68 -21 0
28 -61 44 0
-59 31 -76 0
4 43 -37 0
27 57 63 0
18 68 2 0
-81 51 -7 0
-79 43 -46 0
-88 -51 -17 0
-30 -42 -28 0
78 -50 9 0
-28 41 33 0
-72 -54 5 0
-63 75 -64 0
78 84 -66 0
35 17 85 0
-46 23 40 0
71 75 -33 0
82 -31 -11 0
-64 -67 56 0
31 78 6 0
30 45 23 0
-58 -18 -38 0
-2 -73 -75 0
-14 40 -9 0
-9 23 -30 0
-68 31 4 0
-82 1 -48 0
-28 -68 -58 0
-82 37 -68 0
82 -18 -40 0
-39 -73 -83 0
86 27 29 0
6 54 -3 0
-62 -16 -73 0
84 -74 -24 0
-87 50 23 0
62 52 -76 0
-84 86 20 0
67 82 11 0
-9 -66 48 0
-21 -82 88 0
-56 -44 -19 0
-38 48 33 0
57 41 85 0
88 -32 -16 0
15 -83 26 0
-49 64 -2 0
9 52 80 0
82 -6 -34 0
-15 -42 -79 0
82 -26 -76 0
-83 -1 -37 0
-1 6 80 0
88 83 -87 0
42 -29 -78 0
86 -36 -24 0
-59 34 -4 0
69 85 66 0
14 -28 -70 0
-24 -36 65 0
74 51 -50 0
6 -47 -1 0
72 -52 51 0
-65 -47 44 0
46 43 -22 0
58 88 -80 0
65 58 7 0
7 46 54 0
45 -55 -48 0
4 30 45 0
-58 68 70 0
-65 -88 -55 0
-84 -75 20 0
24 6 31 0
-81 -13 -32 0
87 19 -27 0
-69 17 -59 0
-32 -53 -43 0
-63 -6 65 0
-86 -25 68 0
49 -80 -15 0
71 81 64 0
37 71 80 0
37 5 -62 0
-44 -55 72 0
21 -57 -86 0
-70 -35 21 0
-88 -23 29 0
58 -77 17 0
-64 -49 -33 0
69 51 -73 0
-28 36 88 0
-87 55 -84 0
57 -25 5 0
-76 -74 -70 0
-81 75 55 0
37 -56 9 0
7 60 27 0
-81 17 51 0
53 49 5 0
-67 -77 -13 0
16 -64 49 0
-33 42 66 0
68 -25 -38 0
-17 73 81 0
-78 55 21 0
-49 -45 -36 0
75 -74 67 0
-25 -52 -28 0
-27 61 -85 0
-30 -83 42 0
64 72 40 0
-23 55 78 0
44 36 9 0
46 -33 -21 0
-57 60 -34 0
-79 66 -2 0
-49 60 37 0
-85 -55 82 0
-15 -6 72 0
23 65 -85 0
73 -2 51 0
3 -79 -51 0
14 78 85 0
55 -30 19 0
-66 -53 14 0
40 -75 -34 0
-86 33 -85 0
87 -37 65 0
-56 40 49 0
-23 40 -70 0
-45 57 -37 0
42 16 -15 0
51 16 37 0
-5 49 -58 0
73 -85 34 0
-46 -70 76 0
-11 -36 69 0
-53 -16 -73 0
72 -25 -80 0
73 -34 -77 0
-53 88 50 0
-22 -6 -62 0
1 56 63 0
-67 23 14 0
64 55 -31 0
86 -76 74 0
-39 -54 65 0
84 -63 34 0
-74 -71 78 0
86 15 4 0
79 -24 -50 0
-86 41 -24 0
42 46 63 0
-52 -53 8 0
36 -9 19 0
-8 -44 -6 0
14 72 11 0
-20 -37 -31 0
-74 47 45 0
-7 47 -51 0
-13 83 -77 0
88 4 -11 0
-11 -17 -38 0
33 7 34 0
38 34 -71 0
53 81 1 0
41 -32 59 0
-81 -83 -71 0
-82 37 17 0
-60 86 70 0
-41 -68 82 0
-57 -47 -82 0
-6 22 -67 0
-15 65 -54 0
38 -46 -13 0
-78 -51 -9 0
-70 26 72 0
-80 -13 -75 0
82 33 -23 0
-21 -59 -80 0
-59 86 -22 0
14 23 76 0
-27 -9 67 0
-70 4 -54 0
-46 -58 48 0
59 -44 22 0
-35 -19 30 0
54 -72 -87 0
8 49 -60 0
51 43 -32 0
52 14 33 0
65 -74 3 0
73 -12 -33 0
-14 -44 72 0
12 -10 26 0
-54 -23 -8 0
53 -19 15 0
85 -48 -69 0
40 -64 79 0
-84 88 -15 0
-63 19 -70 0
-86 -55 -78 0
55 -68 3 0
44 10 7 0
7 52 -54 0
39 11 85 0
19 27 13 0
55 78 67 0
-87 75 82 0
29 61 86 0
-58 -25 -72 0
-83 29 -25 0
-65 67 -60 0
-28 -61 -31 0
-82 -58 68 0
20 88 47 0
-79 88 54 0
-1 37 -14 0
-52 -51 -83 0
20 73 -23 0
87 51 70 0
8 -39 -57 0
-4 -45 -36 0
85 -71 50 0
71 81 -56 0
39 65 9 0
-67 -48 -17 0
-42 -62 64 0
-56 14 47 0
-74 -32 -70 0
-45 -19 -33 0
-51 77 18 0
-71 20 55 0
48 -81 52 0
4 -6 -50 0
-68 26 -13 0
87 -15 -53 0
5 -26 -33 0
14 16 57 0
-57 81 65 0
-27 -2 -85 0
-50 20 -3 0
52 -2 -37 0
43 -27 -29 0
-7 65 75 0
-61 -81 -13 0
-72 -52 -15 0
64 56 -52 0
75 83 58 0
20 87 -80 0
65 28 18 0
57 -72 -55 0
70 -47 -26 0
61 -44 -88 0
53 -88 62 0
-83 74 44 0
-72 50 3 0
-48 -69 15 0
-12 -44 -63 0
78 -60 84 0
8 71 66 0
-18 45 35 0
6 29 -79 0
73 16 76 0
-19 15 -85 0
16 -39 54 0
55 64 -23 0
-63 -1 -70 0
38 57 70 0
-31 59 -62 0
-16 39 -55 0
-24 37 -86 0
32 46 45 0
72 -76 40 0
-63 11 30 0
-12 -56 20 0
-75 36 2 0
67 81 -60 0
28 -2 -58 0
-67 39 -1 0
-88 -13 29 0
-31 -12 -51 0
49 -61 75 0
6 -14 -63 0
54 -76 -85 0
-29 76 -24 0
13 62 -37 0
-25 79 18 0
-24 -41 -6 0
49 84 -70 0
83 -65 -53 0
41 -58 62 0
-77 50 -68 0
70 42 -54 0
71 37 -80 0
-71 22 14 0
67 -24 -26 0
1 -49 65 0
40 59 -76 0
2 -66 -61 0
62 84 -40 0
23 18 -74 0
-22 -31 52 0
49 -17 12 0
86 -75 -58 0
-68 26 41 0
39 -57 13 0
60 -82 87 0
20 44 48 0
-82 22 58 0
34 -61 23 0
-68 -62 51 0
77 -30 82 0
50 -9 16 0
-2 35 -62 0
26 -80 -72 0
-26 -85 -2 0
57 -86 29 0
-70 -40 -62 0
-65 22 28 0
-65 39 -19 0
65 32 -46 0
-12 -66 53 0
-50 -87 85 0
70 -80 52 0
-24 -31 76 0
-59 8 17 0
15 -7 -66 0
-23 13 -57 0
18 -38 -12 0
-82 13 -14 0
-65 -18 35 0
57 82 -19 0
-3 66 37 0
33 -71 -22 0
-70 73 -88 0
-47 -30 -43 0
-6 -27 43 0
41 42 -14 0
-37 -56 52 0
-52 -24 -68 0
31 -17 46 0
71 37 -52 0
-21 69 -11 0
1 -61 -3 0
-40 -17 4 0
48 86 68 0
-20 73 7 0
-70 43 42 0
-46 -87 2 0
-38 -2 22 0
-8 55 82 0
21 19 -78 0
86 -14 -80 0
-67 -8 -17 0
-55 31 2 0
5 27 -79 0
25 -37 -21 0
