p 36 153
32 25 -15 0
-7 5 34 0
-24 27 -3 0
16 26 -14 0
28 -13 15 0
15 -33 34 0
11 2 34 0
17 35 -8 0
-5 24 -34 0
-11 5 -8 0
-9 -5 -10 0
-19 -22 26 0
19 -3 -14 0
35 -20 -13 0
-11 -10 35 0
-36 -7 -16 0
-26 28 -22 0
10 19 -11 0
-15 30 8 0
-31 -32 -16 0
28 19 -11 0
-31 -6 4 0
-32 4 10 0
19 -29 21 0
-30 -28 15 0
16 26 -24 0
8 20 -26 0
-28 8 -22 0
-9 -32 -1 0
-8 -1 24 0
-7 26 30 0
36 25 -35 0
-10 36 20 0
-25 11 27 0
7 -22 14 0
5 17 -20 0
16 -23 -19 0
-35 12 36 0
13 10 -15 0
-17 -4 22 0
11 -23 -30 0
20 -11 5 0
-23 -19 9 0
-29 20 31 0
31 19 -1 0
13 4 33 0
-18 31 -23 0
31 18 7 0
-31 -18 35 0
24 -18 -23 0
21 -29 -16 0
-11 28 34 0
13 -33 28 0
-25 29 -26 0
28 24 -20 0
-5 2 -7 0
-30 -11 -16 0
7 -28 31 0
-20 -34 -12 0
22 11 10 0
26 16 -6 0
12 28 -22 0
-4 23 8 0
6 5 15 0
-25 22 -34 0
5 -21 -16 0
35 -8 10 0
32 23 33 0
-10 22 13 0
-5 15 -1 0
-33 32 -26 0
24 36 15 0
24 23 14 0
28 -6 -2 0
-23 -31 -3 0
15 34 13 0
-22 -23 5 0
9 -13 -23 0
-28 33 -26 0
-6 14 -4 0
36 -18 11 0
-22 -20 -36 0
7 -30 -1 0
-35 12 -8 0
19 5 11 0
5 -29 -11 0
-26 -15 -29 0
17 23 -29 0
17 -1 9 0
-34 7 13 0
-23 -33 7 0
11 24 2 0
28 3 -22 0
-16 30 -21 0
-30 -17 23 0
14 21 20 0
-19 -33 -12 0
-6 13 1 0
1 27 23 0
-15 36 -5 0
-25 -14 31 0
-26 4 -21 0
-17 -11 32 0
20 3 -10 0
36 -35 -10 0
1 21 -8 0
35 -24 -28 0
26 -8 18 0
-31 8 7 0
8 -30 17 0
-14 33 31 0
15 -8 11 0
-2 -3 14 0
-32 4 23 0
34 8 1 0
31 4 -8 0
19 17 -25 0
23 -31 -27 0
-17 -36 23 0
-22 6 -28 0
-16 1 -27 0
-4 15 -31 0
13 -6 -14 0
26 -7 36 0
28 -36 17 0
8 20 -16 0
-8 25 -35 0
-6 -4 8 0
27 21 -11 0
10 5 28 0
28 -25 16 0
29 -19 -25 0
-8 15 -17 0
22 -8 1 0
18 34 36 0
14 13 16 0
24 -3 4 0
-6 -24 -10 0
-10 -4 23 0
18 -27 -15 0
30 -23 12 0
9 -6 11 0
4 35 -8 0
-24 33 12 0
19 -16 32 0
2 11 -31 0
-32 -14 6 0
14 -33 -2 0
15 -23 18 0
5 25 33 0
-20 4 12 0
12 14 -9 0
-2 -34 -36 0
