p 70 298
-10 -50 44 0
55 -10 56 0
-23 -67 -62 0
-6 -44 -19 0
-66 20 4 0
30 -63 -16 0
60 -9 2 0
46 49 -41 0
60 -70 32 0
60 -58 -56 0
-2 -69 -52 0
13 44 69 0
5 4 70 0
47 10 -37 0
-9 11 -32 0
37 40 -33 0
-6 35 -66 0
50 -48 -60 0
62 -7 23 0
16 -8 -31 0
33 7 -20 0
23 29 -1 0
42 -65 -34 0
-36 -24 -28 0
38 -29 -57 0
58 11 55 0
45 44 4 0
-52 60 1 0
-47 59 -26 0
-5 67 38 0
41 -32 -42 0
-42 68 39 0
-21 13 65 0
27 32 -39 0
-68 69 -70 0
20 61 -55 0
63 54 67 0
-8 -10 -32 0
15 -7 69 0
54 3 -1 0
21 54 -49 0
-67 -15 -40 0
47 -63 7 0
62 28 20 0
-67 59 68 0
-48 -23 65 0
21 19 13 0
1 37 -58 0
68 52 -34 0
49 59 13 0
-45 -44 49 0
42 23 47 0
-2 -25 -19 0
48 11 -20 0
26 -19 10 0
60 -17 3 0
-14 19 -2 0
22 -27 -36 0
4 30 66 0
26 -32 -53 0
-25 -33 21 0
-49 -58 -34 0
16 24 -42 0
-26 61 -29 0
-21 -24 -34 0
-23 1 -60 0
-24 12 11 0
42 -3 34 0
26 30 3 0
-25 19 39 0
5 12 -58 0
6 48 56 0
56 45 12 0
-59 -20 -28 0
-41 67 50 0
14 44 -64 0
32 -8 -36 0
39 17 -31 0
-24 13 -35 0
12 -65 -41 0
70 62 59 0
-45 10 -54 0
49 -70 -62 0
-63 53 29 0
-8 21 35 0
63 -5 -60 0
-50 21 44 0
-19 -18 -20 0
23 -1 -54 0
39 14 31 0
-2 -33 46 0
-65 -29 -66 0
49 -21 -8 0
13 67 -14 0
-12 -58 -56 0
-32 34 70 0
-24 -25 -26 0
24 -52 -55 0
-60 49 53 0
64 12 -44 0
-2 57 51 0
-26 39 57 0
-50 8 -44 0
23 4 39 0
-14 40 66 0
31 -12 14 0
59 -44 24 0
62 -48 -55 0
8 6 44 0
20 -38 22 0
46 -22 14 0
22 -56 31 0
58 -47 -40 0
-8 68 -34 0
70 38 39 0
-40 23 -62 0
-66 -9 -3 0
65 -68 -69 0
11 28 36 0
-58 -51 1 0
-39 24 54 0
21 18 -68 0
34 -54 12 0
67 62 9 0
-31 -60 -43 0
-33 56 -3 0
-34 36 16 0
-62 29 18 0
-42 5 -40 0
-59 10 -1 0
-61 56 -36 0
44 -26 -10 0
-24 -68 40 0
42 -24 39 0
28 -55 27 0
-68 65 -1 0
50 41 -51 0
-67 47 41 0
-66 -26 -11 0
-2 24 58 0
-60 -61 65 0
69 5 -28 0
-19 -45 -36 0
-4 5 53 0
-67 27 3 0
65 23 49 0
-52 -23 -18 0
-50 -23 -40 0
15 -22 -14 0
-10 -49 -29 0
-70 -19 -10 0
32 20 -40 0
18 26 3 0
-32 -66 -7 0
-12 65 42 0
31 -17 -61 0
10 63 -38 0
-62 44 58 0
-69 31 33 0
-49 65 -41 0
-21 -23 6 0
55 -54 -64 0
17 24 -46 0
29 -45 22 0
2 19 -15 0
-18 57 -50 0
-10 -59 -6 0
54 -35 -49 0
5 -46 49 0
-10 22 -3 0
37 55 23 0
-69 15 11 0
-23 22 -68 0
42 -1 -26 0
-29 -45 66 0
68 -31 -70 0
15 -3 59 0
58 -40 -65 0
46 24 -53 0
18 66 -48 0
17 68 59 0
35 -69 66 0
49 -68 8 0
59 -8 54 0
10 -70 -61 0
-68 -39 55 0
-31 8 34 0
69 -15 -2 0
55 -66 -51 0
-56 15 -55 0
-52 14 34 0
43 -3 65 0
3 -21 -23 0
-64 35 44 0
-5 -29 -21 0
35 45 -46 0
-36 41 -51 0
-67 63 -16 0
38 43 20 0
36 -37 66 0
50 56 66 0
-4 47 -43 0
-24 -47 46 0
27 46 -9 0
-2 -18 44 0
14 -57 -66 0
-12 30 -29 0
65 47 14 0
-25 -63 5 0
-20 55 -57 0
2 23 -51 0
8 45 -31 0
18 53 8 0
59 65 -31 0
3 -59 18 0
34 30 -50 0
-33 -20 -60 0
4 -43 66 0
-4 -21 58 0
60 63 40 0
22 -62 -26 0
-37 -58 -34 0
59 -7 -53 0
20 15 54 0
-43 6 65 0
28 -43 26 0
66 -3 -69 0
-47 16 26 0
-4 -60 -49 0
-14 -31 -48 0
-30 -14 41 0
53 -12 59 0
-38 -62 11 0
-24 -54 -40 0
-15 -42 44 0
-1 -7 -70 0
69 43 -2 0
-56 -47 -69 0
-42 -21 44 0
-51 16 41 0
-29 -13 -48 0
-9 -64 -25 0
-69 -59 16 0
30 31 -61 0
49 -67 17 0
-59 -54 -16 0
-61 -29 53 0
-59 25 -31 0
-51 -3 19 0
-70 41 69 0
-40 -50 26 0
-31 -17 57 0
-12 -3 32 0
43 57 52 0
59 -53 52 0
-54 25 -16 0
-34 -14 49 0
-55 65 12 0
-32 55 -62 0
-20 -55 -47 0
-63 69 -58 0
29 67 -64 0
-19 -15 -16 0
-61 -48 -11 0
20 -13 -61 0
-54 -8 -36 0
2 37 12 0
19 -52 -16 0
67 -11 -16 0
66 -67 46 0
-11 -12 -69 0
65 70 18 0
16 3 57 0
-38 69 -57 0
-69 -56 -60 0
-63 -36 57 0
54 44 48 0
-52 22 -42 0
13 -25 49 0
-23 -17 -65 0
31 20 61 0
70 33 35 0
-43 29 30 0
-37 21 -67 0
37 -15 39 0
-34 40 -69 0
51 22 -29 0
63 45 12 0
51 -38 -39 0
15 62 35 0
1 -51 -16 0
12 -54 -29 0
12 -62 -33 0
7 17 -48 0
13 -25 -43 0
-24 -5 45 0
18 -30 -40 0
53 -51 -56 0
