p 66 281
44 60 32 0
-59 27 34 0
-60 36 38 0
6 -27 43 0
-24 -43 35 0
-40 -47 18 0
59 -28 -49 0
1 24 -36 0
66 -26 -42 0
57 43 -48 0
31 9 65 0
-45 12 8 0
-7 -60 45 0
53 2 -8 0
27 -29 -61 0
22 11 2 0
-14 25 -4 0
-1 -36 -58 0
1 -50 -5 0
-24 18 -11 0
61 -39 44 0
-40 3 -56 0
22 11 -63 0
46 29 -63 0
-42 -46 25 0
7 39 -61 0
37 -47 57 0
-28 -33 -2 0
-44 -49 66 0
-48 -13 -59 0
56 13 -41 0
26 -37 -3 0
-11 45 -39 0
48 16 -42 0
-29 -17 37 0
-34 -23 27 0
-51 66 13 0
7 45 -43 0
60 -11 -24 0
-23 38 59 0
-38 4 -22 0
-15 43 61 0
43 29 -10 0
-20 -61 47 0
61 -42 45 0
23 24 1 0
-23 35 -57 0
14 66 45 0
-60 32 -41 0
8 -56 12 0
-31 -16 5 0
62 -65 -21 0
6 39 -9 0
-35 64 22 0
-54 -57 -52 0
-20 -15 -57 0
16 10 46 0
-48 51 -52 0
56 -4 -9 0
56 1 11 0
-24 -39 -18 0
-64 -10 -27 0
-1 -18 -7 0
66 45 -17 0
-50 47 7 0
28 22 -34 0
-56 42 49 0
-9 -35 6 0
62 -38 6 0
-38 62 -27 0
-24 54 65 0
-58 27 -4 0
-47 -51 -54 0
-15 -17 13 0
64 -24 66 0
-58 -10 -7 0
41 6 -20 0
30 47 57 0
-50 -54 -3 0
55 -39 -21 0
-29 50 -26 0
-3 35 -50 0
-9 -6 29 0
65 18 43 0
10 -5 -66 0
65 -23 13 0
19 -39 -28 0
22 -55 43 0
-28 -64 59 0
-30 60 -16 0
-13 -44 53 0
25 -66 62 0
53 -6 -20 0
-51 -34 54 0
-32 4 20 0
-66 -60 -45 0
61 -48 -47 0
13 8 -7 0
11 1 5 0
-28 -57 -35 0
-41 -39 15 0
-43 64 39 0
-27 -45 20 0
58 60 47 0
41 -7 -16 0
-1 33 -30 0
11 61 -9 0
-8 42 64 0
50 8 48 0
38 44 -43 0
60 -57 -29 0
8 20 -16 0
34 9 26 0
-13 -18 -20 0
23 4 -66 0
-36 20 26 0
-44 46 27 0
-4 -34 32 0
49 -51 60 0
50 -34 24 0
-45 -63 66 0
-52 55 -5 0
-64 -25 -22 0
6 -44 49 0
-10 -30 16 0
2 -12 37 0
-5 -17 46 0
-28 -9 45 0
-42 52 -60 0
-14 38 12 0
7 -52 27 0
-57 20 35 0
-51 -34 53 0
25 -33 16 0
45 -26 -48 0
3 -2 34 0
-18 -40 -22 0
-18 34 64 0
52 -65 -61 0
58 -12 20 0
53 66 34 0
-59 26 -58 0
31 15 10 0
4 -17 -42 0
-1 8 43 0
-23 62 26 0
-8 20 -23 0
-37 18 1 0
26 61 48 0
50 -10 63 0
19 18 61 0
58 48 24 0
-5 18 -52 0
-11 -31 43 0
33 19 36 0
54 -45 -58 0
17 -47 6 0
-28 24 20 0
20 -60 57 0
-45 2 20 0
25 -44 -10 0
52 -66 14 0
-52 -8 27 0
-35 14 -43 0
48 7 58 0
4 55 -60 0
-26 65 -18 0
-1 -38 62 0
65 -27 48 0
-51 65 -20 0
2 25 14 0
-5 25 39 0
18 -60 2 0
-61 -37 5 0
28 1 -16 0
20 -22 65 0
-46 -21 59 0
25 8 4 0
49 34 29 0
-45 46 11 0
9 -28 -31 0
-48 -14 27 0
38 60 24 0
-64 -39 -46 0
-56 23 -40 0
32 -40 63 0
-50 -18 -48 0
63 -2 39 0
-7 10 -3 0
8 50 -6 0
48 -58 -19 0
-28 34 -14 0
46 -42 -37 0
-61 -39 55 0
-19 44 26 0
48 -38 47 0
41 23 -1 0
-51 -52 5 0
-49 -32 -11 0
-27 -5 -23 0
-45 54 -3 0
32 -36 -59 0
61 -57 29 0
-65 38 -15 0
-13 40 -57 0
42 1 -45 0
-19 42 -47 0
-30 -56 -38 0
64 46 24 0
-5 -6 -16 0
9 -52 37 0
-59 62 35 0
3 57 32 0
-4 -54 29 0
37 13 -20 0
-47 22 64 0
8 -27 -31 0
15 -5 13 0
-31 -3 -36 0
47 -39 -16 0
-61 -11 29 0
-18 -63 61 0
-12 -44 -63 0
-36 47 32 0
56 59 3 0
-53 41 -23 0
27 -52 39 0
63 -44 -19 0
-6 -62 -39 0
-21 61 64 0
-49 -46 22 0
28 35 32 0
37 2 -13 0
-1 49 59 0
-39 38 -17 0
37 -11 9 0
56 -1 61 0
28 7 35 0
8 35 24 0
54 4 -34 0
-32 -55 40 0
-14 21 12 0
51 -46 63 0
7 44 -57 0
19 -15 -43 0
19 -46 31 0
61 -10 63 0
-25 34 -39 0
49 14 -60 0
-57 35 32 0
27 28 -26 0
47 -56 -23 0
5 4 -8 0
-50 -44 47 0
-30 34 55 0
-60 65 -56 0
1 48 4 0
-34 -43 45 0
-62 47 -44 0
43 53 -27 0
-11 -19 13 0
-33 -39 18 0
-33 15 -18 0
35 66 28 0
-49 4 25 0
-42 4 -65 0
-29 9 6 0
-21 12 -22 0
-38 23 -60 0
30 43 -20 0
7 -1 44 0
-4 63 -30 0
33 -47 6 0
6 -1 -62 0
21 23 -14 0
-45 -12 -64 0
12 5 -4 0
15 -57 21 0
56 -27 50 0
-45 38 52 0
-55 16 -8 0
