p 12 51
-2 6 -12 0
-12 5 -7 0
1 -6 3 0
-2 -1 -5 0
9 8 -1 0
-1 -7 -10 0
3 12 2 0
1 -3 -10 0
10 -3 5 0
-1 -2 5 0
-10 -5 -2 0
-5 -2 3 0
11 -4 10 0
-11 5 8 0
-12 7 -5 0
11 -4 -9 0
-5 -9 -3 0
2 6 -9 0
-2 3 -11 0
-4 -12 6 0
4 8 5 0
2 -5 -3 0
-8 -1 12 0
1 2 3 0
3 -8 10 0
10 -1 4 0
11 2 -10 0
10 -7 -1 0
-3 5 9 0
-12 -4 2 0
-8 6 -7 0
-6 1 7 0
3 -10 -4 0
-4 -6 -8 0
12 11 9 0
9 6 -11 0
3 -6 -11 0
-1 -8 -4 0
-11 7 6 0
-12 1 7 0
-12 1 7 0
7 -10 5 0
10 -3 11 0
5 -1 11 0
10 -8 9 0
1 -7 -12 0
-8 3 -10 0
3 11 -5 0
8 -11 -3 0
2 3 -12 0
-12 -7 -4 0
