p 96 408
-67 65 -57 0
67 9 -61 0
86 94 -9 0
-43 -15 10 0
28 -33 -64 0
-46 -76 47 0
78 91 -21 0
21 -15 44 0
6 32 51 0
-88 8 -67 0
72 44 -31 0
48 83 -60 0
71 -44 21 0
-9 60 45 0
-46 58 41 0
50 8 -92 0
-37 -46 61 0
-58 67 18 0
34 -64 -36 0
-62 48 -79 0
2 81 88 0
-40 60 -1 0
-74 -61 -88 0
-41 -61 -92 0
-61 91 -66 0
83 75 41 0
-66 -72 95 0
80 30 -10 0
9 49 38 0
-9 49 -33 0
43 70 6 0
-27 75 24 0
37 -22 74 0
85 95 45 0
-66 -75 31 0
68 21 37 0
-78 -88 -28 0
83 -66 43 0
43 -4 -85 0
-92 42 68 0
65 -77 -68 0
89 -27 74 0
29 -22 -55 0
50 -55 26 0
92 6 -44 0
87 -95 -30 0
-56 91 -38 0
89 29 85 0
-90 3 15 0
77 -73 31 0
47 58 74 0
-3 23 -83 0
-9 38 19 0
-19 71 -68 0
-17 13 -32 0
-70 -63 -17 0
-1 -80 -3 0
2 10 -9 0
-76 -13 23 0
-87 -54 6 0
-43 -79 38 0
-29 71 30 0
74 12 23 0
-91 -50 14 0
-45 -11 -50 0
-34 -65 47 0
-55 8 52 0
64 2 59 0
-6 -18 -15 0
77 56 94 0
85 -32 -63 0
-91 27 7 0
-37 26 -47 0
-45 6 10 0
64 -46 -92 0
53 72 24 0
38 -89 -30 0
84 -32 46 0
31 80 32 0
47 -83 8 0
-45 -80 -86 0
90 19 -54 0
48 18 95 0
-85 -6 25 0
-46 29 42 0
-45 87 19 0
-48 2 -64 0
40 17 70 0
78 -31 93 0
67 -40 25 0
-41 45 -75 0
-21 39 36 0
-27 42 73 0
-51 82 9 0
-35 -6 -74 0
-66 24 16 0
-45 10 27 0
-2 -77 -65 0
-83 87 -50 0
29 60 37 0
-86 -30 24 0
39 -25 20 0
93 -63 -73 0
-83 8 -22 0
-45 -24 -32 0
32 -76 72 0
95 -49 -80 0
-63 -96 17 0
-83 -41 4 0
26 20 -87 0
-3 64 -69 0
-49 -4 23 0
-66 91 -32 0
78 81 53 0
-18 -81 -96 0
93 -69 -87 0
69 -24 -49 0
-60 -81 -41 0
-2 -51 92 0
20 51 -36 0
-23 16 11 0
-9 -69 36 0
-29 -83 -84 0
89 73 4 0
-45 39 75 0
4 -53 -7 0
43 -48 69 0
-33 80 84 0
92 -71 -73 0
-67 -23 33 0
-51 75 18 0
-40 52 65 0
-56 -36 -85 0
28 -30 79 0
33 72 -90 0
21 60 6 0
-54 86 -53 0
-47 -49 -3 0
-38 -33 34 0
-46 89 -45 0
-16 -94 7 0
89 54 23 0
34 -72 -33 0
-92 -39 -43 0
-44 -40 -30 0
82 7 -36 0
-67 48 13 0
17 -35 -26 0
77 -74 -43 0
-4 -87 34 0
-48 28 -25 0
-9 -44 94 0
-65 54 75 0
-39 43 -30 0
-1 -54 -5 0
66 48 51 0
28 -12 -74 0
-5 94 54 0
-41 44 32 0
36 87 -62 0
-85 -94 -38 0
17 -32 75 0
-5 -73 -76 0
61 -91 -47 0
49 -19 -64 0
-33 -92 -55 0
-82 -57 35 0
41 53 44 0
75 16 -17 0
-54 -38 -26 0
40 -93 20 0
62 -75 -37 0
-64 49 -47 0
-39 20 -88 0
87 -23 -21 0
-89 -57 -50 0
-63 -59 -81 0
44 61 41 0
-61 -9 69 0
-42 14 -38 0
-30 -43 -61 0
-95 39 1 0
-50 -51 58 0
-51 -82 -2 0
34 -1 -44 0
77 -87 -93 0
-60 -36 -46 0
-58 -89 -21 0
53 -85 51 0
-22 52 -50 0
13 -91 -86 0
-95 14 55 0
94 16 -36 0
14 65 15 0
-12 69 22 0
3 -91 -52 0
-2 1 -67 0
62 35 30 0
51 -80 -34 0
23 59 -11 0
-95 73 93 0
-81 -43 33 0
82 43 71 0
1 -87 -88 0
-35 -13 -74 0
4 -38 12 0
54 93 73 0
-25 -19 -64 0
-42 -92 25 0
11 88 54 0
25 -40 72 0
47 -28 -24 0
-69 96 95 0
-86 -56 23 0
-90 -50 28 0
95 -36 12 0
55 64 -17 0
-29 -77 34 0
-11 -38 -21 0
15 -80 -52 0
66 28 -18 0
33 -72 -4 0
-12 -18 35 0
-50 47 -9 0
-19 34 67 0
95 66 47 0
-58 -60 -88 0
44 80 73 0
27 -26 7 0
22 -46 -86 0
-5 44 43 0
38 -49 96 0
52 -91 -90 0
-88 -50 -63 0
29 -13 -75 0
25 96 -3 0
-41 -86 59 0
-43 57 -53 0
11 31 -6 0
-13 -80 -16 0
-22 -25 75 0
45 54 -42 0
-44 -58 95 0
6 -5 96 0
-81 -95 -7 0
-52 -51 -17 0
35 -25 -89 0
-59 -37 -42 0
-6 -69 -49 0
54 -41 73 0
-54 -88 -39 0
2 -52 -75 0
55 -64 60 0
79 71 -92 0
-93 -33 11 0
19 -47 -81 0
91 27 61 0
-84 93 70 0
74 -39 -80 0
-10 57 31 0
-76 34 -29 0
-14 -27 54 0
48 -74 80 0
-95 35 -46 0
45 3 77 0
71 33 5 0
-7 -37 -36 0
-72 -9 34 0
-39 -73 -26 0
17 64 61 0
-85 -71 70 0
-32 37 39 0
69 42 83 0
20 19 74 0
-82 -49 62 0
-37 -29 -63 0
-13 -23 63 0
-26 60 31 0
-72 -52 44 0
22 37 77 0
62 -35 -69 0
14 -31 44 0
-61 32 12 0
27 -9 -53 0
-79 28 -32 0
-81 48 76 0
-91 -82 -58 0
71 93 -76 0
-94 30 -33 0
52 -58 -33 0
-23 -28 62 0
54 6 -13 0
-69 20 -94 0
12 -5 -69 0
38 48 -9 0
-96 73 -71 0
-14 4 16 0
13 11 88 0
-47 8 -52 0
-91 -81 16 0
67 60 28 0
25 -85 -71 0
60 18 14 0
85 80 -52 0
-95 71 -3 0
-51 5 -79 0
-13 -28 44 0
24 76 -94 0
-94 75 -93 0
91 41 -42 0
42 2 19 0
91 -36 -55 0
-34 -54 -84 0
32 -82 86 0
-12 70 -65 0
-11 -91 40 0
-9 54 44 0
-86 -92 59 0
-66 89 -21 0
6 68 -3 0
-21 77 96 0
82 -5 -61 0
-40 34 13 0
48 9 41 0
-18 92 19 0
21 66 -14 0
56 43 -60 0
-37 26 31 0
26 56 -37 0
-43 9 -59 0
68 -6 -83 0
70 -62 86 0
-19 54 64 0
5 -78 -77 0
-68 9 -52 0
72 -92 -35 0
-81 -22 61 0
-27 25 -44 0
73 72 43 0
-60 36 -74 0
-70 -83 31 0
-62 -94 -36 0
-45 7 -26 0
41 23 -27 0
5 50 37 0
4 12 33 0
-50 -20 69 0
3 12 -25 0
18 -26 -28 0
-54 60 -61 0
90 -25 -47 0
59 18 -28 0
-87 1 42 0
-95 -37 -4 0
3 71 -46 0
-32 15 89 0
-51 19 -20 0
-19 77 -58 0
-75 -20 -65 0
53 -8 76 0
-21 -68 59 0
39 -80 -26 0
40 36 3 0
-39 43 1 0
-79 -6 -64 0
-9 90 -24 0
-87 66 -16 0
-45 24 -78 0
-60 -19 29 0
-69 94 -8 0
-26 58 5 0
77 -42 -80 0
26 10 68 0
2 -47 -36 0
-23 52 -83 0
-22 62 90 0
41 -60 71 0
66 -88 -26 0
-47 74 79 0
54 3 -29 0
-17 10 89 0
84 -95 3 0
47 -93 -32 0
-20 -15 -64 0
-67 -81 87 0
17 -13 75 0
-87 25 -46 0
-7 63 76 0
-48 13 23 0
92 -41 -25 0
-96 -26 -89 0
-95 -56 -15 0
-89 -24 13 0
-81 17 94 0
37 11 -55 0
-48 -56 -7 0
-42 -74 20 0
-68 51 18 0
-69 92 10 0
-14 -42 83 0
14 55 -44 0
-35 -14 11 0
-79 -69 94 0
4 20 -73 0
-39 95 26 0
84 -53 7 0
-47 -86 16 0
10 6 -58 0
