p 79 336
23 21 -69 0
17 66 -21 0
-39 6 24 0
-20 -78 27 0
24 -45 -70 0
17 -52 11 0
71 60 61 0
-58 -38 15 0
-4 -59 30 0
76 75 38 0
38 2 -69 0
67 -38 -16 0
-20 -13 -74 0
-59 28 26 0
27 69 23 0
-30 -3 -58 0
-71 -46 -16 0
33 -6 46 0
28 77 15 0
-63 -6 30 0
43 -59 -29 0
-66 45 -44 0
75 77 76 0
40 27 -18 0
56 -7 36 0
51 37 -4 0
-58 -32 35 0
-10 34 36 0
2 -18 -31 0
-56 -25 -64 0
-33 3 -42 0
18 -68 -31 0
63 4 -8 0
4 -45 49 0
-51 47 -67 0
-13 -19 53 0
10 -35 -71 0
35 40 24 0
74 -63 -78 0
22 3 -1 0
15 -47 76 0
48 -69 7 0
-12 -3 -64 0
76 -2 26 0
-69 34 26 0
24 -70 7 0
-56 -61 -46 0
29 -51 -78 0
62 -30 -60 0
-37 76 23 0
61 30 -27 0
70 -51 -24 0
-73 63 67 0
38 -18 59 0
-27 -40 63 0
-27 78 24 0
42 -5 -77 0
54 -66 -76 0
20 31 69 0
-40 62 -18 0
67 -23 -66 0
71 -28 -60 0
-5 35 49 0
-31 -43 24 0
43 -64 71 0
-15 -27 13 0
-39 25 -16 0
24 51 -17 0
16 -8 -40 0
51 -30 -25 0
-29 -68 45 0
-28 33 42 0
-10 -15 40 0
-30 -56 65 0
60 30 35 0
36 1 79 0
2 32 5 0
62 9 34 0
59 -10 37 0
-47 -36 -65 0
69 -31 -21 0
10 76 69 0
-4 29 69 0
26 -27 57 0
-53 -77 14 0
-63 22 45 0
-31 33 -45 0
32 -62 -23 0
56 -31 -29 0
22 -38 -76 0
1 -75 10 0
-59 -21 -63 0
14 7 54 0
3 -70 53 0
26 -12 22 0
5 -42 24 0
-40 -25 62 0
-37 -78 50 0
-63 -35 -42 0
-70 -61 32 0
-44 -23 62 0
31 63 -36 0
-18 -48 23 0
-11 73 -20 0
65 -26 12 0
-58 59 -30 0
-20 17 13 0
-28 56 35 0
33 -29 27 0
23 50 45 0
-51 -69 -25 0
-71 -50 36 0
25 -61 21 0
70 -13 10 0
-28 -22 -27 0
27 -41 -48 0
-4 12 -58 0
-68 25 -29 0
-52 -29 -30 0
-69 1 10 0
9 11 -17 0
42 34 -24 0
70 69 24 0
-31 75 -12 0
-37 -74 28 0
28 -32 -46 0
14 74 -18 0
-28 50 -15 0
-17 28 -42 0
-1 29 13 0
-60 74 -56 0
47 55 28 0
-9 -31 -73 0
-3 -47 49 0
-4 -69 -35 0
29 67 -56 0
-8 -29 -78 0
60 75 -63 0
-37 -4 -13 0
39 -6 42 0
-46 -5 12 0
-69 -24 57 0
-1 -14 79 0
56 79 -34 0
77 -15 1 0
-57 45 71 0
1 -59 68 0
74 -13 60 0
-36 78 53 0
-72 3 52 0
-54 72 -78 0
-43 -51 -52 0
58 -22 -70 0
71 -36 -73 0
-33 -39 -35 0
-4 -28 -78 0
-75 -60 -17 0
-16 49 50 0
58 22 55 0
32 53 76 0
13 -69 79 0
41 20 60 0
-47 -13 -68 0
-7 69 -34 0
-32 56 3 0
45 25 -48 0
38 -37 -50 0
43 37 41 0
4 -35 38 0
-74 -75 -14 0
-41 -14 63 0
-14 -46 -77 0
-31 -34 -36 0
36 57 29 0
-37 -47 25 0
-71 -11 73 0
-48 -22 -10 0
-2 -73 37 0
23 -30 -5 0
17 32 -55 0
-34 -57 -12 0
-77 -64 33 0
-16 67 10 0
32 54 -65 0
78 17 -75 0
-18 49 60 0
-27 38 19 0
-17 42 53 0
15 -25 -33 0
26 40 25 0
50 -75 74 0
54 61 -17 0
76 -28 5 0
22 -23 -37 0
46 39 -24 0
18 -52 72 0
30 73 -42 0
23 58 56 0
13 49 -60 0
-68 33 37 0
18 42 -34 0
-16 -43 -49 0
70 -40 67 0
-26 -59 31 0
-52 9 12 0
3 -69 76 0
-13 -44 -15 0
11 43 -49 0
61 58 -11 0
-1 55 -59 0
55 60 31 0
-36 -78 20 0
-47 75 12 0
61 -79 76 0
-54 -75 67 0
48 -71 -28 0
30 -43 54 0
49 -19 -29 0
43 -71 53 0
-34 39 60 0
-53 -25 -40 0
-44 10 -53 0
67 -69 36 0
-17 -58 69 0
23 -64 59 0
41 68 -64 0
41 77 -23 0
38 -33 25 0
-59 64 3 0
-25 19 -70 0
-42 -44 -17 0
-51 36 -58 0
-50 -37 58 0
-3 48 -45 0
-26 48 67 0
-56 -74 -66 0
-61 -71 35 0
-7 42 -37 0
72 -6 -73 0
78 3 52 0
26 -25 53 0
36 59 -73 0
-52 -39 -75 0
-32 -6 33 0
-60 72 26 0
15 20 71 0
50 -9 -42 0
71 57 31 0
48 8 -45 0
70 -44 42 0
-71 23 32 0
-75 -27 2 0
71 28 -72 0
-56 66 -18 0
63 -53 -61 0
-16 -35 49 0
36 -63 41 0
-28 -53 30 0
-7 -53 6 0
15 21 -2 0
-58 -21 37 0
77 -49 -2 0
-2 -27 65 0
42 2 -70 0
-54 19 74 0
31 68 -2 0
-17 43 -47 0
-45 -16 -79 0
-58 69 22 0
11 -20 46 0
5 -60 -43 0
24 29 22 0
19 -65 -38 0
-23 -77 7 0
-70 4 -39 0
68 -65 -3 0
-29 23 59 0
8 11 -49 0
54 19 32 0
18 51 -39 0
33 -73 40 0
8 -54 -64 0
-12 -61 -30 0
46 73 -44 0
74 54 51 0
-43 49 -73 0
5 74 28 0
54 -61 58 0
51 -66 78 0
-62 -63 -57 0
42 -43 -65 0
25 33 6 0
68 -58 73 0
-27 50 -21 0
72 62 27 0
-21 72 38 0
79 50 -70 0
48 73 -40 0
-43 49 -1 0
65 -22 75 0
35 46 32 0
-28 5 -47 0
-7 -39 62 0
22 -38 31 0
10 37 51 0
-34 -65 30 0
-20 64 21 0
-44 35 14 0
-36 -31 -61 0
33 -49 -38 0
-2 -69 56 0
-55 53 -67 0
-18 -11 56 0
53 54 23 0
17 37 18 0
-27 16 -8 0
9 -7 -58 0
29 4 -28 0
19 42 -7 0
-62 59 -10 0
40 58 -62 0
-63 -47 26 0
40 -45 79 0
15 11 -62 0
31 -10 75 0
7 -36 -70 0
-62 17 -58 0
52 -74 -59 0
26 23 -52 0
50 13 4 0
-69 13 -31 0
-53 51 59 0
76 -10 67 0
-1 -51 36 0
64 53 -6 0
45 13 -49 0
