p 15 63
-4 -13 15 0
15 4 -11 0
13 1 -4 0
-10 9 11 0
2 12 11 0
-9 -13 -3 0
12 6 -7 0
-8 12 -9 0
12 14 -10 0
-2 -4 -15 0
3 -14 -1 0
-10 -2 -13 0
-5 11 -13 0
1 12 6 0
2 -12 13 0
2 9 -7 0
9 -3 -8 0
-7 12 13 0
8 -3 12 0
-7 -4 -5 0
-3 -5 1 0
-10 2 -4 0
10 5 -13 0
9 4 -11 0
12 10 3 0
14 -5 -11 0
3 11 -7 0
-9 -10 11 0
-5 -3 -2 0
-4 -5 7 0
-10 11 5 0
12 8 -15 0
-1 14 -11 0
9 7 -3 0
-2 -6 5 0
-7 13 1 0
3 -15 -5 0
6 -7 8 0
-8 6 9 0
3 -15 9 0
-14 13 6 0
8 10 -9 0
13 -4 14 0
-15 -6 12 0
-9 -15 4 0
7 13 -3 0
-7 -4 13 0
-10 8 7 0
2 6 3 0
-14 13 9 0
-5 7 1 0
8 1 -13 0
-3 6 15 0
6 8 1 0
9 15 11 0
6 13 5 0
11 -5 -1 0
-5 -2 -4 0
-3 9 -10 0
14 -8 -9 0
5 3 2 0
2 6 3 0
2 -11 -7 0
