p 77 328
21 59 37 0
31 1 48 0
-69 -48 1 0
-72 73 22 0
-75 -28 -6 0
-21 71 33 0
44 23 -8 0
-48 -20 -27 0
73 -7 -46 0
-46 77 -67 0
52 -10 -20 0
52 39 -8 0
-75 -3 -55 0
4 5 -53 0
38 -36 68 0
-77 9 -54 0
-51 12 37 0
52 69 24 0
56 -42 -54 0
61 -55 -70 0
2 -15 -26 0
49 35 -42 0
44 76 49 0
-39 29 -12 0
40 -15 45 0
-47 -24 -71 0
-69 64 35 0
-33 -70 71 0
59 44 -1 0
-36 -9 16 0
-50 -7 -21 0
-48 -44 20 0
51 -7 47 0
38 -67 -32 0
-74 28 73 0
-22 1 39 0
-69 2 16 0
-32 72 6 0
49 -33 54 0
-16 29 75 0
74 -48 -10 0
42 34 52 0
-72 15 52 0
-47 75 -53 0
20 -63 27 0
67 -47 69 0
-16 54 36 0
61 7 29 0
-74 -15 -36 0
-51 47 -69 0
-39 42 -51 0
-68 -25 20 0
19 -20 -12 0
66 39 -71 0
20 -13 -68 0
36 -53 -14 0
-53 -50 -45 0
-9 24 27 0
31 -60 21 0
-50 -25 -40 0
3 52 5 0
-2 59 65 0
-60 49 -4 0
-20 -43 -13 0
-13 8 24 0
52 56 -57 0
-29 53 -6 0
-44 -62 -67 0
60 -22 -40 0
-38 -60 -45 0
-21 49 -10 0
-33 -27 39 0
14 28 60 0
57 -51 -30 0
29 -54 62 0
-32 31 52 0
-34 -48 -73 0
72 -40 21 0
67 66 -57 0
43 29 -50 0
-62 -6 59 0
8 71 61 0
53 69 14 0
-51 56 -28 0
-35 36 6 0
-77 52 -11 0
-16 5 14 0
14 50 11 0
18 -11 52 0
-28 21 31 0
50 15 -13 0
6 -16 14 0
1 32 75 0
-72 8 31 0
75 -30 31 0
46 -37 -14 0
-40 21 -14 0
-25 -11 55 0
34 -24 69 0
-72 70 -41 0
-61 -6 19 0
60 -36 75 0
2 -41 4 0
-50 -11 59 0
2 -1 62 0
53 37 72 0
29 65 68 0
-68 3 -50 0
62 64 58 0
34 -10 11 0
-76 38 -7 0
-33 -63 68 0
-63 -1 7 0
-15 36 -45 0
-69 61 54 0
-73 22 2 0
76 -44 -25 0
76 1 -22 0
-75 63 -59 0
-60 61 2 0
47 8 -71 0
-21 26 36 0
-15 -48 -32 0
-34 59 31 0
-13 -25 77 0
23 -8 15 0
-43 -75 5 0
23 24 62 0
35 -19 -27 0
-12 46 34 0
-3 7 34 0
11 10 67 0
-55 -11 -51 0
21 -62 -3 0
-57 9 -59 0
64 -72 69 0
-50 41 7 0
26 -66 -65 0
-2 51 -22 0
39 16 -28 0
25 6 57 0
-74 28 18 0
-72 16 -59 0
-27 -70 -11 0
22 -10 -2 0
-31 -57 -23 0
15 16 -27 0
69 -62 66 0
4 56 -49 0
60 15 -58 0
-13 -41 -59 0
56 -36 -66 0
18 -63 -16 0
-3 -77 -17 0
69 62 -55 0
48 56 39 0
-18 -71 -40 0
75 -9 -19 0
-68 -47 62 0
-40 62 33 0
68 13 67 0
-8 36 30 0
22 36 -63 0
54 51 1 0
-6 -14 73 0
-19 -53 48 0
-41 70 -26 0
-71 70 -13 0
76 -40 30 0
-66 -21 5 0
60 38 51 0
-18 -23 -41 0
77 -37 22 0
73 -12 30 0
27 -38 -19 0
-53 -64 47 0
-68 -37 -21 0
-68 6 70 0
-20 -21 -22 0
26 -48 64 0
38 42 -77 0
72 -26 18 0
56 -65 -32 0
-11 61 -64 0
56 -60 -33 0
-49 18 29 0
-54 -14 -73 0
14 54 -60 0
-68 -73 34 0
61 -2 11 0
57 13 -3 0
-39 -45 -31 0
27 41 -45 0
57 -20 -62 0
-31 23 -61 0
73 -14 48 0
45 -5 33 0
33 63 -57 0
57 -12 -72 0
-73 24 26 0
57 -68 43 0
-59 8 -73 0
-70 45 72 0
-2 -61 -51 0
14 65 -77 0
71 17 52 0
7 -55 -16 0
-64 -67 62 0
36 -11 -55 0
-51 75 -49 0
47 -28 46 0
75 -3 67 0
60 -6 -72 0
-10 59 42 0
-7 -37 -42 0
-62 -71 52 0
13 70 -27 0
-46 11 70 0
15 -71 34 0
-31 -48 -29 0
-37 68 -59 0
43 -17 -51 0
41 -1 -48 0
68 71 -77 0
5 -73 -51 0
-49 -34 -20 0
-10 36 -74 0
11 -41 -16 0
-44 72 -41 0
29 72 -17 0
-48 -46 -30 0
65 -75 74 0
-44 75 69 0
-52 -48 8 0
-23 44 -60 0
-55 62 -8 0
15 46 -34 0
-13 31 22 0
50 -59 53 0
37 17 24 0
12 -33 32 0
-29 -42 64 0
-6 -37 -62 0
-48 29 52 0
-57 -18 -38 0
-3 58 -30 0
-7 -57 -17 0
58 15 -56 0
32 54 -45 0
63 -8 2 0
30 -77 66 0
73 -27 4 0
-60 54 59 0
76 75 -62 0
49 -26 -13 0
9 -44 -55 0
14 -43 -10 0
17 71 -62 0
13 -58 -62 0
-56 -44 7 0
7 -57 61 0
45 13 25 0
72 -58 16 0
64 -34 -68 0
69 77 -74 0
-63 -62 21 0
-50 -57 14 0
16 41 50 0
-19 30 -76 0
-27 66 -24 0
49 -59 18 0
67 -41 -12 0
-29 67 39 0
48 -44 -22 0
-56 -29 42 0
16 -57 35 0
-72 47 29 0
-21 59 57 0
57 -62 -14 0
-19 -59 -54 0
-66 -16 -71 0
-36 -5 53 0
-74 -51 23 0
-65 39 -75 0
65 26 34 0
-21 -61 67 0
-10 24 -22 0
-48 -24 34 0
24 34 -74 0
61 74 55 0
-45 33 51 0
62 40 74 0
21 -70 18 0
-34 -15 -76 0
72 31 -10 0
-9 -70 33 0
-72 45 42 0
59 -69 -55 0
-67 50 -18 0
36 -18 -17 0
32 14 -45 0
49 -2 -75 0
-70 -3 -33 0
-44 65 -72 0
-46 1 63 0
-75 25 -27 0
57 14 9 0
2 -7 -31 0
-36 72 -10 0
60 -8 -44 0
47 -46 33 0
45 16 -9 0
-43 15 26 0
-7 72 -36 0
-14 -51 -67 0
48 72 -58 0
6 46 -43 0
-71 -24 65 0
-54 -59 6 0
-65 41 33 0
47 -18 -41 0
-46 9 57 0
29 35 -48 0
-12 -59 31 0
18 34 49 0
18 35 22 0
21 -40 70 0
19 1 4 0
