p 53 225
15 39 29 0
27 20 36 0
34 -7 36 0
-5 -14 -21 0
10 -50 -36 0
-33 -7 -52 0
-41 33 -49 0
11 31 1 0
23 -44 -45 0
-42 -20 51 0
17 18 32 0
19 44 -53 0
-24 18 -41 0
-10 14 16 0
-41 4 -52 0
18 31 51 0
25 15 48 0
-6 4 -1 0
24 10 -20 0
-35 -11 -24 0
-37 24 -21 0
33 3 -44 0
21 -23 -2 0
-23 20 -33 0
-26 52 40 0
-32 -45 13 0
32 27 -45 0
-13 -40 52 0
48 27 45 0
-23 36 10 0
-38 -25 27 0
-16 44 -39 0
-10 34 -48 0
36 45 -21 0
-2 -17 -34 0
33 -21 1 0
5 3 35 0
7 1 -42 0
33 -46 -32 0
36 -31 19 0
11 23 18 0
49 1 32 0
-31 20 50 0
34 28 -42 0
26 -5 44 0
-13 37 39 0
-19 -20 15 0
35 3 -22 0
52 36 33 0
-40 38 21 0
12 -13 -35 0
32 18 43 0
17 18 -23 0
-39 -41 32 0
18 -2 -17 0
-15 -29 41 0
-31 -19 17 0
-17 -42 18 0
46 -45 -7 0
37 -48 -38 0
34 -10 -18 0
24 39 -18 0
-34 -32 8 0
36 -38 -53 0
-51 4 -10 0
33 34 43 0
35 -15 -14 0
-29 -23 19 0
42 27 -47 0
-47 19 4 0
-14 -29 -25 0
-16 9 -43 0
42 36 9 0
43 -41 -52 0
-42 -16 -47 0
29 14 4 0
-34 -7 -23 0
37 40 38 0
-31 46 50 0
37 -2 25 0
-41 -6 -26 0
33 -40 -28 0
33 -51 24 0
14 50 -47 0
-1 41 -11 0
31 -49 8 0
-3 -44 -18 0
-48 3 -32 0
-50 -9 -46 0
-23 8 -24 0
-29 -14 41 0
-2 -6 50 0
3 -30 -38 0
-53 -48 33 0
25 13 -41 0
16 -44 -36 0
-33 -34 -36 0
48 -50 10 0
-26 14 38 0
43 28 -37 0
26 41 39 0
-33 -48 40 0
-33 8 -17 0
-39 11 -50 0
32 -24 49 0
-16 3 -20 0
-6 -1 31 0
21 -31 -15 0
-9 -16 37 0
-30 -20 45 0
-47 -53 2 0
38 -49 22 0
40 -31 -18 0
31 -21 4 0
-39 -6 -49 0
48 -44 6 0
-44 39 -40 0
-46 35 12 0
26 -18 -34 0
-2 -43 -35 0
24 -39 47 0
-40 17 35 0
13 43 19 0
-15 -16 -29 0
-44 1 -28 0
50 6 -26 0
21 -22 50 0
27 -52 4 0
-27 -20 -16 0
-24 28 22 0
-4 -24 37 0
-49 -27 28 0
44 15 8 0
2 42 7 0
34 -41 35 0
25 2 -21 0
-26 32 45 0
45 19 -39 0
51 -36 -13 0
3 48 -39 0
51 -22 19 0
5 47 -30 0
15 -43 33 0
-22 19 52 0
-43 -1 -2 0
-34 35 50 0
11 26 50 0
6 46 47 0
27 52 -38 0
27 -44 1 0
-7 -29 -24 0
25 29 14 0
-48 -33 29 0
1 13 -12 0
-20 -31 33 0
22 34 -21 0
-20 -48 40 0
41 27 -39 0
20 42 30 0
-17 -4 -39 0
-42 9 -35 0
50 28 -35 0
48 -19 10 0
6 29 -38 0
45 -16 -8 0
-51 -33 -41 0
-17 53 -20 0
34 44 -18 0
19 44 -35 0
-47 48 -29 0
23 28 -29 0
30 -24 34 0
12 35 -22 0
-9 40 34 0
40 13 -39 0
23 52 35 0
-21 48 28 0
11 -17 -28 0
-20 -53 15 0
-26 24 -17 0
12 48 33 0
31 -19 9 0
45 -21 1 0
26 45 40 0
26 7 8 0
42 51 -8 0
-52 -15 20 0
2 -27 -16 0
-37 13 -48 0
-30 12 16 0
-47 34 48 0
-22 7 -13 0
19 9 -13 0
-9 -34 22 0
11 19 31 0
39 1 44 0
-41 37 24 0
-2 17 7 0
52 2 -29 0
-49 42 -13 0
-40 7 -10 0
19 -21 -41 0
-48 -43 28 0
-51 -4 18 0
29 -40 -41 0
39 -52 -24 0
-13 9 36 0
20 -34 23 0
46 -41 -20 0
43 18 25 0
25 -1 45 0
16 -39 -20 0
-10 -7 -26 0
-47 -25 49 0
4 17 25 0
16 -45 44 0
-23 39 -36 0
-33 26 6 0
43 37 6 0
10 41 -38 0
27 46 -29 0
32 -53 -31 0
-29 -39 -8 0
46 -29 -35 0
-39 6 -26 0
