p 20 85
16 3 15 0
-11 -13 16 0
1 7 -18 0
10 -17 -1 0
1 13 3 0
14 -18 -10 0
-16 -1 17 0
-9 -2 -16 0
10 4 -18 0
-6 14 -12 0
-19 -4 10 0
-8 11 -9 0
16 15 14 0
18 16 -20 0
4 -18 -7 0
-9 -2 -15 0
5 11 1 0
-17 9 5 0
12 -6 3 0
-8 -11 20 0
13 -17 6 0
10 -16 15 0
-5 -9 10 0
-10 19 2 0
-2 7 -1 0
19 -1 -7 0
-5 8 18 0
-18 -7 4 0
-10 -6 18 0
-1 20 -8 0
2 -14 -11 0
-3 6 -17 0
-18 16 -13 0
-15 -17 -9 0
-10 1 19 0
-2 -7 14 0
-15 -6 16 0
17 -18 -15 0
12 -11 -6 0
11 6 7 0
-9 -2 -12 0
7 18 -6 0
16 -2 -8 0
-17 -2 6 0
4 -6 17 0
-7 17 -13 0
11 -17 -2 0
7 -6 17 0
18 4 7 0
4 -7 8 0
3 -5 -8 0
1 -11 -16 0
-13 -19 -6 0
8 6 -20 0
12 -4 20 0
15 7 -9 0
17 -8 -12 0
-7 15 -12 0
-18 17 16 0
-5 -10 1 0
8 1 17 0
7 -3 -18 0
10 8 2 0
-4 17 12 0
-13 -8 -10 0
-14 -2 -6 0
14 12 3 0
11 1 -12 0
-3 9 1 0
-4 15 1 0
3 11 5 0
20 13 17 0
6 -11 10 0
17 -15 -12 0
-13 -18 -1 0
13 7 -19 0
16 4 19 0
-20 14 -3 0
15 -7 -6 0
-18 -13 -4 0
-19 15 3 0
-10 -4 -19 0
-12 16 -20 0
2 7 10 0
-19 -13 -10 0
