p 45 191
-25 -24 -26 0
-42 16 -38 0
29 2 21 0
-17 -28 -26 0
3 -20 33 0
-41 -24 32 0
-29 35 -15 0
8 -3 36 0
16 -34 13 0
-21 28 -5 0
-21 -20 5 0
19 5 10 0
43 9 -21 0
11 5 36 0
44 25 -15 0
-16 17 41 0
-45 -19 23 0
32 -43 -13 0
-18 -15 -25 0
8 -17 25 0
31 10 1 0
-39 -32 12 0
-22 -44 24 0
-19 -11 25 0
37 15 -19 0
-15 5 -8 0
22 -12 44 0
-1 8 27 0
28 37 -18 0
42 -8 44 0
11 -26 10 0
8 -2 23 0
41 18 -42 0
-16 -17 32 0
23 36 7 0
-8 -42 -4 0
15 12 -23 0
-9 -21 -43 0
10 -35 -1 0
4 10 29 0
-16 -7 20 0
42 -18 9 0
38 -26 -20 0
15 7 40 0
28 43 -19 0
1 -38 -28 0
-15 43 23 0
-23 -27 -43 0
30 -44 -34 0
21 10 -22 0
-22 -29 4 0
25 3 20 0
2 31 -45 0
14 11 45 0
-23 -1 -12 0
13 6 -32 0
-7 22 -5 0
29 33 -23 0
-6 -29 -16 0
9 27 -12 0
1 -26 30 0
-39 -14 44 0
-2 21 -44 0
-7 -18 -1 0
-40 -14 39 0
-31 -20 12 0
43 19 -18 0
-5 8 40 0
23 -11 34 0
16 34 -38 0
29 -2 17 0
1 -5 8 0
13 -34 -33 0
-20 -44 -30 0
-29 23 -18 0
-21 6 -9 0
23 -36 -7 0
-43 2 37 0
45 22 15 0
-32 -6 -4 0
35 12 8 0
19 10 33 0
-16 38 -21 0
-33 -2 -42 0
-24 43 -31 0
16 -38 2 0
31 15 28 0
-38 -14 -11 0
-35 24 26 0
3 -27 14 0
4 17 8 0
-28 -33 -18 0
10 -15 -6 0
27 -14 -41 0
26 19 -12 0
4 14 1 0
-17 36 -12 0
-41 44 -23 0
-19 -24 -23 0
-19 -7 -1 0
41 -34 40 0
10 -24 34 0
10 -31 -28 0
-18 -27 5 0
2 -7 -28 0
-44 27 18 0
-37 -16 10 0
27 -44 -9 0
9 39 16 0
-41 7 -29 0
22 -35 -39 0
26 5 -32 0
-9 44 -43 0
-25 44 29 0
-36 -27 -41 0
-1 -12 -20 0
-17 -13 29 0
-11 45 -19 0
-32 31 -3 0
14 1 -26 0
-16 -39 19 0
-33 -7 2 0
-1 37 12 0
8 -30 6 0
-21 30 -19 0
23 12 5 0
41 37 8 0
8 -9 42 0
23 -41 -12 0
-40 41 -4 0
35 23 -14 0
-38 41 -5 0
-11 13 -8 0
40 -25 -16 0
19 41 -32 0
16 19 -25 0
19 15 35 0
-2 6 -34 0
23 -24 42 0
39 -24 15 0
-39 -43 -13 0
-14 -41 34 0
-20 -40 36 0
25 21 19 0
-22 -6 30 0
-29 -11 9 0
-17 6 -3 0
32 22 -5 0
11 34 -44 0
-14 27 -22 0
-9 -33 31 0
-10 21 -22 0
23 15 -34 0
-45 41 35 0
-21 -1 -28 0
15 -11 10 0
39 -4 34 0
-39 -10 27 0
-40 15 -31 0
-12 9 -40 0
-13 43 -39 0
-41 20 -17 0
-27 -8 32 0
-18 -40 -25 0
-11 6 14 0
45 41 22 0
-4 30 -24 0
44 -7 35 0
-34 5 11 0
7 20 25 0
-7 4 35 0
23 -4 -35 0
-19 43 2 0
-13 -37 -35 0
-31 23 16 0
32 -29 9 0
-8 -1 -45 0
3 22 -5 0
-43 30 14 0
-27 44 -45 0
-40 -35 -34 0
-20 15 -19 0
2 -31 -40 0
-42 -16 -12 0
-26 -4 -22 0
14 45 31 0
-29 -11 22 0
31 -2 -32 0
2 -19 -6 0
-34 -23 -10 0
21 -11 25 0
