p 65 276
43 59 -31 0
13 -7 -62 0
-19 65 -12 0
-51 -36 -13 0
-27 20 54 0
-2 -44 39 0
-13 -7 -19 0
65 -28 -47 0
29 -36 27 0
-14 -38 -6 0
-53 15 -48 0
21 33 17 0
-11 -49 -59 0
-23 -26 -25 0
1 -19 2 0
-59 12 58 0
53 -37 -45 0
-49 5 -19 0
22 34 15 0
24 2 -41 0
26 -46 43 0
33 -49 4 0
20 44 53 0
-6 65 -9 0
-28 58 42 0
51 -14 23 0
43 -24 -19 0
-62 -25 -39 0
-62 44 -25 0
21 -53 4 0
-45 -30 26 0
-32 25 -11 0
45 -26 -23 0
6 -29 12 0
-13 -22 27 0
-26 -61 -51 0
-59 -9 36 0
-25 39 -51 0
-60 -34 35 0
-37 -28 47 0
63 -19 10 0
13 -20 15 0
-51 -28 -64 0
-63 51 -8 0
53 19 20 0
35 -63 31 0
-26 60 19 0
-45 -25 10 0
34 62 -63 0
-65 -6 -57 0
61 48 -17 0
33 14 39 0
46 -60 57 0
11 -3 33 0
1 25 -41 0
5 -10 -60 0
-59 -62 5 0
17 -31 -32 0
-15 -33 -32 0
-7 -48 10 0
-6 26 53 0
47 -2 48 0
37 -40 -25 0
47 41 46 0
-4 59 2 0
-19 -18 47 0
-6 40 -63 0
54 16 -9 0
30 42 21 0
-41 -45 12 0
-35 -5 29 0
-32 -38 -58 0
11 50 -63 0
37 21 34 0
56 -26 16 0
-17 -63 -44 0
-61 3 24 0
-2 -4 -34 0
17 11 58 0
-44 11 8 0
14 50 -56 0
51 -21 -60 0
19 -48 -30 0
55 10 26 0
-46 8 16 0
-37 -62 -43 0
-61 21 -6 0
-58 55 24 0
-59 6 -15 0
-22 43 -38 0
24 9 -52 0
-22 49 -41 0
-57 -32 -50 0
19 46 9 0
61 60 31 0
-63 -7 -10 0
-64 -41 -7 0
55 -41 -60 0
-15 -16 64 0
-26 -28 51 0
-48 62 -63 0
49 -36 50 0
25 -27 32 0
2 35 -28 0
-33 -46 45 0
39 -62 48 0
26 -15 54 0
1 20 38 0
23 3 -4 0
22 -39 30 0
51 -64 -53 0
-22 4 -59 0
-6 -22 -12 0
-36 52 -60 0
17 39 60 0
-2 -33 -48 0
16 57 47 0
35 44 -59 0
-9 -39 44 0
-19 4 61 0
63 -57 -24 0
48 60 -65 0
-28 -44 -48 0
-18 41 -26 0
-39 44 -6 0
13 23 27 0
42 -39 52 0
50 24 28 0
-59 12 26 0
12 51 35 0
3 36 44 0
39 30 -46 0
15 -6 14 0
-52 18 46 0
54 -20 4 0
-40 63 -1 0
50 41 -34 0
23 -53 29 0
1 -10 30 0
35 29 48 0
51 38 60 0
36 -1 39 0
-65 -53 40 0
-39 65 20 0
7 -39 -21 0
31 -65 -39 0
-63 22 -54 0
54 -39 -32 0
-56 -42 -26 0
-22 -41 42 0
-49 48 46 0
48 36 8 0
-9 65 -59 0
-41 -53 -6 0
60 -19 51 0
27 31 40 0
10 5 18 0
-30 6 -11 0
-61 -57 29 0
-30 -17 65 0
-52 -60 50 0
-65 60 -38 0
50 62 47 0
-55 -43 -54 0
44 57 -21 0
27 44 -16 0
-62 9 54 0
56 -35 -42 0
31 17 -61 0
-31 15 26 0
50 49 -35 0
32 -33 65 0
-21 8 64 0
45 -3 49 0
-39 28 52 0
24 37 27 0
65 -1 -49 0
4 21 -10 0
27 34 -46 0
-64 32 -15 0
34 62 40 0
45 -32 53 0
-55 23 -35 0
4 -33 7 0
4 62 3 0
-50 -3 48 0
28 25 -22 0
8 -63 37 0
-37 26 49 0
-14 19 5 0
24 42 20 0
-1 57 31 0
17 -20 -29 0
-64 -26 -8 0
36 -12 -35 0
13 33 5 0
16 -34 30 0
-18 -10 -64 0
-34 -40 -50 0
-8 -34 38 0
-50 27 -19 0
-40 22 62 0
-23 15 31 0
1 -61 -60 0
-13 19 23 0
61 -60 -18 0
65 9 64 0
32 -40 -59 0
47 -42 34 0
-65 12 -15 0
-28 11 14 0
-53 21 25 0
-17 -61 32 0
55 33 -10 0
62 -54 -65 0
-1 -55 -58 0
11 25 -61 0
-29 40 -65 0
-65 -33 -27 0
51 -26 -57 0
28 -25 -7 0
-25 42 -23 0
-57 5 6 0
34 37 30 0
46 -12 60 0
-40 58 -5 0
1 16 -49 0
-18 39 -21 0
-53 61 -16 0
-24 43 21 0
51 -19 -23 0
-2 -18 22 0
-57 23 35 0
58 12 55 0
-32 15 -33 0
-34 -62 38 0
51 16 22 0
62 -46 -18 0
-48 -36 60 0
53 -1 -30 0
-56 -18 -36 0
-63 -17 -24 0
16 -51 25 0
31 36 -11 0
23 35 38 0
44 28 55 0
-47 -60 -7 0
44 -59 43 0
40 61 -65 0
55 34 15 0
42 48 19 0
11 30 36 0
-53 -47 56 0
-39 -62 38 0
39 54 -21 0
30 24 -63 0
47 -62 64 0
-10 -9 47 0
46 -29 -42 0
64 5 40 0
48 57 -64 0
-27 -16 4 0
17 -42 -12 0
-22 -26 -39 0
61 34 40 0
-59 36 29 0
56 -51 33 0
35 1 -59 0
38 -25 28 0
-1 -44 60 0
-49 -60 -46 0
49 -46 -60 0
-36 -28 -37 0
-23 64 -39 0
-1 -56 -64 0
17 -13 -19 0
