p 42 178
18 29 30 0
14 23 32 0
-4 32 -8 0
-18 -24 5 0
-37 -32 20 0
-31 -30 18 0
-36 -30 8 0
-39 3 25 0
25 34 -20 0
37 11 -34 0
41 -15 13 0
-25 12 28 0
34 -33 -40 0
-30 -40 -10 0
12 -9 31 0
15 11 17 0
28 -2 6 0
-21 19 33 0
13 7 10 0
16 -4 -32 0
29 -39 -20 0
12 14 10 0
-40 36 4 0
32 -19 -2 0
-1 4 -6 0
-7 30 -24 0
20 29 21 0
38 -33 -19 0
-4 31 16 0
-13 -28 -20 0
3 -33 -1 0
4 10 -16 0
24 19 1 0
-4 -9 24 0
-6 -20 -11 0
-32 6 -1 0
-21 42 -23 0
11 -3 9 0
8 -36 -7 0
-30 22 25 0
-27 -35 -8 0
-29 34 -2 0
-37 -8 -29 0
-40 15 27 0
42 -27 5 0
-21 24 31 0
17 -34 -37 0
19 -1 -39 0
30 21 -36 0
39 -23 4 0
33 5 1 0
-21 17 7 0
-23 -32 4 0
-28 -19 -11 0
-23 -13 34 0
42 36 16 0
-32 27 -28 0
3 36 -27 0
-39 1 30 0
20 34 38 0
-18 27 32 0
-17 8 15 0
-27 -37 36 0
-4 21 -11 0
-26 -1 -20 0
-23 -10 19 0
1 5 41 0
39 17 28 0
13 3 7 0
33 -11 41 0
29 -32 42 0
-34 12 17 0
-11 -15 4 0
-29 10 -40 0
-36 23 -25 0
2 4 23 0
13 -1 27 0
19 1 -17 0
-31 16 9 0
-19 -10 38 0
33 28 24 0
19 -26 -14 0
6 18 -31 0
-34 -4 -22 0
20 -30 -21 0
-18 -3 16 0
5 10 -25 0
-15 -13 21 0
6 36 -18 0
-11 25 35 0
-15 -31 20 0
-4 15 30 0
10 35 34 0
-14 -41 -4 0
-4 5 39 0
-37 24 16 0
19 -22 -30 0
-18 39 -31 0
-11 -17 9 0
-6 15 23 0
1 -30 31 0
-41 -16 12 0
19 -10 20 0
-23 -11 8 0
-35 -11 18 0
-42 26 9 0
-13 1 40 0
-40 38 12 0
20 -22 -30 0
22 -5 2 0
16 8 25 0
11 -5 -40 0
-6 9 33 0
41 8 -28 0
41 17 -39 0
-34 -15 10 0
41 -10 -20 0
-14 -41 -34 0
-35 22 -15 0
2 -17 20 0
34 -12 -38 0
1 32 37 0
-14 32 -27 0
-12 9 7 0
38 -6 -37 0
-23 32 15 0
-42 -28 11 0
-38 30 11 0
19 -31 -41 0
-15 -22 -39 0
-33 -41 -13 0
28 39 15 0
-27 -15 4 0
-16 -39 -3 0
20 -32 2 0
-18 24 31 0
40 -22 26 0
11 -31 2 0
-26 -33 -9 0
-6 -9 -32 0
-8 -35 -16 0
26 25 24 0
-11 -12 14 0
42 -30 -3 0
3 -42 29 0
-8 18 26 0
-12 -22 -39 0
-37 23 24 0
-16 42 24 0
-23 13 -42 0
-34 -17 18 0
1 -28 -15 0
-15 -42 -28 0
33 -10 29 0
-1 17 41 0
11 23 -13 0
41 35 -29 0
-22 -6 30 0
25 -39 28 0
-35 -34 -29 0
-11 -32 -15 0
29 -37 -35 0
6 -14 -41 0
14 -31 8 0
18 -17 -13 0
-18 -42 -4 0
30 7 17 0
-4 39 -29 0
-1 30 -22 0
34 -6 9 0
-6 33 12 0
-22 -15 -25 0
42 15 12 0
-24 -41 29 0
11 9 -33 0
-25 26 14 0
41 -16 17 0
20 34 -36 0
