p 19 80
7 12 -13 0
5 4 15 0
-4 7 15 0
-15 2 -13 0
-11 -3 -2 0
2 1 -16 0
11 13 2 0
11 -16 -8 0
-12 19 -1 0
19 5 16 0
8 -5 18 0
-9 11 19 0
-11 -6 -14 0
8 -17 -16 0
-15 -18 9 0
6 -14 -17 0
-4 2 12 0
14 5 -17 0
-15 3 10 0
17 15 12 0
-14 3 -12 0
1 -16 -12 0
4 18 10 0
-5 -2 -3 0
-4 -17 10 0
7 1 17 0
-19 -16 14 0
3 -18 -19 0
14 -19 9 0
5 -13 6 0
-15 -4 -8 0
-3 -9 12 0
4 -6 12 0
-15 -9 10 0
-12 10 17 0
-17 10 2 0
18 -13 -1 0
-10 12 5 0
-4 14 6 0
4 -14 15 0
-1 18 -19 0
5 -3 -16 0
-3 -4 -18 0
-7 -2 -18 0
-1 -19 -14 0
15 -19 -14 0
2 5 -14 0
-14 4 -1 0
8 -1 -4 0
-15 -8 2 0
1 6 11 0
-16 18 -14 0
-10 -19 15 0
-6 -15 -10 0
-17 2 16 0
12 14 -8 0
15 -11 -19 0
15 5 -18 0
-2 16 -12 0
15 18 1 0
-18 -6 1 0
-2 1 15 0
10 11 18 0
-2 4 18 0
10 16 7 0
19 2 3 0
11 16 7 0
-19 4 -6 0
7 19 -2 0
-11 7 8 0
-9 -18 15 0
9 2 4 0
3 9 -5 0
4 3 13 0
9 -2 18 0
-4 -12 -2 0
-17 -2 6 0
-10 -15 6 0
-16 8 3 0
13 9 7 0
