p 52 221
6 38 -9 0
10 -32 6 0
-50 -40 8 0
-30 44 45 0
-33 -49 -16 0
-37 4 -45 0
-41 35 23 0
45 39 24 0
-12 19 40 0
-34 41 -50 0
-11 -37 -45 0
-23 37 9 0
-35 -26 52 0
-43 10 -6 0
39 19 -18 0
-21 -16 -28 0
-1 11 -22 0
-13 -21 12 0
-29 39 -4 0
22 23 -10 0
23 7 18 0
33 23 36 0
-43 -20 29 0
-16 47 -28 0
35 -46 39 0
21 45 28 0
25 -6 -21 0
25 4 -5 0
-2 38 21 0
-45 -19 37 0
-18 4 -11 0
-35 29 -13 0
-40 39 -18 0
47 6 3 0
-28 19 -25 0
5 -50 6 0
-35 -5 22 0
-16 -1 51 0
17 -42 49 0
21 41 11 0
9 -20 6 0
46 10 19 0
-32 -37 7 0
-17 41 -20 0
47 35 16 0
25 12 -35 0
40 7 39 0
42 39 -23 0
-27 -30 39 0
13 -17 -26 0
18 9 -29 0
39 -29 -25 0
-27 36 -8 0
-48 6 -38 0
-4 -20 5 0
-8 -32 -33 0
-10 9 -5 0
-37 50 5 0
-23 -14 -41 0
23 -11 -26 0
-6 -9 29 0
-29 -23 43 0
-13 -40 8 0
-33 -32 -14 0
32 49 33 0
29 -17 2 0
-8 -29 -36 0
4 28 -14 0
2 9 18 0
-52 35 -44 0
-16 27 38 0
34 33 -51 0
50 -8 -47 0
10 7 -16 0
-10 29 -2 0
38 -52 -32 0
-14 -50 47 0
-38 20 41 0
-46 -12 -3 0
-12 -14 37 0
12 16 -45 0
48 33 30 0
14 -6 -46 0
-2 19 41 0
2 -48 45 0
-13 -18 30 0
-12 45 2 0
44 -3 42 0
2 -3 -48 0
1 -40 31 0
-22 -7 12 0
42 -2 -26 0
-1 -26 -47 0
21 32 37 0
42 -10 -23 0
-44 -3 7 0
-33 -11 -6 0
-52 -44 -9 0
9 -49 -52 0
-29 -17 43 0
19 49 21 0
47 50 -42 0
-6 -49 19 0
48 -43 -8 0
-42 47 -43 0
-29 -3 -18 0
-30 46 -20 0
7 43 -44 0
-36 24 3 0
46 4 -24 0
7 -24 -37 0
-47 -34 25 0
36 31 -26 0
49 -42 -8 0
23 -45 -41 0
15 -34 -14 0
-14 -31 38 0
32 -6 26 0
-47 -51 37 0
41 9 16 0
47 15 -49 0
-14 -50 47 0
1 17 14 0
45 -42 28 0
43 6 46 0
-43 45 -21 0
-37 46 45 0
52 -45 -24 0
-24 13 -25 0
18 44 -15 0
1 -36 37 0
29 -28 3 0
27 38 13 0
42 51 -31 0
-42 -13 1 0
45 20 18 0
-25 11 40 0
-16 -26 -18 0
-34 -39 -47 0
47 -38 -6 0
11 38 3 0
5 -49 -29 0
-46 45 -49 0
11 9 -5 0
-11 3 27 0
37 41 -18 0
50 -7 20 0
5 38 -48 0
-48 8 44 0
44 -4 6 0
-27 25 -47 0
-37 -12 13 0
10 -46 47 0
49 -46 8 0
20 14 19 0
-31 46 44 0
43 14 -42 0
30 -37 -17 0
10 -33 4 0
-46 18 -28 0
24 51 -27 0
3 -13 33 0
-11 41 42 0
-52 27 42 0
-13 -7 -18 0
-46 -36 -52 0
-4 -15 -34 0
49 -6 45 0
-40 45 47 0
-7 -1 -33 0
38 -47 21 0
18 10 29 0
44 46 11 0
35 15 20 0
25 20 52 0
-7 -4 42 0
13 43 19 0
-21 36 13 0
13 24 41 0
27 -2 -7 0
-18 42 -51 0
1 50 24 0
-13 -1 -16 0
-4 3 46 0
-25 46 -17 0
-40 15 36 0
-28 20 -41 0
-10 -32 12 0
25 -21 34 0
12 -14 -31 0
27 38 -15 0
4 8 -9 0
35 10 25 0
-9 -18 39 0
30 -33 -49 0
-44 2 28 0
-47 -23 -29 0
-35 4 -33 0
-12 48 -34 0
-7 -51 34 0
-18 31 -17 0
-48 38 -32 0
21 -33 7 0
46 -47 51 0
-48 47 8 0
-37 -43 29 0
-1 -49 -50 0
45 23 -27 0
6 -1 3 0
30 25 -20 0
-25 -10 -14 0
36 -45 38 0
27 -29 44 0
42 -14 29 0
-11 -5 -4 0
-23 -28 20 0
-25 4 -38 0
-31 44 -25 0
-52 -1 4 0
35 49 7 0
27 31 -47 0
