p 44 187
15 -13 37 0
-24 17 20 0
12 8 34 0
-27 -39 36 0
-36 -9 -42 0
36 -5 14 0
-26 -21 16 0
-8 -14 -11 0
-17 -39 37 0
-16 -10 42 0
-43 33 -21 0
23 13 4 0
-34 -9 -15 0
35 16 6 0
-5 -7 16 0
-24 36 17 0
14 -25 23 0
11 14 -39 0
-7 -16 27 0
20 36 -34 0
4 5 -16 0
3 40 -34 0
3 -17 -21 0
-5 -10 -3 0
-41 -31 8 0
31 -43 -15 0
-39 35 -2 0
-37 -18 -39 0
15 39 -4 0
-2 -26 -15 0
-5 -12 44 0
32 -13 -21 0
-38 -4 32 0
38 10 -14 0
-30 -24 -35 0
-22 -12 32 0
4 34 14 0
-34 32 22 0
-22 36 2 0
-27 9 -29 0
29 -15 -21 0
-10 -5 -18 0
-2 10 -39 0
24 38 15 0
-41 -31 -26 0
8 40 -33 0
18 -38 -8 0
-12 4 20 0
-21 -12 7 0
40 -22 8 0
18 32 19 0
-1 -11 -33 0
-32 1 29 0
42 -43 -25 0
-7 18 23 0
10 24 25 0
-13 19 -36 0
-19 21 -3 0
33 40 27 0
20 -21 -35 0
-42 -33 17 0
-19 -33 2 0
10 42 30 0
29 -15 -42 0
-28 -37 4 0
44 41 28 0
-43 37 1 0
1 2 -6 0
-12 -38 10 0
22 41 15 0
-18 36 -2 0
-42 -27 -11 0
42 -11 27 0
5 15 36 0
6 11 -33 0
-34 12 -24 0
39 -27 -6 0
-36 6 17 0
31 42 19 0
-30 20 -1 0
21 -17 41 0
21 20 19 0
8 36 9 0
13 -4 -20 0
21 27 -8 0
-34 -44 -1 0
42 9 3 0
-28 7 -6 0
-36 -32 23 0
43 10 -29 0
42 44 -11 0
-32 -44 -17 0
-38 -18 28 0
5 38 -15 0
34 17 -23 0
20 42 -29 0
9 -30 -19 0
12 -21 -29 0
14 -35 18 0
28 22 20 0
-42 36 20 0
8 24 -33 0
-38 -21 -19 0
-16 24 -38 0
-26 -8 19 0
2 16 40 0
38 -27 15 0
32 26 -23 0
20 28 31 0
30 -13 -22 0
4 14 -37 0
19 28 -3 0
-9 34 19 0
43 22 24 0
6 21 28 0
13 22 35 0
29 -34 -14 0
-43 -31 -41 0
-10 23 -17 0
1 13 28 0
-44 31 30 0
-28 -7 26 0
-24 5 -3 0
-15 27 -31 0
-10 -35 27 0
-19 2 21 0
32 13 44 0
-34 -12 -10 0
44 -9 -41 0
-15 36 -13 0
44 -43 3 0
43 -7 11 0
27 11 18 0
2 17 34 0
-29 4 -24 0
36 24 -22 0
8 11 -28 0
-37 -30 -40 0
31 18 -3 0
-5 43 -10 0
32 -27 30 0
-27 -34 -26 0
13 -17 -27 0
39 7 21 0
32 -38 -33 0
-41 -12 -7 0
-13 32 1 0
-2 -31 3 0
14 25 27 0
-20 22 38 0
-19 -33 20 0
-3 29 -36 0
-30 -19 41 0
40 -11 -15 0
23 -6 14 0
43 44 10 0
-6 -10 -40 0
27 34 42 0
6 38 -30 0
-17 8 32 0
-24 21 20 0
35 -24 -30 0
14 -29 -25 0
11 -40 34 0
42 21 36 0
44 -41 37 0
33 -24 31 0
5 7 -42 0
-36 -28 -22 0
24 15 -19 0
-1 -17 -21 0
-4 29 18 0
7 -25 26 0
14 -18 38 0
-38 15 -21 0
-8 22 -6 0
-5 -41 -38 0
-40 30 29 0
-29 43 -28 0
12 23 -39 0
7 36 -10 0
-26 -40 -4 0
-14 -2 -33 0
-8 36 -16 0
2 36 -18 0
-10 -22 -2 0
22 9 -39 0
