p 88 374
-62 -1 38 0
5 19 33 0
-51 -13 27 0
-61 80 2 0
47 52 28 0
-57 24 1 0
33 68 5 0
-60 41 -67 0
-74 -75 -86 0
-52 44 47 0
39 -62 -43 0
-11 -31 -66 0
30 -37 -44 0
59 -87 75 0
21 69 -9 0
23 88 79 0
-79 73 -68 0
-75 -40 -8 0
-70 51 -71 0
-45 74 8 0
-8 -83 15 0
48 -44 -52 0
-61 -18 74 0
39 -2 -61 0
77 18 60 0
-79 -61 50 0
-61 88 57 0
35 -8 -15 0
-43 -60 44 0
67 53 -5 0
53 -55 -82 0
17 45 40 0
2 75 5 0
-31 13 75 0
-31 6 -12 0
-51 35 37 0
82 -9 -62 0
81 27 49 0
43 -21 -37 0
-6 -87 49 0
-56 75 -19 0
20 -46 -77 0
-64 -55 -27 0
81 -18 -9 0
-19 37 -63 0
-18 75 -23 0
-13 -23 -5 0
38 -35 -11 0
-88 82 2 0
-61 -59 -2 0
80 -53 87 0
-86 -39 -73 0
-34 -74 87 0
58 77 85 0
-79 -55 -58 0
66 12 -2 0
47 77 22 0
45 -74 20 0
41 64 69 0
-48 -6 34 0
77 -46 10 0
-62 67 75 0
82 -48 50 0
-27 -67 -48 0
-11 -71 39 0
47 -39 -14 0
79 -85 80 0
83 57 31 0
-76 -3 -19 0
-30 11 77 0
-14 1 32 0
39 -64 -69 0
78 38 56 0
47 -75 5 0
-46 -81 -65 0
69 56 -22 0
-58 -34 -80 0
-61 87 -54 0
64 77 -35 0
-3 -40 12 0
79 87 -13 0
5 41 -42 0
-77 -30 42 0
35 26 -8 0
-65 60 51 0
-61 71 -35 0
-34 84 -40 0
-81 34 -41 0
47 73 25 0
12 -55 -39 0
85 -17 -52 0
65 23 67 0
37 -59 -84 0
-25 10 82 0
62 -24 69 0
-84 -3 26 0
86 -5 49 0
51 23 -82 0
82 79 50 0
-68 39 82 0
8 52 -77 0
-1 25 -79 0
-29 -24 82 0
69 -31 -47 0
-55 -31 37 0
-49 -23 -43 0
-53 -12 -6 0
59 48 -80 0
-75 -49 71 0
70 -60 84 0
-27 83 86 0
-72 48 -85 0
-64 17 9 0
-83 8 -47 0
67 -87 79 0
-50 31 -27 0
-16 61 70 0
-73 35 83 0
15 86 -44 0
46 26 -29 0
-32 56 -49 0
-28 -38 -78 0
25 -20 79 0
-28 -8 -49 0
-46 28 45 0
63 3 -24 0
-17 60 71 0
-38 -51 -41 0
-49 16 -82 0
-59 -45 -43 0
-3 53 58 0
69 -72 -82 0
11 45 -50 0
73 65 -16 0
46 70 -45 0
-42 -5 21 0
-73 -20 -87 0
5 20 -84 0
69 45 -78 0
71 -6 -60 0
69 -60 39 0
-29 -73 -31 0
-59 16 67 0
-23 -60 -88 0
12 47 -52 0
-87 -83 21 0
62 -22 -45 0
-63 -64 43 0
79 45 40 0
-21 13 5 0
-17 71 -22 0
-49 3 61 0
-13 8 -18 0
-48 -17 -27 0
33 29 -54 0
-29 -79 64 0
-23 69 58 0
59 13 49 0
20 46 -34 0
-43 83 55 0
52 -15 66 0
29 -18 71 0
-22 -79 58 0
-64 -10 14 0
-27 42 -18 0
60 23 -61 0
51 47 22 0
67 72 -84 0
-35 -34 83 0
82 42 -50 0
-61 80 -28 0
48 -32 38 0
76 49 -79 0
-71 -69 75 0
61 -70 -27 0
-17 47 -2 0
84 44 -45 0
40 -85 -88 0
-30 55 88 0
-6 84 68 0
-27 -46 -59 0
-37 24 -52 0
-85 -6 -88 0
-21 35 25 0
82 -84 -68 0
-65 -79 -75 0
-18 53 52 0
-57 72 -70 0
83 -3 -41 0
-75 34 76 0
2 -28 -22 0
30 68 -33 0
78 40 -13 0
87 73 74 0
-85 71 36 0
-5 75 -13 0
86 -6 -58 0
36 29 -21 0
-78 70 -84 0
-80 -46 52 0
-8 25 49 0
40 24 79 0
-70 9 -39 0
67 -2 -70 0
-76 38 -32 0
-17 40 26 0
38 32 43 0
-80 -4 36 0
-41 24 88 0
-40 75 -51 0
-62 -19 73 0
-6 -85 14 0
73 3 -60 0
-41 46 80 0
-46 -19 -72 0
-77 44 -43 0
84 -18 29 0
21 2 27 0
-16 -57 81 0
54 -69 28 0
7 15 57 0
-64 -22 73 0
-64 -23 47 0
-45 -63 39 0
-23 -17 -71 0
-27 79 -60 0
-42 -30 -32 0
31 -3 62 0
-48 64 44 0
-17 -42 -31 0
-26 9 15 0
-54 30 -44 0
-44 -84 -18 0
20 63 27 0
31 -41 -32 0
25 41 86 0
62 -51 36 0
-58 -46 -5 0
87 20 38 0
-7 -38 8 0
-20 -27 -7 0
-14 1 -67 0
7 -15 -66 0
-31 -64 -28 0
-55 86 24 0
88 -15 58 0
32 -68 -85 0
-47 -7 82 0
-51 42 19 0
35 12 10 0
29 -39 53 0
12 73 34 0
51 -74 -15 0
-21 41 33 0
23 66 -75 0
6 -78 -56 0
-53 24 -58 0
65 51 79 0
36 9 -39 0
-77 85 -78 0
-79 34 -42 0
-85 63 1 0
-81 64 25 0
80 78 -75 0
85 -88 -65 0
75 -53 -77 0
65 25 28 0
19 -6 40 0
-47 75 46 0
-43 68 84 0
29 -67 -7 0
-16 64 -17 0
-58 40 64 0
-74 -78 -86 0
-85 -59 -45 0
-4 -86 26 0
-43 66 -29 0
-51 27 19 0
17 1 -83 0
43 -81 -16 0
-39 56 21 0
73 42 -68 0
-56 42 79 0
42 12 -11 0
66 62 53 0
9 83 15 0
-86 -72 45 0
42 58 21 0
-52 12 33 0
36 -26 -43 0
-35 -67 37 0
-85 -62 -60 0
76 -62 -30 0
72 -67 -58 0
-84 -32 85 0
86 50 56 0
-22 50 72 0
9 -16 -34 0
-65 -25 -18 0
-15 21 -4 0
-44 -64 -48 0
2 -17 14 0
53 -37 -28 0
-35 -39 48 0
29 -10 32 0
-55 45 -19 0
55 12 -53 0
31 32 -83 0
-41 39 31 0
-45 -67 -77 0
45 3 65 0
-37 -6 -65 0
56 -6 -41 0
-18 -54 -46 0
21 68 55 0
-12 -23 -53 0
53 44 39 0
88 24 5 0
-9 1 -4 0
31 66 87 0
58 2 -84 0
60 -64 6 0
10 -2 -46 0
-51 11 35 0
-57 -45 49 0
-71 19 -23 0
-84 -79 87 0
-43 -3 -16 0
-20 -69 -43 0
26 81 70 0
80 -76 -33 0
83 65 18 0
-6 45 52 0
73 -9 84 0
-2 -76 75 0
-72 60 -78 0
39 27 17 0
-61 -52 2 0
-66 18 -79 0
85 -18 40 0
-79 6 -2 0
49 62 -19 0
77 83 -32 0
38 -37 -69 0
7 -61 -10 0
17 45 -61 0
-49 -35 -39 0
85 -74 39 0
-67 -68 76 0
33 1 47 0
-33 -11 77 0
9 87 31 0
47 51 5 0
66 -41 68 0
29 15 -48 0
42 85 -49 0
-75 20 63 0
43 -46 -38 0
-63 54 9 0
37 -87 80 0
51 -8 22 0
-76 -38 -49 0
36 -45 -1 0
-8 15 36 0
-20 -81 51 0
11 60 40 0
55 76 -43 0
13 86 49 0
-61 -69 -20 0
-73 61 49 0
70 21 -28 0
-19 9 -29 0
-21 -17 -41 0
3 9 80 0
