p 52 221
-9 50 -37 0
46 -9 27 0
25 -51 -38 0
51 -12 47 0
-14 -30 -2 0
14 43 -35 0
38 11 16 0
-37 -42 51 0
-3 -27 46 0
26 -36 -24 0
4 -41 13 0
9 49 15 0
-35 -26 -46 0
-37 42 52 0
34 18 45 0
34 40 7 0
38 52 -30 0
-13 -33 -43 0
41 43 -29 0
-6 -46 -45 0
37 41 28 0
-42 50 46 0
7 4 23 0
28 37 -31 0
-41 -45 -34 0
-4 -33 -19 0
40 26 20 0
-14 -50 -18 0
-40 -36 48 0
-20 38 -40 0
11 28 4 0
-25 11 31 0
11 -26 -30 0
1 -46 3 0
34 17 -1 0
-24 39 -7 0
19 45 -20 0
17 51 -41 0
-39 -31 18 0
30 -26 -34 0
-31 8 -18 0
-23 -10 -5 0
-9 22 34 0
-31 12 33 0
-2 -48 -47 0
28 -17 44 0
29 -12 46 0
-13 12 21 0
-47 -45 30 0
-5 22 -26 0
-38 -45 -43 0
7 -28 44 0
27 23 -22 0
-2 26 7 0
-37 -46 -17 0
-10 -6 43 0
-4 -13 24 0
-6 23 12 0
21 32 -44 0
30 -51 40 0
6 10 -21 0
-8 39 -40 0
6 45 47 0
26 -27 17 0
-6 12 32 0
34 -32 44 0
-20 -48 -49 0
35 -39 -12 0
30 -27 40 0
38 -5 -17 0
8 -47 46 0
-33 -29 -41 0
16 -40 -41 0
-1 30 10 0
15 36 37 0
-14 -22 -18 0
-17 -16 -15 0
29 -52 35 0
-23 1 -27 0
-37 -12 50 0
-32 38 -47 0
-43 26 -2 0
24 -45 -38 0
-34 -40 8 0
-11 -36 -26 0
18 14 15 0
30 -48 17 0
-19 -52 6 0
-10 37 38 0
42 1 -43 0
1 -18 41 0
29 -41 25 0
48 -39 -17 0
-14 -19 40 0
39 -14 47 0
42 16 -15 0
-50 9 21 0
3 -9 46 0
-30 -20 35 0
51 -3 -22 0
43 52 -37 0
-5 26 -4 0
49 -16 52 0
28 4 -47 0
12 -15 -23 0
2 -33 4 0
40 31 -7 0
-24 8 41 0
-42 28 -47 0
7 9 35 0
-37 8 40 0
2 49 27 0
29 -35 47 0
40 -19 -13 0
-14 47 8 0
-46 41 -27 0
-13 24 15 0
49 -14 23 0
20 -6 -11 0
2 -44 -8 0
44 49 1 0
2 52 -3 0
45 -31 38 0
-15 50 -36 0
4 -3 -52 0
-5 -1 -47 0
-24 11 12 0
33 -19 -32 0
25 29 3 0
-37 38 32 0
47 31 -16 0
27 -33 -44 0
39 -5 2 0
45 39 -20 0
37 49 34 0
-52 -38 -33 0
5 -22 43 0
19 45 51 0
-20 33 46 0
-12 -25 -47 0
49 27 -17 0
11 -33 30 0
11 29 -50 0
-20 -25 -43 0
25 22 3 0
17 -51 43 0
32 -36 17 0
22 3 -19 0
-14 -15 48 0
-7 -8 -35 0
5 17 37 0
-6 -5 11 0
12 13 -24 0
-44 -2 13 0
16 6 -42 0
50 -52 17 0
47 32 -27 0
-37 33 -30 0
26 47 -51 0
-18 50 -25 0
48 -47 -29 0
36 -19 33 0
33 41 -4 0
12 4 41 0
7 30 -47 0
-12 27 -22 0
49 14 39 0
-25 -51 42 0
-13 15 -34 0
49 -27 -47 0
-14 -50 -37 0
-34 -4 49 0
49 12 -31 0
-43 6 27 0
-13 -35 -18 0
12 42 38 0
-35 17 -30 0
-45 40 44 0
-15 49 52 0
15 33 -19 0
50 28 -18 0
5 31 -38 0
22 49 -8 0
23 48 39 0
-41 -40 -34 0
14 50 52 0
-39 -47 15 0
13 -8 7 0
-1 -49 8 0
16 -24 48 0
43 7 -17 0
36 9 -50 0
-30 -35 21 0
29 10 -26 0
-11 17 -43 0
49 -44 38 0
-6 20 -23 0
14 18 1 0
-10 51 -18 0
35 32 15 0
15 14 37 0
-38 12 15 0
44 -6 -2 0
-1 44 3 0
16 27 -9 0
5 -50 -48 0
-37 49 -47 0
43 -24 -19 0
-30 -48 -29 0
-52 19 35 0
27 -41 8 0
-25 17 46 0
10 -5 -23 0
20 -12 49 0
24 -38 -6 0
52 -18 -40 0
6 1 -16 0
-12 13 -6 0
40 14 4 0
-36 9 3 0
46 -11 -32 0
