p 60 255
-47 59 14 0
-29 51 43 0
45 23 -13 0
26 -41 39 0
-54 2 -34 0
-48 9 53 0
-59 -16 32 0
33 30 31 0
-7 -57 35 0
-2 19 42 0
12 -54 -53 0
16 -7 -39 0
10 -20 38 0
-35 -57 42 0
-27 32 -17 0
-51 -43 28 0
-16 -25 -34 0
42 -51 56 0
58 -32 22 0
4 14 -51 0
-3 57 5 0
34 19 -60 0
-45 26 -49 0
-15 22 -18 0
21 -38 11 0
4 8 -59 0
-57 40 -56 0
16 35 -9 0
-44 -59 10 0
-6 18 34 0
-9 15 -53 0
31 39 51 0
55 14 4 0
10 37 -1 0
-48 -8 19 0
47 26 -36 0
-43 26 -7 0
-40 -48 38 0
58 -12 -18 0
10 -19 -56 0
17 32 -5 0
-36 -49 11 0
59 55 -35 0
25 20 -60 0
7 -57 -31 0
-5 26 -52 0
6 -20 -47 0
2 -58 49 0
7 -56 -11 0
-41 -46 -29 0
-43 -3 18 0
-2 -24 -14 0
-22 -31 -54 0
-3 15 -20 0
40 2 11 0
-57 13 55 0
27 -13 47 0
-5 31 51 0
-40 -30 13 0
-24 16 -14 0
-37 -3 12 0
27 24 38 0
-1 -30 -60 0
-10 -21 -34 0
-42 12 49 0
-39 20 -25 0
-2 -16 -29 0
-33 -56 -35 0
-35 11 -20 0
28 -7 -43 0
-2 24 1 0
6 57 17 0
40 39 15 0
15 -4 -17 0
-43 -34 -14 0
-18 12 21 0
-52 2 30 0
21 -8 -9 0
36 55 -52 0
48 13 -18 0
-17 -48 47 0
-46 29 56 0
4 2 -17 0
34 4 -21 0
-54 27 -12 0
-36 -46 -27 0
22 -60 36 0
31 26 6 0
-21 39 -25 0
12 60 -13 0
2 52 12 0
3 -59 -2 0
-32 26 -2 0
-57 -15 51 0
-35 53 24 0
55 -60 -22 0
13 28 34 0
-42 40 -45 0
-36 53 -6 0
10 -43 18 0
26 -2 57 0
-7 46 -50 0
-22 53 44 0
13 -51 46 0
54 20 -26 0
19 -1 -17 0
-59 -19 -22 0
-12 27 11 0
-17 12 21 0
-48 21 39 0
-29 40 -30 0
50 43 -28 0
-14 -39 4 0
-46 34 -55 0
45 -48 -19 0
29 22 -5 0
-3 -49 47 0
39 18 36 0
33 -23 -4 0
-27 10 8 0
-4 51 -32 0
-59 -8 -46 0
-24 -13 -23 0
48 -13 -53 0
-8 39 35 0
-4 -20 -45 0
53 -32 29 0
58 45 -8 0
-39 -40 -34 0
21 -60 -12 0
-21 -48 42 0
51 -4 60 0
-52 50 -56 0
59 -39 21 0
17 16 -28 0
28 -49 40 0
-6 46 40 0
-27 -17 -48 0
4 40 10 0
8 -53 55 0
34 -56 -39 0
-4 -28 35 0
-47 35 60 0
-58 43 -41 0
-14 -2 16 0
-2 19 -10 0
-5 -35 49 0
-45 2 -37 0
57 32 -53 0
-2 -48 -51 0
57 47 -38 0
16 36 -38 0
26 42 8 0
-11 60 29 0
-31 -32 -56 0
-22 -46 -9 0
-42 53 9 0
21 -24 -40 0
-3 56 -20 0
-6 -18 -4 0
42 26 57 0
43 -58 -10 0
-36 -14 45 0
-26 -60 29 0
15 44 -2 0
28 42 12 0
35 16 34 0
-51 44 54 0
-39 4 13 0
32 44 -27 0
-35 -34 50 0
-27 -26 -18 0
39 32 52 0
52 -42 -24 0
1 -6 -10 0
-33 -5 -42 0
1 6 54 0
-59 -7 11 0
-60 4 36 0
-53 32 -59 0
3 -20 -5 0
-9 55 8 0
60 -7 9 0
38 8 23 0
45 -47 39 0
43 -25 10 0
15 26 -13 0
-4 48 53 0
51 42 5 0
-1 29 21 0
60 -29 -40 0
-48 37 -52 0
16 37 43 0
58 -41 15 0
-40 8 35 0
2 -56 52 0
15 -32 -58 0
12 51 -54 0
49 22 1 0
-31 -42 7 0
-4 3 28 0
-52 -12 -54 0
-39 -43 -14 0
32 -55 26 0
50 40 -60 0
55 -53 30 0
13 -37 -40 0
42 32 48 0
24 21 -8 0
9 -8 -48 0
42 -34 -33 0
45 59 -40 0
-17 31 30 0
-51 35 -11 0
42 -45 -11 0
19 37 -31 0
-41 4 -26 0
-57 58 30 0
6 23 -47 0
-60 -12 -5 0
-53 25 55 0
26 32 -24 0
12 -58 -45 0
10 47 -59 0
-21 -48 15 0
27 40 22 0
-19 11 1 0
-51 19 -22 0
22 -12 15 0
44 -39 8 0
-57 -55 56 0
-41 14 10 0
-43 -9 -47 0
43 -59 -18 0
-49 -55 16 0
-24 36 -1 0
-26 14 18 0
-1 -57 16 0
-22 -34 -48 0
-26 -47 -15 0
-3 54 -14 0
14 -40 -20 0
10 24 30 0
-12 45 -43 0
12 -48 -18 0
-43 -2 -13 0
-29 40 11 0
-46 40 58 0
-12 20 -15 0
-45 56 35 0
-20 -17 58 0
-51 -38 -20 0
21 -54 6 0
-25 5 -16 0
53 -16 4 0
