p 76 323
31 -1 52 0
20 43 -13 0
-41 5 57 0
-25 -48 67 0
-5 -66 -25 0
-76 -2 -28 0
65 73 -62 0
-73 -21 61 0
4 12 18 0
20 49 57 0
19 -14 -10 0
72 2 69 0
66 -39 -55 0
-19 41 63 0
-50 -29 -56 0
31 -50 12 0
-11 45 2 0
-38 -9 -61 0
-70 17 -1 0
-4 47 26 0
64 -2 -72 0
-71 70 76 0
71 -29 -18 0
-8 -11 27 0
-28 -49 7 0
7 -44 70 0
-11 -75 -27 0
11 5 -42 0
-28 2 -18 0
32 -21 59 0
-73 12 57 0
49 -34 -38 0
38 -70 -22 0
42 68 -66 0
-11 16 -22 0
-33 40 -39 0
-40 -22 56 0
69 -59 -63 0
-26 18 -12 0
-61 39 -17 0
17 -61 46 0
-16 69 9 0
-25 -4 -49 0
2 37 6 0
-44 -16 4 0
14 66 47 0
61 73 -2 0
72 11 35 0
-71 -40 -4 0
9 49 32 0
25 -14 61 0
-20 16 -28 0
-64 -4 35 0
15 -45 33 0
31 -49 60 0
-38 -58 -13 0
-16 55 56 0
51 -12 -49 0
65 62 -18 0
-37 56 36 0
43 57 -29 0
4 -31 54 0
63 -19 58 0
-9 59 74 0
73 -15 -55 0
73 19 56 0
11 -39 73 0
-32 -71 -39 0
7 45 50 0
18 9 66 0
-21 -41 11 0
-39 -59 -47 0
24 35 18 0
46 11 51 0
-69 75 20 0
76 21 40 0
-45 41 50 0
66 9 -70 0
7 27 8 0
66 23 25 0
8 39 -24 0
28 -12 -76 0
37 17 25 0
-50 -49 -27 0
32 36 76 0
17 4 -44 0
-7 -11 -14 0
12 35 -19 0
-31 34 -44 0
-28 -60 10 0
63 66 -60 0
-33 -42 37 0
-52 -31 -23 0
18 -55 -53 0
-74 35 -63 0
-57 39 -69 0
75 34 -72 0
-35 -69 -8 0
-76 44 -12 0
-46 -51 -2 0
45 -46 69 0
-65 -44 -26 0
-55 -15 -36 0
-38 -59 -20 0
73 45 40 0
-7 47 -58 0
47 74 -24 0
1 -25 64 0
-18 71 -37 0
-28 4 -66 0
-10 -59 46 0
-22 -21 -62 0
-73 -60 -67 0
-6 -8 75 0
4 -34 -66 0
-9 24 -62 0
48 -33 -35 0
28 49 -38 0
-51 44 43 0
20 55 53 0
-58 35 -47 0
-51 53 -69 0
-69 6 -8 0
15 54 47 0
72 47 -31 0
-18 -23 -63 0
-27 -17 44 0
11 -17 70 0
-15 45 60 0
-46 30 -69 0
25 -47 -44 0
29 31 8 0
-62 -15 28 0
-2 -45 57 0
17 10 69 0
10 -70 5 0
-70 -49 24 0
-19 -44 -63 0
17 -32 -49 0
-27 1 -37 0
-56 47 15 0
4 -11 67 0
-44 -66 4 0
-11 -50 -18 0
-50 -54 -58 0
-70 -50 2 0
62 31 -40 0
32 -74 -10 0
47 -60 30 0
-18 64 -12 0
13 -60 -9 0
-64 36 10 0
17 52 4 0
-21 8 -10 0
61 -2 -70 0
52 -39 -26 0
-76 49 -48 0
-32 58 -19 0
-50 -22 -16 0
-35 -5 -3 0
-40 -66 -76 0
-59 -38 8 0
17 38 49 0
10 72 58 0
-66 -31 -33 0
14 49 -63 0
-45 4 -56 0
6 69 23 0
60 33 -12 0
35 53 -26 0
-6 54 -59 0
-38 -74 49 0
25 -12 -19 0
-11 -25 65 0
-47 -51 -19 0
-6 56 29 0
-75 -8 -18 0
9 -73 48 0
25 -7 -65 0
-52 -56 27 0
72 34 -51 0
62 -47 14 0
10 -38 -66 0
19 71 6 0
36 44 -30 0
28 57 -60 0
33 73 31 0
53 75 40 0
-12 -10 -21 0
-51 -34 74 0
-65 -75 -54 0
33 65 6 0
-70 -27 2 0
55 15 21 0
-34 -26 22 0
37 63 -43 0
16 3 60 0
-36 61 71 0
-64 75 76 0
-57 47 -15 0
24 -36 -56 0
-3 -70 -40 0
-6 49 9 0
58 -42 -46 0
-21 -39 43 0
-16 -11 8 0
-13 -72 61 0
33 -7 -30 0
-66 54 51 0
53 -67 44 0
32 -50 -37 0
-3 45 -36 0
34 -6 -25 0
23 -8 67 0
42 -36 -63 0
67 69 -68 0
-60 -13 -39 0
-54 66 -8 0
18 17 75 0
69 62 -65 0
29 18 47 0
28 37 32 0
-68 -6 73 0
-29 -16 -73 0
-43 -50 55 0
-75 38 -24 0
33 -2 67 0
-42 72 41 0
-41 30 -68 0
-41 -10 -46 0
49 1 -18 0
-15 50 -2 0
19 63 -59 0
-7 57 76 0
-70 -73 -64 0
-58 15 -12 0
-19 45 -39 0
-47 -5 38 0
-46 76 -69 0
37 -68 -20 0
60 -2 -16 0
19 -20 -56 0
-34 -12 -24 0
-24 11 -69 0
73 -34 -48 0
71 -23 34 0
26 -32 -62 0
40 46 67 0
28 -61 30 0
4 -30 -21 0
-60 -61 1 0
-57 -1 65 0
74 51 35 0
31 51 12 0
16 -26 -15 0
-3 -42 -8 0
-45 -58 -3 0
-74 -55 -69 0
41 69 -56 0
2 -38 -36 0
-52 -15 -33 0
34 -46 10 0
50 44 -64 0
-30 -53 -15 0
71 -1 55 0
25 47 -59 0
-35 -8 30 0
-63 30 46 0
-6 -37 63 0
-12 -33 -44 0
1 -8 -15 0
-30 27 -29 0
39 -31 65 0
-6 -64 -61 0
-5 18 -4 0
-59 55 -7 0
-69 22 -14 0
36 19 -14 0
-68 -13 39 0
7 -5 -4 0
17 75 64 0
3 10 -46 0
-9 33 -23 0
-34 44 35 0
-17 -36 44 0
-36 68 7 0
56 -66 -26 0
18 13 -64 0
-21 -57 -38 0
68 5 -39 0
30 17 -60 0
-56 -71 -69 0
23 -48 -38 0
-33 -30 -43 0
50 -11 -48 0
-45 6 19 0
33 24 -69 0
21 70 -15 0
10 43 -19 0
-23 58 61 0
27 -57 -23 0
-73 59 55 0
-10 48 6 0
40 -75 61 0
60 52 56 0
10 -23 -56 0
41 66 -47 0
37 17 -57 0
13 -6 -34 0
-59 33 -48 0
-9 -4 75 0
-18 74 -71 0
-11 18 -45 0
18 -42 -47 0
23 54 56 0
-52 66 -32 0
-36 -30 -37 0
-14 -68 -60 0
74 38 29 0
7 -50 -55 0
-13 -69 6 0
22 -61 53 0
70 -27 -55 0
