p 81 345
-22 -19 72 0
81 -60 -65 0
-57 68 -66 0
-8 -29 -41 0
2 -64 -61 0
-58 65 53 0
-61 -65 33 0
17 52 6 0
-36 -51 67 0
-78 28 -3 0
-37 27 -42 0
32 -22 76 0
68 -52 -49 0
45 -28 -43 0
-17 6 59 0
-11 -76 -5 0
38 21 -70 0
14 78 71 0
-4 -15 -29 0
-12 -65 15 0
48 34 -64 0
37 -24 65 0
42 -22 -75 0
-39 -43 48 0
55 -11 -61 0
-73 -71 1 0
17 46 36 0
39 63 -43 0
28 -58 67 0
-62 -44 61 0
-12 33 70 0
58 -18 -25 0
-71 44 72 0
64 59 -54 0
-11 -37 -60 0
-4 -74 -40 0
-40 -47 23 0
73 -13 27 0
64 25 69 0
-36 -58 23 0
36 -10 -26 0
-80 59 -4 0
45 68 -33 0
1 43 13 0
25 -55 13 0
-65 45 34 0
42 23 -16 0
55 -71 -62 0
-81 -70 35 0
15 42 -9 0
-12 27 -67 0
15 -47 31 0
-24 6 53 0
33 62 -13 0
-55 -42 61 0
80 63 -14 0
-56 45 50 0
-15 75 38 0
-42 43 -27 0
1 -27 -52 0
43 -48 18 0
75 -50 -67 0
-53 -17 79 0
-44 -16 -35 0
7 26 21 0
52 -64 -67 0
-71 -4 44 0
-38 22 57 0
-35 -17 -25 0
1 -14 70 0
-26 9 56 0
45 -53 -17 0
-74 -56 -49 0
-77 25 21 0
-51 -67 -20 0
-71 7 34 0
-72 -39 15 0
-31 -57 38 0
-17 70 -49 0
64 -52 -80 0
-53 -72 -8 0
-30 56 -24 0
72 66 5 0
14 60 -2 0
-1 -43 -34 0
73 -57 -33 0
70 54 -36 0
39 54 -76 0
-63 -50 8 0
80 -78 -10 0
-58 -61 1 0
-31 14 -16 0
-17 -29 28 0
-52 10 -14 0
-4 29 -60 0
-55 -54 66 0
77 -64 -19 0
-48 10 61 0
-35 -28 62 0
81 43 13 0
42 54 -78 0
47 -36 27 0
-10 -16 -5 0
-70 -32 3 0
9 -28 -31 0
36 -70 1 0
38 -59 -48 0
-67 -38 -22 0
74 -63 -77 0
25 13 -40 0
-60 -34 32 0
61 -4 -51 0
-57 70 6 0
11 70 -65 0
-6 9 -58 0
8 -25 64 0
-32 43 42 0
-39 -81 -7 0
-14 -74 37 0
18 30 -26 0
59 -36 -14 0
68 23 -75 0
-10 -11 35 0
-16 -37 13 0
64 -23 -26 0
25 54 71 0
-37 -54 20 0
-65 64 -30 0
46 7 55 0
46 72 -77 0
-42 64 35 0
55 41 -59 0
62 -37 35 0
-28 -40 -11 0
81 78 5 0
3 -49 61 0
-24 -17 -21 0
32 -48 69 0
24 25 -66 0
-32 64 13 0
32 19 -18 0
41 -65 4 0
17 1 30 0
-25 47 52 0
-29 32 60 0
-73 63 21 0
54 -32 6 0
38 -40 -76 0
-70 40 51 0
25 50 -81 0
-35 -44 53 0
35 -11 24 0
64 -20 77 0
42 24 74 0
-47 80 66 0
-68 -36 73 0
-43 -36 -10 0
42 20 -68 0
-25 -20 -21 0
-40 -69 -72 0
-6 1 57 0
12 -38 -11 0
55 9 -25 0
-49 -26 -55 0
72 63 60 0
-62 12 60 0
-37 -5 -7 0
36 42 58 0
-8 -27 72 0
-57 -42 -55 0
22 -49 61 0
35 32 -12 0
-38 36 -67 0
9 -62 -79 0
-50 11 -31 0
26 -78 39 0
25 -69 -41 0
-79 -49 37 0
-14 75 69 0
60 -76 7 0
56 -42 49 0
-20 23 -10 0
55 -23 -36 0
17 -7 -37 0
27 -66 -25 0
66 52 40 0
31 10 -8 0
-1 30 -67 0
-15 40 9 0
-59 10 3 0
-29 9 -33 0
10 -69 -71 0
70 -4 22 0
-16 -20 -75 0
62 -80 32 0
58 -44 -53 0
-74 18 54 0
-72 23 5 0
25 -81 -59 0
-12 -22 -54 0
-1 -18 -9 0
20 -14 -54 0
-18 63 35 0
11 79 72 0
34 -16 32 0
-32 48 10 0
10 -25 -33 0
68 -19 23 0
-8 -14 -49 0
-24 -15 2 0
68 -46 33 0
-78 9 48 0
10 74 -7 0
41 29 20 0
-58 -66 -77 0
-20 5 -63 0
-51 10 30 0
4 -39 44 0
58 79 59 0
18 -15 25 0
26 -30 71 0
-30 32 -56 0
63 -11 45 0
76 14 39 0
40 51 -18 0
55 -54 -78 0
-75 -60 76 0
-32 56 41 0
59 -57 -72 0
-51 45 21 0
51 -78 -6 0
-17 -61 14 0
-5 -76 23 0
2 37 64 0
-46 -53 -54 0
50 65 68 0
-49 62 -50 0
55 52 -28 0
-39 -15 -22 0
1 -7 68 0
-63 31 -43 0
73 -35 64 0
-20 47 -41 0
-69 -52 47 0
33 -53 23 0
51 59 -33 0
45 -3 -11 0
8 -64 72 0
-7 28 -63 0
11 40 -33 0
-47 -34 39 0
60 74 -26 0
-53 58 -57 0
64 -65 -57 0
-19 -25 55 0
50 -4 -33 0
7 -39 -80 0
-37 -49 -40 0
5 -15 43 0
-47 18 23 0
-38 -5 -48 0
11 79 -29 0
77 45 -36 0
-4 20 -1 0
-31 -48 -69 0
59 71 49 0
34 -76 63 0
-37 23 -53 0
-28 24 -63 0
-42 -47 70 0
-71 21 19 0
44 -35 -27 0
-55 23 -6 0
-38 -26 -78 0
21 -6 -80 0
37 -57 45 0
-74 58 69 0
-37 10 -47 0
21 24 73 0
42 -64 -51 0
-50 -54 -67 0
-67 32 63 0
-38 -13 -50 0
37 2 68 0
50 -58 46 0
-12 -75 -21 0
15 -38 -59 0
-75 72 -76 0
-79 47 -26 0
66 -9 17 0
-54 15 -32 0
40 70 73 0
-52 8 -54 0
-37 39 56 0
14 -19 25 0
-71 11 78 0
-18 -56 -41 0
49 32 -34 0
59 32 -42 0
44 -57 -40 0
40 -7 55 0
20 73 -74 0
-25 -14 4 0
8 3 69 0
22 -17 21 0
11 9 -1 0
-28 40 58 0
-39 70 -10 0
-67 32 -66 0
15 -63 11 0
3 8 -77 0
29 -44 -55 0
42 -14 -34 0
35 -23 53 0
-66 -15 20 0
62 43 -63 0
-18 63 62 0
80 -33 79 0
72 52 33 0
-56 -12 66 0
-21 16 5 0
20 -40 74 0
-69 -2 -81 0
-65 -1 -61 0
-18 -69 36 0
-17 53 80 0
-53 -70 11 0
-74 46 60 0
-50 -4 1 0
-70 -69 7 0
19 51 -43 0
81 78 41 0
-43 -32 -52 0
-76 -63 -44 0
25 39 -50 0
-80 -74 -43 0
21 -58 -31 0
-9 -38 -81 0
-22 63 35 0
16 -72 -73 0
74 -57 33 0
9 74 42 0
-18 -60 75 0
27 43 76 0
70 69 -37 0
