p 27 115
26 23 -10 0
-6 5 16 0
19 8 17 0
-20 6 5 0
-26 -16 -2 0
9 -17 10 0
-10 5 20 0
-14 18 -9 0
7 25 3 0
15 -11 -25 0
10 7 -11 0
9 -5 -1 0
1 -17 8 0
11 6 -9 0
-8 7 10 0
8 -10 2 0
-20 -2 11 0
-19 26 8 0
-6 20 -25 0
-19 -23 12 0
-24 9 -11 0
7 16 -15 0
8 -23 -1 0
-3 13 17 0
-9 26 -8 0
-16 13 4 0
14 -9 15 0
-26 -19 10 0
12 19 -17 0
26 -8 -18 0
2 -20 -3 0
-21 -10 -3 0
-1 -23 13 0
11 5 -1 0
-6 -15 4 0
6 8 10 0
9 -14 12 0
16 -18 27 0
-22 27 -23 0
-10 22 21 0
-16 -23 -21 0
-10 17 -13 0
-13 22 -15 0
-23 -10 18 0
10 23 -8 0
-1 17 13 0
22 10 19 0
9 -12 -25 0
19 -17 5 0
-14 -12 23 0
-8 -5 -11 0
-15 11 -10 0
-20 7 -15 0
-24 -14 6 0
19 -11 21 0
-5 22 -20 0
-19 -25 -17 0
-21 -11 19 0
13 -15 -23 0
-17 21 -1 0
22 -13 -17 0
4 26 10 0
1 4 21 0
-20 -17 -3 0
17 3 -11 0
-24 26 -2 0
-2 24 -12 0
24 -7 -21 0
-16 -9 8 0
17 -10 2 0
15 -3 -20 0
9 -17 18 0
-9 -2 -10 0
15 11 -8 0
19 23 7 0
-15 -5 -14 0
-10 -18 26 0
-24 -22 -2 0
27 14 -19 0
20 -4 -11 0
-23 -5 17 0
-3 -11 20 0
3 9 7 0
-16 -4 -13 0
-23 19 -12 0
-3 -24 19 0
1 4 -15 0
25 -15 -17 0
-7 10 -18 0
25 24 -5 0
-11 3 23 0
8 -9 22 0
-12 13 7 0
-5 -10 26 0
-15 14 10 0
15 10 16 0
-8 17 3 0
-8 -5 -13 0
-15 -7 21 0
21 -22 -12 0
-24 -27 19 0
20 -3 -26 0
8 -25 -11 0
-8 -16 -10 0
15 27 -23 0
-12 -18 14 0
8 1 -5 0
14 -18 -20 0
15 -22 21 0
23 -11 -15 0
23 2 -25 0
-27 -25 26 0
19 18 -20 0
-1 19 -20 0
17 -3 14 0
