p 99 421
-89 53 77 0
-51 -42 9 0
-48 98 -42 0
37 80 -81 0
-66 -73 -75 0
-43 94 -18 0
-65 -51 27 0
60 -39 5 0
-80 54 45 0
-69 -54 -15 0
-45 -12 -90 0
-58 -3 -57 0
-45 64 27 0
-75 36 -76 0
-18 -8 79 0
25 -28 27 0
67 84 -37 0
41 35 52 0
-71 -24 -64 0
-38 -57 -80 0
-82 94 61 0
56 28 55 0
-55 -38 -31 0
-86 -53 -62 0
96 -99 -24 0
-64 -35 28 0
18 40 1 0
48 -84 -99 0
59 38 -68 0
-84 92 86 0
-73 95 -40 0
-65 55 93 0
20 -73 -32 0
64 29 81 0
38 -34 -55 0
79 37 -85 0
14 64 57 0
-98 -11 -64 0
-84 57 -72 0
36 -43 -38 0
-21 9 7 0
-47 -55 -80 0
-91 -13 -7 0
86 97 53 0
98 35 1 0
-36 -77 88 0
-45 11 27 0
9 -69 13 0
67 -42 33 0
89 95 62 0
31 -99 94 0
12 11 6 0
-45 -73 32 0
39 66 -14 0
74 -31 6 0
13 69 22 0
-53 -37 -27 0
14 51 -97 0
24 -18 40 0
30 4 -20 0
-80 -6 -85 0
-69 -59 -83 0
30 -39 -67 0
3 12 -17 0
-92 61 -67 0
35 -72 -65 0
86 -59 93 0
7 20 42 0
-20 -54 49 0
94 -27 64 0
-94 11 -58 0
-39 -3 49 0
-93 97 -23 0
94 -12 -37 0
-77 -6 73 0
50 -29 96 0
-23 97 2 0
59 96 -29 0
23 87 3 0
70 21 89 0
93 -27 46 0
-65 -37 -91 0
-27 69 -41 0
25 -78 -67 0
-54 -87 -22 0
64 81 86 0
-77 20 -24 0
75 54 -8 0
49 -64 -99 0
-55 -46 6 0
-43 69 -74 0
36 -24 -20 0
28 -62 -55 0
-24 28 -91 0
-13 95 64 0
-31 2 -87 0
39 68 17 0
13 48 12 0
97 89 -27 0
7 -15 84 0
64 -82 60 0
-51 6 17 0
60 69 -95 0
26 81 -70 0
51 -64 -97 0
-93 -30 -57 0
91 -58 -71 0
83 -95 -92 0
8 55 -1 0
-41 6 22 0
60 -7 -49 0
94 35 73 0
5 96 83 0
-21 66 32 0
14 86 -60 0
-39 -17 -12 0
-3 48 36 0
24 -58 -14 0
-21 67 -4 0
-69 58 -68 0
-41 -97 -45 0
74 -17 -20 0
48 68 -53 0
93 33 79 0
-20 -81 96 0
81 77 42 0
73 15 -26 0
-92 -18 72 0
-46 -3 -31 0
-92 72 -60 0
-48 33 -61 0
77 11 -58 0
55 50 -38 0
51 1 -58 0
-39 -32 76 0
14 -77 92 0
-40 -94 -76 0
-59 13 -70 0
37 31 74 0
-55 90 82 0
-44 -45 -39 0
-35 -43 -54 0
76 48 78 0
-88 -34 -7 0
-26 88 -12 0
-97 68 -86 0
-26 60 56 0
11 -69 -33 0
48 -34 -65 0
-33 56 45 0
-66 10 76 0
-59 -63 -97 0
16 -55 19 0
19 -3 90 0
94 24 95 0
33 -12 85 0
20 25 73 0
82 -49 -17 0
-88 96 6 0
99 -24 -66 0
76 -6 52 0
63 16 90 0
25 45 82 0
-13 97 38 0
-76 42 45 0
79 -42 93 0
-44 -2 -93 0
-14 31 75 0
-13 76 -92 0
34 30 -76 0
31 -28 23 0
-49 -11 -31 0
90 96 -40 0
90 52 69 0
-40 4 28 0
-26 -87 24 0
-56 -25 81 0
-4 -31 44 0
-21 -45 -30 0
-18 -10 54 0
-52 -5 -60 0
-79 60 -37 0
95 -90 -10 0
-29 -85 2 0
94 7 -45 0
6 -93 -70 0
29 -46 -59 0
-64 25 -13 0
-19 40 55 0
-54 -91 35 0
37 98 -8 0
-19 65 38 0
-56 54 55 0
34 -44 -57 0
-12 18 -31 0
-16 19 5 0
-75 -9 85 0
56 -76 -32 0
-4 73 -77 0
-15 -92 19 0
-73 18 51 0
-10 40 41 0
58 53 -32 0
26 -85 -79 0
33 -95 3 0
-1 46 -90 0
-11 -68 -67 0
-99 49 52 0
60 -10 -20 0
-57 -55 -68 0
30 11 1 0
-82 63 -10 0
29 -22 -7 0
56 10 -9 0
92 -11 -67 0
73 14 -59 0
-91 31 -80 0
-75 92 8 0
-47 -91 65 0
39 70 42 0
70 13 -87 0
-28 -43 69 0
-40 89 -26 0
-72 -61 -62 0
13 58 77 0
-95 -22 50 0
8 -23 -75 0
-11 -28 -48 0
-57 -83 -25 0
70 -96 -83 0
95 10 -32 0
19 64 55 0
1 45 -8 0
5 43 -98 0
-36 -10 71 0
48 -54 78 0
27 64 -79 0
-78 3 -24 0
81 75 -56 0
64 -9 -22 0
-34 14 -39 0
95 27 -12 0
60 -23 -50 0
41 -90 -49 0
76 -34 21 0
-90 17 29 0
37 3 48 0
16 79 -67 0
-72 54 -70 0
93 87 88 0
-13 -50 20 0
85 22 -79 0
-53 -51 68 0
-29 -94 61 0
-45 -77 31 0
26 68 77 0
45 54 17 0
-73 -14 41 0
22 67 -80 0
-97 68 32 0
-70 -19 16 0
78 -19 -69 0
97 6 36 0
-23 -62 61 0
39 17 -57 0
57 40 42 0
63 94 51 0
26 -35 -46 0
11 -17 -78 0
-2 84 -70 0
-74 -46 -1 0
-41 -27 95 0
-33 -78 49 0
6 -3 -66 0
50 26 -33 0
52 -26 61 0
93 16 95 0
-47 -36 -43 0
-48 36 15 0
2 -61 46 0
-21 -78 -38 0
-12 45 67 0
82 -84 -18 0
8 -52 9 0
27 -6 -14 0
-81 76 -4 0
-21 67 44 0
40 27 -24 0
-33 -4 40 0
81 -93 87 0
-54 15 22 0
-41 87 32 0
-31 37 -74 0
-33 18 -86 0
6 -88 64 0
23 30 -87 0
-4 -87 -38 0
91 -88 66 0
-54 25 -68 0
91 99 -41 0
-45 35 -38 0
82 52 -91 0
59 48 63 0
-20 -58 -9 0
-46 -85 -18 0
-50 61 -20 0
43 37 -20 0
66 86 97 0
-78 69 56 0
29 80 -79 0
66 -87 -68 0
3 39 -49 0
55 -30 24 0
45 -36 98 0
-37 -76 61 0
55 -42 -52 0
86 -82 32 0
-50 43 -37 0
-56 76 -99 0
-54 -78 89 0
-31 52 38 0
4 -78 -12 0
-85 78 -96 0
27 -74 -81 0
64 -27 -79 0
-88 18 83 0
4 -54 -97 0
-69 -7 -19 0
-15 -64 -62 0
17 -44 -89 0
-88 -86 -81 0
23 -32 14 0
-65 52 16 0
84 56 -24 0
7 -85 -29 0
86 -79 -62 0
92 -72 14 0
36 79 59 0
4 32 -9 0
-29 7 66 0
-96 84 -60 0
62 74 17 0
16 -61 -41 0
96 -19 47 0
-25 90 -69 0
10 -47 89 0
-94 -74 63 0
-77 70 60 0
-47 32 -57 0
8 -22 53 0
36 34 -63 0
11 -85 -98 0
74 78 -17 0
20 87 -58 0
-70 -15 -10 0
-13 -35 -53 0
15 93 45 0
36 -37 59 0
-33 -90 -73 0
31 81 94 0
-45 -15 -25 0
1 57 -72 0
11 62 56 0
67 -70 -45 0
49 -74 -94 0
-81 -29 60 0
89 -88 59 0
9 54 94 0
-11 6 1 0
1 -25 71 0
22 58 12 0
82 -71 -19 0
-6 -72 90 0
3 -19 -99 0
75 98 -86 0
-97 -99 21 0
-92 -9 -40 0
-93 60 9 0
15 -86 -41 0
-8 39 1 0
-6 -71 -34 0
34 7 31 0
-41 27 -38 0
-3 51 -97 0
95 -45 -63 0
-44 -26 4 0
-46 77 -1 0
-63 -23 -65 0
-69 -19 -57 0
36 7 -19 0
61 46 2 0
66 53 89 0
96 -68 -53 0
86 16 15 0
-29 -19 82 0
-20 59 -94 0
-84 -85 -96 0
-56 -88 -64 0
-76 37 12 0
-66 -40 37 0
90 96 4 0
-77 76 -12 0
49 -67 -29 0
15 -24 -9 0
90 89 -75 0
10 51 88 0
61 22 82 0
44 53 -75 0
24 71 -4 0
-80 -83 -69 0
-83 -47 11 0
-3 -62 88 0
34 79 -39 0
77 64 -96 0
92 64 21 0
56 23 97 0
-59 -64 36 0
-80 2 -16 0
-51 47 38 0
96 -2 89 0
-9 -8 17 0
