p 84 357
-39 -48 -26 0
55 -7 19 0
-33 41 -62 0
71 -21 50 0
1 -19 26 0
1 -69 -51 0
59 -63 -13 0
-43 19 4 0
36 80 12 0
66 61 8 0
79 3 -16 0
32 -60 42 0
43 7 -2 0
-16 69 -82 0
58 45 -40 0
-52 61 56 0
-6 -44 -39 0
14 29 -6 0
-5 -47 17 0
-59 57 53 0
-51 31 18 0
15 -53 32 0
-74 61 29 0
-60 22 -69 0
-52 42 -53 0
72 30 -63 0
49 64 80 0
81 23 10 0
-80 22 -74 0
-57 -25 -19 0
82 28 62 0
-68 82 -42 0
84 77 52 0
-21 43 -45 0
83 32 -21 0
-15 25 -51 0
18 64 29 0
-49 -84 -59 0
-16 -76 -65 0
-50 22 -11 0
20 7 -21 0
-15 48 -22 0
-68 44 83 0
18 -65 -9 0
78 51 24 0
30 76 -40 0
16 -27 -73 0
-58 -81 -37 0
-35 -61 66 0
80 -29 -21 0
-60 -74 26 0
71 20 37 0
-13 22 -16 0
49 63 37 0
-16 13 -76 0
-75 14 -48 0
75 64 84 0
60 -24 54 0
41 -67 38 0
8 -52 -40 0
-49 57 56 0
46 -34 -12 0
-72 -77 -21 0
-73 -62 20 0
-38 10 -34 0
-21 -83 -58 0
-18 -36 -7 0
39 40 -13 0
-4 -17 -18 0
32 -16 -36 0
-21 -67 60 0
-32 56 -11 0
65 59 -81 0
-80 39 -34 0
-13 -23 79 0
51 71 -17 0
33 17 72 0
-48 56 -38 0
66 81 -43 0
-2 84 -64 0
-13 -49 61 0
60 4 71 0
16 -29 -50 0
-3 57 -64 0
16 30 36 0
65 -17 -38 0
23 -6 22 0
-35 -37 -56 0
56 4 13 0
6 67 -31 0
-82 79 -57 0
-69 -27 78 0
-72 -38 -65 0
29 78 -81 0
76 82 37 0
50 -7 41 0
8 51 35 0
-42 -46 -53 0
49 -63 67 0
-54 -22 -12 0
62 -7 -28 0
-23 51 -34 0
14 16 -74 0
45 10 -39 0
72 -50 12 0
-29 77 44 0
55 -75 36 0
39 -62 -21 0
75 32 -4 0
-81 79 -67 0
-35 -72 78 0
-78 -19 -5 0
-43 77 47 0
25 -15 34 0
61 18 -37 0
-5 33 -25 0
48 41 -27 0
22 33 -36 0
54 -8 70 0
3 2 -82 0
-79 -63 -77 0
79 31 -15 0
-76 -68 -51 0
2 20 -22 0
49 10 39 0
-40 13 -9 0
54 4 -44 0
-18 -72 -45 0
33 48 -62 0
-72 19 2 0
-42 38 -70 0
38 -76 47 0
-63 -82 -40 0
5 8 -43 0
-48 42 -53 0
57 -62 -67 0
33 4 20 0
22 -48 60 0
-31 14 -16 0
25 -55 -12 0
58 -63 12 0
62 38 -14 0
29 80 50 0
-20 -36 -41 0
76 27 65 0
2 -8 -66 0
5 -22 -8 0
-9 -81 53 0
-59 -44 -50 0
16 77 -45 0
37 14 -45 0
26 62 -56 0
-68 83 15 0
60 -46 40 0
-28 23 -8 0
38 -15 65 0
41 -61 -69 0
22 -64 -32 0
-12 -31 -26 0
75 44 -62 0
54 68 74 0
-24 64 82 0
54 -34 73 0
5 61 -71 0
-64 62 -42 0
26 -12 21 0
-68 16 -64 0
79 -25 -29 0
-59 -65 -28 0
46 52 9 0
-47 53 80 0
-53 -19 14 0
2 71 -80 0
73 31 -38 0
63 -39 -8 0
49 54 -46 0
-14 7 -74 0
-48 -30 -46 0
22 -66 59 0
47 -81 -36 0
64 -83 60 0
-31 34 50 0
17 46 50 0
5 -28 59 0
73 44 -60 0
-53 2 55 0
-7 -65 -68 0
-69 -52 -13 0
46 70 81 0
-45 -70 -38 0
8 -6 -41 0
19 24 -11 0
-83 75 -32 0
12 64 -74 0
55 44 -83 0
-19 12 -75 0
50 29 -65 0
1 -49 45 0
-61 68 75 0
40 -84 49 0
24 -26 37 0
-27 -15 -25 0
-20 2 -1 0
-47 -26 51 0
-40 -2 48 0
-33 -12 -65 0
-19 40 -70 0
43 -30 25 0
-73 -32 -67 0
48 -2 -36 0
-30 15 20 0
-73 -37 -12 0
-33 -15 -12 0
23 39 -36 0
23 30 -64 0
-1 57 -53 0
-46 -74 -70 0
48 -61 22 0
-47 -20 80 0
69 18 -52 0
33 4 79 0
41 53 -15 0
-79 -82 14 0
64 36 -44 0
-74 19 -53 0
45 -81 61 0
-57 36 -51 0
-31 -64 80 0
-84 -64 3 0
64 -59 36 0
58 75 84 0
-40 76 4 0
-21 -8 -23 0
-69 -18 -42 0
31 -34 -7 0
-43 -80 -51 0
-57 -79 -65 0
-40 82 56 0
-29 -81 -63 0
30 26 -39 0
57 -37 -46 0
57 37 84 0
-11 78 48 0
-75 -78 64 0
80 22 76 0
-60 75 -13 0
-82 72 -30 0
49 -70 44 0
2 -66 73 0
-43 12 52 0
-19 -9 30 0
-83 -74 62 0
11 -29 -53 0
-17 -13 -39 0
-11 5 56 0
-62 -44 30 0
-6 -53 -11 0
-29 11 62 0
14 75 -66 0
20 78 60 0
27 15 -25 0
-6 76 7 0
84 77 -52 0
57 -73 -14 0
50 35 -18 0
22 5 41 0
-64 44 57 0
78 -64 76 0
9 -54 79 0
15 64 5 0
-13 10 -27 0
19 -35 11 0
-69 67 15 0
63 -82 -76 0
-26 42 68 0
-30 48 35 0
41 -32 -33 0
-80 -7 -48 0
-17 22 -3 0
11 19 -57 0
61 -33 37 0
15 54 44 0
-74 -16 -49 0
79 35 -54 0
-5 57 -19 0
46 84 17 0
-83 -68 -67 0
81 39 33 0
21 -70 -7 0
74 83 -28 0
4 44 26 0
-51 -1 -54 0
-43 -73 -27 0
-71 -28 -41 0
-24 37 -79 0
48 32 39 0
84 -56 15 0
-41 -79 70 0
56 -35 -75 0
10 41 20 0
58 -10 -27 0
81 49 2 0
73 -24 -20 0
-18 -22 -55 0
33 59 38 0
-6 -83 38 0
-17 -57 78 0
-7 -58 60 0
30 -34 82 0
22 -53 -23 0
-17 -18 -37 0
-2 -41 37 0
-21 6 25 0
-11 43 -54 0
64 -78 -2 0
61 43 -72 0
-20 -44 -49 0
71 56 -13 0
74 66 -58 0
-45 -75 12 0
33 17 -19 0
-73 70 29 0
22 76 -2 0
59 -23 79 0
51 -63 55 0
10 63 -18 0
59 57 -11 0
33 65 12 0
16 -62 -50 0
7 77 12 0
-55 1 66 0
-56 46 -79 0
-78 60 57 0
38 74 -36 0
62 -42 27 0
64 -58 21 0
49 76 -70 0
20 75 65 0
-10 77 46 0
-38 -39 -64 0
-45 -30 -77 0
61 -75 -16 0
-49 36 76 0
-23 -10 -41 0
-10 -48 -67 0
61 -45 -71 0
-70 -49 -25 0
65 -73 28 0
-8 -19 -11 0
45 47 -18 0
-81 -47 43 0
-69 73 -41 0
43 -19 -54 0
50 27 -36 0
-32 -67 -57 0
37 -50 -35 0
-8 -31 13 0
