p 77 328
-12 -6 -29 0
-49 67 5 0
-17 51 -2 0
70 -51 42 0
33 66 76 0
-64 34 39 0
-51 -39 -28 0
-8 -18 74 0
4 22 77 0
8 -42 15 0
-56 -44 -39 0
-73 53 1 0
-75 26 31 0
40 -69 58 0
-43 -20 -47 0
-15 23 5 0
-61 9 -67 0
72 -68 14 0
49 -23 -54 0
-48 33 13 0
-40 -1 66 0
-5 -75 61 0
36 7 37 0
-71 -3 -21 0
20 68 1 0
-23 77 26 0
-25 59 31 0
-10 3 -34 0
26 -74 -58 0
31 -15 -5 0
-71 -68 37 0
36 -47 77 0
-20 -46 -17 0
38 20 -19 0
-67 18 51 0
45 12 -22 0
-54 7 2 0
-9 55 51 0
-5 58 -29 0
-65 -58 -38 0
12 -61 40 0
-48 -2 26 0
-7 -74 -64 0
-47 -61 -13 0
75 39 -46 0
-8 65 19 0
45 -51 49 0
62 -57 43 0
-44 68 14 0
-55 46 -60 0
-27 -22 4 0
28 18 31 0
-29 11 -21 0
-20 49 -71 0
-35 14 -38 0
-43 67 -28 0
-71 70 8 0
-47 -6 55 0
-31 -5 40 0
-31 -11 47 0
5 15 -51 0
41 -55 -11 0
58 -9 29 0
3 22 -54 0
53 -67 -59 0
32 48 -43 0
42 -1 -16 0
17 -20 -18 0
-54 -8 -33 0
53 62 61 0
-47 -74 46 0
34 -56 -7 0
40 -53 21 0
-55 59 70 0
54 38 -6 0
-36 -27 -63 0
-56 63 -77 0
-33 69 -75 0
-47 -70 43 0
37 -27 62 0
49 -61 62 0
76 -47 49 0
4 -59 -61 0
37 -9 22 0
-66 37 52 0
-23 53 11 0
55 -13 -61 0
-64 32 28 0
-72 -44 67 0
5 -64 69 0
-48 -5 -4 0
-50 -57 -8 0
-52 67 37 0
16 -43 -73 0
5 -47 65 0
-27 36 72 0
13 43 6 0
46 63 -69 0
50 -51 -20 0
-4 -70 -41 0
-16 77 6 0
-26 22 -48 0
47 -73 21 0
6 12 -11 0
59 73 -68 0
12 46 37 0
9 51 34 0
-18 -53 41 0
15 -69 -57 0
-6 -9 -74 0
56 12 -72 0
62 40 52 0
31 -30 -27 0
33 -11 54 0
-77 13 -46 0
-43 15 -19 0
73 -48 -76 0
-24 55 -33 0
-22 25 -35 0
45 -20 23 0
-22 -20 -41 0
-20 -21 41 0
53 -59 64 0
71 -49 -59 0
63 -27 15 0
19 35 53 0
-48 35 -50 0
-24 -53 -7 0
-57 -27 40 0
46 10 -1 0
-67 -30 -60 0
14 13 26 0
18 -50 -24 0
25 53 -24 0
68 20 13 0
-31 40 -56 0
65 -40 -33 0
22 -19 -18 0
37 51 -60 0
-1 9 -8 0
26 71 58 0
-18 31 -2 0
31 -9 -75 0
-69 44 -70 0
-54 -58 -65 0
60 -40 -56 0
-69 -40 -66 0
69 -64 -17 0
20 55 -58 0
18 -43 31 0
-42 75 -66 0
77 -64 -39 0
-23 12 -58 0
-12 47 -27 0
33 -67 61 0
-16 12 -74 0
29 -59 -34 0
-22 43 -48 0
14 -67 -54 0
-11 -20 37 0
23 -55 38 0
-59 35 18 0
-71 -59 22 0
-19 -47 18 0
-43 7 3 0
-38 -16 -11 0
-8 63 14 0
61 -68 46 0
28 5 -13 0
-54 -60 -76 0
59 60 64 0
-25 23 22 0
-67 73 61 0
-51 56 -64 0
62 48 60 0
-37 -55 -15 0
7 68 -59 0
-42 -12 33 0
23 -76 50 0
-62 -66 -47 0
22 -1 -68 0
-63 28 -6 0
-27 34 40 0
23 -55 56 0
60 32 76 0
-26 32 36 0
-8 15 -4 0
20 -44 30 0
53 76 -33 0
-23 2 -29 0
62 -17 -68 0
33 47 -12 0
-33 37 -69 0
66 -33 -50 0
-12 22 29 0
8 10 -77 0
56 -60 -43 0
-7 43 66 0
61 23 42 0
38 -17 -15 0
-69 -3 -76 0
-46 -25 -60 0
-33 -43 -16 0
59 54 77 0
1 26 27 0
16 61 36 0
-45 -76 -7 0
45 24 -58 0
54 73 51 0
46 15 74 0
-27 15 -60 0
-58 -56 -65 0
7 26 -15 0
44 25 58 0
-19 -53 12 0
59 -43 -42 0
-31 32 57 0
-73 50 -17 0
-28 -12 -6 0
27 -34 2 0
-58 21 -47 0
75 -26 -56 0
-33 73 -52 0
-51 26 -11 0
-1 -33 -29 0
59 -1 -6 0
-33 27 61 0
69 66 47 0
-47 -33 -27 0
-60 -61 -9 0
-75 -8 -77 0
36 -67 65 0
-53 17 69 0
-44 -10 -70 0
63 16 -12 0
-56 6 -2 0
54 -35 -30 0
-66 -68 -76 0
-35 29 -52 0
-3 68 42 0
7 -37 -8 0
13 24 -23 0
-34 41 6 0
-2 -10 50 0
76 62 -29 0
-20 -7 46 0
-17 62 67 0
-23 -30 27 0
-61 -46 -58 0
54 39 -27 0
-77 41 52 0
-14 -9 -53 0
3 48 -66 0
-68 -28 49 0
-16 -43 11 0
-60 63 -9 0
18 7 10 0
20 -14 -26 0
25 6 -16 0
-72 -28 -42 0
8 -25 -41 0
-63 21 -76 0
-11 -26 5 0
-9 -51 3 0
-25 63 -71 0
-59 34 25 0
39 -67 48 0
-40 59 -13 0
-30 -37 21 0
68 -40 -26 0
-55 76 6 0
58 34 51 0
58 62 60 0
-30 9 -51 0
-74 -56 -43 0
-6 75 26 0
-5 55 2 0
39 28 30 0
-69 31 -4 0
-68 -77 -73 0
14 41 -68 0
-40 54 77 0
-38 -8 -62 0
-41 18 51 0
54 37 -70 0
59 24 -50 0
42 51 43 0
-3 27 4 0
-49 -43 -63 0
-74 -27 39 0
-52 -7 -23 0
-2 -62 -10 0
40 43 -12 0
31 21 8 0
-53 54 12 0
24 -48 1 0
76 -64 6 0
-9 25 -72 0
44 67 71 0
20 -35 56 0
-68 73 -42 0
-2 -58 67 0
33 -58 69 0
28 -75 70 0
11 -23 -32 0
-18 63 -37 0
-22 61 20 0
20 39 -61 0
-27 -68 -25 0
50 4 74 0
59 40 -5 0
29 -2 -66 0
-15 21 54 0
-45 36 -38 0
30 -52 -53 0
56 70 -23 0
46 53 -13 0
38 -68 74 0
44 -5 3 0
62 -60 8 0
-67 -12 -18 0
66 60 67 0
76 -50 -31 0
57 -49 -59 0
-16 -35 69 0
-74 32 -69 0
14 -28 55 0
-67 -60 51 0
