p 56 238
14 36 40 0
-6 -18 49 0
44 33 20 0
-5 -7 -53 0
12 4 54 0
23 25 -44 0
-11 -35 -47 0
11 -47 -5 0
-14 12 -16 0
19 45 -4 0
-29 -48 31 0
27 -46 36 0
1 50 9 0
-2 -35 -46 0
-38 7 34 0
20 -31 -2 0
40 10 -47 0
48 -11 -37 0
1 -22 18 0
28 -51 -8 0
7 22 -14 0
-49 -54 -28 0
-32 40 -22 0
-19 -35 24 0
-30 46 50 0
52 46 36 0
-41 45 25 0
-23 -40 56 0
-21 -4 42 0
43 37 50 0
-42 -27 11 0
38 29 -23 0
-40 -10 -25 0
6 -45 -9 0
-21 37 -39 0
-21 -34 8 0
19 -52 -2 0
-17 30 -54 0
-8 -18 -38 0
-7 -38 50 0
-27 -12 -37 0
-20 -18 -36 0
48 -13 44 0
-40 -30 -12 0
-39 -52 -34 0
13 -44 38 0
26 46 40 0
-5 48 -41 0
20 -23 13 0
-28 12 48 0
-30 53 -13 0
53 39 -36 0
-55 -41 -37 0
29 27 -32 0
-42 -31 24 0
14 -7 -42 0
33 14 9 0
43 -15 -12 0
-55 -6 40 0
9 8 -49 0
21 28 -18 0
-1 -6 -28 0
-54 -55 9 0
-55 5 3 0
42 23 -11 0
-37 2 -44 0
46 32 7 0
50 -10 -34 0
28 26 44 0
-17 -35 -25 0
-33 -7 -40 0
-28 -36 25 0
-19 -43 2 0
-39 -46 -54 0
7 -29 -54 0
-4 45 39 0
-13 -23 -41 0
-52 45 -37 0
13 18 47 0
-24 -21 22 0
16 -43 1 0
-50 -55 9 0
-41 -33 32 0
-40 47 -31 0
-45 37 -51 0
12 -8 -13 0
-23 28 -14 0
-31 -18 26 0
37 -42 53 0
14 47 56 0
-43 14 -56 0
17 37 -45 0
-31 5 29 0
45 30 -2 0
-48 52 -3 0
-46 -6 14 0
-19 26 -18 0
-26 -18 -34 0
6 44 46 0
41 11 -53 0
-16 7 -19 0
16 44 -12 0
31 -20 43 0
-34 -36 -9 0
5 -3 42 0
-12 -23 -39 0
-37 15 22 0
54 2 46 0
-21 -52 9 0
4 -43 6 0
24 -2 -4 0
33 55 -16 0
-25 -56 36 0
-27 -47 -37 0
-25 -37 53 0
40 41 -18 0
-5 11 7 0
-47 52 -2 0
32 9 30 0
-36 -50 52 0
-47 -26 37 0
37 40 35 0
-9 -28 -41 0
22 18 -17 0
-3 10 2 0
-3 -12 1 0
54 19 -48 0
27 2 -43 0
-11 28 24 0
29 19 -34 0
-51 21 9 0
23 -19 15 0
-16 -27 5 0
-10 5 7 0
33 -31 -4 0
3 -15 -55 0
30 -15 -3 0
-10 28 15 0
-9 -28 -4 0
38 -2 18 0
-50 -14 51 0
18 -6 52 0
-40 5 26 0
-29 27 23 0
10 -34 41 0
10 1 -24 0
37 -14 34 0
-7 51 -16 0
47 -42 -40 0
23 6 -32 0
-20 -31 -55 0
42 46 -44 0
-10 -46 41 0
-19 53 -21 0
38 5 -16 0
-24 21 53 0
46 37 24 0
42 53 54 0
-56 -31 50 0
25 22 -8 0
-3 -35 33 0
-13 7 29 0
-40 7 -10 0
-27 17 52 0
1 42 16 0
-16 -3 -35 0
-33 1 50 0
-10 8 -33 0
4 -39 18 0
-10 15 39 0
46 48 -5 0
-2 -17 -18 0
15 -56 -14 0
41 20 -39 0
23 -28 38 0
34 -4 49 0
2 -12 1 0
-52 3 -19 0
-7 -29 -17 0
-48 41 25 0
-24 36 -52 0
47 34 29 0
-1 44 -53 0
22 7 48 0
-8 -32 -15 0
-3 -7 53 0
-15 11 54 0
-17 7 -11 0
-44 -48 24 0
38 11 52 0
-36 8 -40 0
-25 -6 -1 0
-26 -6 1 0
10 -52 4 0
-43 -38 42 0
29 5 -2 0
36 -54 3 0
-54 -20 -56 0
40 -39 46 0
36 -34 -31 0
-51 19 -4 0
1 54 36 0
-1 -22 -52 0
-14 -32 -16 0
-27 -43 -51 0
-54 48 5 0
-54 -25 -5 0
46 -7 17 0
56 -36 51 0
35 54 10 0
-14 20 -54 0
19 54 -10 0
-34 -51 -44 0
-29 -21 27 0
-1 51 35 0
-50 -55 28 0
49 19 -46 0
45 31 -22 0
-5 3 -49 0
-52 -50 -7 0
-5 -49 28 0
16 33 18 0
32 34 10 0
-32 6 36 0
39 42 -12 0
-47 19 6 0
47 -49 39 0
53 23 -37 0
44 -9 -19 0
-51 43 31 0
30 -24 -7 0
-8 19 -29 0
-14 -45 20 0
-10 21 -24 0
4 11 -56 0
-14 -43 -42 0
13 2 -5 0
7 26 -51 0
