p 15 63
-8 -12 13 0
9 8 -3 0
9 -5 13 0
-11 10 5 0
15 11 10 0
8 -9 11 0
15 -14 3 0
7 5 -8 0
-4 6 -15 0
-11 -4 -14 0
14 4 2 0
6 10 -9 0
5 1 -7 0
8 -14 9 0
-2 4 -10 0
12 -1 -13 0
-1 7 -3 0
7 8 10 0
2 -1 -6 0
4 -10 -15 0
2 4 -7 0
-6 -14 8 0
10 9 -13 0
3 6 -8 0
-14 9 -5 0
13 -15 -14 0
14 -10 -15 0
15 8 14 0
4 14 5 0
6 2 5 0
3 -4 8 0
-5 15 -9 0
3 -11 9 0
-7 -13 11 0
-1 -6 -4 0
-1 6 -3 0
-9 -13 -5 0
-2 -7 11 0
7 12 5 0
-15 12 11 0
5 1 -3 0
-3 -14 -12 0
-11 1 -4 0
9 11 -13 0
1 15 -6 0
-1 13 11 0
-12 -2 -4 0
-1 -10 -12 0
10 11 4 0
-5 -7 -4 0
6 -12 -13 0
1 5 11 0
15 1 11 0
-4 -6 -9 0
-9 -6 15 0
-6 7 12 0
-14 -2 1 0
15 6 5 0
3 13 9 0
5 -1 12 0
12 -14 8 0
10 -2 7 0
-9 13 -6 0
