p 72 306
-28 55 24 0
-54 -12 70 0
-47 31 56 0
32 70 -3 0
34 40 -54 0
-13 -49 47 0
10 -14 -71 0
-25 -23 -14 0
37 -32 -31 0
36 -22 57 0
72 14 7 0
71 12 53 0
63 -68 41 0
49 -54 -57 0
-48 7 -72 0
40 -37 13 0
24 56 -62 0
-11 67 -65 0
-27 1 62 0
-15 -11 -66 0
62 -60 -34 0
32 68 26 0
26 39 -61 0
-18 -49 35 0
-67 -25 -34 0
39 46 -26 0
-58 27 6 0
-71 12 14 0
3 50 59 0
-67 -32 -5 0
-39 65 44 0
40 -69 25 0
-51 -16 -43 0
-24 55 -20 0
49 55 56 0
-39 -12 -38 0
5 61 45 0
64 11 -12 0
61 -24 11 0
26 16 46 0
47 -57 25 0
-5 -12 34 0
-68 -8 -30 0
57 66 42 0
-66 61 14 0
11 12 -19 0
24 -7 -3 0
15 10 -51 0
-69 -26 23 0
-70 -12 -30 0
43 -29 -31 0
-9 40 16 0
-27 14 -12 0
-57 67 -54 0
-29 -3 20 0
27 -44 52 0
-67 -47 -66 0
-64 -60 67 0
6 -46 55 0
7 -37 28 0
49 -7 46 0
-23 -51 46 0
8 28 -2 0
-72 7 -50 0
-63 72 -22 0
6 69 15 0
-50 31 34 0
-69 15 32 0
38 -3 72 0
-56 27 25 0
-29 -4 -30 0
46 -63 -47 0
14 -69 50 0
61 -33 -46 0
-67 -64 -51 0
22 -27 59 0
48 -22 -58 0
-31 -60 -16 0
-61 8 22 0
-66 10 -70 0
65 -58 -41 0
33 -57 -41 0
23 -57 36 0
-12 -17 47 0
-36 15 -34 0
64 27 -35 0
37 -64 52 0
44 70 43 0
28 -29 33 0
-57 7 -27 0
-47 -56 23 0
54 -65 -33 0
-52 -45 -13 0
6 -30 69 0
45 -34 31 0
-8 19 -16 0
29 20 7 0
11 -52 -70 0
55 5 52 0
-56 -69 -35 0
38 32 19 0
65 22 -44 0
20 19 -35 0
-10 -18 68 0
5 50 -47 0
-40 56 6 0
-8 -46 70 0
37 -44 -30 0
-27 42 -51 0
32 -33 51 0
34 -71 33 0
2 -66 -60 0
18 58 -9 0
-65 -38 53 0
-48 61 -14 0
54 -52 -3 0
-71 19 13 0
-39 40 -36 0
-63 44 -26 0
35 49 54 0
42 53 -34 0
38 11 -70 0
16 23 -72 0
61 10 -68 0
-6 5 46 0
49 -34 55 0
39 48 -53 0
-21 70 -69 0
-61 -68 24 0
-5 33 8 0
-43 5 66 0
-41 -67 -63 0
72 46 -6 0
40 30 28 0
-29 -53 -50 0
71 72 52 0
-50 -63 -44 0
-9 -47 -6 0
-1 27 23 0
60 -36 10 0
55 25 -56 0
16 56 29 0
-57 -50 65 0
13 -14 5 0
31 -32 -2 0
-20 -45 -63 0
21 -40 69 0
49 -67 38 0
51 -20 -5 0
-38 -51 14 0
40 16 -1 0
-4 -10 -60 0
30 -23 -51 0
48 -53 -67 0
-52 6 62 0
-61 -5 43 0
56 -19 -39 0
43 54 -55 0
-54 -15 28 0
72 27 -6 0
-27 -50 -29 0
-31 56 -21 0
19 33 42 0
-19 43 -62 0
-58 31 54 0
43 72 -69 0
51 7 -50 0
16 -72 4 0
-65 -39 -56 0
6 -61 45 0
72 -40 -57 0
55 -47 3 0
-5 16 -35 0
21 25 16 0
-24 -40 -29 0
-3 -20 33 0
72 -14 71 0
3 72 -2 0
44 34 36 0
-7 54 37 0
30 50 59 0
51 -60 32 0
-34 3 54 0
-11 -42 -61 0
14 20 -28 0
-45 -72 -15 0
29 69 18 0
-55 -20 29 0
-61 33 -18 0
39 -15 -56 0
48 52 -60 0
-8 72 -53 0
-52 4 -18 0
47 59 28 0
-62 40 -45 0
-52 46 -62 0
27 -37 -40 0
-65 -22 12 0
34 47 54 0
-52 4 31 0
-55 4 -63 0
19 -41 -33 0
-60 45 20 0
4 47 23 0
-32 -20 26 0
18 39 16 0
34 -41 -54 0
-42 34 -22 0
-70 -44 42 0
50 -37 -18 0
-72 -6 58 0
-27 -40 -18 0
56 20 59 0
-63 29 30 0
-19 61 10 0
20 -26 -71 0
-56 7 -52 0
30 -63 -40 0
-31 59 -34 0
-60 31 51 0
25 -17 8 0
29 43 -39 0
57 -38 -56 0
-23 49 -39 0
-27 57 58 0
-25 46 -57 0
17 -51 -13 0
21 16 31 0
31 -56 5 0
-61 -41 14 0
-44 -6 40 0
-40 -1 13 0
-62 8 -23 0
-72 -65 61 0
41 -58 63 0
38 55 52 0
-43 -32 19 0
-54 37 51 0
60 -11 40 0
64 29 -48 0
-31 -19 -70 0
51 -6 -48 0
-27 -39 50 0
-47 -43 -70 0
-14 -38 15 0
-18 33 -45 0
-28 49 6 0
10 -25 21 0
32 -30 -24 0
54 40 22 0
-51 12 -20 0
16 25 -70 0
5 -66 35 0
38 61 24 0
-56 68 69 0
15 49 -68 0
31 -65 44 0
-65 -12 20 0
17 48 6 0
-37 53 -10 0
-26 -34 -63 0
33 -55 20 0
-48 43 -6 0
-54 -56 61 0
-58 26 -16 0
8 -6 -50 0
40 46 56 0
41 47 -46 0
-10 -56 22 0
23 -24 -64 0
27 -43 10 0
27 -34 -69 0
-25 46 -30 0
20 48 -69 0
-58 -33 6 0
-43 65 -39 0
-59 -58 -33 0
-4 67 -29 0
17 -42 -58 0
-6 29 -24 0
-22 -35 71 0
-71 33 -20 0
-17 -36 -27 0
43 -9 -39 0
-10 -16 30 0
-69 -12 -6 0
-30 70 44 0
-25 72 45 0
37 72 -41 0
13 -47 10 0
57 1 14 0
53 58 19 0
42 66 27 0
40 22 -38 0
-24 54 37 0
72 -28 -34 0
50 -53 1 0
-37 -58 -53 0
70 47 46 0
-22 8 -47 0
48 -10 -41 0
-8 -48 -24 0
-14 71 21 0
53 70 -10 0
56 68 -67 0
-9 49 -16 0
