p 29 123
11 6 16 0
14 -26 -27 0
-26 -28 -21 0
15 -19 8 0
6 23 28 0
22 -11 28 0
3 14 -26 0
16 -1 24 0
-27 -17 -26 0
-27 -20 -22 0
-17 -23 24 0
10 27 -29 0
-24 1 17 0
-4 28 -16 0
-22 -4 6 0
-26 -10 21 0
22 10 2 0
11 28 15 0
-5 -21 3 0
-23 14 -16 0
-6 -8 -12 0
22 11 -25 0
-29 3 23 0
23 -28 19 0
7 16 8 0
-17 25 11 0
-10 -1 -6 0
-19 20 4 0
-6 22 -24 0
-14 20 -27 0
26 9 16 0
-17 -14 26 0
-6 4 1 0
-2 8 -11 0
28 3 2 0
24 18 22 0
5 -13 -12 0
11 15 -21 0
4 -8 -19 0
24 12 -11 0
-8 15 -16 0
-19 27 -10 0
-16 -6 26 0
-28 -21 -8 0
9 -8 3 0
25 -14 19 0
-24 -27 21 0
-27 24 18 0
26 -4 -27 0
27 21 -10 0
12 -10 -5 0
7 -20 28 0
-28 -15 26 0
8 -6 -22 0
-17 -21 5 0
4 10 6 0
-22 -12 10 0
29 -18 13 0
20 -12 -10 0
-1 -9 -29 0
-9 -12 -28 0
25 -9 15 0
-29 1 26 0
14 3 20 0
-2 10 8 0
-23 11 -6 0
-20 13 -23 0
16 -3 -4 0
-29 2 14 0
-17 -2 15 0
-14 20 -2 0
7 -18 26 0
3 -8 -7 0
16 28 27 0
-15 10 -1 0
9 -10 12 0
-1 -27 -2 0
19 -28 -24 0
9 -7 11 0
-9 -4 28 0
11 -22 -6 0
17 -19 -6 0
-1 13 27 0
22 -16 15 0
-14 -19 15 0
-23 19 2 0
9 10 -16 0
17 -20 10 0
-9 21 22 0
-25 -21 -22 0
29 23 -21 0
21 -3 5 0
21 -13 11 0
-25 20 12 0
-2 -11 18 0
27 -24 -22 0
23 -20 -21 0
16 10 -17 0
-22 -19 -14 0
-12 -15 -11 0
-1 12 27 0
-7 -14 -15 0
-8 -20 21 0
-11 20 -8 0
-20 -5 -18 0
-29 -7 24 0
-11 8 23 0
-6 -21 15 0
-26 -28 11 0
25 15 -1 0
6 -4 -28 0
-13 -26 9 0
24 27 16 0
-1 21 27 0
2 21 -10 0
17 -13 26 0
-24 -8 -5 0
20 9 7 0
-8 -28 26 0
7 -4 -12 0
-16 -18 -20 0
5 11 8 0
-9 12 -5 0
