p 26 110
-16 9 6 0
-23 -3 -15 0
-25 -18 -2 0
23 13 8 0
7 20 -3 0
14 23 -22 0
-1 -25 -17 0
19 -7 8 0
-2 -19 20 0
24 -10 25 0
11 -26 6 0
2 4 21 0
-2 19 -17 0
-6 -7 -5 0
-2 -21 -3 0
7 25 5 0
-10 22 -8 0
12 10 21 0
-6 23 22 0
-11 17 -15 0
-21 -8 15 0
22 -11 14 0
-4 -13 -2 0
-6 12 2 0
22 -14 26 0
22 9 23 0
12 -7 -8 0
-24 -7 -11 0
-5 -12 21 0
18 -9 26 0
-13 2 20 0
-13 -3 14 0
22 10 17 0
-18 -9 -13 0
9 -19 -25 0
-6 -2 -7 0
10 -8 19 0
14 25 -4 0
-22 18 -3 0
1 -4 6 0
7 23 15 0
5 19 24 0
26 11 -7 0
-4 -10 -25 0
-3 -25 -16 0
25 -18 -3 0
14 15 -17 0
9 -7 24 0
-24 -6 -9 0
-2 10 11 0
-20 25 -19 0
8 -19 11 0
-24 -2 -11 0
5 7 17 0
22 19 -21 0
-14 -21 8 0
-7 4 17 0
4 -12 7 0
18 -13 3 0
-6 -16 -18 0
-1 24 20 0
-24 -11 -10 0
-24 -13 15 0
-25 -7 -5 0
-1 26 22 0
-13 -3 21 0
21 18 -17 0
10 -21 -6 0
-1 10 17 0
2 22 -19 0
11 17 6 0
-14 -15 -16 0
-19 -16 -22 0
-26 5 -25 0
21 -25 -17 0
23 2 -22 0
-12 -18 16 0
-4 -10 -14 0
-8 -25 19 0
14 -24 20 0
-4 -16 -17 0
-6 22 -2 0
-1 -7 -23 0
-3 26 -22 0
-15 3 22 0
-26 18 11 0
-24 6 -20 0
-22 -19 1 0
3 1 12 0
24 -15 11 0
13 -8 -16 0
26 8 -15 0
6 -20 -23 0
7 -1 12 0
20 23 -16 0
-3 -23 -12 0
-25 -18 -6 0
-25 8 -13 0
18 -12 25 0
20 -10 22 0
-5 24 18 0
7 11 -15 0
-1 12 8 0
-5 -14 -1 0
-10 -5 -19 0
10 -4 5 0
12 -18 -5 0
-26 -11 -21 0
20 -21 19 0
22 25 -17 0
