p 84 357
46 40 19 0
84 -41 8 0
-76 25 -72 0
5 -65 62 0
14 2 24 0
-19 -10 -38 0
10 -17 -50 0
2 36 84 0
-30 -8 -83 0
-83 -46 -63 0
71 36 -58 0
58 -12 -48 0
33 -65 51 0
-60 -35 -54 0
16 45 57 0
-77 -7 -19 0
-79 76 -30 0
-55 59 84 0
-64 -43 -45 0
-67 -59 -14 0
30 -1 6 0
-7 -81 16 0
58 -80 -50 0
-13 -27 26 0
62 81 15 0
-29 35 -42 0
-13 59 -51 0
77 66 -24 0
55 -74 2 0
57 12 -50 0
-84 -12 35 0
-55 56 -29 0
-71 34 45 0
31 41 -9 0
13 22 81 0
84 -25 -12 0
-59 44 68 0
-20 -84 82 0
-71 -27 43 0
-4 -76 82 0
33 29 63 0
-46 68 -72 0
58 79 -45 0
-53 -28 -50 0
36 -59 -10 0
-75 76 -67 0
62 44 -19 0
-30 -23 -41 0
-2 15 -31 0
82 83 32 0
-44 -22 -75 0
41 42 -7 0
63 -46 84 0
-77 21 -41 0
8 58 34 0
-5 -52 43 0
26 -83 21 0
-39 -37 -76 0
-45 67 76 0
-31 -7 80 0
6 44 19 0
-41 2 47 0
12 14 52 0
14 -13 9 0
77 -71 -82 0
-27 -68 -28 0
71 -23 56 0
-58 -73 -51 0
23 5 36 0
13 72 -43 0
60 71 57 0
50 62 -49 0
-12 40 -46 0
25 -29 9 0
39 20 -68 0
47 4 -25 0
35 2 20 0
59 31 11 0
-6 56 80 0
-58 33 55 0
-50 84 80 0
32 -64 -73 0
56 76 24 0
-19 65 -77 0
9 67 -75 0
30 11 -33 0
-44 55 -84 0
-33 -55 67 0
-36 -21 -35 0
-79 74 55 0
-26 -63 -43 0
-84 50 -46 0
-42 -66 -75 0
-69 30 -7 0
3 84 26 0
69 -79 -23 0
13 57 -39 0
39 -68 -24 0
37 34 -59 0
10 -8 -27 0
83 72 -66 0
-1 -37 41 0
-21 44 -23 0
59 9 13 0
-70 -71 18 0
45 -36 -37 0
56 24 30 0
-23 47 66 0
-45 -82 -76 0
-28 -29 20 0
19 -18 82 0
3 -73 10 0
12 46 65 0
-6 -52 -84 0
-12 -30 -22 0
33 25 -43 0
48 -75 71 0
82 55 45 0
-22 43 -41 0
-65 23 -9 0
71 63 23 0
-65 -43 -55 0
34 -5 -17 0
7 -2 -64 0
-11 24 15 0
46 -37 78 0
-46 14 44 0
78 -1 -30 0
-33 -17 22 0
70 -38 14 0
64 -42 -76 0
-76 73 45 0
-39 34 -75 0
19 18 -42 0
71 34 76 0
58 -20 -63 0
53 27 -8 0
-48 45 -13 0
36 -58 -3 0
40 30 19 0
-68 -8 19 0
63 -66 61 0
-59 -31 -38 0
-59 -47 74 0
-6 -62 -14 0
66 37 -82 0
61 -31 29 0
74 15 36 0
-63 -36 41 0
72 -47 66 0
46 65 -24 0
37 -12 5 0
31 46 81 0
-74 25 58 0
11 -58 80 0
79 55 40 0
38 -41 49 0
13 -29 -6 0
-29 40 19 0
-79 -38 10 0
59 -25 36 0
-28 83 -37 0
54 20 19 0
-45 38 -19 0
-34 -25 -45 0
-61 -18 -67 0
72 -27 70 0
49 70 -58 0
49 73 -62 0
52 13 -70 0
-59 82 -67 0
20 -60 68 0
-74 43 -54 0
58 -6 -39 0
-38 28 31 0
60 10 -25 0
33 -1 51 0
58 -51 76 0
-66 65 -35 0
-23 46 -22 0
-66 -25 -73 0
1 54 -36 0
63 -84 73 0
61 27 -51 0
-72 -48 51 0
-39 -42 49 0
-22 35 -45 0
50 -9 -55 0
10 57 65 0
47 -30 -51 0
78 -4 -79 0
-15 -69 -1 0
-47 7 -68 0
18 42 -60 0
25 31 -20 0
49 -24 -22 0
73 60 20 0
-79 -69 46 0
12 -66 3 0
-78 -58 33 0
77 78 4 0
-81 -6 25 0
-7 51 11 0
82 73 -64 0
-65 -16 14 0
15 -42 -2 0
35 69 -21 0
-9 38 -43 0
18 -15 46 0
69 -34 6 0
-47 -35 6 0
74 -15 25 0
-31 -40 -28 0
-49 -51 56 0
-81 43 19 0
-6 83 -33 0
70 -30 41 0
81 84 -20 0
10 -22 -14 0
37 40 -50 0
-45 -84 60 0
8 70 27 0
58 -63 -50 0
-45 78 -37 0
-22 -49 26 0
-8 -29 -75 0
65 16 -7 0
52 50 -45 0
-26 -7 -53 0
4 -63 49 0
60 -30 20 0
-82 51 -7 0
17 11 -52 0
-60 -43 -34 0
-23 -82 27 0
-30 -21 -10 0
75 -77 -71 0
-50 -47 -82 0
56 -16 53 0
82 41 37 0
15 -34 77 0
-67 41 -4 0
-8 55 -77 0
78 -79 69 0
22 -67 -7 0
-22 81 1 0
16 -76 -78 0
20 -73 75 0
68 35 73 0
-2 -70 28 0
-34 -5 -26 0
69 73 -42 0
80 46 70 0
-64 -61 14 0
61 -9 28 0
21 44 -14 0
-79 -24 23 0
-53 -76 65 0
-79 -29 -38 0
-1 -55 -80 0
-5 -74 51 0
-22 50 1 0
12 -3 -23 0
-4 -8 34 0
-56 -22 75 0
-50 -78 64 0
55 77 -26 0
2 -45 -52 0
7 -34 -44 0
14 -15 -57 0
67 -16 24 0
-80 21 -84 0
-3 18 22 0
15 -30 -12 0
-40 -5 -60 0
-45 23 -56 0
39 60 -64 0
29 24 40 0
55 36 10 0
55 18 -75 0
38 -60 77 0
-61 -37 31 0
-29 -78 43 0
61 8 -78 0
13 -35 -3 0
-80 -1 25 0
12 19 75 0
-12 -45 46 0
53 51 -40 0
-41 29 -35 0
3 -19 43 0
83 -36 -48 0
-70 -17 65 0
71 26 -57 0
29 -34 -4 0
28 -83 34 0
-80 -18 -30 0
-32 -71 -18 0
45 6 -74 0
12 -24 60 0
-40 39 -36 0
-81 57 -75 0
-28 27 45 0
-24 18 53 0
28 23 -24 0
33 -5 38 0
47 58 20 0
43 -26 -67 0
48 8 -45 0
-24 -34 28 0
-74 43 -83 0
74 -83 70 0
-34 63 5 0
63 -75 6 0
-26 3 -40 0
-33 -51 70 0
33 53 -81 0
-29 -57 58 0
61 -14 -17 0
-63 -45 31 0
-31 -23 12 0
50 -6 -48 0
48 34 -15 0
58 56 -50 0
-13 -41 -2 0
-1 54 62 0
12 -9 -49 0
23 76 38 0
27 40 -48 0
-26 -11 51 0
-29 20 45 0
21 25 -45 0
82 -22 60 0
80 74 60 0
-6 -17 -71 0
58 -38 -56 0
-22 -74 -37 0
-65 -19 43 0
82 76 9 0
-25 41 64 0
34 84 -48 0
59 -77 62 0
-50 62 -43 0
-57 -72 -79 0
69 49 40 0
37 33 -30 0
72 49 84 0
69 76 40 0
65 -64 -47 0
-40 55 66 0
-66 13 7 0
32 -5 -75 0
-19 -23 50 0
43 44 -11 0
63 67 -27 0
-44 -75 -53 0
31 72 65 0
