p 14 59
9 -13 11 0
-13 -7 3 0
14 -11 -12 0
4 8 -7 0
-1 5 10 0
-9 -3 2 0
-9 10 2 0
-5 2 -6 0
12 -7 5 0
13 6 -1 0
3 -13 2 0
-7 -9 13 0
6 -2 -1 0
13 -10 -11 0
-4 -9 8 0
11 -10 -3 0
-9 6 -2 0
5 8 -13 0
-8 -4 13 0
-9 8 -4 0
-7 14 -10 0
-1 6 4 0
2 7 -6 0
2 10 -11 0
1 2 -6 0
-6 11 13 0
9 -14 6 0
-2 -1 -7 0
-4 12 9 0
-4 10 -6 0
-2 -5 3 0
8 1 3 0
-4 6 9 0
6 -3 -2 0
-2 8 12 0
-1 11 10 0
-11 -5 -7 0
14 -4 10 0
-7 9 -5 0
-1 -9 -14 0
7 -9 4 0
-2 -7 -3 0
3 8 -10 0
-1 11 9 0
-2 12 -13 0
14 7 10 0
-2 -11 7 0
3 -2 13 0
12 4 -6 0
13 11 9 0
5 -11 -13 0
3 -12 7 0
-7 -11 -14 0
10 -11 6 0
2 13 7 0
-9 -11 -1 0
14 4 1 0
-7 11 -14 0
1 -10 -13 0
