p 98 417
-77 -27 37 0
48 27 73 0
-78 25 -62 0
-58 48 -40 0
44 -16 -65 0
-26 -84 29 0
23 89 -69 0
-86 94 -19 0
-24 -67 -15 0
-75 88 70 0
-60 -25 -48 0
78 83 93 0
73 -85 -16 0
96 42 -72 0
44 -51 -35 0
14 -59 91 0
-5 -45 -57 0
29 -78 73 0
88 -15 -42 0
98 90 92 0
-48 -1 -77 0
-51 59 94 0
77 76 34 0
44 75 -66 0
-84 -22 90 0
-72 80 -32 0
64 -58 -43 0
-58 47 60 0
68 22 -48 0
-15 9 -1 0
-77 -36 -6 0
85 -49 51 0
86 -89 -39 0
53 89 28 0
88 21 -64 0
-47 -17 6 0
84 19 42 0
11 -56 32 0
-21 -41 -63 0
86 11 92 0
-26 -87 50 0
17 6 -41 0
16 -10 94 0
77 -80 57 0
58 -41 -91 0
-86 36 52 0
-29 24 -8 0
-68 86 -5 0
17 80 -23 0
67 96 -37 0
-43 45 -57 0
-62 -93 35 0
-33 -90 80 0
59 66 55 0
-22 -70 86 0
96 49 40 0
-15 29 -51 0
80 30 76 0
35 -81 -66 0
-27 35 96 0
-40 -58 -4 0
-85 16 93 0
5 74 68 0
67 89 -90 0
-82 97 51 0
-14 -45 -1 0
-89 -47 30 0
-79 3 -42 0
91 36 81 0
-23 33 69 0
16 93 -58 0
-43 14 70 0
92 11 -79 0
93 -58 18 0
-17 43 -71 0
-44 98 50 0
25 71 9 0
-2 -29 -14 0
5 38 18 0
3 -98 -25 0
-16 59 -32 0
13 -74 23 0
71 -48 -68 0
27 81 73 0
-59 12 -51 0
51 17 38 0
-76 93 -55 0
-87 -95 71 0
-14 -76 -45 0
-53 -96 47 0
-92 -44 -80 0
-14 -58 51 0
51 92 -79 0
-80 -98 -12 0
-34 39 15 0
-51 96 -83 0
-11 -74 -51 0
86 81 -44 0
3 35 -30 0
-16 -89 72 0
71 54 -15 0
-55 -16 -80 0
-24 -59 -11 0
20 -46 28 0
-70 11 37 0
57 62 -69 0
89 -9 58 0
-2 26 -77 0
47 -24 -58 0
83 -74 60 0
-56 -35 54 0
24 83 -30 0
-51 -90 15 0
-80 59 -78 0
35 44 78 0
56 -20 40 0
4 25 -26 0
-39 57 -35 0
-94 21 13 0
82 1 -35 0
-69 -70 -26 0
70 -29 28 0
15 51 -73 0
-78 60 92 0
18 -10 -72 0
-28 42 -25 0
14 56 -75 0
-45 -83 81 0
-18 97 50 0
64 -91 -79 0
80 -85 -4 0
-19 48 8 0
-70 7 47 0
-90 64 -88 0
-61 26 4 0
47 9 97 0
44 55 -90 0
-22 93 61 0
-37 -6 -55 0
-25 64 50 0
49 98 96 0
29 30 -38 0
82 -17 -16 0
-82 -22 96 0
29 74 76 0
19 -92 -39 0
-27 -14 -97 0
24 90 85 0
79 -32 93 0
-37 -36 48 0
50 -68 45 0
-94 7 37 0
70 27 90 0
25 59 -86 0
-77 91 5 0
25 -49 -19 0
-85 72 69 0
4 -40 -48 0
22 -18 74 0
82 77 -41 0
15 -36 -19 0
-25 58 89 0
60 -65 -41 0
69 90 53 0
-16 -25 10 0
-83 -36 -78 0
49 -55 -22 0
-34 59 73 0
-96 -51 60 0
31 -11 98 0
41 26 -30 0
27 71 -78 0
80 -79 18 0
-19 -22 -85 0
27 -7 19 0
24 8 49 0
-43 2 61 0
29 -39 -57 0
14 80 86 0
-30 -55 70 0
-38 64 -71 0
71 -77 -16 0
71 62 -63 0
56 8 -32 0
-72 76 -16 0
-82 7 97 0
13 -45 5 0
-97 60 -32 0
-38 98 -57 0
59 26 91 0
24 89 -5 0
-33 -52 -63 0
-86 90 7 0
65 22 -92 0
32 -31 60 0
37 59 -25 0
-28 -2 -78 0
-62 43 60 0
-96 19 -45 0
24 37 -72 0
37 -41 -56 0
98 -56 40 0
71 45 -19 0
-42 82 15 0
-56 65 -84 0
-24 -84 90 0
52 -8 2 0
14 92 1 0
84 -67 -64 0
-8 -73 69 0
-89 -96 -24 0
-7 -25 49 0
75 -38 22 0
22 18 -66 0
-81 73 95 0
-10 -79 9 0
-86 63 -80 0
18 34 -78 0
-75 -15 79 0
-5 96 -43 0
-64 50 82 0
-45 -51 39 0
65 6 44 0
-91 92 -41 0
59 -54 -56 0
-97 88 -8 0
-92 -11 54 0
-5 -1 -10 0
92 -15 -45 0
37 -33 -59 0
91 9 -50 0
-10 -35 89 0
-90 -61 -16 0
8 -50 64 0
-33 19 -8 0
51 -57 31 0
37 -19 -66 0
-55 66 52 0
62 -13 18 0
69 98 84 0
-89 -64 51 0
70 19 -29 0
70 -16 -54 0
-7 32 -97 0
-92 84 71 0
-49 -77 -54 0
-55 45 33 0
76 -88 23 0
-76 -73 32 0
-52 40 43 0
12 -91 71 0
97 60 34 0
-29 -23 47 0
93 -61 -44 0
-7 13 -25 0
14 -44 -62 0
8 -89 96 0
54 -86 52 0
-48 9 53 0
-84 88 96 0
61 33 -13 0
5 40 28 0
-91 -22 24 0
47 71 -62 0
-63 59 19 0
-42 20 3 0
97 95 -20 0
-8 51 58 0
76 30 -86 0
41 -30 32 0
-91 3 35 0
-13 -29 93 0
-86 20 -3 0
-26 71 4 0
-22 -87 -32 0
38 42 -93 0
-93 -64 -31 0
79 44 33 0
87 42 70 0
-61 -48 -35 0
77 -27 -76 0
-86 -92 73 0
6 89 8 0
-19 -92 70 0
20 -7 -46 0
-65 62 49 0
-60 -15 36 0
4 74 -6 0
-39 -96 8 0
60 -29 -98 0
-42 -30 52 0
12 10 -88 0
-65 -42 -84 0
80 -89 -21 0
-15 -74 45 0
-90 -68 28 0
81 -28 -72 0
72 -97 -40 0
71 -42 91 0
65 -53 -50 0
-51 -87 -97 0
80 48 56 0
-62 -10 -75 0
24 88 -60 0
61 -27 -77 0
79 91 -44 0
89 59 90 0
-60 -10 -6 0
-66 69 -33 0
85 59 25 0
16 31 -23 0
8 1 -46 0
-35 -21 98 0
2 -88 5 0
-83 -22 -8 0
-46 72 -12 0
-80 -52 -36 0
24 -66 5 0
-33 95 -2 0
-16 -78 -64 0
17 -51 82 0
89 76 96 0
93 89 9 0
-5 -91 23 0
-33 54 -67 0
1 49 53 0
-26 -8 76 0
-46 23 67 0
-97 13 17 0
78 92 30 0
-7 -82 -29 0
32 56 -40 0
10 -49 8 0
46 61 -6 0
27 15 -75 0
97 23 -28 0
-29 -14 44 0
-29 -22 94 0
-38 -95 31 0
-39 17 -50 0
-59 55 -76 0
88 70 -77 0
-65 -59 -16 0
-30 -6 -7 0
42 -24 83 0
-53 96 -16 0
-6 -12 -88 0
-7 26 94 0
-30 -6 -3 0
18 -75 59 0
10 76 97 0
20 -58 -36 0
-97 -64 69 0
-34 19 7 0
-86 4 87 0
17 16 45 0
2 12 34 0
-28 -56 20 0
-12 88 36 0
40 -83 47 0
57 21 -49 0
-13 -94 40 0
-32 -62 -22 0
-55 9 -7 0
-82 -52 1 0
91 50 37 0
62 82 -59 0
71 51 46 0
-69 34 -43 0
-2 61 77 0
-63 94 -48 0
10 52 -23 0
75 -33 -44 0
37 -75 -66 0
90 57 11 0
-2 94 -56 0
-2 -70 66 0
-41 -91 -21 0
65 66 -17 0
21 -15 -3 0
-48 -43 -4 0
-22 2 -30 0
63 -62 -61 0
35 -32 46 0
-8 39 -51 0
-41 67 -38 0
-66 10 -51 0
-66 71 97 0
-58 82 -6 0
-59 -82 -95 0
78 77 44 0
40 83 52 0
-4 96 -21 0
-83 -97 26 0
-58 45 83 0
25 -46 -67 0
-47 75 29 0
-37 -72 -13 0
16 41 55 0
70 -75 90 0
81 -17 -27 0
-77 -35 5 0
-52 -67 33 0
23 28 72 0
-82 44 15 0
-55 4 76 0
78 -98 22 0
-56 45 86 0
-16 -14 39 0
-96 36 31 0
-36 77 -50 0
82 41 -83 0
-59 -66 -20 0
16 95 -2 0
22 -60 -72 0
-30 24 -61 0
62 91 -50 0
