p 16 68
6 -4 -11 0
-7 8 3 0
3 -11 -13 0
11 2 -6 0
4 -10 7 0
12 15 3 0
10 14 4 0
-2 -4 11 0
7 15 14 0
4 -14 11 0
-1 -12 -14 0
8 -15 6 0
-10 -5 16 0
-5 -4 -8 0
3 16 4 0
7 1 -6 0
9 5 6 0
4 -6 8 0
-3 -16 4 0
16 -6 9 0
11 -1 6 0
2 -7 1 0
15 -3 -2 0
-15 16 8 0
-14 -15 -9 0
-7 3 2 0
11 4 2 0
11 -3 -14 0
-9 10 -11 0
-12 -5 6 0
5 10 -15 0
-10 -8 -1 0
-7 -13 14 0
14 4 12 0
-10 5 4 0
-3 6 -10 0
8 -2 1 0
-7 -14 -6 0
-2 -7 -10 0
-4 1 6 0
11 -14 10 0
15 8 12 0
8 -10 3 0
-2 -4 16 0
-1 7 -6 0
-9 13 2 0
-7 9 12 0
1 8 4 0
-1 9 -2 0
13 -6 -15 0
-12 -5 -7 0
-9 -16 -7 0
-9 -5 4 0
11 -16 4 0
3 -13 5 0
-3 -16 13 0
5 4 -9 0
4 12 6 0
11 8 -3 0
2 -8 -13 0
-16 -15 -6 0
-9 8 -1 0
-3 -13 -15 0
3 13 1 0
-13 10 -12 0
4 -7 6 0
11 15 16 0
-10 -13 16 0
