p 92 391
-24 -79 -91 0
35 4 57 0
-64 -83 -45 0
18 -58 17 0
17 66 18 0
-23 70 -39 0
-50 -43 11 0
33 81 -23 0
32 16 68 0
-92 -17 -57 0
-91 -78 -26 0
-8 -6 43 0
56 -28 81 0
26 23 27 0
-7 -22 -64 0
-77 86 -4 0
72 63 -29 0
-13 -37 83 0
82 -67 1 0
-9 22 -61 0
79 -61 -23 0
8 79 -3 0
-18 45 -4 0
9 41 73 0
4 51 62 0
19 -88 -75 0
6 31 57 0
1 -56 -79 0
-41 -2 -70 0
65 73 -28 0
-28 85 21 0
-15 -71 -83 0
50 75 56 0
66 48 -49 0
-30 58 -6 0
40 -49 30 0
-55 47 73 0
-20 57 58 0
35 67 -36 0
-19 -72 13 0
-45 32 38 0
-50 -77 33 0
-52 80 89 0
-17 -51 -32 0
-67 -83 -89 0
68 46 -89 0
-61 -59 -92 0
89 -18 11 0
-9 -15 -88 0
-90 35 -9 0
-59 -65 -62 0
12 -31 3 0
-60 30 58 0
-5 -81 1 0
2 -31 45 0
38 60 -30 0
-33 22 -2 0
5 -51 49 0
18 -66 -9 0
30 37 -31 0
29 57 91 0
87 79 -45 0
29 55 31 0
19 -27 90 0
35 74 56 0
1 -76 16 0
-11 -18 48 0
-44 -37 -54 0
-86 29 -1 0
88 -32 -79 0
66 -37 -7 0
24 -20 26 0
-14 -23 -38 0
82 35 57 0
50 58 85 0
44 -56 -58 0
-40 51 60 0
-45 37 -7 0
44 43 38 0
-81 -66 -61 0
-38 -66 40 0
7 -38 35 0
-59 26 -12 0
-30 -39 -31 0
32 -35 50 0
37 40 70 0
67 -1 -31 0
-28 59 32 0
33 61 -72 0
40 71 -73 0
29 68 -82 0
11 9 -30 0
30 54 70 0
5 2 -58 0
62 76 64 0
-47 25 24 0
-45 -38 76 0
-12 17 -56 0
-72 -74 -29 0
-23 -80 -31 0
12 9 29 0
10 -13 -11 0
-4 -25 -26 0
-76 -22 -42 0
-29 -27 -22 0
-7 59 14 0
73 -9 -90 0
-10 30 -87 0
-34 -20 3 0
60 -29 -79 0
67 -87 -84 0
75 38 -48 0
14 -10 -27 0
-76 -50 1 0
49 31 67 0
37 -36 12 0
-84 56 3 0
-66 71 49 0
49 77 -91 0
-64 87 4 0
-18 59 -84 0
-24 21 -66 0
-49 -73 -61 0
44 18 83 0
-69 16 21 0
-19 -41 64 0
-12 -86 -3 0
48 -12 6 0
43 -48 20 0
9 78 -30 0
63 24 -57 0
-18 -40 -36 0
-79 -87 1 0
-34 -59 -15 0
90 17 -1 0
29 54 2 0
9 32 65 0
24 -47 43 0
-13 -70 35 0
58 86 10 0
50 46 24 0
68 57 -35 0
-78 88 -50 0
49 57 8 0
84 -33 -38 0
-37 20 10 0
64 39 25 0
58 -34 -82 0
9 -38 29 0
80 -10 -38 0
-47 92 -59 0
1 -83 79 0
-9 -86 -25 0
-75 4 -23 0
-62 67 79 0
-88 -90 -33 0
-79 56 -54 0
55 -74 -16 0
30 -3 77 0
-42 40 69 0
-26 12 -35 0
-51 32 18 0
-47 -82 62 0
8 -78 92 0
-87 42 13 0
-40 -5 75 0
79 15 -72 0
21 19 -28 0
20 -7 -53 0
6 64 12 0
-41 -63 24 0
-10 34 -41 0
57 -68 -9 0
18 24 -83 0
-66 -25 -92 0
-10 38 -68 0
30 -64 -56 0
7 -48 17 0
6 13 -20 0
43 42 46 0
23 -34 -68 0
-2 -72 7 0
-61 -34 29 0
22 27 82 0
13 -29 -78 0
82 -14 69 0
-76 52 15 0
56 -77 -18 0
8 -64 -38 0
-60 22 -85 0
-22 -38 69 0
11 -62 63 0
25 -43 -32 0
62 27 50 0
-24 32 -52 0
-4 -78 -92 0
18 -82 -42 0
79 1 -41 0
-23 -69 -63 0
66 43 33 0
74 81 39 0
78 -5 25 0
92 88 -69 0
-19 -60 43 0
42 91 15 0
-36 -81 -74 0
22 -48 -59 0
-40 -11 14 0
-77 22 30 0
-13 91 73 0
-8 -80 11 0
-15 51 12 0
-32 17 -60 0
-24 16 -7 0
-87 77 22 0
-85 45 15 0
67 -28 10 0
12 -81 59 0
-60 79 -30 0
8 21 3 0
59 -88 70 0
-39 -28 84 0
-63 -84 58 0
-62 -58 64 0
59 17 52 0
53 47 -63 0
27 -23 -22 0
20 -30 -76 0
70 51 30 0
54 -23 35 0
52 72 70 0
-73 -3 7 0
6 -46 19 0
-51 21 48 0
75 -89 6 0
63 72 23 0
-68 -33 -46 0
79 -27 -21 0
90 24 64 0
10 59 -16 0
60 49 38 0
-86 -14 -73 0
82 25 26 0
92 -84 -66 0
-53 57 -52 0
-39 71 -1 0
-12 72 -84 0
1 80 42 0
21 -63 7 0
-91 38 -40 0
88 16 29 0
-88 49 -87 0
13 -46 68 0
-75 -41 43 0
-72 -59 -84 0
1 -35 -15 0
38 -37 -8 0
-87 -34 9 0
-12 -30 6 0
-27 53 -33 0
-72 -23 36 0
6 20 -29 0
-91 83 -27 0
-48 57 -45 0
23 21 -57 0
80 -58 -29 0
22 23 -42 0
-26 19 8 0
-16 -14 11 0
-85 61 43 0
57 81 -10 0
-12 48 -8 0
85 -88 44 0
-54 -42 19 0
-3 -9 -41 0
-9 -62 55 0
39 74 -48 0
-25 51 75 0
84 -88 41 0
-19 66 -22 0
-63 75 -23 0
73 23 -38 0
48 64 -60 0
25 3 47 0
24 12 80 0
66 15 1 0
79 23 20 0
91 -82 64 0
-77 -73 -38 0
-33 25 -71 0
21 -81 41 0
19 71 -55 0
4 72 -85 0
-61 77 -16 0
31 -83 70 0
16 -70 66 0
46 51 87 0
-35 -74 3 0
65 -51 -22 0
4 2 -68 0
92 -15 -59 0
-23 -25 32 0
63 -33 -80 0
-33 -9 -69 0
-2 83 70 0
-69 -5 72 0
-10 -67 71 0
50 40 -25 0
78 -18 76 0
-6 57 -5 0
65 -83 30 0
-18 -77 15 0
-57 74 10 0
14 75 89 0
-17 -56 -62 0
-74 88 -78 0
-89 -51 31 0
-84 -31 48 0
8 10 -60 0
47 -48 18 0
82 -2 68 0
32 -27 -73 0
-51 -60 26 0
4 64 23 0
87 75 -74 0
-91 -57 -85 0
31 -92 11 0
-31 22 -8 0
-20 -50 -8 0
-38 -34 50 0
-67 65 79 0
-48 -91 22 0
-10 -64 -13 0
9 52 -8 0
31 -68 -79 0
-33 -66 -56 0
90 -63 -65 0
1 77 72 0
-80 88 -86 0
21 -16 29 0
24 26 -91 0
3 35 -42 0
-37 -24 -7 0
47 -36 -27 0
-36 80 -50 0
60 -41 36 0
-62 -65 -75 0
12 48 26 0
68 36 -20 0
-19 -50 49 0
-89 55 69 0
-79 -5 -61 0
-35 -47 77 0
2 82 59 0
38 29 16 0
-46 -54 -2 0
15 -91 32 0
-56 -58 -45 0
-28 -51 -92 0
40 -74 70 0
-29 16 -92 0
-22 -83 -88 0
81 -66 -22 0
34 81 47 0
-76 71 63 0
-40 -61 58 0
-39 67 24 0
-42 -91 -20 0
-70 20 -30 0
-30 -35 -63 0
-10 -33 78 0
-49 -31 -66 0
70 62 52 0
44 46 92 0
69 20 35 0
-63 -79 -51 0
41 68 15 0
10 -78 -25 0
-26 -45 -72 0
-91 10 -38 0
39 -33 53 0
-16 -47 -50 0
62 2 27 0
-23 22 -26 0
-51 -23 88 0
-14 70 81 0
86 60 41 0
-21 69 28 0
48 72 9 0
72 -90 80 0
-29 -57 73 0
