p 99 421
89 -74 -55 0
8 -90 -59 0
85 -39 76 0
-39 51 -5 0
-98 38 91 0
-39 -12 -36 0
71 -83 21 0
-53 2 -39 0
-73 93 -71 0
-73 41 -15 0
-68 -46 86 0
6 94 67 0
-88 96 -14 0
-56 -78 40 0
-77 -51 -12 0
-16 -18 22 0
-76 -91 -19 0
70 10 71 0
36 -21 -93 0
9 -10 83 0
71 -58 -17 0
-59 82 9 0
-89 37 -41 0
-64 -85 35 0
-6 -66 -8 0
-81 44 61 0
-10 99 56 0
-12 68 -97 0
99 -23 87 0
43 90 -13 0
24 -92 -82 0
48 -39 68 0
98 74 -78 0
33 -37 -4 0
97 77 10 0
29 28 -33 0
-66 -42 14 0
-29 -62 -51 0
-1 -58 24 0
-24 -94 98 0
-87 17 -11 0
-69 -98 5 0
-54 29 -61 0
23 70 90 0
47 -38 58 0
92 77 75 0
-83 71 68 0
67 -59 -53 0
88 -62 16 0
-82 26 13 0
-9 44 39 0
-73 76 -44 0
-96 25 -10 0
79 -78 91 0
29 42 -34 0
91 -74 10 0
-54 -58 -17 0
24 -52 1 0
30 -10 81 0
51 -64 33 0
-84 97 -21 0
42 87 40 0
64 -95 -70 0
-49 18 -93 0
65 13 -86 0
66 73 18 0
-2 76 -29 0
-41 1 -9 0
6 17 45 0
-87 -69 -90 0
15 -1 -84 0
-37 96 -50 0
84 38 86 0
-20 -54 -67 0
-4 1 -70 0
51 -1 17 0
24 42 -79 0
26 -69 -70 0
10 19 41 0
-50 -17 68 0
92 -29 3 0
-56 86 -92 0
-35 -61 -41 0
92 65 54 0
52 -1 3 0
-2 45 -33 0
66 67 11 0
-32 -46 -60 0
-92 9 -5 0
2 -57 51 0
38 -85 68 0
89 -64 -36 0
40 -70 -48 0
-99 67 -90 0
-41 -24 -16 0
-39 -85 -36 0
61 -20 37 0
84 -14 34 0
84 65 -27 0
-24 -30 34 0
33 -23 -66 0
57 -72 -48 0
-41 -90 -55 0
-37 -52 42 0
72 7 -83 0
60 64 40 0
27 -67 -33 0
-96 -27 74 0
23 76 68 0
14 -40 -63 0
89 -91 38 0
-88 -15 47 0
-10 -31 14 0
16 66 -69 0
31 95 -17 0
2 66 -49 0
45 -10 -16 0
1 -17 -8 0
-21 75 -48 0
46 -54 -87 0
-61 50 97 0
-81 -92 -72 0
-84 -97 57 0
14 18 84 0
51 -66 -90 0
-48 -12 -96 0
-30 -21 -78 0
-1 87 40 0
-93 58 34 0
-34 81 82 0
40 11 61 0
-9 -58 46 0
9 73 81 0
-52 71 49 0
66 -57 18 0
22 -45 41 0
7 72 37 0
-69 12 7 0
-41 62 24 0
-20 -47 -92 0
11 -17 12 0
90 71 97 0
-43 83 69 0
86 1 -20 0
30 47 74 0
-31 -72 -73 0
48 19 39 0
-20 12 69 0
-39 22 -23 0
25 -14 -40 0
3 74 45 0
92 68 -21 0
-31 -57 87 0
26 71 -59 0
28 42 -19 0
-48 98 -62 0
16 -33 10 0
-58 15 69 0
-72 31 64 0
-94 72 25 0
10 17 -86 0
-36 47 25 0
97 40 -57 0
-15 76 83 0
-46 -89 22 0
-53 -99 45 0
-2 28 -77 0
87 77 -90 0
94 74 60 0
-35 62 13 0
-32 26 59 0
99 79 -86 0
-41 -34 -83 0
-99 73 78 0
88 -7 -16 0
2 -65 -35 0
14 -83 -24 0
81 -65 -71 0
-76 -3 52 0
-36 -11 -93 0
22 -87 -20 0
-41 -52 33 0
-38 1 -43 0
-91 20 -73 0
-35 37 75 0
-31 56 51 0
96 14 -48 0
-80 50 6 0
-17 -3 57 0
36 -85 47 0
-92 -90 -53 0
81 15 13 0
77 83 55 0
-21 48 -81 0
40 83 -6 0
-6 -51 -66 0
-53 70 55 0
-54 57 87 0
-32 90 -91 0
-68 -93 -7 0
63 -87 96 0
-79 65 -85 0
-88 -86 -33 0
74 79 53 0
-77 50 5 0
-67 66 -25 0
65 90 -46 0
-82 -79 -77 0
-32 -14 -61 0
24 25 -84 0
16 53 69 0
65 -91 -1 0
97 -76 -84 0
-28 42 61 0
-24 -44 72 0
-20 -81 -14 0
-7 -58 -93 0
94 -97 -56 0
76 32 -75 0
-89 65 -58 0
-85 21 -5 0
2 4 99 0
-75 -39 27 0
69 -35 -81 0
26 57 40 0
62 -57 26 0
89 -74 93 0
36 65 -2 0
-81 -19 -51 0
26 -64 41 0
57 26 42 0
94 -59 -82 0
88 -54 16 0
-73 30 -53 0
99 -76 -19 0
-86 -7 -87 0
-41 -29 74 0
33 70 -90 0
7 49 31 0
-41 -98 -27 0
69 -40 -98 0
47 69 -43 0
59 -42 20 0
84 -8 89 0
-75 -47 30 0
83 -5 -76 0
-60 -63 49 0
79 -26 -20 0
70 -8 84 0
-89 52 -37 0
55 -94 90 0
-9 -52 89 0
11 -40 -45 0
53 -3 43 0
25 2 88 0
-91 -14 62 0
-18 30 24 0
77 -94 -57 0
29 96 -95 0
43 -66 29 0
86 72 -4 0
18 -35 41 0
83 33 22 0
58 -45 -48 0
98 -58 -76 0
-47 -44 -66 0
-11 59 -3 0
-13 10 -23 0
-81 -86 76 0
91 79 80 0
7 73 -24 0
-57 50 68 0
23 50 -32 0
30 71 28 0
-48 55 -52 0
-29 62 -75 0
-24 18 -37 0
44 -73 -69 0
-79 53 -58 0
78 -10 -86 0
11 91 30 0
92 -71 -1 0
45 53 48 0
-57 91 64 0
96 -12 -23 0
-90 13 -1 0
6 -26 -44 0
-40 -89 -79 0
-50 -67 -6 0
-98 -43 -32 0
19 -87 -83 0
43 -86 -58 0
-75 -12 11 0
7 -49 -36 0
-53 -64 -27 0
-46 24 69 0
14 -9 33 0
-51 9 -7 0
-84 -53 -47 0
3 94 -35 0
4 -69 -41 0
-40 4 -10 0
53 -93 -21 0
-11 -80 -22 0
10 32 73 0
-5 12 18 0
-81 -5 64 0
-20 26 -69 0
10 -76 -18 0
4 46 -23 0
31 -71 -69 0
22 53 -73 0
18 -71 -36 0
-87 6 -64 0
-81 47 -17 0
-46 45 -54 0
15 -71 -85 0
19 -43 -11 0
79 20 55 0
35 -47 80 0
-96 42 -64 0
-34 72 -10 0
-90 5 88 0
-77 -3 -19 0
75 -15 78 0
3 -5 -56 0
98 45 -61 0
-60 85 -5 0
-98 16 -28 0
18 -30 24 0
6 14 31 0
-54 -18 -37 0
-73 -72 -47 0
14 38 10 0
-69 27 -28 0
99 3 47 0
-9 59 41 0
19 49 2 0
-99 3 12 0
-92 -15 -81 0
77 -35 -92 0
-86 -85 -90 0
92 42 33 0
16 -92 27 0
-70 12 55 0
-92 -3 -99 0
-79 -17 86 0
29 81 -62 0
-6 -41 -35 0
-26 -51 -65 0
64 -13 -82 0
-60 21 18 0
-99 -40 -6 0
33 -41 -62 0
60 62 -68 0
-84 -72 14 0
-92 15 -10 0
76 90 62 0
-21 -34 -12 0
2 53 -56 0
-77 -68 78 0
-22 -14 -33 0
94 -15 -23 0
85 10 73 0
34 -22 36 0
-6 23 62 0
-8 46 -15 0
-88 -75 25 0
14 -46 -64 0
-63 -96 75 0
51 75 38 0
-55 93 -62 0
-95 55 -93 0
-55 30 5 0
10 70 94 0
45 43 8 0
99 -16 15 0
-34 19 94 0
26 -81 -58 0
23 38 66 0
32 29 -15 0
59 88 34 0
-99 33 71 0
67 86 -28 0
-58 1 93 0
-71 33 38 0
4 89 62 0
-41 -3 91 0
-64 29 45 0
36 -2 21 0
40 66 6 0
-63 -80 -66 0
-71 91 -53 0
5 -83 10 0
73 39 -71 0
79 -66 -18 0
-51 -6 8 0
-38 -37 -91 0
83 66 82 0
4 -82 25 0
-29 -18 -2 0
99 56 -27 0
91 97 11 0
85 -52 80 0
98 -57 21 0
35 83 37 0
-50 25 -15 0
27 -39 -78 0
24 45 72 0
49 -60 -87 0
13 53 -38 0
-72 -51 -70 0
5 -36 13 0
26 -7 17 0
-60 33 -94 0
-97 -15 60 0
30 6 19 0
-40 27 -10 0
-61 28 58 0
-33 -10 31 0
27 86 94 0
