p 59 251
-19 18 -26 0
15 42 39 0
-3 43 -29 0
-39 -50 15 0
29 30 -10 0
50 -24 29 0
-59 -11 -30 0
26 -31 14 0
-1 15 -6 0
-18 -50 -52 0
-7 21 -46 0
8 -40 34 0
4 -42 37 0
40 39 53 0
-37 -7 -20 0
50 31 59 0
15 1 18 0
-49 12 52 0
6 -2 41 0
-13 -46 -17 0
56 27 -9 0
-5 57 -9 0
-55 -18 -36 0
3 51 -55 0
46 26 29 0
23 34 44 0
10 22 -37 0
-51 2 37 0
-6 31 -50 0
-17 45 -11 0
10 -51 52 0
-47 51 2 0
-40 -39 50 0
-51 45 -56 0
-58 15 -48 0
14 7 -17 0
-29 -25 -14 0
-49 -26 9 0
56 13 -57 0
13 -27 3 0
55 -5 23 0
23 6 43 0
-7 -46 45 0
14 22 21 0
-21 49 34 0
38 -23 -2 0
2 24 1 0
-5 -22 -35 0
36 -22 -51 0
-33 56 -51 0
-22 -58 45 0
-13 -28 -12 0
28 1 26 0
-16 34 30 0
-47 53 57 0
-10 23 -45 0
21 -45 11 0
-48 -57 -14 0
-16 -5 8 0
50 44 11 0
55 -14 -11 0
-52 -24 40 0
-21 36 -52 0
-29 13 -23 0
44 12 -50 0
-9 14 -2 0
40 30 17 0
-59 4 22 0
55 -53 22 0
-14 8 10 0
19 30 -45 0
-20 -19 49 0
9 -15 59 0
44 -22 24 0
1 14 17 0
5 -21 -30 0
-16 -39 -36 0
-55 -17 -27 0
-17 43 -39 0
-31 -10 33 0
-26 -16 1 0
-40 10 -2 0
40 56 -58 0
-30 -50 -3 0
11 33 -36 0
-10 -35 1 0
-12 29 19 0
42 3 30 0
-40 19 57 0
21 28 -35 0
-57 -48 12 0
55 13 -10 0
47 32 -56 0
-20 13 -43 0
28 43 -19 0
-25 56 55 0
-32 34 -54 0
29 -50 54 0
-55 -6 -8 0
-34 -45 -21 0
16 11 -58 0
-39 -16 -17 0
-46 -18 -21 0
-10 37 38 0
1 -22 -38 0
-25 -32 -29 0
40 24 3 0
45 36 6 0
17 15 -31 0
31 -52 38 0
-53 -1 -54 0
10 -59 26 0
-56 -23 -14 0
-18 9 47 0
-42 37 9 0
43 23 -9 0
37 34 53 0
23 11 -34 0
-54 -25 36 0
-29 50 33 0
5 -22 -12 0
33 20 -24 0
46 -32 18 0
-56 -37 -22 0
-59 42 -23 0
-59 41 54 0
53 8 -35 0
55 45 -6 0
50 26 -53 0
-50 45 -12 0
19 -45 24 0
51 2 16 0
-6 17 -1 0
-6 33 4 0
-2 -59 3 0
-45 -3 -41 0
-19 -22 5 0
13 -17 -2 0
18 14 4 0
58 -57 -37 0
-22 -26 45 0
27 58 1 0
-58 -20 54 0
9 -45 21 0
-49 -20 17 0
56 50 48 0
30 26 21 0
-53 -54 39 0
-30 43 -54 0
-39 31 12 0
-15 10 -12 0
49 -53 -22 0
-38 13 -8 0
-37 13 -22 0
-59 45 -49 0
-10 56 42 0
7 -51 53 0
56 -46 13 0
54 15 -29 0
-27 -57 50 0
18 55 -29 0
-51 -2 40 0
-2 1 37 0
-11 -48 -47 0
24 -21 12 0
17 -37 10 0
-15 -57 30 0
58 57 -13 0
-25 31 57 0
3 -53 56 0
-26 -3 -50 0
-35 -1 -52 0
-21 -31 -40 0
59 27 -24 0
1 51 -57 0
56 30 42 0
-54 -49 -35 0
-30 27 48 0
12 11 29 0
56 -51 -54 0
58 14 59 0
51 10 47 0
-7 -1 -43 0
-11 -15 2 0
-7 9 18 0
31 -51 -14 0
-30 32 26 0
-14 -33 -25 0
-44 33 19 0
-30 -15 7 0
16 -47 42 0
-45 35 50 0
-24 42 4 0
41 -40 12 0
-5 3 35 0
-27 31 38 0
-13 -58 44 0
-10 15 22 0
51 -16 7 0
-26 -21 -43 0
12 3 -38 0
-59 -4 10 0
17 55 36 0
49 -36 21 0
4 13 -14 0
38 52 46 0
45 43 -12 0
20 -37 -11 0
55 -38 -3 0
-49 -18 -48 0
37 31 42 0
59 -57 -9 0
-26 -15 -52 0
26 56 -49 0
58 -17 -35 0
38 53 37 0
-23 -51 -24 0
-19 -47 -15 0
2 -47 53 0
-21 -13 41 0
48 29 3 0
53 7 54 0
36 -29 -2 0
32 45 46 0
-13 -30 -54 0
8 -22 18 0
-47 -43 -38 0
30 47 -42 0
-55 -50 -4 0
-37 -6 55 0
-25 44 22 0
-3 -47 16 0
-39 -27 -7 0
56 7 12 0
-40 -41 -58 0
-53 58 4 0
21 -31 46 0
-1 -16 51 0
11 59 47 0
-5 -10 -34 0
-34 -16 -31 0
-48 6 1 0
-31 -30 19 0
25 -23 28 0
-6 41 -23 0
20 -15 -28 0
43 6 -33 0
35 21 -16 0
42 -26 35 0
-35 -4 -10 0
20 -59 23 0
