p 53 225
-37 40 52 0
11 -23 -26 0
-3 43 11 0
-38 23 -5 0
24 43 45 0
-23 -45 40 0
-53 29 -18 0
-8 -34 -2 0
-44 1 9 0
52 22 -26 0
48 11 -15 0
-45 -27 -46 0
49 -1 20 0
-35 -13 -4 0
30 -43 15 0
-32 -50 23 0
-11 -21 -43 0
-11 -5 6 0
-31 -25 52 0
52 46 -30 0
-43 18 16 0
-31 4 8 0
45 -37 -43 0
-22 16 -11 0
33 2 -4 0
-36 30 28 0
9 12 -23 0
52 13 -48 0
33 17 -40 0
-51 38 9 0
14 -25 -36 0
17 -5 -26 0
41 50 46 0
-12 11 14 0
7 -34 -52 0
-12 -44 24 0
-31 -12 34 0
-27 20 17 0
-36 53 7 0
41 -25 -18 0
-33 -22 10 0
-44 28 -46 0
-5 7 48 0
-38 -30 15 0
22 39 4 0
22 -30 7 0
22 -36 -19 0
8 -6 46 0
-50 -16 2 0
-16 1 -33 0
-3 9 28 0
-30 17 -28 0
-37 45 -28 0
-12 -1 -24 0
-7 32 47 0
15 9 46 0
-11 -7 -25 0
35 3 22 0
32 35 -44 0
27 -13 -36 0
31 16 -45 0
-2 -26 -44 0
-25 -34 -39 0
-25 28 -26 0
34 -44 28 0
9 38 -3 0
-14 -42 30 0
8 15 -18 0
34 5 -48 0
47 8 -41 0
35 2 -40 0
31 -2 -10 0
-41 18 -40 0
32 12 20 0
26 23 1 0
-33 -28 44 0
-31 35 26 0
-18 -37 17 0
20 19 27 0
-29 20 -10 0
25 -44 15 0
39 -44 30 0
27 15 19 0
50 -16 7 0
-34 46 -6 0
34 16 51 0
-17 -13 11 0
-11 29 -5 0
11 42 -3 0
1 -29 44 0
-38 34 -44 0
16 41 45 0
-46 36 19 0
-21 -33 -6 0
4 -34 41 0
-8 3 38 0
-5 -49 47 0
20 32 13 0
-35 -5 -19 0
-16 29 -51 0
18 -39 -31 0
29 27 -41 0
-47 37 -9 0
-40 -28 22 0
-29 -31 28 0
-26 -32 -36 0
53 4 -28 0
-23 51 3 0
8 -43 29 0
-50 -43 -4 0
-3 47 44 0
-17 -10 50 0
27 -3 42 0
-35 46 -51 0
-18 44 -45 0
-4 47 -15 0
39 8 4 0
39 -24 -6 0
39 -21 43 0
7 -45 35 0
-42 -1 -35 0
-32 -53 4 0
-29 6 10 0
49 -16 14 0
-49 -50 -25 0
20 35 15 0
34 -29 -30 0
-26 -2 16 0
21 31 -7 0
1 31 30 0
20 -40 -32 0
-22 11 34 0
15 -47 -53 0
-48 -3 51 0
-21 -53 10 0
35 -18 -7 0
-34 31 5 0
13 22 -14 0
5 -24 -21 0
30 -15 -1 0
-35 2 -44 0
-34 51 -1 0
-36 27 -35 0
35 26 -33 0
-18 -49 10 0
-26 -17 -20 0
27 -2 7 0
-45 -18 29 0
29 25 43 0
-51 -19 -36 0
46 -32 49 0
-49 -31 43 0
36 -1 -2 0
-29 18 -15 0
-18 -4 20 0
-4 -23 43 0
24 -29 20 0
-15 32 50 0
26 -13 -50 0
-5 -1 -48 0
48 31 -33 0
-32 -16 45 0
-35 40 -36 0
-25 -37 -4 0
3 -14 -45 0
28 20 -47 0
-20 45 38 0
-26 -39 -11 0
-16 18 -53 0
13 23 14 0
9 -53 7 0
-7 -5 -36 0
-3 -44 -39 0
-45 38 51 0
23 39 -16 0
48 15 -36 0
-45 -39 -40 0
4 -28 39 0
40 45 3 0
-16 2 -15 0
-29 -4 26 0
17 52 -2 0
-14 -20 40 0
25 16 -38 0
-2 4 -17 0
3 -25 -50 0
7 15 4 0
5 -33 29 0
13 -15 -53 0
37 45 -44 0
-21 35 37 0
-51 -11 -52 0
-47 -17 42 0
-27 18 37 0
4 48 -20 0
51 6 16 0
22 42 -49 0
-29 42 -24 0
-25 28 36 0
20 32 -46 0
-2 50 -24 0
-18 -42 -36 0
-44 31 6 0
18 -5 32 0
45 -21 -23 0
-52 -37 5 0
-10 -47 53 0
-35 6 8 0
-4 -37 -1 0
40 -47 -5 0
10 -23 -14 0
39 8 -2 0
-44 21 48 0
37 -33 32 0
-38 -8 -9 0
-4 3 -10 0
9 -42 -31 0
45 -24 -18 0
-53 -51 35 0
41 35 52 0
-43 35 42 0
-44 32 -19 0
3 16 -46 0
-37 -21 -50 0
-13 20 25 0
