p 85 362
-14 -25 44 0
-21 75 -69 0
63 55 24 0
-26 85 -10 0
-54 43 -12 0
65 -55 58 0
27 -5 -54 0
28 -47 44 0
-64 2 -10 0
67 84 16 0
-84 26 40 0
-81 -14 43 0
20 48 -82 0
65 55 72 0
13 36 17 0
49 -51 -65 0
-35 64 2 0
-22 -3 32 0
75 -20 -73 0
70 -9 -56 0
-14 63 -40 0
-83 -63 -61 0
31 -72 -53 0
-67 76 66 0
70 -25 76 0
76 -32 33 0
75 27 -63 0
59 -20 -72 0
77 -10 -22 0
-84 -45 56 0
-48 24 22 0
-57 4 6 0
20 21 65 0
-66 81 -53 0
-43 15 -72 0
55 40 -25 0
12 47 -17 0
-40 8 43 0
-26 -64 -53 0
60 -41 7 0
-54 -30 -11 0
-57 84 62 0
-76 26 -16 0
-13 68 -48 0
-2 33 4 0
69 -9 -63 0
-28 -78 36 0
-6 -10 -11 0
2 -28 35 0
75 -69 -4 0
-11 69 71 0
-69 28 -8 0
26 64 -50 0
-59 -76 55 0
64 1 22 0
21 -47 71 0
21 56 38 0
82 -80 49 0
12 -44 31 0
54 -62 66 0
-52 78 -41 0
38 -39 -4 0
-70 39 40 0
-25 -15 53 0
27 -6 -8 0
-73 84 -55 0
27 -11 61 0
44 -70 19 0
40 -65 82 0
-47 -61 -45 0
-62 -72 -54 0
-59 -52 83 0
21 37 67 0
36 -66 81 0
-53 21 -27 0
78 51 15 0
-30 -20 60 0
10 -22 -4 0
2 -66 -38 0
68 -70 81 0
13 34 -56 0
-18 61 33 0
60 -43 -5 0
73 42 10 0
42 -17 25 0
52 14 10 0
-18 26 46 0
-55 42 -45 0
60 -39 -67 0
-45 -73 41 0
-56 39 -58 0
76 -83 18 0
48 -83 -7 0
82 -16 -57 0
-32 -22 -2 0
79 44 -59 0
-36 -44 -80 0
24 -41 -14 0
27 -17 81 0
-5 4 45 0
-66 -12 5 0
-13 -24 -63 0
63 21 36 0
34 80 47 0
-1 80 -10 0
-75 -60 71 0
-22 19 -25 0
-53 -12 -33 0
67 9 29 0
35 15 -32 0
48 42 82 0
70 46 -49 0
39 -83 45 0
74 13 10 0
-31 -75 14 0
24 -56 -66 0
-3 -66 -82 0
-65 7 -30 0
-66 -67 14 0
38 -58 -26 0
38 -54 58 0
51 50 -65 0
60 53 -11 0
64 -19 67 0
61 19 46 0
37 62 -73 0
17 48 51 0
-24 -58 -11 0
18 47 24 0
78 56 -51 0
-65 -63 -59 0
31 59 -7 0
59 66 -46 0
-74 -38 -51 0
-31 43 83 0
68 17 69 0
-60 -3 -5 0
74 56 -28 0
-30 -27 14 0
-85 56 -18 0
-66 -72 -23 0
55 -46 65 0
34 -38 54 0
79 74 52 0
47 -28 -30 0
-39 -53 -52 0
8 17 -77 0
53 34 78 0
-60 14 -69 0
-38 -53 -26 0
59 27 53 0
82 -42 45 0
81 -49 80 0
-48 -32 80 0
-8 -1 -54 0
26 52 5 0
27 -43 25 0
52 39 22 0
-81 35 30 0
71 66 -67 0
-12 -78 -48 0
49 84 79 0
25 -62 82 0
36 45 -67 0
-19 -40 -3 0
-62 -21 37 0
-75 -21 -79 0
-18 -48 -20 0
-16 82 -7 0
56 -12 55 0
-2 -6 43 0
-58 -54 -41 0
-64 39 31 0
-6 -58 -10 0
63 -73 43 0
-64 54 -68 0
-52 8 -4 0
26 -58 -34 0
24 -42 12 0
39 65 -48 0
-54 -52 -34 0
-10 -68 -65 0
-5 -40 -10 0
81 -6 -45 0
-68 -27 -76 0
8 62 -3 0
5 -54 -2 0
-16 -40 -24 0
-29 30 7 0
-73 53 19 0
-41 -10 -14 0
4 61 -25 0
-48 13 -82 0
63 -73 85 0
-46 70 65 0
-66 -7 -65 0
60 33 -49 0
34 46 -45 0
-40 -36 -45 0
6 -67 3 0
4 -12 16 0
-58 -7 16 0
67 -77 -69 0
37 -48 13 0
72 22 78 0
46 62 -26 0
-26 -25 -71 0
-50 -65 73 0
69 -44 -61 0
13 -8 15 0
19 -5 61 0
40 4 -66 0
62 -74 -20 0
63 67 -28 0
-57 13 -15 0
84 -14 -51 0
-14 78 51 0
-35 -67 2 0
62 15 13 0
-53 58 48 0
13 26 70 0
73 -77 -47 0
-68 -46 43 0
-28 66 -69 0
46 -59 20 0
-65 9 54 0
-13 -45 9 0
-30 -46 65 0
63 -13 -83 0
57 -48 72 0
38 62 -26 0
-14 -37 -74 0
-82 -7 -5 0
-7 -31 -73 0
-81 -70 22 0
81 4 -47 0
-49 24 68 0
-58 19 53 0
2 23 55 0
49 67 34 0
42 63 51 0
-62 73 -68 0
20 -70 19 0
-8 64 -39 0
48 24 38 0
28 -44 77 0
-24 -13 71 0
-29 -84 -27 0
-80 84 39 0
11 -52 -60 0
-1 -79 -49 0
-55 -56 81 0
-19 -68 -51 0
-69 -41 4 0
-21 12 72 0
74 5 14 0
-3 -14 -78 0
-11 7 46 0
4 -46 -60 0
-55 65 56 0
-7 2 -52 0
-56 -55 -42 0
-57 73 2 0
-64 -81 48 0
31 -42 -10 0
41 -58 24 0
7 50 -28 0
22 38 -84 0
36 82 46 0
-46 45 -2 0
-3 -55 43 0
-53 -47 5 0
16 -76 -63 0
-40 30 -10 0
66 29 58 0
32 -63 -57 0
68 20 -45 0
7 -78 3 0
-47 -45 33 0
-36 -16 -40 0
70 13 45 0
-50 -44 -2 0
58 -74 43 0
-41 82 20 0
-66 -30 -25 0
-27 83 7 0
-73 -83 41 0
-17 -45 -52 0
-85 40 -18 0
7 -14 -77 0
-24 32 18 0
17 -5 -55 0
75 -56 -33 0
-6 -12 -61 0
14 7 -45 0
71 79 -2 0
50 -13 20 0
-74 26 39 0
50 -79 -22 0
19 22 60 0
31 69 -63 0
44 -27 -69 0
54 70 -48 0
-78 -85 63 0
4 -84 75 0
11 42 -10 0
77 -50 -56 0
35 44 70 0
47 72 -42 0
-11 -66 -85 0
85 1 -43 0
28 83 -13 0
19 68 -56 0
-15 -67 83 0
32 -55 -82 0
68 59 18 0
-19 66 50 0
62 -15 -27 0
-25 -72 11 0
23 -77 -56 0
85 -35 53 0
16 41 24 0
-10 -13 73 0
-26 -45 36 0
20 83 -68 0
68 -60 -54 0
-81 -5 51 0
53 -28 82 0
11 -56 -44 0
18 -8 -43 0
42 -63 -50 0
8 44 73 0
58 60 61 0
-20 73 60 0
62 -39 3 0
19 -57 25 0
31 -21 -52 0
62 18 -31 0
85 -76 74 0
-10 -46 82 0
9 -63 34 0
-22 -25 61 0
-64 37 -53 0
11 -28 38 0
76 -74 55 0
-43 27 -30 0
-59 -34 79 0
-32 40 4 0
-84 29 -16 0
6 -19 31 0
66 -80 -38 0
-40 12 -20 0
-26 -42 50 0
-34 -74 -41 0
9 5 2 0
-63 24 6 0
-32 -71 -33 0
31 -32 7 0
-45 31 2 0
83 -4 36 0
67 -32 36 0
-44 54 -82 0
