p 59 251
57 -17 -37 0
-57 -25 11 0
-43 50 -10 0
43 35 34 0
-11 12 57 0
-53 12 51 0
-16 -59 32 0
-8 -17 1 0
53 -58 36 0
-52 -38 6 0
23 -26 -17 0
-4 49 -59 0
-30 -15 -49 0
-36 46 47 0
-23 28 -33 0
-9 -26 24 0
-46 -43 -20 0
-38 57 48 0
-56 -2 5 0
56 -32 20 0
-3 -43 -11 0
-41 20 -50 0
9 -57 -21 0
-17 -19 -1 0
-19 -47 -54 0
41 6 -34 0
58 -10 -33 0
8 -33 58 0
55 32 -15 0
12 -35 36 0
-21 -20 23 0
12 35 -24 0
-45 -43 27 0
4 -44 19 0
-12 -38 -40 0
-7 34 2 0
6 40 -13 0
46 3 35 0
-5 -27 54 0
-53 -28 15 0
6 -4 22 0
32 8 -23 0
-36 55 33 0
-39 4 -26 0
33 16 1 0
6 13 4 0
-40 27 25 0
35 -22 15 0
-6 38 -42 0
-11 46 -28 0
-41 4 52 0
-3 -12 46 0
18 58 22 0
-35 -54 58 0
55 22 -23 0
-58 27 23 0
-13 52 30 0
-40 25 38 0
-50 -15 -3 0
19 17 -38 0
38 7 -6 0
36 27 49 0
-55 -12 -7 0
-48 11 -4 0
14 44 23 0
23 -3 17 0
-56 -41 -21 0
-52 51 -40 0
12 -15 37 0
21 -10 -16 0
-44 -35 55 0
-48 -6 59 0
46 -51 28 0
-48 31 38 0
47 23 59 0
-19 7 -10 0
12 -36 -29 0
-53 33 21 0
25 46 53 0
16 49 -19 0
-21 -18 3 0
-12 -16 47 0
-43 -38 -37 0
-54 -32 15 0
31 21 -59 0
-38 -13 -37 0
-37 -59 50 0
-37 -26 8 0
4 43 -49 0
7 -2 -58 0
-49 -47 24 0
43 7 -4 0
45 -4 -8 0
47 7 -53 0
-29 14 -5 0
-56 -45 -50 0
-28 -27 24 0
-7 30 -10 0
-2 -59 -31 0
29 -55 46 0
50 -32 34 0
-13 57 -23 0
33 -31 47 0
28 -26 -8 0
22 -42 21 0
26 -41 -52 0
47 -8 9 0
-49 4 -22 0
-32 9 18 0
12 -52 -37 0
49 -4 33 0
-7 17 5 0
46 56 -16 0
-32 16 -42 0
30 26 10 0
-29 -14 -54 0
48 -59 -31 0
16 -41 21 0
25 20 47 0
-38 -39 9 0
-58 -40 13 0
43 -51 -47 0
-21 -8 35 0
-55 31 -4 0
36 -9 -15 0
-35 -39 20 0
2 16 40 0
14 37 -20 0
27 -5 51 0
-17 32 57 0
-58 -7 -12 0
-52 -22 10 0
44 17 40 0
41 -16 40 0
20 24 -30 0
43 9 -52 0
-56 -42 53 0
45 38 19 0
-45 6 52 0
-31 -15 41 0
50 -31 -14 0
-59 17 -20 0
7 24 54 0
-51 -13 53 0
-40 46 45 0
-50 -24 6 0
-46 -42 -40 0
30 21 -40 0
27 -9 -47 0
-39 9 -45 0
-50 8 41 0
2 -35 44 0
-22 -30 43 0
16 32 49 0
31 12 -52 0
57 -38 -58 0
45 -49 8 0
-15 24 9 0
27 -54 20 0
23 -55 1 0
-57 -45 55 0
-26 -13 -29 0
22 -48 -26 0
-53 -16 50 0
51 -33 -16 0
39 20 57 0
55 45 -3 0
21 44 19 0
-9 54 58 0
57 44 58 0
4 -20 19 0
51 59 -36 0
58 -41 33 0
57 -36 -25 0
-35 -15 52 0
34 -24 13 0
-8 -14 -13 0
-9 3 -27 0
-48 46 -11 0
11 -59 -8 0
33 -34 -52 0
-32 -4 -29 0
46 -53 33 0
26 -39 41 0
-36 32 51 0
43 -9 -58 0
-44 -35 13 0
51 -10 26 0
-52 2 -23 0
48 -1 -57 0
29 -45 -5 0
59 -13 10 0
22 54 29 0
-27 -52 -18 0
49 -42 -9 0
22 -28 -1 0
9 -49 -50 0
-4 -56 45 0
-22 6 -50 0
-11 15 53 0
-37 -1 -4 0
14 27 28 0
14 47 -9 0
38 51 -5 0
-5 -21 -26 0
-10 53 33 0
-45 -2 49 0
48 -54 -33 0
-10 32 -34 0
-41 17 -55 0
-8 47 -54 0
-57 6 -18 0
36 3 -11 0
-6 49 57 0
-14 55 17 0
-15 20 -49 0
31 40 16 0
-34 -22 -37 0
42 -20 -52 0
-58 -51 -20 0
27 -36 3 0
-17 56 27 0
-17 56 -19 0
12 -45 -51 0
29 3 27 0
40 -19 -3 0
16 46 -31 0
-38 41 40 0
41 59 8 0
-19 20 -31 0
38 -20 -12 0
2 40 9 0
29 42 33 0
40 47 -25 0
-26 -50 9 0
8 -43 2 0
-11 55 15 0
-21 45 58 0
-22 -21 13 0
22 -52 19 0
-51 1 -56 0
2 17 -23 0
35 14 -54 0
15 20 -19 0
-51 -52 49 0
46 -13 18 0
39 -59 -5 0
34 19 -4 0
-9 49 -7 0
-27 22 42 0
23 5 3 0
