p 53 225
-13 38 -45 0
-3 43 32 0
49 -47 -43 0
28 32 -40 0
2 32 3 0
-34 42 -40 0
-43 39 48 0
-15 -47 -23 0
-44 2 -20 0
3 -47 -35 0
-40 -7 6 0
-10 23 33 0
-34 19 51 0
-53 -2 47 0
9 -4 -52 0
-45 43 -24 0
30 -52 8 0
4 28 -23 0
-29 -26 -8 0
-16 32 -23 0
52 26 -24 0
-10 -1 23 0
44 13 6 0
38 35 -5 0
36 11 -20 0
42 -3 25 0
-12 -20 48 0
48 7 4 0
-21 -40 -36 0
-32 -52 -22 0
52 36 -32 0
-47 -31 -17 0
52 -24 10 0
-4 -6 13 0
-43 -12 25 0
35 -19 11 0
17 -11 9 0
-41 23 -20 0
25 -39 12 0
45 -51 24 0
-1 -2 30 0
34 -52 18 0
31 -14 -3 0
-9 -1 35 0
48 -16 -11 0
-9 -11 39 0
-38 28 -10 0
30 50 -32 0
-7 15 -17 0
-2 -8 -34 0
38 3 29 0
46 1 16 0
50 32 39 0
-12 -46 31 0
27 -35 25 0
43 -17 -36 0
45 24 11 0
-5 9 -13 0
-22 24 -5 0
-50 -3 26 0
-48 -7 26 0
1 47 42 0
26 -30 5 0
34 1 -15 0
-20 -18 12 0
41 -30 -35 0
14 -13 -5 0
-43 -34 -6 0
1 29 -40 0
10 33 -13 0
53 14 -11 0
39 -8 -4 0
10 27 21 0
-25 -30 -27 0
-22 47 46 0
-41 -24 -20 0
-41 -20 -16 0
25 14 -46 0
42 21 41 0
-50 52 -33 0
-37 -6 5 0
-20 -5 -15 0
18 32 -53 0
10 -53 -36 0
17 21 3 0
11 15 -37 0
32 53 -51 0
-43 10 -37 0
46 -14 -30 0
6 51 50 0
-15 -14 -41 0
-24 -49 1 0
52 -47 43 0
24 18 31 0
46 26 52 0
-31 -26 -11 0
13 12 48 0
-22 13 -12 0
-35 -53 -22 0
22 -37 -15 0
-36 -1 -39 0
44 -32 -43 0
47 -43 -3 0
28 32 -33 0
-21 -2 39 0
40 -2 29 0
-12 -42 -19 0
-31 1 -19 0
-6 8 12 0
31 -35 20 0
30 -53 47 0
-41 -5 45 0
11 -24 -25 0
28 15 52 0
-17 -37 51 0
-48 5 24 0
-50 -51 -12 0
3 -50 -32 0
-23 17 -47 0
22 -24 3 0
36 -10 52 0
25 33 46 0
-13 -50 -2 0
6 34 -5 0
35 29 -31 0
-24 45 -5 0
-15 8 1 0
11 14 6 0
41 1 -15 0
-25 -1 46 0
-21 -16 -9 0
-32 -51 -9 0
31 -17 23 0
24 -7 -13 0
17 -9 -12 0
-2 27 29 0
30 43 -7 0
-16 -39 -17 0
-49 41 -24 0
-46 29 -45 0
-47 42 36 0
-26 19 15 0
2 21 -8 0
-11 -15 -52 0
-52 -25 -28 0
-38 -39 20 0
22 -9 1 0
10 19 -24 0
-27 18 34 0
2 39 -46 0
49 -46 -30 0
-13 -14 34 0
-39 -48 -38 0
10 -38 42 0
13 -25 -27 0
24 -21 44 0
3 51 -43 0
-12 21 -9 0
-41 53 9 0
3 17 -50 0
-4 39 -44 0
-31 48 10 0
15 -31 -23 0
20 15 42 0
-1 39 -30 0
-13 -30 -3 0
26 -5 53 0
-26 -12 -4 0
-15 -37 -40 0
-33 -32 13 0
11 -2 40 0
-7 -5 24 0
-41 1 50 0
5 42 28 0
25 39 -13 0
8 41 -14 0
51 -24 -50 0
30 -10 29 0
-36 -18 -52 0
-37 31 -22 0
40 35 -51 0
-45 -18 19 0
46 34 -30 0
-29 -3 -51 0
-48 -34 -17 0
34 -36 23 0
-47 21 9 0
-3 -44 20 0
35 -3 -14 0
-50 -24 23 0
48 -13 4 0
-14 -15 6 0
-46 -8 17 0
11 -38 -51 0
-15 -32 1 0
43 -35 -6 0
32 30 -24 0
52 -14 -28 0
13 25 31 0
-46 18 -4 0
-48 51 34 0
-21 -35 -45 0
-22 51 -19 0
19 -40 7 0
-8 43 38 0
-4 -52 25 0
15 -18 36 0
-19 22 -16 0
42 -41 -46 0
51 16 -22 0
-18 7 -25 0
-25 9 -42 0
-42 53 52 0
3 -26 12 0
-33 -4 -30 0
12 -6 26 0
-25 31 -22 0
33 -4 -16 0
30 27 26 0
1 -23 17 0
27 -32 3 0
-6 -38 35 0
37 -16 38 0
39 2 38 0
-30 50 41 0
