p 92 391
-77 -87 21 0
81 -64 -47 0
-51 -4 -5 0
74 84 -30 0
-8 -14 -20 0
20 41 -32 0
-49 19 46 0
28 6 -17 0
84 6 50 0
81 46 -62 0
-18 -71 1 0
17 -90 34 0
63 65 78 0
16 -76 52 0
-1 -80 -79 0
24 3 8 0
25 -23 -65 0
82 -44 45 0
52 -29 61 0
-53 27 32 0
-5 -79 -92 0
-19 -65 -54 0
-39 34 -22 0
32 -85 -70 0
-33 -83 -16 0
28 8 35 0
19 92 -59 0
18 -13 3 0
83 47 92 0
-1 19 77 0
-21 23 74 0
-7 -4 19 0
-12 18 -65 0
1 -39 -23 0
70 2 -8 0
7 -19 -53 0
43 -2 81 0
48 -90 -69 0
6 7 -66 0
-32 43 2 0
-64 -57 -9 0
92 14 -27 0
75 8 5 0
-74 36 80 0
90 5 -12 0
83 14 -42 0
-70 75 -19 0
76 -51 83 0
-11 45 10 0
-22 -46 -80 0
-50 28 -59 0
-35 -69 -15 0
-91 -75 -84 0
-68 64 28 0
-15 91 -1 0
-61 23 -38 0
-34 -20 8 0
-73 -24 -80 0
56 85 -36 0
-5 68 -17 0
-41 83 -34 0
-56 -72 -2 0
-10 -5 -11 0
82 17 86 0
37 87 53 0
-85 82 42 0
77 35 -54 0
-75 -44 72 0
-7 78 -3 0
51 -26 17 0
79 82 -4 0
31 -73 -49 0
78 61 69 0
76 -47 25 0
49 -89 -87 0
4 92 -6 0
72 3 80 0
-35 -44 -85 0
-10 29 -33 0
89 32 -74 0
29 -8 34 0
-75 52 44 0
-44 24 -3 0
-50 43 -48 0
-23 -83 -40 0
8 44 -39 0
41 -27 13 0
-43 -23 -48 0
-55 -71 21 0
5 8 45 0
-53 42 -46 0
55 44 -11 0
45 -34 32 0
56 -37 -53 0
-43 28 53 0
-53 -42 -28 0
-74 68 -35 0
63 62 -92 0
89 -1 87 0
-10 -89 8 0
20 -43 -83 0
-18 -84 39 0
-66 -81 -73 0
-4 -92 20 0
-5 11 -34 0
-7 -35 33 0
-61 86 72 0
-36 -33 8 0
44 66 -82 0
39 84 41 0
-64 86 -52 0
-68 31 -34 0
-71 -11 -8 0
-21 91 14 0
-85 74 -44 0
47 -81 76 0
-6 39 -76 0
64 84 91 0
-92 88 45 0
-43 -25 32 0
-33 -90 5 0
-84 -4 -61 0
-3 54 -77 0
6 -48 60 0
-87 -1 -66 0
-21 -50 -36 0
62 -31 -90 0
37 24 -25 0
-80 -38 83 0
68 -30 89 0
-9 -5 1 0
80 -81 -75 0
45 -76 85 0
27 51 -21 0
9 44 25 0
70 42 -23 0
-39 19 -81 0
-32 46 -20 0
71 9 -26 0
74 50 -25 0
34 -21 22 0
19 44 12 0
30 -46 -60 0
-83 20 -12 0
88 -35 -6 0
-19 64 16 0
33 -35 -43 0
32 15 51 0
86 64 60 0
-61 -8 63 0
49 -12 -71 0
86 71 -34 0
8 66 -28 0
45 -32 91 0
79 -72 28 0
41 -44 -54 0
3 30 -11 0
-51 84 -66 0
-51 47 -58 0
13 -77 -73 0
-65 -87 -4 0
81 -31 -92 0
-13 84 -55 0
-51 -78 87 0
-35 -66 74 0
-85 69 -29 0
67 62 -51 0
-89 38 -91 0
15 -9 -44 0
61 42 -84 0
-46 82 -56 0
-35 68 24 0
-39 10 60 0
70 -52 -92 0
-70 19 -41 0
21 -32 79 0
-82 -60 73 0
40 -38 79 0
86 -54 87 0
-53 -35 -54 0
80 49 88 0
-57 54 60 0
-87 -5 13 0
-1 33 44 0
86 -73 22 0
40 90 9 0
-90 54 51 0
-51 83 -46 0
-48 80 -79 0
-8 35 65 0
-36 57 -11 0
89 -26 -13 0
-76 -82 17 0
-25 -55 71 0
69 11 -32 0
-51 -27 40 0
15 64 37 0
51 5 70 0
-25 -22 -71 0
-11 -66 68 0
59 -54 -17 0
39 26 -27 0
55 78 -66 0
6 86 8 0
-79 74 59 0
-19 -7 12 0
56 22 -66 0
-45 -14 -11 0
14 42 -7 0
12 63 27 0
-89 31 -71 0
26 40 10 0
-17 92 -40 0
89 60 21 0
-18 72 -10 0
-54 -79 -88 0
48 80 36 0
30 -18 57 0
-24 -67 -33 0
59 51 -29 0
-43 67 -79 0
20 -15 -26 0
-27 -37 29 0
-86 -67 53 0
52 -81 -87 0
30 41 12 0
10 57 90 0
-48 -10 -62 0
21 -86 15 0
-45 -62 39 0
-79 -14 -38 0
-75 71 56 0
27 -57 69 0
80 74 63 0
-31 -55 -28 0
77 65 16 0
83 22 65 0
80 -83 79 0
-6 87 29 0
34 89 -78 0
2 81 -37 0
45 -80 -28 0
88 48 70 0
69 -38 -46 0
18 -22 68 0
76 10 -57 0
-77 51 -54 0
-76 -24 -22 0
66 84 38 0
9 -43 8 0
-18 69 -84 0
-71 74 63 0
86 -38 7 0
91 18 76 0
-78 72 -59 0
30 88 62 0
-62 84 75 0
88 -87 64 0
-75 -63 65 0
13 38 16 0
-41 72 26 0
-65 9 11 0
13 67 -37 0
-77 -38 64 0
61 -48 40 0
40 -31 -74 0
-29 13 45 0
82 44 18 0
92 64 -7 0
49 21 -72 0
28 -83 -31 0
-41 -49 -20 0
10 82 -66 0
-92 -45 -2 0
64 8 63 0
16 -74 -53 0
-22 84 90 0
-24 64 -16 0
65 3 50 0
47 -10 77 0
45 -90 75 0
84 -27 -39 0
-78 -88 62 0
-83 -54 -35 0
22 15 -87 0
44 51 61 0
-76 60 -29 0
-33 69 -29 0
-27 -65 77 0
-79 -8 -85 0
-85 -66 -51 0
48 -25 -76 0
-60 45 2 0
-22 -76 -84 0
56 -30 85 0
56 78 -14 0
51 61 -73 0
89 82 -5 0
-71 63 20 0
-37 -1 -14 0
-44 3 52 0
-82 87 -81 0
82 39 -92 0
52 -77 -18 0
-65 31 -91 0
-26 -18 -87 0
-86 -30 89 0
54 -18 32 0
27 90 -85 0
43 -87 -37 0
-13 -35 83 0
46 -87 -13 0
-51 78 84 0
20 -67 -78 0
68 89 61 0
73 13 51 0
-53 30 89 0
31 -62 -17 0
83 31 -82 0
54 89 23 0
-48 -92 77 0
50 -41 54 0
60 -79 91 0
59 -20 -8 0
-44 -19 -90 0
31 30 85 0
-55 25 9 0
89 26 85 0
88 54 53 0
84 45 -83 0
-11 87 26 0
-54 7 -66 0
22 64 68 0
-76 -48 32 0
77 20 -57 0
46 -53 66 0
1 19 67 0
45 17 -11 0
-47 18 -54 0
5 -59 86 0
-67 -77 13 0
-8 18 -33 0
17 -9 24 0
42 -1 37 0
34 -24 -91 0
78 -86 20 0
80 49 84 0
18 32 61 0
-91 -45 -77 0
47 74 -37 0
13 -1 -6 0
55 -17 -31 0
-81 -59 -75 0
7 -62 35 0
-86 -42 3 0
-60 82 84 0
64 61 51 0
-10 56 -36 0
-13 16 -55 0
-75 -20 -64 0
10 40 13 0
66 -18 -45 0
-27 52 -5 0
-23 -78 -12 0
28 13 -11 0
-52 39 21 0
70 -13 19 0
-38 76 66 0
-62 18 81 0
-74 -66 -49 0
88 31 -5 0
-63 58 -66 0
78 -46 -91 0
-53 28 86 0
92 -80 7 0
-19 -87 41 0
-79 4 8 0
7 33 -29 0
50 48 -34 0
-23 -11 -91 0
-75 -14 -84 0
-5 54 39 0
81 -87 -80 0
43 13 19 0
-32 69 54 0
90 -39 -15 0
6 -37 -34 0
-89 -28 -25 0
-57 83 -55 0
15 -79 -60 0
79 52 1 0
