p 77 328
-24 23 -22 0
-6 30 -70 0
-12 -22 35 0
6 65 -61 0
-6 46 -58 0
29 16 71 0
38 -24 -14 0
19 -9 -62 0
44 -70 36 0
-25 46 -19 0
-9 -60 10 0
35 51 50 0
50 -51 38 0
-34 -71 -37 0
-20 64 26 0
42 44 -16 0
-45 30 18 0
-40 38 -33 0
6 57 -21 0
-8 -44 -13 0
-35 63 -18 0
-18 -17 11 0
59 52 -28 0
11 26 -4 0
22 -62 70 0
44 67 -20 0
22 -41 -60 0
1 50 -73 0
27 36 -14 0
32 -33 61 0
-64 -42 -46 0
-30 1 71 0
-39 -68 15 0
47 25 -20 0
-7 13 -26 0
-48 10 -60 0
-62 -12 3 0
24 66 35 0
32 48 -65 0
-7 -62 -22 0
26 38 67 0
-7 31 -53 0
30 52 29 0
-30 -76 -16 0
69 -22 -11 0
-54 16 -17 0
45 -23 -44 0
41 28 37 0
-67 -28 72 0
47 -58 60 0
10 -13 -40 0
-69 71 34 0
-69 54 -8 0
-50 -45 -49 0
-53 -11 45 0
-40 11 -3 0
-1 -11 22 0
-20 -13 -70 0
-55 28 -33 0
-31 -9 73 0
7 -14 -15 0
17 55 -52 0
-34 -21 6 0
-3 -52 -19 0
-61 -77 -58 0
48 70 -7 0
40 -49 -23 0
20 -74 30 0
5 -71 42 0
45 38 -62 0
43 40 31 0
-73 75 -22 0
50 3 -75 0
-54 71 72 0
-55 -47 -67 0
32 61 62 0
-20 -37 -43 0
67 -54 -64 0
-2 -47 64 0
26 -52 62 0
-4 -51 55 0
43 -16 33 0
-47 68 72 0
21 -57 61 0
-53 -51 -36 0
-2 -40 -18 0
-60 11 -24 0
-21 -11 68 0
-47 -73 -14 0
-58 30 -26 0
-54 -11 52 0
-56 57 -30 0
67 -9 -2 0
45 29 41 0
53 -46 77 0
-47 53 69 0
67 -59 -76 0
-36 56 67 0
-65 -39 58 0
68 -61 -2 0
73 55 74 0
42 75 25 0
74 -18 -31 0
-53 66 35 0
32 -2 -54 0
-27 -76 -26 0
-71 -20 18 0
68 43 -51 0
76 -2 -48 0
-16 -37 -29 0
15 -43 34 0
13 -11 57 0
19 -10 -15 0
-26 21 -22 0
26 -23 11 0
-69 -56 22 0
37 -49 -7 0
25 15 41 0
-64 10 -57 0
27 -15 7 0
-3 73 59 0
-45 61 11 0
34 59 -69 0
-51 -43 -52 0
-6 5 -14 0
58 62 28 0
53 39 26 0
-36 -43 -32 0
-53 33 -7 0
73 32 -5 0
-75 31 -20 0
62 49 20 0
71 -72 27 0
-25 33 39 0
60 40 69 0
-25 1 -43 0
44 3 -49 0
-72 -66 -73 0
3 51 -5 0
49 14 24 0
-8 -40 64 0
34 -23 -27 0
29 -58 31 0
-21 45 -69 0
-65 -33 -71 0
33 51 -18 0
17 60 -13 0
-13 -39 6 0
30 2 -43 0
-69 -26 37 0
74 -54 -69 0
-47 50 48 0
-40 46 59 0
47 -65 -74 0
1 -8 33 0
-60 -30 68 0
-59 -6 47 0
-15 -2 13 0
55 -66 70 0
40 13 -55 0
12 9 51 0
-20 -57 -38 0
69 -11 -5 0
76 69 -39 0
11 58 6 0
17 13 55 0
49 -12 -35 0
-21 37 40 0
-9 29 34 0
-38 -60 -59 0
-6 73 66 0
-5 38 -66 0
3 59 -57 0
15 -69 -65 0
5 37 -28 0
74 -17 -41 0
42 63 -72 0
21 -61 -53 0
56 14 26 0
-68 -56 41 0
-58 -9 -10 0
-17 18 11 0
29 -49 53 0
65 55 -11 0
-3 2 33 0
5 -6 -65 0
25 -40 -33 0
60 1 -18 0
62 50 14 0
-25 76 -44 0
-11 60 -4 0
57 38 19 0
31 35 -64 0
-12 -32 -67 0
-71 34 -32 0
34 -18 -28 0
49 -55 -37 0
-72 -55 26 0
5 -8 -37 0
7 -37 -45 0
76 52 36 0
-6 -41 -5 0
-4 -22 74 0
65 7 44 0
-69 -76 59 0
-7 56 -17 0
71 41 -12 0
-19 58 -30 0
65 42 14 0
-54 1 42 0
-76 58 34 0
33 -75 16 0
-22 -61 71 0
-45 42 49 0
34 -19 -44 0
-12 -68 -33 0
-33 41 14 0
-61 65 23 0
-2 60 -55 0
20 59 -1 0
64 -66 -21 0
-46 -66 -59 0
-23 39 74 0
-64 -59 -19 0
58 43 56 0
66 76 -46 0
73 34 -45 0
-14 -71 46 0
-25 32 -29 0
32 -18 76 0
-42 -47 -7 0
65 39 54 0
-63 41 60 0
-40 16 31 0
-9 -18 67 0
-64 -14 -20 0
-14 -75 -77 0
34 73 3 0
-29 -47 -58 0
-66 -60 68 0
-35 64 4 0
62 -63 -56 0
6 32 -20 0
52 13 -46 0
-37 43 -54 0
-14 -4 -20 0
76 63 -10 0
8 -59 3 0
65 14 45 0
5 -32 -58 0
63 -56 15 0
-20 -49 -69 0
51 46 18 0
-62 13 65 0
69 -23 43 0
48 -44 70 0
29 10 -60 0
57 -41 40 0
-29 -5 -10 0
32 -18 13 0
9 -75 -65 0
-10 44 -26 0
-14 19 33 0
-56 -28 -77 0
20 31 26 0
-6 -49 -8 0
-22 -24 61 0
-8 -19 12 0
32 -24 15 0
-52 76 49 0
70 -66 25 0
-64 -44 76 0
-10 -32 61 0
-2 36 65 0
-46 -40 53 0
74 68 45 0
24 -74 5 0
43 -15 -33 0
21 -37 44 0
49 -12 11 0
-59 -48 -29 0
55 -56 59 0
-47 -27 -15 0
31 69 -17 0
51 59 -27 0
-33 58 48 0
-50 -65 -27 0
-5 22 -21 0
-69 70 -3 0
22 -20 -54 0
33 76 15 0
14 -72 -54 0
76 -69 -15 0
-55 73 53 0
28 -48 -72 0
-47 20 72 0
45 -10 -76 0
23 -13 17 0
-70 76 -7 0
-47 28 -33 0
-66 44 1 0
51 -22 12 0
-55 19 -63 0
77 5 19 0
59 11 -22 0
-38 -36 3 0
68 7 59 0
74 75 -77 0
-51 -67 -33 0
13 -67 -58 0
-39 -55 -29 0
73 -20 42 0
-49 -69 -25 0
24 45 20 0
-35 25 -19 0
-76 58 -60 0
25 -13 -18 0
63 51 16 0
35 -11 41 0
-62 42 21 0
-29 60 27 0
61 48 64 0
39 10 -31 0
-9 -67 63 0
71 -38 -73 0
-7 -33 76 0
-37 56 69 0
26 71 -46 0
