p 90 383
-69 -49 86 0
-29 10 -86 0
-15 -14 43 0
-82 -68 32 0
-71 -18 39 0
-4 -89 67 0
19 17 47 0
24 74 -66 0
-53 9 -61 0
-8 -43 -30 0
-35 -37 -59 0
65 4 80 0
-82 -60 85 0
74 49 -87 0
37 28 26 0
88 80 -63 0
-30 5 89 0
1 24 15 0
70 3 1 0
57 28 13 0
59 24 -48 0
-49 68 -26 0
-57 82 -23 0
88 76 -78 0
-75 -72 -5 0
52 75 81 0
-45 -87 -81 0
-74 85 81 0
-1 44 -55 0
14 83 -23 0
-24 45 -16 0
-71 -57 23 0
-65 -33 -24 0
8 7 -62 0
69 -90 52 0
30 -8 -70 0
36 28 63 0
74 -43 -72 0
66 89 -25 0
-59 48 65 0
-63 -48 -81 0
-70 -22 -36 0
84 -74 -10 0
-88 33 67 0
9 -62 -86 0
11 31 12 0
-14 30 10 0
-69 63 42 0
-39 70 51 0
20 43 39 0
-72 68 89 0
43 -87 -88 0
18 74 48 0
28 -40 -46 0
89 33 -3 0
79 -63 74 0
8 -11 -79 0
-22 67 -23 0
44 85 -32 0
-74 -6 66 0
41 -76 -70 0
-10 56 48 0
47 -70 1 0
-27 -73 -38 0
75 18 -32 0
-33 2 -36 0
-46 -68 -71 0
28 73 82 0
44 84 85 0
43 67 28 0
-72 60 -82 0
40 -15 61 0
-62 -1 -9 0
81 34 69 0
-49 2 43 0
72 -8 36 0
16 -84 -20 0
-9 -80 20 0
-90 -8 -79 0
41 -63 -82 0
-13 57 -3 0
-14 -20 -25 0
87 53 -28 0
-43 62 78 0
35 21 -8 0
-67 -59 -85 0
-4 -25 70 0
-35 -80 18 0
-18 71 40 0
68 77 86 0
-41 -53 9 0
-8 32 -73 0
8 -21 19 0
89 84 -33 0
-11 -62 55 0
-45 -22 -51 0
-10 33 62 0
9 8 63 0
55 -63 -50 0
-4 -41 62 0
69 -59 83 0
-73 -8 35 0
3 -52 -28 0
87 -73 -34 0
-6 -16 39 0
-4 -73 17 0
41 46 -28 0
22 -39 -61 0
46 35 -70 0
83 -21 -42 0
73 -76 42 0
-30 34 -8 0
20 16 -4 0
-52 45 38 0
63 -25 -57 0
44 13 54 0
-6 34 -44 0
67 -33 84 0
-87 72 61 0
19 -62 87 0
-73 50 8 0
-10 8 1 0
37 60 72 0
-18 7 -23 0
6 -51 36 0
-79 -74 -34 0
-59 56 49 0
-17 48 -63 0
85 -39 -7 0
-19 15 -62 0
35 15 -28 0
-11 -12 -50 0
-8 -48 33 0
-69 -66 17 0
-17 -66 90 0
-76 -62 -46 0
78 -52 35 0
28 -36 61 0
83 -37 86 0
70 80 54 0
73 65 -60 0
12 54 -84 0
24 27 62 0
-73 88 46 0
75 38 -1 0
-70 -46 -27 0
60 30 -23 0
-11 73 -16 0
43 -34 -25 0
-42 26 -46 0
-74 -12 -33 0
-83 86 14 0
51 33 -70 0
3 -32 16 0
85 -11 75 0
66 78 39 0
39 11 -25 0
-50 29 -25 0
28 63 29 0
8 59 50 0
44 67 27 0
64 44 12 0
-47 38 87 0
-36 -85 22 0
39 85 2 0
4 -32 -13 0
-36 -23 -5 0
-25 -10 -85 0
3 89 67 0
28 -18 84 0
-39 -16 -22 0
71 -40 33 0
39 37 65 0
-79 -69 26 0
90 -77 1 0
-77 12 -47 0
31 -56 -41 0
6 78 89 0
87 -10 -40 0
-87 27 73 0
61 7 37 0
-13 -83 -80 0
-89 -90 81 0
65 -7 18 0
-41 -51 48 0
-70 -17 -85 0
-46 -10 -60 0
-46 -77 -40 0
87 16 42 0
-29 -27 71 0
61 -26 -14 0
-13 87 -70 0
55 -22 -16 0
-4 -7 44 0
-52 -62 69 0
-71 30 -12 0
16 -20 -48 0
46 -24 -69 0
-48 -27 35 0
39 -38 35 0
67 2 -66 0
86 87 90 0
51 -63 29 0
75 -39 -17 0
56 -10 -66 0
-67 30 5 0
61 43 -76 0
34 44 -74 0
-24 6 -44 0
7 18 -4 0
19 -53 -73 0
51 -83 46 0
19 -40 83 0
63 17 -38 0
76 -59 -65 0
27 71 -72 0
30 55 -73 0
74 -33 -32 0
-79 73 55 0
-14 8 -28 0
-52 50 -59 0
44 -27 29 0
-61 -30 -76 0
86 -5 -16 0
75 81 35 0
-11 -90 -66 0
38 60 5 0
78 2 82 0
-57 -1 -7 0
-40 27 46 0
72 77 -41 0
-10 15 -68 0
21 7 -31 0
-48 36 5 0
73 90 79 0
-1 67 8 0
-68 -61 50 0
-57 12 64 0
-80 27 24 0
57 -84 -66 0
-13 17 14 0
-10 -23 -60 0
-52 -64 25 0
13 -87 -65 0
-30 73 -9 0
34 -51 86 0
-75 7 -20 0
56 9 -29 0
-21 -52 -79 0
-29 71 47 0
46 10 44 0
11 -14 34 0
-65 -20 -46 0
49 29 -89 0
26 -41 -28 0
8 -34 -33 0
-82 14 -75 0
-77 30 -5 0
51 -71 -1 0
17 42 -61 0
-65 82 89 0
-30 49 -21 0
2 23 29 0
-15 53 -50 0
16 78 -59 0
13 -10 28 0
-16 74 72 0
-57 22 90 0
-24 27 33 0
90 -23 21 0
-22 -5 6 0
-14 10 15 0
-58 -68 -61 0
-76 -1 -4 0
30 42 44 0
41 -73 -13 0
-73 25 32 0
18 -69 54 0
20 -86 -1 0
80 -11 -17 0
74 -27 6 0
-9 -38 89 0
-15 72 87 0
9 -2 46 0
22 -25 65 0
-62 5 -8 0
65 90 10 0
17 -31 35 0
23 -80 38 0
26 -57 46 0
-77 -4 -51 0
20 56 36 0
25 -55 -38 0
-31 4 12 0
82 80 -33 0
-61 -86 -72 0
-80 79 -57 0
-37 71 -66 0
57 80 -56 0
55 87 28 0
79 -31 78 0
-19 80 -49 0
19 -56 87 0
-29 78 21 0
82 67 71 0
-10 -16 49 0
-33 87 -8 0
-55 -71 65 0
-20 27 26 0
50 -12 -68 0
82 25 41 0
-69 14 -54 0
29 -71 -36 0
-13 2 80 0
56 -17 50 0
33 26 84 0
-53 -80 -33 0
77 31 -36 0
-84 -59 -61 0
24 -13 -46 0
-38 -83 73 0
9 -53 -59 0
-3 -41 -36 0
53 18 17 0
-63 64 12 0
-58 -29 -60 0
-30 76 8 0
-15 -52 67 0
-37 -66 7 0
-45 -50 6 0
75 -85 -62 0
-79 1 -24 0
-67 -44 -2 0
77 -46 -79 0
-84 -42 -62 0
23 59 -57 0
88 -4 63 0
-39 -65 56 0
-37 -46 24 0
-67 -27 -43 0
-3 45 74 0
46 24 74 0
87 43 -10 0
33 90 4 0
85 80 -21 0
-39 -84 -32 0
1 57 44 0
-5 73 61 0
-22 -52 -73 0
18 -86 7 0
15 -84 -89 0
-9 -76 -39 0
63 -10 23 0
-83 66 -7 0
48 30 33 0
-27 -2 -66 0
7 -65 -78 0
-29 59 30 0
75 11 -68 0
-86 -20 43 0
-62 -75 5 0
-23 -9 -56 0
73 -1 -23 0
85 14 -40 0
-64 -60 45 0
-52 20 -18 0
-43 50 54 0
66 69 7 0
-3 21 46 0
-64 -62 81 0
19 5 46 0
79 59 -74 0
3 71 64 0
-46 -63 -86 0
49 5 46 0
-55 40 64 0
74 84 35 0
-64 63 25 0
53 -42 57 0
26 41 28 0
-39 57 -29 0
66 48 77 0
38 -74 -64 0
