p 64 272
-38 -19 30 0
-44 61 -1 0
-4 -18 -7 0
-25 12 -15 0
61 -21 28 0
-53 -35 3 0
13 41 -60 0
16 57 -35 0
-12 -37 -3 0
48 -32 -26 0
2 35 21 0
22 -30 28 0
-37 47 -44 0
-29 30 12 0
36 -8 41 0
58 -45 -33 0
9 3 -52 0
-61 -58 -37 0
-10 -39 26 0
44 -29 -14 0
-37 51 -36 0
-12 -24 -27 0
7 22 25 0
7 -55 2 0
39 -50 -41 0
46 -57 23 0
-7 -1 -28 0
34 54 -49 0
-51 41 -13 0
-31 -10 4 0
55 -11 -50 0
-36 -42 3 0
-29 -36 -16 0
25 -31 -48 0
57 39 19 0
22 -6 -9 0
41 -46 55 0
-17 -15 14 0
28 62 -55 0
-15 -9 18 0
-35 44 51 0
54 -10 -27 0
56 54 -48 0
-6 20 -61 0
-59 -10 -22 0
-54 38 -16 0
62 57 33 0
64 -59 -52 0
57 21 19 0
-27 44 -45 0
-51 -48 -41 0
-16 -30 18 0
-35 -6 17 0
-39 -2 48 0
-44 -28 -36 0
-13 6 -29 0
8 7 -49 0
3 -12 29 0
30 -6 17 0
33 2 -42 0
33 -59 64 0
56 16 -38 0
27 31 61 0
-58 -55 -47 0
10 -42 22 0
-30 -34 14 0
32 -48 38 0
-29 -8 -25 0
-31 -5 37 0
60 5 48 0
-54 -21 46 0
-26 -47 40 0
60 17 42 0
-61 -49 4 0
-51 -25 -57 0
-15 -34 -27 0
53 -28 32 0
18 63 -17 0
-56 36 -28 0
-5 -22 -45 0
-1 18 35 0
-35 12 -50 0
64 23 1 0
-35 -6 62 0
49 53 -43 0
-35 -7 -43 0
9 10 41 0
43 -49 5 0
35 41 -57 0
38 -47 57 0
-19 -51 3 0
-20 -16 28 0
21 -48 -2 0
-1 -7 -63 0
-6 -15 -16 0
-27 55 -34 0
-61 -22 -27 0
-64 30 -60 0
3 19 55 0
6 -46 36 0
-7 -63 -51 0
48 17 10 0
-28 -14 -62 0
26 -15 -27 0
-49 -29 -58 0
-21 18 -58 0
24 -15 -6 0
-44 -31 41 0
40 -52 -59 0
-8 41 26 0
49 8 -13 0
-22 -21 -1 0
-52 26 -45 0
-31 -61 55 0
-16 -61 -37 0
-52 23 36 0
4 -47 58 0
28 -52 48 0
-9 55 -52 0
-13 31 48 0
-29 -2 -8 0
27 -29 46 0
59 -28 -52 0
-45 -50 13 0
43 -54 -62 0
14 -20 -53 0
49 -16 -28 0
-18 32 59 0
56 -49 -46 0
-29 9 62 0
-21 -60 -51 0
52 24 -50 0
19 31 45 0
-22 1 -29 0
-16 -23 37 0
44 18 -36 0
20 -40 -15 0
-41 11 62 0
-34 -16 54 0
-63 30 10 0
-43 7 -28 0
-16 -62 -54 0
-57 55 21 0
45 13 26 0
-15 31 -61 0
28 -3 -5 0
-33 -3 8 0
-60 36 62 0
-22 -9 -64 0
29 -16 62 0
8 24 14 0
49 10 -28 0
-24 7 32 0
-54 3 -64 0
-9 63 -42 0
38 -6 3 0
38 41 43 0
-41 36 29 0
9 33 37 0
23 42 30 0
35 -20 58 0
-36 -21 3 0
-32 33 -39 0
58 -52 -16 0
54 -33 38 0
48 63 -8 0
9 -32 -26 0
37 -62 21 0
-38 -3 -56 0
12 -17 -16 0
-58 14 21 0
52 -21 45 0
49 33 -31 0
-35 1 -36 0
44 -19 22 0
-34 21 49 0
-28 -5 -34 0
17 27 6 0
52 -17 24 0
21 55 -22 0
30 40 -44 0
39 7 -38 0
-1 37 -23 0
4 52 -42 0
55 -48 -26 0
35 -52 -48 0
39 53 -20 0
9 26 39 0
-17 -28 50 0
-45 59 -60 0
20 -9 -32 0
-17 36 -6 0
-53 -24 36 0
-39 7 -31 0
-11 45 -61 0
52 -61 2 0
33 -50 -60 0
2 48 -30 0
-7 62 32 0
-9 -34 -47 0
5 -37 -29 0
63 -57 23 0
-26 63 -31 0
-23 27 -38 0
-11 -54 -7 0
-24 -32 55 0
58 -38 -30 0
54 -42 49 0
-20 -24 -63 0
-6 -59 -8 0
-46 -50 -48 0
16 -56 -11 0
36 -27 18 0
-6 54 -51 0
-41 49 18 0
21 31 29 0
33 60 -58 0
13 37 32 0
-43 2 -35 0
28 -55 -36 0
37 -64 59 0
2 -7 50 0
-22 -29 -26 0
27 17 -25 0
-34 -16 -3 0
8 -38 -53 0
-40 38 51 0
10 -24 42 0
19 35 -33 0
60 20 -47 0
11 -46 -30 0
5 -63 -56 0
-33 18 56 0
59 -30 -55 0
-31 -41 56 0
-17 10 47 0
62 -28 35 0
22 -49 30 0
-25 -58 50 0
46 -21 -29 0
19 -18 -59 0
-2 -23 -8 0
-33 -57 -12 0
16 -35 37 0
19 53 -30 0
41 -7 57 0
32 52 -28 0
50 12 61 0
-31 48 9 0
52 58 -42 0
-2 19 -7 0
-47 5 13 0
-60 7 -63 0
3 -63 54 0
-20 9 22 0
-48 -41 45 0
59 -27 -48 0
6 61 -64 0
50 17 9 0
-18 25 -35 0
25 39 -59 0
34 40 27 0
-23 16 41 0
-40 62 -33 0
-62 -13 -10 0
33 -36 -11 0
27 -36 -16 0
27 21 48 0
-23 -43 -36 0
28 -51 63 0
16 -7 26 0
-5 -61 4 0
