p 20 85
9 17 5 0
3 -10 -15 0
-19 9 14 0
-9 -13 15 0
14 7 5 0
-16 8 -18 0
-16 10 20 0
-9 -5 12 0
-9 -3 -20 0
-7 -3 5 0
14 -9 -1 0
-12 -8 -7 0
14 8 2 0
-3 5 17 0
11 14 -8 0
3 6 -7 0
-18 9 -2 0
3 5 -15 0
-3 -9 -14 0
-12 -17 -11 0
-12 -17 9 0
6 20 19 0
-11 -8 12 0
-2 15 7 0
12 -2 19 0
6 19 -9 0
7 3 -19 0
-8 3 2 0
-12 -9 -10 0
-5 -11 7 0
7 4 -18 0
-14 4 3 0
3 -20 11 0
-16 20 -12 0
6 18 13 0
2 -13 -6 0
20 13 3 0
-16 -10 1 0
-3 -15 16 0
-17 -1 6 0
-19 -16 -4 0
20 -10 -6 0
-19 -14 -11 0
18 6 11 0
4 9 3 0
-2 1 -7 0
13 11 -2 0
5 8 -2 0
-13 17 18 0
-6 17 15 0
17 -16 8 0
-14 13 8 0
9 -15 17 0
18 -12 17 0
9 -2 15 0
7 4 18 0
-20 -2 -18 0
11 3 8 0
-14 2 10 0
-19 -20 14 0
-16 14 -4 0
5 11 14 0
2 -9 11 0
13 6 14 0
4 -13 15 0
10 -9 -19 0
16 -11 -15 0
-5 -10 -7 0
3 4 1 0
18 -17 -7 0
16 7 -2 0
12 20 11 0
-6 5 8 0
8 -14 -5 0
3 18 7 0
-16 -1 11 0
-17 7 -14 0
7 12 -13 0
-18 9 17 0
-8 -15 14 0
6 -11 -14 0
-6 -17 9 0
-4 19 -14 0
-10 9 -6 0
7 -4 14 0
