p 81 345
62 -32 -36 0
61 11 -80 0
-3 53 5 0
81 -62 16 0
68 8 -64 0
52 51 70 0
-70 -21 -69 0
33 -69 17 0
-81 1 -72 0
-1 -63 -42 0
-68 16 79 0
-46 8 -10 0
-43 16 28 0
18 -48 6 0
79 50 -24 0
67 -59 63 0
81 76 -52 0
81 -80 53 0
46 57 -17 0
50 -60 -46 0
-61 66 -69 0
11 -15 -42 0
-12 -75 65 0
29 -37 -45 0
-79 23 -29 0
-1 29 -38 0
70 -37 41 0
18 -74 68 0
-55 63 -30 0
34 30 -6 0
9 -77 44 0
-63 65 22 0
-42 70 -18 0
-66 63 -5 0
-38 70 -2 0
-11 -53 24 0
41 22 81 0
-41 15 -29 0
63 -54 61 0
79 -64 -42 0
52 -33 -12 0
-66 -70 -81 0
-18 4 -49 0
67 33 -44 0
65 18 -60 0
-9 -13 36 0
40 -68 21 0
-67 29 -20 0
-47 -35 -41 0
-4 -25 -28 0
-77 -27 -5 0
47 21 -13 0
-58 -51 69 0
15 68 45 0
-58 -74 76 0
-81 -21 -22 0
-26 60 -51 0
36 -30 32 0
46 -9 -66 0
-63 30 2 0
-47 10 -9 0
-72 -68 -62 0
31 -47 -7 0
-9 24 26 0
-65 60 17 0
-42 -37 2 0
-22 16 21 0
75 -55 25 0
47 -14 -29 0
18 -10 47 0
70 -27 58 0
36 -78 -45 0
81 -56 58 0
-21 -80 -70 0
61 45 55 0
75 -10 -19 0
-77 74 -37 0
-81 55 -13 0
71 76 -9 0
57 -19 -81 0
-68 36 -65 0
23 -27 46 0
-70 31 56 0
-8 -71 65 0
-56 72 -44 0
45 -70 42 0
63 -45 52 0
40 -61 68 0
-24 -64 -35 0
-10 -16 -80 0
67 23 3 0
76 -48 -58 0
60 -80 40 0
54 -1 75 0
-12 -42 69 0
36 74 68 0
55 4 -20 0
-78 -33 -25 0
-76 40 -24 0
69 -9 51 0
66 57 75 0
38 -23 -8 0
-59 -6 -1 0
5 -62 -39 0
12 6 -64 0
-21 -38 69 0
-41 -12 74 0
43 -55 -58 0
75 61 -31 0
-34 58 71 0
-66 -22 -38 0
-77 31 -13 0
-79 70 -76 0
-21 -10 49 0
-30 38 11 0
11 80 -64 0
-20 69 79 0
-16 41 -80 0
-63 70 6 0
24 47 3 0
71 38 -25 0
-50 -48 -77 0
69 -4 49 0
-11 -67 59 0
-46 -27 53 0
14 -53 66 0
-44 38 -1 0
-3 -68 -26 0
67 -4 -69 0
-67 -28 50 0
64 -17 -4 0
-51 -1 -62 0
-59 -49 10 0
8 -51 66 0
77 8 52 0
-20 -70 19 0
18 65 53 0
6 -76 27 0
-46 -14 67 0
41 19 23 0
-4 61 32 0
-41 -20 -67 0
-5 80 -61 0
-14 71 -12 0
-65 -59 -19 0
8 -81 63 0
-13 34 -58 0
60 81 -16 0
23 -63 -79 0
43 38 19 0
48 -39 -52 0
1 30 -12 0
-24 26 14 0
-61 31 2 0
-32 79 -23 0
-75 -6 -71 0
38 39 27 0
47 -58 54 0
-62 3 -32 0
47 -70 48 0
-60 -15 -10 0
-27 -67 -37 0
21 1 20 0
50 -28 -66 0
-13 54 67 0
2 74 -31 0
13 60 -61 0
20 61 -63 0
56 -73 -15 0
-51 -26 8 0
69 -70 -46 0
-11 1 28 0
-3 10 -73 0
-39 22 -40 0
68 2 62 0
24 74 -28 0
-4 66 19 0
81 -35 5 0
-32 27 56 0
43 -32 -38 0
-51 -39 -55 0
-6 -14 59 0
27 -70 74 0
38 46 19 0
-34 -31 -22 0
55 72 47 0
70 75 -8 0
70 -1 -31 0
70 -43 -30 0
-17 80 26 0
-81 -39 15 0
-31 -13 -41 0
76 34 -64 0
-50 39 -13 0
-74 49 77 0
-43 78 79 0
-12 81 48 0
1 -9 -79 0
37 21 80 0
-5 -68 -4 0
-74 -30 -52 0
6 -8 70 0
52 70 -38 0
75 26 49 0
-25 79 35 0
75 28 -72 0
13 60 31 0
-55 81 44 0
-64 -44 29 0
-12 28 11 0
-56 80 35 0
57 27 -17 0
62 37 3 0
64 41 -40 0
-30 -7 -1 0
40 -23 -58 0
79 -50 -15 0
60 13 12 0
77 -49 51 0
-51 43 -32 0
-22 48 -57 0
-13 71 -7 0
4 78 -14 0
-27 23 51 0
-66 72 -70 0
-39 -73 74 0
-19 62 -15 0
44 49 28 0
-23 -39 -26 0
-59 -26 18 0
-44 79 37 0
54 22 67 0
-8 -34 -16 0
33 -72 -17 0
-12 43 -52 0
-22 -9 24 0
75 -81 29 0
-9 49 35 0
46 -45 -75 0
-53 71 52 0
42 -54 -44 0
-70 -77 74 0
-35 -48 -16 0
65 69 6 0
-68 30 25 0
-4 -60 -47 0
-28 4 -69 0
-64 -36 -48 0
8 4 20 0
5 19 -22 0
54 -55 -26 0
-66 79 -73 0
-23 9 52 0
-24 -38 55 0
80 -45 41 0
7 35 -33 0
-8 81 42 0
19 53 18 0
41 -7 26 0
-68 -58 -64 0
-40 -23 41 0
34 56 -49 0
17 33 -5 0
34 -69 50 0
-74 -41 38 0
-29 -81 -24 0
56 70 78 0
-74 67 47 0
1 -43 -7 0
-81 51 43 0
-17 8 78 0
68 -49 61 0
-12 -7 -55 0
1 53 -2 0
5 49 -52 0
53 58 32 0
42 -70 -5 0
14 58 -16 0
-17 13 -29 0
49 -57 21 0
71 19 6 0
35 43 70 0
-54 -78 19 0
-65 33 -64 0
63 -26 35 0
-18 24 -80 0
43 81 -36 0
18 50 52 0
-63 -47 -11 0
-22 53 -75 0
-74 -31 56 0
-55 28 -81 0
-56 -54 -66 0
58 -7 52 0
9 -44 43 0
-57 7 23 0
27 20 67 0
-73 31 -37 0
73 -27 -6 0
-35 -32 -57 0
13 1 41 0
-56 -13 -16 0
68 13 -51 0
12 -4 -50 0
-16 12 30 0
-11 62 -34 0
61 66 47 0
-66 34 33 0
2 -50 9 0
73 35 70 0
-55 29 45 0
7 25 46 0
-8 -7 -33 0
31 -68 -67 0
-53 46 29 0
-32 4 -56 0
-41 45 73 0
57 -27 50 0
-27 53 -74 0
-35 74 -81 0
-17 -7 54 0
19 36 46 0
13 68 -58 0
-80 -17 50 0
8 -40 2 0
60 32 -67 0
-46 28 70 0
8 5 -46 0
-28 -7 -49 0
47 -75 21 0
18 33 -66 0
37 -41 -12 0
28 -46 -47 0
55 42 -65 0
44 -14 -50 0
-51 42 -67 0
76 73 5 0
40 43 -36 0
-72 17 -32 0
-68 -62 -24 0
-75 -12 19 0
3 16 21 0
-40 77 -54 0
-67 28 -27 0
41 79 43 0
