p 62 264
-23 48 27 0
-36 25 24 0
43 -13 -24 0
-21 -12 -27 0
3 -57 -51 0
52 30 -43 0
-32 45 -49 0
-51 52 8 0
-29 -14 -47 0
13 43 18 0
-45 11 33 0
-19 -46 -8 0
36 62 -43 0
7 -49 -27 0
43 32 16 0
2 -30 41 0
41 43 58 0
60 -21 54 0
-46 -37 -32 0
38 -21 40 0
-30 10 -13 0
-46 -21 -16 0
-9 -45 -11 0
27 -14 -7 0
-9 41 22 0
-55 27 49 0
-31 27 50 0
-57 -37 -45 0
-34 13 50 0
28 2 46 0
24 35 -26 0
-34 -33 -14 0
-47 -56 42 0
-37 28 -20 0
45 -13 42 0
-32 -17 41 0
-26 -57 -62 0
-33 -6 -8 0
-18 -29 9 0
-46 56 -62 0
-24 44 3 0
-56 -62 24 0
-7 -4 18 0
-17 16 11 0
-25 -56 42 0
-25 -55 -11 0
-56 -38 50 0
-9 5 56 0
-29 17 -27 0
56 61 -54 0
10 1 35 0
-36 24 -54 0
24 -53 -35 0
-3 59 36 0
-56 14 -7 0
54 -29 19 0
-2 13 24 0
20 23 -61 0
52 48 43 0
-52 -32 -40 0
-36 -20 -60 0
20 15 -14 0
6 17 -31 0
-40 2 -24 0
56 -7 -3 0
31 -14 17 0
30 32 57 0
51 2 3 0
15 39 32 0
30 33 44 0
48 26 31 0
24 60 -18 0
-29 -38 -50 0
-39 -23 -28 0
16 -51 -23 0
-36 -51 -3 0
2 21 58 0
22 -55 52 0
56 -43 -39 0
6 27 61 0
15 -6 34 0
4 -25 -51 0
-30 27 44 0
-49 46 -10 0
25 18 31 0
61 -24 -11 0
11 -13 -19 0
-30 23 -60 0
-8 41 35 0
-40 -15 -61 0
-7 -23 29 0
-44 37 -41 0
27 -7 59 0
44 60 34 0
-22 2 13 0
-6 61 22 0
51 -55 -33 0
-38 -61 14 0
-33 40 -9 0
3 -22 -11 0
-57 5 6 0
-20 29 -11 0
-15 23 41 0
-6 40 60 0
23 -49 54 0
25 46 -60 0
42 -23 6 0
-21 -42 16 0
-60 -15 36 0
28 30 -4 0
-53 43 -16 0
12 19 23 0
-3 51 45 0
3 -8 -23 0
41 -12 24 0
36 -51 39 0
-28 -30 5 0
-46 -60 55 0
41 -42 29 0
50 52 -22 0
-49 -56 -4 0
-41 -13 -4 0
44 14 19 0
-38 11 36 0
-8 -26 62 0
-35 3 60 0
-12 -4 38 0
60 -57 -22 0
5 -2 9 0
41 52 60 0
-34 -22 -52 0
55 -9 -36 0
13 12 47 0
-55 -15 30 0
-61 -42 51 0
29 -40 51 0
-1 41 33 0
62 -44 -28 0
23 2 -27 0
2 55 16 0
50 38 7 0
36 32 28 0
49 5 -19 0
60 44 -28 0
14 -3 49 0
37 54 -11 0
16 -55 29 0
49 4 37 0
45 18 24 0
54 -44 27 0
11 50 -21 0
31 29 -47 0
-37 23 4 0
2 -50 33 0
33 -52 -5 0
57 53 -29 0
-4 40 -56 0
-11 7 -41 0
46 12 61 0
-12 53 42 0
-31 -54 -43 0
16 30 9 0
-36 31 18 0
12 -16 2 0
58 -30 -34 0
-32 -50 -29 0
30 -52 -42 0
41 52 -21 0
-11 -28 -60 0
23 32 38 0
47 -60 -6 0
43 -37 8 0
-60 41 -11 0
28 -58 -59 0
60 -28 -21 0
12 -34 -29 0
20 29 -41 0
18 54 11 0
15 51 40 0
48 -38 -45 0
-61 -11 -24 0
-38 -41 6 0
47 -59 -35 0
-5 2 47 0
-43 -22 -26 0
10 -36 -54 0
-17 26 -53 0
-31 58 13 0
-40 58 -39 0
43 11 28 0
57 -41 45 0
13 -42 60 0
-1 5 -28 0
36 58 -49 0
-26 57 51 0
-17 -10 15 0
-51 -50 -59 0
-28 30 -45 0
51 43 -1 0
-20 -36 -23 0
8 54 -27 0
31 9 54 0
39 61 49 0
-15 -44 41 0
16 30 -23 0
9 21 14 0
-1 61 -52 0
-16 -44 61 0
-30 24 37 0
-2 60 -30 0
-36 27 -28 0
-21 20 -49 0
-25 -48 -30 0
53 -22 13 0
-49 -55 -54 0
33 25 17 0
-13 -25 30 0
-32 -50 -44 0
-56 60 -37 0
-35 -51 -2 0
-13 54 41 0
-25 -62 38 0
-7 -56 52 0
51 -10 43 0
-54 -18 1 0
-23 15 16 0
-14 21 -45 0
17 8 -11 0
-31 52 -45 0
-50 -22 47 0
-35 13 -30 0
-30 -21 -34 0
24 -35 -50 0
52 -22 -35 0
-16 20 -27 0
32 48 -12 0
12 -28 40 0
37 20 -17 0
-23 42 -18 0
14 -48 51 0
-29 -20 11 0
-44 20 -33 0
-37 -46 -22 0
-62 5 -18 0
-28 22 -53 0
58 40 25 0
51 -38 -49 0
-50 -22 43 0
53 21 2 0
-16 5 59 0
49 16 -47 0
37 -26 -14 0
3 -22 -13 0
27 -50 -18 0
-51 44 58 0
7 34 -39 0
46 13 -30 0
-22 17 -39 0
25 -39 -20 0
-9 3 43 0
4 -46 59 0
25 -17 -48 0
11 -32 52 0
-16 -10 -8 0
