p 29 123
6 5 21 0
-28 5 14 0
-18 27 -19 0
-7 -2 8 0
2 -15 16 0
-8 -7 29 0
26 16 -21 0
-3 23 24 0
3 6 -21 0
-19 17 -13 0
-27 -10 -20 0
-6 -9 16 0
-19 2 -22 0
11 -7 -29 0
17 21 -7 0
4 15 13 0
-17 16 24 0
-28 17 -19 0
17 -5 26 0
10 -21 5 0
28 9 -13 0
1 -17 27 0
28 2 -15 0
8 -6 -1 0
-10 -26 27 0
-2 -15 5 0
-11 -15 6 0
-7 -9 -10 0
3 12 -9 0
3 -19 11 0
-8 3 -19 0
-4 -27 -23 0
29 9 -18 0
-4 -21 15 0
20 27 22 0
16 -4 -14 0
17 5 14 0
10 -26 -6 0
-17 -9 4 0
-20 -1 -23 0
8 -26 -7 0
-17 16 21 0
-10 -7 4 0
12 24 -21 0
13 11 21 0
-17 4 -25 0
-3 2 27 0
-8 23 18 0
1 -13 27 0
-19 -17 -22 0
14 11 -22 0
-29 9 -2 0
-3 -8 15 0
5 -14 -9 0
11 -7 10 0
9 26 -13 0
17 26 2 0
7 10 29 0
13 2 12 0
23 13 -12 0
19 -27 -2 0
-27 -3 23 0
17 12 2 0
8 -21 -18 0
-8 -20 -13 0
17 28 15 0
-21 23 25 0
-9 -25 11 0
-12 9 6 0
4 10 14 0
29 19 8 0
-15 -29 -18 0
4 -27 2 0
4 20 -16 0
-23 -14 -12 0
-15 -25 28 0
23 5 29 0
-26 10 12 0
-4 16 -26 0
-1 27 7 0
12 -10 -15 0
11 2 27 0
-6 -22 1 0
10 9 15 0
14 -19 4 0
-28 5 -21 0
29 -28 -5 0
-28 17 5 0
-19 15 27 0
10 -11 28 0
4 1 27 0
-3 -5 23 0
-4 3 -16 0
-10 -16 -2 0
-13 26 -4 0
-23 -12 4 0
6 10 22 0
-23 25 6 0
-10 18 -29 0
-3 20 22 0
28 29 -18 0
28 -10 5 0
-23 22 -11 0
-22 5 10 0
-10 22 -4 0
-2 26 -17 0
17 11 -8 0
-25 -1 -7 0
26 -11 29 0
-29 -3 17 0
-29 12 22 0
11 28 9 0
14 -25 9 0
-4 -11 -23 0
16 -3 12 0
29 -9 10 0
-7 -29 -13 0
-19 8 3 0
-14 19 -6 0
18 -19 -23 0
28 19 22 0
-17 -13 -18 0
-11 -19 -13 0
