p 57 242
-50 39 -40 0
-42 25 -45 0
17 21 35 0
-33 37 -24 0
-38 -7 4 0
-57 -44 15 0
3 29 -38 0
28 -32 -25 0
-24 -13 52 0
25 -26 29 0
-15 12 -17 0
43 9 -29 0
42 -35 4 0
46 -43 -15 0
-31 -40 15 0
-37 6 -44 0
53 24 1 0
46 -19 -9 0
6 29 35 0
22 16 14 0
-27 -17 25 0
30 55 -35 0
-12 16 30 0
44 16 14 0
40 12 -19 0
-14 -34 -40 0
-16 -18 -4 0
-16 41 56 0
-56 21 -51 0
-56 11 -45 0
25 -13 -4 0
9 -44 -1 0
10 -57 28 0
-7 20 8 0
-7 40 -2 0
-28 -17 -42 0
34 19 40 0
-52 -5 22 0
6 11 56 0
49 5 31 0
10 39 -3 0
-22 -36 38 0
-2 29 -41 0
-3 -16 -11 0
-29 14 57 0
1 11 -51 0
46 17 -21 0
8 23 -3 0
-41 33 57 0
-50 -36 53 0
29 46 18 0
-38 -51 -52 0
27 -57 -10 0
-56 10 17 0
-4 -19 -21 0
-5 -57 -48 0
-28 -13 -56 0
54 -13 11 0
-18 -50 -46 0
-17 -1 9 0
-14 5 18 0
47 -6 -35 0
45 17 21 0
-9 14 13 0
-28 -25 -17 0
48 -38 39 0
9 25 37 0
-20 -22 -15 0
-36 7 -29 0
-54 -24 -46 0
9 -18 55 0
43 7 -36 0
41 10 -46 0
-55 23 -45 0
16 -39 31 0
-14 -19 32 0
-28 -54 -10 0
-12 50 27 0
6 -36 -48 0
56 -48 -31 0
14 9 -33 0
-3 -48 -26 0
22 15 -9 0
-7 13 -17 0
-40 -32 -5 0
-30 -23 7 0
-30 4 36 0
26 -12 44 0
-11 39 27 0
27 20 55 0
-55 -1 -30 0
23 47 53 0
-46 40 51 0
17 -35 18 0
-46 36 50 0
18 12 30 0
-22 49 -5 0
-40 12 25 0
4 51 -32 0
25 9 -51 0
-55 39 -22 0
-6 -9 -29 0
-15 19 -35 0
-16 57 -4 0
-21 -30 56 0
-8 -20 31 0
-20 -23 -13 0
23 -55 15 0
37 42 11 0
-44 -11 24 0
37 48 5 0
15 53 48 0
45 -18 -50 0
19 -4 12 0
-37 34 38 0
7 -2 38 0
11 22 -21 0
32 -43 52 0
18 -16 -24 0
-25 4 -38 0
-51 16 -44 0
-26 56 -15 0
-16 -10 7 0
-50 -31 -23 0
-6 -37 52 0
33 53 -26 0
38 -45 -56 0
-56 25 -6 0
-37 36 -6 0
15 35 42 0
29 -23 -28 0
14 8 -28 0
55 -51 9 0
-32 -23 54 0
-5 21 -16 0
-48 29 -5 0
-23 -31 56 0
-3 -47 -10 0
-50 10 -46 0
29 -12 -4 0
-52 -43 6 0
-14 21 9 0
11 -36 13 0
-7 -42 -5 0
-6 29 30 0
40 17 -19 0
25 30 -40 0
-40 -44 -8 0
-45 28 18 0
-44 -48 -43 0
14 -12 18 0
22 23 -19 0
30 -28 10 0
-45 34 2 0
-4 55 -19 0
50 -53 2 0
-39 43 -36 0
6 -29 -49 0
-12 25 24 0
30 -22 19 0
51 47 -10 0
-22 -39 51 0
-37 57 -10 0
-33 10 -54 0
21 -25 -39 0
-29 -22 -30 0
22 -29 38 0
21 -50 -27 0
-7 36 -45 0
32 -50 51 0
-3 -56 5 0
21 16 28 0
-2 48 10 0
27 11 6 0
-41 -6 -46 0
51 -50 35 0
39 15 4 0
36 -54 11 0
11 -35 7 0
54 7 42 0
30 18 10 0
6 -33 53 0
14 -24 29 0
-30 -20 -8 0
-46 -51 -32 0
-50 -25 34 0
32 20 -12 0
54 33 -47 0
50 17 -57 0
-47 -2 42 0
26 -1 -29 0
56 -30 -41 0
-33 -39 -28 0
-47 30 4 0
-35 2 -11 0
50 -16 -28 0
-11 24 26 0
-28 33 -41 0
-12 23 -44 0
51 28 21 0
-28 -46 -26 0
53 -2 42 0
54 -53 24 0
-52 -29 47 0
37 -13 -6 0
-21 24 -11 0
22 -33 20 0
28 6 46 0
38 -26 -25 0
-48 16 -17 0
42 15 -1 0
-46 25 -35 0
3 13 -48 0
-36 23 -10 0
14 1 45 0
-26 34 31 0
39 40 -54 0
53 7 30 0
44 -47 49 0
13 56 30 0
-29 -7 -17 0
-29 21 -49 0
2 -27 10 0
-6 -42 28 0
-16 14 32 0
44 45 -11 0
-17 40 38 0
-16 -56 10 0
47 50 28 0
-3 52 12 0
54 -22 -25 0
56 -40 20 0
24 10 -16 0
-46 -2 -50 0
28 50 30 0
54 -9 -27 0
-32 -39 -26 0
46 -28 55 0
-54 -7 -42 0
-30 -10 -37 0
-36 14 -33 0
54 49 -35 0
