p 82 349
-21 17 12 0
54 -29 78 0
-40 38 58 0
-59 82 78 0
36 -62 10 0
68 -78 -19 0
-16 17 76 0
-25 -8 74 0
4 78 26 0
59 51 66 0
-56 9 63 0
-31 -1 66 0
-11 -31 36 0
-25 74 -5 0
70 15 58 0
-22 -58 -14 0
-28 79 80 0
80 68 -74 0
-39 8 -24 0
-16 82 36 0
-14 -46 75 0
-77 -72 -75 0
-65 -10 -12 0
-57 30 -55 0
-3 44 -78 0
80 -37 2 0
-17 16 -7 0
60 62 -36 0
18 4 -60 0
38 69 28 0
-76 -81 12 0
-64 46 39 0
36 40 22 0
22 -60 57 0
79 66 55 0
21 32 -61 0
49 51 -5 0
59 -70 -60 0
23 -76 12 0
-68 30 -41 0
-65 -56 64 0
67 25 44 0
50 -19 -60 0
-52 25 47 0
61 -43 20 0
9 -33 -30 0
-58 -56 33 0
-82 -14 76 0
-56 -14 2 0
-56 68 -72 0
38 21 -49 0
-63 19 -4 0
-69 -53 6 0
21 -46 -29 0
1 71 82 0
-77 -35 34 0
-7 31 -55 0
-72 24 48 0
15 -16 20 0
71 46 -21 0
-57 -40 -53 0
-21 54 -50 0
41 -54 50 0
-57 -15 -3 0
-11 -82 -57 0
4 -6 12 0
75 38 73 0
-2 -17 -80 0
39 -24 -71 0
42 35 37 0
78 -50 56 0
-60 65 16 0
24 73 -79 0
30 23 -63 0
-80 70 59 0
62 76 -77 0
2 -36 29 0
32 73 -81 0
2 16 -47 0
-3 73 78 0
56 1 64 0
67 -80 -28 0
-64 -29 45 0
-24 -38 -16 0
47 -49 -60 0
49 -44 50 0
-76 18 67 0
19 40 56 0
-13 -8 -57 0
-24 -57 -70 0
-49 -32 7 0
-28 42 9 0
-60 -30 7 0
71 -11 -1 0
11 49 -44 0
-62 -8 27 0
-64 -73 -67 0
40 -15 -14 0
8 72 -23 0
82 28 -73 0
60 18 -23 0
42 49 -82 0
46 22 34 0
-79 52 80 0
-50 61 -44 0
45 -43 -25 0
-14 78 -61 0
40 25 18 0
65 -71 30 0
-29 -9 -24 0
81 47 -71 0
76 67 82 0
82 -65 46 0
64 72 62 0
-79 28 -41 0
-39 -34 22 0
53 59 22 0
41 -28 60 0
-32 -10 55 0
16 -46 4 0
-29 -13 -28 0
15 -7 -70 0
-78 22 15 0
56 -28 -71 0
-24 77 11 0
82 79 28 0
64 27 -16 0
-70 -22 -66 0
20 -55 -54 0
59 -70 -2 0
64 36 68 0
41 -42 14 0
19 3 -30 0
32 -71 67 0
74 -71 -81 0
74 -45 5 0
-67 -26 -79 0
-32 29 20 0
33 -20 -59 0
-53 28 82 0
-8 -80 -54 0
79 42 -49 0
-21 -75 -15 0
-39 -3 40 0
21 52 -74 0
80 -76 81 0
70 46 -75 0
-76 22 17 0
24 37 16 0
-16 -22 -59 0
47 -64 38 0
-20 -12 8 0
22 49 -9 0
13 4 -36 0
78 30 -65 0
-18 -40 68 0
49 -56 -60 0
-25 -6 77 0
-36 8 -32 0
21 9 80 0
1 -12 -45 0
15 46 69 0
-69 25 -4 0
47 -41 28 0
78 -6 68 0
11 77 67 0
44 -30 33 0
-43 77 -14 0
-39 -41 33 0
54 50 -2 0
14 -9 -30 0
61 -70 29 0
-19 -74 54 0
40 -46 22 0
-16 29 36 0
-12 -49 -38 0
-9 -75 -23 0
48 5 -73 0
24 -57 -68 0
-47 18 50 0
-5 -49 -56 0
-50 59 44 0
-10 -1 -2 0
62 -3 -48 0
-44 -77 -65 0
7 -64 6 0
13 5 77 0
-31 -34 56 0
-11 35 -78 0
5 72 -29 0
-58 -64 -16 0
-79 8 -70 0
51 81 79 0
49 23 -12 0
-7 -50 48 0
15 53 75 0
48 35 45 0
82 -13 49 0
23 -12 41 0
62 61 -52 0
15 -66 -41 0
32 55 -3 0
20 10 23 0
-40 -31 16 0
-2 79 69 0
-60 13 67 0
-82 27 28 0
-61 43 24 0
-31 38 -35 0
-81 77 -42 0
60 -18 70 0
-80 -5 38 0
33 -26 -19 0
45 65 -31 0
-41 52 46 0
46 42 60 0
-52 42 -48 0
-49 33 -46 0
10 44 73 0
-37 11 3 0
-62 -7 -3 0
-34 4 -44 0
8 -60 -76 0
79 -70 -22 0
70 -25 -58 0
-17 66 74 0
-50 -16 61 0
24 -45 -22 0
44 21 34 0
-19 -29 35 0
34 74 38 0
15 20 23 0
-56 9 72 0
-56 -67 79 0
63 -78 19 0
-17 -58 82 0
-48 -12 -1 0
57 70 -61 0
-28 -20 37 0
5 -24 -10 0
65 -70 17 0
-30 34 -41 0
-46 -21 3 0
76 62 45 0
14 -20 11 0
-74 -72 6 0
50 5 4 0
-6 -69 -46 0
-75 -80 -51 0
65 37 -44 0
16 3 68 0
-25 23 71 0
21 30 43 0
54 75 42 0
13 55 -12 0
19 -53 12 0
-72 -38 43 0
-73 76 15 0
25 -9 49 0
-54 35 76 0
28 -67 27 0
76 18 -60 0
25 47 49 0
-27 -32 45 0
43 66 -30 0
-20 -47 -31 0
3 -51 49 0
-46 18 -37 0
-54 -29 -60 0
2 41 -6 0
-46 14 -20 0
72 21 -3 0
-38 -8 -46 0
-18 15 82 0
27 14 -81 0
-82 -80 -62 0
42 63 4 0
-60 -3 -31 0
19 26 -25 0
-36 -23 -7 0
-66 20 -26 0
-71 -40 57 0
57 27 6 0
-72 -70 62 0
-76 24 21 0
29 -26 -55 0
19 -41 -64 0
74 72 -73 0
17 61 -15 0
31 14 -22 0
-42 50 -15 0
-52 53 68 0
-20 -35 67 0
-6 -27 42 0
-11 -73 -53 0
-55 15 -53 0
32 -1 -61 0
75 81 31 0
55 33 -7 0
56 -76 -81 0
-43 -18 22 0
-20 66 -16 0
-60 -73 7 0
-29 5 75 0
-35 5 -74 0
74 37 -3 0
-72 30 -14 0
46 -26 -33 0
-77 -1 74 0
-11 -16 61 0
29 -64 -22 0
-43 -24 44 0
9 -57 54 0
68 -21 -59 0
10 -36 -75 0
74 5 -23 0
-61 12 68 0
-17 58 36 0
-53 -21 78 0
50 48 -52 0
55 18 -51 0
-41 8 11 0
68 -10 43 0
-31 -72 -78 0
25 -15 -20 0
-72 -58 -55 0
-2 75 -81 0
68 -76 1 0
70 -14 -81 0
-49 57 -28 0
7 -2 -8 0
-14 61 24 0
-36 -2 -45 0
77 -1 5 0
-45 60 75 0
72 -49 29 0
-9 -77 49 0
-74 4 28 0
70 -50 -28 0
-8 9 -77 0
-5 -29 71 0
-69 -71 -67 0
-72 -61 -58 0
70 -81 15 0
56 48 -55 0
-38 -71 70 0
62 -55 -73 0
55 1 8 0
6 77 -74 0
