p 44 187
21 -34 -43 0
22 -6 32 0
-44 15 7 0
22 38 43 0
30 -15 12 0
22 -34 6 0
-7 25 20 0
-26 -30 15 0
-4 -35 7 0
40 19 -12 0
6 -42 -34 0
-5 44 13 0
38 -7 -16 0
-44 37 -18 0
-6 32 43 0
-29 -6 26 0
-9 -4 -22 0
24 -19 -43 0
-29 -6 43 0
-38 32 -14 0
-26 -33 -16 0
-5 -27 17 0
28 44 -14 0
-37 28 40 0
11 3 -44 0
33 -2 42 0
33 27 -9 0
-27 -44 24 0
18 -2 -25 0
-33 38 -16 0
-21 -18 33 0
30 -43 -20 0
-41 -28 -10 0
-37 38 11 0
-10 27 -44 0
10 -31 -20 0
-8 -26 40 0
40 11 -44 0
-40 3 -17 0
38 -19 -42 0
-41 1 21 0
16 30 23 0
9 18 11 0
-21 -32 -33 0
27 23 -12 0
-32 43 44 0
-1 42 36 0
-26 41 -14 0
25 20 42 0
-28 2 -14 0
-42 16 -22 0
11 15 43 0
35 22 26 0
-21 32 28 0
-19 32 -30 0
23 30 4 0
24 30 -20 0
-37 30 40 0
-34 4 10 0
-8 -1 -37 0
-21 -13 6 0
-5 -2 11 0
16 12 8 0
-44 -10 33 0
-33 24 42 0
-28 -12 -38 0
-15 34 1 0
27 26 34 0
20 -24 -9 0
-44 20 21 0
25 -20 -33 0
-10 -34 20 0
9 44 36 0
-33 34 -18 0
-13 -41 -20 0
22 -30 11 0
14 38 33 0
10 -39 1 0
5 38 13 0
18 -26 38 0
-25 -8 -30 0
-27 -12 32 0
42 -38 -28 0
-24 10 6 0
-24 39 -35 0
-12 -39 18 0
-28 -17 -15 0
-35 -26 -8 0
38 -5 42 0
17 13 20 0
7 35 6 0
-15 3 39 0
-32 -3 -1 0
-1 -35 -41 0
18 -35 -21 0
18 -21 -23 0
29 -20 -32 0
23 -33 9 0
19 24 34 0
-16 -42 -3 0
1 13 -31 0
-18 -4 1 0
24 11 39 0
-13 -38 17 0
33 3 -31 0
-3 11 9 0
-31 -22 1 0
37 -14 17 0
-41 5 -30 0
38 -18 -32 0
44 9 -10 0
23 -38 -13 0
-36 11 35 0
-24 -42 -40 0
44 -31 -21 0
11 1 -32 0
16 31 19 0
-35 -26 -10 0
-2 -25 41 0
-13 -41 -2 0
-23 -1 31 0
-8 -40 -27 0
26 37 30 0
-29 3 -38 0
32 43 24 0
20 -3 34 0
-18 42 -44 0
-35 -5 -27 0
-7 27 -35 0
18 36 11 0
-41 39 18 0
43 44 -17 0
-16 13 -21 0
29 1 -14 0
29 -11 44 0
14 -8 -27 0
-25 -20 8 0
-24 21 -37 0
8 34 -9 0
44 6 -33 0
36 -42 -1 0
-24 5 -7 0
-23 -4 -28 0
-28 35 -5 0
22 -39 -23 0
-17 3 -14 0
-9 -12 -18 0
-8 -5 7 0
-36 -12 7 0
18 -26 28 0
40 -24 -26 0
-3 -44 4 0
27 31 18 0
-9 11 -31 0
-13 -16 -43 0
5 15 -3 0
-32 1 -25 0
-43 32 -38 0
2 -28 21 0
-32 -4 20 0
-29 -20 13 0
-1 16 -42 0
-40 23 26 0
10 32 12 0
-34 43 25 0
-28 33 -43 0
-5 22 34 0
39 -35 37 0
39 6 -31 0
-5 15 43 0
16 13 44 0
26 -35 17 0
-4 -14 -35 0
7 -32 -16 0
-41 -17 11 0
21 -27 -42 0
-41 -36 -38 0
23 38 7 0
-27 44 -26 0
39 -23 -10 0
6 43 42 0
-43 14 28 0
-1 3 32 0
3 -2 10 0
15 -42 -38 0
-5 18 25 0
-31 3 44 0
