p 35 149
-10 17 33 0
9 20 31 0
-9 -26 -6 0
-32 4 19 0
-19 24 6 0
31 -7 -1 0
-2 -10 -3 0
23 20 -13 0
29 11 15 0
-5 15 -1 0
1 19 -16 0
27 21 17 0
1 25 -32 0
17 34 7 0
-34 27 -15 0
-9 14 -13 0
-18 -32 -20 0
17 25 33 0
-20 -7 -18 0
35 -27 -24 0
16 2 6 0
-10 31 -14 0
-31 -9 22 0
5 16 8 0
-35 34 -10 0
-22 -26 6 0
33 -27 -17 0
-6 -17 29 0
-34 28 -13 0
-11 34 -29 0
31 -30 16 0
-17 20 10 0
-16 30 14 0
30 -14 -3 0
-19 -3 34 0
-34 3 24 0
10 21 12 0
-23 27 -9 0
-6 -8 1 0
30 -28 31 0
4 32 11 0
-31 15 -16 0
-1 16 26 0
33 -12 11 0
-35 33 -23 0
32 -10 -14 0
3 -14 11 0
-33 28 -8 0
-17 23 20 0
9 -33 -16 0
14 -23 3 0
35 -6 32 0
-20 31 -30 0
21 -7 8 0
-17 7 -31 0
3 -12 2 0
-35 17 5 0
-35 -12 -5 0
-30 -21 -1 0
-2 26 1 0
-5 11 -31 0
34 -9 -6 0
-10 20 -14 0
17 -26 -11 0
-24 -4 32 0
6 5 -16 0
22 21 -26 0
35 -17 21 0
32 -28 -3 0
-9 31 12 0
-21 35 18 0
-23 -32 -17 0
22 1 -26 0
-32 17 21 0
12 -29 -21 0
4 -23 -18 0
-18 -4 -21 0
-17 5 9 0
-3 13 14 0
25 27 13 0
-30 -29 4 0
-29 12 -9 0
30 -9 11 0
-7 4 10 0
33 17 28 0
26 -30 -16 0
-22 29 -5 0
-26 16 -6 0
-4 6 9 0
20 -19 28 0
-5 32 6 0
-14 21 -29 0
-1 22 -28 0
-20 -8 -21 0
-20 18 16 0
20 15 28 0
9 1 25 0
-27 -11 25 0
7 -35 -34 0
31 28 12 0
-20 25 24 0
9 -29 21 0
-8 -12 -30 0
-31 4 20 0
-7 -16 21 0
-24 32 -16 0
8 -35 18 0
-29 6 -10 0
-7 -10 13 0
27 -4 -23 0
35 22 -17 0
2 25 12 0
-9 29 32 0
-14 -25 -33 0
-11 28 23 0
10 21 -5 0
-18 19 12 0
30 35 13 0
-34 23 20 0
-17 -19 -32 0
32 -31 7 0
-19 -21 -18 0
23 24 27 0
-13 -9 30 0
6 5 8 0
-20 27 -3 0
-2 -33 -21 0
31 -12 -33 0
23 4 -8 0
-35 2 13 0
-23 19 10 0
-32 -20 -9 0
9 33 -10 0
23 -11 34 0
-10 33 19 0
22 -25 -14 0
-18 10 24 0
18 17 29 0
25 -1 6 0
-7 -8 -25 0
16 8 -34 0
24 -5 -13 0
-26 35 17 0
13 -5 27 0
-15 -32 20 0
-11 32 35 0
12 -4 24 0
13 35 11 0
29 21 5 0
