p 60 255
14 47 -6 0
-44 -35 -30 0
50 -36 41 0
-12 -49 -41 0
-32 -2 50 0
31 -45 -42 0
-18 8 24 0
-31 24 -25 0
-12 -48 -28 0
-40 52 -7 0
-8 -31 35 0
38 -27 -55 0
-40 -9 4 0
11 42 -1 0
-27 -56 22 0
55 16 -9 0
27 23 -51 0
-53 18 57 0
-33 -59 -16 0
32 33 20 0
-58 -47 -39 0
51 15 -29 0
-58 47 -7 0
-40 26 29 0
-31 -40 -18 0
46 4 -22 0
28 19 -36 0
37 16 -49 0
59 20 35 0
-2 -10 49 0
-27 -28 -30 0
-39 6 51 0
-4 51 8 0
-41 -42 53 0
-19 -4 -51 0
32 -54 -23 0
43 -32 -6 0
-19 31 -26 0
11 -56 -52 0
-36 -52 -17 0
28 -58 -57 0
17 7 4 0
49 10 1 0
-1 -8 -60 0
-8 -37 -12 0
-21 22 -16 0
-29 57 60 0
-34 -11 -18 0
-38 -60 16 0
-30 37 -5 0
-19 6 -17 0
2 52 47 0
1 -24 49 0
-34 5 23 0
-38 49 33 0
-60 -56 -49 0
-59 21 -18 0
-28 37 -50 0
51 8 -58 0
31 13 -15 0
10 57 35 0
53 -45 -30 0
2 23 5 0
-45 -28 19 0
-12 -1 -30 0
25 58 12 0
38 50 35 0
-57 13 32 0
-41 -31 -46 0
-27 29 35 0
24 -10 -17 0
-56 29 10 0
38 36 -55 0
-35 -21 36 0
-44 -3 -5 0
-19 -34 -9 0
-6 44 -41 0
-6 -13 47 0
-49 29 23 0
10 -17 58 0
37 26 42 0
37 24 -13 0
-53 -55 -12 0
-39 36 60 0
41 -17 -43 0
-21 -19 60 0
-29 -52 60 0
-29 56 41 0
-11 -34 30 0
46 -27 23 0
-20 -2 -14 0
-22 23 40 0
43 -48 45 0
15 -11 9 0
-14 -13 -8 0
-12 -17 57 0
-41 24 -57 0
-53 29 -31 0
44 -29 -18 0
26 1 49 0
12 15 -34 0
56 42 -28 0
-16 -60 46 0
39 -31 53 0
34 41 -11 0
39 23 -14 0
2 -24 -18 0
-6 40 41 0
-33 -35 32 0
-37 -28 14 0
-28 17 1 0
-21 -48 4 0
54 12 -38 0
-11 38 -50 0
-55 -23 -53 0
-14 -60 7 0
4 -46 50 0
37 60 59 0
-8 -13 -39 0
-47 -4 35 0
-44 -17 -3 0
-35 -37 57 0
-42 -1 -14 0
-46 23 -19 0
40 45 -32 0
44 -36 39 0
42 -37 47 0
-40 -5 -46 0
-32 47 27 0
7 -35 -24 0
-33 37 10 0
18 -6 3 0
28 -38 48 0
-24 -14 15 0
46 -11 -12 0
-57 3 -36 0
-36 -53 -51 0
17 29 -43 0
-30 -5 44 0
53 -56 -7 0
42 -20 53 0
42 -53 31 0
35 -45 -21 0
13 -23 -22 0
-37 -21 -4 0
-29 12 -7 0
-26 -27 18 0
-57 -45 14 0
-38 42 21 0
-48 -43 -13 0
-24 -49 -26 0
43 -38 -12 0
12 -55 30 0
31 -38 -11 0
-2 39 51 0
16 40 55 0
-39 40 32 0
22 -58 51 0
-21 -40 -16 0
41 -36 23 0
-2 58 -50 0
49 11 -23 0
8 25 53 0
52 -38 23 0
-32 21 -53 0
12 47 -17 0
-20 19 10 0
-45 -1 53 0
-14 21 18 0
14 -49 -52 0
13 52 -55 0
-53 -58 50 0
-47 -48 -17 0
-42 -48 24 0
-44 9 -59 0
-31 7 -52 0
-49 17 -26 0
40 47 -27 0
13 -59 -18 0
-46 28 8 0
-35 -7 32 0
-36 -18 -16 0
-50 5 36 0
-41 53 55 0
-41 -3 -15 0
59 -25 58 0
42 46 11 0
-2 39 -56 0
60 -29 -32 0
-17 39 57 0
40 -12 4 0
12 -37 38 0
-47 -1 9 0
11 36 6 0
16 54 -44 0
-60 1 -39 0
-47 -25 59 0
-10 56 35 0
46 -1 -45 0
49 53 44 0
-53 40 23 0
-51 -60 -4 0
40 10 28 0
-18 46 -39 0
20 -29 39 0
43 -23 -52 0
35 50 32 0
-44 53 8 0
-26 -28 -54 0
7 2 -27 0
-17 32 -5 0
-42 2 53 0
-52 -12 1 0
47 1 59 0
-59 1 53 0
53 48 2 0
-54 -21 3 0
23 -60 -40 0
-6 -39 -7 0
-1 2 16 0
-1 44 49 0
18 43 -44 0
-45 15 23 0
-30 42 38 0
-6 -16 48 0
-15 -32 -23 0
-46 31 -35 0
-4 50 -60 0
52 -56 -17 0
31 51 41 0
24 -57 -39 0
13 46 14 0
-1 48 53 0
-2 -17 -1 0
18 4 -21 0
5 31 -42 0
-8 -57 -18 0
-32 -1 -46 0
22 11 35 0
-53 -14 -49 0
43 44 27 0
-43 9 -56 0
-53 -44 22 0
8 30 6 0
-56 -28 15 0
35 -4 50 0
36 -44 55 0
56 19 -60 0
26 22 -18 0
5 18 17 0
49 -32 55 0
45 32 23 0
29 38 37 0
-50 -59 -45 0
-36 -56 -11 0
