p 45 191
-37 38 24 0
19 34 15 0
-38 -22 -28 0
36 -23 -5 0
-22 2 -43 0
-5 -36 45 0
-23 -43 -41 0
10 -27 -31 0
-7 34 -29 0
-39 -40 -19 0
-30 -6 39 0
-32 -11 -6 0
-15 34 -25 0
-2 -24 -45 0
12 7 41 0
-1 -32 -11 0
7 18 -22 0
-43 14 -8 0
-44 -5 -22 0
19 -3 -9 0
9 -21 -10 0
-22 -1 -24 0
-27 21 2 0
32 11 -44 0
-37 14 19 0
36 -17 12 0
-5 38 12 0
38 -28 -1 0
6 14 -33 0
38 -7 25 0
11 8 15 0
-19 -38 -41 0
-37 -18 41 0
-23 -33 7 0
-36 -34 19 0
-29 22 -37 0
43 -9 15 0
19 -37 -17 0
-28 -4 -42 0
-39 3 10 0
-30 40 7 0
39 -5 19 0
40 22 16 0
-29 -17 32 0
25 2 -8 0
-34 -41 8 0
34 29 26 0
-20 -25 -42 0
11 4 -22 0
-23 5 -12 0
19 -31 38 0
-6 12 -30 0
-35 -21 16 0
-6 12 19 0
-42 17 -4 0
29 -39 -36 0
-15 39 -44 0
-11 -14 -41 0
-31 27 -26 0
31 -43 -34 0
24 -40 35 0
-39 40 42 0
37 -29 -7 0
-34 41 -19 0
-19 -14 -35 0
45 29 37 0
-22 14 35 0
-22 -45 36 0
34 27 33 0
25 -12 10 0
27 3 -12 0
-25 -1 -28 0
14 25 -43 0
42 27 -15 0
17 -27 -1 0
2 -4 -36 0
28 -7 -21 0
29 -41 -2 0
-30 -27 40 0
25 -44 -24 0
26 6 -29 0
42 -32 -22 0
44 -21 -31 0
-24 -2 8 0
-8 3 -23 0
-15 -37 -22 0
2 -11 34 0
27 11 14 0
-13 -43 -11 0
-24 -21 -29 0
42 21 -30 0
-43 12 32 0
-43 38 -35 0
-2 29 -39 0
25 20 -11 0
-42 -15 -44 0
44 -21 -16 0
18 -37 -33 0
-24 26 34 0
4 -27 -43 0
21 -12 10 0
34 -39 37 0
-37 -34 3 0
2 -26 -41 0
-15 -8 42 0
32 25 26 0
-14 13 -28 0
15 -45 -22 0
28 8 -23 0
27 -16 12 0
-39 -25 -28 0
22 23 -17 0
8 36 6 0
-40 -1 -24 0
-36 -34 23 0
39 18 26 0
23 -43 -45 0
45 -26 -16 0
-26 -31 39 0
-38 40 15 0
-44 1 -5 0
-27 -37 -1 0
24 13 -12 0
2 34 -1 0
24 42 -26 0
-10 30 -38 0
26 -37 -19 0
-36 16 21 0
42 5 -29 0
-18 37 38 0
20 12 -43 0
30 -4 -7 0
14 -33 3 0
-26 1 25 0
-17 -8 -37 0
32 -22 -17 0
-26 -20 -2 0
21 -29 22 0
-4 -11 -31 0
9 22 -18 0
21 -42 31 0
15 43 14 0
-36 -5 15 0
-38 36 -3 0
-44 -43 -12 0
33 19 38 0
20 2 -32 0
-26 -34 41 0
33 -45 -23 0
7 -30 -26 0
38 1 6 0
-24 -27 36 0
-29 6 37 0
34 40 -17 0
-35 -8 -28 0
-40 27 7 0
-41 5 -25 0
2 33 -19 0
4 -23 43 0
3 -10 27 0
6 16 41 0
30 23 19 0
9 -41 20 0
-39 -4 -22 0
38 -8 28 0
32 31 20 0
36 -9 -17 0
28 21 24 0
-15 -7 -42 0
9 22 10 0
40 -22 25 0
-5 -16 21 0
38 -3 -17 0
8 -40 -29 0
-31 -32 -25 0
22 -9 41 0
-2 -9 7 0
13 5 1 0
28 21 5 0
7 26 -14 0
34 20 -42 0
24 -31 37 0
-31 45 21 0
33 -27 37 0
-6 -5 -11 0
9 -41 -37 0
-32 -28 9 0
-19 -12 29 0
41 31 -25 0
-41 10 -33 0
-6 -5 -39 0
