p 52 221
-36 -46 -2 0
9 23 -33 0
7 -22 3 0
51 -31 20 0
-20 -10 44 0
-37 -26 -47 0
-2 -49 4 0
43 -13 -52 0
-52 -28 -9 0
-32 -35 48 0
-34 17 2 0
19 51 -36 0
-39 -50 -27 0
-47 -27 39 0
22 -9 21 0
44 38 -42 0
12 -25 -41 0
-45 -41 35 0
-12 44 15 0
-51 52 12 0
3 -16 -32 0
-17 33 2 0
-5 -12 -26 0
49 26 -42 0
-41 -12 32 0
30 -1 -9 0
38 -20 -52 0
-6 -36 -3 0
-47 -11 32 0
-37 -8 -5 0
-39 -21 -33 0
-2 -7 16 0
17 44 -46 0
-12 -8 -40 0
-22 28 48 0
27 -36 -37 0
37 1 39 0
48 -45 -3 0
-14 -22 15 0
-30 -27 -8 0
42 39 18 0
35 39 40 0
23 -18 -49 0
-28 16 1 0
-45 -48 -27 0
45 40 34 0
23 51 -36 0
1 -35 47 0
-3 -19 -11 0
-12 -27 -5 0
-2 21 -5 0
-2 -4 41 0
35 -37 38 0
-31 33 40 0
-29 -51 -20 0
52 50 51 0
3 8 2 0
2 -15 -3 0
17 -34 -50 0
-11 -42 -15 0
-17 39 34 0
-24 51 36 0
-29 -31 -6 0
-35 -27 -47 0
22 41 7 0
-9 25 16 0
-23 -18 46 0
6 -32 4 0
31 -44 -48 0
-12 41 -27 0
47 20 -29 0
49 7 -31 0
50 -24 31 0
33 -41 -8 0
30 -47 -44 0
8 44 40 0
-18 16 -7 0
21 18 42 0
-13 18 -17 0
-4 15 -46 0
-32 -20 -15 0
-46 -32 6 0
47 -1 51 0
35 29 -39 0
21 -50 19 0
34 41 4 0
-34 -42 16 0
36 39 18 0
-9 51 40 0
-33 20 -19 0
25 11 5 0
-14 42 29 0
-33 -30 47 0
-26 43 -34 0
36 44 45 0
34 -13 1 0
-30 2 -47 0
49 38 -4 0
-33 -32 14 0
22 16 50 0
-23 12 -27 0
39 40 -22 0
34 -20 10 0
12 -46 -45 0
-12 8 45 0
-14 44 -17 0
-43 -27 -21 0
48 51 34 0
-9 -51 -38 0
10 40 7 0
41 34 52 0
48 29 23 0
13 12 37 0
11 -36 33 0
24 -18 -6 0
-6 15 -52 0
46 -28 -45 0
-25 -50 -52 0
-25 49 6 0
47 -52 -5 0
32 -11 44 0
-26 -20 -2 0
-49 -31 39 0
30 -9 52 0
50 -48 32 0
-1 8 24 0
-24 32 39 0
-31 47 8 0
-50 -42 16 0
24 -51 38 0
-25 -7 23 0
2 -52 18 0
-13 40 -29 0
41 38 -52 0
12 11 51 0
6 15 -1 0
7 14 30 0
-40 -18 -14 0
45 -9 -49 0
3 25 35 0
13 -14 45 0
52 -38 41 0
27 -25 -38 0
12 -16 30 0
23 3 -17 0
-27 -23 -49 0
27 44 36 0
32 44 28 0
-16 -12 19 0
12 -26 -39 0
-36 -6 -22 0
43 -47 24 0
5 -4 16 0
-28 45 42 0
-3 -51 -28 0
-30 -37 36 0
-32 33 -28 0
37 20 -17 0
-48 45 -11 0
-21 18 13 0
-19 -38 49 0
14 34 52 0
34 35 21 0
-45 -46 -22 0
-47 -34 -46 0
-49 -36 -11 0
37 -30 1 0
-4 1 -9 0
8 34 -51 0
-17 34 -16 0
-5 41 39 0
-20 -22 33 0
-44 3 16 0
9 43 47 0
-9 -25 -47 0
18 11 31 0
21 -10 -17 0
41 28 -9 0
4 -5 10 0
-47 -5 21 0
-24 -21 42 0
-1 -24 -51 0
-25 -15 27 0
-44 39 48 0
-51 33 20 0
39 -31 45 0
-49 -45 51 0
-8 38 3 0
-29 -47 37 0
46 5 20 0
-6 -3 -17 0
-49 31 12 0
31 -25 28 0
43 -15 -14 0
14 -13 7 0
8 -12 -39 0
39 5 -41 0
-18 41 28 0
52 13 25 0
7 -32 -21 0
37 29 52 0
41 -32 -35 0
19 11 16 0
-39 49 -35 0
-2 37 -33 0
11 -30 51 0
-3 31 -39 0
12 -45 -26 0
24 36 -21 0
-11 40 35 0
21 -11 46 0
38 3 -30 0
-52 21 -20 0
-31 33 14 0
-7 -48 -16 0
21 -19 41 0
-11 47 -36 0
-14 -44 42 0
-37 41 -48 0
-27 -2 29 0
44 -36 -19 0
