p 82 349
-9 4 -8 0
-59 76 71 0
-33 49 81 0
-21 50 17 0
-79 43 55 0
74 -56 51 0
-40 46 -41 0
27 -2 -30 0
-3 21 -72 0
-81 -70 39 0
15 8 32 0
-70 -17 81 0
-9 14 71 0
-27 -18 31 0
-30 -17 -47 0
-48 16 -41 0
34 -67 59 0
-55 -16 -6 0
-54 47 -37 0
-52 60 77 0
-61 80 38 0
-50 -74 -63 0
37 -38 31 0
4 66 -23 0
43 6 39 0
42 -21 -19 0
55 -53 62 0
-78 38 -19 0
-74 40 48 0
-33 -54 -32 0
-15 -66 -50 0
53 -59 58 0
-32 -37 -6 0
-20 -74 -69 0
62 -15 43 0
-20 66 -62 0
-16 67 -82 0
18 43 -80 0
-26 -36 57 0
61 80 55 0
-74 -70 -23 0
13 -31 23 0
6 15 -37 0
-36 72 -22 0
-52 -48 47 0
-19 73 -78 0
-12 -3 -22 0
43 -68 -18 0
56 -45 65 0
-70 38 44 0
-40 28 46 0
26 46 -57 0
-73 -80 34 0
-60 69 9 0
9 -22 79 0
-2 -35 -16 0
9 -14 -45 0
-81 51 -67 0
-51 -29 35 0
76 55 20 0
-21 33 55 0
30 -21 -7 0
58 -53 34 0
15 -43 36 0
-68 3 43 0
31 67 23 0
59 66 68 0
53 65 43 0
-40 -69 4 0
-41 9 -7 0
28 -64 -31 0
36 70 14 0
4 -64 47 0
-42 -36 34 0
26 45 -33 0
-61 -70 -8 0
-79 6 -78 0
76 53 72 0
80 41 13 0
12 -75 -77 0
1 21 -8 0
33 -65 -19 0
-35 4 52 0
80 46 74 0
48 -52 -35 0
-19 62 42 0
-66 -48 -34 0
-8 18 -10 0
-57 -43 6 0
51 -49 -79 0
35 -8 79 0
-26 -12 -80 0
81 73 -30 0
69 -61 -30 0
-20 2 -40 0
76 -15 -5 0
27 -49 -45 0
-74 24 -75 0
2 -48 34 0
-2 76 -6 0
-13 -39 -73 0
81 64 51 0
58 -44 -53 0
9 -82 -16 0
4 -59 50 0
59 -52 -25 0
57 14 -55 0
-81 -3 -45 0
-72 -8 -76 0
67 -70 73 0
-50 55 5 0
71 24 -51 0
-40 -63 4 0
7 37 -51 0
53 19 6 0
7 -47 79 0
59 67 -29 0
-76 54 -10 0
-39 34 17 0
6 2 50 0
25 10 -78 0
61 -9 39 0
72 -26 -20 0
48 -9 3 0
1 -13 -46 0
32 -81 21 0
-1 28 69 0
-12 27 -77 0
56 63 -38 0
17 -26 2 0
-5 64 -31 0
81 70 -33 0
-67 36 70 0
43 -77 -58 0
-40 68 -9 0
-59 66 2 0
-13 -16 67 0
35 68 61 0
19 -3 -33 0
-44 4 -60 0
48 28 -60 0
28 -27 19 0
-29 -23 76 0
65 82 12 0
5 36 -7 0
-60 27 34 0
75 80 -16 0
49 -18 24 0
5 -76 -18 0
-25 -13 -82 0
25 45 16 0
-81 56 5 0
-58 49 2 0
1 23 77 0
-29 -39 -41 0
25 -5 46 0
2 39 -48 0
-2 -62 75 0
-63 -11 26 0
67 66 -82 0
-11 79 -8 0
-44 31 -82 0
-60 58 32 0
38 -53 41 0
-52 -38 -66 0
21 78 -14 0
3 11 28 0
20 67 -38 0
-33 41 78 0
-80 -32 45 0
5 9 81 0
80 75 61 0
52 39 -10 0
29 -70 -63 0
-69 -5 17 0
82 9 -73 0
-3 2 73 0
40 -74 -76 0
13 -64 -73 0
14 57 -39 0
-18 -62 27 0
6 -12 -39 0
55 45 29 0
-50 -39 80 0
65 53 73 0
-23 -4 -11 0
-42 69 62 0
50 17 44 0
29 -60 38 0
-29 -42 -58 0
3 75 -14 0
-70 -23 -77 0
1 -76 -78 0
81 -5 -72 0
-67 -58 26 0
-65 -42 -52 0
-19 34 6 0
45 -71 63 0
68 53 -76 0
-21 20 -69 0
62 43 -61 0
62 -65 -55 0
-11 64 73 0
-44 47 36 0
-69 50 82 0
-59 22 -17 0
65 22 49 0
54 66 70 0
-43 27 36 0
75 -39 62 0
77 1 -28 0
46 54 -45 0
-74 -40 -37 0
48 22 33 0
49 -43 -59 0
41 -77 10 0
-11 -2 -80 0
-65 -55 -77 0
-71 8 -15 0
20 2 66 0
-4 -40 -51 0
-41 45 -66 0
-42 7 -14 0
-8 -7 38 0
-52 -54 9 0
61 16 -46 0
-44 18 -45 0
77 -78 -5 0
44 74 41 0
-62 6 -42 0
10 -3 18 0
-68 9 61 0
-59 34 -41 0
-26 77 -43 0
72 -70 -80 0
58 22 32 0
29 15 76 0
-38 -57 26 0
-58 52 -39 0
6 3 -34 0
44 -65 45 0
38 -11 -23 0
-67 19 10 0
-82 18 -17 0
-52 1 -69 0
-25 1 -43 0
-15 71 66 0
74 73 77 0
-19 66 38 0
61 30 -80 0
34 -7 -62 0
6 47 -29 0
-60 36 32 0
37 75 80 0
-57 3 19 0
-31 19 73 0
16 -14 30 0
-51 -16 -75 0
-82 81 2 0
-80 55 -37 0
31 34 -16 0
-14 59 -15 0
54 -46 -3 0
51 45 -39 0
16 63 -56 0
47 74 25 0
5 33 35 0
75 -35 49 0
-6 -47 46 0
-13 11 8 0
15 -29 -69 0
24 -67 -49 0
-49 53 -9 0
82 21 -15 0
-46 62 52 0
-12 69 24 0
-25 -21 69 0
-37 60 -44 0
4 -13 -61 0
-75 -47 -20 0
48 39 -44 0
73 56 -43 0
-37 26 -36 0
-64 52 -79 0
-64 51 27 0
7 -53 11 0
-27 32 62 0
-3 29 -4 0
67 -2 -76 0
-13 62 -69 0
-49 -38 27 0
22 -71 40 0
33 77 -25 0
54 -36 32 0
-59 50 -16 0
19 29 64 0
71 82 62 0
-7 -51 -42 0
35 59 -79 0
80 -32 -82 0
-41 -32 29 0
-23 -13 -42 0
60 49 -50 0
-5 60 62 0
30 -42 23 0
-40 -3 35 0
-14 -27 -52 0
-76 -6 -11 0
30 -6 15 0
46 60 -63 0
-61 -64 3 0
-75 -37 4 0
-48 -8 3 0
-54 34 18 0
-40 -1 -60 0
-76 -25 -56 0
-53 65 30 0
68 -59 32 0
36 -34 -10 0
-33 29 -35 0
27 8 9 0
-32 43 -18 0
48 -54 7 0
66 -25 -22 0
-16 1 -12 0
40 73 12 0
69 -31 22 0
42 70 -18 0
57 44 63 0
-73 69 57 0
61 -54 -59 0
54 9 77 0
-31 21 10 0
40 -36 -24 0
-77 69 -80 0
-36 -17 -37 0
-20 -64 -50 0
-76 -29 -21 0
79 -44 -35 0
34 15 14 0
-68 -80 -51 0
-61 -64 34 0
27 81 64 0
-19 76 3 0
7 76 -49 0
-43 -3 -27 0
-57 41 -44 0
-26 17 12 0
63 -8 20 0
