p 79 336
-44 34 -75 0
21 8 -77 0
-77 -10 35 0
49 77 8 0
5 12 76 0
62 66 56 0
20 63 -35 0
21 -38 61 0
32 -54 -42 0
55 50 -27 0
-75 72 -54 0
66 -60 -27 0
-60 15 29 0
-73 56 8 0
-47 -19 -12 0
-50 -29 78 0
-77 51 -48 0
57 -11 56 0
15 -1 -4 0
12 -58 5 0
-49 -33 -54 0
39 34 18 0
48 -67 -37 0
33 -6 64 0
14 -35 -23 0
38 41 20 0
27 42 -48 0
-52 29 49 0
58 14 -16 0
-40 73 64 0
66 63 -34 0
-1 -34 54 0
17 41 74 0
33 78 -45 0
-70 -78 -15 0
-41 46 73 0
-79 -26 68 0
53 34 5 0
-49 -71 16 0
-6 -35 -63 0
-35 1 -17 0
70 56 -32 0
70 66 39 0
37 67 6 0
45 5 47 0
-22 1 25 0
-16 17 -47 0
-17 -21 47 0
-41 71 -73 0
28 -37 27 0
46 -37 60 0
43 -29 -75 0
-61 55 20 0
41 48 15 0
-34 -54 29 0
4 -26 -13 0
-35 43 -56 0
-76 -74 63 0
27 -25 -68 0
66 60 -72 0
67 -44 -35 0
67 -58 51 0
-67 -59 -60 0
-49 68 63 0
29 7 26 0
63 -37 62 0
-56 -51 69 0
-4 19 -61 0
-2 71 -74 0
-20 3 -43 0
16 -78 -8 0
-54 -17 -4 0
43 34 33 0
-18 53 -30 0
-25 36 -68 0
32 -50 75 0
-46 36 -37 0
16 56 47 0
-77 44 3 0
-51 -40 -8 0
42 53 -27 0
10 -75 -40 0
-42 22 -57 0
-27 -60 45 0
50 -16 17 0
-74 5 2 0
-46 27 76 0
2 -16 -78 0
-32 -9 39 0
69 66 44 0
41 -53 45 0
33 -79 60 0
-16 -47 41 0
-26 19 -27 0
54 -77 50 0
20 -67 64 0
23 47 15 0
8 78 45 0
53 -15 -20 0
-73 10 -41 0
37 -35 78 0
33 19 -39 0
31 40 5 0
-79 -15 -43 0
32 23 -1 0
75 29 65 0
-50 -13 14 0
-6 -5 39 0
-42 -24 -30 0
68 -14 41 0
-21 27 -32 0
76 39 -36 0
59 -4 77 0
7 59 -33 0
-23 -8 20 0
46 -47 -40 0
76 -42 -25 0
-31 25 -24 0
-69 -31 -13 0
-74 1 -54 0
-71 20 49 0
-6 -18 55 0
-26 -23 -54 0
70 -50 -9 0
-65 1 72 0
-26 -17 -29 0
59 -71 -16 0
75 -77 -30 0
-1 -29 36 0
-40 13 -43 0
-9 43 45 0
57 -14 55 0
-39 -74 -10 0
39 -79 -29 0
-35 47 -14 0
40 73 19 0
32 -53 73 0
64 -23 7 0
-18 -43 -49 0
38 -64 37 0
37 45 -60 0
-20 19 -74 0
7 63 23 0
-12 60 -5 0
-64 -7 -29 0
-40 -10 66 0
62 10 58 0
-46 -20 -54 0
-17 72 -56 0
-68 -69 10 0
-5 57 -3 0
-11 6 -14 0
-59 -14 -33 0
43 -70 10 0
-27 75 28 0
-59 -45 -33 0
45 27 61 0
-54 -9 -77 0
-68 -70 -64 0
24 26 48 0
-9 69 -26 0
31 -60 -74 0
68 -27 -13 0
69 40 -3 0
74 11 -25 0
-17 68 46 0
66 62 -21 0
12 17 -45 0
34 10 -74 0
31 58 19 0
53 -37 2 0
36 13 27 0
-41 50 -38 0
-49 51 -44 0
76 53 15 0
45 -36 -22 0
61 75 -4 0
72 -63 -43 0
-31 -23 -20 0
-16 24 1 0
41 13 66 0
26 -52 50 0
-7 76 -55 0
12 -56 -42 0
-76 39 -58 0
-25 -16 -19 0
-16 -73 -20 0
4 -2 5 0
-11 -13 -79 0
-43 -79 -73 0
-45 73 3 0
32 -1 36 0
62 12 33 0
-51 -66 45 0
59 -24 -49 0
-27 51 73 0
28 -66 60 0
11 67 -46 0
-20 26 1 0
22 77 65 0
-34 57 -42 0
43 40 -12 0
-53 -22 60 0
-6 27 -50 0
73 51 35 0
-64 66 27 0
-50 30 -65 0
27 47 42 0
-18 26 -72 0
75 -40 -68 0
46 -77 -10 0
63 69 -46 0
64 -14 -34 0
-27 -53 34 0
23 -11 -8 0
-69 26 -5 0
-71 70 -23 0
9 -29 61 0
31 -55 29 0
10 -69 -76 0
-27 54 -22 0
-57 71 -8 0
37 -3 -36 0
-64 -73 -63 0
-69 -48 42 0
-64 49 -55 0
-14 -26 -77 0
48 -22 -33 0
70 35 -34 0
-19 68 58 0
74 47 62 0
53 36 73 0
-3 -26 -2 0
53 57 31 0
79 26 -40 0
56 -66 78 0
-52 51 -6 0
64 -59 -14 0
74 15 45 0
48 -53 -28 0
24 35 -22 0
-68 22 48 0
-28 33 76 0
-30 19 65 0
10 78 6 0
-37 -24 59 0
28 -17 -71 0
-37 72 -60 0
55 37 -68 0
57 22 16 0
-70 60 57 0
-66 -28 55 0
-78 -15 -57 0
-78 -5 -2 0
-24 -76 64 0
47 -72 -10 0
44 -3 73 0
-29 30 -20 0
-78 8 -61 0
23 -51 -77 0
9 -54 55 0
-52 -65 53 0
-28 15 -3 0
-40 -28 38 0
28 71 -57 0
78 1 -15 0
-44 -15 -66 0
-58 -78 70 0
-11 -62 -73 0
-55 -6 5 0
19 58 79 0
63 -52 21 0
3 -14 -43 0
55 -2 10 0
-3 69 -62 0
-16 -3 -18 0
5 25 53 0
-8 -72 -32 0
33 -71 4 0
-62 -43 5 0
-41 -76 55 0
60 42 -38 0
70 -28 -9 0
-72 -59 -27 0
75 19 -7 0
54 36 44 0
69 -78 -37 0
-51 -6 -28 0
28 -24 -43 0
-17 -74 -53 0
73 6 -77 0
-6 44 -19 0
55 -47 9 0
-38 -30 -4 0
4 44 5 0
55 -63 -57 0
-19 2 33 0
-78 61 17 0
-62 -72 -2 0
70 33 -25 0
-9 -41 -5 0
33 56 5 0
76 -50 -11 0
-64 18 -51 0
-19 -20 70 0
4 73 22 0
-14 66 -25 0
26 -73 29 0
-71 -10 14 0
40 -71 -10 0
-44 -64 42 0
-3 -17 22 0
-28 52 34 0
10 34 -70 0
-69 23 77 0
14 -11 45 0
-64 16 76 0
-72 18 -69 0
35 -36 22 0
-40 -73 -61 0
16 -79 24 0
-11 -10 -34 0
-77 -6 20 0
76 67 77 0
73 -22 -25 0
-17 40 56 0
-20 13 2 0
-5 -57 -39 0
36 51 70 0
-26 -19 9 0
48 -70 71 0
16 57 -5 0
-24 45 -43 0
-61 -20 42 0
-37 -27 -11 0
2 15 -53 0
