p 73 310
-39 -8 -49 0
37 -73 5 0
-15 66 39 0
-37 -73 23 0
-26 -37 31 0
36 55 -67 0
-15 65 64 0
-3 -5 -61 0
-10 31 50 0
-19 39 33 0
-72 69 73 0
-45 37 -5 0
69 -37 -72 0
68 16 -44 0
-5 19 -68 0
-25 -66 -58 0
70 -39 -71 0
-43 -12 -59 0
-58 28 -43 0
-15 49 26 0
-5 65 -21 0
33 57 43 0
-64 -26 -3 0
-32 16 56 0
-44 -35 46 0
-42 52 37 0
35 27 -51 0
54 -5 11 0
-42 -7 54 0
-68 52 -64 0
47 21 15 0
-7 -8 41 0
66 -14 26 0
-7 -21 -49 0
54 46 49 0
-6 -28 -20 0
-18 36 -42 0
-31 -7 1 0
-44 -53 43 0
28 -32 -57 0
-73 -25 24 0
-12 -37 23 0
70 66 -49 0
29 -12 70 0
61 -19 -47 0
-60 38 4 0
8 -32 21 0
31 66 -21 0
56 -19 31 0
-70 39 10 0
-53 -44 39 0
-33 28 -68 0
-53 -17 -50 0
-35 -45 -47 0
3 -38 -29 0
-37 38 73 0
36 -12 -26 0
-50 -6 19 0
34 2 -52 0
39 -24 63 0
-72 6 47 0
54 -21 -44 0
31 10 -46 0
62 -47 34 0
-32 -49 47 0
25 -73 -19 0
5 -2 -25 0
-14 -1 -30 0
-72 -22 2 0
30 -18 63 0
14 -57 -33 0
-50 -17 -60 0
29 -11 17 0
20 10 -46 0
-11 37 25 0
3 15 -38 0
3 64 -47 0
27 -52 -68 0
60 18 -36 0
17 51 69 0
48 -49 66 0
-9 -12 -62 0
58 29 -3 0
36 14 18 0
-61 26 37 0
58 -31 -44 0
72 -2 31 0
-52 58 -19 0
54 -15 38 0
50 -12 -13 0
-65 -21 -60 0
-22 12 -65 0
69 2 -68 0
-48 -1 28 0
23 6 72 0
56 -67 -57 0
60 37 -40 0
-22 3 17 0
-28 54 -22 0
-53 3 -70 0
-12 -34 -31 0
36 -56 -43 0
-23 62 3 0
-60 -68 55 0
-60 -54 -36 0
-61 28 -64 0
-56 67 -58 0
-30 -34 66 0
-42 -72 -21 0
-57 11 -53 0
-43 -73 9 0
-15 -18 -35 0
1 72 -11 0
-15 -13 10 0
35 -60 20 0
17 -73 31 0
43 -1 4 0
-25 7 -67 0
-44 57 37 0
-71 49 66 0
30 -43 -14 0
-38 -9 -25 0
-21 11 41 0
-61 -11 42 0
25 -3 35 0
58 -36 5 0
-69 -23 -62 0
60 69 -28 0
62 69 15 0
-22 45 8 0
-25 -58 32 0
44 43 -34 0
27 33 -32 0
-25 -28 -11 0
-49 72 -73 0
64 23 31 0
-71 48 -59 0
8 -2 -60 0
57 16 66 0
33 50 23 0
-9 -3 73 0
-71 18 14 0
-46 -7 42 0
-66 -2 -47 0
65 8 -46 0
-29 32 -65 0
-26 -19 -15 0
22 -12 47 0
-29 56 44 0
-55 36 -43 0
-36 44 47 0
-54 -13 -63 0
-5 49 -27 0
23 41 45 0
9 18 -71 0
-14 63 62 0
-41 -23 57 0
-61 -59 23 0
-1 47 12 0
-67 59 37 0
3 -71 56 0
-33 16 -18 0
-45 -15 -28 0
-28 -34 37 0
55 26 39 0
-38 51 -13 0
-63 6 29 0
36 -53 55 0
-46 26 45 0
-20 -41 8 0
-13 54 52 0
17 -5 -68 0
-17 4 55 0
-35 -46 -58 0
-71 69 -61 0
-65 43 70 0
-42 -2 48 0
22 -41 -52 0
-72 13 1 0
-53 69 -58 0
-5 38 -49 0
-69 55 -28 0
-63 -53 -42 0
5 -60 -35 0
40 58 -47 0
31 11 -70 0
-37 -62 49 0
21 -18 -45 0
25 -64 -5 0
-59 16 7 0
71 61 35 0
-3 -73 65 0
-12 -70 38 0
18 -14 -54 0
-67 16 -7 0
-7 -39 66 0
29 26 22 0
52 14 22 0
22 71 66 0
-56 60 -17 0
-29 50 -21 0
20 70 39 0
-14 2 -42 0
62 -9 -12 0
40 -36 27 0
66 20 -7 0
40 63 -15 0
59 -72 -34 0
-59 25 47 0
67 43 47 0
29 -63 20 0
27 12 34 0
72 -11 57 0
58 -39 -34 0
-8 -39 -14 0
-24 6 -68 0
-36 -4 -50 0
59 44 -51 0
2 -9 -47 0
-62 -49 22 0
39 25 -6 0
51 -19 56 0
30 -68 60 0
56 -7 -16 0
-29 -47 50 0
-35 -33 -73 0
57 -64 43 0
73 59 47 0
41 73 -36 0
-69 43 -67 0
61 -66 63 0
-23 -67 -26 0
-56 -62 37 0
18 -64 -20 0
56 -2 25 0
-52 -58 -14 0
58 55 63 0
5 -35 -42 0
20 -48 -34 0
-14 -22 -30 0
-25 -19 22 0
40 50 -2 0
-19 1 -65 0
-14 -21 -71 0
38 24 7 0
22 58 38 0
44 15 66 0
-40 -1 30 0
2 -33 22 0
-45 -11 10 0
7 -55 -10 0
-14 27 62 0
25 2 -11 0
31 22 65 0
-10 39 -12 0
60 11 64 0
3 -72 -42 0
-47 -22 -58 0
17 -21 -12 0
17 -4 -54 0
41 54 20 0
67 16 55 0
3 -46 19 0
-50 -56 -71 0
41 -61 62 0
-35 -2 7 0
36 23 -57 0
66 57 -8 0
9 -69 10 0
-67 7 32 0
-59 -68 -64 0
18 41 -73 0
30 -27 -31 0
-24 -3 -39 0
29 -23 52 0
-17 -21 43 0
-27 61 -49 0
23 58 -5 0
6 -54 18 0
-29 -64 70 0
-57 -12 -21 0
-68 67 63 0
14 21 -24 0
68 34 -3 0
-38 24 -58 0
29 19 55 0
57 13 -21 0
18 73 -37 0
-5 -47 54 0
-67 15 -23 0
-32 -31 -68 0
-19 -50 -58 0
-28 18 59 0
9 -34 28 0
-30 11 6 0
-17 -73 -46 0
-39 30 -48 0
-3 15 -7 0
9 -51 -13 0
21 48 -72 0
-4 -39 21 0
69 13 27 0
-8 -62 69 0
-53 -14 -7 0
31 -61 3 0
46 11 -26 0
15 -3 21 0
65 71 39 0
-44 -58 -49 0
-72 36 45 0
