p 35 149
-3 6 19 0
13 -3 -30 0
9 -23 8 0
14 -30 -23 0
7 17 28 0
-31 -24 9 0
-8 -23 -20 0
2 5 -29 0
35 -20 17 0
2 -9 -11 0
14 16 -30 0
-4 6 30 0
4 -5 -7 0
-2 -21 26 0
9 -14 24 0
-2 27 9 0
16 32 34 0
10 -15 -5 0
-20 -30 21 0
-18 -35 -12 0
5 1 9 0
23 -29 -5 0
-21 32 3 0
-6 -14 -2 0
-22 -17 -21 0
35 -13 -32 0
4 -6 -31 0
12 -27 7 0
-26 -32 13 0
-1 -24 -2 0
23 -5 31 0
-3 -24 -13 0
-11 -29 32 0
-24 13 -25 0
11 -14 20 0
-27 -1 34 0
20 12 -11 0
20 31 16 0
15 -28 -1 0
-31 -34 10 0
-16 -33 -32 0
9 13 -6 0
-22 -15 -23 0
25 -19 1 0
-1 31 33 0
13 -8 -11 0
33 21 5 0
-14 -15 -7 0
18 29 -9 0
34 -18 23 0
10 -6 15 0
21 -27 11 0
2 -5 35 0
-19 2 16 0
-2 -4 16 0
-10 -27 28 0
-25 -5 -15 0
-34 1 -25 0
-24 34 -7 0
-11 -32 -30 0
6 -27 7 0
19 -1 20 0
-9 34 -7 0
16 3 -7 0
-1 8 -26 0
-4 -27 -29 0
-14 -10 34 0
-13 -24 -2 0
-34 9 -14 0
6 22 -17 0
-14 -19 -15 0
-18 2 12 0
-21 -27 -23 0
13 -27 25 0
13 23 9 0
-33 17 -8 0
33 13 35 0
-20 -9 14 0
30 23 -1 0
2 -5 -32 0
-32 -20 -19 0
-31 -20 34 0
-15 29 -30 0
34 -14 -9 0
23 13 -21 0
8 -32 35 0
-26 -13 19 0
-13 20 -8 0
2 -12 -8 0
12 -26 -4 0
-20 21 -31 0
-19 35 -26 0
-20 25 -12 0
-18 7 2 0
-4 29 35 0
21 -24 -2 0
19 32 27 0
28 18 29 0
-15 -4 35 0
-15 -8 -18 0
12 10 5 0
-22 -5 33 0
-17 29 -27 0
-2 -22 -4 0
-24 5 -9 0
26 19 21 0
-12 19 -33 0
17 -31 18 0
-19 16 2 0
22 -9 24 0
-11 -1 -25 0
-18 -12 29 0
34 -14 -12 0
16 -1 -2 0
-26 -9 -31 0
26 5 -33 0
-4 -32 3 0
21 -6 -30 0
-33 28 4 0
-28 -35 -16 0
19 -12 7 0
11 -8 35 0
-23 35 -3 0
-16 -2 -18 0
6 10 -27 0
20 -11 21 0
20 -4 22 0
-27 13 -30 0
-8 33 -26 0
-4 29 -34 0
-12 4 20 0
27 10 24 0
-27 25 -16 0
-25 24 15 0
28 -7 2 0
31 11 -21 0
-10 12 -28 0
25 -8 -34 0
-19 9 15 0
-5 11 22 0
-35 -31 8 0
18 10 15 0
-29 -28 -11 0
-9 12 22 0
34 12 20 0
6 -18 -15 0
-9 -2 -23 0
-5 18 -16 0
-18 -4 2 0
