p 92 391
-61 71 68 0
-40 62 -49 0
53 89 37 0
-62 -23 -14 0
-11 49 -7 0
-65 -6 -30 0
-11 -58 33 0
60 5 -25 0
41 71 -57 0
74 -76 48 0
73 -70 -54 0
41 -81 -52 0
38 -81 91 0
-30 -89 -53 0
92 -86 -2 0
-30 85 35 0
30 40 76 0
19 -17 -45 0
45 48 66 0
69 -48 74 0
-4 37 -62 0
-41 -10 42 0
-83 79 -50 0
92 72 -43 0
71 57 -67 0
23 82 81 0
40 -41 -43 0
58 69 12 0
73 30 29 0
25 67 50 0
13 -66 -80 0
-67 -49 39 0
1 23 66 0
47 28 -43 0
15 -91 23 0
-69 90 51 0
82 5 6 0
-28 -73 18 0
-77 29 -54 0
68 90 43 0
-5 -15 57 0
12 -53 64 0
16 68 -14 0
-26 -8 68 0
-28 -45 92 0
-76 64 -29 0
-48 79 53 0
45 -31 -15 0
85 73 -67 0
42 -32 -19 0
33 18 91 0
-52 29 72 0
-38 -14 -32 0
-20 -69 -82 0
-61 -68 82 0
-55 -14 92 0
-85 19 78 0
-19 73 -62 0
-10 -43 -78 0
-21 -18 -40 0
89 -81 -1 0
-3 -52 -53 0
66 5 27 0
-82 -49 -71 0
25 -1 -85 0
-85 -92 -10 0
-9 64 80 0
-47 33 13 0
-73 -11 -47 0
-60 -30 27 0
53 -54 -4 0
91 72 33 0
-1 39 -22 0
30 65 -36 0
-3 60 4 0
33 -84 -61 0
-89 40 -18 0
56 85 -11 0
50 -7 -12 0
27 73 -70 0
-14 -86 -13 0
28 36 -68 0
16 88 -13 0
29 -5 65 0
73 -43 -77 0
-10 52 80 0
-57 -30 -36 0
82 -22 -44 0
48 -85 24 0
-21 81 23 0
63 86 72 0
30 -25 74 0
81 -85 68 0
83 15 -17 0
26 -49 -92 0
12 -53 -7 0
-81 28 -7 0
62 78 83 0
69 47 46 0
-3 57 -16 0
81 -54 40 0
-2 -76 12 0
76 59 15 0
85 18 40 0
-1 -83 -84 0
41 77 39 0
6 -59 51 0
-18 -44 37 0
72 -17 64 0
-50 77 11 0
-69 -44 -54 0
-72 -92 -23 0
-31 -26 40 0
-19 -73 9 0
49 76 -77 0
-58 -81 52 0
-75 -26 -77 0
51 -38 -40 0
-12 -33 -48 0
-49 -75 31 0
-24 82 84 0
33 -26 -63 0
-61 11 -25 0
-51 -57 -50 0
-58 -45 52 0
-47 52 49 0
-33 -10 -44 0
36 28 2 0
69 78 -17 0
62 -84 35 0
-74 -37 78 0
-91 -17 68 0
-17 -57 -37 0
68 59 3 0
36 43 -35 0
83 85 78 0
60 -82 55 0
28 88 85 0
-52 85 17 0
-56 -30 13 0
-91 69 32 0
66 25 63 0
-89 -43 79 0
-59 18 20 0
74 -85 -48 0
68 -43 -51 0
-49 74 42 0
50 -4 -27 0
-65 43 -52 0
54 -44 38 0
-6 16 -25 0
-40 -44 85 0
-3 43 85 0
2 -67 -91 0
-36 56 30 0
1 82 36 0
3 -90 45 0
88 21 69 0
-89 -24 -80 0
50 -43 -32 0
70 -84 -89 0
83 -10 -21 0
-37 38 31 0
-78 34 5 0
-44 -58 87 0
-92 16 44 0
-74 13 23 0
33 11 -67 0
35 32 -44 0
-32 -67 -83 0
3 12 -62 0
34 53 -10 0
79 53 -6 0
-61 15 -90 0
88 3 26 0
80 -46 71 0
67 -42 41 0
72 74 -64 0
-35 5 74 0
73 -55 30 0
-67 -84 46 0
49 80 -88 0
58 65 75 0
-58 -35 91 0
64 -66 30 0
56 6 -69 0
-39 -22 57 0
-62 3 -11 0
-82 47 58 0
-17 44 83 0
44 73 -56 0
88 -75 -8 0
-72 90 17 0
-14 19 47 0
45 -52 54 0
-64 84 65 0
-73 -5 24 0
30 45 -53 0
-40 -77 -31 0
-82 67 60 0
16 38 -49 0
91 -8 16 0
-84 -45 80 0
33 -54 -16 0
-39 -60 -80 0
-58 -88 -62 0
-59 -63 -74 0
-9 27 60 0
12 11 -39 0
3 62 -36 0
32 80 68 0
65 76 42 0
-87 14 89 0
-28 6 84 0
43 30 -16 0
53 -69 47 0
2 -73 -45 0
-17 -43 -26 0
28 74 -89 0
-21 -7 -67 0
18 8 -92 0
89 28 54 0
-7 35 -63 0
-55 41 -80 0
-69 -17 91 0
53 -13 12 0
57 80 24 0
12 -13 -77 0
70 87 -88 0
62 -6 76 0
82 24 -59 0
64 22 -77 0
-8 66 52 0
40 -27 -75 0
53 1 6 0
-12 -63 14 0
-18 30 9 0
-92 46 -42 0
-13 67 -45 0
-15 17 -74 0
45 44 -76 0
52 56 -58 0
71 -32 18 0
12 33 -87 0
-35 78 -2 0
-11 -70 -9 0
43 22 9 0
-88 -28 3 0
-39 42 -83 0
19 -86 33 0
31 -15 -6 0
61 -68 -56 0
8 -41 91 0
87 85 -41 0
58 -76 -55 0
-18 -54 21 0
-21 -20 58 0
8 70 77 0
-86 13 -10 0
-61 11 5 0
-37 22 79 0
76 -79 36 0
-43 6 56 0
33 -52 -47 0
88 30 -58 0
-21 67 -62 0
-32 65 -58 0
62 60 -50 0
-9 -91 45 0
73 -48 -55 0
-73 65 76 0
-65 -15 -2 0
48 30 77 0
-83 37 73 0
92 31 -39 0
-92 -9 21 0
-59 22 -74 0
-91 1 54 0
13 -76 -75 0
-7 6 -62 0
-58 -27 8 0
83 -11 82 0
41 -62 59 0
-14 90 66 0
71 -39 16 0
-37 79 85 0
68 42 85 0
-69 68 -16 0
-33 -34 47 0
44 -69 70 0
57 -5 -49 0
78 -57 59 0
-89 -70 -28 0
19 -84 67 0
12 -50 -37 0
-55 29 9 0
6 64 38 0
32 7 22 0
-19 -76 81 0
85 27 -90 0
-88 78 59 0
41 -69 -53 0
-79 16 -83 0
-12 -32 30 0
-31 83 -45 0
-82 -67 12 0
66 7 -24 0
47 23 35 0
-44 -31 -82 0
47 35 -34 0
82 3 -1 0
-30 22 -32 0
-48 61 59 0
1 42 73 0
40 42 -28 0
48 -62 -60 0
56 -16 58 0
21 -62 -39 0
-70 -10 75 0
-2 -43 -65 0
17 23 14 0
87 58 33 0
21 78 -60 0
3 -16 -18 0
-57 9 -17 0
-29 -90 -22 0
19 78 -41 0
5 -47 36 0
-82 -52 -53 0
35 33 26 0
-15 12 78 0
-63 -1 -58 0
-55 -16 -59 0
54 2 -35 0
-64 87 42 0
85 72 -88 0
-34 12 -69 0
19 58 71 0
-78 -71 -48 0
-67 -69 -25 0
-77 -19 -16 0
30 -20 -13 0
-20 -54 39 0
-56 -4 64 0
46 14 -50 0
36 -7 58 0
-20 -64 -76 0
66 -82 80 0
92 5 -86 0
80 1 -87 0
57 64 72 0
20 60 -64 0
5 -78 92 0
-82 25 -50 0
-72 56 23 0
6 -73 81 0
-8 -2 43 0
-2 -55 -13 0
-60 48 36 0
-92 47 70 0
8 -80 -68 0
-21 66 -10 0
70 36 88 0
52 50 -88 0
-73 25 -19 0
28 62 67 0
-37 -84 32 0
-55 -67 -59 0
65 44 -52 0
-34 38 -12 0
20 -89 21 0
61 -17 4 0
73 -16 24 0
-80 43 59 0
1 91 -40 0
4 -70 91 0
52 -13 -83 0
-58 -21 -85 0
-60 -70 4 0
-62 86 82 0
48 -59 -33 0
-79 54 -18 0
-80 -14 26 0
-47 21 20 0
78 -42 56 0
50 -73 -53 0
83 -15 47 0
-33 -64 84 0
-55 23 -84 0
-70 23 -30 0
-16 12 -49 0
