p 29 123
7 -14 -17 0
-21 -28 -15 0
17 25 -8 0
21 -5 12 0
-18 10 8 0
-23 -18 26 0
25 17 23 0
-4 -17 -7 0
-13 -29 7 0
-7 -4 -15 0
-19 -27 12 0
15 5 27 0
14 -3 9 0
2 -9 -8 0
-29 7 2 0
20 -11 -24 0
16 -8 19 0
-13 -10 11 0
8 22 11 0
5 -11 -17 0
-26 -23 16 0
-18 14 29 0
9 22 -4 0
-11 1 -3 0
5 17 23 0
-19 -11 20 0
5 14 -9 0
-9 -13 -20 0
26 -7 22 0
11 24 -28 0
-10 -11 18 0
22 -29 -18 0
7 25 20 0
3 10 12 0
19 8 27 0
-11 -18 29 0
17 -15 25 0
13 15 -9 0
-13 3 23 0
-7 -1 -21 0
27 26 25 0
14 12 19 0
-4 -16 -27 0
-22 -27 14 0
1 14 -18 0
-12 -18 24 0
28 14 17 0
10 1 -23 0
-4 -10 28 0
1 17 15 0
1 -8 12 0
-7 26 -6 0
4 -19 -24 0
-11 9 -4 0
-1 -18 22 0
-15 -25 7 0
-4 -27 -8 0
28 10 -14 0
-9 -20 5 0
-9 19 -11 0
-2 13 -25 0
20 12 -10 0
-28 20 10 0
-21 -6 23 0
-20 11 -17 0
-13 12 -5 0
1 -29 -7 0
29 2 8 0
1 22 -19 0
23 -7 -27 0
-20 -1 -22 0
9 -6 -21 0
-28 9 -4 0
-2 -18 -7 0
-5 2 -26 0
-13 10 -20 0
-24 -4 -23 0
6 -24 8 0
24 7 -6 0
-18 -21 29 0
29 -7 13 0
-18 -2 3 0
-25 -21 -16 0
-3 -20 9 0
4 11 18 0
-19 -28 22 0
3 10 -26 0
5 -22 -10 0
-14 11 -23 0
-26 -25 -29 0
-22 -24 18 0
29 -19 -23 0
23 -8 -12 0
-25 -16 -17 0
-12 11 14 0
8 28 -29 0
10 7 -16 0
-22 -5 27 0
-7 10 2 0
26 -14 -19 0
18 -2 15 0
-8 21 -15 0
-20 16 9 0
13 2 -29 0
3 5 -18 0
-2 -28 -8 0
-5 12 -7 0
27 21 14 0
-13 2 -14 0
-29 -5 6 0
15 8 23 0
-15 8 19 0
28 -19 8 0
-3 13 2 0
20 1 3 0
25 5 23 0
-9 -16 -24 0
-26 -8 -4 0
11 -3 24 0
15 20 24 0
-13 3 18 0
3 -12 -7 0
-17 29 -5 0
