p 34 144
13 -10 11 0
-18 -10 -12 0
31 -7 24 0
11 20 -16 0
-9 29 17 0
-22 -33 21 0
-27 -9 17 0
30 -27 -14 0
22 -28 26 0
-10 -34 -9 0
17 -25 -34 0
-9 1 32 0
-8 1 -5 0
-27 -26 -28 0
28 -34 -31 0
-18 -33 6 0
14 -13 -15 0
13 -22 -4 0
-17 29 -19 0
-30 -2 15 0
-26 -5 21 0
20 32 -12 0
-22 21 -3 0
-23 -30 -27 0
-6 31 -19 0
32 -9 -10 0
-2 -3 11 0
-18 9 -3 0
32 25 7 0
9 -11 15 0
9 16 -10 0
14 1 -18 0
20 -10 -6 0
8 -18 10 0
-8 13 -31 0
26 -20 25 0
23 34 5 0
-8 -32 1 0
31 -5 -12 0
-1 25 15 0
26 16 -12 0
30 -26 -32 0
17 23 -3 0
22 -15 -20 0
15 18 22 0
-10 1 31 0
18 -29 -21 0
10 -25 -31 0
-28 -1 29 0
-10 -22 -12 0
-12 17 -26 0
25 -26 30 0
18 15 24 0
-15 3 29 0
-1 -21 19 0
14 -17 -11 0
-31 -3 -18 0
-19 13 28 0
18 -33 -5 0
-11 33 8 0
-22 -30 -26 0
20 19 -32 0
-3 -28 -33 0
-18 -32 -4 0
-4 -1 -3 0
-7 9 -22 0
-15 17 27 0
16 -1 -21 0
-34 26 16 0
-11 -27 7 0
6 31 -4 0
13 32 20 0
5 -31 -16 0
33 7 -19 0
24 1 -20 0
31 -11 -1 0
-28 -34 21 0
27 32 29 0
4 34 -17 0
-33 -5 34 0
19 -32 13 0
-23 3 14 0
-23 -8 18 0
-11 26 -15 0
32 33 18 0
-33 3 31 0
-16 13 -15 0
-8 33 25 0
8 21 26 0
-33 3 15 0
22 15 6 0
-12 -29 24 0
15 24 4 0
5 18 -19 0
-17 14 23 0
-8 31 -29 0
-29 27 -13 0
-21 1 10 0
1 12 -6 0
31 28 -10 0
26 23 2 0
19 -21 10 0
34 -8 21 0
24 -11 23 0
-4 2 13 0
26 -17 -27 0
9 22 5 0
-31 10 27 0
2 1 -28 0
32 -17 -26 0
23 -29 -16 0
-30 15 -32 0
-25 -14 -16 0
-6 8 29 0
-1 -33 34 0
3 30 8 0
-9 -20 -28 0
2 -31 -6 0
-20 -7 -3 0
-13 -12 -21 0
34 -18 27 0
-26 24 -6 0
-34 8 -20 0
-19 -10 -9 0
15 25 -24 0
6 34 30 0
17 21 -32 0
-1 2 9 0
20 -32 7 0
10 -5 16 0
31 -12 -4 0
1 -32 9 0
-34 -8 -31 0
17 -28 1 0
21 -28 31 0
-30 -21 13 0
-12 -33 7 0
-19 17 20 0
6 27 32 0
-22 3 10 0
-20 -21 27 0
-10 16 15 0
-20 -3 -18 0
-1 28 12 0
