p 78 332
-67 64 56 0
28 25 -63 0
-75 -76 61 0
-28 27 61 0
29 28 19 0
-68 43 11 0
31 53 -66 0
-43 -76 -29 0
15 -64 30 0
53 -73 48 0
-26 -7 -27 0
-41 -53 -29 0
5 57 17 0
-2 25 -18 0
-35 -77 18 0
-7 -63 64 0
75 -34 5 0
5 54 -67 0
-35 -29 39 0
-13 -34 -11 0
34 66 -13 0
-5 -68 47 0
-69 41 20 0
32 29 26 0
54 -70 29 0
36 21 -58 0
-62 -28 10 0
-1 14 8 0
77 -31 -63 0
14 -73 41 0
12 28 64 0
54 76 -19 0
-38 -68 -33 0
-68 44 -28 0
32 -50 65 0
-50 42 7 0
44 -28 12 0
15 22 -37 0
-20 23 27 0
-7 -6 3 0
68 73 21 0
-13 -49 15 0
-22 53 20 0
-53 -13 49 0
41 56 -69 0
-60 63 -17 0
64 -16 20 0
42 29 31 0
62 -54 24 0
-29 53 -75 0
-9 -10 77 0
39 -25 56 0
-15 36 63 0
-61 -16 8 0
-41 -47 -40 0
25 -66 -20 0
-35 66 41 0
-53 68 -3 0
34 19 67 0
-30 28 -39 0
-49 -10 -59 0
42 -35 -2 0
50 -7 -37 0
-76 2 32 0
-55 -62 46 0
14 68 49 0
28 63 -69 0
61 75 21 0
-51 -14 -2 0
29 -45 -3 0
37 -26 49 0
53 -70 57 0
-3 32 -46 0
-12 50 59 0
-74 66 32 0
-72 -30 44 0
30 71 -13 0
-50 -46 32 0
26 -59 30 0
72 74 -45 0
49 27 -75 0
75 29 25 0
25 -27 32 0
41 31 -10 0
27 23 77 0
-63 -74 -49 0
44 -55 47 0
-30 -67 -4 0
28 56 -47 0
14 -34 -4 0
41 -76 -78 0
7 -3 -4 0
27 -11 31 0
-24 57 35 0
-15 -68 54 0
30 13 -76 0
7 23 -73 0
-38 8 -19 0
18 28 33 0
-11 -7 39 0
-36 -15 35 0
77 -59 -63 0
-70 4 37 0
-33 10 -37 0
-12 -10 69 0
-7 4 -47 0
42 34 7 0
-30 -24 -72 0
-62 -2 -69 0
29 -16 39 0
43 22 -18 0
-19 -30 49 0
-41 -14 72 0
-40 -60 69 0
15 -28 -52 0
-46 1 -16 0
-67 16 38 0
-18 -15 -62 0
-15 44 -8 0
-30 -77 -13 0
21 10 11 0
50 -35 52 0
-29 -76 -39 0
15 49 -71 0
-55 -49 25 0
-61 -3 68 0
28 66 -4 0
-78 -12 -40 0
73 27 33 0
11 -5 65 0
29 -26 71 0
-11 32 54 0
-52 7 -65 0
-74 21 17 0
5 33 -32 0
66 -35 60 0
5 36 16 0
-1 -71 -25 0
35 57 -67 0
-58 -32 -60 0
58 35 9 0
39 14 -45 0
62 -31 51 0
56 -14 5 0
-37 -45 16 0
-13 7 22 0
25 -45 -70 0
46 -68 -22 0
-74 -59 54 0
-61 -73 -76 0
-34 64 68 0
-70 15 -19 0
23 77 -4 0
12 28 -69 0
-36 8 34 0
-42 33 12 0
45 55 -69 0
44 43 71 0
72 -23 76 0
57 -44 -37 0
10 73 -18 0
-8 -9 -10 0
9 42 -62 0
-74 6 53 0
-27 19 74 0
56 -69 -24 0
66 28 -29 0
42 -56 -68 0
-47 34 58 0
-36 6 21 0
10 -54 -64 0
54 22 45 0
27 -6 20 0
-22 -50 -44 0
34 -7 45 0
38 -48 -6 0
-37 -22 -34 0
-70 -64 -53 0
-31 -40 52 0
31 -23 -67 0
-46 -23 -21 0
-37 -74 -10 0
-63 5 16 0
-64 -51 -71 0
-49 -22 41 0
-73 51 -2 0
18 66 -68 0
-62 -74 -55 0
-67 -40 -20 0
-5 62 -18 0
16 -28 -66 0
62 -72 28 0
-31 52 -41 0
-62 45 -63 0
42 37 -52 0
6 -56 7 0
-68 40 41 0
42 62 1 0
26 9 44 0
39 -74 62 0
-33 56 11 0
31 -42 32 0
6 63 41 0
-17 -30 44 0
67 -53 -57 0
17 -60 46 0
-61 -71 64 0
-33 19 -4 0
43 22 -49 0
-8 34 -67 0
-35 -38 -14 0
41 -10 -42 0
17 -39 66 0
-26 -74 -30 0
-49 -64 54 0
53 -8 -47 0
32 35 21 0
22 2 3 0
-60 69 75 0
-52 35 18 0
7 -10 -38 0
-34 66 45 0
-63 -72 -29 0
-18 72 -41 0
63 44 38 0
24 9 76 0
-25 5 19 0
-60 -15 8 0
-20 23 35 0
5 -53 6 0
-27 48 -24 0
-32 28 8 0
60 -19 23 0
-42 18 -35 0
15 -62 56 0
-54 36 -61 0
42 72 -66 0
-59 33 77 0
-51 57 28 0
2 40 -43 0
51 34 6 0
-26 -47 -17 0
1 57 -28 0
74 52 -3 0
4 53 58 0
-36 -13 57 0
-58 -47 40 0
-32 71 34 0
-41 -30 -44 0
-67 -72 -60 0
-18 -16 77 0
-3 -49 55 0
77 63 23 0
-49 -48 18 0
-10 64 -12 0
59 44 -15 0
16 19 13 0
56 -51 57 0
7 70 -34 0
-34 -74 11 0
44 -20 49 0
60 -41 20 0
-51 37 54 0
-20 7 31 0
29 31 -38 0
73 50 -24 0
-23 -34 31 0
14 -19 38 0
-20 67 30 0
72 74 -17 0
30 -74 -3 0
49 -45 -1 0
77 -20 1 0
-74 -16 19 0
11 -59 -14 0
-44 27 -64 0
-5 -4 -74 0
60 38 19 0
-38 49 -16 0
-73 42 -48 0
77 -48 52 0
65 77 46 0
66 -28 10 0
33 31 -40 0
63 -75 6 0
21 -57 -20 0
-6 -18 -39 0
-25 -67 -54 0
-8 -49 37 0
78 -24 41 0
-36 -55 58 0
74 -13 -64 0
12 19 -53 0
68 -40 -52 0
-43 -6 25 0
45 -3 28 0
-55 -30 66 0
-63 -70 -62 0
38 -16 12 0
-53 42 -19 0
72 76 -13 0
53 -49 55 0
-15 8 -1 0
-23 30 29 0
34 -69 -11 0
-32 -48 -1 0
-32 -57 55 0
19 65 27 0
-56 65 -27 0
58 3 -32 0
35 -58 -62 0
23 -29 -30 0
-67 19 -61 0
55 -27 65 0
-39 40 7 0
-42 -2 39 0
27 38 78 0
-24 -61 47 0
64 -5 -7 0
-22 78 29 0
-6 21 -36 0
-25 67 78 0
16 65 -42 0
52 10 65 0
72 54 60 0
30 49 29 0
16 -39 51 0
60 -10 -42 0
-67 -54 23 0
-27 19 46 0
63 -24 44 0
69 13 64 0
