p 81 345
-41 39 12 0
46 68 45 0
59 -57 26 0
-5 64 10 0
7 -10 45 0
-15 -12 -27 0
-47 16 -21 0
81 -16 -77 0
-59 -55 17 0
37 64 49 0
30 12 51 0
-70 -30 -1 0
-15 12 13 0
56 47 -65 0
-70 -67 2 0
-30 -38 20 0
-34 48 -15 0
10 -57 25 0
-67 -23 -47 0
75 -26 20 0
63 73 -21 0
75 61 -11 0
28 24 -55 0
36 -24 8 0
67 2 27 0
-27 -18 -61 0
-67 -14 58 0
-38 -57 54 0
44 31 63 0
-69 72 -66 0
57 34 71 0
19 61 81 0
-71 -41 -72 0
-49 20 5 0
-51 -58 18 0
-69 81 -27 0
-68 62 32 0
29 58 -9 0
52 -75 11 0
-59 -51 40 0
-44 -69 -6 0
-81 -12 -39 0
-38 -39 -24 0
7 -31 73 0
27 76 73 0
-40 18 -77 0
45 15 27 0
-17 40 -6 0
-45 -31 35 0
39 -62 -25 0
-42 -71 -23 0
9 47 76 0
24 -33 74 0
59 -72 -43 0
46 -29 -27 0
11 -45 -1 0
16 38 -40 0
33 -34 1 0
-74 -30 -32 0
-36 54 -79 0
-17 -31 -2 0
10 -67 -47 0
-24 -34 -54 0
72 39 -45 0
7 54 74 0
32 -2 9 0
28 -19 4 0
-55 57 54 0
-8 -35 -38 0
49 -37 8 0
38 -63 46 0
69 73 4 0
47 40 12 0
-49 36 25 0
4 6 -72 0
-6 79 27 0
-49 24 8 0
55 20 14 0
-48 21 -62 0
45 -57 -63 0
-31 59 78 0
-66 23 72 0
-31 33 30 0
38 31 -46 0
-35 -55 49 0
81 49 67 0
-61 31 -44 0
16 37 27 0
78 -68 79 0
-36 -45 49 0
43 58 56 0
-1 -70 -64 0
17 -55 68 0
-32 76 -2 0
51 -74 59 0
-80 -7 -74 0
5 77 64 0
-63 -73 19 0
51 79 -30 0
-11 -31 41 0
29 -6 70 0
13 63 28 0
-70 53 -61 0
-17 -47 -58 0
-72 -61 -6 0
8 5 -42 0
-2 38 14 0
-60 6 73 0
9 -18 55 0
-5 -48 -4 0
-61 -54 -35 0
5 71 -57 0
-38 -48 -80 0
-11 -58 43 0
-18 -57 -6 0
14 -81 15 0
-25 -81 -51 0
52 79 44 0
55 -4 -5 0
64 12 61 0
57 -73 79 0
16 -15 -32 0
-13 73 -49 0
-81 -24 -11 0
62 -3 -15 0
-24 -36 -22 0
13 -18 68 0
-65 46 -41 0
-62 18 -6 0
80 44 -66 0
76 73 23 0
-55 26 23 0
30 -33 5 0
78 -7 10 0
45 11 -79 0
18 -19 -34 0
-11 13 41 0
61 -63 -11 0
78 11 -2 0
-69 -14 -63 0
36 38 -49 0
9 39 28 0
-55 72 12 0
73 -31 -13 0
74 -17 2 0
12 56 21 0
69 -41 33 0
53 68 -1 0
-78 29 54 0
-4 35 -73 0
18 38 -51 0
37 -73 -11 0
-45 65 71 0
78 17 47 0
-55 -37 79 0
-24 -59 76 0
76 68 -74 0
-61 -1 21 0
73 -80 -29 0
-38 -46 54 0
40 -63 51 0
5 51 31 0
6 -68 -2 0
50 47 22 0
-21 74 1 0
-34 -69 59 0
-24 69 -52 0
49 -80 -23 0
75 6 53 0
5 71 -62 0
23 40 -52 0
2 26 -7 0
-36 65 30 0
-78 79 10 0
-41 -21 -56 0
19 25 53 0
35 -51 -81 0
-17 59 35 0
14 -74 67 0
76 -79 -67 0
-52 -75 -55 0
-29 5 -39 0
3 57 -62 0
30 -6 22 0
79 -19 12 0
-28 65 -38 0
78 66 -68 0
-2 58 -53 0
-59 -81 73 0
-73 6 46 0
-43 -50 48 0
-54 -63 71 0
-54 53 -16 0
24 14 43 0
-8 73 70 0
-81 9 77 0
10 -51 47 0
55 75 34 0
-7 -78 77 0
49 -5 -62 0
38 -50 -70 0
-4 -74 -37 0
65 72 -57 0
-5 17 63 0
-35 -50 -56 0
-69 2 -47 0
17 30 71 0
22 6 23 0
8 -24 76 0
81 -7 65 0
-81 -43 -71 0
-18 24 -36 0
-56 -43 7 0
-68 -42 -50 0
-1 67 41 0
-48 -70 -3 0
-49 -74 36 0
55 -45 77 0
-22 68 -41 0
51 -45 60 0
14 -27 -57 0
-42 -26 -62 0
43 -13 -49 0
-9 -65 -74 0
71 -61 -72 0
-29 -63 -78 0
-34 -29 -24 0
-56 68 3 0
-40 -41 -29 0
78 -27 70 0
-8 66 -47 0
31 51 -79 0
-78 -38 72 0
70 2 47 0
-13 6 -55 0
-8 10 -2 0
79 -15 -57 0
-39 29 -41 0
28 -47 -19 0
-80 15 -28 0
48 -29 42 0
-63 -12 17 0
44 -21 3 0
21 -55 78 0
63 -44 11 0
-49 -33 69 0
-70 11 -81 0
19 -54 50 0
14 22 -56 0
-59 -42 -74 0
64 26 -25 0
-23 -32 -29 0
-71 -24 70 0
68 -40 41 0
67 47 63 0
61 -78 -8 0
-28 4 -39 0
-40 31 -79 0
-50 -49 66 0
9 -21 20 0
80 -52 -68 0
28 22 76 0
65 -15 36 0
-59 15 25 0
-19 -77 -9 0
40 41 50 0
43 -54 38 0
37 47 4 0
-45 -36 -19 0
-62 19 -17 0
71 -78 50 0
-79 43 -9 0
17 63 -28 0
-48 28 37 0
-48 50 -13 0
-26 -65 72 0
31 -8 -49 0
-80 -78 -21 0
-74 55 64 0
34 -30 -12 0
-7 21 -27 0
65 -47 -13 0
-36 -67 -5 0
-78 -31 59 0
22 52 4 0
23 63 -10 0
-47 35 56 0
59 1 -77 0
-22 -30 79 0
29 81 -77 0
-77 78 -57 0
41 -9 13 0
-4 31 66 0
-49 -36 -58 0
58 78 -46 0
38 49 28 0
64 58 -5 0
67 56 75 0
-46 42 14 0
-20 72 71 0
16 65 -14 0
75 -9 -62 0
77 -80 8 0
64 70 -51 0
34 43 3 0
-76 -55 -47 0
-7 -27 -65 0
33 -9 -30 0
-48 -1 -73 0
74 -43 35 0
-79 -3 69 0
-3 69 7 0
-35 -49 61 0
65 -3 -36 0
-40 41 4 0
-8 -4 73 0
-8 7 51 0
25 -36 -37 0
-74 45 -59 0
-49 -44 -31 0
2 -16 -26 0
-26 -72 -70 0
43 39 -54 0
-19 -67 -55 0
-52 63 16 0
-19 8 -17 0
-60 -53 79 0
73 16 57 0
18 9 78 0
18 -74 -51 0
60 -1 20 0
56 -46 -81 0
67 -64 35 0
-11 35 -1 0
38 -78 -56 0
-38 -73 26 0
-19 -44 36 0
19 -54 -69 0
-1 -50 -22 0
-67 23 71 0
46 -80 22 0
60 76 -42 0
-11 49 -70 0
66 61 30 0
-57 69 71 0
