p 73 310
41 14 -44 0
-29 3 -12 0
-72 -73 71 0
14 -13 31 0
-70 -71 -44 0
17 47 69 0
56 1 -52 0
-19 63 -12 0
-67 2 65 0
-2 -24 -38 0
40 44 -68 0
-34 2 14 0
57 67 68 0
-30 61 -2 0
-19 64 -4 0
-27 -40 -42 0
-39 13 56 0
-72 69 -15 0
-68 67 39 0
-59 -34 -32 0
70 -53 19 0
-7 41 4 0
-26 27 28 0
-58 64 -1 0
17 -12 42 0
21 -65 -69 0
-59 69 -35 0
1 -4 -20 0
-73 54 12 0
-26 50 32 0
43 -19 17 0
22 8 -54 0
-20 11 52 0
-55 14 -46 0
46 54 68 0
-18 15 -36 0
-42 -45 -36 0
32 59 68 0
-65 30 -1 0
-72 67 54 0
-69 -60 17 0
44 34 -18 0
-61 50 -32 0
-69 -58 16 0
23 71 33 0
-37 -24 23 0
-8 29 -12 0
15 -12 23 0
7 -47 29 0
60 -7 5 0
-52 61 -18 0
-14 -51 -44 0
-61 -48 44 0
-2 24 -47 0
41 58 47 0
26 58 17 0
-38 -11 56 0
-7 37 -41 0
23 -67 57 0
-13 35 -30 0
-35 26 -16 0
-24 8 -34 0
51 14 -33 0
1 -56 -23 0
-31 54 -8 0
28 34 -73 0
-33 10 34 0
45 30 49 0
-29 22 -68 0
-67 -12 -43 0
38 44 -26 0
21 67 -33 0
61 -26 8 0
16 6 -1 0
-42 -13 47 0
-48 27 -11 0
26 -56 -25 0
-53 -64 -31 0
36 73 62 0
55 18 -32 0
49 56 63 0
-32 -68 65 0
32 -18 -39 0
13 43 66 0
-35 25 -45 0
-24 41 44 0
-29 34 -39 0
-55 -47 -65 0
-51 22 -6 0
12 -43 -18 0
-25 71 -22 0
8 -10 -45 0
-57 -17 -69 0
11 -39 -47 0
54 -12 -50 0
-22 -4 -46 0
-63 -8 61 0
56 69 -66 0
-17 52 7 0
65 -9 60 0
69 -22 -27 0
-30 6 -57 0
52 -48 39 0
-67 -11 -71 0
73 -72 18 0
61 39 -37 0
-31 29 6 0
10 -35 57 0
30 56 -49 0
52 -37 -43 0
41 68 69 0
-71 52 53 0
-69 -26 13 0
6 -17 24 0
61 -22 -20 0
-37 47 45 0
-24 -17 28 0
28 30 -32 0
-5 56 20 0
37 45 -59 0
51 -65 9 0
-13 -57 -72 0
5 54 52 0
39 -27 73 0
-14 -43 16 0
-62 13 33 0
-57 69 -26 0
-67 41 35 0
-71 34 -55 0
72 -68 61 0
56 -24 -72 0
32 -9 3 0
-26 13 33 0
-14 4 36 0
-26 51 -33 0
69 10 -1 0
-23 -67 68 0
10 26 -62 0
48 -16 -6 0
67 -15 18 0
12 38 64 0
2 34 53 0
3 -53 41 0
60 -73 -62 0
52 60 -16 0
10 1 23 0
-36 -45 50 0
8 -70 58 0
22 -25 -46 0
52 7 57 0
8 -29 16 0
8 46 43 0
34 -68 12 0
70 -31 -51 0
35 24 37 0
-71 70 64 0
-28 58 64 0
-64 -26 68 0
47 -21 53 0
-10 -25 -62 0
26 29 27 0
61 22 23 0
6 15 -52 0
-6 -53 -49 0
12 7 -40 0
-18 -51 -34 0
69 -46 -11 0
-32 62 40 0
-41 2 -15 0
58 59 -5 0
-16 60 72 0
23 41 64 0
36 -58 34 0
65 73 13 0
42 -29 72 0
-11 -67 47 0
-14 10 -27 0
-19 32 -3 0
-38 29 -17 0
55 71 -48 0
-46 23 57 0
46 49 -7 0
-16 -50 -9 0
-7 -56 -28 0
14 53 49 0
-56 -44 8 0
23 -11 -26 0
-73 -59 -29 0
-49 5 -71 0
-24 51 6 0
-61 -25 -49 0
-43 -67 55 0
-29 21 -17 0
-58 -9 -29 0
-6 -33 -23 0
4 10 21 0
66 -53 -68 0
-54 -19 -72 0
40 -7 -50 0
38 56 32 0
47 -53 69 0
1 7 48 0
-18 -73 -25 0
9 30 51 0
28 -3 -58 0
-6 51 33 0
-50 -14 -36 0
55 -45 44 0
-37 56 22 0
62 -14 -61 0
55 29 -32 0
16 -13 -37 0
11 -17 -12 0
-52 -36 -23 0
24 30 45 0
24 69 61 0
-50 1 56 0
-24 73 33 0
25 40 -6 0
50 -29 -42 0
-26 69 -7 0
-57 -58 -45 0
42 47 68 0
-5 9 63 0
-32 -55 59 0
30 -18 -73 0
15 27 43 0
-15 -14 -45 0
-31 1 18 0
33 -18 4 0
58 -55 -45 0
-21 -5 59 0
10 -17 21 0
37 43 -53 0
-64 38 -44 0
69 27 22 0
66 -34 56 0
-20 31 -38 0
55 69 -59 0
65 19 -11 0
-4 72 9 0
32 -65 -58 0
62 -24 -3 0
62 -47 -32 0
-28 11 44 0
42 23 54 0
17 49 -61 0
-1 -48 25 0
-57 -2 -32 0
-55 -63 64 0
40 -17 -35 0
-43 7 -11 0
-3 28 -35 0
53 -62 2 0
46 58 48 0
1 59 -53 0
4 -27 42 0
-43 69 40 0
16 -14 33 0
-28 32 15 0
-10 72 -36 0
59 3 -65 0
-12 -62 -13 0
39 -9 49 0
44 58 -21 0
-36 -2 -68 0
-34 20 -41 0
14 -15 10 0
4 71 56 0
-48 -41 12 0
46 2 16 0
-61 -31 56 0
8 34 38 0
66 -30 10 0
11 -6 66 0
-23 -20 4 0
51 -50 25 0
20 68 44 0
-21 34 35 0
-31 22 -21 0
-65 -12 -35 0
57 -23 -37 0
-29 24 31 0
6 -24 51 0
39 -27 60 0
13 64 -11 0
-54 33 38 0
-2 -37 -43 0
39 71 -61 0
-61 25 -17 0
-14 47 -60 0
-14 44 -66 0
-59 62 2 0
-63 15 47 0
19 42 57 0
-72 54 -11 0
56 -38 52 0
-13 -47 -48 0
66 44 67 0
3 49 33 0
23 20 70 0
-64 -49 -20 0
-46 10 47 0
-45 39 -63 0
61 72 -16 0
-10 54 47 0
9 39 -31 0
68 -35 -59 0
43 28 -6 0
-17 -67 -6 0
