p 80 340
43 -3 63 0
5 -78 39 0
34 77 -31 0
-65 15 70 0
70 34 -36 0
68 -58 -33 0
36 43 72 0
-28 -53 41 0
-74 64 49 0
-41 37 -5 0
26 47 -20 0
34 75 -70 0
-60 -9 50 0
-60 -72 -50 0
-21 66 22 0
-28 -5 -61 0
62 -80 -64 0
33 1 -10 0
-77 -49 51 0
-1 19 -80 0
-46 -37 52 0
-51 -53 35 0
47 11 6 0
25 -13 46 0
79 -31 -46 0
-29 57 -31 0
-5 32 64 0
34 -23 6 0
51 35 -47 0
-3 36 -35 0
80 -52 -50 0
-30 -67 31 0
-59 -35 -4 0
14 67 -28 0
-59 63 26 0
72 77 -27 0
-32 71 78 0
71 -45 -27 0
-52 -45 -60 0
-65 30 -79 0
8 -33 -44 0
31 -50 -23 0
25 -11 55 0
17 -53 31 0
60 70 75 0
38 71 -3 0
44 -10 -13 0
35 31 25 0
15 -56 23 0
-19 77 -25 0
-6 -16 -3 0
51 -52 9 0
76 -68 70 0
27 -35 -17 0
6 18 51 0
-62 -60 45 0
37 11 40 0
9 50 -21 0
-53 -45 34 0
-55 5 -79 0
-51 -60 28 0
-63 55 -17 0
13 -51 48 0
24 -11 -62 0
69 58 -40 0
74 -1 -50 0
25 15 20 0
5 44 16 0
-6 -74 56 0
-68 -25 59 0
42 50 -55 0
64 68 -65 0
72 -26 19 0
-2 -33 -38 0
71 -33 26 0
23 5 -3 0
23 -15 -8 0
-33 32 68 0
-4 36 41 0
52 65 -32 0
65 19 -44 0
-16 68 60 0
41 -72 30 0
51 -55 9 0
75 51 -57 0
52 23 -28 0
-27 -36 3 0
-16 56 -67 0
-47 -53 -17 0
-6 10 79 0
57 1 -46 0
-66 55 -34 0
-49 -13 -35 0
-63 -43 80 0
15 -75 -13 0
-43 -18 -77 0
19 61 49 0
11 -61 -45 0
3 -23 5 0
3 18 13 0
-67 -64 -63 0
-78 39 75 0
-76 -62 16 0
25 48 55 0
17 44 3 0
-52 -29 45 0
12 10 18 0
14 16 17 0
49 -29 68 0
68 -75 52 0
-21 -34 -73 0
52 -69 -16 0
33 -54 -65 0
27 -3 -1 0
-24 72 -63 0
80 74 -26 0
73 37 -28 0
-40 -1 -54 0
-54 22 8 0
-44 11 -49 0
-38 -29 -36 0
-32 13 40 0
-25 24 19 0
75 56 29 0
11 27 16 0
-66 -40 -45 0
-37 20 34 0
-74 64 -14 0
-73 -66 40 0
63 -65 -52 0
47 15 -18 0
-32 53 78 0
65 -4 -48 0
4 -70 -77 0
69 -33 -31 0
-40 36 45 0
-40 35 38 0
-35 -38 67 0
-22 66 -61 0
45 24 -14 0
20 -79 -1 0
3 65 52 0
-68 33 -4 0
-69 -45 -6 0
-46 22 21 0
70 -65 57 0
51 44 19 0
80 8 22 0
-78 30 -33 0
-68 -31 8 0
27 -42 39 0
-51 -76 -64 0
-2 -62 11 0
-6 79 10 0
-13 -49 -11 0
29 -24 -18 0
14 -75 -11 0
-79 27 60 0
39 -64 -5 0
-65 47 -27 0
45 -78 59 0
7 67 71 0
38 -36 -43 0
42 -63 66 0
-75 -46 33 0
-36 48 65 0
59 17 -62 0
41 -64 66 0
7 -31 -64 0
-23 -17 74 0
54 -10 -8 0
6 -76 -61 0
28 -15 -79 0
50 66 -5 0
24 42 32 0
5 35 -80 0
-78 -56 -14 0
-5 -73 -2 0
-4 57 49 0
25 56 -1 0
-36 41 71 0
22 -23 17 0
-7 -15 -76 0
-10 -35 -75 0
-46 66 -68 0
-22 51 -35 0
-56 -52 -49 0
-30 34 -43 0
17 -67 11 0
-21 -66 48 0
70 4 21 0
-77 -53 23 0
-2 -78 -57 0
9 -63 7 0
-35 13 43 0
15 11 68 0
44 28 48 0
11 -54 -62 0
71 -25 54 0
71 -69 -74 0
34 -10 60 0
39 10 -36 0
-5 -60 77 0
-67 80 -57 0
-21 -18 -3 0
-36 -53 65 0
-43 -42 80 0
67 -15 34 0
-23 -43 -63 0
-24 -60 -21 0
-7 -57 1 0
31 -2 64 0
-23 -57 -53 0
-31 61 58 0
47 78 -65 0
1 -8 21 0
31 5 36 0
-47 63 70 0
-79 -68 38 0
-38 1 -44 0
-42 75 47 0
-45 77 27 0
-31 25 12 0
79 42 26 0
-36 -16 -34 0
78 -8 10 0
60 39 67 0
-2 -62 70 0
-61 -70 37 0
-22 -55 -7 0
-75 2 1 0
-26 53 -54 0
-65 -21 77 0
-60 -58 -49 0
-31 76 -26 0
-13 -43 62 0
-22 27 -59 0
24 39 -37 0
1 72 73 0
-11 68 44 0
1 53 -69 0
63 -33 -20 0
71 80 -47 0
-14 -18 2 0
2 1 -8 0
79 -48 23 0
-36 -11 -18 0
67 -48 43 0
-73 -20 -28 0
-11 -39 -17 0
-72 -42 -26 0
-1 -13 2 0
40 60 -5 0
-73 52 43 0
-17 -66 -2 0
-33 -17 -41 0
-49 -51 77 0
59 5 -60 0
64 -37 40 0
20 61 -32 0
66 1 -77 0
-46 -62 15 0
-24 43 60 0
-66 76 -60 0
-61 34 -59 0
-42 31 54 0
42 74 -9 0
24 3 -63 0
-60 72 9 0
-70 -19 -78 0
-78 80 56 0
-52 -9 -50 0
1 27 5 0
24 -71 38 0
61 12 -74 0
-21 -18 -12 0
-63 45 -79 0
-39 55 78 0
-13 51 41 0
4 58 13 0
31 -77 63 0
39 64 65 0
50 2 -42 0
16 -26 52 0
64 -58 -18 0
-25 -71 -59 0
-45 -16 50 0
31 36 -45 0
-37 -64 -33 0
-24 55 9 0
60 47 63 0
77 64 8 0
1 77 41 0
-32 -78 26 0
-10 -1 -67 0
-4 -3 -10 0
-66 -60 18 0
62 44 -69 0
43 50 -53 0
-7 -1 5 0
-76 34 -35 0
19 -52 72 0
42 -41 -51 0
-27 -75 55 0
-71 -56 35 0
-59 58 27 0
-14 23 -41 0
37 60 -17 0
-73 -31 -29 0
71 57 59 0
71 6 -70 0
61 -77 -43 0
50 -4 47 0
6 -34 39 0
-73 34 35 0
-67 57 -20 0
38 -67 4 0
47 -75 8 0
69 17 40 0
-24 73 72 0
-10 4 9 0
-59 -18 -31 0
32 49 78 0
-23 70 -13 0
-62 54 -78 0
32 -76 12 0
26 25 61 0
39 54 46 0
52 -55 32 0
51 17 -58 0
-74 -26 -52 0
-60 15 68 0
-30 -65 23 0
1 18 -58 0
-73 -28 -23 0
30 -41 2 0
1 9 -71 0
-49 -43 -41 0
61 -2 7 0
20 80 -67 0
