p 53 225
-32 3 40 0
-24 -43 47 0
-41 -37 9 0
-38 -27 -11 0
-19 49 2 0
53 11 -8 0
28 23 -29 0
-5 36 -46 0
51 -26 -35 0
5 -32 39 0
-24 42 -43 0
40 23 49 0
23 15 9 0
-3 -48 -46 0
22 32 52 0
39 40 -36 0
-40 -33 22 0
51 6 -28 0
22 31 -7 0
-50 -12 35 0
43 41 -50 0
-13 22 -44 0
-35 44 -36 0
1 22 -9 0
21 -44 -36 0
-45 -35 -9 0
38 31 40 0
-17 23 10 0
14 24 -49 0
12 39 -44 0
-40 24 -13 0
-38 8 1 0
-49 39 -14 0
23 14 -2 0
8 46 -42 0
-14 -50 47 0
19 9 -2 0
51 20 34 0
-7 -30 41 0
50 -7 -26 0
-34 -43 -30 0
20 -35 33 0
19 9 -31 0
15 -10 -47 0
19 51 -35 0
-25 36 -21 0
-9 -24 -27 0
-31 -22 35 0
39 44 -12 0
-22 36 -23 0
-40 19 -3 0
16 -34 6 0
-7 13 1 0
35 -38 -21 0
-50 51 -21 0
-9 22 35 0
6 -17 -45 0
24 14 40 0
-3 23 -38 0
-30 7 9 0
38 -6 30 0
-22 17 -45 0
23 44 -26 0
-31 19 -24 0
-6 36 51 0
-24 -44 -41 0
-3 -16 41 0
28 40 -6 0
45 1 9 0
1 2 52 0
5 37 30 0
37 15 49 0
7 -35 -30 0
-22 -46 19 0
-44 32 51 0
-43 -25 -30 0
48 32 36 0
-38 47 -34 0
1 37 36 0
16 -38 -25 0
-3 53 13 0
-28 21 -39 0
50 35 -25 0
31 -8 48 0
46 37 10 0
4 -32 46 0
42 -40 -27 0
-52 46 -11 0
-50 10 -25 0
33 45 50 0
45 -33 -47 0
51 45 -8 0
50 -7 -19 0
44 -43 -49 0
-6 -19 -34 0
52 -23 -50 0
13 -29 9 0
-22 47 -13 0
10 14 16 0
-45 -29 5 0
-33 -2 -49 0
-2 3 9 0
-22 11 -33 0
1 32 -37 0
-45 16 11 0
-48 -11 27 0
14 51 -19 0
-51 -13 -10 0
-27 -34 25 0
-7 -36 3 0
5 28 -30 0
12 32 -1 0
-19 17 -52 0
-11 -5 -50 0
5 -12 3 0
-28 -36 5 0
53 12 13 0
-5 2 6 0
-50 -29 7 0
37 4 16 0
-14 -52 -5 0
-44 27 -38 0
1 -25 -14 0
28 -9 1 0
-15 -2 -3 0
-46 50 -47 0
-9 -7 44 0
-3 25 -35 0
-12 35 -4 0
49 -45 -27 0
-26 46 2 0
17 -2 26 0
44 -3 -10 0
-49 45 -6 0
38 -2 -1 0
40 35 47 0
-10 27 -7 0
30 -24 34 0
49 -40 -51 0
-40 24 -51 0
-31 -30 -1 0
-2 -9 -26 0
-6 17 15 0
15 -25 -2 0
-42 19 5 0
6 34 32 0
27 46 17 0
-8 -20 -27 0
6 -48 -14 0
1 -50 -42 0
-12 -43 -22 0
23 -40 36 0
28 -6 -42 0
52 -45 12 0
34 -30 -28 0
12 -6 47 0
22 -8 -35 0
-37 49 51 0
29 15 1 0
-36 5 12 0
24 35 -5 0
-38 41 -40 0
-3 -21 -7 0
27 -1 48 0
37 -40 -3 0
29 -30 16 0
-41 -30 -20 0
38 34 -45 0
17 53 43 0
-16 19 -36 0
43 -30 -18 0
-51 -9 24 0
45 8 21 0
13 34 15 0
-15 -10 -32 0
15 -19 -42 0
31 26 35 0
-52 -22 51 0
-50 -3 -22 0
-30 -50 -52 0
-20 -21 16 0
-45 -33 -13 0
-16 -25 46 0
-39 -6 -43 0
-2 -12 -41 0
46 24 6 0
-34 -50 51 0
46 -8 -50 0
7 -21 -20 0
25 43 -48 0
7 -11 -31 0
-36 -37 15 0
-45 -38 50 0
-25 -20 -47 0
-44 -34 49 0
-49 53 1 0
-15 50 -48 0
26 -7 40 0
53 -12 42 0
-50 27 -43 0
-26 -31 -14 0
49 -40 -6 0
-1 -5 22 0
-37 -24 -29 0
26 -15 39 0
-33 -40 -4 0
-37 52 -16 0
-30 -51 50 0
-15 -18 -33 0
28 -23 -27 0
-4 24 -32 0
-41 -26 20 0
-3 -33 31 0
6 13 11 0
5 -43 42 0
11 -17 23 0
16 33 -52 0
39 1 31 0
16 -26 -5 0
51 3 -45 0
-41 49 29 0
-36 -48 -45 0
-40 42 -28 0
-23 7 19 0
-32 -11 22 0
