p 66 281
-33 -59 -51 0
65 -21 28 0
-20 43 -24 0
13 -31 -3 0
31 -53 -40 0
9 -44 26 0
22 -64 29 0
17 -40 63 0
21 33 52 0
4 27 -11 0
-24 -36 -29 0
-48 -66 -60 0
-50 12 52 0
-65 -28 45 0
-32 21 20 0
-53 -27 -50 0
54 51 61 0
-63 -45 -66 0
34 45 35 0
41 -23 -63 0
57 -16 38 0
-60 51 6 0
47 -44 13 0
-37 -5 52 0
-37 -33 -29 0
51 31 -1 0
16 52 -18 0
-60 -21 -27 0
-2 18 60 0
-48 -7 53 0
56 -11 35 0
-49 6 -52 0
10 12 -37 0
-65 60 3 0
21 3 54 0
31 -51 48 0
-38 -44 -36 0
-14 -5 7 0
-6 27 37 0
43 -40 -41 0
3 -64 -24 0
10 -54 -51 0
-13 -8 -40 0
48 -66 8 0
7 46 -57 0
-40 -31 24 0
19 -53 29 0
57 -9 58 0
-11 -2 -39 0
-44 65 -41 0
-20 -11 45 0
22 -17 -42 0
20 -11 -62 0
-46 -3 -51 0
-5 39 -13 0
-49 -2 -21 0
-2 -21 -55 0
56 -8 -19 0
66 -28 -45 0
-27 -9 -12 0
66 46 42 0
-63 1 56 0
36 -53 7 0
27 32 -43 0
-63 -22 -32 0
-4 20 49 0
36 -19 65 0
-45 -35 -64 0
33 35 20 0
51 -36 -38 0
-8 38 64 0
60 10 43 0
18 48 53 0
-30 -46 48 0
46 32 -42 0
-58 -14 -8 0
-2 31 54 0
43 41 19 0
-19 13 -51 0
30 13 64 0
22 35 -62 0
-31 17 53 0
61 -52 -41 0
-43 21 18 0
57 33 -17 0
-66 1 31 0
-61 17 43 0
-30 6 11 0
60 22 29 0
-2 -59 44 0
55 8 5 0
-21 36 -61 0
-45 58 48 0
2 -15 -36 0
7 12 -46 0
-47 9 2 0
-40 64 54 0
-37 -35 -30 0
18 -33 -38 0
-3 56 36 0
-65 -62 38 0
-36 -21 57 0
-60 -54 -51 0
-63 -44 60 0
-60 6 37 0
15 40 -52 0
19 -46 -20 0
20 -7 61 0
-41 23 -60 0
60 55 28 0
36 -49 -45 0
-58 40 -34 0
21 54 -20 0
-5 34 4 0
64 16 -38 0
-26 -15 -14 0
9 62 6 0
-20 46 38 0
8 18 -26 0
17 1 19 0
6 49 -10 0
64 -61 -14 0
66 -11 5 0
17 -60 34 0
53 54 -17 0
53 7 59 0
-24 27 -38 0
-2 9 -34 0
-46 13 -64 0
-59 -45 -62 0
-44 -33 -19 0
24 -59 60 0
40 38 13 0
-31 -33 -45 0
15 -46 23 0
11 47 -32 0
-21 -25 -37 0
-27 -53 2 0
-6 35 47 0
-61 24 49 0
-40 61 18 0
-31 52 23 0
35 41 46 0
56 44 28 0
63 -45 7 0
7 16 -25 0
7 27 54 0
22 -5 -13 0
17 59 44 0
-4 -40 44 0
30 -28 -65 0
12 30 60 0
-16 -54 -17 0
63 51 -21 0
58 -45 61 0
32 21 24 0
-57 -18 -45 0
3 -11 -6 0
-2 24 -27 0
-20 34 -15 0
52 54 -42 0
58 8 -36 0
39 26 16 0
-10 -11 6 0
58 -66 57 0
-6 52 9 0
-2 37 -28 0
65 -40 -53 0
-56 -50 2 0
50 49 -16 0
27 3 25 0
43 -65 -50 0
-48 25 -7 0
52 21 33 0
30 65 40 0
-58 9 -50 0
-41 -35 56 0
-55 -6 57 0
54 59 -61 0
37 -6 16 0
-46 -51 26 0
15 23 -19 0
33 64 -46 0
-60 -57 22 0
-40 -8 3 0
47 53 -57 0
19 6 44 0
-61 -43 -4 0
-39 45 -26 0
-9 20 16 0
-32 -42 -9 0
-32 -63 -37 0
-64 -18 3 0
-40 -27 -12 0
9 -34 58 0
-20 65 -58 0
24 -43 3 0
50 -21 -13 0
-59 24 -29 0
-12 -51 -36 0
65 -14 -23 0
-38 43 -29 0
63 -26 50 0
2 8 -66 0
28 -55 -43 0
-20 -57 41 0
26 46 -2 0
60 53 19 0
4 62 -44 0
18 38 -39 0
-24 -34 -54 0
22 44 55 0
6 56 25 0
22 -30 -41 0
-34 54 -1 0
13 -32 -21 0
-47 -61 -48 0
34 -40 1 0
-19 -66 34 0
49 52 -24 0
61 -52 60 0
-6 -62 -61 0
-18 -38 -54 0
-23 14 -24 0
-51 -38 -25 0
1 -30 -37 0
-40 47 10 0
-4 -20 -41 0
38 26 -8 0
62 46 45 0
-49 47 -11 0
-41 10 43 0
7 -53 -8 0
-18 -49 -39 0
-50 34 39 0
28 40 -19 0
-2 8 -56 0
6 41 22 0
-18 43 -5 0
-17 -6 3 0
-10 31 26 0
-8 -41 34 0
-31 66 27 0
36 8 -52 0
11 1 -8 0
63 45 -22 0
-10 -58 13 0
-16 9 64 0
-26 -49 21 0
-44 -28 37 0
-5 -40 22 0
4 37 25 0
-6 -31 40 0
-58 -63 43 0
-50 -57 -47 0
-64 16 23 0
47 -41 50 0
1 -36 -34 0
-52 55 37 0
-66 15 -46 0
7 36 34 0
-4 52 39 0
-55 -43 44 0
-54 -49 2 0
-10 -32 -3 0
18 57 55 0
-14 -51 31 0
23 42 64 0
58 6 65 0
18 -23 51 0
-28 59 37 0
39 -27 -30 0
53 37 -35 0
34 -13 3 0
6 45 16 0
65 2 -58 0
60 -8 58 0
48 61 -63 0
-56 -8 50 0
-61 -14 -35 0
65 -54 32 0
