p 70 298
-22 56 61 0
-17 44 -59 0
44 58 -50 0
55 -11 -22 0
61 -24 -58 0
-67 -54 -1 0
-2 13 52 0
3 -50 27 0
56 1 -47 0
-4 13 -40 0
60 11 65 0
31 55 12 0
6 42 46 0
-31 47 -2 0
-55 -43 46 0
43 -25 64 0
12 42 22 0
-52 -29 -51 0
33 44 -46 0
-62 29 11 0
2 -20 33 0
48 -35 11 0
46 -70 -39 0
42 -23 64 0
-25 11 31 0
8 -27 -49 0
4 34 -47 0
5 -61 -35 0
-4 54 66 0
34 63 65 0
5 42 -19 0
-24 35 -23 0
-22 59 51 0
-49 52 70 0
44 33 -63 0
-51 6 68 0
-55 -18 -53 0
-18 -56 -65 0
-34 54 42 0
33 -9 -26 0
70 17 -42 0
-21 -6 -29 0
1 -56 -49 0
18 -21 -1 0
9 39 -5 0
41 -43 6 0
-20 26 -44 0
-54 35 -48 0
23 -68 -2 0
-63 4 9 0
52 -66 -47 0
-40 -3 -7 0
-17 42 -64 0
-56 -50 8 0
51 -69 65 0
-16 -17 37 0
-30 -41 -44 0
-66 -7 19 0
-61 48 -60 0
9 29 -43 0
59 -40 28 0
-32 -47 31 0
-56 2 -52 0
19 26 -65 0
-14 23 -20 0
41 3 53 0
-14 32 -69 0
-10 1 64 0
66 -33 63 0
-60 48 -37 0
-11 -62 56 0
-39 -23 -59 0
61 -3 58 0
33 37 1 0
8 49 -65 0
19 28 41 0
7 29 -5 0
-53 -55 54 0
-21 61 41 0
18 -60 42 0
53 45 44 0
56 23 2 0
-20 -63 36 0
29 33 -31 0
-32 58 60 0
-20 25 36 0
38 33 -12 0
62 -26 4 0
29 1 -66 0
-44 25 -6 0
-58 -34 -16 0
-49 37 -56 0
-53 1 65 0
61 60 -29 0
38 -37 -68 0
-8 -26 66 0
-57 68 12 0
46 -64 12 0
-68 -36 57 0
10 24 17 0
19 57 8 0
-33 -50 49 0
-60 -38 -36 0
16 48 -43 0
4 39 32 0
-51 -69 -17 0
12 -26 -37 0
1 -31 58 0
15 21 31 0
-2 56 30 0
-42 17 -20 0
33 10 55 0
-54 -13 16 0
-35 31 6 0
51 37 20 0
44 -46 10 0
15 -33 -48 0
14 -51 -55 0
36 4 46 0
29 45 -41 0
19 -25 8 0
21 8 62 0
25 -53 -9 0
37 -23 25 0
27 -61 4 0
17 41 -62 0
-18 61 -13 0
50 -20 39 0
-53 28 -9 0
-14 55 -54 0
-60 3 70 0
-29 10 -23 0
-1 29 65 0
-25 -20 27 0
-33 67 -49 0
-7 58 44 0
33 70 9 0
70 32 -12 0
-68 -33 -7 0
67 -61 33 0
-20 -30 -50 0
-30 63 25 0
-54 18 -21 0
-54 -52 9 0
-42 3 44 0
-10 -36 -43 0
55 -54 11 0
28 61 -3 0
65 -57 -46 0
20 -68 -51 0
22 7 -25 0
-48 -5 -52 0
-28 26 -46 0
-16 -34 -52 0
-52 -61 -20 0
5 31 19 0
-52 -30 42 0
31 41 -50 0
-51 -46 34 0
2 -47 65 0
27 53 30 0
-23 1 9 0
22 -32 28 0
60 9 37 0
-6 -63 -1 0
20 -15 56 0
-4 -31 -57 0
6 9 13 0
-14 -37 69 0
-35 16 68 0
18 -56 8 0
-15 61 -53 0
68 -56 64 0
-3 -45 56 0
-65 -14 -66 0
62 -11 -23 0
-36 -52 -17 0
-13 19 29 0
15 -2 16 0
23 29 56 0
-59 -22 -35 0
-14 42 -6 0
-42 21 -48 0
40 38 22 0
62 -2 59 0
-62 -6 -21 0
-23 48 -30 0
-45 -21 65 0
35 -38 -18 0
-62 -7 70 0
23 43 -55 0
-38 39 -59 0
67 -3 25 0
67 59 54 0
-32 -6 29 0
48 49 53 0
-32 6 1 0
7 22 12 0
42 25 -15 0
51 54 12 0
54 64 24 0
60 27 36 0
17 42 3 0
-41 24 40 0
1 -68 -49 0
-50 40 -65 0
47 63 -31 0
-19 -55 30 0
-16 60 21 0
-3 -60 47 0
60 -57 -68 0
-26 63 -25 0
-68 64 7 0
26 8 52 0
-22 -36 -58 0
18 5 39 0
55 2 -62 0
-19 45 -61 0
62 -6 -15 0
-21 -51 27 0
-61 -18 -28 0
35 -53 -5 0
-11 -42 21 0
-35 -10 56 0
35 -47 26 0
6 62 44 0
39 -59 -67 0
17 -29 -26 0
-56 -69 48 0
4 32 -38 0
31 26 8 0
66 16 -21 0
18 -52 8 0
54 -36 61 0
-52 -31 17 0
-43 50 -38 0
14 -66 20 0
10 59 -21 0
-16 17 42 0
-43 11 -66 0
60 -63 21 0
35 -19 2 0
-51 -68 -28 0
29 43 -46 0
-39 -62 21 0
-53 -50 46 0
-24 67 21 0
5 -56 38 0
12 49 -25 0
62 5 39 0
-30 -67 -59 0
55 -47 60 0
58 68 -12 0
11 -15 70 0
33 21 -53 0
-51 -45 -52 0
-54 21 15 0
-8 32 -70 0
2 -8 56 0
-15 61 35 0
3 19 67 0
-54 64 -11 0
-3 -65 -37 0
-13 12 -29 0
-19 41 6 0
42 -48 -7 0
4 29 -59 0
-29 52 -60 0
-39 4 -69 0
15 24 56 0
-70 -28 -13 0
-31 13 -44 0
3 -50 65 0
-52 -35 64 0
-27 62 64 0
29 -27 -38 0
19 3 54 0
55 53 26 0
28 15 9 0
-55 -12 -44 0
14 -5 24 0
9 -24 -57 0
16 36 -57 0
49 -41 -35 0
-62 47 -41 0
53 -33 -56 0
-13 48 60 0
-55 -66 -25 0
-21 -23 31 0
46 45 -7 0
-8 51 -67 0
-6 -50 -48 0
-20 38 -5 0
51 -66 70 0
-59 27 41 0
67 20 -25 0
12 15 63 0
49 -64 -69 0
