p 94 400
17 -73 -12 0
90 -20 49 0
38 -77 79 0
-74 47 -73 0
23 -10 63 0
68 52 64 0
22 -37 59 0
8 -36 -81 0
91 -45 -48 0
-50 -43 40 0
13 69 -72 0
19 -21 -23 0
33 74 60 0
-87 38 13 0
30 31 90 0
-78 72 44 0
90 -79 -92 0
21 -26 14 0
-29 -93 18 0
-51 -61 -46 0
-23 -30 -82 0
-62 39 -54 0
-64 30 26 0
-83 19 62 0
-93 86 9 0
38 15 -85 0
63 90 89 0
-86 34 55 0
-4 58 22 0
-41 -58 -76 0
-67 5 27 0
-42 89 77 0
52 -31 57 0
64 39 -15 0
-25 -93 82 0
34 32 -41 0
-31 -10 39 0
44 80 91 0
-73 -69 85 0
35 -24 -69 0
77 -41 60 0
91 87 86 0
-43 -34 -48 0
-80 -68 -44 0
81 18 -6 0
78 39 33 0
5 87 -26 0
84 -16 4 0
-64 46 -84 0
8 65 -69 0
44 -93 -4 0
-59 82 -72 0
35 17 -23 0
-53 -63 28 0
-34 82 -59 0
29 7 -75 0
-24 84 9 0
-20 44 -16 0
69 87 -39 0
-42 66 -86 0
-70 91 -63 0
87 46 86 0
75 84 18 0
-71 5 28 0
17 7 47 0
85 -78 77 0
62 -92 79 0
36 83 -53 0
29 -84 5 0
-67 86 88 0
22 -40 -62 0
50 88 -49 0
-69 1 -91 0
-32 22 53 0
91 19 -24 0
-17 28 54 0
57 65 45 0
-55 -1 -63 0
-3 8 -82 0
9 49 -48 0
-14 -89 -48 0
76 -5 94 0
-56 -27 -41 0
10 91 -34 0
-26 50 38 0
-31 -43 17 0
-19 38 30 0
65 -35 -22 0
64 -93 -60 0
-56 -51 67 0
12 -46 76 0
-58 -35 -84 0
-38 54 -57 0
54 -32 -7 0
13 -86 -10 0
7 -70 -83 0
68 14 28 0
-62 9 44 0
-53 -19 -48 0
15 -25 -4 0
43 -21 -24 0
46 39 -73 0
32 -18 -61 0
-63 -17 -43 0
-17 73 -93 0
-82 -33 -37 0
36 -92 -82 0
-53 70 82 0
32 -89 30 0
76 -41 -81 0
-81 60 42 0
92 -76 -5 0
81 -46 25 0
24 -92 58 0
22 12 -14 0
-60 11 -92 0
-74 4 -71 0
-68 -51 63 0
-74 -48 68 0
-3 56 13 0
-72 79 -69 0
-89 43 25 0
2 35 -59 0
-39 15 -73 0
4 -5 -14 0
91 23 -74 0
85 -83 77 0
32 -40 38 0
62 74 45 0
21 -86 -73 0
-20 4 -48 0
-6 -19 -31 0
-90 63 71 0
-53 -16 72 0
-58 21 -55 0
49 51 -81 0
-4 -20 5 0
69 45 37 0
77 30 -58 0
76 -82 87 0
-49 -79 -73 0
-5 56 -25 0
75 90 -72 0
-21 -61 39 0
86 48 8 0
-58 -89 -68 0
21 -20 -9 0
-3 -79 -19 0
-56 5 -1 0
-85 -93 45 0
13 -1 -62 0
39 52 32 0
90 75 43 0
-42 -4 -38 0
-69 44 59 0
93 70 -8 0
-13 20 -26 0
-13 -46 45 0
60 -50 40 0
-14 -38 -43 0
6 -23 86 0
-17 -18 9 0
77 -58 64 0
-92 24 56 0
38 3 53 0
6 20 -45 0
-40 -33 -19 0
32 -42 71 0
-17 40 -77 0
-84 87 -33 0
31 14 5 0
-61 85 -8 0
73 15 -55 0
-31 -37 -34 0
-69 -2 -6 0
21 -38 -57 0
59 67 -39 0
-9 -15 -72 0
64 -75 62 0
-46 33 42 0
54 -28 -45 0
-18 -30 -76 0
-91 2 -77 0
-39 82 -85 0
-93 13 12 0
90 -13 -7 0
30 3 -61 0
19 -13 -46 0
-73 -24 -49 0
-72 -16 -73 0
24 -30 68 0
27 55 -75 0
86 -21 -85 0
73 -12 35 0
27 33 -11 0
60 -16 -49 0
-80 -12 -40 0
-92 41 20 0
-82 61 -11 0
-65 -40 20 0
-52 58 5 0
38 -41 84 0
74 -77 33 0
-58 8 -67 0
27 5 79 0
34 71 -26 0
-83 28 -51 0
50 86 39 0
6 -13 -94 0
-1 -25 42 0
69 47 43 0
-24 51 61 0
-14 -31 39 0
33 65 -51 0
67 -81 10 0
-2 94 46 0
-51 88 -16 0
-80 57 -76 0
-51 -55 37 0
-67 62 65 0
-37 9 26 0
78 -55 -20 0
-94 89 34 0
-89 20 46 0
78 -20 -72 0
67 38 -14 0
-70 26 -17 0
35 -11 14 0
25 94 8 0
79 -64 -48 0
61 -50 25 0
-75 52 -30 0
80 66 76 0
-2 37 -52 0
35 -56 6 0
-88 -33 7 0
-60 -41 91 0
91 -55 24 0
-52 92 -2 0
67 -75 61 0
90 -64 17 0
-56 28 -13 0
-84 -22 66 0
74 -41 -48 0
81 -12 -91 0
-29 30 87 0
-9 -77 63 0
-70 56 90 0
-59 -34 32 0
-45 26 91 0
90 51 23 0
-39 56 -90 0
49 37 55 0
6 60 -25 0
-13 29 25 0
-33 11 -44 0
-4 79 23 0
6 26 65 0
84 -53 52 0
-66 -48 13 0
77 -86 5 0
68 -19 38 0
2 8 6 0
60 -81 70 0
93 -26 -74 0
79 78 -15 0
59 -13 -49 0
-70 -41 -55 0
-36 55 44 0
36 -29 -84 0
38 92 -44 0
-39 -31 4 0
-65 -79 -68 0
-59 13 -69 0
-48 45 31 0
36 84 33 0
-41 57 -77 0
46 74 94 0
-24 -14 -76 0
-1 87 34 0
-56 6 -21 0
-28 -9 -35 0
-8 -4 -44 0
-42 -28 51 0
37 -2 36 0
-32 -26 -78 0
73 -59 -64 0
-88 -72 73 0
-4 -13 79 0
43 2 34 0
49 -12 -30 0
71 18 67 0
-54 82 73 0
30 51 82 0
73 59 29 0
69 -36 -3 0
10 58 68 0
72 -57 -16 0
69 25 -44 0
30 -50 47 0
46 -85 75 0
75 -4 -52 0
-91 14 88 0
-68 -64 87 0
-7 -6 71 0
7 -61 69 0
-44 -49 31 0
32 -67 -23 0
16 92 37 0
-86 -14 -54 0
-54 -56 -48 0
12 -8 83 0
33 -93 68 0
-86 9 -29 0
37 -42 -94 0
78 69 61 0
-36 -27 8 0
44 47 4 0
4 -90 -88 0
41 16 11 0
54 27 7 0
-14 81 31 0
15 75 -39 0
-28 -63 -12 0
-21 81 35 0
-54 -79 -24 0
-33 -67 21 0
69 -6 -93 0
9 5 -76 0
82 -20 71 0
58 13 4 0
-30 24 -51 0
-73 -61 30 0
50 35 51 0
-32 -45 50 0
-55 76 -87 0
-32 -79 -89 0
-92 33 -79 0
62 -15 2 0
-31 91 2 0
51 -8 21 0
-94 -66 -72 0
-28 44 43 0
23 72 34 0
-72 -53 -44 0
45 65 52 0
69 -68 53 0
-24 -55 34 0
16 -41 -18 0
37 8 70 0
6 -20 49 0
67 -56 -37 0
61 -27 81 0
-46 12 -88 0
7 -45 13 0
-40 56 5 0
67 77 65 0
21 54 -70 0
-31 1 -93 0
-62 35 67 0
87 7 -42 0
5 59 20 0
12 -5 10 0
84 -48 -80 0
78 -54 81 0
-1 -68 81 0
-89 -31 6 0
38 23 14 0
59 -93 -25 0
45 -13 -80 0
-54 -35 -7 0
-46 -77 -22 0
81 15 -72 0
-19 -78 -14 0
-5 92 57 0
-34 -57 13 0
61 -30 59 0
-76 -44 -61 0
-73 7 51 0
87 -33 -3 0
30 54 -43 0
40 86 78 0
-67 -85 -56 0
19 76 1 0
-94 16 -41 0
-87 9 39 0
-37 -90 -22 0
-12 -19 -84 0
17 -30 -59 0
-81 -59 24 0
-88 53 50 0
-48 83 47 0
65 -39 78 0
4 -49 10 0
-32 -23 10 0
-42 -6 -91 0
-33 94 -17 0
65 83 -86 0
31 -94 24 0
64 -59 77 0
