p 20 85
3 -1 5 0
11 -3 -2 0
-15 17 -20 0
20 -4 19 0
-12 10 -1 0
2 -12 -7 0
7 18 10 0
17 -14 -10 0
-18 -19 20 0
-15 -1 -4 0
-5 10 -19 0
-8 13 -3 0
2 16 19 0
-13 12 -9 0
-2 -13 11 0
7 -3 -13 0
18 -16 9 0
-13 12 2 0
-19 -9 8 0
6 -7 9 0
6 20 -13 0
5 -19 4 0
7 -20 -1 0
6 -15 -3 0
2 18 -9 0
19 -13 -7 0
-8 -10 -9 0
-10 14 4 0
-11 6 12 0
5 11 7 0
19 -20 1 0
19 20 -7 0
-7 15 -19 0
15 -2 -4 0
10 -19 -9 0
-18 19 -16 0
8 -20 14 0
4 -3 14 0
9 1 -12 0
-20 -4 -13 0
5 20 4 0
-8 -9 -6 0
-9 -5 17 0
12 -17 19 0
-10 17 8 0
-13 -15 16 0
-1 -15 17 0
-4 -1 -2 0
-7 11 -14 0
-19 2 -14 0
14 15 -9 0
-4 -6 -3 0
17 2 19 0
-8 20 -11 0
-9 -11 -15 0
-12 -16 14 0
5 -14 -20 0
-9 -4 12 0
11 2 -20 0
-18 8 4 0
20 -4 -5 0
-14 -11 20 0
-3 -15 -16 0
19 3 9 0
-19 -3 20 0
16 2 -8 0
-14 17 -19 0
8 -7 17 0
19 18 6 0
-17 -6 -13 0
19 -2 -20 0
10 3 20 0
6 18 2 0
-20 -17 9 0
7 -8 19 0
-16 20 -17 0
-11 3 12 0
19 15 -16 0
-20 -8 -10 0
13 18 8 0
19 18 -7 0
12 2 -8 0
-10 -2 3 0
-14 1 -18 0
2 -1 19 0
