p 74 315
-23 49 -27 0
-1 -36 13 0
40 -45 -51 0
-61 -6 53 0
40 18 -31 0
-40 72 2 0
16 -55 5 0
3 -18 35 0
-47 35 -69 0
-70 -46 19 0
-3 42 -71 0
-67 -51 41 0
43 -47 -10 0
18 -42 -63 0
72 -63 -23 0
32 73 -37 0
-28 -66 -13 0
2 42 -40 0
-68 17 -63 0
7 -48 30 0
-22 -1 61 0
-31 -10 -62 0
-5 -29 -26 0
27 -34 -63 0
52 13 -47 0
-58 -9 35 0
-25 57 22 0
-32 -7 74 0
70 -67 55 0
57 -24 7 0
-20 -4 3 0
60 31 -21 0
8 -16 -11 0
-15 -21 -54 0
54 25 -12 0
53 -64 -39 0
10 -28 -43 0
-38 5 21 0
-51 -15 -64 0
-69 72 -21 0
49 -35 9 0
-38 -59 -16 0
67 -50 38 0
-48 -38 -74 0
-36 1 2 0
-39 -44 56 0
-68 19 20 0
-65 -27 -28 0
-68 -65 -15 0
-15 -7 33 0
41 -72 -17 0
5 -10 48 0
29 -18 -65 0
-8 -18 26 0
36 19 17 0
1 46 48 0
58 48 66 0
21 -60 42 0
55 -8 31 0
59 -44 40 0
20 10 39 0
-53 31 -60 0
60 -51 -71 0
-64 28 70 0
52 -43 59 0
3 2 -65 0
16 -69 3 0
-7 -56 -20 0
-9 41 25 0
36 -53 64 0
23 -60 56 0
-66 -52 -34 0
-13 -36 -8 0
25 24 54 0
3 -74 8 0
-39 -32 70 0
-55 -32 -26 0
-33 49 -27 0
-68 71 -29 0
16 -6 -18 0
-9 -68 32 0
31 -61 4 0
-5 -50 68 0
63 5 49 0
-18 -34 -1 0
-30 -59 1 0
57 22 37 0
-46 1 31 0
59 -64 44 0
48 49 -60 0
67 -49 -6 0
38 -57 17 0
48 -53 31 0
-36 -28 -62 0
44 -50 26 0
-67 -35 -18 0
22 27 -67 0
5 45 15 0
13 71 -46 0
8 -22 53 0
2 -17 -37 0
-40 -20 -65 0
12 24 -2 0
-72 -68 -47 0
45 73 -35 0
-11 21 24 0
7 -39 50 0
-7 19 29 0
-71 4 -12 0
74 11 70 0
-13 -44 29 0
34 14 39 0
-65 15 70 0
41 62 18 0
-16 4 -51 0
1 29 6 0
23 56 2 0
-23 -60 -26 0
1 -37 -58 0
-30 8 -38 0
5 -30 -25 0
-66 -7 13 0
-17 -13 -74 0
67 71 18 0
-9 35 -18 0
-72 -55 -11 0
32 -56 -73 0
27 -64 36 0
17 -20 -9 0
16 35 11 0
7 17 5 0
43 -28 -41 0
20 54 31 0
-29 17 -2 0
63 58 46 0
19 33 10 0
35 -49 15 0
-39 -53 -32 0
-2 -35 -37 0
63 -56 3 0
9 -15 2 0
52 2 -35 0
72 45 -64 0
-58 -12 4 0
-69 -4 24 0
20 -48 -42 0
-53 36 60 0
-30 -14 43 0
28 55 -63 0
-35 -30 -23 0
71 54 19 0
-42 9 30 0
18 6 -57 0
-57 -45 7 0
61 -62 71 0
48 32 -23 0
42 52 22 0
-12 11 17 0
-4 -74 55 0
63 -53 -71 0
67 72 20 0
-61 45 -3 0
-30 18 -8 0
-21 73 3 0
21 20 40 0
27 37 64 0
-67 5 19 0
-25 -41 40 0
-8 -59 -7 0
-36 71 -57 0
-57 -61 -38 0
-29 -36 -5 0
18 -19 -29 0
-71 70 16 0
-33 51 22 0
-34 -10 23 0
68 -16 -39 0
49 -44 -64 0
34 -29 -22 0
-54 -58 -46 0
53 -43 -66 0
2 -67 -44 0
5 -57 -63 0
-6 -1 10 0
-70 50 -57 0
-69 63 68 0
11 -37 40 0
73 -7 -59 0
3 4 -43 0
-31 -18 70 0
44 33 12 0
27 -25 -6 0
31 -65 -30 0
-36 -24 -74 0
-46 -1 -33 0
-68 -45 1 0
-68 -39 5 0
-56 37 50 0
17 3 67 0
-11 -9 -55 0
72 15 -70 0
-36 -51 -54 0
9 -12 47 0
41 62 65 0
-72 -39 -14 0
34 53 -8 0
8 -63 39 0
-37 -35 63 0
15 -59 -28 0
11 -4 -10 0
-36 49 26 0
66 -41 52 0
64 -59 13 0
-66 6 29 0
57 -28 58 0
40 60 35 0
-22 57 -74 0
23 12 -4 0
-34 -24 -37 0
8 67 74 0
62 -14 -37 0
37 44 15 0
-38 20 54 0
29 -65 -66 0
31 -11 -42 0
34 72 -21 0
50 -68 33 0
62 59 50 0
-48 21 60 0
-42 -37 -57 0
-74 53 72 0
40 -37 21 0
37 72 44 0
56 -42 50 0
13 -34 66 0
55 31 -56 0
44 -24 29 0
46 52 36 0
-46 43 34 0
47 -37 -12 0
-36 60 62 0
28 -57 46 0
33 -12 37 0
-32 29 -13 0
34 -40 -21 0
55 67 -31 0
54 -18 -65 0
-56 -7 -74 0
33 17 -45 0
38 36 -16 0
26 23 15 0
4 43 -57 0
45 -71 -34 0
-71 34 -31 0
71 70 -3 0
61 20 4 0
65 -74 -20 0
38 -16 74 0
-69 51 -54 0
1 64 54 0
-25 13 60 0
12 70 -8 0
39 -8 -73 0
6 19 -34 0
62 36 -74 0
-32 8 54 0
-45 38 4 0
56 -26 19 0
74 40 -32 0
-57 -58 50 0
-17 -55 -3 0
-2 50 7 0
25 -61 36 0
10 73 -23 0
58 -66 -28 0
-50 -20 -39 0
-46 -3 52 0
25 -53 51 0
40 -27 -72 0
25 26 -44 0
-30 -1 49 0
-70 32 -11 0
33 2 35 0
-70 -31 -22 0
-47 11 43 0
-10 32 -35 0
-35 -26 -2 0
65 52 -41 0
-13 26 -60 0
-19 30 57 0
-37 51 21 0
-54 -68 -3 0
48 -26 45 0
49 -60 -7 0
-35 50 -63 0
-22 -23 -49 0
-49 35 21 0
32 -27 44 0
-69 7 -27 0
-42 -64 27 0
22 -8 -12 0
-73 28 27 0
-14 12 -68 0
42 48 67 0
-26 -57 -28 0
-33 -43 73 0
14 56 -38 0
65 48 42 0
59 21 -32 0
71 14 53 0
34 68 46 0
-49 -42 -69 0
-18 15 -14 0
-40 -49 -57 0
-17 -24 32 0
