p 18 76
3 8 12 0
9 16 15 0
-18 7 11 0
6 3 -11 0
13 -7 -17 0
-9 -18 16 0
11 2 -5 0
3 5 14 0
4 -7 3 0
-9 14 10 0
3 17 -9 0
-17 13 11 0
-10 1 7 0
13 -18 -3 0
-16 -7 6 0
-9 -11 12 0
-18 -13 8 0
9 -6 3 0
12 9 16 0
8 2 -16 0
-15 2 3 0
-12 -3 -7 0
17 -18 -12 0
8 13 16 0
-14 -16 -17 0
-17 18 -2 0
8 18 -14 0
-6 -8 -3 0
-2 9 11 0
12 -7 -5 0
-8 -9 18 0
18 -11 1 0
5 9 4 0
-6 -1 15 0
1 -12 -4 0
1 -18 9 0
-17 7 10 0
-18 15 -11 0
5 1 -11 0
3 11 -1 0
-15 2 -18 0
15 1 -11 0
3 -11 7 0
-1 4 15 0
14 -7 1 0
-7 -1 10 0
-11 14 -17 0
9 18 14 0
-16 4 -3 0
-2 18 15 0
-2 -3 7 0
15 -4 -7 0
18 -6 -12 0
16 -15 2 0
13 -9 17 0
14 13 16 0
-7 18 11 0
15 7 -18 0
4 8 -7 0
8 -16 -17 0
-10 12 -6 0
10 1 -15 0
6 2 18 0
-7 -14 5 0
14 -15 -16 0
7 -9 10 0
-14 -3 -1 0
-15 -5 -13 0
6 -5 9 0
-13 -16 7 0
3 -12 1 0
-11 -12 15 0
12 15 14 0
10 8 -6 0
-3 7 9 0
12 17 -4 0
