p 60 255
-33 -40 37 0
-49 -23 -44 0
57 -36 -58 0
-18 -48 -39 0
-4 -49 7 0
-60 10 -37 0
-14 -17 -46 0
30 -48 60 0
54 12 55 0
-58 9 52 0
57 -7 53 0
10 21 -7 0
30 45 51 0
31 27 30 0
-41 -2 -22 0
-23 -50 37 0
-22 -29 -30 0
15 -9 59 0
5 36 -38 0
29 -30 -41 0
-32 1 -2 0
4 -23 29 0
-32 12 -53 0
-5 -54 -19 0
-18 -1 -5 0
18 45 11 0
14 -25 -41 0
-21 60 -57 0
8 26 39 0
-56 51 -26 0
-60 -13 20 0
-48 -58 -29 0
2 18 -59 0
15 46 -2 0
8 13 -51 0
-57 43 31 0
35 -43 57 0
-30 -54 -49 0
-33 -31 34 0
-41 4 11 0
-40 -52 -28 0
-33 -47 -54 0
27 -45 23 0
-7 -25 -4 0
21 6 -43 0
24 -46 -28 0
54 -58 48 0
26 -56 3 0
11 -52 15 0
-60 -10 -40 0
-14 12 17 0
21 47 -50 0
-23 31 -38 0
-45 16 -5 0
24 -25 -2 0
34 -11 -8 0
55 -31 -46 0
-49 -18 47 0
-55 51 -18 0
-49 21 -50 0
33 18 -46 0
-28 -29 50 0
-54 -58 -47 0
-34 39 -48 0
3 34 -54 0
47 -20 -45 0
21 -58 -60 0
-42 29 -32 0
54 22 53 0
-38 -10 -26 0
34 51 56 0
-39 -40 -53 0
9 17 -4 0
26 -5 -14 0
-51 20 -16 0
-10 -22 -60 0
45 -10 -26 0
-26 -12 18 0
-15 -23 43 0
-20 -53 42 0
-30 3 45 0
-7 6 -3 0
7 -20 36 0
15 -25 38 0
-5 -7 51 0
47 -14 3 0
27 -21 60 0
25 -11 -4 0
60 6 -23 0
5 3 -58 0
-44 -27 8 0
-45 -28 26 0
-51 -8 46 0
-30 -23 54 0
-45 -42 -30 0
-34 8 1 0
54 52 -30 0
25 39 -1 0
-5 53 -10 0
-34 -1 -24 0
-12 58 -37 0
-42 7 35 0
-46 -33 12 0
42 16 3 0
-3 -60 10 0
34 -20 10 0
-54 6 29 0
-13 24 16 0
10 -38 -2 0
-16 -22 58 0
4 21 54 0
-49 24 29 0
47 -22 45 0
5 41 -46 0
23 55 6 0
-24 -60 -33 0
9 -59 29 0
-32 27 -23 0
4 13 20 0
-8 -36 23 0
-10 40 49 0
-32 13 10 0
53 15 13 0
-55 -18 -7 0
29 -24 20 0
34 -15 -47 0
29 33 -17 0
-47 -5 41 0
-19 -38 58 0
7 1 18 0
-35 -36 -20 0
45 -38 -3 0
-28 17 -39 0
24 -18 9 0
-46 60 37 0
-40 -51 -54 0
-15 -34 -46 0
-34 -50 -5 0
-11 39 33 0
45 -59 -4 0
-31 -58 17 0
-31 -45 51 0
43 18 -8 0
9 15 29 0
-48 18 -58 0
58 -53 57 0
-52 -30 -33 0
28 8 -27 0
-42 -17 -28 0
59 21 -8 0
-15 38 -10 0
-48 -38 34 0
-42 58 -40 0
42 49 -58 0
-15 52 -53 0
-17 59 -11 0
15 46 1 0
44 -9 -7 0
17 16 30 0
-14 10 -28 0
24 -59 -52 0
-11 5 13 0
10 -12 -56 0
49 5 38 0
-45 -23 -24 0
11 -43 36 0
58 -31 8 0
59 32 45 0
-54 45 9 0
-5 23 55 0
-31 -24 -18 0
-60 45 -52 0
-22 -58 -30 0
3 -10 7 0
-19 -60 -58 0
45 26 -36 0
-15 -46 12 0
-16 -54 29 0
-11 -29 -44 0
-49 2 -48 0
39 54 29 0
-56 49 33 0
-3 -60 2 0
-7 -16 33 0
37 3 -10 0
-60 16 -34 0
18 35 11 0
-34 -13 -53 0
28 49 60 0
25 -1 -20 0
35 20 18 0
-38 -52 -27 0
-20 -38 -15 0
8 -27 9 0
-46 -29 -12 0
-34 -38 27 0
1 -34 28 0
51 57 -30 0
28 57 -44 0
-47 41 21 0
42 11 -4 0
56 59 -15 0
9 17 21 0
12 7 -49 0
51 31 -30 0
-58 -44 32 0
-50 -37 12 0
18 1 -36 0
-38 36 13 0
-29 13 -19 0
-1 36 32 0
-59 -31 -18 0
36 -32 -33 0
-13 -49 -34 0
7 6 55 0
-7 35 -57 0
43 -58 20 0
15 -30 5 0
-58 -7 -31 0
-49 55 -7 0
-25 -48 56 0
-38 20 -47 0
-27 -17 8 0
51 18 -11 0
-5 -35 -3 0
-27 38 -5 0
37 42 -10 0
41 -15 35 0
38 -54 17 0
44 -29 -43 0
5 -11 16 0
-32 3 20 0
35 -24 58 0
51 -54 -40 0
47 5 52 0
-28 -58 -41 0
59 -8 4 0
-20 -47 -13 0
-50 1 58 0
32 -14 9 0
-8 38 30 0
14 -25 -48 0
-47 6 -15 0
-14 -25 -55 0
-36 39 19 0
-30 -4 3 0
-11 -21 -53 0
-51 27 42 0
59 3 45 0
16 -24 52 0
32 -57 -58 0
5 -25 -27 0
-44 -7 -24 0
-59 -1 -28 0
13 57 32 0
