p 81 345
6 -68 -14 0
-30 36 43 0
49 -50 -62 0
-71 -81 5 0
-57 22 -11 0
64 76 -19 0
-63 37 54 0
62 -56 -44 0
-45 -66 33 0
31 -4 57 0
-23 -17 76 0
60 5 71 0
-25 -38 -9 0
-60 77 11 0
-13 26 -30 0
-1 -70 -53 0
22 -25 -39 0
74 35 -12 0
3 6 67 0
-33 3 18 0
-32 80 -42 0
-53 -27 35 0
32 57 -69 0
-57 55 47 0
1 -77 -66 0
-38 -53 45 0
-11 52 -17 0
-45 54 -66 0
-63 56 35 0
-58 -53 -29 0
-42 -49 41 0
51 38 57 0
23 -57 -5 0
9 -1 -56 0
-49 20 78 0
32 -17 -44 0
-53 -78 18 0
-56 -76 -79 0
20 37 58 0
2 -26 68 0
-54 39 63 0
73 17 58 0
-40 -32 -65 0
69 48 13 0
63 -26 66 0
-53 60 -13 0
26 -53 -17 0
77 10 50 0
31 56 -46 0
38 2 41 0
-19 -42 -11 0
-4 -78 11 0
44 -63 -49 0
-47 -48 3 0
31 -36 -9 0
3 -70 2 0
-47 59 -26 0
51 16 62 0
-19 61 -10 0
-58 -66 10 0
69 4 -3 0
-41 15 -63 0
-80 -37 -10 0
-63 22 -45 0
-69 -75 -41 0
-32 27 80 0
-18 34 -61 0
49 -8 -22 0
15 -47 49 0
73 8 -75 0
-11 68 -14 0
-36 64 -45 0
43 1 -47 0
14 -66 32 0
48 71 65 0
-70 -67 11 0
-63 19 39 0
-9 78 -50 0
-2 -29 54 0
36 80 60 0
-9 67 -23 0
27 49 63 0
72 -24 37 0
43 -33 -24 0
-52 -29 -70 0
4 35 19 0
-78 -47 -41 0
-62 -38 24 0
72 62 -65 0
73 -59 -75 0
52 -65 31 0
32 -9 -62 0
73 1 -59 0
51 19 -25 0
-18 -5 -78 0
-30 21 76 0
50 -38 11 0
-49 44 -71 0
79 -42 64 0
-48 15 71 0
25 52 -54 0
19 -72 79 0
-39 29 45 0
55 -23 35 0
-38 -35 46 0
-34 16 44 0
63 -57 48 0
-42 35 -81 0
-23 -45 -7 0
8 -65 67 0
77 49 -18 0
-80 -59 -16 0
13 -44 55 0
45 30 -72 0
-68 43 -37 0
-75 29 22 0
-32 -61 66 0
-61 -31 -1 0
-46 62 81 0
-61 36 -71 0
55 24 -14 0
-56 79 40 0
-64 15 21 0
35 79 -30 0
21 -6 -42 0
-48 42 -21 0
-46 -45 20 0
37 -54 1 0
-37 11 -39 0
52 74 20 0
17 -71 37 0
15 -64 52 0
-32 -55 -36 0
-9 12 -36 0
65 -55 -75 0
-71 41 -7 0
29 -21 -26 0
-49 73 5 0
62 67 -68 0
41 7 24 0
-39 60 -77 0
38 -64 29 0
-32 33 29 0
74 7 -46 0
40 16 -68 0
-50 14 38 0
13 -50 -21 0
-19 -72 29 0
-63 21 -33 0
-54 -78 50 0
74 -14 -25 0
41 7 -47 0
24 47 55 0
-39 40 24 0
55 -59 -79 0
72 4 -33 0
39 10 73 0
-18 53 -73 0
73 -80 -71 0
-2 -15 -62 0
72 63 42 0
-18 -64 78 0
-59 -49 26 0
-15 -49 -11 0
31 11 27 0
-3 -55 11 0
39 68 63 0
59 58 -9 0
35 1 -22 0
-26 40 -30 0
66 8 67 0
7 -49 68 0
30 -48 -32 0
-47 25 44 0
64 -24 -22 0
55 -45 40 0
69 -40 61 0
-46 -60 44 0
79 26 -1 0
81 46 11 0
19 31 -6 0
30 -49 -1 0
55 -60 25 0
-54 78 -43 0
-4 -77 59 0
-72 70 51 0
-44 4 -5 0
47 -36 4 0
-16 -11 -37 0
56 -32 59 0
-72 37 -40 0
-22 -14 29 0
3 -24 -66 0
-57 65 -80 0
66 48 58 0
58 64 55 0
17 27 -78 0
53 -27 -48 0
16 -30 6 0
-18 -5 31 0
-54 71 55 0
6 5 -34 0
-81 68 27 0
40 -76 -2 0
77 -73 -33 0
-24 13 -54 0
52 -56 -42 0
-48 -37 24 0
36 24 62 0
67 -23 -74 0
7 -27 43 0
-46 12 -73 0
-4 23 67 0
-36 48 -15 0
19 32 -22 0
69 -48 -81 0
21 -54 81 0
15 70 -12 0
46 -6 2 0
-75 68 80 0
35 57 -3 0
12 -26 33 0
61 -63 45 0
69 58 -75 0
-33 -31 -68 0
-26 59 68 0
16 64 -60 0
-19 -39 -78 0
-21 -66 -11 0
-63 17 40 0
30 -73 48 0
-30 7 2 0
-47 -11 17 0
63 55 -56 0
48 7 25 0
59 9 30 0
71 3 10 0
-5 53 49 0
58 47 15 0
-15 -72 8 0
-80 56 -28 0
-8 5 -69 0
14 -39 -45 0
-28 -55 42 0
-31 -62 76 0
-19 3 -28 0
-63 31 -17 0
74 -61 39 0
3 -1 34 0
-24 59 70 0
10 -73 19 0
-39 -36 69 0
18 60 -8 0
-2 -20 -46 0
-16 -5 -52 0
-16 -3 62 0
-38 -68 36 0
32 -43 -81 0
51 77 -71 0
69 12 -13 0
36 1 59 0
-23 -35 30 0
-80 -28 26 0
-5 -54 -33 0
12 -11 -9 0
-25 -46 -47 0
50 -63 -45 0
-65 25 -60 0
-20 -60 53 0
-24 74 -60 0
45 44 -74 0
-59 5 80 0
41 80 63 0
-74 -61 50 0
81 -55 -73 0
-42 36 -64 0
47 -54 -80 0
26 16 -46 0
-41 -10 -19 0
42 22 40 0
79 -70 35 0
15 45 5 0
66 50 73 0
29 66 -67 0
-45 -11 -57 0
-55 40 19 0
-11 76 69 0
-36 31 -46 0
-65 -46 -31 0
25 23 58 0
-68 -23 40 0
15 35 44 0
50 -7 -68 0
30 -12 -54 0
-19 38 44 0
28 14 32 0
36 61 69 0
-40 -58 34 0
45 -15 -26 0
70 -35 75 0
67 41 -31 0
-11 -29 68 0
-34 59 2 0
20 -58 -69 0
-64 -3 -49 0
-59 -64 47 0
4 -19 18 0
8 -36 -74 0
-31 38 75 0
-1 -10 -31 0
7 -56 49 0
33 80 -35 0
33 -12 -19 0
22 9 -45 0
-15 55 14 0
-43 74 18 0
48 69 -16 0
-1 -30 59 0
6 60 -12 0
-55 71 21 0
-10 23 -61 0
-63 -77 -26 0
23 -13 69 0
-13 55 23 0
31 35 51 0
-11 -22 -60 0
23 -51 26 0
23 -21 -5 0
-70 -71 -40 0
-34 46 -29 0
-18 33 -43 0
10 -44 -46 0
-31 -16 -64 0
-11 -59 -77 0
-63 39 32 0
50 -11 18 0
-14 -53 45 0
53 -24 -70 0
5 -47 17 0
-42 -60 38 0
3 -76 -38 0
-12 -14 25 0
77 -76 -42 0
-45 -67 26 0
-67 -16 -61 0
