p 42 178
-20 9 -23 0
13 -42 11 0
-42 -25 21 0
-11 3 -40 0
-30 -22 7 0
-5 -15 28 0
22 -10 2 0
-38 -32 -21 0
-33 2 7 0
8 36 -15 0
-38 3 -4 0
11 26 36 0
40 -35 -9 0
-36 -34 23 0
-10 22 34 0
-12 -21 -40 0
38 1 -42 0
-35 12 38 0
39 2 -27 0
21 24 31 0
-25 41 5 0
35 -39 10 0
15 27 -26 0
-16 4 -15 0
-39 -9 13 0
15 -7 19 0
-5 -10 -37 0
-33 1 -15 0
-33 -23 -27 0
-35 32 -39 0
13 -6 11 0
-34 35 5 0
-8 17 -7 0
-38 4 -14 0
34 4 -32 0
7 -20 40 0
-31 40 29 0
13 -1 30 0
-40 -41 12 0
23 -18 26 0
-35 15 -20 0
-3 -10 -16 0
6 -36 -11 0
-39 4 -25 0
24 -7 38 0
-20 -28 -8 0
13 10 23 0
-39 33 34 0
18 -40 34 0
33 -3 -23 0
-37 -16 -24 0
32 9 -3 0
3 26 13 0
23 -42 39 0
26 -11 41 0
17 24 31 0
-37 -20 29 0
29 2 -11 0
3 11 -10 0
-36 12 25 0
39 18 -11 0
10 11 -40 0
-23 9 -14 0
-24 36 15 0
1 -30 14 0
37 -18 32 0
-30 -16 33 0
12 40 8 0
-19 2 -38 0
-17 -16 -28 0
5 -19 -6 0
-32 35 -29 0
-27 40 7 0
19 -33 -27 0
-22 -39 17 0
4 -22 10 0
-27 37 13 0
42 32 -10 0
31 21 42 0
7 29 -20 0
33 -21 -34 0
-41 -12 24 0
-10 36 -30 0
2 27 40 0
-14 10 25 0
19 -5 -30 0
-36 -13 -11 0
7 30 35 0
-30 27 2 0
-38 -10 9 0
-36 -35 17 0
37 2 22 0
-42 -9 18 0
-10 -3 4 0
19 -39 8 0
-11 35 13 0
5 22 -2 0
-26 22 -13 0
28 8 -6 0
-1 -41 -33 0
-35 -5 29 0
10 32 -36 0
19 -13 42 0
6 34 40 0
-16 -18 7 0
-25 19 21 0
-12 20 -7 0
13 -26 -11 0
-7 -22 -34 0
-39 -31 -28 0
21 -20 -1 0
-16 -6 -40 0
33 -29 -5 0
-23 42 36 0
16 -39 -4 0
39 10 -27 0
33 28 37 0
-1 -35 39 0
16 -3 15 0
-23 42 3 0
-15 42 -6 0
-26 37 -12 0
21 29 41 0
18 36 42 0
30 36 -9 0
-32 -6 33 0
-39 -4 16 0
17 -15 -3 0
42 -40 10 0
-35 10 -19 0
25 -42 -7 0
-32 -12 -9 0
2 34 -28 0
-38 15 -26 0
14 -20 -27 0
-32 37 -27 0
14 26 19 0
-28 -39 -19 0
32 -31 -4 0
-30 -10 -25 0
33 26 40 0
1 3 -9 0
-34 10 41 0
-42 -31 23 0
-34 36 -26 0
18 -1 16 0
-4 -6 -11 0
-8 34 -24 0
-9 27 4 0
-7 5 -8 0
31 17 6 0
11 -35 9 0
-5 4 -11 0
-16 -31 32 0
15 -42 -40 0
-17 6 32 0
-2 38 41 0
-18 37 35 0
11 4 -22 0
8 -39 29 0
18 24 -4 0
-35 -39 6 0
-41 38 -8 0
26 22 37 0
-7 36 17 0
-6 18 17 0
-24 13 -22 0
34 -4 31 0
-42 -4 10 0
34 24 28 0
21 -29 -14 0
9 -18 -1 0
21 17 16 0
-41 -5 -15 0
23 32 24 0
37 28 4 0
17 -39 -3 0
39 -40 22 0
