p 85 362
48 -81 -11 0
81 -11 -44 0
-45 -5 -74 0
15 -81 84 0
26 49 -44 0
-4 -15 -29 0
39 -24 7 0
26 -15 -68 0
7 -54 -84 0
-8 39 -12 0
-49 -58 -2 0
85 19 84 0
49 81 -52 0
27 -1 -60 0
77 63 -47 0
-74 37 -7 0
49 -77 65 0
-14 -17 -8 0
-35 75 36 0
50 71 -31 0
22 32 -4 0
-3 -20 -69 0
-25 -70 -85 0
-51 -41 61 0
-25 -60 30 0
72 -59 -70 0
-84 49 -5 0
78 -12 85 0
-42 11 62 0
-70 54 55 0
61 -53 10 0
52 -59 -42 0
84 -1 70 0
-53 -24 -82 0
6 39 34 0
-79 48 -13 0
14 -26 -12 0
63 -52 83 0
-58 27 42 0
82 -22 -66 0
74 3 -44 0
-31 -37 16 0
-58 22 40 0
75 -29 44 0
-45 19 -81 0
70 20 60 0
26 14 17 0
-68 -4 -35 0
-61 18 41 0
-9 49 18 0
-40 14 58 0
83 -30 39 0
81 85 33 0
-12 10 68 0
-35 56 25 0
-32 66 49 0
38 79 -47 0
31 -23 -22 0
17 -5 18 0
-18 -41 21 0
72 73 81 0
-79 29 2 0
30 70 84 0
64 -74 -17 0
23 73 19 0
-81 47 48 0
29 -68 40 0
11 -21 -82 0
-57 80 -74 0
68 49 15 0
-20 70 -33 0
-50 24 32 0
39 -37 -15 0
17 -83 -46 0
50 21 -11 0
-7 12 73 0
37 -35 9 0
-28 80 10 0
-21 -8 -7 0
41 -67 -22 0
80 -25 11 0
-81 85 30 0
-26 37 13 0
19 43 -35 0
14 -69 -65 0
60 -62 -8 0
9 -38 32 0
-61 71 -32 0
-29 2 -65 0
74 69 -49 0
-35 47 24 0
-47 84 42 0
12 27 -68 0
-28 43 -32 0
82 -52 80 0
38 -45 60 0
-8 -6 -84 0
-29 61 39 0
-77 44 5 0
5 54 -51 0
38 6 59 0
-85 51 -4 0
-4 42 -70 0
-19 -6 -75 0
-18 -74 3 0
25 -31 -14 0
26 -16 28 0
-29 -55 -22 0
46 -13 66 0
67 23 -29 0
15 81 -25 0
35 15 -79 0
-16 39 43 0
66 26 62 0
-39 -67 17 0
60 -11 -29 0
82 -66 -53 0
-6 68 -46 0
13 9 76 0
19 -5 -36 0
52 -1 -56 0
11 -46 4 0
15 79 -1 0
-15 7 27 0
33 -80 -52 0
-54 -34 -47 0
84 65 -28 0
-68 49 41 0
18 -56 -39 0
28 -14 78 0
40 69 -51 0
77 30 71 0
47 69 -70 0
23 64 -43 0
-40 59 51 0
71 29 -82 0
-56 -14 -53 0
-66 -8 15 0
-69 -26 -33 0
13 -70 37 0
2 32 -6 0
62 14 34 0
79 -13 -24 0
-58 73 -47 0
-25 -60 -62 0
-44 82 -40 0
-57 -63 -37 0
62 81 -59 0
-75 22 -13 0
15 6 -23 0
-47 55 -5 0
-69 72 47 0
-36 -15 40 0
-5 -20 81 0
1 64 -2 0
-82 74 23 0
-31 80 -53 0
-58 81 52 0
29 76 84 0
59 -26 77 0
-83 29 24 0
23 -34 49 0
19 44 -51 0
-14 -13 20 0
39 -63 -40 0
-7 -74 64 0
-60 63 -19 0
-52 3 42 0
-78 -47 5 0
2 -7 47 0
-11 -64 -80 0
-16 71 -65 0
77 -80 4 0
81 -70 -35 0
-27 64 72 0
5 71 -84 0
63 -19 -34 0
-62 -60 -76 0
-3 27 67 0
19 -15 75 0
71 32 -72 0
-32 -56 -54 0
-54 41 -84 0
-4 -2 72 0
-77 -8 84 0
44 48 47 0
11 29 -42 0
45 35 85 0
2 10 11 0
49 63 53 0
-41 17 12 0
31 50 -9 0
6 47 26 0
-14 11 -51 0
-1 -74 -46 0
-8 64 43 0
-29 -38 -5 0
-81 -41 33 0
-37 41 -3 0
-46 41 32 0
-15 12 48 0
-30 -50 -63 0
40 29 -75 0
20 65 -9 0
17 84 -51 0
-54 -62 47 0
-48 -59 62 0
-36 -18 9 0
59 -9 -57 0
-66 48 -37 0
81 -80 59 0
-43 24 -59 0
-76 68 59 0
59 19 -34 0
-37 -29 -3 0
59 -72 19 0
53 -52 -68 0
79 42 70 0
14 -58 2 0
-14 -84 -3 0
-26 -15 -29 0
-48 53 21 0
57 -6 -39 0
-13 43 -40 0
-48 25 -10 0
-21 -83 -29 0
19 -75 39 0
21 36 56 0
22 -27 19 0
-22 -23 66 0
-79 -47 52 0
28 -43 47 0
-16 -17 -46 0
-10 -70 46 0
-19 -20 51 0
-15 -70 47 0
-43 -3 38 0
-57 24 44 0
-25 79 -21 0
-45 -80 47 0
58 66 -14 0
-10 -21 8 0
-81 73 62 0
82 16 67 0
36 -82 -70 0
82 85 64 0
45 -47 68 0
28 -4 14 0
18 -82 31 0
-61 -49 -25 0
-31 -26 -66 0
80 62 -76 0
-11 85 41 0
7 -44 -8 0
49 -62 -10 0
65 -54 5 0
49 -82 59 0
-9 66 43 0
42 8 85 0
14 -3 -54 0
-64 57 -74 0
-9 -79 -35 0
36 -18 54 0
-43 -66 -22 0
64 -70 -37 0
-52 16 -30 0
58 43 38 0
-72 -15 -74 0
85 -17 46 0
77 44 -74 0
-29 -12 28 0
-81 -41 -10 0
-14 -22 33 0
-12 -53 -40 0
61 -51 79 0
-76 14 -65 0
-79 -39 -66 0
35 -20 -18 0
77 11 20 0
48 -29 -9 0
-72 37 31 0
-74 -79 -2 0
21 -22 -36 0
-55 -34 21 0
-9 83 -37 0
-36 77 49 0
-62 8 54 0
-71 -15 63 0
-40 -63 -24 0
-26 55 82 0
-45 -3 82 0
-77 -29 51 0
48 -18 -59 0
69 42 -80 0
81 21 -23 0
-58 18 -16 0
12 -69 -47 0
29 76 25 0
85 30 -25 0
45 54 70 0
16 -53 -74 0
-66 48 55 0
-55 -82 7 0
-64 35 -2 0
17 -48 -75 0
56 67 -27 0
-20 -16 52 0
-53 -64 58 0
-58 7 -56 0
-60 25 64 0
22 80 -70 0
16 23 -33 0
-21 84 -59 0
-68 -71 -80 0
38 -59 -53 0
-4 -19 76 0
-15 75 48 0
-50 35 72 0
10 73 54 0
66 -39 49 0
66 43 79 0
75 -22 39 0
-25 -18 11 0
-5 39 42 0
1 65 80 0
-46 72 83 0
64 9 85 0
-71 15 10 0
-60 62 51 0
55 42 64 0
28 -54 72 0
-26 35 53 0
39 64 -19 0
-71 -22 -56 0
9 -21 54 0
-37 50 -46 0
39 9 41 0
-34 41 24 0
-41 -51 68 0
36 46 16 0
-49 80 -30 0
-62 -63 70 0
21 -3 -63 0
-9 -55 60 0
2 -20 -40 0
-42 -22 17 0
-16 25 -13 0
3 85 45 0
-38 -11 53 0
-64 75 -85 0
8 41 30 0
-9 -85 -65 0
-42 -40 -38 0
3 -32 72 0
81 73 -21 0
43 73 21 0
42 71 -79 0
13 -60 33 0
70 -31 -18 0
-13 17 -12 0
-3 -63 19 0
-69 -46 42 0
