p 60 255
-4 -49 -31 0
8 -10 20 0
-25 -54 1 0
56 32 -45 0
17 3 -14 0
38 39 -2 0
55 -51 60 0
22 3 -59 0
24 10 11 0
22 -58 30 0
14 16 -15 0
15 33 -60 0
-39 52 15 0
-25 43 -44 0
-1 8 37 0
58 -37 49 0
36 -25 53 0
-59 13 9 0
19 -50 -38 0
-2 7 -34 0
30 40 33 0
10 -4 5 0
-14 -40 -29 0
-55 53 -30 0
-58 -17 48 0
52 -53 5 0
-12 18 49 0
-9 48 2 0
-13 -14 -24 0
-54 -39 10 0
-2 -56 46 0
5 -32 10 0
58 2 -57 0
33 -35 -2 0
16 59 38 0
-41 -19 -27 0
-4 -34 31 0
-50 18 -17 0
17 47 -58 0
-26 22 -48 0
-23 -36 42 0
-45 23 32 0
-38 43 -50 0
16 -58 36 0
-33 27 -25 0
-8 52 7 0
-38 43 20 0
-12 51 46 0
-34 60 21 0
42 -43 19 0
-28 3 -41 0
40 26 16 0
-30 3 9 0
-26 49 -38 0
4 34 -37 0
-52 -18 -32 0
15 -26 53 0
40 22 -9 0
-39 55 45 0
30 -7 -58 0
-25 28 12 0
-39 12 58 0
-60 -56 -2 0
-33 24 -32 0
15 16 30 0
-39 -32 -41 0
-57 -27 -12 0
-48 32 9 0
37 60 22 0
56 -24 -14 0
-12 39 -21 0
32 -7 -28 0
14 20 37 0
43 -24 -18 0
26 56 51 0
50 32 -12 0
46 -5 -18 0
54 -39 19 0
-19 21 -8 0
-7 -24 -33 0
27 -59 -43 0
-42 48 40 0
-14 -59 10 0
53 19 -32 0
14 -42 -58 0
-24 56 34 0
-14 -10 -45 0
58 -57 -38 0
-22 30 21 0
-54 37 58 0
32 53 -9 0
11 -25 44 0
51 -1 -35 0
-30 -19 -22 0
-56 32 40 0
-39 2 50 0
18 -16 13 0
-50 24 35 0
-31 5 -2 0
-5 -53 58 0
-30 -56 37 0
-47 29 -28 0
34 -35 1 0
-13 52 60 0
36 -8 -30 0
-24 31 42 0
1 31 -57 0
-26 21 -42 0
-27 17 -3 0
-8 -36 -40 0
-4 -31 8 0
-11 37 -51 0
-46 -50 -53 0
18 -4 25 0
53 39 4 0
56 29 -23 0
12 45 -35 0
-41 -56 -57 0
-20 13 -34 0
45 -14 59 0
8 54 -14 0
-5 29 -45 0
14 35 -53 0
-21 -60 7 0
-15 -54 36 0
20 54 -29 0
31 44 -46 0
-19 45 42 0
-1 4 29 0
59 -33 4 0
53 41 -28 0
-56 -60 -43 0
-36 11 24 0
-26 27 -44 0
-3 56 2 0
29 -37 26 0
14 44 -5 0
-3 48 -28 0
25 -36 22 0
-51 -57 5 0
54 15 17 0
17 -30 -18 0
-26 -35 1 0
-52 -48 -43 0
4 42 -9 0
47 -33 -10 0
-10 19 -27 0
24 -20 -32 0
-9 -36 -32 0
-33 -55 18 0
14 31 28 0
50 -38 -12 0
-29 -32 46 0
-3 49 10 0
26 32 -55 0
-15 -31 9 0
4 59 -53 0
-35 -50 -5 0
20 38 47 0
-25 -53 27 0
-2 -44 -32 0
-47 53 16 0
32 -54 44 0
4 -21 -45 0
-24 50 -16 0
27 -15 20 0
-14 -12 -60 0
-7 11 51 0
54 60 12 0
39 15 -30 0
56 -7 49 0
-60 51 -45 0
41 -22 15 0
51 -32 -29 0
58 55 37 0
-11 -17 -39 0
-25 -1 -60 0
-44 4 -26 0
-35 22 11 0
38 -37 -56 0
12 32 42 0
-9 7 54 0
12 52 -20 0
-11 59 -20 0
-9 -19 -10 0
42 34 30 0
-33 -21 -16 0
-43 -46 -22 0
-4 -1 -22 0
56 -11 -6 0
-56 40 35 0
-29 -28 22 0
-23 -27 -19 0
-46 32 -13 0
10 -22 -25 0
-44 -9 46 0
-33 -15 49 0
53 -14 8 0
45 -47 24 0
14 17 7 0
36 58 -5 0
-25 -26 30 0
8 -46 -58 0
22 58 -40 0
-6 -27 -5 0
24 -58 -51 0
-60 28 -57 0
13 19 39 0
-19 -9 41 0
32 31 -17 0
-21 17 -20 0
-31 13 -28 0
-31 51 27 0
-3 1 58 0
-59 -23 52 0
4 60 48 0
-13 22 -5 0
-57 -22 60 0
-32 -10 40 0
-50 59 -11 0
-6 52 31 0
60 37 -15 0
-41 -34 -33 0
39 31 3 0
17 49 53 0
59 19 -46 0
24 -42 15 0
20 -6 -19 0
-46 6 38 0
-14 30 -48 0
39 -23 46 0
57 -55 46 0
24 16 -59 0
-29 -52 2 0
11 -31 -30 0
6 -48 -37 0
-23 3 -57 0
-27 -35 55 0
-29 21 17 0
44 2 -32 0
-13 48 9 0
44 -24 30 0
6 -24 54 0
-4 38 30 0
-60 31 15 0
-33 25 50 0
-9 -3 44 0
21 12 -36 0
1 -38 -58 0
-12 -32 -25 0
48 21 13 0
33 31 18 0
5 -52 -37 0
-11 -45 -8 0
-30 5 -9 0
