p 83 353
77 -30 76 0
35 -3 -45 0
51 -78 43 0
79 -3 14 0
-82 -21 26 0
53 13 25 0
-4 -61 13 0
-48 -28 -64 0
-15 34 1 0
60 25 6 0
24 55 -23 0
61 9 -28 0
-47 -39 -16 0
-56 -65 -62 0
-13 2 -78 0
-64 -67 -75 0
17 9 70 0
10 51 -81 0
-25 73 -64 0
-44 -17 55 0
-44 65 76 0
-6 -1 -63 0
-10 70 35 0
11 21 31 0
-39 77 78 0
-33 46 16 0
46 -74 8 0
-33 66 61 0
-48 -10 9 0
4 -32 14 0
-38 31 -13 0
52 28 -72 0
50 62 81 0
36 49 33 0
16 30 2 0
-60 37 69 0
5 -11 -19 0
37 38 -34 0
20 4 -72 0
-3 62 -78 0
65 -16 1 0
-32 77 64 0
-75 8 74 0
78 -54 -44 0
-17 54 51 0
63 -81 -15 0
-18 -44 -41 0
82 -7 -67 0
-39 -63 4 0
47 4 59 0
-27 -68 -10 0
72 -37 -4 0
32 -50 12 0
-78 3 13 0
66 -60 -5 0
-11 73 -26 0
-42 12 -2 0
76 -65 -55 0
-40 59 -46 0
76 28 25 0
-5 50 -15 0
43 11 -44 0
-32 -29 67 0
50 8 -23 0
-82 56 63 0
-34 13 78 0
76 -53 25 0
50 -69 -29 0
15 -13 -68 0
25 41 -58 0
25 -50 59 0
72 -57 -9 0
-40 74 -38 0
-11 -82 -73 0
-3 38 -53 0
-13 -47 19 0
49 -2 -68 0
-5 -63 71 0
-57 58 -12 0
56 -9 70 0
66 -7 71 0
-82 46 -68 0
-57 -28 10 0
40 4 59 0
50 31 36 0
21 -71 -68 0
81 -42 69 0
-15 -23 -37 0
26 43 -81 0
66 82 12 0
-22 -6 -31 0
-21 -70 17 0
-47 71 -37 0
22 49 -44 0
-59 78 69 0
-19 -77 -72 0
42 -5 -7 0
68 63 -44 0
-12 -45 -69 0
-40 -51 5 0
23 80 -17 0
-1 -60 -47 0
-83 -27 -66 0
51 -25 79 0
30 55 -58 0
64 -32 14 0
24 64 1 0
5 -48 20 0
-73 77 -46 0
12 39 55 0
-49 -14 -75 0
-69 34 -22 0
-57 52 -32 0
-14 -56 -24 0
-51 -31 39 0
-39 -20 -33 0
-1 -14 -23 0
-65 30 -59 0
-74 -72 -23 0
-80 -62 66 0
-45 46 -70 0
11 -77 10 0
-56 23 75 0
10 -11 -4 0
43 2 -15 0
-35 -22 -55 0
61 81 -27 0
18 47 -23 0
-9 -83 -44 0
36 -8 59 0
-19 35 71 0
69 26 53 0
52 -75 5 0
-16 27 58 0
4 56 41 0
16 63 2 0
23 44 55 0
-52 57 15 0
82 -56 -16 0
-4 3 -9 0
-61 -30 58 0
32 -61 -10 0
-51 -10 67 0
-56 61 -29 0
64 54 71 0
-8 77 -64 0
-79 -61 -60 0
2 54 -56 0
-25 70 -4 0
-36 -28 32 0
-19 -61 -60 0
31 29 -4 0
-76 75 45 0
34 63 -20 0
72 -56 39 0
-71 28 82 0
5 51 39 0
70 -75 -62 0
-16 53 -50 0
58 38 63 0
17 79 -26 0
47 66 31 0
-70 -82 81 0
-2 29 27 0
1 69 31 0
-41 -16 -35 0
81 61 38 0
-53 -8 -5 0
-57 71 -42 0
46 72 47 0
-29 50 24 0
4 -74 29 0
-46 -24 -12 0
-52 55 -77 0
-5 -58 -62 0
37 17 -55 0
-4 -79 -73 0
61 73 21 0
-13 -60 1 0
-65 -49 11 0
52 14 -16 0
-48 74 57 0
-65 74 -33 0
9 4 23 0
-49 -31 26 0
-20 -74 -69 0
77 -23 69 0
70 -68 40 0
9 71 21 0
-77 -80 22 0
36 -52 -1 0
-24 37 10 0
14 -22 26 0
71 -6 41 0
47 44 69 0
-12 39 13 0
3 80 76 0
-42 71 46 0
-57 -27 5 0
-57 -3 16 0
-17 31 48 0
5 -4 -76 0
-70 38 11 0
52 42 -39 0
-81 14 1 0
48 22 -19 0
-42 -43 24 0
77 -15 -49 0
40 -81 48 0
38 -48 -2 0
-48 -8 15 0
83 20 75 0
83 80 59 0
11 8 74 0
51 83 -34 0
15 11 -71 0
76 -1 -68 0
67 -4 -49 0
9 23 -56 0
-58 -36 -46 0
-28 67 26 0
-37 -64 5 0
81 19 -73 0
35 5 -43 0
14 -82 3 0
-20 -56 -36 0
-42 -51 -4 0
41 -37 -47 0
72 68 62 0
45 -71 -73 0
15 -43 -61 0
8 -14 -81 0
52 11 -10 0
-12 -78 -50 0
-80 59 36 0
-62 -57 -22 0
-68 -29 -27 0
79 8 -6 0
-13 -59 8 0
46 -23 67 0
-77 -19 74 0
70 -36 -39 0
1 27 17 0
17 69 -66 0
30 58 9 0
21 -17 30 0
15 -64 -55 0
53 -68 19 0
75 -71 -32 0
67 3 -40 0
67 6 -68 0
-12 32 6 0
80 17 -49 0
-43 62 27 0
44 -30 -42 0
4 78 -22 0
-22 54 -25 0
-13 -65 -60 0
-81 -11 17 0
55 47 -11 0
28 43 -22 0
61 -17 3 0
-48 -78 70 0
79 -66 63 0
-74 -5 35 0
67 13 69 0
19 -76 65 0
74 -81 11 0
-30 -21 -58 0
-71 -25 -20 0
12 25 -15 0
28 -26 -30 0
27 -68 78 0
4 -67 79 0
-63 40 31 0
-28 -68 -23 0
64 -4 75 0
40 -66 63 0
37 -71 -55 0
-33 -49 38 0
42 -80 -54 0
-78 3 -29 0
-2 -45 46 0
57 -19 -30 0
76 75 19 0
-69 -57 -7 0
-9 -22 41 0
-30 -72 -40 0
74 59 21 0
-2 71 28 0
-5 53 3 0
74 32 36 0
-43 12 -67 0
25 69 38 0
62 38 -21 0
-1 37 -50 0
-67 -8 46 0
26 82 57 0
56 -13 65 0
13 1 22 0
-31 20 -62 0
-58 53 -1 0
82 3 26 0
46 44 35 0
7 45 68 0
66 26 47 0
-75 -33 -68 0
-11 -9 -8 0
-81 -51 -45 0
-77 14 -53 0
8 37 49 0
74 -55 56 0
77 57 25 0
-14 -5 62 0
31 9 32 0
61 -12 -52 0
22 -47 -16 0
42 27 46 0
26 21 -46 0
-20 32 -11 0
70 -4 -55 0
-54 71 -37 0
57 -15 68 0
10 -2 -65 0
-67 46 -40 0
-44 79 42 0
16 -46 -41 0
76 9 -15 0
63 -70 -51 0
-28 55 35 0
-81 56 16 0
50 -28 -76 0
-71 -65 79 0
21 -67 62 0
-51 75 -57 0
78 74 -69 0
65 -6 -82 0
56 71 -74 0
49 31 -8 0
81 -6 -53 0
-31 77 -12 0
-69 76 -62 0
47 60 80 0
46 13 24 0
-54 29 -13 0
56 -13 -21 0
76 52 -60 0
49 74 31 0
13 -24 -37 0
-68 37 -47 0
-41 65 -24 0
35 -37 28 0
27 5 18 0
