p 61 259
56 32 -60 0
-51 -11 29 0
13 -45 44 0
-53 -48 -16 0
-13 -22 -14 0
57 9 42 0
-52 -20 -4 0
41 -35 24 0
-26 33 46 0
-6 52 -22 0
-59 -56 38 0
51 38 -53 0
21 45 -49 0
-22 50 11 0
-44 -17 45 0
6 -29 -9 0
49 -35 17 0
-58 -31 -46 0
17 48 37 0
53 1 50 0
27 -18 32 0
47 56 -33 0
-39 -12 26 0
37 -4 48 0
7 -53 51 0
39 -58 17 0
-49 -21 -2 0
9 -40 14 0
-9 58 31 0
-47 -31 -39 0
32 13 -37 0
61 -50 -47 0
14 -58 17 0
5 -4 21 0
11 59 -27 0
-59 -29 -25 0
-5 17 -18 0
-46 12 34 0
-60 61 -8 0
-27 -49 26 0
21 59 35 0
-8 -12 -51 0
37 -32 -20 0
-21 -48 42 0
-53 38 -40 0
-8 26 -59 0
41 52 -1 0
43 -2 -27 0
-52 2 50 0
-9 -42 -14 0
21 58 4 0
56 -37 10 0
37 39 61 0
19 -54 -37 0
37 31 12 0
25 -2 37 0
-48 49 19 0
-56 -25 28 0
37 18 -1 0
11 29 41 0
2 21 41 0
-10 51 24 0
53 -24 20 0
23 27 59 0
-52 50 19 0
39 37 -16 0
55 -50 43 0
39 -9 25 0
-4 10 57 0
29 1 -23 0
35 -9 13 0
-45 -59 -24 0
20 6 7 0
30 -11 -56 0
-42 36 4 0
6 7 -36 0
51 33 -29 0
5 -43 33 0
1 31 -48 0
-43 50 61 0
5 -43 -47 0
-53 51 8 0
33 -31 -16 0
-29 -15 -27 0
-58 53 21 0
28 -2 -9 0
-24 25 -32 0
45 23 18 0
-33 -42 -35 0
-50 -61 -21 0
-28 -54 -44 0
-38 30 -25 0
51 -7 -12 0
18 -45 9 0
8 -42 -44 0
31 -28 50 0
57 -11 -4 0
-6 29 39 0
2 -1 -36 0
50 22 -45 0
44 31 -10 0
58 -48 -23 0
35 44 -17 0
-22 52 -29 0
-18 53 3 0
-44 -21 22 0
8 -14 -48 0
10 -31 28 0
37 -36 56 0
-59 37 9 0
-28 9 -51 0
20 43 -48 0
-28 -19 9 0
8 -40 16 0
7 -8 -35 0
21 -4 -6 0
-15 -48 31 0
-11 48 53 0
-11 46 16 0
-47 52 14 0
20 46 22 0
32 -2 20 0
-25 -34 -41 0
-37 36 11 0
59 33 -40 0
-47 -22 -37 0
-55 43 -50 0
-48 24 -10 0
-45 19 9 0
12 -44 -47 0
-38 18 -34 0
56 -2 3 0
-47 39 9 0
4 -19 46 0
27 39 -47 0
-14 -32 58 0
26 -18 11 0
-41 -13 35 0
44 -12 35 0
-36 -48 44 0
-46 -58 45 0
-51 -40 5 0
-46 -27 10 0
40 30 25 0
59 4 50 0
25 46 40 0
-28 18 -42 0
-4 39 -56 0
-30 17 -46 0
-36 31 -51 0
56 22 -39 0
-2 -46 -15 0
-54 26 -1 0
-7 32 33 0
52 53 -39 0
28 -19 11 0
-41 -31 36 0
46 -57 58 0
-45 18 28 0
23 -24 7 0
-22 49 -25 0
-41 2 -27 0
37 32 -11 0
-32 7 -58 0
42 -26 56 0
44 36 -41 0
-56 19 27 0
47 19 -9 0
-28 -45 47 0
-37 -44 -18 0
22 -56 -8 0
22 -54 -20 0
20 -39 -56 0
-23 28 -19 0
-5 -41 9 0
36 -9 31 0
53 18 3 0
-17 -26 -19 0
-42 9 49 0
-18 -21 -7 0
-38 -23 29 0
48 3 -15 0
15 -58 -37 0
54 -1 -23 0
-46 38 -41 0
-49 59 58 0
26 20 -40 0
38 42 28 0
49 34 -12 0
-26 -9 -14 0
-23 -61 -1 0
-45 -42 -33 0
-46 -20 24 0
16 18 -28 0
8 -4 11 0
40 25 39 0
52 53 9 0
34 4 49 0
-42 36 47 0
6 -1 -22 0
-46 -23 42 0
17 -35 -21 0
24 29 -30 0
-57 29 26 0
19 -10 -20 0
6 -58 -39 0
3 51 -59 0
24 -2 57 0
-61 51 13 0
18 26 5 0
-20 10 14 0
42 43 18 0
-42 22 43 0
52 -56 26 0
42 -37 17 0
-54 16 -11 0
28 -5 -3 0
50 9 -55 0
35 50 -19 0
-45 -34 -26 0
-34 -1 -46 0
-61 44 -45 0
2 21 41 0
49 -19 -52 0
21 -8 52 0
8 38 -24 0
32 -36 -23 0
-4 -60 13 0
50 -11 14 0
9 -54 16 0
-56 44 -8 0
-12 -44 -31 0
-42 57 49 0
-8 26 -40 0
54 -14 43 0
34 -54 41 0
41 -33 -54 0
3 -5 4 0
60 44 58 0
-46 -43 -7 0
-51 -29 44 0
46 17 -2 0
50 61 -2 0
-14 -31 -60 0
54 5 -21 0
-22 33 54 0
18 -61 29 0
-25 -58 -5 0
33 -54 -45 0
18 36 -43 0
40 -53 34 0
38 -31 37 0
46 43 35 0
-11 -38 15 0
-12 15 -26 0
-55 -37 -19 0
19 -48 -1 0
-50 26 -6 0
34 3 57 0
