p 92 391
-48 73 49 0
81 -64 -4 0
-85 62 12 0
-3 -72 -28 0
-66 -25 -74 0
46 -55 82 0
20 19 -33 0
20 -24 -39 0
-63 -64 76 0
-62 -39 -45 0
87 -73 -80 0
26 -17 59 0
-35 -90 -45 0
-29 6 21 0
41 -76 56 0
83 -63 -47 0
86 49 -46 0
83 77 65 0
-3 86 -33 0
-79 -61 48 0
-89 -48 -46 0
-31 -19 -49 0
-53 -69 -32 0
89 27 31 0
-48 -49 -13 0
37 34 44 0
-75 62 -59 0
-5 75 -21 0
61 -51 -67 0
-31 -70 -41 0
45 3 76 0
17 50 9 0
58 -88 45 0
-16 -53 -17 0
69 -3 -23 0
4 32 -54 0
78 -57 -3 0
13 -15 69 0
51 -34 68 0
-75 30 -41 0
52 -28 -43 0
-9 -24 -63 0
40 -92 77 0
-92 -36 72 0
72 -50 11 0
20 -57 25 0
-46 74 1 0
-63 77 75 0
89 56 14 0
-47 6 -75 0
43 89 21 0
50 41 -91 0
-30 72 -10 0
74 12 -11 0
72 88 27 0
-11 16 -65 0
62 -77 51 0
-26 -35 79 0
-51 -19 68 0
-10 -42 15 0
54 -84 25 0
18 -16 -4 0
-46 64 -85 0
41 -42 52 0
9 -3 -49 0
-2 -72 -92 0
-10 11 38 0
-13 74 22 0
-16 -3 82 0
-17 75 92 0
-71 -87 11 0
-3 43 -92 0
20 -2 39 0
41 84 -39 0
72 70 1 0
-77 84 43 0
90 -83 -31 0
15 92 1 0
-54 -22 -5 0
-72 27 42 0
52 9 14 0
62 80 79 0
-52 -92 -53 0
8 -6 -91 0
-67 -46 4 0
-8 -54 1 0
53 18 -22 0
77 -81 -76 0
-53 74 11 0
25 -78 -92 0
-30 -91 4 0
75 64 14 0
-19 -41 65 0
-65 -52 57 0
-5 -47 -58 0
-55 43 -16 0
-33 -61 12 0
56 -12 79 0
-1 -72 -62 0
39 -78 -58 0
33 -57 -84 0
-20 -6 -15 0
-67 8 55 0
36 -4 -44 0
34 -61 64 0
40 -61 -87 0
8 -67 18 0
-44 -78 65 0
-61 58 -72 0
-61 10 44 0
-17 2 57 0
70 -76 -53 0
34 76 29 0
-59 -46 82 0
-87 -2 83 0
86 -82 81 0
-43 23 -13 0
-59 42 12 0
-27 -59 -20 0
54 78 35 0
-59 -28 -23 0
22 4 32 0
-79 80 68 0
-48 91 6 0
50 34 -55 0
66 49 73 0
-86 6 89 0
-31 37 -62 0
-23 -10 48 0
-49 67 -82 0
18 78 -35 0
-74 62 65 0
63 -17 35 0
15 89 -61 0
-6 -5 38 0
30 35 -69 0
80 61 -86 0
16 85 -83 0
-64 77 -4 0
59 -21 19 0
47 -53 -20 0
-27 -84 -2 0
37 -50 -39 0
-3 45 87 0
-74 -25 -29 0
-30 52 -6 0
-32 -75 81 0
-4 -82 -9 0
66 60 -59 0
-67 -82 29 0
-76 23 -64 0
-24 73 -26 0
-19 65 1 0
2 76 -12 0
80 76 -15 0
-12 52 -50 0
71 -14 91 0
-25 76 28 0
-56 -53 -17 0
20 35 -44 0
23 -11 -27 0
53 34 85 0
75 71 62 0
92 14 -5 0
74 -63 24 0
81 -37 69 0
-45 -20 -83 0
-74 -80 84 0
-76 38 48 0
60 34 -27 0
15 -17 -26 0
67 -86 -15 0
11 87 45 0
42 -88 82 0
-34 39 -55 0
-86 75 -34 0
-34 17 -48 0
28 66 38 0
59 -82 70 0
29 -85 -66 0
-47 82 1 0
20 65 91 0
47 30 -49 0
-16 5 -8 0
11 27 -78 0
45 11 56 0
-9 66 -58 0
18 -33 -87 0
27 -39 74 0
90 -36 74 0
-55 76 19 0
19 -78 49 0
-77 16 2 0
24 32 -4 0
-53 38 -48 0
-54 -72 -4 0
32 84 -67 0
87 -80 -63 0
54 -8 -73 0
22 86 29 0
47 -18 2 0
-89 15 69 0
39 68 -69 0
90 -72 16 0
-53 79 39 0
6 -75 9 0
-88 -40 28 0
43 3 47 0
6 -88 21 0
28 83 -44 0
29 59 57 0
-84 -31 12 0
-89 -77 90 0
-26 89 61 0
45 -34 -2 0
-90 -44 -34 0
-80 47 20 0
-73 -9 -19 0
-69 72 5 0
-37 69 66 0
71 -32 59 0
-38 58 -86 0
74 -33 38 0
70 53 72 0
40 -9 6 0
-81 53 -31 0
-6 63 -39 0
56 -16 -11 0
-19 61 -20 0
55 81 4 0
-30 81 -50 0
-19 -42 83 0
80 -72 -75 0
30 18 -75 0
57 -79 -55 0
-79 41 47 0
-37 -13 47 0
56 -70 39 0
9 -36 68 0
-74 -41 -66 0
-63 91 -38 0
68 55 21 0
1 -49 40 0
-31 65 -12 0
-69 10 -3 0
-17 86 69 0
-31 -65 -44 0
-56 -89 -64 0
-44 70 -40 0
-1 -18 -46 0
85 11 -71 0
-12 -10 46 0
59 71 39 0
3 41 89 0
-20 -23 70 0
28 -76 71 0
-33 26 -9 0
28 -66 15 0
73 -5 -7 0
-49 59 75 0
-70 67 -42 0
40 88 58 0
22 59 40 0
-41 8 25 0
26 2 -17 0
81 -74 14 0
32 38 63 0
64 -10 31 0
8 -12 36 0
43 20 -89 0
-63 72 79 0
6 -63 41 0
-79 -15 66 0
-57 86 -71 0
-71 68 -14 0
-69 -45 -24 0
3 86 -63 0
-70 4 -2 0
-56 12 89 0
-36 20 -87 0
59 84 -77 0
5 -16 59 0
-82 50 80 0
-8 81 83 0
63 48 -23 0
-18 -37 -72 0
39 48 -70 0
-11 -18 89 0
51 -65 50 0
37 74 -44 0
10 26 -30 0
-68 38 86 0
6 -28 57 0
56 -48 92 0
-51 -41 82 0
-84 -80 66 0
-8 -49 62 0
40 -69 85 0
4 73 -29 0
-45 -38 -41 0
-11 17 -86 0
61 -46 -17 0
-43 -78 20 0
41 22 -79 0
51 13 -40 0
-30 50 77 0
77 -62 -23 0
-6 71 -10 0
67 -46 29 0
74 -33 56 0
-53 -71 -59 0
-92 -52 -43 0
13 84 76 0
-67 41 -68 0
-69 -51 87 0
-24 51 62 0
40 52 -78 0
-84 55 13 0
12 90 -49 0
-25 1 88 0
68 -29 -71 0
-53 -76 63 0
-43 -1 77 0
37 -24 78 0
63 33 26 0
-32 86 -48 0
24 4 34 0
28 29 90 0
24 49 -16 0
37 12 -33 0
-17 -28 -11 0
30 73 -74 0
-65 -10 -42 0
6 41 -37 0
15 -38 68 0
66 -19 82 0
-56 68 7 0
49 11 -89 0
57 -40 -53 0
15 -6 -56 0
-61 64 -71 0
77 70 56 0
-17 -86 -21 0
-92 56 59 0
80 -54 58 0
-5 2 32 0
36 1 -60 0
63 43 12 0
1 -91 -35 0
-29 -12 -46 0
-5 56 55 0
-82 18 -37 0
50 -27 66 0
77 74 -59 0
41 70 -5 0
28 61 -70 0
84 -44 43 0
78 74 -89 0
-47 -73 -38 0
-50 -80 -23 0
-13 80 68 0
32 52 43 0
19 31 64 0
-84 -70 36 0
87 33 52 0
-37 -66 43 0
22 86 -16 0
-24 -46 51 0
33 25 49 0
-79 67 6 0
20 -4 21 0
17 72 -10 0
81 71 -2 0
-31 -74 22 0
28 -26 34 0
-51 -89 5 0
-39 66 -29 0
85 -40 86 0
-16 -28 1 0
-40 -63 -68 0
39 -71 26 0
-22 -4 42 0
-8 -80 -6 0
87 -30 69 0
-54 -36 -39 0
24 -81 1 0
70 42 47 0
83 -78 -30 0
-29 -27 28 0
-40 1 44 0
-65 -13 -38 0
