p 90 383
-41 31 -30 0
-64 -50 -6 0
-21 -48 -4 0
-26 -6 -25 0
14 -4 -41 0
58 -67 -60 0
-78 32 40 0
-87 -58 -44 0
-35 -70 -23 0
-59 -60 -1 0
56 16 59 0
31 -4 -89 0
17 -14 -38 0
35 8 38 0
58 9 24 0
76 33 -20 0
81 4 -10 0
-69 -78 1 0
66 -11 42 0
-37 -39 13 0
-54 44 -9 0
-26 -45 79 0
-63 90 39 0
-55 -77 -52 0
34 85 82 0
63 40 -2 0
-76 -80 -3 0
-57 60 -38 0
45 27 8 0
-4 43 -51 0
1 62 75 0
76 3 90 0
-75 70 -57 0
-56 -65 9 0
23 -15 34 0
26 -8 82 0
-28 -1 -47 0
-58 74 -60 0
61 -43 87 0
-89 -32 -38 0
-67 11 81 0
15 -18 -73 0
-61 -56 -47 0
-25 -6 -53 0
-3 -35 58 0
-29 -15 84 0
80 -13 24 0
-44 53 -75 0
-79 -7 -25 0
-64 -6 82 0
83 -39 -82 0
57 16 -81 0
-63 49 -30 0
-71 -37 39 0
84 18 59 0
8 -20 -23 0
-68 1 -10 0
-47 -20 19 0
85 -9 -72 0
-57 27 -8 0
31 2 -80 0
25 61 -8 0
19 -31 -3 0
-13 39 -1 0
-22 3 26 0
80 14 62 0
-38 69 -20 0
-75 -18 -1 0
11 23 53 0
-76 70 -56 0
61 21 42 0
-66 -64 -46 0
-89 38 -43 0
36 59 19 0
-80 -13 -10 0
-17 -52 69 0
58 -87 -28 0
-19 -53 30 0
-55 44 58 0
-63 -50 -64 0
72 -4 -13 0
-51 -73 -8 0
-32 -30 -64 0
-83 -62 70 0
-25 54 49 0
-7 37 39 0
-68 -22 -37 0
88 44 54 0
39 -15 2 0
-86 -14 -88 0
-78 29 -84 0
-39 -81 53 0
-79 41 -33 0
34 -54 88 0
15 -40 1 0
10 58 -27 0
47 66 -21 0
-44 -83 62 0
-13 -72 -34 0
-61 23 -84 0
78 -11 62 0
47 -76 61 0
-51 -41 -77 0
84 -35 -30 0
30 -31 70 0
-44 62 74 0
40 45 77 0
-58 63 -87 0
58 8 -70 0
29 -25 50 0
-67 -49 52 0
-60 -82 33 0
-52 -61 9 0
17 -68 19 0
-50 70 2 0
44 40 1 0
76 -56 -82 0
65 -52 70 0
-32 -74 -85 0
70 -47 81 0
22 41 61 0
13 -88 73 0
86 -87 55 0
1 42 -86 0
-5 -83 -15 0
-87 -76 12 0
-85 -52 21 0
43 -27 59 0
52 22 -14 0
59 -8 88 0
-55 37 -52 0
32 -15 18 0
-81 -84 -39 0
45 6 -64 0
-73 24 17 0
-22 15 -33 0
-47 -13 -72 0
-13 40 28 0
-76 75 -89 0
64 -23 32 0
90 -38 -58 0
58 -43 6 0
-12 -89 -49 0
84 89 5 0
-53 65 75 0
23 54 -55 0
-79 -59 21 0
54 9 -62 0
-11 -4 44 0
87 56 5 0
21 -59 -52 0
28 20 -61 0
2 -82 -39 0
-51 63 -55 0
8 -17 -79 0
70 12 8 0
90 -55 -26 0
-88 -87 -30 0
-69 78 80 0
-77 31 -63 0
55 -82 11 0
66 -4 72 0
-81 -86 45 0
79 87 41 0
85 57 -10 0
-49 -56 25 0
-46 -88 8 0
-20 -22 -46 0
19 49 37 0
-51 -82 -16 0
46 -59 14 0
-77 -46 -32 0
42 37 -79 0
27 68 84 0
41 -28 -24 0
37 52 -61 0
-60 26 -23 0
77 51 4 0
-53 -13 4 0
-5 -47 -24 0
88 34 -50 0
83 -51 -9 0
-82 88 -43 0
-22 -41 45 0
-32 -68 26 0
73 45 39 0
63 -20 -31 0
53 39 78 0
51 59 90 0
-34 67 81 0
-27 78 25 0
45 -74 47 0
-6 -49 -63 0
-64 -30 -40 0
-50 2 47 0
-17 52 -46 0
-29 58 52 0
74 51 90 0
-72 -47 16 0
-83 -24 58 0
88 14 41 0
-17 64 -14 0
61 1 9 0
84 89 62 0
89 12 -69 0
83 -71 13 0
78 39 83 0
-88 -1 46 0
-24 -69 -71 0
-22 -61 -83 0
89 -59 -55 0
78 -90 -59 0
-65 70 -2 0
8 -14 -22 0
-87 -43 38 0
32 18 70 0
-62 18 -22 0
-9 72 -88 0
-76 -55 41 0
-69 -16 81 0
53 4 -74 0
58 -55 8 0
6 79 17 0
42 73 -7 0
72 -52 -28 0
-28 -30 -22 0
-77 22 -44 0
58 43 78 0
-45 50 -4 0
1 28 -90 0
32 89 -44 0
-79 -14 -42 0
-85 -6 -88 0
19 32 -13 0
31 -35 72 0
10 -54 12 0
39 -26 -64 0
-65 18 6 0
-12 -38 63 0
-25 12 -64 0
4 -74 -72 0
-32 78 23 0
40 -18 -72 0
-65 26 -15 0
-10 -56 -23 0
-19 45 3 0
44 45 80 0
-42 31 69 0
-70 -52 -33 0
24 -85 77 0
46 -2 40 0
30 21 33 0
38 -27 62 0
-58 86 -62 0
85 67 -4 0
-88 -84 33 0
-15 22 90 0
-71 -51 -75 0
70 52 43 0
60 -27 -9 0
67 90 79 0
-65 12 -8 0
40 77 88 0
-3 77 4 0
-43 -74 -16 0
57 77 -24 0
32 -66 75 0
61 -57 -75 0
9 -17 42 0
84 46 31 0
-53 -60 -38 0
-9 -21 88 0
22 30 -73 0
39 -1 66 0
-12 58 42 0
-45 -13 -70 0
-11 -3 76 0
-75 -33 -4 0
86 -1 64 0
23 -71 -50 0
-18 58 -4 0
85 -55 -51 0
-24 -83 45 0
-16 23 -29 0
-23 75 1 0
-60 15 56 0
-51 -1 -23 0
-30 -27 -71 0
-74 -45 6 0
4 68 44 0
53 23 -22 0
58 41 -3 0
5 37 -20 0
55 -14 -45 0
-9 79 62 0
-62 -1 38 0
58 -36 -47 0
-10 15 51 0
-3 14 -86 0
79 -62 70 0
27 59 -34 0
-86 -5 76 0
9 36 -25 0
68 -70 -85 0
78 6 67 0
37 25 -42 0
-16 -82 -64 0
27 -29 -71 0
-43 -8 41 0
6 -36 54 0
-81 14 -6 0
-81 59 62 0
-88 -86 73 0
31 -20 78 0
37 -68 -50 0
-22 81 45 0
24 19 -39 0
-64 -46 -23 0
17 88 45 0
68 56 -32 0
-86 -26 54 0
66 83 -24 0
-11 72 45 0
-31 10 -78 0
19 -4 -30 0
55 54 -77 0
74 -58 -45 0
42 84 5 0
73 23 2 0
-89 62 -74 0
-61 -71 8 0
-71 90 -19 0
-83 55 44 0
-77 43 -14 0
-51 -82 -46 0
-26 58 55 0
-35 54 -56 0
-40 -61 56 0
-32 69 27 0
46 3 -13 0
-36 -46 56 0
80 40 56 0
-9 -68 -16 0
-90 10 34 0
38 29 83 0
-84 55 -82 0
58 -22 76 0
70 -26 -88 0
-72 80 -38 0
53 -69 55 0
70 -23 89 0
-27 -55 19 0
-6 -21 -24 0
82 42 -44 0
54 -44 -76 0
-66 46 31 0
64 -57 3 0
-16 29 24 0
-26 10 72 0
-33 -88 53 0
69 -38 -82 0
-80 -19 58 0
18 -1 -75 0
-66 -26 -71 0
52 -74 -81 0
-84 -38 -58 0
40 -76 13 0
-44 37 -8 0
-28 68 20 0
-41 24 -68 0
-51 5 -29 0
60 -11 -72 0
38 -16 -83 0
55 -43 79 0
65 80 -13 0
26 2 51 0
-28 -52 -70 0
21 64 86 0
68 11 90 0
-18 -75 -27 0
-44 -59 -23 0
72 23 35 0
32 2 -38 0
