p 99 421
-56 57 -5 0
-26 32 99 0
-33 71 39 0
-32 74 -85 0
76 3 79 0
12 75 -59 0
44 25 -51 0
56 -21 -5 0
-74 -85 -34 0
1 -80 -21 0
-69 97 -70 0
7 23 40 0
-26 95 83 0
82 81 -51 0
11 -29 79 0
-49 83 -68 0
-18 -87 -84 0
-48 -70 49 0
74 -43 12 0
-6 -36 -1 0
19 43 96 0
-56 -99 -32 0
82 -91 13 0
66 74 99 0
81 -38 92 0
-97 95 10 0
42 94 86 0
3 -2 -6 0
25 -97 -6 0
87 -91 15 0
28 -83 -37 0
12 85 -55 0
88 99 54 0
-80 7 -56 0
93 -60 -34 0
55 -61 -85 0
-84 75 -25 0
87 -31 28 0
10 99 85 0
43 77 85 0
-78 20 -10 0
-26 -82 -79 0
-63 13 -24 0
27 53 76 0
-19 90 66 0
-65 17 -59 0
72 44 50 0
-17 -15 38 0
-5 49 37 0
-56 -89 59 0
9 -67 -31 0
-48 -74 -47 0
-98 -44 61 0
-92 -42 -14 0
-38 77 16 0
-69 -83 3 0
-82 -72 33 0
-32 96 -28 0
26 8 93 0
-40 -21 70 0
-98 70 25 0
26 -66 -56 0
-41 75 -16 0
68 87 88 0
75 25 8 0
65 8 -97 0
-12 13 43 0
26 44 10 0
21 60 -8 0
38 -70 -39 0
63 67 3 0
-44 -72 -37 0
71 59 33 0
-34 -5 -88 0
17 -65 77 0
53 -93 81 0
8 13 54 0
10 8 -83 0
14 -36 6 0
-15 -79 75 0
-96 81 8 0
62 -7 -47 0
-70 -69 -45 0
53 97 -39 0
-3 -22 75 0
91 2 46 0
58 99 -75 0
82 -23 6 0
36 12 48 0
23 65 41 0
55 -73 -27 0
-36 -68 92 0
-98 -38 9 0
40 -20 36 0
-32 -79 -66 0
-72 -8 -3 0
-71 -91 -13 0
-96 -78 94 0
3 -76 38 0
-44 -26 -30 0
-39 15 -81 0
-34 -6 82 0
46 -98 93 0
-35 90 -71 0
70 73 -21 0
-20 -64 26 0
-63 93 -62 0
-86 88 -51 0
-6 86 49 0
61 43 62 0
27 58 19 0
-59 -85 96 0
-72 23 47 0
42 -28 -53 0
-92 88 71 0
-3 46 14 0
-79 -20 -37 0
-19 70 26 0
23 -1 17 0
-33 -49 20 0
-60 -99 -28 0
33 99 -80 0
98 6 -70 0
-80 54 15 0
-50 -33 21 0
-40 7 16 0
-76 -75 12 0
32 15 -16 0
-95 14 -31 0
60 -20 -13 0
-97 -8 -63 0
62 -56 -28 0
95 -78 73 0
-80 86 65 0
-33 -43 18 0
-74 45 -56 0
17 -44 -7 0
47 68 -66 0
-45 -50 26 0
-84 -41 1 0
-97 -36 -38 0
22 83 -18 0
96 11 18 0
70 4 -73 0
11 58 -46 0
74 48 31 0
48 66 -98 0
-40 11 -65 0
89 90 -21 0
-3 -4 -32 0
-84 51 7 0
-39 76 84 0
-92 -46 20 0
36 52 64 0
-35 -34 16 0
98 -49 -60 0
-74 13 84 0
-49 94 11 0
-52 -49 -4 0
-48 60 -83 0
-64 -81 -73 0
-40 35 -7 0
60 50 -41 0
30 -24 -90 0
-21 -17 -19 0
-37 -51 97 0
-72 57 77 0
45 -94 -14 0
64 74 46 0
-5 63 -41 0
91 -92 -25 0
10 -77 -8 0
77 -73 -50 0
9 72 57 0
19 52 74 0
-80 -75 -93 0
70 29 33 0
-47 5 -27 0
-65 -19 -70 0
-19 31 84 0
-19 30 -16 0
16 -97 26 0
82 -74 67 0
-21 -54 -97 0
-92 32 40 0
26 90 17 0
97 40 3 0
48 -86 -90 0
-17 -88 4 0
-91 56 73 0
67 91 -64 0
-3 9 56 0
88 64 2 0
23 -18 73 0
-12 8 -29 0
22 -49 -69 0
-36 77 -53 0
-60 70 10 0
-58 -38 33 0
-88 -59 69 0
-60 -17 -18 0
-4 -93 -18 0
27 65 80 0
27 56 -67 0
42 -37 29 0
47 66 59 0
-8 -42 70 0
24 95 -74 0
54 -84 17 0
-11 -64 34 0
70 -44 99 0
-6 -48 -60 0
64 -18 66 0
98 66 -42 0
23 53 75 0
-6 56 -96 0
-62 -65 -38 0
87 93 -18 0
72 -71 -24 0
-54 -42 59 0
69 -90 -46 0
-71 -33 32 0
-55 -72 -78 0
-78 -31 -47 0
-75 -59 8 0
-41 61 67 0
73 36 -15 0
-54 89 -99 0
98 15 74 0
-93 90 21 0
86 -38 -8 0
24 78 -26 0
93 8 -77 0
-64 -30 -80 0
-25 -27 48 0
12 6 1 0
-6 -20 -80 0
53 41 -40 0
35 1 -60 0
-67 52 -34 0
84 46 81 0
58 -73 -1 0
7 -99 63 0
76 -18 -42 0
-3 71 56 0
-60 96 -24 0
-41 99 -59 0
-45 -78 69 0
83 -52 2 0
-27 -84 31 0
-12 42 96 0
97 -1 -28 0
98 -73 84 0
-53 52 42 0
86 95 92 0
24 -60 -51 0
-23 -45 81 0
78 -17 -79 0
67 49 11 0
13 22 -87 0
84 61 -31 0
-15 59 25 0
-21 30 11 0
21 -58 19 0
-13 33 -17 0
-54 6 28 0
-82 44 -29 0
77 55 -59 0
-63 -93 1 0
23 79 -18 0
52 -37 -36 0
6 48 -28 0
-58 -42 -81 0
18 -60 73 0
-94 84 43 0
-18 42 52 0
68 -63 5 0
-64 -68 -89 0
95 -3 -81 0
-36 -18 39 0
-23 79 -36 0
-4 -71 60 0
-64 40 -7 0
-88 34 -83 0
59 -40 -41 0
-55 44 -48 0
79 91 -40 0
85 12 54 0
-87 57 18 0
46 97 42 0
-4 -12 -10 0
-92 -50 -88 0
51 -7 -46 0
53 66 30 0
-96 98 -32 0
-23 -92 -96 0
-81 -1 -87 0
95 29 -62 0
94 -85 38 0
-72 61 77 0
-63 35 71 0
5 50 45 0
-95 -63 -11 0
-23 -5 80 0
-68 -77 -63 0
-18 45 63 0
-25 42 -43 0
5 -11 1 0
25 -15 28 0
-87 -88 -29 0
-64 -29 5 0
-87 54 -39 0
-36 8 -44 0
-17 54 9 0
-71 -18 15 0
-70 -31 -53 0
-62 82 -16 0
-90 39 37 0
24 -59 70 0
-38 41 -12 0
90 54 -32 0
-45 -77 95 0
-44 28 27 0
-96 -52 83 0
-66 -81 -54 0
68 -46 -49 0
-36 -12 -9 0
62 -91 -60 0
65 -64 -70 0
70 -92 36 0
-57 -1 -46 0
83 -64 41 0
-60 53 -95 0
12 21 -71 0
-71 -53 31 0
66 33 43 0
27 48 -99 0
29 -81 -17 0
10 88 -3 0
-23 85 -6 0
15 25 58 0
-66 87 -95 0
19 7 28 0
84 41 -56 0
35 -1 -17 0
-81 -53 -27 0
-58 -18 -13 0
-54 -87 -22 0
99 -95 65 0
68 86 -77 0
81 2 71 0
50 -19 80 0
38 -39 76 0
45 -14 17 0
57 2 52 0
-73 -56 32 0
-61 -40 30 0
-26 -31 6 0
8 -37 -97 0
-74 -55 -85 0
98 -4 -41 0
-92 36 -7 0
89 -90 38 0
43 81 -93 0
65 -96 -34 0
-95 -9 -63 0
2 81 79 0
89 -16 5 0
33 19 13 0
-84 75 13 0
64 -70 20 0
-13 -36 77 0
23 -88 35 0
35 -38 -67 0
-24 -86 82 0
41 -64 34 0
-62 75 94 0
-44 45 -54 0
11 63 56 0
76 -21 -11 0
4 -18 73 0
88 -16 84 0
76 54 -57 0
22 -77 -12 0
20 -79 24 0
58 -46 53 0
-84 92 20 0
19 59 -76 0
94 69 -18 0
36 -21 5 0
-14 24 96 0
67 35 -6 0
34 -69 -43 0
-81 7 -46 0
92 34 1 0
-99 52 -94 0
-49 82 5 0
68 -22 -44 0
-27 -31 -76 0
-37 52 70 0
6 -15 -76 0
4 -79 -31 0
25 -85 -8 0
-25 83 28 0
16 24 -13 0
-83 55 -86 0
-89 74 71 0
20 59 35 0
11 -93 1 0
82 63 -21 0
-6 -23 72 0
-26 -2 62 0
13 20 85 0
-13 22 84 0
-71 -47 88 0
63 -32 48 0
-66 -12 -95 0
-71 -27 -25 0
59 24 -41 0
-46 52 -96 0
20 -40 -11 0
