p 82 349
13 -52 64 0
-77 80 -49 0
-81 4 -70 0
60 33 -38 0
-81 -61 11 0
-65 -61 49 0
46 -1 45 0
26 -40 -36 0
13 -79 27 0
-46 67 -73 0
-72 49 -81 0
13 68 -70 0
-76 71 -64 0
-35 61 48 0
-17 -35 -26 0
11 -45 -66 0
36 -10 -56 0
8 50 55 0
-40 22 -59 0
-17 -5 52 0
68 -76 -5 0
-8 16 -26 0
43 -74 4 0
9 -25 -23 0
64 30 9 0
34 -60 26 0
-33 -27 -58 0
-45 35 44 0
47 80 36 0
54 11 51 0
-54 -67 -8 0
-13 -22 46 0
20 -6 -41 0
-41 18 13 0
10 -34 -23 0
62 -7 -57 0
29 39 -41 0
26 59 -72 0
-61 8 -50 0
-46 -44 2 0
23 9 73 0
79 19 -72 0
-5 -16 15 0
-10 -82 -19 0
6 -30 -80 0
-15 -17 22 0
-7 38 -22 0
-14 4 -8 0
46 -47 27 0
-20 42 70 0
36 -58 -8 0
-4 53 -42 0
40 45 -67 0
-34 -23 -71 0
-29 -68 28 0
77 -21 24 0
-54 70 48 0
-44 -80 51 0
47 66 26 0
-76 -5 -47 0
12 -53 -76 0
-81 72 -14 0
79 70 43 0
46 79 58 0
20 -4 -50 0
50 37 -55 0
76 36 -44 0
-73 -11 33 0
-34 35 -18 0
-67 -36 -65 0
-66 17 30 0
68 -79 -5 0
50 41 -1 0
78 -8 37 0
-23 15 -26 0
5 67 1 0
-8 -46 25 0
62 71 28 0
38 -5 79 0
-72 -1 -77 0
77 -38 50 0
-18 -2 11 0
56 -44 82 0
-80 70 11 0
74 60 55 0
1 30 52 0
-39 12 -9 0
11 6 -9 0
59 -62 71 0
2 42 54 0
74 39 -27 0
27 53 37 0
61 16 80 0
-11 57 -43 0
-23 21 50 0
-39 -46 -3 0
76 -80 -40 0
-65 38 -6 0
82 19 -13 0
34 -47 -28 0
-25 45 13 0
29 -77 76 0
4 -39 -15 0
39 -80 72 0
67 78 -12 0
68 -41 -35 0
-29 41 49 0
-2 -30 -34 0
38 72 4 0
-10 62 82 0
-35 74 62 0
-66 -75 62 0
31 67 -69 0
-74 22 26 0
24 53 67 0
-17 -43 -11 0
-39 54 -50 0
45 -27 30 0
-40 -44 -28 0
-16 -50 31 0
64 -39 61 0
-29 64 -59 0
68 -1 -14 0
7 -58 -64 0
-42 -16 -67 0
-14 -41 38 0
66 -27 1 0
34 76 -30 0
14 15 -21 0
31 -46 -7 0
62 -57 79 0
13 39 -45 0
-36 -12 10 0
43 -61 31 0
-29 -24 58 0
61 63 -29 0
34 -33 52 0
-45 -70 51 0
-76 -34 47 0
41 65 67 0
36 -81 49 0
-52 -36 46 0
-28 72 -76 0
4 9 -68 0
-15 5 22 0
54 -53 -63 0
55 49 -71 0
-13 16 57 0
-9 20 -1 0
48 -2 70 0
24 -3 -42 0
13 58 -24 0
-79 -72 48 0
44 -38 8 0
39 41 -62 0
68 -33 -41 0
74 -41 -14 0
-61 -7 -63 0
-1 37 67 0
-4 7 53 0
-50 72 48 0
18 -46 -72 0
-59 53 73 0
-32 -33 10 0
-3 -73 -10 0
-11 76 4 0
-1 43 22 0
36 -14 7 0
-13 17 43 0
4 -54 -56 0
81 -78 60 0
-26 50 -1 0
-32 30 52 0
65 -53 -19 0
78 19 -56 0
64 -50 -8 0
43 -27 -80 0
-16 -14 73 0
39 -63 74 0
82 -1 -21 0
-45 -30 -72 0
-14 -3 -51 0
38 -35 -70 0
-4 57 -52 0
15 46 -75 0
70 -22 42 0
31 23 77 0
-42 -82 78 0
-5 75 61 0
-8 -61 6 0
54 56 62 0
11 80 -49 0
11 34 10 0
-44 -9 -53 0
-40 -32 21 0
64 53 22 0
-52 51 19 0
-34 -40 -22 0
42 36 71 0
-59 66 -34 0
-6 -76 -22 0
72 -31 19 0
-23 18 73 0
-17 -74 -65 0
-73 34 -41 0
-42 41 -6 0
-59 -3 66 0
23 -31 36 0
-10 57 -51 0
-25 -26 60 0
77 9 -12 0
-39 -2 -21 0
-40 -72 -44 0
78 -70 -38 0
31 47 -82 0
-79 -81 -75 0
-32 -7 -24 0
-24 17 40 0
-59 1 4 0
-54 33 51 0
-29 -28 -31 0
1 -36 -31 0
5 -77 31 0
37 3 -44 0
34 8 24 0
-14 30 -65 0
4 -10 57 0
55 66 59 0
-19 -24 -17 0
1 -46 29 0
49 -57 -3 0
8 -43 -70 0
-78 59 41 0
-78 -77 54 0
76 16 -4 0
73 -57 11 0
29 -26 19 0
-28 22 31 0
51 -71 -23 0
-32 -46 -77 0
51 40 -66 0
-19 -65 59 0
82 -71 -12 0
76 -44 71 0
2 24 66 0
-29 36 27 0
67 12 53 0
-17 42 -24 0
-37 19 -39 0
8 -9 -24 0
66 -52 -75 0
20 80 -28 0
-53 17 30 0
-55 -50 28 0
-54 19 6 0
5 -31 80 0
-67 13 77 0
-3 16 18 0
-7 65 -80 0
-40 -11 17 0
19 -8 74 0
-8 9 31 0
-67 18 22 0
30 -74 14 0
-5 56 -4 0
-47 -78 4 0
70 -72 50 0
70 48 32 0
-64 57 31 0
-28 80 -5 0
-20 -25 70 0
-56 78 18 0
-18 31 42 0
3 65 6 0
-36 66 -11 0
-70 20 -10 0
46 70 24 0
31 9 -3 0
-44 20 22 0
-46 -18 -50 0
-12 10 -43 0
-56 29 14 0
64 67 -37 0
-39 15 -71 0
-69 -77 -79 0
55 20 -76 0
20 -25 71 0
20 78 -72 0
-65 -76 16 0
39 -57 80 0
-77 -73 -62 0
13 -50 81 0
-23 39 -51 0
12 -57 -34 0
-50 2 -9 0
73 -74 7 0
-9 -73 -81 0
51 -4 -71 0
-27 50 76 0
47 52 -34 0
6 -47 69 0
18 82 47 0
51 7 -37 0
-35 -32 -34 0
48 -61 64 0
10 -57 -75 0
72 43 51 0
-24 -27 -9 0
62 5 -12 0
-67 1 -80 0
5 51 -14 0
-3 -35 -11 0
15 55 -9 0
32 -12 6 0
46 -61 -36 0
40 70 77 0
1 15 -25 0
-21 49 -36 0
-27 -29 59 0
68 -70 -25 0
39 -50 -22 0
52 37 -22 0
50 -76 7 0
4 44 -9 0
-82 41 38 0
20 -27 -33 0
-4 -14 -78 0
7 -44 -59 0
-67 8 -43 0
17 -68 3 0
58 -20 -63 0
-71 68 -62 0
47 41 62 0
-62 40 -52 0
-19 11 -56 0
-65 -7 33 0
82 -50 39 0
41 -16 55 0
77 -24 8 0
69 -80 12 0
-32 76 -72 0
8 34 33 0
26 -40 69 0
68 75 47 0
38 -30 78 0
-19 -16 56 0
17 -44 -23 0
-3 -57 21 0
-50 -63 -65 0
