p 83 353
50 35 7 0
76 83 -42 0
67 70 -57 0
-10 51 -78 0
28 15 22 0
6 -22 10 0
-24 50 14 0
43 -21 59 0
-42 3 7 0
24 -2 -67 0
-39 -42 19 0
61 67 -43 0
-53 -61 7 0
54 8 42 0
47 -52 64 0
-45 60 -49 0
-5 -30 -24 0
-47 57 9 0
-53 -75 -40 0
-80 -10 77 0
39 73 -64 0
-63 -13 52 0
16 12 -83 0
-60 -10 22 0
-68 -26 -50 0
31 -35 -83 0
53 83 -64 0
-31 -9 -40 0
12 -73 83 0
39 17 62 0
3 26 -82 0
76 50 -3 0
-17 -14 -5 0
-33 -42 -77 0
52 10 72 0
-51 -79 40 0
12 -24 53 0
51 -22 -4 0
-12 -6 -50 0
-26 -42 60 0
-11 59 76 0
64 13 -75 0
35 67 -57 0
-3 -54 55 0
13 -34 39 0
27 73 50 0
-70 -50 44 0
-67 -76 60 0
-75 49 31 0
-38 -25 -67 0
-46 4 -35 0
-60 3 71 0
-62 18 -6 0
-49 79 -5 0
67 62 -22 0
-81 -66 12 0
-50 -69 44 0
-35 77 -54 0
-53 -34 -35 0
56 59 -66 0
15 -19 58 0
-14 47 30 0
60 -78 63 0
-46 -83 25 0
18 42 23 0
8 -9 39 0
51 76 -65 0
-74 -51 79 0
-75 -27 52 0
71 19 55 0
55 6 18 0
16 78 -35 0
-36 27 -5 0
-23 72 61 0
52 -6 27 0
-15 -83 -63 0
-48 -73 -21 0
-80 58 39 0
62 20 -4 0
-45 -63 -57 0
-26 51 -40 0
7 -77 -29 0
-9 34 25 0
75 69 34 0
-40 16 47 0
-36 -73 -16 0
36 -49 8 0
45 -1 72 0
-74 -70 34 0
-28 78 76 0
-49 34 19 0
51 65 75 0
31 -21 -18 0
82 -24 61 0
68 -80 -8 0
-5 -61 -21 0
-72 57 -8 0
79 -66 8 0
32 -81 41 0
-62 75 -73 0
-72 -13 55 0
-51 35 -48 0
-15 -42 -58 0
-64 -28 36 0
1 68 21 0
-45 -65 -31 0
-80 21 -59 0
70 -5 82 0
-8 -73 29 0
19 9 61 0
64 17 -23 0
72 -7 -61 0
-8 49 24 0
51 -48 -60 0
-83 35 25 0
28 23 -41 0
82 25 -27 0
-62 -43 -69 0
-80 -60 -43 0
-55 62 57 0
14 23 -69 0
-22 59 28 0
68 32 -47 0
73 57 -21 0
69 -43 -46 0
-75 34 -9 0
-36 49 51 0
-66 -73 -29 0
16 -60 -4 0
-35 -25 36 0
-58 -38 -67 0
54 -64 -30 0
-2 -46 -60 0
-55 -26 64 0
44 -36 -15 0
-67 -64 48 0
80 -53 16 0
28 -57 -11 0
-33 55 -73 0
-24 17 -18 0
-16 40 -30 0
-12 44 -10 0
30 42 82 0
75 64 2 0
-36 32 17 0
-66 21 -71 0
-62 -32 -68 0
10 -42 78 0
28 -54 2 0
-43 -41 29 0
14 53 16 0
5 40 3 0
27 -47 54 0
-77 -51 -3 0
-59 -50 -16 0
32 44 -43 0
34 64 4 0
78 81 20 0
64 51 14 0
-21 -76 45 0
-75 -48 44 0
-54 -14 -50 0
25 77 -41 0
-75 -15 32 0
58 -23 14 0
-75 70 14 0
47 53 46 0
-54 50 75 0
59 -30 -80 0
18 -41 20 0
-70 26 -73 0
30 59 -79 0
-82 -33 5 0
-47 4 52 0
-68 69 -44 0
-68 37 -64 0
-70 54 -45 0
67 -25 -16 0
-34 -68 52 0
-30 76 21 0
-39 34 16 0
33 23 -81 0
-8 6 -53 0
65 71 36 0
26 22 -21 0
8 59 -64 0
47 -39 -40 0
-73 18 -49 0
57 -38 13 0
-34 65 -56 0
81 -2 -26 0
-16 10 -66 0
-27 16 -32 0
-14 65 12 0
63 6 -51 0
-41 -6 58 0
-75 77 -21 0
-63 37 79 0
-61 77 22 0
19 -61 -8 0
25 -70 -44 0
-24 -51 -43 0
34 -10 55 0
32 70 79 0
69 30 12 0
-52 57 -5 0
-13 43 -64 0
-34 52 -55 0
54 -7 1 0
-34 4 53 0
66 -23 -35 0
-39 37 -5 0
-82 48 -47 0
-12 74 44 0
-23 -65 -66 0
-2 37 12 0
-69 5 41 0
-40 51 -43 0
-41 4 -50 0
37 4 -12 0
70 -38 -33 0
-7 -81 -16 0
-24 39 -1 0
61 62 4 0
68 -14 20 0
50 -40 -8 0
38 67 -30 0
-49 35 59 0
-8 -49 -65 0
16 -4 7 0
-56 -18 -32 0
75 76 10 0
30 66 -49 0
76 -17 -66 0
-55 48 70 0
-8 -16 38 0
-5 -61 -9 0
-45 29 -13 0
-56 73 -68 0
-58 -25 -48 0
-23 -11 67 0
9 7 -46 0
12 -79 83 0
12 9 70 0
-32 49 -82 0
-69 54 -71 0
38 29 -79 0
32 -75 -25 0
13 59 75 0
46 -50 45 0
74 49 14 0
-46 79 -55 0
-64 45 69 0
54 20 -64 0
-44 -48 49 0
-69 -81 -13 0
23 83 4 0
-18 -68 69 0
-5 44 -9 0
47 -79 -13 0
21 -75 -34 0
14 -43 34 0
35 -78 50 0
83 72 70 0
70 30 -47 0
56 -30 -63 0
-48 -65 36 0
-3 -41 51 0
-36 -12 -61 0
15 22 51 0
-43 -10 -67 0
-9 12 10 0
-68 65 -17 0
30 -83 14 0
77 -49 -41 0
-79 -81 -14 0
47 -5 -46 0
28 -41 -42 0
42 8 63 0
-45 53 7 0
-47 -2 -58 0
-71 -49 -11 0
-55 -25 -53 0
26 -16 -34 0
53 32 -31 0
-79 18 -8 0
28 -43 4 0
28 8 1 0
73 -10 74 0
-62 -64 33 0
-71 68 44 0
42 -40 -59 0
-11 80 76 0
-44 -81 -50 0
23 12 -60 0
-59 -7 -48 0
9 61 81 0
-43 -3 49 0
79 54 32 0
-81 30 51 0
4 38 -23 0
-28 52 61 0
-16 68 -63 0
-24 9 -61 0
47 16 50 0
-40 63 55 0
-61 82 27 0
-76 -15 36 0
9 -18 37 0
50 39 -8 0
-26 -68 -81 0
-31 79 7 0
52 -77 21 0
80 66 -50 0
40 74 -5 0
-9 -68 -51 0
67 18 5 0
-10 6 46 0
-13 1 -81 0
-78 2 82 0
-74 -59 54 0
6 -42 76 0
-20 -28 -34 0
-55 34 50 0
-44 61 1 0
-15 3 56 0
-64 -2 -16 0
-11 -79 -5 0
42 -26 4 0
53 -3 -46 0
-55 67 -63 0
-28 -57 39 0
-62 -64 -44 0
64 71 65 0
48 -12 17 0
13 -76 -11 0
-16 38 58 0
-30 6 -20 0
-45 32 26 0
31 60 71 0
57 -63 -38 0
72 -65 37 0
-4 -72 -81 0
7 58 66 0
22 -39 -45 0
25 -46 55 0
-25 -48 -78 0
-65 -15 -44 0
-3 41 -53 0
83 60 14 0
-23 -83 68 0
-83 -46 -69 0
-58 43 -67 0
