p 49 208
-21 13 20 0
-5 -35 11 0
19 -15 12 0
-1 9 -4 0
30 -36 -3 0
-43 -1 40 0
15 -28 17 0
-26 10 37 0
-36 -19 -5 0
-44 29 11 0
42 6 -48 0
-47 25 -17 0
30 22 -21 0
-18 7 39 0
-6 -39 4 0
-46 5 -22 0
14 -18 -5 0
-41 1 23 0
36 -18 -39 0
19 -40 21 0
-30 -29 -34 0
-10 -38 -22 0
44 32 -24 0
-49 41 20 0
-30 -9 31 0
-7 -5 3 0
-46 18 -47 0
14 -46 5 0
-10 -32 -36 0
9 -4 -43 0
24 -43 33 0
38 -4 48 0
-10 24 -14 0
39 -5 -10 0
42 -40 31 0
2 49 31 0
46 -20 12 0
48 -46 -11 0
-45 -49 27 0
8 -10 5 0
44 7 -4 0
-34 -47 -25 0
-2 1 -33 0
-24 45 -18 0
-31 9 28 0
44 1 -30 0
-41 -12 -34 0
37 -47 31 0
13 -48 -34 0
-17 13 -47 0
-47 34 -45 0
-25 37 41 0
-1 -40 4 0
47 -11 28 0
33 -12 38 0
16 3 -27 0
-12 -40 -18 0
-11 -41 -47 0
37 -11 -24 0
43 -1 -19 0
-10 -22 49 0
17 -20 -6 0
27 48 -7 0
-23 33 -29 0
10 24 -39 0
43 39 -2 0
-35 -49 21 0
-45 21 36 0
38 35 -4 0
37 -23 31 0
28 -5 9 0
42 -18 6 0
18 -33 46 0
-9 -46 5 0
44 28 19 0
31 3 27 0
46 27 48 0
38 45 4 0
-16 19 33 0
-36 -12 41 0
-10 -13 -19 0
48 2 23 0
42 11 -20 0
34 2 3 0
-28 -21 35 0
21 -22 -24 0
10 -30 22 0
-41 -42 -29 0
-6 33 -32 0
-48 32 13 0
-37 11 -25 0
2 27 -8 0
31 13 -29 0
1 2 32 0
44 4 12 0
21 -46 43 0
7 24 -35 0
18 41 7 0
47 9 40 0
33 -47 3 0
3 -21 44 0
36 10 3 0
-32 7 22 0
31 3 -16 0
13 9 10 0
14 -10 37 0
-20 42 23 0
-46 11 -40 0
-44 -17 33 0
29 -3 -17 0
-19 32 37 0
-39 27 35 0
-38 19 -40 0
-16 -26 -35 0
-19 22 -11 0
-41 18 40 0
-41 -29 -6 0
31 -18 35 0
-44 45 25 0
-42 -5 -21 0
4 24 -46 0
47 -23 1 0
-21 -13 6 0
36 -23 -31 0
-46 29 -12 0
1 -10 -34 0
-22 1 -6 0
-19 8 18 0
41 -37 36 0
-34 32 27 0
-27 -9 4 0
45 -35 -2 0
-46 30 41 0
-12 -36 -4 0
7 31 3 0
6 -22 -35 0
-47 -45 21 0
-8 14 24 0
45 -7 30 0
48 45 46 0
2 -15 33 0
-46 -22 29 0
-35 20 -41 0
-47 -7 -19 0
-15 -47 -30 0
24 -3 -35 0
15 31 -9 0
15 -40 -1 0
45 43 -21 0
-45 22 38 0
-4 -41 10 0
-21 -29 15 0
-42 14 -33 0
43 -11 14 0
15 -19 -9 0
-21 -38 -47 0
-3 4 -31 0
-12 49 -6 0
-23 -25 41 0
-19 -35 2 0
-6 26 -34 0
9 12 33 0
46 -2 15 0
-37 20 40 0
1 44 14 0
-45 -47 -32 0
30 47 -19 0
-10 12 -8 0
43 19 -9 0
41 40 -47 0
-8 -3 -10 0
-7 25 -44 0
-45 -18 24 0
-31 -13 -42 0
-12 20 -13 0
-8 10 44 0
35 -11 31 0
30 -34 19 0
-6 -22 -3 0
1 40 24 0
26 1 11 0
-42 -11 -35 0
-16 -43 7 0
-16 39 -7 0
-38 -44 4 0
-40 -13 -16 0
-15 11 -12 0
9 7 19 0
25 26 28 0
38 15 49 0
7 46 -47 0
7 -43 -17 0
-13 -19 22 0
22 34 -33 0
-2 39 -1 0
-44 -36 27 0
31 5 -23 0
13 22 16 0
-43 -40 -19 0
-12 7 -39 0
-38 -43 25 0
49 48 -46 0
-37 39 10 0
-40 -43 -20 0
46 39 42 0
-3 4 -13 0
-35 -37 8 0
-11 37 -33 0
