p 69 293
2 -49 8 0
-1 65 34 0
-19 -41 59 0
-64 -18 -24 0
-51 -40 56 0
10 -68 -69 0
-45 3 -40 0
-10 -16 23 0
-23 -43 35 0
34 68 22 0
13 -30 1 0
-1 51 64 0
31 -40 -41 0
-9 37 32 0
-57 -38 -23 0
-51 5 -19 0
59 -54 -49 0
60 35 13 0
37 30 58 0
-12 -46 -25 0
-26 35 -59 0
-69 59 47 0
-37 -42 -64 0
29 22 59 0
-41 -36 44 0
20 17 8 0
-30 32 -22 0
-45 -11 -60 0
-14 -59 57 0
20 35 -23 0
-4 33 31 0
-59 1 -25 0
45 61 -1 0
-48 -67 -33 0
-60 55 15 0
17 -58 -48 0
33 -66 -26 0
16 33 13 0
33 -28 54 0
52 67 -64 0
2 14 -15 0
-57 67 -48 0
-64 68 -56 0
-37 -49 69 0
67 -62 -36 0
19 45 -64 0
12 16 -42 0
51 28 18 0
13 17 -47 0
69 13 -3 0
35 29 61 0
53 29 -28 0
62 23 50 0
18 -29 28 0
-27 68 -33 0
-33 31 55 0
-51 -16 37 0
22 59 63 0
20 -46 56 0
3 -18 -48 0
-43 48 -15 0
17 -25 -34 0
65 34 -4 0
-12 61 45 0
43 23 35 0
30 -56 -55 0
-12 4 56 0
-19 63 -11 0
-59 49 -55 0
48 -53 19 0
45 9 5 0
-51 -49 16 0
-16 12 43 0
-25 -64 -2 0
-17 -48 46 0
-20 29 30 0
-16 -69 28 0
19 49 37 0
-2 3 -26 0
-39 63 49 0
-25 9 -61 0
2 -6 -50 0
9 -30 -43 0
43 21 -9 0
-24 -1 22 0
69 17 24 0
29 -34 -3 0
-21 27 17 0
-57 -29 26 0
66 7 23 0
14 46 40 0
-12 17 21 0
-48 -52 29 0
1 -29 -38 0
-26 -37 -67 0
58 -51 39 0
-32 67 -16 0
-4 -1 -3 0
-25 32 31 0
27 44 -55 0
-35 13 12 0
-5 -40 -9 0
-19 -68 -2 0
7 35 69 0
14 29 12 0
-54 -31 -25 0
-66 -56 1 0
-60 -54 -18 0
24 64 22 0
14 54 21 0
-12 -47 60 0
-21 -29 -8 0
-36 -10 -21 0
15 66 -23 0
-6 51 -67 0
49 21 -17 0
8 -38 -18 0
-20 -4 67 0
-69 35 -8 0
23 -54 -13 0
-11 4 -13 0
-56 43 -41 0
29 51 19 0
-56 -12 48 0
-46 -43 -15 0
-3 -5 49 0
40 4 -26 0
-57 -66 -7 0
-16 -57 28 0
-52 -44 -10 0
-7 -31 10 0
-8 -20 -26 0
53 26 24 0
-40 -5 -66 0
16 -12 7 0
-30 -24 42 0
16 43 -28 0
12 -63 58 0
-35 -43 -45 0
-7 -55 61 0
-40 -52 51 0
-35 -6 -43 0
-54 64 -43 0
-21 -15 64 0
-54 -1 69 0
41 -10 -16 0
47 3 25 0
67 63 -25 0
-32 -46 -43 0
-52 -14 -36 0
-39 13 20 0
-49 28 38 0
56 -23 -63 0
69 -45 8 0
-62 37 -38 0
-57 -14 -35 0
41 64 -48 0
-49 22 34 0
66 -36 29 0
69 20 68 0
-23 -63 2 0
13 14 -5 0
28 -29 -9 0
-68 44 17 0
-51 -66 -63 0
-39 34 -57 0
-13 -46 -63 0
42 9 -58 0
-31 9 -42 0
54 -40 -29 0
-54 -49 57 0
-63 -24 -47 0
-57 -15 -11 0
-26 -58 -31 0
-2 66 -50 0
19 4 13 0
69 46 38 0
3 67 -55 0
-19 -64 65 0
62 45 -9 0
-57 -38 5 0
36 2 37 0
57 -54 -29 0
-57 44 18 0
-47 56 30 0
-53 1 -4 0
43 35 62 0
1 57 -32 0
-47 5 -28 0
-46 -61 -47 0
-10 -55 -7 0
9 -8 44 0
-56 -29 -24 0
-20 -6 21 0
31 49 13 0
-35 -29 -60 0
1 25 -37 0
-3 28 -17 0
22 -46 -8 0
17 -18 -28 0
3 -24 42 0
-10 36 11 0
-38 -29 -32 0
-23 47 -61 0
-58 11 -3 0
-12 18 11 0
-3 -32 14 0
-43 -35 38 0
66 -40 -65 0
35 48 -47 0
33 -26 -13 0
47 17 10 0
-54 -67 8 0
-14 -46 13 0
41 -54 65 0
-58 -67 41 0
-28 49 -58 0
57 65 -37 0
37 21 68 0
60 55 38 0
34 -3 21 0
-39 66 22 0
-22 -65 -13 0
30 -54 44 0
-36 2 55 0
18 68 69 0
51 -68 -9 0
48 -67 15 0
-5 -23 -29 0
38 61 48 0
17 -67 -9 0
61 67 55 0
57 14 18 0
21 -59 11 0
-43 -62 61 0
-39 46 -65 0
21 15 -11 0
68 -38 -42 0
6 -44 -10 0
10 23 -40 0
-24 -64 46 0
28 -48 -35 0
-39 51 43 0
-38 58 23 0
9 61 15 0
53 42 5 0
-45 -28 2 0
19 -6 42 0
-58 -68 1 0
-30 59 29 0
-49 26 -11 0
1 -32 -38 0
-13 -59 8 0
44 -28 -66 0
-19 5 33 0
42 23 36 0
-11 69 22 0
-21 -19 -38 0
-54 -24 -46 0
54 -13 -18 0
5 61 35 0
61 -65 35 0
-32 -17 6 0
-25 -20 32 0
-4 -19 -51 0
33 68 23 0
-16 -52 -5 0
-23 -1 -64 0
58 -44 -28 0
-68 2 -34 0
41 -28 40 0
-35 -45 14 0
-57 -40 58 0
26 -65 3 0
25 37 -62 0
42 18 -6 0
63 -7 49 0
-27 -10 66 0
45 34 -33 0
-25 69 -22 0
-38 -57 69 0
-54 -2 35 0
56 23 48 0
-19 61 -5 0
17 -28 -43 0
-55 7 -17 0
-48 49 -33 0
49 -28 8 0
3 -54 -13 0
-49 -65 35 0
-57 -42 11 0
-23 6 36 0
-60 9 46 0
