p 45 191
-9 -45 20 0
24 7 -43 0
26 10 -40 0
-22 35 1 0
-23 1 22 0
-22 -28 18 0
-14 -11 25 0
23 8 -15 0
-18 6 36 0
-19 23 1 0
-34 -36 -39 0
42 -44 -30 0
-26 13 -23 0
-40 -45 39 0
-18 -13 -23 0
-18 -14 10 0
11 41 -44 0
-45 22 4 0
11 18 24 0
-2 28 -19 0
9 -45 30 0
6 29 12 0
-43 -1 -14 0
6 23 22 0
-38 22 -16 0
-1 16 -25 0
-7 -16 8 0
-44 39 -22 0
3 2 -7 0
-43 -3 9 0
4 12 20 0
26 18 34 0
16 -36 34 0
-28 31 5 0
16 40 29 0
-26 11 -37 0
-41 -28 32 0
30 -21 9 0
37 -15 5 0
-12 -24 -38 0
16 -26 6 0
-11 -12 -28 0
3 -41 -4 0
1 16 6 0
9 42 -40 0
18 -34 36 0
8 -30 -21 0
-43 -31 -17 0
2 13 -38 0
37 34 -33 0
45 -33 -6 0
-3 44 35 0
-3 -9 -36 0
-12 -45 33 0
21 41 25 0
-29 31 19 0
-24 28 13 0
-1 -35 37 0
33 20 -41 0
-23 28 -40 0
-45 2 -31 0
-12 -30 -17 0
22 -28 20 0
39 -40 -41 0
-17 -20 -37 0
10 -29 37 0
-15 -22 16 0
14 8 -20 0
25 43 -16 0
18 16 -34 0
22 18 -11 0
-9 -21 -6 0
12 37 -16 0
-35 37 44 0
-2 27 9 0
-37 9 29 0
-31 13 -10 0
36 17 -20 0
-11 10 -2 0
-28 -33 27 0
-4 3 6 0
-35 -1 39 0
-14 9 -8 0
-22 17 -28 0
-21 -11 -2 0
-11 15 10 0
-34 -23 -31 0
35 29 24 0
43 -10 -29 0
-39 22 27 0
30 -10 34 0
-36 25 8 0
20 -36 -4 0
-35 9 -1 0
11 -30 38 0
37 -41 20 0
-11 -33 -14 0
-15 43 -27 0
3 20 15 0
12 -29 -24 0
-25 20 32 0
31 -37 11 0
-16 -26 -9 0
-41 17 31 0
23 -2 -22 0
-3 -42 -9 0
-20 9 35 0
-3 26 27 0
-5 6 31 0
5 -38 15 0
17 4 37 0
18 -16 -34 0
2 17 16 0
1 9 -12 0
4 -27 30 0
-21 -11 -34 0
5 -9 -12 0
-27 29 -32 0
-32 -41 19 0
-26 -35 5 0
28 -5 9 0
-2 -37 11 0
15 -24 44 0
19 -23 -18 0
36 27 23 0
18 29 2 0
30 21 11 0
-35 2 -23 0
-19 7 22 0
-34 -26 -25 0
-7 27 22 0
13 -25 -6 0
-34 -11 22 0
45 40 23 0
20 -17 29 0
11 -44 -22 0
39 -14 -40 0
-15 41 -2 0
43 29 -6 0
36 31 -16 0
-14 -24 -36 0
-43 6 -21 0
2 39 -24 0
34 4 -30 0
9 -3 -19 0
-28 23 -16 0
-25 20 -43 0
-30 -43 44 0
-7 35 -32 0
-33 -22 -1 0
36 22 12 0
-40 -31 -35 0
29 -1 33 0
-5 14 -40 0
-22 9 26 0
13 28 -44 0
5 -39 -8 0
10 42 20 0
-15 21 23 0
21 -7 6 0
31 -18 19 0
-25 38 -19 0
-9 -7 -1 0
30 -11 -39 0
-34 -37 44 0
-43 28 -45 0
-31 -25 14 0
15 -17 -30 0
-32 -23 1 0
-11 39 -28 0
-9 -31 -24 0
16 -45 34 0
-14 43 7 0
-4 -10 -6 0
-17 32 16 0
-30 -31 -8 0
-37 -38 43 0
-11 -24 -32 0
29 7 -25 0
39 3 26 0
38 -3 -12 0
13 -38 -16 0
-25 10 -35 0
-10 22 8 0
29 16 -42 0
-12 -16 33 0
35 33 -42 0
35 10 -23 0
-29 -35 -25 0
4 13 45 0
10 37 20 0
