p 43 183
33 -13 34 0
6 24 38 0
37 -25 -42 0
21 18 -37 0
34 8 39 0
33 -6 -3 0
-17 10 -35 0
40 1 -8 0
18 -1 27 0
33 24 43 0
13 2 -35 0
-4 -42 -43 0
29 20 -18 0
-20 31 24 0
30 -11 39 0
33 -21 42 0
-14 24 9 0
16 15 -33 0
23 -25 18 0
-16 10 42 0
34 35 -10 0
-6 -41 -9 0
38 -40 18 0
35 -7 16 0
-30 16 42 0
9 8 27 0
-3 -11 25 0
13 21 -1 0
18 -20 8 0
43 4 -39 0
28 38 13 0
-8 -39 -34 0
-41 -17 29 0
-31 -39 -11 0
-24 35 -15 0
-1 15 16 0
35 -41 9 0
4 18 22 0
-4 33 1 0
36 -8 -30 0
9 -11 -25 0
17 -34 -8 0
9 14 26 0
-7 1 42 0
-12 -16 38 0
41 -4 25 0
-31 -36 -26 0
16 41 -29 0
33 13 27 0
-7 8 1 0
-38 -3 27 0
-16 -28 -20 0
35 41 28 0
-19 -22 -11 0
34 -31 -24 0
38 -22 -7 0
13 38 -1 0
40 24 1 0
-2 33 -35 0
10 -29 27 0
18 -26 23 0
-29 16 -35 0
40 22 31 0
31 -39 25 0
22 30 -6 0
37 28 18 0
-25 -23 43 0
26 2 -28 0
-18 -19 -2 0
-26 33 -15 0
-23 -41 5 0
22 20 9 0
21 -30 -11 0
-12 40 22 0
3 -7 35 0
-29 -17 -9 0
38 -2 1 0
-17 15 -26 0
7 25 -4 0
-15 -10 33 0
37 -42 -30 0
-21 42 40 0
14 36 32 0
30 -16 4 0
31 -10 18 0
-31 -40 7 0
-11 -33 22 0
-24 -26 -23 0
-21 24 32 0
-2 35 11 0
28 -26 -18 0
-4 -20 29 0
10 23 24 0
-8 -12 -22 0
24 -15 -40 0
11 -40 -43 0
22 -2 -26 0
-23 -35 2 0
-16 -19 -39 0
42 -32 23 0
33 30 3 0
30 19 -3 0
-13 -16 4 0
26 -24 19 0
-26 34 21 0
-39 10 3 0
-20 43 -32 0
31 21 8 0
38 11 -28 0
29 -43 2 0
-27 -2 43 0
38 -40 13 0
-27 2 43 0
-1 2 40 0
17 12 -38 0
7 16 19 0
-26 19 43 0
33 -35 -3 0
37 7 39 0
-27 20 42 0
15 14 -26 0
-31 6 -32 0
28 -8 -32 0
36 30 33 0
6 16 41 0
18 -23 -27 0
-4 -20 -39 0
-14 7 33 0
11 -33 -32 0
33 -7 -32 0
40 21 -3 0
-3 13 26 0
3 -38 -24 0
24 -21 -13 0
-35 -33 -42 0
-12 6 -23 0
-37 -42 -18 0
-36 -29 -41 0
2 42 -23 0
-38 29 30 0
31 20 33 0
-23 31 -28 0
-20 24 5 0
14 3 26 0
-11 -28 35 0
15 2 27 0
36 2 10 0
-42 38 -22 0
9 43 32 0
-42 11 10 0
22 -10 20 0
27 -9 -33 0
-36 38 -18 0
30 -36 -20 0
7 20 8 0
13 14 -27 0
14 -16 15 0
-39 -34 -10 0
3 19 30 0
-28 -9 -41 0
-14 -30 3 0
-13 -35 -34 0
23 -35 6 0
39 -22 12 0
5 27 8 0
-8 -18 1 0
-6 -39 -3 0
21 7 26 0
-23 42 -8 0
-42 -37 25 0
43 -17 16 0
5 -37 6 0
-23 32 -18 0
11 -38 -40 0
41 21 15 0
14 -22 -3 0
-17 14 -43 0
28 2 29 0
13 5 17 0
31 -11 40 0
37 26 17 0
24 6 12 0
18 12 9 0
