p 19 80
13 -4 -11 0
-4 9 2 0
-17 7 18 0
11 1 -17 0
17 15 -14 0
-8 9 3 0
-10 16 12 0
5 13 -6 0
-5 -7 -1 0
6 10 2 0
-4 -16 -14 0
14 -8 5 0
-18 12 1 0
-4 7 13 0
8 19 18 0
-19 15 -14 0
-4 13 3 0
19 -3 6 0
2 19 -8 0
8 -14 -5 0
-8 19 -4 0
1 6 11 0
12 -1 -18 0
11 10 19 0
-18 1 -11 0
5 -13 14 0
-12 -2 5 0
9 13 -17 0
-5 11 -9 0
4 -12 -7 0
3 -2 -10 0
8 -14 -6 0
5 7 -14 0
-10 -13 -9 0
-11 -17 14 0
-3 7 5 0
-14 11 1 0
10 -1 3 0
13 -19 -8 0
1 -7 19 0
-8 3 17 0
-2 19 -5 0
17 5 -18 0
-7 -14 -2 0
-8 19 11 0
-8 2 6 0
3 1 -16 0
13 4 -6 0
-4 -10 -17 0
-19 -3 9 0
2 -13 -1 0
17 13 -7 0
19 14 10 0
-11 -9 7 0
7 12 14 0
-1 13 -12 0
12 -11 -7 0
11 12 16 0
11 -3 4 0
16 -12 7 0
12 13 10 0
14 13 -9 0
6 -7 9 0
3 -2 -8 0
-15 -16 -10 0
-10 -4 6 0
3 -17 -18 0
-6 -8 -1 0
-18 16 7 0
-4 5 16 0
-6 17 14 0
13 7 -6 0
16 -19 -12 0
-3 -9 17 0
13 -10 16 0
8 -13 14 0
1 -2 18 0
-16 -7 -1 0
8 4 15 0
-16 -2 1 0
