p 94 400
59 -30 39 0
-70 -62 21 0
83 61 -25 0
12 16 -42 0
64 28 17 0
52 -4 -86 0
-1 -15 11 0
-75 92 56 0
16 67 73 0
-75 60 -29 0
59 -62 58 0
-44 72 -48 0
-58 -13 31 0
62 -86 -80 0
-21 1 14 0
-44 64 -18 0
-6 -88 48 0
-63 -93 -7 0
33 55 -8 0
31 7 -23 0
17 -31 1 0
-84 6 -4 0
-33 -77 -94 0
-46 -44 90 0
8 75 67 0
61 -28 56 0
-17 -41 -63 0
84 -13 -51 0
92 6 -28 0
27 7 14 0
10 -83 49 0
68 -85 59 0
44 -52 -56 0
66 64 15 0
-22 -4 85 0
81 76 -39 0
33 -35 -60 0
21 59 6 0
73 -85 91 0
-12 11 -78 0
-8 50 21 0
-7 -8 -12 0
-68 -5 -44 0
68 -71 84 0
44 61 17 0
-19 -40 27 0
84 -42 57 0
-74 3 36 0
92 66 -91 0
-34 91 -45 0
33 -77 -34 0
89 -37 -32 0
-53 -7 6 0
-41 -26 40 0
2 -89 -68 0
67 -29 -68 0
-76 30 -90 0
86 -78 11 0
62 1 86 0
70 45 67 0
-34 -2 64 0
-7 49 -78 0
-87 -20 17 0
8 -13 -29 0
49 -68 -79 0
22 56 2 0
-48 25 -52 0
1 77 2 0
-29 -48 88 0
16 66 79 0
66 43 -61 0
-45 -61 -56 0
-91 -70 16 0
23 -47 41 0
41 -71 86 0
86 50 -57 0
-16 84 -83 0
37 29 69 0
67 36 -25 0
-63 35 14 0
-60 63 -29 0
-22 -54 -63 0
69 -50 63 0
-23 4 63 0
38 47 -13 0
-81 4 -80 0
-58 36 42 0
-38 -13 -53 0
83 -74 75 0
-39 16 37 0
-22 24 -34 0
-25 29 -55 0
25 87 -67 0
-15 76 -62 0
42 91 -31 0
-43 39 -8 0
-70 -72 -28 0
-39 94 37 0
45 33 -13 0
38 39 -23 0
-20 70 31 0
-26 -45 59 0
-94 89 -53 0
-50 -63 -68 0
-78 37 -71 0
2 -65 -5 0
84 -33 -27 0
56 -20 -37 0
-25 34 -11 0
-66 -33 34 0
2 -23 -32 0
-91 82 -29 0
-52 -50 34 0
-85 -79 -80 0
8 56 -5 0
-74 46 -9 0
-46 -64 -65 0
-34 -14 -85 0
17 9 -29 0
-28 1 57 0
-80 84 -29 0
15 -45 27 0
58 29 -7 0
68 65 17 0
66 92 25 0
48 -21 -80 0
-73 -8 -25 0
-8 1 77 0
66 31 -61 0
-34 64 3 0
-80 -38 35 0
-38 -22 -9 0
-65 -10 -24 0
56 27 17 0
72 63 3 0
-77 80 -54 0
92 55 30 0
44 31 -52 0
-55 31 -73 0
8 -50 -10 0
-25 -18 56 0
93 -61 59 0
-6 27 -25 0
49 -56 92 0
-56 93 32 0
-18 -38 67 0
25 -58 -91 0
51 66 29 0
-24 60 -57 0
-23 40 -65 0
-7 53 94 0
-68 90 -50 0
8 63 23 0
-43 -41 76 0
73 43 47 0
-55 -81 78 0
40 32 24 0
40 76 -26 0
-79 24 -53 0
35 -4 -30 0
-57 62 -9 0
-77 -58 29 0
55 -79 14 0
-45 14 -79 0
-33 34 77 0
79 22 -14 0
-63 20 71 0
26 84 15 0
74 -54 10 0
24 55 83 0
59 27 -3 0
1 -77 19 0
-49 -28 -64 0
87 42 -91 0
-34 87 13 0
-73 66 -58 0
-46 -64 7 0
69 34 -22 0
-5 -26 37 0
-36 27 55 0
-66 87 -68 0
86 47 19 0
-73 -37 -16 0
84 61 -49 0
18 -46 -51 0
55 -21 15 0
-57 -6 -71 0
79 44 -24 0
55 1 42 0
-31 -60 -78 0
-57 8 50 0
88 -91 -92 0
-88 -64 -52 0
42 -93 86 0
43 50 20 0
-35 38 20 0
-33 76 88 0
36 30 -84 0
-29 -61 -11 0
89 79 -86 0
63 -24 -87 0
-59 -37 -48 0
2 19 43 0
-34 -25 11 0
38 52 -40 0
66 -24 -83 0
62 -2 61 0
-30 -15 -92 0
68 -71 -75 0
92 88 22 0
24 33 -37 0
-82 -73 -43 0
26 -89 -35 0
83 -52 -41 0
86 -33 -13 0
-80 -43 67 0
-43 19 83 0
24 57 2 0
-92 -12 48 0
3 86 87 0
-50 94 -47 0
-28 64 -85 0
-4 -25 -12 0
89 -58 14 0
-3 83 34 0
34 -8 -43 0
93 -62 45 0
65 77 16 0
66 -37 -51 0
-39 92 -2 0
61 7 -21 0
88 86 92 0
-60 -55 18 0
43 41 5 0
86 -57 -85 0
57 -20 -75 0
86 -31 -34 0
88 39 87 0
20 -29 30 0
-11 65 -88 0
34 30 75 0
-73 51 -77 0
66 -70 9 0
-31 85 39 0
2 31 -10 0
-30 83 48 0
-22 45 -31 0
-10 -4 -6 0
83 -52 -69 0
35 51 -11 0
-48 -12 33 0
74 -75 4 0
-55 19 -64 0
80 -79 38 0
13 21 54 0
-21 68 -60 0
37 82 -79 0
-37 -42 -61 0
57 -35 -16 0
-72 32 90 0
-42 85 13 0
-58 -73 53 0
-40 33 15 0
80 -91 8 0
-15 -59 -30 0
-6 47 40 0
60 -66 58 0
48 29 -89 0
-63 -53 -69 0
-32 17 5 0
-14 43 35 0
6 28 -44 0
11 25 -73 0
29 -13 -2 0
-73 29 -14 0
-24 25 -75 0
68 -84 -20 0
46 9 -44 0
-53 -21 49 0
-10 82 -62 0
71 35 6 0
-20 -93 52 0
-70 39 7 0
7 85 -94 0
34 -10 -51 0
-38 -33 -87 0
-72 -3 17 0
-63 78 31 0
-29 90 47 0
-5 36 16 0
-83 -37 25 0
35 -42 65 0
48 -31 -14 0
-10 -24 76 0
34 -53 -60 0
-50 -62 36 0
21 -94 38 0
-9 83 -15 0
-60 52 -25 0
-93 16 7 0
-63 -43 77 0
36 -61 -93 0
48 -10 18 0
-33 -28 -69 0
-12 -89 31 0
75 -76 -87 0
-55 -82 46 0
-85 12 9 0
27 -60 -88 0
39 66 88 0
43 36 -6 0
68 69 50 0
90 75 -24 0
58 -4 -50 0
7 90 -38 0
22 36 -69 0
-74 -15 -60 0
24 76 69 0
-73 -86 -80 0
48 -2 -41 0
3 80 -82 0
20 -65 3 0
8 91 -41 0
-72 45 68 0
-91 46 15 0
-37 77 86 0
-14 -27 63 0
-67 17 70 0
10 22 -55 0
50 76 41 0
48 11 76 0
26 49 31 0
65 -68 -82 0
75 23 -92 0
24 21 -40 0
-65 24 13 0
-41 -32 86 0
40 58 53 0
-53 -47 -78 0
-62 -54 -81 0
69 55 -36 0
-20 78 36 0
34 94 7 0
-4 10 54 0
15 56 76 0
-84 -27 72 0
17 91 -94 0
87 -56 -58 0
-48 22 -82 0
-72 53 46 0
-16 26 93 0
-37 6 -56 0
25 -29 12 0
54 53 -74 0
-94 -50 90 0
45 41 86 0
-77 -9 72 0
76 68 14 0
5 -44 94 0
80 89 58 0
-87 -81 64 0
16 39 90 0
-75 -88 74 0
-33 47 27 0
-26 -29 86 0
-37 3 74 0
-58 60 -6 0
1 -52 -20 0
33 -69 1 0
-48 64 -35 0
-11 39 -69 0
-42 48 -57 0
73 -60 88 0
40 -31 30 0
54 -26 -83 0
49 92 36 0
-94 73 50 0
-94 -19 -10 0
21 23 72 0
6 -49 25 0
-92 -40 9 0
-85 27 81 0
78 -15 10 0
-23 6 -7 0
-27 79 -49 0
-43 71 -91 0
6 -55 26 0
41 -79 18 0
13 9 3 0
58 -84 -74 0
84 -53 -64 0
54 -50 10 0
-22 19 72 0
-84 23 22 0
-38 80 -10 0
-50 91 -44 0
24 32 39 0
-24 -26 48 0
38 59 -32 0
26 42 -46 0
