p 70 298
46 28 70 0
-14 51 18 0
3 -10 -58 0
61 -58 16 0
-1 24 -29 0
-15 50 32 0
-63 11 38 0
67 -35 -9 0
36 29 -39 0
14 46 18 0
-4 58 -20 0
-39 -58 19 0
47 18 48 0
-60 70 47 0
-10 15 -59 0
-52 20 70 0
-36 -40 48 0
-49 -18 9 0
54 1 -53 0
-33 -26 37 0
9 34 -60 0
14 26 -7 0
30 -64 -4 0
69 -40 -32 0
-52 -19 -22 0
39 12 27 0
59 -5 -16 0
-40 43 62 0
13 67 -2 0
53 66 -45 0
43 19 -31 0
-28 21 5 0
-64 21 24 0
-51 20 6 0
-70 -63 30 0
63 -34 54 0
-59 46 2 0
-25 68 -64 0
33 67 63 0
-21 -13 28 0
32 -15 42 0
63 -22 -50 0
34 -33 -22 0
15 56 -8 0
-56 63 53 0
-40 20 61 0
11 -65 12 0
-29 55 59 0
10 -24 45 0
31 4 7 0
-57 70 42 0
-49 -37 -12 0
-30 -50 -68 0
-12 67 -46 0
-28 -39 62 0
48 21 20 0
-65 33 68 0
51 -23 -57 0
-5 -1 -57 0
54 -63 67 0
17 -59 -69 0
-35 29 20 0
-49 29 18 0
61 50 31 0
8 37 -44 0
-22 69 -61 0
-23 17 -36 0
-61 -6 45 0
25 22 41 0
40 8 49 0
-29 62 -3 0
-9 49 56 0
39 52 -33 0
-12 -64 -15 0
21 32 -25 0
15 8 41 0
-25 -23 -38 0
-38 -57 -62 0
26 -30 -39 0
64 52 13 0
48 53 9 0
53 -22 -43 0
-1 -8 -22 0
-11 1 32 0
-19 22 -43 0
-55 -41 -18 0
-57 -10 -56 0
17 -34 -66 0
-21 -70 -54 0
25 53 -58 0
-49 70 -33 0
-63 40 38 0
-70 6 24 0
-61 -34 38 0
7 67 10 0
-55 -4 -39 0
-46 21 -18 0
-49 -35 28 0
60 -50 67 0
46 -6 33 0
21 32 54 0
-46 -43 54 0
33 8 47 0
47 32 -62 0
39 29 65 0
1 17 -61 0
52 -62 -70 0
-37 -69 -22 0
34 47 -45 0
-44 4 -26 0
-56 16 -62 0
8 -37 -68 0
48 -32 -26 0
-32 -46 10 0
47 -21 -50 0
-63 33 -62 0
-28 67 -66 0
33 -36 59 0
34 -13 -31 0
50 -44 -30 0
-1 2 34 0
-27 -25 -40 0
66 6 -39 0
-51 -39 13 0
-17 67 -49 0
32 17 56 0
-38 4 -55 0
39 -23 35 0
50 66 48 0
36 -27 -5 0
54 30 2 0
-57 -69 52 0
42 40 -49 0
69 34 70 0
15 9 -50 0
-52 54 -41 0
-7 -47 5 0
55 22 23 0
-47 67 32 0
15 14 45 0
-54 -52 -55 0
13 -39 -51 0
45 -30 64 0
44 -61 -25 0
63 53 47 0
-15 -60 -59 0
-44 19 7 0
49 -27 -14 0
-64 14 3 0
-24 52 7 0
-6 23 -59 0
33 -65 -50 0
22 64 -37 0
-12 -65 58 0
-48 12 21 0
-44 24 -59 0
-19 8 43 0
64 33 58 0
-59 16 1 0
-32 56 -35 0
43 12 26 0
-56 -61 48 0
24 -19 -35 0
-70 -28 -57 0
14 -64 15 0
-31 47 -57 0
17 4 -31 0
9 64 -66 0
-68 35 -14 0
-65 -15 60 0
-31 22 -45 0
-23 -48 57 0
10 9 -17 0
-49 45 -58 0
4 31 -30 0
-64 29 9 0
44 47 -40 0
-64 17 55 0
21 -66 -19 0
-56 10 -12 0
65 14 6 0
37 6 21 0
-35 -21 65 0
-27 19 41 0
-35 42 -8 0
-68 -69 -67 0
-70 -31 -9 0
-51 31 43 0
50 -68 55 0
-25 19 -32 0
-63 -1 20 0
-65 -28 44 0
-41 25 -2 0
-38 18 65 0
-20 61 -17 0
-29 31 22 0
-59 68 -1 0
-41 50 -69 0
-15 58 34 0
46 12 17 0
-41 -40 -42 0
35 -20 16 0
-49 -43 -36 0
45 -43 -36 0
41 27 -67 0
1 16 -43 0
-57 40 -18 0
56 36 57 0
66 41 -28 0
68 -56 -3 0
-59 -60 -14 0
-28 -10 -68 0
-22 60 -68 0
-13 62 44 0
-5 -3 21 0
-57 -54 31 0
-25 39 -51 0
-62 16 51 0
-54 -15 50 0
27 -8 -42 0
52 -48 10 0
-42 -65 -60 0
39 19 51 0
11 -28 -69 0
36 -32 -51 0
-44 20 -9 0
-11 40 37 0
-11 63 66 0
57 67 -44 0
-61 -9 63 0
-7 -3 42 0
3 -24 -52 0
-1 -40 21 0
63 50 -34 0
9 -8 14 0
-1 30 -66 0
70 -56 -5 0
-63 7 -12 0
43 19 29 0
61 -42 -40 0
-47 50 43 0
11 -45 26 0
-51 40 -22 0
-59 -42 70 0
29 59 -24 0
-38 64 -42 0
61 39 -48 0
1 15 -35 0
17 48 1 0
5 2 -19 0
-63 -16 53 0
14 55 -38 0
41 5 -28 0
24 30 -26 0
49 12 -46 0
30 -66 50 0
-70 4 60 0
-60 -31 38 0
-38 25 -49 0
24 -16 -64 0
-12 61 39 0
69 -46 -48 0
11 -64 -16 0
-64 -32 62 0
-22 -6 -70 0
-26 43 61 0
-36 -10 57 0
-47 11 -54 0
-24 -31 -67 0
39 -43 63 0
11 20 -33 0
-11 -8 35 0
56 -55 -1 0
-9 -50 63 0
32 5 -50 0
35 -39 29 0
-3 20 -50 0
31 -69 64 0
2 -46 -19 0
-43 -1 -28 0
51 -12 31 0
-65 -34 -66 0
64 -16 50 0
55 7 -48 0
55 13 -49 0
11 -41 -39 0
39 -25 -51 0
-11 17 -48 0
-13 -55 -60 0
2 32 18 0
56 55 -27 0
39 28 30 0
-1 -30 53 0
-15 -40 34 0
-61 57 31 0
-67 25 -12 0
-16 -8 22 0
-23 -43 -11 0
