p 94 400
-30 -55 -71 0
75 -43 -62 0
-89 -62 -85 0
73 -26 67 0
-79 -45 24 0
69 -38 6 0
41 6 -75 0
84 32 -8 0
-45 -88 -16 0
-92 -56 52 0
-64 -12 58 0
4 -46 84 0
56 92 -12 0
-17 -38 74 0
77 -21 -43 0
89 63 25 0
-48 -45 82 0
38 -90 48 0
17 -54 -80 0
61 -48 -59 0
-44 -49 30 0
-17 16 -58 0
-41 -23 64 0
-32 76 2 0
68 70 -48 0
-27 68 -76 0
-93 36 7 0
10 70 72 0
62 -91 -3 0
-34 -62 -36 0
18 -9 -26 0
35 4 -93 0
28 -80 47 0
4 -50 -87 0
13 -1 89 0
-57 64 60 0
-45 9 92 0
13 -10 83 0
-34 -60 -50 0
4 -49 6 0
9 -59 -68 0
-40 20 -33 0
3 -65 39 0
5 32 77 0
-24 -77 -41 0
1 -33 4 0
-77 29 -74 0
-31 -67 -50 0
-34 -67 94 0
-12 -53 94 0
-4 26 34 0
-68 47 -43 0
-85 28 -44 0
23 -77 -56 0
-59 -34 40 0
26 -86 -49 0
-53 -50 49 0
-44 55 -93 0
8 -76 47 0
2 25 21 0
36 -14 34 0
71 92 -94 0
25 88 19 0
-90 59 -44 0
-89 -62 87 0
36 -38 -19 0
-3 -24 37 0
62 -73 38 0
-24 -10 22 0
52 -54 66 0
24 84 61 0
-55 -83 -65 0
15 55 8 0
59 -58 50 0
-76 -8 -90 0
71 21 84 0
59 -21 51 0
-83 -81 75 0
79 63 -9 0
-32 21 85 0
15 14 -23 0
-23 34 -74 0
-33 60 -31 0
72 85 -82 0
18 -82 30 0
78 68 -7 0
-84 -54 -74 0
62 36 94 0
-50 -84 71 0
-32 40 16 0
-79 29 57 0
-72 6 18 0
17 -87 16 0
-55 19 58 0
-38 -5 85 0
-85 74 7 0
-84 -70 17 0
-91 66 31 0
-22 -5 -11 0
81 67 -52 0
93 77 10 0
57 9 14 0
-51 75 -13 0
48 -67 17 0
75 10 -57 0
39 50 -9 0
34 -19 45 0
-70 -88 28 0
-12 -38 50 0
-2 -47 66 0
53 -19 -51 0
-26 -21 43 0
75 -56 -1 0
-36 27 -76 0
53 -87 -71 0
78 59 -26 0
61 15 16 0
7 25 9 0
-22 63 86 0
29 -53 40 0
-69 37 -14 0
-53 16 63 0
-12 49 24 0
27 17 -12 0
-71 -3 -86 0
34 20 74 0
40 49 22 0
-15 -27 7 0
-62 -9 35 0
28 50 19 0
32 50 53 0
-77 30 54 0
-41 -42 90 0
79 -60 24 0
58 76 -53 0
75 -18 43 0
-18 -45 55 0
74 21 -46 0
-93 27 -82 0
-47 58 84 0
-59 22 94 0
46 84 -54 0
80 65 -45 0
46 23 -26 0
-8 3 -20 0
-24 -58 67 0
34 12 -23 0
72 -41 11 0
39 -4 67 0
16 -69 93 0
-80 -89 -73 0
87 76 59 0
68 -32 -9 0
31 2 -50 0
-2 -43 6 0
89 85 26 0
23 -83 -47 0
-39 -93 -15 0
-56 -32 84 0
80 56 10 0
51 -52 -73 0
-90 -38 73 0
69 4 67 0
-46 69 -53 0
-33 -2 -15 0
-90 -91 -51 0
-25 63 -22 0
80 -14 50 0
-9 -68 81 0
-59 57 53 0
-82 -51 -50 0
-83 68 -33 0
-87 6 -40 0
-56 -48 15 0
10 -39 -60 0
28 -13 -29 0
22 -77 32 0
-86 -93 -1 0
7 24 17 0
55 27 91 0
7 57 -80 0
-61 -8 44 0
-83 -92 87 0
75 -37 -82 0
-77 -3 -42 0
30 -46 19 0
-45 12 -50 0
-90 63 -3 0
84 -34 11 0
-46 26 -10 0
83 -33 -44 0
-40 -31 47 0
27 30 -48 0
-28 13 -33 0
18 -3 -46 0
42 -11 89 0
49 -53 79 0
-45 -66 -71 0
-10 30 70 0
-25 -75 -81 0
-12 57 -39 0
-6 64 -88 0
-15 -71 11 0
-58 -61 -81 0
77 -10 -69 0
30 -2 -68 0
-72 60 -34 0
-36 -65 66 0
-21 -67 53 0
-61 -85 60 0
-72 -8 -5 0
-50 26 -28 0
58 83 -86 0
-42 20 -8 0
65 -46 -15 0
62 47 35 0
-61 64 76 0
77 24 -90 0
44 -59 29 0
87 85 40 0
85 -23 -32 0
-68 -90 -32 0
-80 91 2 0
-20 -21 87 0
-3 -78 -82 0
-61 -17 -49 0
6 -31 11 0
-18 30 58 0
93 -30 46 0
75 -82 80 0
-64 1 33 0
-79 -61 20 0
-81 -72 18 0
-20 -58 -11 0
-29 -75 7 0
68 -79 -69 0
21 91 -6 0
-65 -15 -90 0
14 -48 58 0
-49 67 -39 0
52 47 -92 0
-25 -57 -49 0
-21 88 80 0
15 -56 -21 0
-66 -74 -38 0
-63 80 -81 0
-71 52 42 0
-77 55 41 0
-85 -61 -2 0
22 -66 26 0
-47 -25 80 0
-10 -27 31 0
-77 53 87 0
51 -19 16 0
-25 -10 -17 0
-72 -86 64 0
-75 -28 -7 0
-93 2 -70 0
43 -61 1 0
-67 -84 73 0
22 -74 -62 0
-50 -33 -17 0
2 -52 -11 0
60 -65 81 0
-37 -41 -24 0
-35 -6 -8 0
-17 86 70 0
10 -87 85 0
-22 32 -90 0
1 86 -51 0
-61 -28 -93 0
-63 52 -29 0
84 81 -24 0
-87 72 -52 0
48 31 23 0
93 -80 74 0
50 -20 -38 0
-10 90 54 0
-24 84 -11 0
29 -70 -62 0
18 65 -12 0
11 82 -86 0
-34 -30 61 0
69 7 3 0
66 77 -83 0
-44 -38 -89 0
80 47 -93 0
-45 83 -64 0
39 28 -71 0
32 80 -52 0
48 -57 53 0
-8 48 -92 0
50 27 77 0
82 3 2 0
77 50 -53 0
65 -81 -51 0
21 -36 -18 0
45 90 84 0
40 -92 10 0
-65 19 -15 0
38 -4 -58 0
46 -11 49 0
-56 9 -65 0
69 -76 -1 0
45 53 -13 0
-30 88 -28 0
-46 78 81 0
-1 19 23 0
-75 26 35 0
82 43 -28 0
40 41 -12 0
80 -57 -13 0
23 5 -80 0
-39 22 45 0
61 -69 -14 0
-17 -31 -52 0
-65 -76 -27 0
73 -79 -33 0
-17 52 11 0
46 7 87 0
-68 -53 -25 0
-69 -23 22 0
58 -39 23 0
-64 -50 -53 0
-87 -43 66 0
-70 -51 25 0
20 -50 -18 0
80 86 9 0
-42 -56 -39 0
-8 -33 44 0
-13 -47 62 0
-68 -46 -65 0
39 24 2 0
33 84 86 0
46 -48 -9 0
-61 10 28 0
92 -40 -53 0
-73 1 -89 0
14 28 59 0
12 -14 -39 0
-86 43 -8 0
4 46 -65 0
-79 94 13 0
38 17 -36 0
-3 -15 -17 0
66 -19 11 0
-58 -53 -67 0
89 -25 11 0
18 -8 -52 0
32 -66 41 0
62 64 33 0
90 -11 -33 0
45 82 -20 0
18 -15 -68 0
8 -37 45 0
68 39 -56 0
40 15 43 0
92 -28 30 0
17 48 -65 0
6 -27 60 0
66 78 27 0
-8 -12 -67 0
3 -68 -72 0
-82 -4 13 0
27 47 -21 0
-33 64 -44 0
92 17 12 0
52 87 -60 0
91 -76 80 0
70 45 35 0
-69 70 19 0
-90 -82 34 0
55 -20 53 0
-52 -21 -70 0
71 -33 -36 0
20 72 43 0
62 51 88 0
52 9 -55 0
-78 -70 65 0
28 54 -4 0
7 30 -13 0
-61 -38 -72 0
-80 -88 -47 0
9 41 69 0
-93 -62 -44 0
-41 -2 -86 0
-64 -70 57 0
-79 -22 -82 0
-2 65 -45 0
61 88 39 0
55 -65 84 0
-23 -86 -76 0
74 -48 -53 0
16 22 -48 0
-34 11 49 0
60 -11 43 0
20 3 74 0
-92 -44 -9 0
79 26 -5 0
65 62 60 0
