p 65 276
50 27 -26 0
-23 -59 -56 0
-10 -44 42 0
51 40 41 0
13 61 23 0
-53 -51 8 0
-3 52 -36 0
4 -16 -11 0
-32 -38 50 0
-4 10 -21 0
-20 -59 -5 0
10 65 45 0
-56 55 -31 0
6 -4 56 0
-45 29 -16 0
-37 -40 -10 0
21 22 -5 0
-62 -50 35 0
49 58 1 0
40 -30 53 0
-10 -23 4 0
-60 -1 -31 0
-55 15 21 0
-39 -52 17 0
6 24 -12 0
-19 44 65 0
-39 -8 -33 0
54 -44 40 0
62 11 7 0
7 -62 -55 0
55 -63 47 0
-4 -3 59 0
-5 42 -3 0
-31 -8 1 0
-7 17 -24 0
25 -22 -5 0
62 -39 54 0
-29 -39 26 0
35 17 27 0
-30 9 17 0
64 23 -46 0
3 -33 46 0
-13 12 41 0
-47 29 7 0
-23 -31 32 0
29 33 -9 0
-25 36 -63 0
-5 -64 -11 0
-38 -61 -24 0
-1 10 47 0
-26 -50 -5 0
-61 -21 -4 0
33 22 -27 0
-5 36 51 0
50 56 -64 0
-2 25 -39 0
-6 -33 -43 0
-22 8 -38 0
4 35 25 0
-25 62 -49 0
21 -60 56 0
-38 -33 51 0
38 28 -43 0
-5 -50 62 0
23 -1 25 0
-16 -53 -15 0
-20 -16 -36 0
24 -22 -49 0
-23 -15 25 0
49 1 -61 0
47 -48 5 0
-58 -11 -14 0
21 6 11 0
28 -27 -18 0
30 24 42 0
53 13 -57 0
-11 -7 57 0
-34 38 -57 0
5 16 -49 0
10 -28 33 0
3 -34 -50 0
-4 33 -26 0
-60 63 -52 0
16 -51 41 0
-20 63 -16 0
31 -7 -26 0
23 -31 -11 0
-11 55 -30 0
-23 19 54 0
-7 6 50 0
-39 57 62 0
26 32 33 0
37 12 17 0
-16 46 39 0
-62 -11 49 0
56 60 43 0
5 46 -47 0
43 51 -36 0
17 -63 65 0
42 29 -1 0
4 -49 46 0
-39 27 40 0
-45 -65 -4 0
-39 -14 13 0
52 33 -28 0
51 61 54 0
22 -10 23 0
29 -11 -21 0
-17 -61 12 0
43 28 -1 0
64 15 -21 0
-58 -9 -25 0
35 15 -17 0
-21 52 -8 0
13 -36 65 0
-37 52 6 0
-22 -63 6 0
-23 62 -19 0
38 -63 26 0
-55 -41 -56 0
38 30 -62 0
-33 -36 -16 0
3 -29 -6 0
-56 39 10 0
-26 -25 -36 0
-10 3 -1 0
28 27 59 0
-63 -7 25 0
41 -34 -63 0
-39 -50 -8 0
23 -37 15 0
-19 -44 -28 0
-56 -44 55 0
11 -40 9 0
11 50 22 0
-31 -53 -30 0
46 34 40 0
-26 -59 -8 0
2 24 -51 0
18 -32 -55 0
7 10 33 0
-61 -27 -65 0
-25 20 -4 0
16 6 -62 0
-36 53 -41 0
35 -47 -61 0
-33 -56 -55 0
-50 -10 -55 0
26 -63 57 0
-23 10 -34 0
-12 -2 -24 0
27 -65 -45 0
-12 -44 -54 0
-20 30 -14 0
57 -15 -41 0
7 -60 -51 0
-59 -52 -50 0
60 -16 -2 0
-4 -21 22 0
-13 54 -47 0
1 38 29 0
-32 17 36 0
-51 52 2 0
43 -52 18 0
-42 -16 -31 0
61 56 -34 0
3 -46 -41 0
-55 47 50 0
-60 -52 33 0
-27 46 2 0
-34 -40 15 0
-28 -46 -42 0
14 -23 -18 0
-27 -24 -6 0
39 -65 -34 0
33 50 2 0
-49 -38 -1 0
-61 -34 -42 0
-52 32 43 0
-24 -7 17 0
36 46 5 0
-38 -59 -42 0
-40 2 45 0
-47 57 37 0
-24 62 56 0
34 56 -21 0
34 49 22 0
15 42 -47 0
-48 -4 52 0
59 32 -57 0
-48 -36 -16 0
-25 48 -9 0
-59 -28 53 0
-28 -13 58 0
-22 -63 34 0
26 35 -38 0
52 -7 -2 0
22 35 -36 0
2 -5 61 0
-62 -17 -46 0
-15 -4 3 0
51 27 53 0
6 52 -27 0
-21 39 -59 0
12 23 46 0
26 17 13 0
-45 13 12 0
-35 4 34 0
2 7 6 0
59 6 58 0
45 -6 12 0
45 -17 -20 0
-54 19 42 0
-30 -32 -10 0
31 -49 -26 0
40 -59 33 0
-14 -64 28 0
16 -21 5 0
22 12 -52 0
10 -62 -35 0
11 -8 -13 0
-28 -32 62 0
5 45 49 0
-65 61 29 0
-63 -15 -32 0
32 44 46 0
36 -49 -34 0
-1 -24 -61 0
-29 -4 6 0
59 -29 -43 0
5 -52 60 0
-30 25 20 0
52 37 57 0
-38 46 48 0
46 -52 -62 0
33 -9 60 0
9 -10 -55 0
6 -35 39 0
-53 1 46 0
-26 34 -38 0
58 -7 -53 0
49 -16 59 0
53 29 -59 0
-45 -42 -36 0
-52 -43 59 0
-64 52 28 0
49 37 23 0
37 -55 -5 0
-24 -10 -50 0
-18 -12 3 0
-3 38 2 0
-35 24 17 0
-63 -8 -44 0
-30 2 -25 0
2 -54 -30 0
-54 -61 27 0
40 61 -4 0
-50 55 63 0
-13 -46 -45 0
-27 -15 31 0
-9 5 52 0
-63 37 22 0
40 21 65 0
32 31 -39 0
24 45 -48 0
45 9 -15 0
-10 27 31 0
39 -62 -34 0
-21 48 55 0
14 12 28 0
33 19 -44 0
-1 64 -53 0
-39 37 -5 0
9 -11 61 0
-62 41 -5 0
35 8 -33 0
