p 60 255
39 6 43 0
-6 -41 12 0
-31 1 27 0
35 -43 14 0
59 -36 -41 0
34 -7 1 0
18 6 42 0
-41 -26 -8 0
-52 -59 23 0
-52 -53 45 0
12 22 31 0
-41 60 19 0
15 18 -36 0
43 -37 56 0
-34 41 -55 0
-58 16 28 0
-15 13 -35 0
-15 29 -25 0
-60 29 -38 0
5 4 21 0
59 -33 -28 0
33 -35 59 0
55 50 35 0
-34 53 16 0
16 51 23 0
6 -23 -21 0
19 -6 -4 0
-31 17 -4 0
-27 1 -46 0
-60 -35 26 0
17 -37 -23 0
21 -37 1 0
29 -35 -15 0
-36 -43 -21 0
6 -57 27 0
-27 -56 -33 0
46 -49 52 0
9 -54 -15 0
-36 -5 -46 0
-53 24 -54 0
25 12 54 0
-37 -30 -26 0
-46 47 -10 0
5 -24 -43 0
29 6 -21 0
36 9 -7 0
-43 35 -44 0
-14 -42 11 0
43 -57 55 0
-36 -56 26 0
25 59 -18 0
29 -46 -45 0
-32 33 27 0
23 13 -21 0
-36 -46 39 0
51 -3 -59 0
44 -58 21 0
-6 23 13 0
-48 -56 51 0
-12 58 49 0
13 39 -26 0
9 -10 45 0
12 26 6 0
31 40 3 0
17 21 1 0
36 4 -13 0
-2 53 -3 0
16 -50 2 0
-16 47 -4 0
-14 -27 19 0
1 -45 -56 0
-6 24 13 0
53 36 -56 0
-37 28 17 0
37 57 -23 0
-34 -43 -38 0
24 -39 23 0
1 -38 -60 0
14 -51 -38 0
58 -7 20 0
1 2 -50 0
-33 -9 43 0
15 -49 40 0
-51 10 46 0
34 -3 -40 0
17 48 -25 0
6 56 -44 0
-8 -25 20 0
2 -50 -11 0
-41 -12 -48 0
41 46 11 0
-31 38 44 0
-40 4 -32 0
-57 -4 -51 0
16 2 -47 0
-59 -27 56 0
-17 21 32 0
2 -33 -6 0
-32 3 -9 0
-57 -33 -26 0
35 49 -39 0
45 3 -36 0
56 6 17 0
6 27 23 0
43 -31 33 0
57 -52 7 0
-7 -57 -13 0
-33 15 44 0
-52 -39 27 0
48 17 -19 0
-40 30 39 0
26 -49 39 0
-9 57 24 0
-22 -32 -12 0
52 -17 -54 0
34 -37 42 0
36 -4 52 0
56 17 36 0
-29 -38 -16 0
9 29 26 0
-24 55 38 0
-39 -37 -52 0
-26 16 45 0
-44 -55 24 0
59 -43 -50 0
-35 -1 -3 0
-58 -35 21 0
46 -45 -26 0
15 -22 51 0
-16 -40 28 0
41 -24 -7 0
11 -51 5 0
-52 -53 -21 0
-27 54 57 0
52 -54 51 0
-37 -59 5 0
1 -15 47 0
11 -18 -5 0
24 42 -34 0
59 3 1 0
-20 16 23 0
25 -34 22 0
-53 -19 31 0
-49 21 4 0
3 15 48 0
-9 50 31 0
14 -15 -20 0
50 35 -37 0
58 44 56 0
-40 12 15 0
-42 -56 13 0
-11 -13 -25 0
31 44 -20 0
-4 25 -29 0
-30 46 -27 0
18 -11 48 0
-54 -27 15 0
-11 -43 -48 0
39 13 27 0
27 20 -35 0
50 -27 56 0
53 -60 18 0
7 12 19 0
41 -46 -37 0
23 -7 -58 0
-16 -26 -46 0
-18 24 6 0
49 -12 18 0
28 -60 -10 0
-16 36 6 0
-27 -47 -11 0
28 -25 51 0
56 1 39 0
-13 19 -37 0
-58 3 12 0
56 22 -42 0
36 4 40 0
54 38 -15 0
-47 -55 -35 0
-5 -40 55 0
-55 17 30 0
-31 3 -43 0
-16 2 53 0
20 -41 7 0
20 25 -12 0
56 -50 30 0
-57 -59 54 0
-22 -37 49 0
18 -41 -22 0
-59 -3 -8 0
12 23 14 0
42 -11 -8 0
49 -42 -7 0
54 37 -48 0
-54 22 -33 0
-58 -8 53 0
-45 -14 -10 0
52 -12 8 0
3 35 -50 0
17 28 26 0
-17 -24 51 0
-27 -19 -7 0
-44 -17 36 0
-49 19 -6 0
-3 -27 36 0
60 17 -8 0
-27 -51 60 0
56 17 46 0
1 45 -56 0
9 -11 -16 0
-58 47 -18 0
44 28 -48 0
-24 -43 -7 0
55 11 -16 0
-60 -31 -58 0
-10 -25 -4 0
-55 -52 -40 0
-39 1 -42 0
55 -32 -16 0
-16 1 -47 0
-20 44 45 0
45 25 -34 0
-34 16 -42 0
-42 43 8 0
-24 -7 -32 0
4 -45 13 0
16 -54 19 0
13 4 -26 0
-36 57 56 0
2 17 -13 0
-45 -27 -11 0
2 10 -50 0
56 -15 32 0
-46 27 -16 0
48 -56 -40 0
27 -57 -28 0
57 7 42 0
-9 32 -48 0
-5 29 -35 0
34 -43 -21 0
-14 56 -42 0
-6 -36 -42 0
20 39 5 0
17 -11 22 0
38 -6 46 0
-56 -49 -45 0
30 -24 27 0
52 14 -44 0
-4 43 8 0
38 32 15 0
-43 23 -22 0
46 2 -3 0
-16 -5 10 0
8 -47 -52 0
35 42 -6 0
