p 63 268
-30 24 23 0
33 -15 41 0
44 52 50 0
2 -34 12 0
-23 19 59 0
1 3 12 0
-10 -1 62 0
-33 12 -8 0
-16 13 48 0
-49 -63 -59 0
-37 -12 36 0
13 -4 -6 0
-3 35 60 0
61 30 -17 0
2 21 -23 0
35 -9 58 0
30 -8 -49 0
7 28 8 0
-57 12 -39 0
11 15 26 0
35 8 13 0
-51 -30 42 0
38 -17 50 0
47 37 -11 0
52 -28 -14 0
-48 17 51 0
3 -9 -7 0
-8 -18 22 0
-40 16 21 0
-12 10 -40 0
1 40 58 0
7 -42 -8 0
-22 43 -61 0
23 -16 -48 0
55 39 -31 0
-53 -51 45 0
-28 31 -61 0
11 43 26 0
7 -52 14 0
23 -37 60 0
-60 -54 33 0
-15 -49 30 0
-22 53 51 0
35 3 -47 0
59 36 27 0
-18 -29 -19 0
57 50 -23 0
-17 -22 49 0
-2 -20 -6 0
-44 57 35 0
-14 43 47 0
54 -6 -25 0
3 29 -13 0
17 12 55 0
-59 29 62 0
-20 35 63 0
42 35 56 0
47 -55 37 0
10 16 -51 0
55 60 17 0
9 34 46 0
22 39 35 0
-52 -53 -29 0
-58 21 43 0
-2 58 -11 0
22 14 20 0
-10 -9 -63 0
-52 -46 -57 0
-61 6 -22 0
-41 -11 56 0
22 40 -25 0
-15 30 9 0
52 14 -60 0
-49 -61 -22 0
21 60 34 0
22 9 37 0
58 -40 56 0
23 26 -16 0
59 24 -60 0
33 34 -41 0
55 -15 -7 0
-42 -31 58 0
-26 30 -59 0
27 -8 62 0
-45 59 -39 0
28 -31 -4 0
-54 -15 26 0
-4 62 29 0
-34 33 -1 0
14 -1 -41 0
30 27 11 0
54 -57 -28 0
49 -46 -40 0
-1 -6 -53 0
55 -56 -37 0
-43 30 35 0
4 -33 -22 0
-4 -22 15 0
59 60 58 0
-8 -58 63 0
42 -57 18 0
61 -38 -53 0
-27 11 -6 0
55 -2 33 0
49 6 24 0
-14 -52 -13 0
-54 -61 35 0
-50 12 -51 0
24 14 -7 0
10 -9 -5 0
-38 63 -22 0
-27 25 -10 0
-57 20 -40 0
-58 -29 -43 0
-2 1 -23 0
-62 -39 -8 0
-56 -17 31 0
-55 -11 -37 0
-24 22 -29 0
60 39 51 0
-11 -21 5 0
-60 -39 -30 0
-59 49 -26 0
49 10 21 0
38 14 29 0
-26 -31 61 0
-25 43 -21 0
4 10 27 0
48 -3 -42 0
14 -41 -3 0
57 -35 63 0
-37 50 17 0
-57 -10 27 0
-44 -52 -8 0
-4 -19 -11 0
-41 60 -9 0
58 -39 45 0
51 35 -61 0
52 17 -60 0
63 -49 31 0
45 -7 20 0
26 37 49 0
49 27 -18 0
-21 49 -34 0
-40 9 51 0
-29 19 1 0
-41 -3 -8 0
62 -59 61 0
8 14 -17 0
-57 27 2 0
-61 -14 42 0
30 42 29 0
31 -63 -39 0
47 21 28 0
36 -45 -1 0
21 -32 -53 0
-4 -47 45 0
37 -9 14 0
-21 -36 -58 0
-47 24 38 0
25 16 5 0
-27 45 -54 0
16 21 -27 0
-26 -41 51 0
-18 -50 10 0
-3 30 -16 0
-15 19 34 0
31 -57 -54 0
10 56 -11 0
-50 -30 62 0
-48 34 -58 0
-22 42 49 0
7 -6 -21 0
10 -57 -13 0
52 -21 46 0
62 -27 -14 0
-10 -44 -31 0
38 56 41 0
18 -44 33 0
24 -63 27 0
-35 3 46 0
29 -28 27 0
-12 51 21 0
1 -38 -50 0
23 -32 22 0
-4 -38 27 0
23 14 -24 0
-35 34 62 0
-35 7 8 0
-14 -43 46 0
48 -17 -52 0
54 -41 -45 0
-11 21 -17 0
21 10 -19 0
38 51 -5 0
-62 25 37 0
1 -50 -61 0
-40 7 -47 0
13 12 -19 0
43 -40 6 0
58 -12 53 0
15 -51 -54 0
21 -1 48 0
-62 -16 35 0
63 7 45 0
53 -15 -33 0
-10 6 59 0
60 -54 -56 0
-14 8 -54 0
-56 33 11 0
-47 -32 7 0
-61 54 -10 0
28 22 55 0
46 38 -53 0
-58 28 -14 0
-55 16 -53 0
20 -51 -36 0
57 50 33 0
47 -63 41 0
62 1 60 0
29 63 -31 0
42 4 6 0
-12 -58 6 0
6 -21 -55 0
-56 -17 -43 0
13 16 10 0
-22 17 40 0
52 2 25 0
-42 63 11 0
-47 33 -49 0
37 42 43 0
37 33 45 0
-45 5 19 0
-51 49 -40 0
56 51 -39 0
34 -45 40 0
18 -54 -47 0
49 57 62 0
-6 -25 -19 0
-20 -45 23 0
-62 -36 60 0
-20 47 42 0
-59 28 27 0
53 22 -46 0
-18 -13 27 0
-11 -63 -51 0
-2 -26 50 0
30 31 -25 0
11 15 44 0
-2 -45 -43 0
45 -31 -43 0
-59 -48 32 0
41 -42 -13 0
56 -17 -25 0
-50 41 -9 0
55 -36 59 0
-47 30 -26 0
-19 10 55 0
39 1 -30 0
-6 -7 57 0
-60 56 20 0
-36 2 -63 0
-11 -58 -60 0
63 -28 25 0
38 -37 -5 0
-29 -27 -50 0
55 -56 -61 0
-59 6 -55 0
