p 83 353
28 -24 -11 0
59 32 70 0
-64 -5 -16 0
-3 -36 77 0
59 37 25 0
-83 77 -11 0
44 -62 42 0
75 -36 -5 0
2 78 -10 0
41 31 -49 0
73 -15 -39 0
20 5 3 0
53 -79 40 0
-82 30 3 0
17 60 -51 0
55 29 78 0
44 80 -60 0
24 64 37 0
-10 -71 43 0
49 -46 -26 0
42 23 70 0
12 -15 -62 0
-38 73 23 0
33 -63 13 0
-80 72 -62 0
16 75 14 0
-83 -11 -37 0
-45 -74 -39 0
18 29 -57 0
-63 73 80 0
-30 -37 -46 0
2 24 -55 0
51 11 -6 0
10 66 1 0
-24 64 -15 0
-31 37 17 0
-80 -76 63 0
39 54 61 0
-21 40 -60 0
-39 34 51 0
57 29 -31 0
73 -54 -77 0
12 82 35 0
62 -10 59 0
-17 -7 -38 0
71 -76 -50 0
-21 -76 -62 0
-7 35 20 0
-26 77 79 0
-51 -76 -26 0
-76 -13 82 0
2 79 23 0
16 79 -12 0
51 -33 64 0
11 -1 79 0
-8 -14 76 0
42 55 -2 0
-38 -16 -1 0
-37 -16 -60 0
24 36 51 0
-50 -37 -32 0
54 -16 -7 0
-7 -67 -15 0
-16 5 -60 0
14 42 -30 0
-68 -71 42 0
-43 57 9 0
63 -64 -17 0
-61 -7 9 0
-38 -71 61 0
-1 -31 72 0
82 49 -74 0
-77 54 8 0
-81 73 -44 0
-20 34 35 0
58 59 70 0
-5 33 75 0
76 -7 3 0
57 30 -68 0
-30 -5 -64 0
-33 -50 -3 0
37 10 39 0
10 -24 -3 0
-16 21 49 0
69 76 -75 0
-65 19 76 0
59 -6 44 0
-72 30 -56 0
-29 -79 -16 0
73 -79 -71 0
-56 -46 -20 0
7 57 -75 0
-31 -47 64 0
4 59 24 0
1 -10 34 0
-69 -67 65 0
24 -2 15 0
-35 -21 -1 0
30 26 -27 0
-44 16 4 0
-50 54 -1 0
-39 -76 -15 0
71 -74 53 0
-14 -68 -81 0
67 39 24 0
6 -15 -63 0
37 15 -39 0
43 -54 -83 0
32 -36 -27 0
-36 -61 41 0
7 17 -73 0
32 -13 -15 0
-8 76 -28 0
-41 -55 -17 0
-2 -77 -49 0
44 74 83 0
65 50 -11 0
71 -64 42 0
-45 81 63 0
72 -38 -62 0
-48 32 6 0
31 51 26 0
-66 -55 -76 0
60 -80 9 0
25 -38 69 0
6 18 -80 0
24 46 21 0
53 -70 -82 0
-4 38 -5 0
21 9 -77 0
-30 -19 63 0
-69 38 75 0
48 74 25 0
-79 81 -64 0
-10 -63 -35 0
-39 -12 35 0
-53 44 -71 0
22 -56 -69 0
-80 19 -43 0
-52 62 27 0
27 -79 -75 0
-54 68 31 0
18 -19 -51 0
81 28 -15 0
76 -3 61 0
22 -69 -5 0
-34 32 2 0
-59 19 -20 0
52 14 38 0
10 2 67 0
-33 -46 -58 0
-54 62 82 0
-18 62 -6 0
-21 62 29 0
41 -54 53 0
19 68 34 0
77 40 30 0
15 40 -58 0
44 76 7 0
10 34 29 0
-66 6 3 0
-69 82 -67 0
77 -42 -80 0
67 42 43 0
-17 80 -12 0
-16 1 39 0
-15 72 -40 0
-13 -46 -49 0
20 -72 62 0
-43 42 -72 0
79 -72 80 0
14 -1 -22 0
-7 -30 -83 0
39 -61 -47 0
-77 -68 -39 0
-49 -6 -29 0
-45 21 75 0
-6 -4 -83 0
-80 -59 -77 0
-50 29 -64 0
-5 -50 -13 0
17 44 1 0
-7 72 -29 0
25 -26 76 0
35 -36 -66 0
-24 16 -79 0
-74 -55 -45 0
42 -70 54 0
-61 -52 -41 0
-64 -80 73 0
-17 -27 4 0
60 -31 -61 0
8 82 -2 0
17 -68 -73 0
-66 60 -36 0
65 -83 -6 0
-62 -3 7 0
-75 -10 -44 0
-10 43 -52 0
-57 -62 -74 0
13 27 -48 0
-63 68 -67 0
-7 -70 -16 0
-60 53 -63 0
44 60 -4 0
-57 -30 39 0
53 -8 14 0
-22 32 -62 0
71 -8 75 0
22 -55 -77 0
57 33 -67 0
44 -2 -71 0
27 43 -59 0
35 -55 4 0
53 -12 -62 0
56 -82 -64 0
25 37 -38 0
-50 9 -26 0
37 -82 -33 0
-48 -38 -19 0
42 28 65 0
-52 -74 -3 0
-32 15 -56 0
55 40 17 0
-70 72 79 0
66 44 -19 0
19 -55 35 0
47 55 77 0
-83 12 -47 0
51 7 38 0
-76 31 -8 0
43 -56 7 0
-18 67 -13 0
-58 -55 -78 0
-14 50 18 0
-40 -10 -80 0
24 75 47 0
-1 -37 -35 0
82 23 47 0
81 23 60 0
-43 61 71 0
-44 -6 -9 0
-8 81 -56 0
80 -72 -35 0
-9 -64 35 0
-40 54 19 0
-57 74 77 0
-79 45 -59 0
-36 11 74 0
46 3 54 0
-24 -37 30 0
-83 -1 18 0
67 30 -80 0
26 -53 61 0
57 -45 -13 0
39 -12 44 0
-3 59 4 0
56 36 -12 0
-64 81 78 0
-45 75 -80 0
-53 32 78 0
35 76 -28 0
-4 37 -16 0
24 79 -62 0
19 -14 81 0
67 -18 -68 0
5 -39 -29 0
37 10 35 0
46 68 57 0
18 -17 4 0
-37 26 -25 0
79 75 66 0
-13 48 25 0
7 -8 60 0
82 5 32 0
66 34 54 0
37 76 -24 0
-72 -79 -80 0
6 -2 65 0
-83 -26 80 0
10 -67 -17 0
-22 -5 -54 0
50 83 -28 0
1 -38 46 0
23 40 -34 0
63 77 -5 0
-82 -9 26 0
-53 82 42 0
33 20 6 0
-53 -45 33 0
39 -51 -81 0
-40 -32 -55 0
-42 -75 15 0
67 -79 23 0
49 13 -22 0
76 -66 -79 0
-34 49 47 0
19 21 83 0
71 -38 77 0
44 -38 -54 0
-76 66 -62 0
12 -50 74 0
-66 78 -77 0
-25 7 -30 0
72 -16 75 0
-37 -83 -68 0
-51 50 -69 0
73 51 6 0
59 -6 46 0
78 -9 17 0
-8 -42 26 0
-66 21 -73 0
39 -3 -71 0
-59 67 -31 0
56 19 -48 0
48 -52 55 0
32 -57 -14 0
-10 -22 41 0
59 -34 -65 0
56 -17 44 0
-82 54 -35 0
-80 -9 8 0
73 24 -4 0
57 -25 16 0
73 79 -35 0
48 -41 70 0
-20 -60 74 0
-23 70 45 0
83 65 11 0
64 36 -31 0
47 33 -38 0
-67 80 46 0
45 -72 57 0
-13 39 -74 0
-14 -59 -70 0
-37 28 -81 0
35 -45 25 0
-24 47 30 0
64 22 -76 0
-35 30 21 0
-6 48 -81 0
-31 -46 52 0
42 -64 12 0
29 -82 -27 0
69 -7 32 0
-28 -23 6 0
-28 53 65 0
39 -29 -75 0
28 6 -4 0
-42 57 -81 0
63 -50 -16 0
-75 73 -47 0
10 -28 -31 0
