p 36 153
2 12 5 0
22 14 -11 0
-2 -14 19 0
1 13 10 0
1 12 -32 0
26 -15 -34 0
-18 32 28 0
-11 34 25 0
-2 1 -28 0
16 18 29 0
-5 20 4 0
26 25 35 0
6 31 32 0
-5 -2 -17 0
-35 23 -30 0
-24 -23 3 0
34 -31 -36 0
-18 -2 -21 0
-34 30 29 0
-4 -2 24 0
-29 -19 -24 0
33 -28 -11 0
-6 28 -19 0
-32 -14 -20 0
-16 -17 -13 0
11 -13 -3 0
-34 18 33 0
3 -10 15 0
33 35 19 0
-32 -15 12 0
-23 22 -19 0
-2 23 -26 0
19 -24 -20 0
3 -26 24 0
-22 -32 -10 0
-14 22 5 0
-6 -18 -30 0
-20 -16 -13 0
-11 35 -1 0
-27 12 36 0
29 -26 16 0
26 3 22 0
14 -25 -28 0
27 -5 35 0
8 -33 4 0
-23 26 -21 0
18 21 28 0
8 -3 -32 0
-3 -6 15 0
-15 -18 -31 0
35 4 -36 0
19 35 -23 0
-17 -33 3 0
-28 -7 11 0
-24 35 -3 0
31 8 -14 0
-34 -10 23 0
-26 2 -16 0
-22 -34 30 0
22 -12 -27 0
-17 19 7 0
33 -4 -19 0
20 -35 32 0
-3 23 7 0
-10 -16 7 0
36 19 26 0
8 15 -32 0
27 -23 -34 0
25 17 2 0
13 -5 -28 0
30 15 35 0
-5 -12 -11 0
36 -33 -14 0
27 33 15 0
29 -9 20 0
-28 33 9 0
4 9 -30 0
-7 -25 -28 0
-28 -34 4 0
34 22 1 0
21 -1 4 0
36 24 30 0
7 16 -3 0
-28 -29 30 0
-14 -25 -29 0
-16 -34 22 0
-33 21 6 0
36 33 23 0
-3 -35 30 0
-24 -5 27 0
-8 -7 32 0
36 -21 -8 0
2 -18 -11 0
-3 17 25 0
-31 4 -9 0
-32 21 -25 0
-36 29 -3 0
21 24 -25 0
18 -13 -21 0
18 17 11 0
-15 -25 -18 0
-23 18 -9 0
20 -2 -30 0
-10 -31 29 0
-31 -5 -22 0
-32 18 -25 0
17 10 29 0
1 30 -25 0
34 23 14 0
17 -31 -11 0
14 35 -16 0
6 25 -36 0
19 31 -27 0
-13 -31 10 0
-19 -8 -22 0
-32 34 7 0
36 -21 -4 0
-7 -18 9 0
-18 -12 32 0
-28 6 -8 0
-10 16 -11 0
-15 -10 -30 0
7 -23 18 0
-1 25 15 0
-3 -17 20 0
6 -17 -7 0
-9 33 -18 0
-26 -14 -20 0
-27 14 16 0
26 -19 28 0
33 26 17 0
-23 17 -22 0
-6 -12 8 0
-10 -17 21 0
27 -22 -7 0
24 -30 14 0
31 11 20 0
-30 -22 -14 0
2 -11 -34 0
-22 33 -17 0
14 -3 -21 0
-7 30 -26 0
-28 -31 29 0
11 -24 34 0
-20 -7 19 0
-4 -24 20 0
-9 28 7 0
11 -22 -34 0
13 34 -7 0
6 -14 -9 0
-13 10 29 0
15 29 21 0
22 14 20 0
