p 34 144
11 15 5 0
29 -18 -2 0
-6 24 -34 0
7 -17 -8 0
21 -13 34 0
7 -16 17 0
13 23 -11 0
-16 -31 -4 0
-3 -7 -29 0
33 4 2 0
-20 -29 16 0
6 -21 2 0
-27 7 -24 0
-7 -15 -3 0
15 -3 26 0
-23 -17 -31 0
-10 25 -29 0
-4 -8 -2 0
-11 -33 -34 0
-20 -10 -17 0
18 -14 27 0
-14 18 -3 0
12 -11 20 0
6 -21 -20 0
-18 12 -7 0
34 15 3 0
24 22 -8 0
-23 8 24 0
-19 17 15 0
-27 22 -9 0
-17 22 -20 0
-20 16 2 0
1 -27 16 0
24 29 -28 0
-7 22 32 0
20 -29 27 0
-30 -29 32 0
-19 -20 -33 0
-28 16 -17 0
28 13 -21 0
-24 -30 -26 0
30 -12 -29 0
-10 3 16 0
14 -12 1 0
-31 -9 5 0
-5 -6 30 0
13 4 -23 0
1 34 14 0
-6 -18 2 0
23 29 -12 0
-33 23 19 0
14 1 7 0
26 -22 -17 0
24 29 -16 0
-27 24 20 0
-21 -29 12 0
32 -27 -15 0
-23 -26 -3 0
-33 18 -2 0
16 -11 33 0
-1 20 6 0
-34 22 28 0
-19 31 -32 0
3 -23 12 0
-31 -21 22 0
6 -17 4 0
18 19 -31 0
15 -4 23 0
-18 -19 25 0
27 -4 -17 0
-20 -11 -30 0
15 -6 -18 0
-14 26 -30 0
12 -34 17 0
-14 28 -2 0
-2 -1 27 0
14 -19 -25 0
33 20 11 0
6 22 25 0
-24 13 15 0
18 -11 25 0
26 -11 -12 0
20 3 34 0
-24 -19 -18 0
-7 32 23 0
13 21 17 0
-13 29 6 0
-23 -15 -34 0
30 13 25 0
-28 -14 30 0
-31 27 14 0
8 -5 -11 0
-34 25 -31 0
24 2 15 0
27 22 14 0
-23 3 -6 0
29 -13 19 0
34 11 28 0
-13 3 -1 0
13 20 -25 0
14 25 34 0
-26 34 -13 0
28 4 19 0
-29 20 -28 0
-13 8 19 0
-3 -32 -33 0
-24 31 19 0
-28 -10 -1 0
25 -33 2 0
16 -23 20 0
29 -27 -9 0
5 6 21 0
27 22 -21 0
-21 32 -34 0
-22 -4 12 0
-22 -21 24 0
-34 32 13 0
-29 -16 -30 0
9 22 34 0
-11 -8 13 0
25 -12 -30 0
2 21 -26 0
-9 -2 20 0
-12 1 -10 0
-7 -10 32 0
-10 30 -20 0
-5 -1 9 0
21 -17 -15 0
33 20 24 0
18 1 10 0
-21 -5 6 0
-20 -18 -7 0
13 -18 -19 0
-16 23 33 0
17 26 27 0
9 17 27 0
-20 -10 14 0
15 -19 -31 0
18 -15 28 0
16 11 32 0
8 -6 30 0
24 -29 -20 0
-30 -33 -16 0
2 20 -22 0
