p 98 417
-19 -17 62 0
24 -46 -53 0
-9 -67 21 0
-95 -84 -81 0
-93 3 -51 0
44 -71 -47 0
-28 -43 57 0
7 9 -94 0
6 15 -83 0
-80 75 91 0
-13 11 -25 0
78 -79 48 0
-58 86 47 0
84 91 -14 0
-30 -20 35 0
80 -50 -70 0
-11 -32 -65 0
85 -66 -31 0
-72 18 -33 0
-38 -10 -63 0
-62 -67 -5 0
20 53 75 0
71 -2 -87 0
46 24 -81 0
-25 49 21 0
80 87 -64 0
2 5 36 0
55 94 92 0
41 -98 -30 0
-11 37 9 0
73 -49 24 0
86 -81 61 0
84 -70 -47 0
97 -75 -77 0
-38 48 59 0
2 -23 59 0
-43 14 52 0
-4 72 30 0
95 31 88 0
-55 -36 70 0
-46 74 -63 0
-57 24 -7 0
-72 -12 14 0
-85 -67 -40 0
42 -78 22 0
-35 -40 43 0
-37 89 -96 0
73 -58 92 0
-58 4 -91 0
75 77 -70 0
40 94 -65 0
42 -1 -15 0
-13 -71 30 0
-42 93 -9 0
-79 -35 -74 0
-26 10 93 0
-78 34 27 0
-77 -10 -1 0
54 -31 -43 0
-64 -17 83 0
85 -13 -84 0
-68 -62 7 0
-34 -97 13 0
-1 -86 -8 0
47 -15 -36 0
67 -54 30 0
84 29 -25 0
-71 -52 -44 0
65 14 -32 0
-37 18 46 0
-92 60 51 0
46 8 40 0
-78 69 79 0
-69 -8 -79 0
-82 -55 9 0
87 53 92 0
-53 41 43 0
15 -19 28 0
-98 39 -57 0
55 44 -77 0
68 -10 83 0
-21 80 -10 0
-57 39 55 0
37 58 3 0
65 37 88 0
33 -64 -66 0
-12 22 48 0
-49 -58 -39 0
51 -1 28 0
-39 18 7 0
-6 35 -56 0
-89 78 -53 0
-85 31 73 0
27 48 95 0
-67 69 -59 0
-24 98 38 0
52 44 23 0
7 12 86 0
36 -30 -3 0
93 7 81 0
-13 36 32 0
-43 -10 71 0
65 95 -23 0
24 23 17 0
-50 -54 85 0
32 18 34 0
-71 -77 56 0
98 88 80 0
-27 51 -12 0
-8 28 48 0
-92 -71 -26 0
68 -19 -96 0
-81 -57 78 0
-39 70 58 0
-71 -72 -13 0
-41 60 69 0
-87 79 39 0
-32 77 48 0
20 87 73 0
-75 -12 -94 0
-48 33 -45 0
74 91 -44 0
-60 -96 29 0
36 2 90 0
72 57 -42 0
40 42 78 0
-15 -65 -40 0
17 -66 -93 0
24 -45 33 0
51 -57 -27 0
-5 -35 56 0
-45 -35 69 0
79 -86 88 0
-69 67 68 0
-61 60 -29 0
21 -54 -81 0
87 71 -25 0
48 -53 66 0
65 -96 59 0
86 54 36 0
68 -4 -43 0
-41 -35 -69 0
-37 93 -4 0
64 84 -90 0
46 15 -57 0
64 14 79 0
-89 22 -15 0
-8 -81 -27 0
59 -49 56 0
-94 61 -11 0
-96 -17 49 0
-12 -85 -25 0
92 22 -35 0
-8 -69 95 0
-48 -98 54 0
56 -54 2 0
-67 -71 -60 0
-82 38 55 0
-13 11 39 0
63 44 70 0
-52 -94 36 0
-65 -79 20 0
-34 -62 -60 0
-81 60 -93 0
39 17 9 0
83 91 12 0
-73 31 -76 0
-7 92 85 0
76 -34 33 0
85 -80 82 0
-57 31 69 0
43 -59 9 0
6 32 91 0
85 -60 14 0
80 83 -78 0
-87 -66 3 0
72 36 -70 0
66 44 -4 0
57 -21 -3 0
13 22 93 0
-81 -92 86 0
-4 87 13 0
-36 -41 81 0
-61 47 -58 0
-3 86 -71 0
-50 -23 -21 0
49 13 78 0
-12 28 -69 0
54 -4 7 0
55 50 -74 0
70 -74 -77 0
62 -94 -10 0
-62 14 34 0
83 -36 3 0
-79 -27 57 0
-1 76 18 0
63 -44 96 0
12 -78 -53 0
-30 70 77 0
95 22 59 0
-68 78 -71 0
89 -1 -23 0
17 -69 -57 0
65 17 50 0
32 19 -65 0
63 55 -29 0
-82 68 -51 0
-19 -91 -4 0
-35 -1 -26 0
32 8 15 0
87 9 -74 0
-75 -48 94 0
-18 30 -70 0
-85 -17 10 0
-23 64 18 0
-77 -41 -40 0
-55 1 92 0
84 80 46 0
-53 -21 45 0
-60 -39 -69 0
43 74 48 0
-35 45 78 0
-50 66 38 0
15 -88 -11 0
27 88 42 0
62 -7 44 0
76 7 56 0
-87 45 92 0
-59 -39 -32 0
31 -22 -16 0
24 94 -88 0
-33 -5 45 0
52 20 72 0
55 -63 -25 0
50 76 -93 0
-49 -45 -80 0
67 84 96 0
25 -29 57 0
-73 -33 -81 0
-32 -81 19 0
-29 64 51 0
-94 5 13 0
-91 -14 81 0
-37 -45 -61 0
-60 -10 -44 0
7 -30 50 0
32 -20 2 0
25 41 -37 0
45 46 -82 0
6 -5 -78 0
60 82 -61 0
47 -37 36 0
64 59 62 0
-7 -1 19 0
69 94 92 0
-2 15 29 0
-31 -50 -98 0
-2 50 -87 0
57 65 -77 0
-69 -95 19 0
-73 -55 -6 0
-52 -5 -88 0
34 64 40 0
-67 43 -88 0
-4 -8 36 0
-68 43 -84 0
47 -82 -29 0
-22 -54 3 0
-34 -11 39 0
-82 36 -65 0
-70 -72 -40 0
66 -31 -83 0
34 73 -37 0
12 98 -66 0
84 79 -97 0
-90 -79 75 0
-55 -44 50 0
-88 -2 84 0
-86 85 74 0
-71 -93 89 0
-75 -2 -64 0
31 -76 -69 0
95 86 40 0
13 -68 46 0
19 58 45 0
63 -10 -76 0
-35 56 32 0
56 -29 -5 0
39 -12 62 0
-74 83 -67 0
74 64 78 0
47 73 16 0
-92 -7 67 0
-75 80 -36 0
3 -55 -91 0
-44 32 -22 0
33 -67 -97 0
32 -36 -46 0
-41 44 61 0
18 -73 -16 0
-86 58 55 0
-70 -60 -56 0
52 -24 -35 0
42 -80 16 0
-5 -21 46 0
-23 -7 56 0
3 -60 2 0
84 -98 -71 0
75 -29 -52 0
-91 -39 -94 0
-60 79 7 0
65 -9 -4 0
49 -72 53 0
40 -74 -55 0
29 -43 19 0
-27 57 -11 0
46 85 5 0
82 -50 -56 0
54 -13 68 0
33 79 -39 0
74 -9 49 0
-26 -73 -71 0
-29 14 17 0
-97 -11 -28 0
71 31 -69 0
40 -59 11 0
-42 -56 -93 0
67 76 56 0
-23 -2 88 0
-56 12 -78 0
-55 -52 -88 0
60 2 -17 0
86 2 -36 0
-29 -34 -69 0
-65 -40 97 0
94 98 -57 0
-37 -36 22 0
-11 79 14 0
25 93 -89 0
48 28 7 0
-6 -87 -44 0
-55 89 -8 0
29 -15 18 0
-36 -5 -12 0
-30 32 -18 0
-98 54 26 0
75 45 -92 0
-43 -70 -92 0
87 -33 -46 0
87 48 30 0
26 -96 5 0
26 15 91 0
24 72 -83 0
9 -37 84 0
-42 -68 -12 0
-66 57 70 0
88 51 -17 0
-85 -51 21 0
2 -83 -85 0
-47 69 83 0
-65 -52 -63 0
46 -19 10 0
4 -89 -95 0
-70 -13 -56 0
74 -15 -60 0
-1 -82 -69 0
-55 47 78 0
-86 -88 13 0
-92 65 -84 0
57 -22 71 0
31 -25 -62 0
-82 62 -52 0
10 47 -51 0
-86 18 39 0
28 34 25 0
66 53 -39 0
-93 43 -83 0
-46 -71 73 0
82 -56 -93 0
-79 48 -86 0
-36 16 11 0
-11 -17 -61 0
-91 -32 -53 0
-86 -13 55 0
-92 70 5 0
-16 98 -28 0
-13 97 40 0
-13 -81 65 0
-75 24 41 0
12 89 35 0
-12 -27 -41 0
21 -13 35 0
21 71 -12 0
35 69 -17 0
-55 -29 46 0
13 58 -49 0
-95 9 -7 0
-82 -80 -41 0
9 64 56 0
-51 29 22 0
64 -55 -62 0
-58 -36 87 0
-96 -74 -87 0
94 -67 -10 0
-80 52 -19 0
-67 9 -81 0
20 -42 -79 0
-77 -52 25 0
-68 -47 -77 0
94 -26 31 0
14 84 10 0
17 -47 24 0
46 -51 -95 0
-24 63 15 0
-56 -94 -15 0
-84 86 -81 0
-16 -28 91 0
