p 82 349
3 50 -52 0
58 -57 -47 0
-73 52 67 0
-69 -77 -50 0
-40 -2 -63 0
-17 -82 56 0
-60 80 10 0
-63 16 37 0
18 28 -63 0
-68 37 49 0
59 23 45 0
-23 36 67 0
55 -82 -59 0
-26 -58 -28 0
-36 -58 -22 0
29 -60 5 0
-67 17 -44 0
72 -8 -30 0
-42 -5 82 0
-8 47 6 0
-54 61 75 0
15 -6 5 0
-39 44 -51 0
-24 -62 54 0
61 -63 -36 0
8 -7 63 0
29 16 -17 0
72 5 -61 0
-30 76 37 0
-16 55 81 0
-74 26 62 0
50 -66 74 0
-61 29 -27 0
66 -20 48 0
40 74 -30 0
36 60 -46 0
53 -24 81 0
-64 -79 -63 0
78 -29 -58 0
-29 -3 34 0
-43 -40 54 0
35 -27 80 0
-59 -70 -6 0
-22 57 63 0
28 -40 -24 0
-9 77 46 0
-36 -60 65 0
-2 -14 57 0
80 78 -34 0
-82 -70 81 0
71 72 -57 0
79 -55 14 0
29 -81 57 0
-71 40 -34 0
57 -40 -21 0
29 7 -36 0
-3 46 53 0
73 81 -64 0
9 -73 63 0
72 9 62 0
-71 -41 76 0
-15 29 54 0
13 45 58 0
-11 29 -57 0
8 29 -9 0
70 10 -80 0
39 53 67 0
74 -2 -63 0
20 6 72 0
18 -34 50 0
35 -47 -18 0
10 46 -18 0
48 11 75 0
15 -18 49 0
6 -53 -37 0
26 77 64 0
82 54 50 0
-10 -27 -49 0
60 -72 9 0
26 81 -18 0
45 -34 51 0
68 -23 42 0
64 82 9 0
-54 26 4 0
43 -56 4 0
24 22 40 0
16 31 40 0
68 52 33 0
-82 68 10 0
-16 17 38 0
-28 -41 12 0
9 33 78 0
-43 44 -58 0
59 -40 76 0
-64 19 -50 0
-61 6 -60 0
3 -17 -9 0
-44 -5 -19 0
27 76 -51 0
57 -40 78 0
70 -34 -25 0
-65 -42 11 0
43 -41 -29 0
81 -79 -25 0
-63 40 80 0
45 -34 -81 0
20 -68 45 0
26 76 -24 0
-63 -19 -28 0
-55 -7 -69 0
-32 -2 82 0
-26 -33 68 0
-58 6 -21 0
80 20 51 0
-49 3 68 0
-60 -57 -78 0
29 -15 48 0
62 -20 -21 0
-62 28 -71 0
69 26 -25 0
75 20 46 0
-23 -42 60 0
-37 -11 77 0
-28 -42 17 0
-19 80 40 0
35 65 24 0
22 51 55 0
-13 -50 -22 0
58 1 -31 0
71 34 69 0
-57 46 27 0
58 27 50 0
45 67 -23 0
-54 8 35 0
-62 75 -23 0
-37 78 68 0
-76 -73 77 0
-80 -8 -3 0
39 -75 -62 0
40 34 -74 0
55 67 -45 0
26 -70 -65 0
44 43 70 0
-29 -25 32 0
-33 62 -5 0
-65 44 -30 0
16 -26 44 0
15 -18 72 0
-65 4 63 0
-59 -20 -41 0
66 -68 -7 0
-41 68 40 0
52 20 -10 0
44 61 50 0
42 20 73 0
-80 -41 -44 0
-39 -54 -70 0
-9 46 15 0
-5 3 12 0
-80 8 19 0
14 28 12 0
-32 -59 -81 0
82 -51 75 0
81 -62 -37 0
49 64 -70 0
-72 -12 13 0
71 -48 13 0
-68 18 40 0
-5 44 78 0
34 -32 40 0
3 8 -15 0
27 -78 44 0
-29 -75 37 0
66 -64 -34 0
-33 -39 -70 0
-61 -76 75 0
63 57 -54 0
-65 -74 71 0
1 -62 55 0
28 -63 -10 0
-34 73 2 0
4 26 80 0
-35 -36 38 0
65 -45 54 0
33 50 77 0
-12 25 -43 0
-21 48 24 0
64 -57 78 0
-69 -72 73 0
-59 60 -33 0
51 -62 -50 0
-12 64 -34 0
46 -3 -67 0
57 -73 -11 0
47 -43 36 0
57 65 60 0
70 54 80 0
26 -14 61 0
-1 79 -56 0
-79 47 -63 0
4 -43 -30 0
44 54 -35 0
20 -78 5 0
-80 50 -34 0
21 -7 63 0
-67 30 -57 0
34 -62 -73 0
66 3 -60 0
-46 65 23 0
-52 -77 16 0
82 -76 -43 0
66 -74 27 0
31 -35 79 0
-70 80 42 0
55 -46 71 0
-37 -1 -17 0
60 -63 66 0
-18 48 43 0
-39 63 -76 0
36 54 -71 0
-65 -57 -14 0
-32 -22 -6 0
-61 21 72 0
18 -14 -47 0
-43 -26 -66 0
-42 11 -14 0
-39 -22 -72 0
-36 42 -55 0
64 -2 -63 0
53 -60 1 0
-56 79 35 0
-58 53 -69 0
-81 -30 -55 0
-44 -8 -26 0
38 -31 -61 0
-75 -15 29 0
29 -19 -42 0
30 -35 -32 0
62 17 -26 0
70 67 -55 0
75 24 -38 0
-63 -15 -57 0
4 -24 -53 0
16 -34 -64 0
64 -2 -70 0
-34 1 30 0
43 11 15 0
63 62 -18 0
11 58 -37 0
-14 -27 -64 0
67 61 -44 0
-6 -15 70 0
72 -35 -78 0
45 -5 -50 0
71 38 67 0
-81 71 -1 0
42 30 -46 0
17 -57 -14 0
30 59 -79 0
-10 35 -17 0
36 -70 46 0
-50 37 45 0
-4 -47 -64 0
75 52 -37 0
-14 -7 5 0
19 10 36 0
6 60 45 0
42 27 60 0
39 -47 -35 0
-14 -35 -69 0
-26 73 -24 0
65 -11 -12 0
-82 -79 44 0
42 37 -43 0
-33 8 56 0
51 -19 -6 0
-27 13 10 0
49 37 27 0
37 26 71 0
41 -43 -1 0
-34 -12 1 0
4 63 19 0
30 13 68 0
-69 -57 -55 0
-65 -54 31 0
22 -31 25 0
-6 76 -70 0
24 43 -28 0
45 55 -38 0
30 -18 27 0
-7 41 55 0
79 16 -38 0
63 -66 -52 0
-46 7 -16 0
-72 -62 -68 0
13 75 -30 0
-82 12 -56 0
-77 9 -73 0
-13 31 18 0
-58 -3 14 0
66 65 -80 0
-2 -81 73 0
43 -48 -20 0
-44 -1 -9 0
61 -24 42 0
-33 75 -1 0
-74 19 37 0
-13 -40 -35 0
-55 32 -26 0
-59 -44 50 0
-19 -56 80 0
-58 44 -42 0
82 -10 26 0
-2 -1 -31 0
62 -10 54 0
-6 -64 62 0
-53 -59 35 0
36 24 -9 0
-25 15 19 0
-5 -59 -50 0
-79 50 -44 0
-9 -35 -7 0
59 -7 -55 0
-59 41 2 0
21 14 -4 0
-17 2 25 0
-27 -53 11 0
-36 -80 34 0
82 -58 -40 0
-68 50 -33 0
-50 -16 -77 0
74 -51 82 0
62 12 -2 0
-33 12 -78 0
-16 44 -42 0
8 -4 -47 0
32 23 45 0
-81 63 -79 0
81 -25 -71 0
37 -8 -32 0
-50 34 -4 0
80 -13 -30 0
1 -51 47 0
47 -64 24 0
-77 -29 -45 0
10 48 -1 0
-77 -69 -29 0
75 52 44 0
42 73 11 0
