p 79 336
35 27 -74 0
-46 30 28 0
-59 4 -23 0
-22 -74 -42 0
43 5 -28 0
46 -25 39 0
62 37 -5 0
-1 50 -61 0
-78 -13 -55 0
-21 60 -56 0
74 30 -52 0
67 -56 10 0
-8 23 21 0
-9 -41 46 0
-60 36 73 0
-73 54 69 0
-48 68 52 0
10 32 11 0
-74 -38 7 0
-72 30 60 0
-66 36 51 0
-29 50 8 0
62 -12 64 0
-13 11 -68 0
-28 -61 -25 0
43 16 31 0
-52 35 32 0
66 55 -74 0
43 20 79 0
-74 -36 67 0
-28 11 -35 0
-59 -17 55 0
40 -16 54 0
-23 70 68 0
72 52 -21 0
-21 5 -28 0
-40 59 -2 0
-76 27 68 0
-56 -10 16 0
25 44 43 0
-32 -34 25 0
-14 30 66 0
15 48 55 0
39 -76 42 0
53 -47 69 0
-53 23 73 0
6 51 -66 0
-12 -61 73 0
-45 48 -1 0
-9 -74 40 0
19 -34 -8 0
7 77 -36 0
51 53 -50 0
-13 23 65 0
-48 -2 39 0
-49 -39 -34 0
-67 -26 -57 0
-41 64 18 0
-25 -78 -14 0
22 7 -6 0
-37 -64 -26 0
-56 9 16 0
51 20 -58 0
-40 49 43 0
66 -64 48 0
16 59 14 0
-55 -35 76 0
-48 24 64 0
-76 -48 -20 0
73 38 -5 0
42 63 34 0
3 69 -62 0
-6 -2 -71 0
41 48 -54 0
64 75 42 0
35 -49 -1 0
50 40 70 0
72 73 12 0
5 -2 -40 0
64 72 16 0
68 16 -63 0
48 22 -55 0
-53 -58 24 0
18 66 -70 0
-53 54 -11 0
3 -14 -15 0
-8 -78 45 0
59 35 -55 0
39 16 35 0
4 24 -26 0
75 72 -36 0
-72 71 -76 0
74 48 -26 0
-33 45 -57 0
-46 -35 -72 0
-67 -74 -66 0
-15 -62 5 0
-34 3 -71 0
33 -65 22 0
-23 57 -13 0
-61 14 -73 0
-73 14 45 0
4 -64 29 0
-76 14 70 0
-45 -27 32 0
2 33 46 0
39 -44 -65 0
-70 -76 -61 0
19 12 -79 0
60 5 -79 0
48 -12 -13 0
12 -68 -52 0
65 28 -70 0
25 -70 35 0
-62 -37 -61 0
41 40 60 0
-26 9 -12 0
-31 -32 -70 0
-9 -61 73 0
-57 -3 -28 0
75 -65 -54 0
-15 79 -70 0
8 10 24 0
7 56 26 0
75 -62 -71 0
-36 3 70 0
-52 56 5 0
69 -51 -11 0
8 -11 29 0
34 6 -49 0
34 19 71 0
-50 -48 -63 0
-30 10 1 0
8 -27 -71 0
61 -58 -46 0
-10 -22 65 0
49 -19 26 0
-51 78 58 0
-28 77 -41 0
-64 -30 57 0
-79 -13 -4 0
24 -18 5 0
-6 -16 -50 0
49 3 34 0
54 57 -74 0
-22 9 12 0
9 7 52 0
79 6 -53 0
-7 38 -68 0
53 -21 -31 0
8 51 -21 0
16 24 51 0
-16 63 3 0
20 62 -34 0
-66 41 -74 0
67 16 33 0
6 -55 -26 0
-44 62 30 0
-10 -22 39 0
77 -15 -22 0
3 -77 41 0
-17 28 -27 0
10 -33 21 0
-27 -20 -18 0
49 -59 -8 0
-27 75 -51 0
-49 19 21 0
20 -27 12 0
62 -10 7 0
63 53 -10 0
13 56 -36 0
37 32 43 0
-3 20 -5 0
34 -53 -15 0
53 -76 29 0
-31 55 -20 0
72 74 -73 0
-40 -18 14 0
-37 25 59 0
15 -23 -33 0
-70 51 25 0
69 -19 71 0
4 -3 -1 0
-41 -37 -57 0
38 16 3 0
-73 -18 -46 0
37 -15 -28 0
-24 3 8 0
-50 41 -68 0
63 70 -51 0
-74 -32 63 0
79 17 16 0
-59 -45 -74 0
-57 -21 -29 0
52 -72 -23 0
-8 59 -25 0
-18 -69 37 0
-75 42 -69 0
-15 -31 40 0
-34 -32 -56 0
31 -62 -27 0
21 73 -15 0
67 -52 -63 0
-63 17 -64 0
-69 27 -44 0
74 -65 64 0
15 71 74 0
61 -59 38 0
6 24 -71 0
-70 78 -52 0
15 39 -22 0
31 51 -28 0
-65 71 48 0
5 53 70 0
67 5 29 0
45 34 -77 0
11 -25 -75 0
74 31 18 0
-61 -23 -60 0
-25 68 -21 0
-78 36 50 0
58 -65 -79 0
58 -35 -33 0
-36 54 57 0
-49 42 30 0
-13 -60 40 0
-3 62 -39 0
21 39 61 0
-15 22 -26 0
69 -41 11 0
-73 -15 -78 0
20 41 69 0
77 -40 -5 0
15 -77 57 0
-1 -77 55 0
16 -55 -50 0
-70 -5 -53 0
56 23 -13 0
-76 75 -2 0
-64 -34 66 0
36 74 7 0
-50 42 9 0
11 -33 78 0
-37 16 27 0
61 -14 53 0
49 -37 45 0
79 11 65 0
-6 19 -51 0
25 3 -48 0
39 40 -64 0
48 -24 3 0
-25 -27 -51 0
-70 -19 -51 0
-57 -60 -16 0
-12 -16 15 0
3 19 51 0
-17 46 8 0
28 12 24 0
-25 56 67 0
-74 40 -41 0
-73 21 22 0
-46 -54 -74 0
76 -18 7 0
-53 -65 -58 0
-17 60 33 0
-32 78 16 0
41 10 -53 0
63 44 -64 0
-4 24 -39 0
-15 47 73 0
-46 45 -58 0
-46 40 7 0
44 52 -33 0
49 -22 -43 0
57 -43 -12 0
-43 6 21 0
-26 25 57 0
-66 -51 58 0
71 17 18 0
-6 -54 -69 0
-48 17 69 0
27 -41 9 0
9 -3 43 0
20 52 60 0
-70 18 13 0
22 41 64 0
-42 26 71 0
57 -7 -59 0
-60 -67 -54 0
-63 39 73 0
61 5 75 0
37 57 52 0
-51 57 -37 0
-29 -24 -60 0
-68 37 -29 0
-17 -40 -48 0
57 35 48 0
-46 -73 -16 0
27 -4 31 0
-63 78 -26 0
20 38 2 0
-69 77 -5 0
-68 -16 35 0
-24 2 33 0
61 -25 -6 0
-43 5 59 0
21 -72 29 0
73 25 78 0
-9 -10 6 0
-75 10 22 0
25 5 -78 0
38 52 6 0
-6 -21 64 0
45 -48 -43 0
-6 27 -54 0
78 -15 -35 0
3 -71 -39 0
17 73 79 0
-27 -10 38 0
-58 4 -49 0
1 65 64 0
-49 -6 -56 0
-56 27 37 0
58 -18 22 0
-60 21 -49 0
72 -46 12 0
48 78 -44 0
-36 74 -10 0
-64 65 -61 0
-72 60 -35 0
-70 -9 -66 0
18 63 41 0
-75 -39 -34 0
52 -27 49 0
2 -37 -51 0
29 -1 -17 0
