p 88 374
-58 84 6 0
2 -1 58 0
-28 32 57 0
-34 29 81 0
-44 -83 -67 0
-25 -24 -26 0
-39 27 -18 0
50 -68 -87 0
-22 -41 -4 0
-38 -6 57 0
-16 -21 52 0
56 85 45 0
53 -37 -8 0
54 -47 3 0
13 -59 -52 0
-12 -36 57 0
3 -17 -26 0
22 28 69 0
49 -6 17 0
-3 -42 22 0
-18 -23 -22 0
39 -48 43 0
-82 45 -40 0
-25 -37 -27 0
-68 -10 -31 0
36 69 -38 0
-23 -42 -7 0
17 72 44 0
34 37 -70 0
52 14 46 0
12 86 -7 0
49 66 2 0
50 6 60 0
40 80 10 0
-3 -37 -59 0
-27 14 -32 0
8 48 -67 0
-57 -22 65 0
-37 -53 52 0
-33 -9 71 0
-4 40 -20 0
-22 8 -5 0
32 -5 88 0
-26 -49 -65 0
-35 75 42 0
-75 -6 -39 0
54 -7 53 0
81 71 -70 0
-41 -36 3 0
21 14 -16 0
23 71 2 0
-41 6 -18 0
6 -35 43 0
-31 21 -2 0
66 -17 -49 0
-19 -68 -33 0
46 3 -36 0
-33 50 61 0
20 16 6 0
80 -44 86 0
-78 -87 41 0
65 -69 52 0
51 -9 -80 0
-10 -68 -28 0
77 74 5 0
58 67 -22 0
11 64 -62 0
-84 -58 17 0
11 28 72 0
54 41 1 0
-43 -51 44 0
61 11 26 0
-36 16 41 0
-54 53 -9 0
55 -61 20 0
-21 -45 43 0
54 -86 38 0
3 -8 27 0
79 77 -12 0
-88 78 -1 0
-55 13 -61 0
54 63 -39 0
-33 -87 -82 0
-25 -56 -6 0
78 -25 -27 0
68 -36 38 0
-86 15 61 0
1 61 33 0
-6 -30 -58 0
70 37 82 0
72 -34 77 0
-64 -55 -82 0
-2 71 -30 0
14 83 61 0
58 -49 -52 0
15 -77 -88 0
70 17 20 0
84 -68 -7 0
50 19 -66 0
68 -51 -60 0
40 -5 -63 0
15 67 -41 0
-4 70 -12 0
56 -72 46 0
47 -1 54 0
35 -79 -75 0
74 -29 11 0
50 -67 22 0
-50 64 -72 0
78 -72 -1 0
-24 36 -12 0
27 75 70 0
49 17 -70 0
-47 77 44 0
75 84 -24 0
7 42 -1 0
-85 32 -50 0
-23 6 79 0
55 -79 46 0
-74 -51 30 0
-14 81 -51 0
77 -75 29 0
67 36 74 0
75 -88 68 0
48 -12 25 0
-2 -17 -45 0
-5 -34 42 0
81 36 -62 0
-68 -86 3 0
-36 60 -70 0
-57 44 67 0
29 11 74 0
-77 -9 -74 0
-87 33 -6 0
-7 1 -45 0
-88 37 41 0
75 17 88 0
68 -52 55 0
56 -6 40 0
30 -53 -54 0
-32 75 -34 0
-1 9 80 0
5 -70 -26 0
55 -63 76 0
2 -6 8 0
-49 63 -64 0
63 -86 -87 0
-32 -59 -7 0
3 -69 -50 0
59 -25 73 0
12 87 61 0
7 83 -44 0
76 -65 -20 0
-88 64 61 0
-80 -12 56 0
-1 -25 -36 0
33 18 24 0
-52 -5 -33 0
-62 10 64 0
48 78 26 0
82 34 45 0
23 -24 77 0
53 20 43 0
28 45 -67 0
-66 77 22 0
-83 -14 -15 0
48 77 -17 0
37 69 2 0
30 -87 -69 0
-36 51 -60 0
58 59 -53 0
30 43 -17 0
61 -60 -28 0
47 -73 -35 0
-80 15 -86 0
-3 74 -78 0
32 -29 27 0
86 63 -66 0
67 -2 25 0
-74 69 -5 0
2 -61 32 0
-16 -41 -44 0
44 -30 34 0
18 17 31 0
81 -10 -56 0
22 -13 -10 0
-10 32 -71 0
-58 -75 -62 0
-26 -5 -7 0
-70 88 76 0
-2 16 -65 0
-73 -57 -47 0
-52 -85 -58 0
-72 -79 -63 0
-44 -40 37 0
80 -18 -71 0
77 51 -36 0
1 5 6 0
-86 16 6 0
46 -70 -2 0
-73 48 -45 0
-76 15 84 0
63 28 -65 0
17 36 -56 0
-57 -58 -48 0
-47 -5 31 0
-2 -50 10 0
-71 6 -11 0
77 9 70 0
-33 69 42 0
-82 28 -76 0
16 69 37 0
-44 59 18 0
-11 45 -39 0
49 47 -85 0
1 -74 -35 0
14 8 36 0
27 -84 -57 0
73 32 20 0
39 -7 -85 0
36 -20 47 0
13 20 -78 0
-71 30 -7 0
10 12 59 0
62 -86 -30 0
9 -62 -72 0
-37 23 70 0
-72 -32 -23 0
-55 66 12 0
26 -70 -43 0
28 86 33 0
59 18 25 0
-11 -30 43 0
-9 34 -2 0
41 -25 49 0
-22 79 32 0
-53 -84 -22 0
71 2 13 0
-63 -67 -26 0
-18 26 -44 0
-45 66 -4 0
-19 -22 29 0
52 -53 67 0
-70 -60 29 0
-81 -60 -46 0
35 -72 -32 0
35 46 10 0
-49 -41 -83 0
56 81 13 0
-9 -23 57 0
12 49 -13 0
-56 -16 55 0
-35 -23 81 0
16 -35 6 0
-57 75 32 0
17 -51 -36 0
-35 55 19 0
21 29 -39 0
-54 -3 26 0
47 88 50 0
74 13 62 0
-6 87 -14 0
-14 -2 -13 0
75 -74 -31 0
-61 38 -10 0
74 76 -19 0
-58 15 65 0
-29 68 -30 0
-80 85 -75 0
33 45 25 0
58 85 17 0
73 47 13 0
81 16 -37 0
-15 28 -20 0
73 27 28 0
-55 -85 81 0
-56 9 81 0
-58 -48 -15 0
25 31 67 0
-23 73 74 0
-60 49 -57 0
35 23 80 0
-8 -82 -7 0
-71 8 28 0
-75 56 65 0
-30 64 -49 0
52 79 -68 0
-35 79 -34 0
-79 -39 16 0
55 -14 84 0
49 72 37 0
53 -45 79 0
-84 -50 38 0
40 60 78 0
50 33 79 0
40 -43 4 0
-81 25 -3 0
34 86 -8 0
-51 -79 29 0
82 9 75 0
67 -29 39 0
-31 58 32 0
-21 -38 -82 0
51 65 28 0
-83 -6 -85 0
29 3 34 0
-40 44 64 0
51 44 78 0
81 8 -33 0
84 -56 59 0
48 26 -13 0
13 15 -30 0
-11 -81 73 0
-77 7 49 0
41 -86 26 0
7 9 -81 0
-79 44 -3 0
-27 68 -39 0
-32 -21 -47 0
-47 9 86 0
23 63 34 0
87 -27 29 0
58 45 63 0
-65 59 68 0
40 26 65 0
22 61 33 0
80 -14 35 0
-70 -68 -73 0
24 -29 32 0
88 -79 43 0
-9 74 -44 0
-88 62 10 0
16 54 -41 0
53 -77 28 0
61 44 88 0
-58 29 66 0
-60 10 36 0
-10 -25 -53 0
31 -23 45 0
52 42 -73 0
59 -78 76 0
78 -76 87 0
57 -20 21 0
-76 21 -19 0
63 13 -1 0
-72 -69 -1 0
86 4 48 0
2 12 -43 0
-38 -88 14 0
80 -5 -60 0
-69 65 -11 0
77 64 -57 0
5 -10 -60 0
-44 81 1 0
-2 60 -81 0
24 -63 45 0
-35 -23 11 0
74 43 -82 0
-24 52 -65 0
65 -28 4 0
43 56 -4 0
76 66 67 0
70 40 49 0
-26 57 -82 0
-72 -80 -18 0
-23 13 -53 0
-15 -48 69 0
-27 -47 -68 0
48 54 3 0
-13 5 25 0
-66 -77 30 0
76 -55 -66 0
18 51 23 0
-2 6 3 0
