p 99 421
-73 11 16 0
40 -94 -10 0
-78 64 53 0
-6 23 57 0
22 19 24 0
-76 -33 88 0
-50 -22 -85 0
76 -50 15 0
-73 -62 25 0
-70 15 9 0
-46 -21 38 0
-82 -80 81 0
87 -69 -43 0
5 -74 11 0
68 20 96 0
-33 -55 -31 0
63 72 84 0
-81 -46 -49 0
-85 -6 -95 0
73 42 21 0
-87 -13 93 0
62 -57 42 0
-71 -21 -9 0
-60 20 54 0
57 81 79 0
4 -5 -97 0
-62 -76 45 0
-1 94 58 0
-19 -90 53 0
-24 -21 -50 0
73 80 -12 0
-35 -15 -18 0
15 -28 -49 0
-87 -54 76 0
84 68 -43 0
-96 -33 -55 0
-46 71 -97 0
62 -42 -32 0
61 79 73 0
65 -23 84 0
-67 -29 -80 0
-92 -7 77 0
-51 62 -35 0
27 -96 80 0
7 31 -57 0
7 53 -1 0
78 -16 -44 0
18 54 97 0
38 91 13 0
-19 -75 69 0
19 -5 13 0
-11 -98 -69 0
99 -16 77 0
-78 -35 52 0
25 59 85 0
51 -24 59 0
72 -28 -18 0
-96 6 20 0
-7 -82 -69 0
17 -2 92 0
-53 -70 -2 0
-60 -57 -40 0
-8 -13 -43 0
-38 21 72 0
-30 -94 -35 0
61 -15 49 0
-34 -54 1 0
-54 75 90 0
7 -70 16 0
60 -78 -91 0
84 -3 -36 0
21 33 -3 0
11 -32 20 0
-34 32 -7 0
-14 -18 13 0
-70 32 52 0
-62 -13 15 0
-45 78 -70 0
57 -85 99 0
42 -79 -45 0
51 -36 -43 0
42 -20 56 0
73 41 40 0
-58 38 50 0
60 27 92 0
2 96 -19 0
11 -59 27 0
-68 13 -23 0
-9 -52 80 0
-77 -41 -86 0
-75 30 -83 0
44 -61 -91 0
-1 -23 17 0
-4 74 11 0
30 7 -48 0
-49 81 72 0
-68 -76 59 0
89 -16 4 0
3 -25 -71 0
-98 48 -34 0
-76 -32 -39 0
53 78 -48 0
35 -11 -77 0
-2 54 94 0
80 -1 -96 0
-29 93 33 0
-31 4 74 0
33 -17 -9 0
-7 -26 99 0
-67 -15 -27 0
-31 -95 33 0
-82 -36 88 0
-14 -12 54 0
-43 -22 46 0
-98 -32 -14 0
-42 88 48 0
2 72 87 0
17 56 14 0
48 -60 -58 0
26 -32 -75 0
15 -49 -75 0
-14 -83 -52 0
-6 -45 -60 0
99 -11 47 0
95 -61 -69 0
56 -93 -69 0
76 60 35 0
-79 44 32 0
-49 90 51 0
40 70 66 0
-72 79 -16 0
-28 -72 22 0
-1 -95 12 0
14 -54 94 0
62 6 42 0
-58 67 87 0
-86 46 -56 0
14 -81 87 0
9 -25 -23 0
-72 99 -84 0
66 -85 -21 0
90 80 -43 0
12 -53 79 0
77 -98 88 0
66 -90 32 0
67 90 -76 0
10 14 82 0
41 -73 -18 0
-4 77 54 0
-47 -36 -77 0
-88 77 -7 0
88 -61 -44 0
94 -58 -54 0
-70 -90 49 0
96 -61 20 0
65 70 74 0
-28 68 -62 0
14 -39 -92 0
-7 54 -24 0
31 53 -74 0
-6 16 37 0
-72 -22 -61 0
84 99 63 0
6 -93 4 0
80 89 -30 0
-29 -17 -98 0
77 13 -1 0
84 -64 73 0
47 -66 -88 0
47 -29 -40 0
-61 -77 15 0
2 46 44 0
26 -70 75 0
-24 -33 -94 0
-59 14 55 0
99 -7 -57 0
98 13 88 0
-17 -35 -50 0
81 40 82 0
-83 24 -25 0
-64 80 82 0
-29 -88 -2 0
66 -65 37 0
-60 -20 -92 0
70 -85 -22 0
-49 -66 46 0
3 -42 -13 0
25 -47 -34 0
-16 39 -45 0
-93 -68 -54 0
-31 74 -41 0
77 -10 73 0
22 -38 15 0
-53 52 -68 0
-51 30 42 0
-11 -55 -52 0
-2 65 -73 0
30 -5 -61 0
82 76 88 0
-19 -95 -80 0
-43 93 74 0
-44 39 -77 0
-56 -98 89 0
69 43 -14 0
66 88 18 0
14 72 -9 0
64 -4 68 0
-32 -99 23 0
69 7 40 0
15 4 32 0
37 90 -67 0
-18 -42 -10 0
62 -57 23 0
-62 84 36 0
-37 -87 92 0
47 98 -63 0
-53 -83 -99 0
-11 4 19 0
11 -80 -22 0
29 45 21 0
14 -20 -55 0
93 51 88 0
47 27 -22 0
-76 44 69 0
7 -73 91 0
90 -55 81 0
5 -57 -86 0
60 77 95 0
-65 31 -68 0
-14 -5 79 0
-19 40 -12 0
34 91 -25 0
64 45 -20 0
-68 7 58 0
-14 50 60 0
44 35 33 0
4 -58 -8 0
-21 11 -7 0
91 -1 71 0
-36 22 78 0
88 -21 58 0
-59 -11 -81 0
-8 64 -23 0
44 86 55 0
68 33 -73 0
-27 -40 88 0
-68 -14 -62 0
3 64 75 0
-16 -25 -96 0
44 30 1 0
-33 71 21 0
41 45 -42 0
18 -44 83 0
23 -35 -72 0
-70 32 -86 0
-63 -74 99 0
51 20 35 0
-80 15 87 0
78 -60 -45 0
-83 -67 -37 0
43 -8 -31 0
-54 12 97 0
26 93 -14 0
91 -2 -68 0
-4 57 47 0
42 -87 85 0
47 38 -12 0
6 -22 57 0
45 -32 25 0
-10 -23 -78 0
-86 68 77 0
-62 93 47 0
57 -56 -42 0
-39 96 -17 0
-75 -96 -79 0
18 -97 92 0
-23 -51 33 0
35 26 44 0
91 99 -36 0
-63 -71 59 0
-54 38 -62 0
63 -4 30 0
-78 4 -54 0
61 -4 97 0
76 -88 15 0
-61 27 6 0
95 47 27 0
23 74 -53 0
-23 -22 42 0
-60 97 -98 0
7 -79 -88 0
-94 -54 -55 0
76 -52 -68 0
-76 -25 -59 0
-25 -83 -78 0
-1 -7 2 0
-38 52 -47 0
98 -94 -45 0
61 -92 71 0
67 53 40 0
-7 -17 -14 0
81 -41 46 0
-57 60 62 0
27 -30 68 0
-35 36 6 0
38 6 -98 0
16 -45 32 0
77 -52 -36 0
53 99 -15 0
-1 -91 -41 0
-45 58 75 0
-88 -54 -13 0
-48 50 -83 0
-84 -44 25 0
40 45 -42 0
35 1 -65 0
-4 72 60 0
49 -65 87 0
-18 -2 -38 0
47 62 26 0
45 -43 -92 0
92 -70 40 0
-81 76 -4 0
-77 91 -98 0
-85 44 -99 0
-97 -43 49 0
-27 -79 -31 0
83 -45 -25 0
92 -97 -69 0
-53 -9 -58 0
61 35 86 0
70 -43 -96 0
-39 -92 -85 0
-52 -36 45 0
-75 -62 87 0
-97 34 69 0
-54 -3 39 0
-43 65 -13 0
-83 44 -21 0
24 -91 -50 0
33 -36 -66 0
-53 82 57 0
-69 51 -82 0
-5 -21 -32 0
95 -83 36 0
79 -86 22 0
-16 11 -81 0
34 -62 93 0
-28 -50 90 0
-4 -92 -25 0
34 46 82 0
-25 -65 -52 0
-73 35 -53 0
-31 54 -23 0
50 -62 -55 0
-15 13 66 0
42 26 -84 0
4 38 26 0
-91 -82 -57 0
78 -75 3 0
-23 -82 -24 0
-70 -36 82 0
-99 -26 24 0
89 -52 12 0
-88 12 52 0
18 46 -29 0
-27 63 -94 0
87 44 -47 0
91 25 -53 0
95 87 59 0
-15 -1 -94 0
-20 -57 48 0
70 -52 28 0
41 25 97 0
-38 -49 70 0
39 -18 -99 0
-82 -70 -14 0
42 -67 93 0
80 35 -36 0
-60 24 -95 0
-7 84 3 0
-96 -27 -88 0
-21 98 1 0
-35 -34 52 0
20 -29 -72 0
75 -57 -85 0
61 29 -36 0
50 -43 66 0
51 -46 -24 0
59 -77 -92 0
64 54 83 0
50 68 27 0
55 56 41 0
10 -48 -58 0
-42 73 58 0
-46 -95 10 0
-18 -17 20 0
-44 -26 84 0
-93 -34 90 0
92 29 84 0
-67 46 29 0
-9 36 -72 0
37 -14 -79 0
15 -38 -33 0
-19 -22 99 0
-67 77 -93 0
7 -27 69 0
-27 48 85 0
-79 50 85 0
-86 -78 -35 0
30 60 48 0
47 -30 35 0
18 -44 -4 0
9 -57 85 0
-14 89 -93 0
-2 -95 -8 0
5 -78 -15 0
39 8 91 0
82 -21 -24 0
19 -99 -13 0
64 -17 92 0
