p 89 379
22 -39 -55 0
88 32 70 0
-89 -53 -23 0
-30 -59 41 0
-56 -13 -87 0
-45 -73 -11 0
-58 -72 46 0
-64 -23 -29 0
73 41 20 0
66 2 -38 0
-12 -84 43 0
31 88 -42 0
65 63 -81 0
-54 2 -17 0
-13 4 58 0
-67 -88 -76 0
18 40 -63 0
16 43 57 0
-42 -63 -48 0
12 25 24 0
2 36 20 0
22 48 -67 0
-5 -41 -30 0
23 -67 6 0
69 32 53 0
27 34 -24 0
-79 -62 -27 0
78 -30 81 0
-80 75 44 0
-46 -61 55 0
-12 9 18 0
51 53 -72 0
-51 60 43 0
47 -68 -19 0
-30 9 -88 0
-1 87 -55 0
-18 -33 -35 0
6 -62 20 0
37 -2 -66 0
77 -44 -49 0
71 -15 47 0
50 -13 83 0
66 53 67 0
-44 -34 -87 0
-20 58 -69 0
24 -75 -80 0
24 -28 30 0
79 -6 83 0
13 35 -60 0
-86 72 32 0
-45 80 38 0
30 -28 -71 0
65 28 -56 0
10 -45 -2 0
54 -49 -47 0
19 -84 70 0
37 25 27 0
-42 57 21 0
47 -76 29 0
-8 -77 -37 0
48 65 -10 0
-70 32 -75 0
-66 16 -69 0
-39 -7 -43 0
27 -7 51 0
34 -71 -41 0
89 62 36 0
50 -61 -14 0
47 83 -32 0
-62 -4 -39 0
-85 -57 67 0
37 76 -25 0
87 86 -67 0
-12 -14 -80 0
45 -87 44 0
37 33 31 0
-31 58 -69 0
-36 65 1 0
-69 -3 -59 0
22 -56 -81 0
25 -69 80 0
-14 88 60 0
6 -81 34 0
-85 78 -70 0
-73 -80 49 0
40 -71 79 0
-80 -64 84 0
-36 56 -44 0
37 76 -69 0
41 -45 80 0
65 -71 34 0
7 -22 -18 0
-4 20 -15 0
89 10 62 0
74 -70 -65 0
-60 -49 9 0
50 -83 43 0
-27 30 59 0
35 -65 -29 0
-12 66 26 0
-3 25 14 0
39 6 76 0
-72 -89 -44 0
2 -21 54 0
83 -49 67 0
30 -84 58 0
15 -40 73 0
-7 -6 -63 0
-38 -8 -69 0
11 41 52 0
-54 -53 -73 0
-86 57 -48 0
-7 54 39 0
76 23 -2 0
47 10 6 0
-55 48 -34 0
-21 -68 -60 0
-22 86 -48 0
8 -11 33 0
31 40 7 0
-78 -79 -44 0
-24 89 -16 0
84 27 4 0
-83 -9 -85 0
23 -41 87 0
-88 -84 -17 0
6 -5 31 0
55 -45 80 0
25 15 -27 0
14 -16 40 0
-1 25 9 0
75 61 -65 0
87 -7 -34 0
3 -41 -54 0
-58 32 11 0
-77 61 -9 0
7 -28 -62 0
2 -28 -30 0
-24 -86 50 0
-85 7 -26 0
50 27 68 0
-53 65 59 0
3 46 -87 0
-56 39 59 0
-2 20 -45 0
-45 -46 -34 0
-71 5 31 0
17 -25 -15 0
-31 -20 35 0
64 -14 -75 0
-29 -3 -27 0
-76 -22 -63 0
-41 39 -62 0
50 19 -56 0
-38 -30 83 0
-73 27 30 0
29 41 3 0
-29 81 -31 0
-40 34 -16 0
-49 -19 35 0
-9 5 49 0
50 56 -89 0
57 -71 -58 0
-89 28 -38 0
41 6 62 0
14 85 26 0
20 3 4 0
68 29 61 0
-18 -57 -86 0
6 49 -58 0
85 -36 78 0
5 -16 71 0
67 -10 1 0
-84 -85 60 0
-20 38 21 0
19 27 4 0
3 73 53 0
-88 -67 -86 0
-27 41 -75 0
-8 -79 37 0
-29 -51 -4 0
35 -87 -14 0
-47 75 -38 0
-52 32 49 0
76 -36 51 0
-72 -82 -54 0
15 81 -32 0
69 58 50 0
-22 61 -21 0
-36 87 71 0
-46 -59 45 0
75 -64 -53 0
72 19 -83 0
-70 -74 28 0
60 -85 -75 0
-38 20 -15 0
-7 -10 -12 0
-45 44 78 0
-40 24 14 0
45 -41 35 0
10 -87 -23 0
5 83 55 0
-59 -29 84 0
75 -65 41 0
12 61 -53 0
-72 -9 -41 0
-51 -44 88 0
-52 29 -72 0
-49 -26 -2 0
26 12 -28 0
-49 -74 68 0
23 -87 3 0
14 -57 45 0
-33 71 -39 0
39 63 80 0
22 16 -86 0
16 18 -42 0
-55 -78 29 0
59 63 65 0
-34 -67 -7 0
-44 -81 -6 0
-9 83 -10 0
-76 -6 -89 0
55 -78 -34 0
4 -18 36 0
-49 -66 23 0
81 26 -51 0
47 -45 50 0
-36 65 -22 0
-76 87 38 0
-80 58 -59 0
-28 -29 -70 0
-35 25 -1 0
18 -89 59 0
-32 36 -78 0
-83 88 -79 0
67 -38 -33 0
77 -21 40 0
-80 53 75 0
11 69 -66 0
2 -68 34 0
42 24 51 0
-57 35 -14 0
88 36 -67 0
13 -80 61 0
-17 4 -40 0
8 -48 -40 0
38 -58 -7 0
-89 58 66 0
82 -62 -42 0
31 43 89 0
7 40 53 0
-43 -45 26 0
83 23 -19 0
3 -89 -40 0
68 84 43 0
-71 84 -88 0
86 -34 -14 0
39 -47 40 0
-50 -31 24 0
41 -34 -69 0
39 -82 30 0
-74 63 -16 0
-87 8 72 0
-21 -35 20 0
-22 32 -9 0
-81 34 38 0
-51 -17 -50 0
59 -16 -19 0
-86 -64 -19 0
-28 34 1 0
82 45 70 0
-73 9 -53 0
29 73 16 0
-2 -6 -13 0
-22 -29 51 0
80 24 -35 0
11 -84 -32 0
-26 -65 32 0
-63 62 -10 0
16 -72 42 0
30 -56 81 0
-42 -19 -13 0
57 84 -65 0
-34 29 68 0
-86 13 -1 0
9 -35 32 0
-79 10 -14 0
-43 57 -25 0
10 -53 -47 0
12 -56 -50 0
75 -24 31 0
-15 -82 59 0
-77 -46 58 0
59 54 -35 0
-69 -66 72 0
17 -76 -54 0
-38 -12 -58 0
-78 79 16 0
17 -52 26 0
-47 -10 80 0
-7 81 39 0
72 -28 50 0
-5 -68 31 0
2 -35 89 0
15 24 22 0
-78 70 67 0
-53 5 -64 0
27 -82 -78 0
-43 -64 15 0
21 -62 58 0
-39 -26 83 0
-72 -42 -57 0
-40 56 -9 0
-68 -75 64 0
-36 59 -44 0
10 78 31 0
26 -85 20 0
-80 -74 47 0
56 -67 34 0
-72 -30 27 0
-27 -69 40 0
82 -67 -56 0
19 22 -40 0
21 -34 38 0
18 36 16 0
-68 52 -83 0
-45 40 63 0
62 30 -20 0
-2 -50 17 0
-9 -31 53 0
5 87 -63 0
53 58 49 0
-18 60 -43 0
-20 50 -14 0
13 -36 -70 0
42 -86 7 0
-24 -41 32 0
-21 75 -78 0
38 87 22 0
51 -66 -14 0
80 -11 9 0
-49 -17 23 0
17 -87 58 0
46 8 33 0
-65 -56 -8 0
-9 -5 -84 0
10 9 -66 0
-52 43 -41 0
55 7 13 0
65 -26 -50 0
-55 76 34 0
-84 -19 -85 0
22 36 1 0
60 -33 28 0
41 11 -39 0
-59 -66 -2 0
19 11 -41 0
-51 46 87 0
-25 59 -9 0
-33 87 72 0
-36 14 41 0
55 -27 42 0
-73 30 69 0
60 -81 -80 0
46 -2 16 0
-53 -38 -87 0
-32 -76 71 0
-79 54 -35 0
18 -37 -24 0
50 72 18 0
36 29 67 0
-64 51 -44 0
-48 -76 -77 0
76 73 23 0
-40 34 49 0
-32 -6 13 0
-77 -12 9 0
-52 -71 32 0
