p 18 76
5 -1 9 0
-18 13 -12 0
-14 11 2 0
-6 3 -16 0
2 12 1 0
-5 4 2 0
-8 14 17 0
-9 8 12 0
14 11 -2 0
-14 -8 1 0
-15 10 1 0
-14 18 15 0
-5 -15 3 0
14 3 -15 0
-3 -15 -8 0
9 1 -8 0
14 -15 5 0
-3 18 6 0
-11 -3 7 0
3 -18 8 0
11 7 13 0
-10 -3 15 0
-16 17 4 0
18 10 7 0
4 6 -15 0
-6 17 7 0
3 -1 -2 0
-3 14 15 0
18 1 12 0
-2 -11 -17 0
-18 -2 -5 0
-1 -7 18 0
6 -14 13 0
12 10 -4 0
-11 -7 -12 0
-12 -17 5 0
-12 -4 -16 0
-5 -16 14 0
15 11 4 0
-10 11 9 0
11 5 -6 0
-18 14 -5 0
-7 5 -6 0
-18 1 5 0
-4 -8 16 0
-15 1 10 0
2 18 15 0
3 -16 5 0
16 13 -14 0
-12 18 9 0
13 12 -11 0
2 17 -11 0
-8 -10 3 0
-10 3 11 0
14 -2 -5 0
-5 11 12 0
15 3 -18 0
-12 11 -13 0
-17 8 -18 0
15 -2 13 0
-5 2 -7 0
-13 14 -9 0
-2 18 -16 0
-13 2 5 0
-3 9 1 0
-1 4 17 0
16 -10 -7 0
-9 13 12 0
4 -5 -12 0
-12 -9 -8 0
-16 3 -11 0
13 -9 7 0
-12 16 6 0
-14 -18 5 0
-6 -4 2 0
7 17 3 0
