p 81 345
16 -43 -41 0
-31 -76 -57 0
9 -44 42 0
-61 17 56 0
4 -34 -18 0
52 37 -55 0
-16 -38 -23 0
-57 4 -9 0
35 51 11 0
4 -74 40 0
-59 19 -10 0
77 -53 71 0
-80 -33 36 0
-1 -20 -46 0
-17 20 8 0
33 -72 66 0
66 -76 9 0
26 61 55 0
66 -29 17 0
20 43 49 0
-12 -69 65 0
-19 55 79 0
7 -23 -80 0
-25 -76 55 0
-21 5 44 0
12 13 28 0
48 40 -23 0
67 39 47 0
-67 66 -1 0
1 -22 52 0
55 59 -34 0
34 38 -65 0
21 -47 31 0
66 -48 -34 0
-64 -17 -38 0
6 76 30 0
17 -55 36 0
-10 75 48 0
-66 59 16 0
-34 -54 9 0
-5 31 16 0
-52 36 76 0
-71 -38 -59 0
51 54 -41 0
42 61 -55 0
-48 64 75 0
28 74 -37 0
46 4 8 0
42 6 26 0
-33 -34 66 0
13 -67 29 0
47 75 6 0
15 -74 -76 0
25 -43 29 0
60 -2 -63 0
-49 78 -18 0
25 -10 16 0
-52 -65 -30 0
-44 -48 -80 0
36 -14 -61 0
51 47 -67 0
48 -78 -51 0
-73 68 -64 0
-30 64 61 0
59 9 -6 0
67 32 -64 0
-36 -10 -8 0
-49 -27 70 0
-76 47 -12 0
40 10 -5 0
-57 2 44 0
71 -12 68 0
28 1 -72 0
-5 72 -63 0
-36 -8 54 0
81 -55 26 0
79 6 -57 0
-35 80 19 0
-25 -50 -57 0
78 20 -3 0
-49 69 -38 0
-37 -61 19 0
-3 38 -52 0
-61 -5 -11 0
-48 47 -50 0
-11 -64 53 0
58 20 75 0
65 -59 1 0
-40 41 81 0
-8 46 67 0
26 17 -35 0
-71 -49 24 0
-42 3 -38 0
62 -70 -55 0
1 -10 54 0
-75 -15 27 0
-60 75 59 0
35 -48 51 0
-36 -12 47 0
-45 49 74 0
-31 -39 -50 0
77 -40 62 0
60 -27 62 0
-76 -75 -60 0
12 -39 67 0
-65 57 31 0
-15 -53 -40 0
-66 -34 -36 0
61 69 -49 0
-72 27 34 0
-50 65 -77 0
-34 9 -29 0
-51 77 -58 0
-64 61 -38 0
-81 -23 -76 0
-80 3 -6 0
-32 2 7 0
59 28 43 0
-75 -28 43 0
-64 40 -24 0
25 -14 20 0
14 -71 -37 0
-10 -11 58 0
-40 -38 -26 0
36 23 66 0
-21 -51 15 0
-37 -21 -33 0
31 -56 23 0
-34 16 -10 0
-23 56 -27 0
45 -21 58 0
73 14 -11 0
58 -52 -25 0
-38 -11 77 0
70 67 -32 0
36 76 23 0
-80 -54 14 0
-24 8 -66 0
67 -55 22 0
36 -66 -80 0
-52 -64 -81 0
-52 -62 14 0
-62 38 79 0
62 9 -53 0
38 -42 15 0
-20 -37 47 0
-54 53 -9 0
72 31 -6 0
42 50 14 0
11 -31 28 0
48 -79 -18 0
-3 -62 -56 0
-39 -75 -57 0
42 19 15 0
50 -5 13 0
-25 -52 -55 0
40 81 47 0
41 16 -19 0
70 58 -72 0
33 -17 -39 0
-50 17 -48 0
-41 -23 -35 0
-34 -62 -25 0
45 44 -64 0
-15 -38 -66 0
34 60 50 0
10 29 50 0
-76 73 32 0
61 -54 38 0
57 -7 -8 0
-4 79 2 0
57 67 37 0
29 70 66 0
68 24 30 0
81 -32 -13 0
52 20 -39 0
39 -16 34 0
-65 -25 -23 0
7 27 23 0
2 65 27 0
-10 14 37 0
-5 -66 42 0
-68 26 37 0
24 -63 23 0
29 8 79 0
-43 -36 25 0
65 60 -28 0
-30 -2 46 0
35 -22 -14 0
-10 -17 42 0
-70 16 -7 0
74 -64 -78 0
5 42 -10 0
50 -51 -40 0
15 79 -43 0
-42 45 67 0
-6 77 31 0
-30 -79 -10 0
-67 64 -33 0
30 4 -48 0
77 11 2 0
75 63 80 0
-9 -58 28 0
43 -54 78 0
-53 30 17 0
68 36 -11 0
63 -15 -48 0
46 78 15 0
-71 -70 -65 0
-48 42 -51 0
35 56 -30 0
-77 38 -34 0
-9 46 16 0
9 64 -80 0
2 -5 62 0
36 -78 65 0
39 -36 -63 0
11 45 10 0
-53 47 -32 0
-5 62 36 0
-81 -68 78 0
63 -33 48 0
-36 67 63 0
76 32 54 0
-72 -25 -80 0
38 15 -14 0
25 -65 79 0
-69 -68 3 0
69 -28 16 0
58 -6 -10 0
-52 -79 -24 0
71 17 -4 0
-5 -16 25 0
7 67 73 0
53 -13 -38 0
-41 75 36 0
-23 -16 -45 0
76 54 -3 0
-74 6 72 0
58 39 80 0
17 -18 28 0
21 -53 -40 0
-23 -47 -64 0
-61 73 -32 0
68 -9 -4 0
-20 73 57 0
8 66 63 0
71 79 -2 0
22 -67 33 0
19 -6 -34 0
32 77 39 0
19 49 74 0
-60 4 57 0
-53 -33 14 0
-74 6 38 0
-13 -57 2 0
68 36 2 0
73 -3 -79 0
56 41 25 0
-13 49 -79 0
-24 36 61 0
-20 52 -55 0
14 79 -46 0
-45 49 -10 0
-67 37 -70 0
-28 36 -80 0
-32 77 4 0
9 27 46 0
81 -38 -36 0
49 -76 -48 0
-2 -5 -25 0
-70 77 28 0
-43 -77 -6 0
65 -25 39 0
-59 13 51 0
-34 -23 20 0
81 75 26 0
51 -54 23 0
-58 -10 52 0
-74 23 18 0
78 63 69 0
78 50 -6 0
-15 32 -77 0
29 77 -26 0
-56 30 -54 0
-69 -23 -2 0
18 -81 22 0
-20 -38 12 0
-11 16 -15 0
29 53 18 0
-19 -1 -62 0
27 -61 10 0
81 -73 11 0
64 19 57 0
26 -23 77 0
-30 -43 -9 0
20 -24 66 0
30 61 -33 0
56 21 -36 0
-38 -75 11 0
11 60 3 0
-28 63 25 0
11 74 65 0
-49 -42 -33 0
-36 -32 67 0
19 -78 -66 0
26 44 -11 0
-33 -61 -16 0
-70 80 52 0
-66 -5 53 0
-54 -1 49 0
4 -39 -64 0
74 -15 44 0
25 30 -49 0
10 66 4 0
-67 -16 76 0
-59 -65 -20 0
40 -78 15 0
-43 -48 -10 0
-48 -74 -63 0
-5 7 -19 0
-25 72 -50 0
-25 21 -22 0
-65 43 -11 0
-42 55 56 0
41 71 -44 0
42 -76 48 0
-77 -18 56 0
60 79 54 0
-60 23 46 0
-66 -50 -36 0
13 -58 49 0
-60 -54 13 0
21 -76 16 0
78 -71 35 0
31 10 21 0
-42 23 30 0
2 26 -9 0
73 -39 18 0
-49 46 -81 0
-40 -47 -53 0
-16 37 -81 0
-48 3 -22 0
-3 65 26 0
-52 78 73 0
