p 43 183
-29 23 27 0
13 20 -19 0
-24 -19 -23 0
30 16 -29 0
24 15 -35 0
-21 19 38 0
14 -16 30 0
35 34 -25 0
36 33 27 0
-14 -31 22 0
-19 -37 2 0
-3 -41 -31 0
42 -2 -23 0
29 -41 39 0
-38 -30 19 0
-4 30 23 0
4 -41 30 0
-19 26 -33 0
-37 13 -5 0
-42 5 -21 0
24 6 -1 0
-20 -34 8 0
-15 -7 -10 0
-20 -7 -15 0
26 1 12 0
4 -3 14 0
9 27 34 0
-30 -18 -39 0
40 18 -21 0
-12 43 -23 0
15 -41 -14 0
-36 33 41 0
2 10 9 0
-3 29 -19 0
39 -41 -11 0
20 -15 6 0
-43 -16 13 0
14 1 -39 0
3 -21 -32 0
-22 -11 -7 0
27 -28 -1 0
35 -38 -43 0
1 11 10 0
-7 -22 14 0
-11 41 -39 0
19 13 -32 0
-37 -29 32 0
33 -29 -19 0
5 12 -32 0
-32 21 7 0
1 26 -16 0
3 6 -40 0
29 39 14 0
-37 7 -16 0
29 16 42 0
-14 43 -42 0
-14 -43 -13 0
-35 -8 -11 0
-31 -33 42 0
3 -9 27 0
-28 -32 8 0
-6 3 -1 0
-28 -38 13 0
-8 -1 31 0
-30 28 -18 0
17 11 37 0
-5 35 34 0
-24 27 28 0
29 28 -2 0
-28 25 26 0
-43 29 -2 0
-2 6 -23 0
-31 15 6 0
7 6 39 0
-22 -21 10 0
-20 -37 -29 0
-36 -24 39 0
-5 37 -16 0
-11 31 -19 0
35 -33 13 0
29 -1 27 0
11 -39 -25 0
8 -32 27 0
20 30 -5 0
-29 30 -38 0
18 -43 -19 0
-17 9 -24 0
38 3 1 0
-38 12 -36 0
-8 -17 -18 0
-25 42 -24 0
43 40 -38 0
25 -19 -1 0
-23 38 25 0
-19 34 -21 0
29 42 25 0
-3 9 14 0
26 2 10 0
39 -5 16 0
-42 -4 -26 0
42 -25 -11 0
-9 4 7 0
27 -30 38 0
-24 -37 -17 0
-32 40 -20 0
9 20 37 0
-9 -1 16 0
-21 28 -39 0
20 -6 23 0
1 7 -6 0
-29 18 14 0
-42 -12 40 0
27 20 -25 0
5 -12 -35 0
36 42 20 0
22 -13 -2 0
-1 32 8 0
6 -34 -42 0
21 -38 -13 0
-13 37 1 0
-41 -2 -43 0
31 8 -18 0
-25 19 18 0
-29 -16 -23 0
22 -28 -37 0
22 -43 39 0
-8 -34 36 0
-20 23 35 0
24 28 21 0
1 -40 -24 0
-12 13 32 0
-34 -9 -25 0
-22 -43 15 0
-1 8 -27 0
-32 -31 30 0
-37 -12 -10 0
-4 27 7 0
-37 8 -1 0
-9 3 36 0
22 13 4 0
39 -6 -9 0
-29 -5 28 0
34 -32 3 0
-3 23 -8 0
-7 26 -11 0
-35 37 16 0
-6 -9 33 0
-42 19 -31 0
20 -23 -4 0
-28 35 -16 0
-15 -29 43 0
-27 12 -38 0
-41 5 -26 0
-38 -4 -21 0
-22 -26 21 0
32 22 5 0
16 32 -30 0
-39 -12 9 0
-4 -18 36 0
10 23 12 0
8 40 -37 0
29 5 -12 0
37 34 3 0
-32 -9 13 0
-42 -41 -19 0
30 -26 43 0
23 -13 -8 0
-21 -28 30 0
-9 -39 17 0
-2 -31 14 0
-17 7 -21 0
-40 28 35 0
17 10 25 0
31 -19 -29 0
20 4 1 0
-34 -23 -39 0
25 -10 -24 0
-29 40 -5 0
12 40 -4 0
-4 -40 -8 0
14 18 -17 0
27 -42 32 0
36 23 37 0
