p 67 285
-67 -39 9 0
8 58 5 0
23 -38 -56 0
53 -63 32 0
66 -39 -34 0
-49 -36 52 0
61 34 -35 0
36 46 48 0
-7 10 48 0
-33 -47 26 0
30 -61 27 0
-39 -33 -54 0
14 -18 -38 0
1 5 -46 0
-9 42 33 0
67 -62 -54 0
45 -58 19 0
-7 -56 32 0
49 -43 41 0
-40 -65 -62 0
18 16 21 0
13 46 22 0
3 -41 58 0
-13 55 9 0
54 -20 2 0
59 -64 -33 0
-27 -39 -7 0
-9 17 -14 0
14 -55 11 0
-67 59 14 0
18 49 -12 0
1 21 49 0
-60 -39 55 0
-58 22 -8 0
-62 17 63 0
61 -17 -22 0
-13 59 52 0
-45 -24 -10 0
-17 47 54 0
8 63 67 0
6 55 44 0
-19 -49 32 0
57 39 -10 0
56 -59 13 0
-37 -59 7 0
67 50 57 0
43 7 -53 0
6 50 58 0
61 -44 -35 0
-23 -40 -37 0
-61 66 -17 0
-42 60 34 0
1 21 -51 0
-46 14 -47 0
12 42 47 0
-50 43 25 0
-16 9 58 0
58 5 60 0
-2 -47 -38 0
4 53 44 0
-31 -57 38 0
-5 -61 -58 0
43 55 25 0
-53 -39 26 0
-28 -29 44 0
-5 9 2 0
20 59 -25 0
-36 21 43 0
-31 57 -34 0
21 -25 34 0
60 63 -64 0
-1 -35 -23 0
16 7 20 0
-37 42 -43 0
20 -35 -31 0
6 -55 -62 0
-33 65 50 0
-63 58 -59 0
41 -45 19 0
40 8 60 0
-9 -22 33 0
59 -49 55 0
53 16 -6 0
58 47 60 0
-41 -24 42 0
-30 9 62 0
-12 -44 45 0
-14 -64 4 0
48 -56 -36 0
38 -28 37 0
6 -37 16 0
-53 42 -41 0
28 -38 -49 0
43 54 20 0
56 39 66 0
35 -12 -39 0
53 51 -14 0
5 -2 -56 0
64 9 -8 0
20 17 23 0
-1 35 -36 0
65 66 39 0
-26 34 -38 0
-43 -65 -47 0
-32 -26 -48 0
37 -34 46 0
29 65 -11 0
-51 7 9 0
46 -10 25 0
-58 42 57 0
56 -24 67 0
14 -31 -58 0
-63 27 -40 0
-60 -40 -23 0
-20 -16 61 0
13 -4 -27 0
43 8 40 0
-63 -33 -65 0
56 -22 -33 0
-25 16 57 0
-47 7 -33 0
60 64 -22 0
-13 25 -61 0
29 -52 4 0
50 -19 64 0
-37 62 4 0
-46 30 -40 0
46 -13 22 0
-43 -9 50 0
-10 -50 -16 0
-24 58 46 0
51 17 5 0
10 -38 56 0
27 -39 -66 0
29 -52 64 0
31 -6 -47 0
41 56 37 0
-20 14 24 0
41 -55 -8 0
-12 3 -36 0
44 21 -48 0
-22 25 47 0
-3 -17 -36 0
-54 -13 36 0
51 -37 -64 0
-23 -20 -62 0
24 -19 -11 0
13 62 18 0
-56 28 -58 0
-31 62 -13 0
-44 -6 -58 0
-39 65 64 0
-28 -21 50 0
41 50 26 0
66 16 60 0
60 30 -2 0
-15 9 60 0
63 -4 -37 0
65 -27 24 0
-16 30 -22 0
38 -8 -23 0
-16 15 7 0
32 -38 -30 0
-16 45 -12 0
-34 64 12 0
-61 -53 -48 0
12 -52 -45 0
-38 -32 5 0
38 -50 -21 0
4 -46 -2 0
45 -9 34 0
-6 -52 -67 0
6 -67 27 0
38 -20 -17 0
43 -49 55 0
-47 29 7 0
-5 -50 -16 0
30 -19 -58 0
-3 -56 52 0
56 67 -37 0
-58 -66 -19 0
20 -53 34 0
-33 46 28 0
26 -9 -55 0
47 15 -2 0
47 50 30 0
37 4 28 0
22 24 40 0
-38 -29 -33 0
-29 -33 7 0
37 -67 -52 0
-32 -28 26 0
-24 -5 -40 0
2 1 43 0
-58 -44 -38 0
65 48 -37 0
5 -31 -9 0
-1 -63 -28 0
-31 -1 -46 0
28 44 -51 0
47 -10 -56 0
-40 8 42 0
45 -16 38 0
-41 -9 -18 0
-4 -27 -20 0
-58 3 -39 0
-50 -58 61 0
-34 58 3 0
-2 -15 -47 0
20 -16 24 0
-49 13 -4 0
2 34 -8 0
15 -65 -4 0
-39 36 -24 0
50 10 18 0
-9 -15 62 0
-39 -45 -34 0
10 24 -37 0
-15 31 -37 0
15 -59 4 0
55 -26 38 0
39 -8 -46 0
23 8 36 0
46 -53 9 0
25 57 -7 0
-29 -21 -7 0
11 59 40 0
-17 -67 39 0
-44 67 24 0
15 -24 5 0
-57 64 -27 0
-45 37 13 0
-34 -25 -7 0
-29 12 64 0
26 -19 33 0
-1 49 -25 0
-24 -37 -64 0
66 26 -52 0
-59 37 29 0
-48 -67 -58 0
-37 -5 -2 0
-25 65 -15 0
3 47 52 0
-28 62 24 0
13 -33 38 0
58 -6 -52 0
16 -63 -65 0
13 -41 -42 0
-45 -37 36 0
-25 19 -56 0
-27 -18 -34 0
-67 -57 60 0
9 -18 -66 0
53 54 62 0
62 51 -63 0
61 -16 -63 0
-2 -43 -53 0
-37 13 -39 0
63 -29 48 0
18 -60 -19 0
-9 -12 49 0
1 17 43 0
37 5 67 0
-55 6 -46 0
33 18 -57 0
-45 14 41 0
43 59 -56 0
40 -29 17 0
-50 -63 -21 0
50 19 53 0
-52 60 -66 0
22 36 -67 0
20 -17 52 0
-31 44 48 0
44 -56 39 0
-12 -21 -40 0
27 51 14 0
-34 48 23 0
4 56 15 0
43 -24 40 0
26 -39 -58 0
9 -4 -57 0
9 -28 38 0
-28 -51 41 0
16 -57 -52 0
