p 60 255
37 -54 4 0
13 3 -12 0
-8 29 38 0
45 41 -36 0
-53 3 -22 0
50 14 9 0
-35 40 -26 0
-11 -12 52 0
43 60 -5 0
-22 -38 31 0
-6 -27 -38 0
-22 -33 58 0
-37 -23 -17 0
-6 2 55 0
-46 41 13 0
-18 -12 14 0
-32 42 -1 0
46 60 -6 0
-25 -59 21 0
54 47 50 0
-18 46 -13 0
-32 -45 12 0
-29 33 1 0
33 55 -30 0
-20 53 -3 0
20 -4 -51 0
-46 27 -41 0
-8 -49 20 0
53 4 26 0
25 38 -41 0
37 -9 59 0
-27 -45 47 0
-17 -30 7 0
35 -22 59 0
40 32 -13 0
57 -19 -13 0
20 -18 -23 0
1 28 -32 0
-54 -49 28 0
54 58 -30 0
37 50 42 0
48 -57 54 0
-39 -31 55 0
52 -27 -40 0
34 15 -51 0
-5 11 -33 0
-58 -60 11 0
57 -11 -60 0
35 57 56 0
-32 46 8 0
32 33 -14 0
-30 -54 -46 0
-51 -49 35 0
-40 21 35 0
-49 -13 -8 0
53 -39 -47 0
-47 -56 -41 0
-38 -29 14 0
-41 -38 -23 0
18 36 -14 0
-26 57 -22 0
-6 -44 3 0
59 3 -54 0
-7 18 46 0
-26 -18 -2 0
7 18 -21 0
-18 12 10 0
-16 8 -47 0
-21 11 9 0
56 -27 -30 0
35 -18 -10 0
-41 46 -39 0
54 41 18 0
-43 47 -59 0
22 27 29 0
-51 -5 -33 0
-4 -31 -7 0
-33 40 -1 0
42 -45 -28 0
57 -38 -44 0
-38 -11 -5 0
-31 39 2 0
-49 51 -25 0
-43 -35 42 0
19 56 37 0
12 -9 14 0
-39 47 50 0
48 -59 -33 0
-11 -25 -12 0
5 19 2 0
-18 26 30 0
-16 17 59 0
-55 28 51 0
47 58 11 0
-13 -24 -28 0
-19 -18 32 0
-42 15 -2 0
-47 26 -27 0
49 -11 -16 0
-20 34 -30 0
2 -42 5 0
-26 58 -8 0
8 31 -36 0
26 -59 -58 0
-42 -36 -8 0
-58 -7 -12 0
15 -53 -28 0
6 45 -1 0
-43 18 -6 0
-6 40 26 0
38 17 -35 0
-7 11 -22 0
-20 -26 6 0
43 59 -40 0
55 -30 -7 0
51 -19 -21 0
-4 -58 -15 0
17 -43 58 0
6 -34 -32 0
11 4 55 0
-20 -35 19 0
-35 11 45 0
49 -16 -42 0
-39 60 45 0
21 18 26 0
20 3 47 0
-41 -23 -2 0
45 8 -9 0
32 31 5 0
-49 -36 48 0
58 -15 -39 0
-21 1 -41 0
-4 49 -10 0
12 -34 -25 0
-45 -14 -10 0
-15 -29 52 0
20 -18 -29 0
49 56 -32 0
59 35 45 0
25 -52 24 0
-21 33 54 0
-8 54 -9 0
15 24 1 0
8 -51 3 0
37 43 -27 0
41 13 -39 0
45 -28 -31 0
-4 44 -1 0
-36 -50 -6 0
47 -1 58 0
31 47 19 0
-45 -60 18 0
27 -46 -53 0
-19 -60 16 0
50 -4 -55 0
-8 -37 -25 0
55 33 -46 0
41 -48 35 0
12 -7 -31 0
43 -19 -51 0
-3 43 27 0
-37 -8 52 0
40 53 60 0
44 -52 30 0
34 -16 -22 0
55 -30 32 0
13 -29 -1 0
6 43 47 0
-45 41 -57 0
-36 -27 -51 0
56 3 -28 0
-3 -16 42 0
-42 9 48 0
19 51 -60 0
57 -42 -5 0
-26 19 -33 0
-18 -55 12 0
-42 -57 25 0
54 -27 -31 0
-13 44 9 0
52 -2 33 0
-28 60 6 0
26 52 -9 0
-47 -52 25 0
-16 23 28 0
42 41 -58 0
-15 55 -2 0
51 47 -11 0
-25 30 15 0
-36 41 32 0
-42 37 17 0
-56 34 25 0
-9 58 -37 0
-11 -22 45 0
1 -8 -38 0
-51 -4 55 0
37 -42 43 0
28 -12 -7 0
-6 -43 18 0
50 32 -56 0
57 8 4 0
-13 43 19 0
-33 -32 -5 0
56 -47 -25 0
19 32 25 0
-54 -4 -49 0
52 -22 -4 0
53 -30 -39 0
20 15 37 0
-1 37 17 0
-35 -18 5 0
-34 5 26 0
-22 -27 -16 0
41 -16 -33 0
-30 -6 7 0
-50 34 59 0
-42 -29 -28 0
46 28 -45 0
37 -50 -44 0
10 16 -38 0
-23 2 -57 0
-2 53 -44 0
49 -18 59 0
-16 3 -44 0
-49 30 -18 0
-21 58 33 0
30 -46 2 0
50 -38 20 0
3 -24 -20 0
-39 54 -5 0
-51 31 34 0
-5 -18 15 0
18 10 39 0
-42 60 -33 0
45 30 53 0
39 -20 -58 0
54 -5 13 0
29 24 -16 0
-15 29 -10 0
-49 -2 -41 0
-7 35 -54 0
-24 47 2 0
12 -14 54 0
24 11 52 0
-6 35 41 0
7 4 -39 0
41 -33 55 0
27 35 9 0
-7 31 56 0
33 -37 -34 0
-4 -44 -46 0
19 8 -30 0
-38 -46 53 0
1 -33 -56 0
-24 42 21 0
