p 82 349
-51 -42 -5 0
-14 -61 -2 0
-54 70 63 0
11 15 81 0
-61 -77 -62 0
-25 80 -49 0
-1 3 -20 0
-5 62 -19 0
-59 71 32 0
-12 -7 -57 0
-44 -48 72 0
40 56 55 0
-69 31 66 0
16 48 -23 0
-56 9 63 0
21 -33 -30 0
-22 69 44 0
-51 -73 -42 0
79 -24 75 0
57 -23 -47 0
-33 -6 82 0
64 21 5 0
52 10 -41 0
64 60 30 0
74 33 62 0
56 -46 -45 0
-21 -33 10 0
-61 -79 37 0
-20 4 79 0
-46 -72 -5 0
-70 -56 66 0
-30 47 -43 0
56 -11 -41 0
57 -52 -61 0
-21 -27 -78 0
-53 31 -20 0
-8 50 58 0
42 27 36 0
34 24 59 0
62 66 68 0
-22 6 71 0
-26 48 -66 0
-22 26 4 0
-50 -12 37 0
-5 58 -22 0
36 -51 -19 0
-79 62 81 0
33 -81 16 0
61 -75 -58 0
81 -60 23 0
19 70 -67 0
26 -55 44 0
-56 23 -46 0
42 -19 -5 0
68 2 -50 0
69 -12 -4 0
-52 74 36 0
63 -73 82 0
5 -41 37 0
-66 -10 38 0
-29 66 40 0
19 -33 -68 0
-69 76 26 0
47 -5 52 0
22 77 -70 0
63 -23 -71 0
39 9 -33 0
69 73 -37 0
-18 -35 -37 0
18 8 80 0
-55 -30 24 0
-12 -54 47 0
-24 72 35 0
17 -50 -1 0
76 -56 -51 0
45 -26 -70 0
61 81 23 0
43 70 47 0
-31 80 -39 0
-34 19 50 0
32 57 -29 0
-75 29 45 0
2 61 -38 0
71 82 -22 0
-72 75 62 0
-40 59 13 0
53 -25 24 0
51 53 -37 0
21 57 70 0
-31 -2 -74 0
-7 56 12 0
-73 32 -53 0
-41 -34 -24 0
8 -63 -17 0
17 -25 44 0
73 70 29 0
-44 76 68 0
-7 66 71 0
63 -64 71 0
79 43 -21 0
-49 -14 -56 0
14 -40 12 0
-43 -20 28 0
-15 -6 -59 0
19 28 -39 0
51 41 -12 0
-14 -35 75 0
18 44 -82 0
41 22 33 0
-45 74 -31 0
-14 82 30 0
21 69 23 0
-7 51 29 0
-39 -25 41 0
-35 -77 44 0
-5 3 -18 0
22 -24 65 0
-71 -52 18 0
52 29 27 0
75 -23 48 0
-64 -55 -23 0
-4 33 56 0
2 -52 48 0
-28 -3 77 0
-22 5 30 0
-31 -80 -47 0
-38 -14 -69 0
21 -4 67 0
32 -31 -80 0
-30 61 45 0
-23 6 2 0
8 -49 -64 0
-23 46 -2 0
-23 -67 -76 0
-21 24 -4 0
31 -34 56 0
-44 12 -79 0
-11 -74 -23 0
43 -60 40 0
51 -12 78 0
-71 -67 34 0
70 68 -64 0
-50 74 78 0
55 34 74 0
-46 6 -58 0
75 -4 43 0
-24 -9 -70 0
65 -23 -29 0
26 20 -17 0
-46 -82 71 0
-8 39 -15 0
34 -82 15 0
39 72 73 0
-53 -78 69 0
-11 -56 -57 0
-48 69 -3 0
14 13 -61 0
-59 12 -8 0
-41 -48 47 0
27 59 6 0
-78 -54 33 0
-26 -81 -16 0
-77 56 25 0
43 -28 -70 0
-9 -73 79 0
8 37 54 0
-52 -44 -64 0
66 49 -46 0
18 -67 53 0
-41 -61 37 0
81 61 -22 0
69 -16 19 0
-74 23 -48 0
71 -21 19 0
14 23 -31 0
-66 -44 -9 0
21 -28 -40 0
-26 -52 22 0
15 -67 -16 0
-62 -76 36 0
22 -36 52 0
-82 19 -58 0
80 -44 33 0
-31 3 59 0
-60 -81 -74 0
-56 -69 -60 0
58 73 3 0
-17 65 -77 0
31 50 -27 0
44 -49 -8 0
-47 11 -70 0
-59 -66 -30 0
-69 -65 17 0
74 80 -42 0
-74 30 5 0
28 11 -46 0
72 32 63 0
-23 2 -17 0
-26 -18 9 0
-57 -48 74 0
-36 -30 41 0
34 50 -42 0
62 1 -82 0
-46 -42 -14 0
70 -68 -43 0
56 79 -12 0
-63 36 14 0
-45 -64 68 0
63 -79 -34 0
40 58 -34 0
-56 71 69 0
-19 -27 -24 0
-60 59 24 0
8 -67 -53 0
40 -15 -55 0
78 -13 53 0
-18 -9 -78 0
-26 -52 -16 0
51 20 -9 0
-37 16 69 0
-59 35 8 0
-34 -26 73 0
29 -75 82 0
70 -12 75 0
35 -66 -24 0
-74 63 22 0
-37 58 -51 0
39 -28 -53 0
38 5 -26 0
-41 -18 -77 0
-46 2 -44 0
73 -31 6 0
-66 46 13 0
-33 -28 -71 0
6 -22 66 0
67 75 33 0
8 -30 71 0
-45 7 27 0
15 -44 79 0
-62 -73 -42 0
-35 -82 65 0
-53 -41 -13 0
-57 -68 59 0
-61 -20 74 0
-50 -13 -53 0
-45 65 39 0
24 -54 45 0
-73 18 -19 0
52 41 -71 0
50 -41 -59 0
75 8 82 0
-66 77 -71 0
-24 -62 -58 0
11 8 -29 0
-50 -48 -43 0
-42 3 -28 0
-60 56 57 0
-82 47 40 0
10 50 36 0
-35 75 64 0
-12 -15 -28 0
-30 -59 65 0
-55 23 47 0
30 26 54 0
-12 11 -10 0
74 69 -6 0
-45 11 -77 0
45 61 -40 0
-59 -18 70 0
-76 26 -63 0
51 -32 2 0
-27 76 23 0
-5 72 26 0
20 63 -45 0
-33 -31 -55 0
-5 -31 -76 0
73 17 -63 0
-36 -79 44 0
29 9 37 0
-77 62 10 0
35 2 -61 0
3 -34 -59 0
-48 -4 68 0
-63 -11 77 0
5 -35 31 0
-37 21 5 0
-67 -17 -45 0
-57 -80 79 0
-79 54 28 0
-8 41 60 0
-59 10 38 0
-72 -67 5 0
43 69 20 0
-45 77 50 0
28 40 63 0
-66 -4 -19 0
-40 69 64 0
-37 -42 -3 0
6 33 -75 0
15 -76 -48 0
-30 54 -22 0
25 -52 -7 0
-2 29 -30 0
40 59 -29 0
-61 50 -45 0
-47 70 81 0
-61 -22 42 0
-78 14 6 0
-24 58 -15 0
75 69 77 0
-24 42 -74 0
-1 -5 72 0
50 -48 -66 0
53 -20 43 0
53 -26 -22 0
11 45 21 0
-76 16 68 0
39 -82 79 0
49 53 -57 0
22 -36 -8 0
-77 39 70 0
-50 -30 -75 0
-21 30 42 0
-60 41 -34 0
-17 -42 -38 0
-51 -61 -32 0
16 -76 -25 0
-36 -48 -29 0
60 -29 -58 0
-35 46 65 0
35 31 -74 0
62 -33 -21 0
57 44 -13 0
-46 27 29 0
55 25 -28 0
44 -42 24 0
24 -19 2 0
-19 22 32 0
-18 71 14 0
33 -66 78 0
64 -18 -58 0
-14 -27 -1 0
76 21 -53 0
-45 59 68 0
78 -41 -58 0
41 -3 -22 0
-10 -45 -79 0
-49 -23 77 0
62 48 17 0
