p 79 336
32 -22 13 0
47 -27 56 0
64 -4 -78 0
32 14 -67 0
25 -21 -65 0
32 -65 -8 0
-2 66 24 0
42 -8 16 0
49 -64 -62 0
-29 31 58 0
54 -33 -4 0
28 15 53 0
-41 -33 -14 0
-51 -70 60 0
-21 -4 20 0
-42 11 -63 0
45 -5 22 0
49 65 -60 0
51 -36 -3 0
52 47 46 0
-21 53 2 0
-59 -6 -3 0
-3 -78 -28 0
-43 -63 -79 0
77 66 -7 0
27 46 -67 0
70 59 54 0
-31 -79 -44 0
-9 7 56 0
-26 -63 -56 0
-12 -77 30 0
59 44 35 0
-12 14 39 0
46 -76 -43 0
-55 30 -34 0
53 -39 72 0
-55 6 4 0
44 60 13 0
67 -23 -16 0
24 -59 -12 0
31 77 -18 0
-57 -52 -64 0
61 -68 79 0
-53 -71 -6 0
58 29 23 0
20 -72 -54 0
50 -71 40 0
-73 53 -65 0
14 58 -5 0
13 -67 7 0
17 -23 37 0
67 -64 -58 0
-79 -15 -26 0
-39 -20 -15 0
-32 -52 53 0
24 -19 -79 0
65 -76 55 0
8 66 41 0
69 -35 -61 0
-54 -48 -50 0
66 -76 -39 0
-74 22 -63 0
-14 29 62 0
7 28 -63 0
-60 2 -70 0
-66 38 -58 0
-12 -55 10 0
-78 11 -73 0
-54 20 60 0
-69 -43 -64 0
-34 37 71 0
4 32 -50 0
-10 6 -79 0
-46 -52 -59 0
38 76 52 0
40 53 70 0
-1 -32 -78 0
67 46 -29 0
39 78 70 0
-60 -78 47 0
50 -52 -67 0
-42 68 39 0
55 36 27 0
-30 -48 14 0
42 -79 13 0
71 44 -70 0
14 64 -30 0
-38 78 50 0
41 -53 39 0
51 24 68 0
-47 10 -14 0
-56 -43 -52 0
41 31 -18 0
-66 -79 -46 0
-57 59 71 0
8 -3 -54 0
63 73 64 0
-52 -45 -40 0
-61 -54 -69 0
-22 26 -71 0
51 46 34 0
36 -46 -73 0
66 -9 -30 0
-36 37 15 0
-33 45 56 0
5 17 -55 0
-68 28 35 0
-68 -32 -64 0
-42 -24 -1 0
28 -44 -64 0
-68 28 33 0
-41 3 62 0
-56 60 61 0
-77 -62 12 0
-39 37 -70 0
-11 -64 66 0
-16 62 57 0
-55 34 -14 0
45 78 75 0
37 -4 -28 0
-8 44 32 0
-60 -74 -65 0
20 71 -57 0
-28 -62 -9 0
-15 -36 31 0
9 68 -54 0
-31 -18 -5 0
-41 -30 -76 0
32 -44 62 0
24 -59 -72 0
38 -65 -11 0
-71 49 -44 0
75 -50 30 0
-18 12 -73 0
-44 78 -56 0
18 -34 3 0
-73 -76 -5 0
-36 -53 -10 0
78 28 34 0
53 19 7 0
-1 59 71 0
-10 68 -13 0
15 -68 -45 0
3 62 22 0
-61 40 69 0
-27 5 19 0
-42 -30 -68 0
-10 -71 -39 0
59 -6 -28 0
17 -29 -42 0
15 -14 -26 0
32 -12 -28 0
-67 21 53 0
70 -28 2 0
-71 -28 53 0
43 -53 9 0
52 -67 71 0
79 3 -33 0
-12 11 -40 0
11 66 -42 0
22 -9 36 0
-68 34 -33 0
32 15 -49 0
-43 -18 -9 0
60 -51 -45 0
65 9 8 0
-60 -54 71 0
-36 -1 72 0
62 72 -32 0
-61 -62 -23 0
-44 4 -62 0
20 -64 -78 0
-37 32 -77 0
-8 -57 -16 0
23 -60 74 0
23 -63 16 0
-26 -13 46 0
-45 35 -65 0
-61 17 -9 0
6 -70 4 0
-44 79 14 0
-4 -23 7 0
55 -60 -73 0
24 -5 -47 0
-74 -63 14 0
-78 39 -75 0
-4 -54 -74 0
14 -55 -22 0
-57 -35 31 0
-17 -57 76 0
55 25 38 0
-46 19 37 0
48 61 -54 0
-63 -37 -54 0
-7 73 17 0
69 -29 -1 0
-28 50 -18 0
56 17 55 0
46 31 32 0
9 -3 48 0
56 -43 71 0
-47 68 38 0
44 30 -39 0
-18 66 -39 0
28 7 32 0
73 -50 -47 0
58 37 15 0
-61 -1 -39 0
-69 -79 1 0
-14 18 60 0
12 60 45 0
32 -14 -78 0
10 -9 -68 0
-19 15 37 0
22 39 58 0
-34 69 10 0
64 -37 -50 0
1 15 76 0
19 -77 -43 0
-32 66 -23 0
-19 33 -21 0
-45 73 40 0
-11 -73 -7 0
-41 -67 36 0
40 -11 78 0
-78 -13 -46 0
-36 -46 -29 0
6 -66 -34 0
55 -2 -9 0
22 -19 -71 0
24 -52 -35 0
49 59 -33 0
33 -63 53 0
34 -18 -22 0
-39 -11 70 0
-64 13 28 0
67 18 4 0
16 -29 34 0
-57 -15 21 0
-45 -27 -46 0
26 10 19 0
21 64 41 0
34 -20 36 0
-63 -71 -39 0
-44 55 9 0
37 61 -44 0
-40 -78 55 0
-16 6 -24 0
-59 79 -66 0
48 11 66 0
57 -71 1 0
-29 25 -55 0
27 34 -38 0
17 -5 2 0
28 -38 -64 0
-58 -7 -45 0
66 -24 -50 0
55 -41 61 0
49 32 -42 0
42 -58 -28 0
48 -29 52 0
-64 47 -2 0
7 57 70 0
63 -6 35 0
-36 40 57 0
-74 -75 41 0
-44 43 63 0
64 -72 4 0
-72 44 -62 0
-32 -71 -30 0
-72 69 -63 0
25 16 65 0
-30 -14 28 0
-20 -24 -22 0
-58 -33 63 0
-74 47 65 0
-7 -42 65 0
-72 -28 59 0
76 -5 -48 0
15 -56 72 0
20 -21 75 0
-58 -74 20 0
-66 71 1 0
78 -65 -34 0
28 -16 57 0
-16 22 6 0
-62 -65 -12 0
-2 44 54 0
51 2 39 0
34 18 -66 0
-17 13 -38 0
51 -38 -53 0
-9 -40 -56 0
39 -26 77 0
23 51 -65 0
33 47 -46 0
-38 32 67 0
58 -75 43 0
-23 -18 2 0
-69 -48 -3 0
2 -14 -66 0
17 61 -52 0
-43 -24 -62 0
32 -11 66 0
-21 50 -45 0
-71 42 -50 0
5 -27 24 0
34 -20 5 0
-50 62 17 0
-46 -17 45 0
39 -78 47 0
-27 -16 74 0
-11 -76 56 0
67 22 -29 0
79 -68 -51 0
-6 -1 21 0
54 68 42 0
-16 9 20 0
23 -75 56 0
-56 44 18 0
32 5 3 0
-61 -65 -37 0
19 52 41 0
76 32 72 0
-40 -76 74 0
-38 -51 2 0
56 -10 34 0
-26 68 -27 0
-39 -68 -3 0
-18 -40 74 0
68 54 -50 0
-44 62 -47 0
49 -59 46 0
-51 -35 64 0
-32 33 -21 0
-41 50 -29 0
