p 56 238
48 18 -38 0
-9 -28 48 0
-37 -1 -36 0
4 17 -51 0
-16 -49 -12 0
15 2 -38 0
-52 -47 4 0
42 -37 -4 0
17 52 -10 0
42 -34 -46 0
1 -11 17 0
-28 9 -38 0
-39 -12 -8 0
-16 26 48 0
-45 -17 -42 0
17 -16 -23 0
-25 -24 -19 0
-33 18 -56 0
55 12 51 0
-51 34 -25 0
22 -52 -41 0
-33 -40 17 0
-50 -7 14 0
53 -27 -5 0
46 -19 24 0
24 -16 11 0
38 -37 54 0
56 30 3 0
6 -21 -46 0
35 6 -48 0
-13 -9 33 0
-11 46 25 0
31 21 14 0
31 -51 -6 0
41 2 28 0
32 18 -15 0
-11 2 14 0
51 19 12 0
26 -9 -15 0
-48 28 5 0
56 6 -45 0
-32 12 43 0
41 -2 49 0
8 -19 -5 0
-8 -51 53 0
-8 -35 38 0
39 -32 3 0
4 40 52 0
-44 46 26 0
22 12 -5 0
-50 12 56 0
54 -7 -36 0
51 2 -11 0
52 3 39 0
1 -52 55 0
12 34 10 0
22 -14 4 0
-4 -55 2 0
22 43 -44 0
-6 -22 -14 0
-38 20 56 0
-20 -42 6 0
28 2 35 0
-34 36 -37 0
-20 44 -23 0
6 -41 -50 0
-14 1 -24 0
9 2 -48 0
7 -18 -40 0
10 -12 -1 0
55 -18 27 0
-23 -46 53 0
4 48 -45 0
-24 -17 -37 0
30 -8 -43 0
6 -29 22 0
-43 20 -13 0
45 3 -17 0
56 -38 16 0
-53 49 -3 0
45 -31 41 0
-26 45 40 0
42 20 53 0
-14 -16 -41 0
-53 8 29 0
8 -37 -6 0
34 2 -11 0
-35 42 31 0
16 -19 49 0
-1 -23 -28 0
-38 31 -26 0
28 -13 -16 0
24 -34 -52 0
38 -25 -44 0
-29 -13 -27 0
-10 -15 27 0
-51 48 56 0
-55 -26 -22 0
-15 26 19 0
-38 24 -10 0
-20 32 19 0
47 -6 37 0
12 -27 11 0
26 -4 -8 0
14 -38 -50 0
54 31 4 0
-20 -35 49 0
-50 49 28 0
-33 -45 -14 0
38 44 16 0
55 -56 46 0
52 37 32 0
-22 -43 -20 0
16 -46 -17 0
25 29 14 0
-18 56 -7 0
-55 29 -7 0
55 -11 2 0
-18 9 -53 0
32 -38 -8 0
52 -44 16 0
27 29 25 0
13 -3 -20 0
55 -1 -40 0
-36 -21 17 0
13 6 -12 0
-41 55 27 0
33 41 -14 0
25 -43 16 0
54 -16 -56 0
27 -45 2 0
33 36 16 0
-51 -30 -36 0
49 44 43 0
-26 52 -17 0
32 -15 37 0
4 9 52 0
43 -37 -25 0
35 -31 -14 0
11 39 25 0
-31 -37 29 0
-12 36 -33 0
17 14 28 0
32 -55 -44 0
-33 1 -31 0
49 39 38 0
-37 56 -13 0
23 -54 -51 0
-11 -21 18 0
-51 -22 -48 0
9 -1 -22 0
-33 39 -15 0
-17 -48 -31 0
-47 -32 34 0
-38 -23 -11 0
-11 -38 -26 0
6 18 44 0
-24 -49 30 0
29 16 -31 0
2 22 -19 0
2 37 50 0
29 -35 -6 0
-28 52 10 0
-25 -2 5 0
21 -29 24 0
-46 -54 48 0
36 46 -54 0
41 37 -36 0
-41 -38 31 0
45 -7 -20 0
14 31 -4 0
52 -19 53 0
35 -41 13 0
-36 35 52 0
23 14 32 0
14 41 -39 0
-14 22 -29 0
-25 -17 16 0
8 51 53 0
-7 35 -17 0
23 3 -14 0
-26 22 -39 0
-9 26 -14 0
-41 -34 -9 0
-26 6 -4 0
55 24 41 0
27 3 -20 0
16 32 2 0
3 -43 9 0
47 11 38 0
-49 -26 1 0
-16 13 56 0
34 26 -1 0
-14 -12 32 0
12 37 -20 0
-37 -1 56 0
47 1 14 0
-52 -53 -46 0
39 -55 6 0
-15 -55 -31 0
-42 12 11 0
27 -39 -20 0
-39 19 -32 0
34 -49 -32 0
-8 36 -26 0
-56 -11 -7 0
26 37 44 0
-30 -33 32 0
-15 48 50 0
29 -33 51 0
14 39 3 0
13 -27 -6 0
-43 40 -36 0
52 43 50 0
36 -39 31 0
47 -9 49 0
-47 39 56 0
-21 -31 49 0
-37 7 10 0
-33 52 -1 0
23 51 -9 0
3 37 -51 0
51 47 -48 0
-34 -20 -48 0
22 41 32 0
-42 -7 2 0
1 -11 -17 0
-6 39 38 0
-33 -10 -7 0
40 -16 41 0
2 -8 5 0
32 -50 -26 0
45 -39 -28 0
36 9 -34 0
-28 18 -5 0
-22 -35 20 0
31 53 -39 0
32 -49 -16 0
