p 77 328
-27 -25 54 0
-31 29 77 0
-52 22 -42 0
15 -67 -68 0
35 -37 3 0
4 75 19 0
9 -56 -17 0
-57 46 30 0
-1 57 68 0
63 77 -48 0
-17 -35 47 0
56 -50 72 0
-64 -38 -24 0
9 -69 11 0
-17 16 -61 0
-1 -29 7 0
62 21 -50 0
-5 10 -4 0
3 38 51 0
-73 28 -72 0
-46 52 -69 0
72 56 -68 0
-10 -38 34 0
74 44 29 0
-25 18 58 0
-67 -33 29 0
-54 3 -45 0
-1 34 23 0
-41 -37 50 0
-56 -73 75 0
2 48 -62 0
3 14 1 0
-56 9 -19 0
-47 -49 77 0
19 -60 -25 0
-4 -3 -41 0
40 16 75 0
-29 -20 -66 0
31 -76 27 0
-36 -50 3 0
-27 10 7 0
77 12 15 0
-62 3 -11 0
-32 -63 -72 0
19 -34 49 0
52 51 -48 0
-71 24 -6 0
-13 12 -14 0
-49 16 -7 0
-41 36 40 0
-48 13 -8 0
22 65 39 0
31 26 19 0
-17 -35 -33 0
74 -7 -21 0
30 -15 -40 0
-35 22 30 0
-72 47 -17 0
-52 72 3 0
-6 47 67 0
54 51 -67 0
-3 -33 49 0
-16 45 -44 0
-19 -18 34 0
73 6 -42 0
-16 -74 -44 0
23 -20 -40 0
26 32 -50 0
5 -13 -28 0
54 -14 23 0
49 2 -33 0
62 53 40 0
9 -11 51 0
-70 6 59 0
41 61 -8 0
-52 57 -1 0
74 25 -8 0
18 17 65 0
-11 -50 44 0
-65 -76 39 0
-57 -76 77 0
-67 -56 -14 0
-23 -22 5 0
72 1 31 0
57 61 -76 0
15 -12 -25 0
-46 -14 -18 0
-46 -73 -49 0
-41 -32 -1 0
-13 62 -49 0
33 -41 65 0
-66 24 -73 0
50 -67 47 0
-51 9 18 0
49 39 43 0
76 69 -66 0
52 60 65 0
-40 71 -8 0
21 -75 -20 0
-66 58 13 0
-19 -2 -27 0
6 73 -9 0
-4 -14 61 0
60 -4 -46 0
-69 72 20 0
76 -66 33 0
39 -66 -26 0
-32 -31 24 0
3 54 22 0
-40 -73 -48 0
-52 74 4 0
-52 5 -70 0
-12 -64 -52 0
11 -43 -13 0
-42 31 -72 0
-4 46 -26 0
-66 -68 12 0
8 -2 -36 0
-40 46 61 0
58 -39 -56 0
52 -6 -16 0
-63 -39 -8 0
27 -60 -41 0
38 -21 -71 0
-19 -12 37 0
-45 -11 61 0
-74 22 -11 0
-28 16 62 0
5 -20 7 0
-35 62 -45 0
-52 -38 71 0
22 -6 62 0
-36 54 -56 0
14 -12 -73 0
63 53 -68 0
60 -6 -15 0
73 36 3 0
22 77 -28 0
-36 22 -60 0
-8 -25 38 0
-12 6 -14 0
-65 35 59 0
17 45 -47 0
61 -36 -74 0
49 -35 -19 0
57 30 -74 0
4 -58 -13 0
25 -19 4 0
8 14 -1 0
67 -40 23 0
75 23 73 0
27 58 -5 0
-31 40 27 0
-25 45 62 0
-74 52 -50 0
-29 -30 51 0
25 67 22 0
-73 38 -29 0
66 48 -72 0
-20 -42 5 0
47 -71 3 0
70 -39 -19 0
76 -12 -59 0
-22 9 -69 0
-75 -12 -6 0
-30 -10 -16 0
22 19 1 0
45 -39 -71 0
31 72 -54 0
-64 -62 34 0
-47 31 36 0
66 11 73 0
66 74 57 0
-64 -6 1 0
-46 64 -57 0
-48 21 4 0
63 26 1 0
25 77 -18 0
69 -52 -11 0
-69 -49 -62 0
75 59 54 0
-13 22 -38 0
2 62 -1 0
37 -75 47 0
-13 64 -2 0
9 -22 6 0
-60 9 -12 0
-16 33 70 0
-68 -67 37 0
-61 -58 6 0
74 -40 18 0
-58 -59 75 0
-52 -56 4 0
45 41 54 0
76 73 -71 0
-3 -18 67 0
-26 -42 -43 0
-20 -5 -6 0
59 7 -21 0
25 -36 -18 0
-59 -10 28 0
49 -44 61 0
4 75 7 0
45 -8 58 0
71 -37 39 0
-34 -32 -12 0
63 27 31 0
72 30 -27 0
-42 -44 8 0
-54 -55 -9 0
67 -22 -71 0
8 44 6 0
33 36 66 0
43 25 -29 0
-61 66 31 0
-48 -61 -42 0
77 -15 25 0
-41 56 9 0
-29 -50 65 0
-70 -33 -28 0
-49 53 -36 0
-1 -22 -68 0
68 -49 17 0
-46 -33 27 0
-46 56 -54 0
-9 -28 -12 0
32 -3 46 0
-20 -51 4 0
14 64 -47 0
-7 -44 -46 0
-6 49 4 0
66 -72 -40 0
-16 38 -47 0
77 75 20 0
43 27 20 0
-29 -74 -25 0
-64 -3 -53 0
-27 52 -69 0
-27 66 -9 0
19 -60 -52 0
69 1 -8 0
67 49 47 0
66 54 71 0
53 -34 -7 0
-23 -55 -37 0
-3 -59 2 0
26 -45 -28 0
36 60 -63 0
-68 -42 70 0
-53 48 -54 0
52 -56 -18 0
50 -21 -40 0
1 -52 -69 0
-58 -60 65 0
70 -38 18 0
-10 -23 -13 0
-71 41 73 0
-67 7 60 0
41 51 13 0
-37 43 67 0
-30 73 1 0
62 2 53 0
-66 -29 34 0
-29 30 4 0
77 -16 -53 0
-54 -65 71 0
7 -16 1 0
56 -34 -71 0
-14 -44 64 0
15 13 73 0
7 -12 -77 0
-54 -68 17 0
23 38 -7 0
12 72 -1 0
48 60 77 0
2 35 -75 0
31 72 -55 0
-33 -35 5 0
-14 -26 33 0
-43 -28 17 0
55 -62 56 0
37 38 14 0
38 -12 -50 0
-22 -60 25 0
-17 67 63 0
57 29 -6 0
-62 64 -39 0
77 -12 24 0
8 -68 -66 0
5 -9 -23 0
-63 61 50 0
-66 57 -19 0
21 -53 -22 0
63 -64 40 0
-16 45 -12 0
-12 -13 46 0
2 -5 47 0
23 -7 47 0
-31 23 -41 0
40 66 -9 0
46 36 -9 0
1 -77 65 0
-55 50 27 0
69 11 54 0
-32 -55 43 0
-9 68 42 0
35 -18 -47 0
55 28 -39 0
-59 -57 4 0
-31 48 64 0
63 -10 -56 0
23 -33 5 0
38 21 10 0
-59 -64 -51 0
-18 60 1 0
-36 49 73 0
59 -14 -75 0
-62 38 -60 0
61 53 -26 0
-61 -22 6 0
-52 -40 -62 0
36 18 -29 0
-29 -44 -30 0
-22 -75 12 0
47 76 36 0
-70 -21 -44 0
-1 19 -10 0
-55 -22 -20 0
