p 69 293
-67 -17 -63 0
-6 -41 -63 0
62 -68 23 0
-42 46 37 0
13 44 14 0
-6 51 -4 0
-27 -9 49 0
34 -2 -33 0
1 50 52 0
44 43 -47 0
-7 -56 51 0
9 -26 -16 0
-50 -7 -28 0
-2 16 41 0
-52 -34 39 0
41 43 48 0
36 16 20 0
-57 9 36 0
-29 -55 37 0
-12 27 58 0
47 17 -25 0
51 9 64 0
-61 44 -3 0
61 44 32 0
-5 17 -43 0
-45 -20 34 0
-58 -30 -67 0
-56 -3 -25 0
-12 66 36 0
43 49 -51 0
-13 46 -55 0
68 16 -8 0
16 10 69 0
26 8 65 0
46 -5 33 0
43 57 65 0
58 -49 -4 0
28 -60 9 0
-52 -7 63 0
-2 37 1 0
54 -22 46 0
-35 22 57 0
9 46 -27 0
-15 57 -44 0
-25 -49 69 0
-51 6 -54 0
-35 -28 -25 0
49 -1 -39 0
-22 39 10 0
-36 67 69 0
36 27 58 0
10 -50 -32 0
-5 -38 13 0
-38 27 -25 0
-7 53 63 0
-15 46 55 0
63 55 42 0
-9 10 -67 0
-52 -14 19 0
-32 -46 -11 0
-20 -60 -11 0
29 69 -48 0
-3 -26 46 0
-5 -7 2 0
-27 -25 -14 0
-60 -43 -68 0
-20 -51 38 0
-51 1 7 0
-52 -5 -59 0
-8 53 -36 0
13 -5 2 0
-25 -58 53 0
-37 11 69 0
68 -57 -21 0
24 -11 -39 0
53 60 -11 0
48 -4 49 0
20 -41 50 0
-25 -22 -66 0
-52 -33 10 0
43 19 1 0
-59 -60 16 0
-7 -65 6 0
-47 -23 1 0
-13 15 27 0
31 48 -29 0
-9 -64 18 0
-61 64 -69 0
-47 -64 -21 0
5 -2 -60 0
32 65 48 0
41 16 -59 0
67 -48 -38 0
-32 21 -36 0
-30 66 22 0
-68 -62 -44 0
-33 -51 -53 0
-2 55 28 0
50 -32 43 0
-40 19 65 0
-16 36 -10 0
-27 54 19 0
-12 -28 -18 0
21 16 -63 0
14 15 -44 0
-11 -29 1 0
-32 61 -49 0
-66 12 39 0
-43 57 -8 0
-60 32 66 0
-66 -5 -54 0
25 -50 57 0
-37 66 -64 0
-58 -64 59 0
-43 26 -24 0
67 -51 50 0
40 42 -60 0
8 56 -13 0
-41 31 -6 0
11 -42 59 0
-8 10 37 0
25 -14 22 0
11 -33 -39 0
60 -5 39 0
5 -39 -30 0
2 -43 35 0
-45 42 -60 0
-38 -45 20 0
13 -69 -60 0
-58 61 6 0
-44 -22 13 0
56 -10 -16 0
68 63 -27 0
60 8 -58 0
36 -52 29 0
-40 -26 63 0
58 -24 -43 0
-8 -11 38 0
57 32 -34 0
-66 67 45 0
-44 16 34 0
-35 42 47 0
41 -37 42 0
-10 66 58 0
47 -59 -38 0
26 -28 56 0
11 17 14 0
60 -41 27 0
12 -25 14 0
22 58 -25 0
67 63 33 0
-58 48 -65 0
-48 2 37 0
-57 -67 -38 0
-50 -36 5 0
-60 -45 22 0
-50 53 57 0
7 9 65 0
-31 48 36 0
-40 -46 23 0
-56 16 -12 0
62 4 -10 0
30 -63 45 0
-59 -22 -55 0
-54 50 53 0
21 -51 -35 0
29 -30 67 0
-25 -5 36 0
53 -68 39 0
11 -9 14 0
9 12 -16 0
48 28 -24 0
60 3 53 0
2 -21 -18 0
-7 -4 -58 0
12 41 43 0
-15 -50 67 0
7 39 27 0
-25 -58 39 0
-47 -32 50 0
4 10 7 0
-14 -3 50 0
-21 23 -6 0
58 55 49 0
43 62 -40 0
29 -17 45 0
39 42 67 0
13 -58 5 0
-45 31 60 0
-52 -58 -26 0
-15 -49 -59 0
-13 -65 6 0
-51 -40 42 0
-37 -5 24 0
-25 50 -4 0
-53 -64 -21 0
-67 -29 19 0
-54 58 42 0
23 50 -25 0
-39 35 57 0
59 -28 25 0
13 -53 -56 0
-46 57 10 0
18 64 -39 0
-68 -56 -8 0
15 -47 58 0
27 58 -6 0
15 12 -34 0
21 49 -69 0
-52 23 -11 0
-58 -49 -19 0
-10 -28 52 0
-37 -40 5 0
-67 -5 66 0
33 51 38 0
-53 48 21 0
1 9 65 0
-33 -22 13 0
-41 -63 61 0
-66 -45 19 0
-31 -50 -1 0
40 29 7 0
-24 -50 17 0
30 -28 11 0
-41 57 -54 0
1 39 67 0
-61 -36 -1 0
-59 -28 66 0
-67 -48 66 0
-17 43 64 0
34 42 17 0
-4 -67 59 0
44 7 -61 0
10 41 45 0
-59 26 -24 0
-20 7 21 0
43 23 20 0
-61 37 -11 0
-25 -56 35 0
-29 -37 15 0
-23 -9 -41 0
23 36 59 0
31 20 -30 0
-62 41 16 0
-45 -15 -66 0
-51 -16 -12 0
-18 -43 37 0
8 39 41 0
36 -57 -35 0
41 -17 29 0
16 51 63 0
-57 17 -21 0
52 -39 65 0
-28 56 -61 0
42 -12 44 0
36 12 60 0
8 -14 -67 0
24 18 -55 0
-5 15 55 0
9 20 -68 0
59 -53 -8 0
24 -23 10 0
2 -62 -48 0
-64 -38 -6 0
58 -25 -15 0
9 -14 -29 0
46 62 42 0
1 58 -19 0
22 35 4 0
51 -37 68 0
-10 -61 26 0
64 -62 -2 0
-38 35 9 0
-46 17 -53 0
-67 -50 44 0
21 60 -51 0
-32 61 24 0
-38 -16 59 0
-47 -23 -68 0
-24 36 -49 0
-66 22 51 0
47 -3 18 0
-26 -12 1 0
-12 -15 -69 0
30 -37 -7 0
32 29 -59 0
62 20 61 0
-8 -35 61 0
-69 4 -23 0
18 -41 55 0
-15 28 64 0
-25 -12 -31 0
10 -5 -68 0
