p 43 183
-43 7 16 0
17 -42 -1 0
27 5 16 0
-16 -28 -23 0
21 17 9 0
4 -1 -27 0
-4 -42 38 0
17 -6 18 0
-38 -26 -12 0
-39 18 -10 0
-35 -13 37 0
12 27 22 0
1 -31 38 0
-25 -33 -42 0
42 4 -27 0
13 -40 3 0
37 -3 -15 0
10 -5 -23 0
13 42 -9 0
-13 33 28 0
35 -9 -34 0
2 13 -31 0
-31 42 9 0
29 25 -19 0
-12 35 1 0
34 37 -11 0
-25 39 -1 0
-11 -10 -20 0
13 -9 -42 0
-33 22 15 0
20 41 4 0
-13 19 4 0
-23 -16 -29 0
-10 -16 -18 0
-28 34 36 0
12 11 -20 0
6 -2 -15 0
28 32 8 0
13 15 17 0
16 23 10 0
-1 34 9 0
-30 -6 -21 0
36 23 -33 0
32 -27 -24 0
26 35 -28 0
-30 24 -26 0
7 -11 14 0
-39 2 -18 0
-32 25 14 0
19 3 -20 0
3 37 -16 0
-7 -29 -27 0
-13 4 -34 0
-39 17 -22 0
2 1 -14 0
-37 33 32 0
-10 28 9 0
9 3 -30 0
-27 42 40 0
40 -7 -16 0
25 -10 6 0
-5 -30 22 0
3 9 -30 0
36 41 -31 0
-20 34 -39 0
3 -29 36 0
5 27 -39 0
2 21 -36 0
-1 11 43 0
-10 16 34 0
7 40 39 0
-21 -43 1 0
-20 17 -25 0
-13 39 2 0
-29 42 8 0
-31 -40 3 0
-26 -5 -22 0
1 38 -5 0
-11 16 34 0
-28 -34 -35 0
35 2 9 0
-4 19 42 0
37 -14 -39 0
-9 -32 27 0
-29 14 13 0
4 -3 31 0
-34 -19 15 0
23 -11 43 0
20 -5 -24 0
-8 -9 -29 0
1 -32 30 0
-4 -16 39 0
30 -39 -24 0
-25 32 6 0
30 -19 38 0
39 -2 32 0
-39 31 8 0
20 13 -11 0
-25 19 -33 0
-28 8 -9 0
40 42 -39 0
29 21 -17 0
-13 -6 14 0
27 -36 -10 0
-33 -4 38 0
-9 -4 -38 0
-18 -23 34 0
19 -35 11 0
-2 -39 38 0
32 5 27 0
-43 18 34 0
12 1 -26 0
33 -21 -12 0
-9 -8 3 0
-30 -11 -14 0
-40 -8 -34 0
36 28 5 0
-39 -38 -1 0
40 15 29 0
-41 32 -42 0
6 -31 19 0
3 33 42 0
15 -17 -22 0
-24 18 43 0
29 23 1 0
-36 24 15 0
30 -15 -36 0
14 -17 2 0
-4 -41 -40 0
-4 -12 26 0
40 -22 -7 0
39 -19 12 0
39 34 -7 0
33 -34 -23 0
35 12 1 0
-37 29 -35 0
20 -1 -37 0
10 -11 -15 0
-9 -3 -32 0
33 -27 36 0
19 31 41 0
-38 -30 -13 0
23 -3 42 0
-4 -16 20 0
-10 15 41 0
2 14 10 0
-16 -9 -8 0
-7 38 8 0
28 41 5 0
17 -30 9 0
3 6 -24 0
3 29 16 0
-23 22 10 0
-5 -38 -20 0
31 -29 43 0
5 -29 -33 0
-25 28 23 0
-10 -23 -22 0
17 1 29 0
33 28 18 0
27 -10 22 0
-32 14 8 0
-35 -43 -38 0
5 7 -11 0
25 -17 -20 0
42 2 16 0
8 43 23 0
-12 -18 -19 0
-2 -15 -35 0
-5 -4 20 0
-28 8 -35 0
11 3 14 0
-23 32 39 0
11 4 13 0
11 18 -15 0
26 13 -4 0
-25 14 15 0
36 29 -35 0
18 5 -25 0
8 27 -12 0
-7 18 -30 0
-14 39 15 0
-41 -7 15 0
