p 87 370
11 -26 -69 0
25 -11 -80 0
32 -23 -12 0
-84 77 14 0
36 10 45 0
-24 -53 -34 0
-45 -78 -44 0
6 8 14 0
70 48 -11 0
-24 68 -83 0
-79 77 38 0
69 -10 47 0
75 61 -45 0
-33 34 6 0
-7 2 -21 0
66 -72 -51 0
28 60 -57 0
14 19 64 0
15 -87 1 0
70 -13 -18 0
-83 -77 58 0
28 -36 63 0
46 -26 -47 0
83 -72 -50 0
-61 -68 44 0
-72 46 1 0
84 81 -87 0
53 -25 65 0
49 19 -3 0
49 -41 -74 0
-76 47 -62 0
64 22 40 0
-14 -76 53 0
-13 -37 17 0
50 25 77 0
14 82 -1 0
83 -78 84 0
-87 -78 -68 0
22 -66 70 0
80 67 50 0
71 36 -81 0
73 61 71 0
42 26 25 0
-85 -79 53 0
27 43 80 0
18 -84 70 0
-61 42 -65 0
43 -42 -50 0
-74 -67 -16 0
-37 -3 55 0
82 -29 46 0
56 -75 -60 0
3 -70 -23 0
-45 -9 -61 0
73 -4 47 0
47 20 56 0
-40 -72 -13 0
43 -32 -25 0
61 -43 -54 0
-25 -67 46 0
70 47 34 0
-76 27 -21 0
32 -57 -76 0
-38 48 47 0
-24 -10 59 0
29 60 -25 0
75 6 66 0
59 40 57 0
19 87 25 0
-28 40 71 0
-66 44 -6 0
39 23 27 0
81 59 -61 0
-55 27 75 0
82 -25 -78 0
-73 -49 24 0
72 -67 79 0
62 66 50 0
28 -64 7 0
-53 -79 -26 0
-15 -70 -32 0
-53 -82 -54 0
-15 -11 -58 0
-62 29 -81 0
3 80 7 0
73 67 -12 0
9 -61 -2 0
17 53 -51 0
-1 43 -40 0
-19 34 -20 0
-22 -84 -75 0
22 44 6 0
55 79 80 0
2 46 -87 0
-22 -67 36 0
70 24 -7 0
-55 -59 66 0
54 43 26 0
-87 45 58 0
73 78 -8 0
26 -44 74 0
-83 -18 -44 0
-24 50 7 0
-35 81 -28 0
15 -63 -3 0
-84 39 17 0
40 -63 -48 0
47 87 -43 0
79 53 51 0
2 37 -9 0
-85 72 74 0
-25 80 49 0
70 3 13 0
-65 -55 -54 0
20 51 29 0
54 11 58 0
34 -7 62 0
4 -58 8 0
-55 32 -75 0
20 27 -55 0
-75 -69 14 0
26 -67 28 0
7 -17 -81 0
85 3 -68 0
-4 -29 55 0
-58 78 -9 0
-79 -58 71 0
51 -44 29 0
-66 -69 22 0
47 -64 63 0
26 -70 -16 0
-45 23 -86 0
8 -30 47 0
-15 -21 -27 0
14 -65 -40 0
-50 51 30 0
73 56 -3 0
55 -32 81 0
57 -80 51 0
-71 32 12 0
-70 -78 -3 0
76 54 39 0
-22 -18 54 0
-29 55 -59 0
39 -4 -64 0
-15 -44 46 0
-18 -21 1 0
83 18 -57 0
-56 -45 -34 0
-51 61 -4 0
-23 43 -73 0
-18 49 76 0
53 -38 -48 0
44 17 -84 0
29 -20 -79 0
10 -71 -29 0
-66 -13 19 0
-79 -54 -74 0
34 -7 65 0
-14 22 -48 0
32 -81 -28 0
-41 20 39 0
-29 39 -5 0
53 37 -28 0
-10 3 -7 0
-46 82 9 0
37 -61 -2 0
-31 -8 -18 0
-21 -86 -6 0
17 34 21 0
29 -17 -27 0
-12 67 32 0
-38 -73 -52 0
-4 -6 38 0
87 70 -81 0
44 7 -82 0
71 -15 -2 0
33 22 -74 0
-35 -21 -39 0
-31 23 70 0
-64 61 80 0
-87 59 31 0
-14 26 34 0
-15 21 -47 0
38 40 -9 0
18 43 -77 0
49 38 4 0
67 -81 -47 0
11 58 33 0
-28 35 79 0
79 -25 -41 0
18 -74 -33 0
2 -6 -21 0
78 50 -68 0
21 -30 57 0
62 -17 -85 0
-5 -76 84 0
-80 78 -87 0
12 -65 -76 0
17 -48 9 0
-51 49 2 0
-70 -37 -3 0
65 30 74 0
22 19 -77 0
-44 67 7 0
-48 -20 -70 0
13 80 -47 0
-38 -56 23 0
28 19 22 0
-62 -79 -61 0
-80 -17 -31 0
-63 -64 73 0
-73 -6 68 0
28 25 40 0
25 8 -30 0
82 -81 -49 0
-34 37 -63 0
-85 -21 -10 0
-22 23 69 0
-15 35 62 0
39 -2 83 0
-46 65 15 0
-44 68 37 0
11 24 -40 0
20 -59 14 0
-27 82 -6 0
-55 -4 -84 0
-80 59 62 0
45 47 -2 0
-38 -10 -23 0
22 65 -52 0
-6 36 -32 0
-52 -33 -13 0
-17 -53 73 0
86 -78 -49 0
62 47 58 0
-68 -47 10 0
67 23 47 0
-67 12 -55 0
-66 -1 -77 0
86 48 11 0
34 -79 -57 0
1 81 -48 0
-60 -18 -51 0
-17 -79 8 0
-61 -40 -4 0
-40 63 -77 0
43 -38 83 0
19 -3 -41 0
-40 -13 -74 0
15 10 79 0
-11 -78 -45 0
80 -37 75 0
-37 -36 14 0
84 -50 -15 0
-1 21 26 0
-51 -20 -60 0
-75 -26 -73 0
64 82 -9 0
76 -30 49 0
83 45 -32 0
8 -61 -9 0
13 -54 8 0
48 39 -27 0
4 -24 55 0
37 -16 49 0
-55 68 7 0
77 21 -27 0
-24 69 54 0
10 75 84 0
73 44 -48 0
-81 -75 82 0
-60 -6 7 0
5 28 18 0
11 83 21 0
18 -69 48 0
72 27 -4 0
39 -62 -87 0
53 -3 29 0
20 44 -21 0
15 27 57 0
-34 27 77 0
24 -52 4 0
-75 17 -4 0
-20 -57 -82 0
81 3 46 0
77 5 70 0
-73 -37 32 0
-7 -11 40 0
47 39 -54 0
-23 16 67 0
29 69 5 0
-62 -22 74 0
-20 3 -62 0
-64 39 -43 0
32 14 34 0
-13 -47 -10 0
-69 -81 -50 0
-7 69 -48 0
-29 67 -6 0
44 -13 81 0
-45 67 -10 0
29 26 -34 0
14 -28 57 0
-15 -7 3 0
25 -19 -40 0
-72 -11 -36 0
36 -44 -19 0
54 -83 -76 0
51 77 -1 0
43 17 10 0
31 -49 61 0
-73 -29 -75 0
72 -21 44 0
-9 -67 -61 0
-61 -50 15 0
-67 6 -37 0
-82 -62 71 0
-55 54 59 0
-37 2 -25 0
-62 73 -55 0
-55 -64 71 0
6 -12 2 0
77 -50 59 0
-33 -74 -31 0
-58 43 -8 0
13 -74 -59 0
52 -60 -80 0
38 -40 29 0
-34 -46 38 0
-50 71 85 0
16 -35 4 0
-26 53 85 0
-45 8 -31 0
11 34 84 0
-13 33 -32 0
-75 -73 65 0
79 -16 -48 0
-8 15 -2 0
-22 -45 82 0
-69 73 76 0
22 -83 18 0
26 -56 76 0
-59 78 56 0
85 27 60 0
-18 -22 -3 0
-26 -68 21 0
-71 12 -74 0
-14 55 42 0
47 -85 22 0
-15 -14 6 0
35 61 -79 0
4 6 13 0
-87 -64 53 0
-67 -6 -74 0
-38 11 -80 0
50 52 55 0
8 -66 11 0
-79 -42 -54 0
-60 -48 -59 0
-73 -5 50 0
66 -7 10 0
-72 -47 -31 0
10 -75 -18 0
-56 -32 34 0
73 66 -17 0
12 22 8 0
-35 40 75 0
-53 5 -43 0
-62 -60 -49 0
