p 57 242
56 -27 46 0
-18 27 17 0
-9 1 -51 0
47 -29 57 0
52 45 41 0
32 11 -16 0
48 55 8 0
-26 42 56 0
11 2 30 0
16 24 -28 0
53 -25 -10 0
-1 -15 3 0
-34 -43 -55 0
55 -33 35 0
36 -18 -27 0
-41 -45 -28 0
-33 -36 -24 0
51 -13 54 0
16 38 -46 0
-3 30 -39 0
-9 -27 -15 0
-12 -32 19 0
-42 31 10 0
-3 -53 -30 0
-21 -45 -23 0
43 -5 1 0
10 -41 20 0
-50 -55 21 0
37 -21 -25 0
-39 46 -9 0
3 43 -16 0
45 -40 -57 0
37 -3 -41 0
26 -24 50 0
43 49 18 0
-40 -36 -39 0
48 -35 -29 0
17 16 40 0
11 50 3 0
32 -20 -49 0
18 28 -5 0
-26 -46 -13 0
20 -6 -5 0
-47 25 50 0
-57 -24 34 0
16 -39 26 0
-37 9 19 0
-56 -7 -53 0
-30 43 55 0
28 -56 23 0
54 -15 7 0
-56 47 11 0
-43 31 -12 0
-51 37 -24 0
-33 4 -56 0
-56 -5 44 0
56 -55 -38 0
10 31 25 0
5 37 22 0
-55 56 26 0
-2 -9 -47 0
-48 -31 -50 0
-6 -56 -7 0
-43 -32 -10 0
-9 46 -3 0
34 -8 27 0
33 7 47 0
25 6 -5 0
32 -36 30 0
-9 12 51 0
-8 18 -26 0
38 51 56 0
11 29 -38 0
-51 18 -45 0
45 -4 25 0
5 27 -18 0
-50 -14 -38 0
-50 28 -47 0
-17 22 -25 0
22 -17 39 0
-28 52 34 0
-9 46 -13 0
-35 -17 -48 0
-51 -18 32 0
26 -9 -51 0
-24 52 1 0
-57 50 37 0
7 -45 -30 0
6 47 -17 0
53 11 17 0
-33 -20 7 0
-11 -47 22 0
34 25 6 0
-34 25 49 0
-22 10 45 0
-57 -26 -1 0
14 36 -29 0
-16 13 -7 0
51 4 49 0
-40 28 -34 0
-17 5 -45 0
-41 50 -34 0
1 -9 27 0
24 -20 27 0
26 25 -55 0
-23 -37 21 0
41 -33 12 0
-1 14 16 0
-13 -53 6 0
-26 -20 -14 0
-19 -55 -39 0
-39 15 -21 0
-15 -24 57 0
-38 46 13 0
53 -34 32 0
-11 -17 -55 0
2 32 -13 0
44 -31 -26 0
-51 12 56 0
-21 17 40 0
-52 -23 45 0
1 24 -25 0
-13 52 -23 0
-25 -8 -56 0
46 -3 -45 0
45 -21 3 0
11 33 19 0
22 -33 -54 0
12 27 -30 0
-13 -2 16 0
-21 -49 51 0
-29 -20 17 0
-5 23 -44 0
-36 -12 -23 0
27 13 43 0
14 -43 -40 0
25 -4 5 0
15 54 -32 0
10 29 -8 0
51 -10 -22 0
-22 45 -19 0
1 -15 -20 0
57 8 6 0
-13 -25 -38 0
-46 -56 6 0
15 51 -2 0
-20 -32 -14 0
56 33 15 0
-53 -51 -37 0
-36 52 -14 0
14 -46 -3 0
-48 40 -5 0
54 16 46 0
3 -24 4 0
-8 30 21 0
43 -54 -15 0
-31 37 -50 0
-40 -5 2 0
3 -24 52 0
49 51 11 0
25 11 -12 0
27 15 30 0
10 -26 -39 0
-41 19 -20 0
-4 -40 -50 0
-43 -10 -45 0
52 -27 29 0
15 -8 -30 0
50 13 -24 0
47 5 19 0
15 -45 -6 0
46 11 -43 0
-27 -14 39 0
9 -23 -13 0
52 -21 -49 0
25 4 -56 0
52 32 -14 0
15 55 42 0
-11 20 55 0
29 -31 -38 0
10 47 53 0
16 -25 -8 0
27 13 34 0
40 53 -57 0
45 57 20 0
-14 -23 -37 0
-38 -39 13 0
-3 2 21 0
-52 21 23 0
-36 15 -27 0
-56 -23 -53 0
18 8 -31 0
2 39 -16 0
-4 -20 29 0
-16 48 -30 0
-27 13 -51 0
24 -40 32 0
11 19 -13 0
-43 -25 -53 0
53 56 -27 0
-2 -3 -53 0
-27 24 -2 0
-36 -3 45 0
-25 -27 7 0
-48 25 -39 0
56 4 53 0
29 -22 20 0
-47 50 -22 0
-1 49 39 0
34 -10 2 0
-10 -55 -33 0
-35 17 -41 0
18 45 22 0
25 22 20 0
-46 51 49 0
-55 -46 54 0
-14 49 -51 0
4 -17 -41 0
-46 6 -5 0
-4 39 26 0
-43 -31 2 0
-31 20 -15 0
20 30 49 0
10 28 -48 0
-33 19 -54 0
-43 37 -23 0
-54 23 6 0
30 -24 49 0
13 -16 46 0
41 4 26 0
-49 36 23 0
-15 8 55 0
13 19 -47 0
-27 -55 -32 0
43 -53 -2 0
21 53 -11 0
-43 -36 20 0
-34 56 22 0
-36 -50 24 0
4 2 -51 0
57 -43 5 0
-13 -35 -40 0
