p 84 357
-74 10 -34 0
-31 -17 80 0
-71 -70 -37 0
-61 -43 60 0
78 12 59 0
72 31 -18 0
-25 -18 28 0
-15 59 39 0
-2 20 -76 0
-65 -17 -19 0
66 23 30 0
59 -1 69 0
73 -19 22 0
77 78 59 0
74 -23 -67 0
1 79 70 0
-50 80 -1 0
52 14 -35 0
-3 82 47 0
13 77 58 0
8 1 52 0
-68 41 -81 0
-70 -79 -8 0
-23 -28 -66 0
-47 -56 37 0
-25 -49 -28 0
50 41 -10 0
-82 -26 70 0
4 -39 74 0
-23 8 81 0
63 -5 65 0
-83 43 21 0
-47 -82 41 0
-40 33 63 0
59 -32 14 0
-46 37 -60 0
-82 -60 55 0
-43 -31 42 0
59 -73 5 0
-30 -16 -4 0
-17 -8 57 0
-12 -30 28 0
57 63 -58 0
69 79 71 0
44 19 -40 0
26 35 -79 0
43 34 -44 0
-41 74 -82 0
62 31 25 0
-71 -35 83 0
64 59 7 0
-80 83 73 0
42 -65 -11 0
32 64 -47 0
59 9 -84 0
33 1 35 0
42 53 57 0
-57 76 -66 0
-44 35 -52 0
-50 4 -2 0
14 -21 27 0
-15 40 44 0
-11 66 77 0
-63 26 -13 0
58 -42 -83 0
-77 -40 30 0
-36 -27 -52 0
80 10 2 0
-30 58 74 0
79 -71 -23 0
-26 -30 64 0
27 68 -8 0
64 -4 20 0
17 -57 -8 0
-58 -52 -43 0
77 -80 -81 0
9 6 -20 0
33 -2 -66 0
58 53 39 0
73 -58 -46 0
19 49 -25 0
66 55 -45 0
-60 24 6 0
-33 -11 -15 0
-72 -47 -38 0
-65 84 34 0
9 -27 -28 0
-41 50 46 0
60 -72 40 0
22 -13 -51 0
71 -24 29 0
74 -39 -11 0
78 -26 63 0
-60 -81 -29 0
53 -33 -59 0
24 39 15 0
-23 -24 25 0
-54 9 32 0
7 40 16 0
70 -1 -66 0
-74 13 75 0
-46 -56 -29 0
-6 65 -21 0
-12 -33 13 0
44 -59 18 0
58 6 -75 0
84 -43 -55 0
48 -54 -71 0
6 9 18 0
37 -77 66 0
-46 -52 35 0
-52 -72 49 0
-64 -18 14 0
-64 36 -67 0
-36 18 61 0
-21 -80 60 0
-44 3 -40 0
-48 1 -20 0
41 64 81 0
13 35 70 0
56 -41 -30 0
-40 3 -77 0
10 71 -11 0
-1 -47 -79 0
-58 19 -11 0
-61 -64 -75 0
26 -52 45 0
-12 19 -56 0
46 17 -83 0
44 -64 -28 0
-3 -16 -45 0
67 23 -1 0
57 -5 29 0
69 42 45 0
-12 -61 -73 0
2 -53 -1 0
26 32 -84 0
-52 41 -69 0
29 6 66 0
73 26 3 0
26 35 -74 0
71 -69 7 0
3 -46 31 0
-39 83 26 0
-80 42 -31 0
-64 -25 -73 0
56 -67 -45 0
5 -29 46 0
-2 61 71 0
-22 -8 -4 0
12 75 -29 0
-79 -30 -40 0
9 -22 84 0
63 20 -77 0
43 25 -76 0
76 -4 -6 0
63 76 -26 0
-27 -45 -78 0
1 66 71 0
50 3 -77 0
19 -40 7 0
-64 2 -75 0
21 33 -62 0
-61 10 50 0
22 53 -21 0
-4 -3 37 0
-27 76 -8 0
-31 40 57 0
36 -57 -31 0
47 56 -65 0
63 -13 -31 0
-33 10 -62 0
-55 26 -53 0
-49 -44 66 0
-4 55 -17 0
73 -25 -14 0
-11 33 42 0
27 19 -47 0
-30 28 -47 0
-33 21 26 0
-57 77 -41 0
75 9 45 0
84 68 13 0
-66 -12 -68 0
53 67 -81 0
6 37 68 0
-81 43 39 0
33 65 74 0
73 11 -61 0
-40 28 14 0
-36 -5 -58 0
-30 -77 -79 0
26 44 24 0
14 -25 50 0
50 -41 44 0
53 41 -6 0
44 50 -33 0
-17 -45 18 0
-20 59 3 0
-84 -16 77 0
49 -43 -16 0
-44 -21 -33 0
-75 -33 4 0
-45 82 -65 0
38 67 49 0
-45 -28 16 0
62 73 -1 0
-9 -35 56 0
78 -22 81 0
-48 25 -5 0
74 -56 58 0
-81 -15 -4 0
32 -70 47 0
-65 -80 7 0
-82 22 -20 0
64 41 39 0
-63 -74 43 0
-51 74 68 0
-82 -1 20 0
-7 -75 54 0
-27 74 -71 0
-67 -9 76 0
16 -42 82 0
59 -57 -51 0
64 40 27 0
-82 55 -8 0
37 -38 -25 0
-56 -78 -76 0
31 -83 72 0
31 44 55 0
72 -4 -13 0
17 24 -23 0
6 -14 2 0
22 -27 82 0
25 8 37 0
-61 -45 73 0
-25 26 -78 0
58 74 13 0
-33 -79 70 0
-31 63 48 0
84 -42 13 0
-79 48 28 0
-58 40 16 0
78 54 27 0
-46 54 55 0
-41 5 -35 0
-72 15 -69 0
47 -1 28 0
-30 -75 16 0
-18 -59 -37 0
-34 -48 -41 0
-82 -41 55 0
-79 -58 72 0
6 -81 41 0
73 48 7 0
78 -41 -66 0
-19 9 -25 0
60 -29 68 0
80 46 -25 0
-4 15 25 0
-55 -81 72 0
-64 7 -22 0
40 21 52 0
58 -5 57 0
-12 -22 84 0
-18 55 -29 0
66 -58 5 0
68 -79 55 0
-45 -69 -21 0
55 20 77 0
-9 -70 5 0
-33 29 -66 0
12 -22 -55 0
21 22 80 0
35 -39 40 0
36 -45 70 0
-63 -2 50 0
-4 43 5 0
-20 32 -36 0
-43 -19 -83 0
4 29 -1 0
-66 -45 47 0
-44 3 84 0
-51 53 47 0
-44 11 19 0
11 -19 81 0
19 -73 -67 0
58 -54 -76 0
27 30 -75 0
81 -76 -45 0
-28 -48 -25 0
2 41 -35 0
23 18 -72 0
-84 -14 65 0
48 -39 55 0
-3 -27 81 0
58 71 -79 0
-26 63 -70 0
60 -53 -49 0
27 35 50 0
58 -41 -31 0
11 -45 10 0
41 -23 37 0
18 44 -20 0
37 -59 54 0
-50 24 -12 0
-48 -76 80 0
66 39 -46 0
-2 -63 33 0
62 78 -48 0
-2 -7 36 0
-64 62 56 0
2 31 74 0
-77 -5 -49 0
23 72 -12 0
-26 72 -20 0
-13 -53 -67 0
24 49 -75 0
73 70 29 0
-26 73 32 0
41 -9 4 0
4 6 59 0
61 12 43 0
84 14 -73 0
30 -40 27 0
-9 -39 -3 0
-10 -19 72 0
-46 -76 -56 0
-5 34 39 0
-55 75 19 0
49 -35 -19 0
38 -34 50 0
-41 69 -14 0
66 59 -77 0
-2 -48 -40 0
-68 36 72 0
-70 -40 23 0
69 44 -63 0
-41 84 25 0
-79 -69 23 0
-56 -44 67 0
-71 -42 72 0
-21 -3 4 0
49 -3 -60 0
-63 19 49 0
82 40 63 0
-53 -84 -16 0
-19 -1 55 0
-5 -20 74 0
-10 11 6 0
63 53 -67 0
12 10 13 0
14 36 30 0
-10 -21 -68 0
-23 58 -64 0
-26 47 44 0
1 -10 17 0
