p 17 72
17 -3 -9 0
-10 3 -4 0
-3 -4 10 0
-1 13 16 0
6 -17 1 0
-12 -15 9 0
7 16 15 0
4 10 12 0
11 14 -5 0
12 -17 16 0
-14 -10 11 0
17 9 10 0
-17 8 10 0
-10 -9 15 0
-2 1 15 0
4 -8 -2 0
5 13 11 0
9 -13 14 0
-13 -2 -10 0
6 7 17 0
-12 -2 -17 0
-12 16 7 0
-2 10 -16 0
10 16 -9 0
-8 -7 1 0
-5 2 -4 0
-11 -6 -12 0
12 1 5 0
7 6 -10 0
-10 11 -3 0
-2 -4 -10 0
-5 -1 -15 0
-17 -11 -12 0
4 -7 -3 0
-12 5 11 0
-13 7 1 0
4 -14 17 0
11 4 14 0
8 -1 -17 0
12 10 6 0
4 3 11 0
-5 -13 6 0
-16 -12 9 0
11 -4 2 0
-12 -17 -10 0
-14 6 -9 0
-14 1 -16 0
-17 10 8 0
17 -10 -13 0
-13 -12 14 0
-9 10 4 0
-12 8 -5 0
-1 -13 -16 0
-12 10 -5 0
-5 14 9 0
5 -3 4 0
-3 7 5 0
7 -10 -1 0
-5 10 -16 0
4 9 13 0
17 -7 13 0
-2 3 12 0
-9 14 -10 0
-15 16 17 0
2 -10 -6 0
6 5 1 0
2 10 -9 0
2 -11 16 0
-10 11 -4 0
-10 1 -14 0
-8 2 9 0
13 8 16 0
