p 12 51
-4 1 12 0
-4 -6 -11 0
-9 -5 4 0
-5 2 -12 0
-1 7 4 0
-1 -12 7 0
12 11 2 0
6 7 -1 0
-6 3 -4 0
12 3 2 0
6 -8 1 0
-7 10 -2 0
-6 2 -10 0
-1 11 7 0
4 10 -5 0
-8 -3 -5 0
-1 4 3 0
-2 6 12 0
-1 -2 5 0
2 4 -3 0
7 -1 -3 0
-8 -7 2 0
5 -3 -10 0
5 -11 4 0
1 -10 2 0
-8 4 -7 0
-2 3 12 0
-11 6 7 0
-2 6 -1 0
-12 -5 11 0
6 8 12 0
-3 -10 6 0
3 2 8 0
3 -2 -6 0
10 5 -11 0
-4 -6 -11 0
6 -12 -1 0
3 -8 11 0
2 -7 3 0
-7 1 8 0
2 5 -11 0
9 6 3 0
11 1 8 0
11 -4 -12 0
-10 -9 5 0
-12 5 -4 0
7 -2 1 0
-2 -7 1 0
9 12 -4 0
-10 4 -9 0
-7 -1 -2 0
