p 21 89
2 -14 -17 0
-1 -13 -4 0
6 3 -7 0
3 14 -5 0
12 -14 -10 0
8 -21 9 0
-16 -13 -14 0
14 -12 -11 0
-6 7 8 0
-20 7 2 0
-11 -15 8 0
-17 4 10 0
-8 1 13 0
-2 -12 -4 0
18 3 -2 0
10 20 5 0
12 6 -1 0
-17 3 -14 0
-2 -1 -9 0
7 -13 1 0
1 -18 13 0
6 13 -20 0
12 -17 5 0
11 6 13 0
4 11 -6 0
-13 8 -11 0
19 -18 20 0
15 7 -21 0
3 -16 2 0
-20 -16 12 0
3 -15 -16 0
-10 20 18 0
5 9 -16 0
19 -9 12 0
11 21 13 0
7 -10 -5 0
-15 -3 19 0
19 11 15 0
3 -5 15 0
-3 -11 10 0
21 1 15 0
19 8 3 0
-13 -19 -2 0
-18 -1 -7 0
-9 -15 4 0
20 -2 -16 0
8 -4 16 0
1 -10 -7 0
-20 -12 -1 0
-19 10 16 0
9 -15 -11 0
-2 4 17 0
16 -21 -12 0
-9 -10 1 0
2 18 16 0
5 -4 20 0
14 21 -17 0
4 -11 2 0
-3 21 -2 0
-17 -11 -1 0
-10 15 19 0
-7 15 -9 0
15 -14 -3 0
5 -16 -9 0
-7 -16 -17 0
6 5 10 0
17 9 -13 0
-2 10 -20 0
21 -2 19 0
1 -21 12 0
-5 18 8 0
21 -10 18 0
-15 -3 -4 0
-11 -21 13 0
-20 -13 -15 0
-10 -12 21 0
5 -4 -1 0
2 1 -16 0
18 -4 -1 0
19 -13 -5 0
-2 10 -14 0
18 -14 20 0
9 -6 -11 0
-15 16 -4 0
19 -7 -9 0
-19 7 11 0
12 -13 20 0
11 -21 19 0
-1 -4 -17 0
