p 15 63
3 -7 12 0
10 14 -2 0
-8 2 15 0
-11 15 -8 0
14 7 3 0
9 -3 1 0
-15 -9 12 0
8 -5 -15 0
-6 -12 9 0
-13 9 -12 0
15 5 10 0
-10 14 11 0
-4 7 -11 0
-8 6 3 0
-13 -8 10 0
14 4 -8 0
-4 2 -10 0
12 13 -6 0
-5 8 12 0
-4 15 -14 0
11 -1 5 0
2 5 7 0
8 -13 15 0
4 -14 5 0
10 7 11 0
-15 -4 -8 0
-5 -11 15 0
-9 13 6 0
7 -4 11 0
-1 -8 -9 0
-3 -8 10 0
-9 8 -6 0
6 11 7 0
5 -15 4 0
-14 5 8 0
-13 -11 -15 0
12 -15 -14 0
5 -8 -13 0
6 13 8 0
-8 -5 -9 0
-12 5 6 0
-12 -9 1 0
-9 6 -12 0
15 3 -11 0
9 5 2 0
8 1 2 0
14 -4 12 0
10 5 -15 0
-5 -13 6 0
11 -14 -8 0
3 -15 -14 0
-12 -4 6 0
-10 14 -4 0
12 2 -4 0
-12 -1 -4 0
-4 -7 2 0
3 -8 9 0
-15 -13 10 0
4 -10 -11 0
9 15 -13 0
5 -13 4 0
-6 -9 10 0
9 -6 -1 0
