p 68 289
15 13 64 0
47 -33 -7 0
-53 -22 17 0
-5 49 -30 0
-65 39 54 0
43 -9 21 0
-23 -31 -11 0
8 -61 -12 0
38 -67 -5 0
15 -45 -1 0
-25 -5 -51 0
22 16 -26 0
-3 -55 -44 0
-3 67 40 0
-33 -20 -46 0
57 12 54 0
-64 45 28 0
-40 -67 14 0
-23 12 37 0
-62 19 -54 0
-9 -10 44 0
-29 -32 -3 0
-43 54 6 0
25 33 -3 0
5 -46 -38 0
-59 33 -52 0
62 -51 -46 0
-10 5 23 0
19 14 52 0
9 -67 -3 0
-16 -63 54 0
-40 33 21 0
-47 33 24 0
61 43 -65 0
-13 -11 62 0
15 26 24 0
-33 51 49 0
-9 11 48 0
-31 19 36 0
-33 49 13 0
-24 -28 -27 0
58 21 9 0
39 -54 -65 0
50 -45 -39 0
-20 -64 39 0
39 -22 54 0
-22 -6 31 0
43 -28 67 0
-16 3 49 0
16 -23 51 0
-34 27 49 0
44 -66 -54 0
-19 -12 -3 0
56 10 -4 0
-9 60 58 0
30 14 31 0
34 51 -14 0
-1 -4 27 0
45 -1 8 0
23 4 -61 0
-16 35 -32 0
-68 -17 30 0
64 26 8 0
-60 24 57 0
47 42 14 0
-5 65 -57 0
29 13 -60 0
11 -42 37 0
57 -14 -63 0
17 -32 -13 0
-68 18 -26 0
-16 22 4 0
-58 -67 2 0
62 30 43 0
-45 20 60 0
48 6 -25 0
66 -19 -65 0
60 -68 -31 0
-33 -14 10 0
29 63 24 0
-21 -24 -25 0
-15 2 68 0
-46 43 53 0
-48 34 40 0
-47 2 55 0
-54 -16 -18 0
8 34 20 0
-60 -54 58 0
-64 27 -26 0
63 -40 64 0
10 -62 -41 0
17 4 54 0
-13 45 30 0
-42 -47 12 0
-14 -5 -4 0
-16 68 12 0
3 -20 21 0
55 -43 -45 0
58 67 2 0
31 -20 27 0
-30 -2 -9 0
-24 -34 44 0
26 52 -49 0
50 -17 55 0
-64 61 -24 0
-23 -60 -22 0
-33 35 31 0
31 -40 -7 0
15 41 -62 0
-25 -28 9 0
-54 8 -40 0
28 -46 2 0
-12 -32 -14 0
27 57 15 0
-39 33 51 0
3 49 -30 0
-57 -27 33 0
-9 -23 -15 0
13 -63 64 0
-8 13 -41 0
31 60 37 0
-37 9 -21 0
20 -27 -35 0
-19 42 49 0
22 61 -51 0
-68 47 64 0
-68 55 26 0
42 -36 45 0
-29 11 -13 0
11 21 17 0
16 -64 44 0
27 -14 -30 0
4 2 19 0
15 -6 -4 0
13 -41 -29 0
-47 14 11 0
4 46 -24 0
14 -12 41 0
16 -9 14 0
28 31 -61 0
-13 43 3 0
45 27 -55 0
54 -1 39 0
35 67 -54 0
3 59 -20 0
-32 31 49 0
-2 -26 56 0
15 -14 21 0
-56 1 4 0
-40 -42 -49 0
19 30 -42 0
17 40 39 0
64 -11 -58 0
68 -9 -40 0
15 -37 -35 0
-14 -17 -29 0
54 -66 59 0
-20 -50 26 0
64 -29 37 0
17 11 65 0
-22 54 -19 0
51 -66 -37 0
46 -24 -25 0
56 -13 -48 0
-47 -49 54 0
-11 -61 -43 0
11 -60 23 0
10 -7 -26 0
44 34 54 0
18 65 -29 0
39 -51 63 0
17 46 31 0
-29 62 56 0
-39 11 7 0
17 21 57 0
-61 56 41 0
-47 -66 -58 0
-59 6 7 0
-57 -56 -50 0
-49 6 53 0
48 4 25 0
-23 56 44 0
-55 22 -11 0
17 41 -22 0
-37 -25 62 0
-37 25 54 0
-40 29 -15 0
-27 -51 -37 0
-48 5 13 0
-25 -60 -1 0
-11 -54 -3 0
-8 -17 -51 0
32 -11 -51 0
-29 -7 -25 0
-47 -15 -13 0
-31 34 47 0
-4 59 7 0
-6 10 53 0
59 47 -10 0
-35 43 38 0
7 -35 -22 0
-43 -23 -16 0
55 59 -66 0
29 8 17 0
42 64 61 0
-30 54 38 0
-41 51 40 0
68 18 -11 0
1 21 -68 0
37 40 -10 0
-34 66 51 0
-38 -64 46 0
17 33 52 0
-48 21 11 0
-58 52 49 0
-11 32 22 0
-54 -19 32 0
-32 -58 -57 0
60 68 38 0
41 28 47 0
-46 29 -66 0
36 49 -66 0
-34 18 17 0
-66 26 -30 0
-61 -28 48 0
66 65 -32 0
-30 51 -3 0
58 -11 13 0
55 -62 45 0
-4 34 -42 0
28 42 -40 0
2 -22 -16 0
-50 -58 1 0
-39 -25 57 0
-35 37 67 0
-62 -64 67 0
-34 -54 29 0
68 23 56 0
16 -53 -64 0
13 30 -44 0
-66 -1 -61 0
-21 43 24 0
32 27 -43 0
17 23 -35 0
-43 -12 28 0
-12 -26 -52 0
57 10 -8 0
-45 24 41 0
52 -68 -17 0
18 -50 68 0
40 -38 35 0
-21 30 -18 0
-64 9 -47 0
15 14 46 0
-54 -50 -28 0
-27 37 -36 0
1 68 -67 0
-45 -19 -5 0
40 35 50 0
-31 59 37 0
51 63 3 0
15 -51 -45 0
-54 -56 -10 0
32 -4 -37 0
27 -21 -4 0
-62 -52 -20 0
-47 30 28 0
39 28 -45 0
29 -48 56 0
-60 15 27 0
29 -25 32 0
-61 -35 -28 0
65 67 -10 0
-30 12 -9 0
-45 -22 -46 0
-50 6 19 0
57 -51 39 0
-60 -11 20 0
4 -8 -34 0
-22 -19 23 0
5 -36 -3 0
-11 -59 63 0
42 53 -51 0
-16 -2 19 0
29 41 66 0
-7 43 40 0
41 33 62 0
44 -33 -13 0
48 30 59 0
