p 76 323
1 -42 -68 0
-45 72 49 0
49 -47 74 0
59 1 30 0
61 19 -35 0
-9 -22 70 0
-42 -46 -47 0
-26 63 -53 0
-20 5 69 0
50 23 -42 0
12 17 -57 0
-21 -66 17 0
34 2 -70 0
-8 -70 31 0
-45 13 -58 0
33 -14 30 0
73 -43 -3 0
-30 21 -20 0
24 34 -61 0
-21 19 -18 0
-15 37 -44 0
70 27 55 0
-40 35 37 0
-75 -45 -48 0
24 8 -6 0
57 28 -15 0
-59 -12 -65 0
51 -14 -34 0
-56 43 -51 0
52 53 7 0
-76 -18 75 0
34 54 16 0
-53 -68 -3 0
5 56 2 0
-61 35 -65 0
-37 27 -76 0
-55 74 19 0
-38 -58 -36 0
7 -75 62 0
-30 -58 25 0
-5 60 -13 0
-42 62 -16 0
7 -4 -57 0
70 -35 -66 0
-2 43 -62 0
35 -13 2 0
-27 -5 -58 0
-32 6 -25 0
5 71 35 0
-28 -33 -62 0
4 20 -40 0
59 -2 6 0
74 -62 59 0
56 -18 -23 0
9 -8 10 0
-17 -7 -70 0
-60 -75 -72 0
66 -13 70 0
-33 -54 72 0
-49 61 47 0
-19 -54 -55 0
57 -65 40 0
-73 -70 34 0
-15 -3 -6 0
-70 -76 -48 0
-54 44 -12 0
-50 -67 66 0
75 -53 -54 0
-19 6 37 0
50 -46 -34 0
-24 -23 -20 0
-25 -46 -76 0
34 -3 15 0
-4 41 -10 0
55 9 -7 0
-51 43 49 0
-69 -44 -21 0
-37 13 -10 0
34 -58 62 0
-50 -25 -24 0
-6 -43 69 0
3 -2 34 0
-58 -75 21 0
64 26 -68 0
49 -24 -4 0
35 60 72 0
33 -31 -46 0
53 -15 1 0
-69 68 -32 0
46 10 63 0
-57 8 27 0
-12 -24 -55 0
-34 -37 -39 0
31 8 -54 0
29 28 -6 0
-66 28 33 0
-40 25 22 0
51 23 -19 0
58 -75 11 0
62 47 56 0
10 -72 -38 0
69 55 49 0
36 -39 24 0
63 13 -41 0
27 -45 -49 0
49 -69 -10 0
49 -42 21 0
76 -54 70 0
14 37 69 0
-46 9 35 0
-5 60 -34 0
-45 25 2 0
75 -69 -66 0
-10 18 -52 0
-43 -31 -46 0
65 -48 61 0
-15 67 10 0
7 71 64 0
56 -6 75 0
73 46 -43 0
-52 10 -68 0
44 42 -26 0
22 -39 -6 0
-10 -67 20 0
-58 44 -48 0
49 10 4 0
49 -61 16 0
55 23 -73 0
-4 31 64 0
-39 -30 -50 0
-14 35 -49 0
41 -15 30 0
58 -42 -52 0
-52 -22 -56 0
-70 66 -42 0
75 -4 -28 0
-63 -6 -4 0
70 62 -68 0
-55 -23 7 0
42 6 14 0
-42 -44 -26 0
-33 66 59 0
51 -25 -56 0
-5 -32 -20 0
-74 39 -4 0
47 -51 10 0
-18 21 -75 0
23 -33 69 0
-11 50 -22 0
8 -45 72 0
-10 47 -5 0
41 -39 -9 0
41 -35 -21 0
39 -18 -27 0
70 16 58 0
32 -14 29 0
-32 -30 45 0
-60 -27 -6 0
-47 21 -58 0
-2 -18 34 0
53 -70 -36 0
-34 -56 -49 0
6 50 -45 0
14 -21 47 0
22 3 -21 0
51 1 33 0
-12 -1 3 0
-53 4 -38 0
-2 -18 -52 0
60 -64 66 0
-57 23 -28 0
-32 47 -36 0
50 -66 56 0
26 -65 25 0
62 39 71 0
-76 22 -70 0
-10 -13 -62 0
36 -11 67 0
-54 64 45 0
29 28 -51 0
-16 66 -43 0
-22 12 2 0
-52 66 -44 0
6 -8 -71 0
29 72 -60 0
-19 14 35 0
-41 -11 -20 0
-76 -71 66 0
70 45 55 0
-63 -69 8 0
59 -43 -17 0
-62 75 -22 0
-10 27 70 0
-30 -22 -55 0
52 -3 36 0
40 3 -68 0
45 -60 -50 0
-75 -37 -22 0
-40 -53 22 0
76 -69 -15 0
-7 10 39 0
6 38 -27 0
-32 -41 51 0
8 -52 13 0
58 9 34 0
13 60 -76 0
70 21 48 0
33 67 31 0
-34 45 -49 0
55 5 -63 0
-6 -44 -75 0
-33 -20 -39 0
-63 75 -38 0
-18 -44 21 0
16 -43 -17 0
6 -32 -45 0
51 -2 -23 0
-58 -6 63 0
48 26 -47 0
-18 65 11 0
-14 72 -69 0
67 -32 45 0
42 -4 17 0
6 70 -29 0
25 -47 -45 0
29 61 -13 0
38 -36 59 0
55 50 -30 0
38 49 6 0
-29 34 70 0
64 16 55 0
7 42 26 0
-16 -36 -70 0
66 -74 -49 0
62 32 -63 0
-58 25 38 0
43 -48 -14 0
-9 26 68 0
16 72 -75 0
-17 19 69 0
-55 58 23 0
19 42 -68 0
-51 -31 41 0
61 -43 59 0
41 25 -50 0
-12 66 74 0
-60 41 -23 0
65 62 3 0
8 -41 34 0
49 -72 -53 0
15 27 8 0
19 55 -15 0
-41 34 -57 0
67 54 29 0
-52 43 57 0
44 -46 52 0
-64 -48 -22 0
-76 -20 -27 0
12 -72 46 0
44 -9 -32 0
-53 -47 -26 0
-49 -12 -66 0
32 -71 -61 0
24 -45 -39 0
1 5 36 0
5 59 -39 0
54 28 -65 0
-68 -25 -71 0
51 35 -46 0
-58 53 -30 0
69 -38 -3 0
58 19 -63 0
-19 65 -27 0
35 31 45 0
-34 -1 -76 0
24 17 -19 0
-23 -21 -65 0
-42 -61 -53 0
-21 34 -12 0
-75 53 -71 0
2 71 -12 0
-47 59 19 0
-75 76 31 0
32 -5 -74 0
-10 -43 -15 0
56 -14 34 0
33 -26 37 0
-27 -17 55 0
39 -34 -70 0
-54 52 49 0
-11 61 46 0
41 -73 51 0
-45 13 71 0
-5 24 36 0
38 30 3 0
-54 22 -59 0
4 38 -37 0
-74 -6 -16 0
2 -16 -32 0
-43 71 -16 0
-45 -28 55 0
-52 63 41 0
16 61 17 0
22 -2 42 0
-18 -61 28 0
70 21 12 0
-60 3 76 0
51 -54 -64 0
-42 -50 -76 0
-36 53 -58 0
17 -50 14 0
35 74 -26 0
69 4 56 0
-44 -47 -48 0
-5 -36 24 0
-55 5 33 0
33 22 -49 0
68 -40 9 0
64 -5 51 0
9 -73 41 0
-47 -17 -45 0
3 61 26 0
-16 19 -5 0
