p 82 349
-6 49 -40 0
29 19 -24 0
-24 42 -50 0
-72 -4 41 0
75 -46 76 0
55 -64 58 0
45 68 -17 0
-32 -71 -52 0
3 7 -55 0
-3 -29 -75 0
22 49 54 0
-23 -24 -63 0
-17 -39 31 0
50 -51 75 0
58 -48 65 0
-19 -15 -18 0
32 -58 8 0
45 -22 -80 0
70 59 -45 0
12 -19 25 0
-7 -28 -16 0
-59 19 -49 0
-46 59 -51 0
42 80 -2 0
27 71 39 0
-34 -38 31 0
69 24 -70 0
-60 -58 -68 0
3 -17 -26 0
-44 53 -80 0
31 63 54 0
-12 72 16 0
57 -29 80 0
-22 32 37 0
36 56 11 0
-78 -12 51 0
39 -5 67 0
38 66 -8 0
46 70 37 0
-78 -46 -31 0
19 54 -18 0
4 38 -25 0
17 -46 -48 0
-24 70 -20 0
-76 34 -69 0
68 17 -54 0
-33 -80 -28 0
-34 -43 70 0
-17 6 -13 0
76 -64 -18 0
46 40 70 0
15 73 69 0
-61 -56 -55 0
-15 -12 41 0
-62 23 65 0
-5 -23 80 0
-10 -31 22 0
78 41 23 0
-60 4 68 0
-34 -75 -24 0
-59 7 -6 0
43 39 -35 0
41 -52 32 0
-16 -75 12 0
44 -35 -22 0
-13 -39 -24 0
76 -78 1 0
-72 71 19 0
-18 35 -15 0
-3 58 17 0
-80 82 -16 0
-71 81 -15 0
-27 72 -29 0
-81 -80 -73 0
41 -10 -34 0
27 -1 68 0
49 -51 34 0
-73 61 -78 0
35 -24 -43 0
-65 -46 -82 0
53 13 81 0
-76 -72 -22 0
-30 73 57 0
33 -15 -16 0
80 -72 75 0
-9 -62 56 0
78 9 -70 0
-34 -8 -22 0
-82 80 -2 0
-52 -37 62 0
42 -49 15 0
-82 56 74 0
26 12 -62 0
-22 -44 -43 0
-28 2 31 0
67 26 11 0
-12 -27 57 0
-45 64 -58 0
-17 -62 9 0
-63 43 19 0
12 7 33 0
25 50 55 0
13 -34 39 0
68 31 41 0
36 -23 74 0
74 66 -53 0
56 -60 -34 0
-21 -26 41 0
-17 2 -59 0
-61 -2 70 0
-29 -72 -73 0
81 -4 78 0
67 -65 53 0
18 2 -45 0
76 3 -27 0
60 -28 -8 0
44 -69 26 0
78 58 -49 0
-36 11 5 0
34 3 52 0
-42 70 -81 0
-54 -67 -24 0
25 -76 -33 0
-63 -13 -34 0
-60 7 19 0
65 40 -43 0
-53 38 -55 0
-49 -75 12 0
-62 -15 5 0
66 14 -57 0
-48 -5 1 0
-82 -24 52 0
73 -74 -47 0
-34 -38 -46 0
-55 45 -33 0
82 -43 13 0
58 67 -31 0
-1 -64 -50 0
-47 6 -14 0
-79 -33 -3 0
25 -57 -62 0
-40 30 42 0
-45 -31 -8 0
47 -82 49 0
69 60 21 0
-77 46 62 0
-53 42 -3 0
18 -2 77 0
33 65 4 0
48 30 25 0
16 -23 36 0
-54 66 -24 0
-19 55 -9 0
60 -9 -69 0
-22 56 -78 0
67 -39 -53 0
30 27 9 0
14 -53 78 0
-19 -38 -54 0
24 81 67 0
-8 -45 13 0
38 -59 17 0
8 -31 26 0
25 58 -59 0
-30 -78 19 0
11 80 -12 0
-59 15 -68 0
-12 -65 39 0
2 -52 61 0
-2 37 -65 0
73 38 -36 0
-64 36 25 0
-19 -46 15 0
-46 -48 43 0
-25 -47 64 0
70 5 26 0
-66 -74 -68 0
-5 -46 58 0
32 -73 14 0
67 34 44 0
9 -7 -11 0
-62 -69 26 0
-3 46 19 0
-66 63 -65 0
16 -3 -20 0
21 -23 -26 0
-57 14 -56 0
-50 4 23 0
60 -67 15 0
-20 9 -72 0
13 -64 12 0
81 -79 49 0
-38 -34 -37 0
-27 -2 -18 0
76 -39 -67 0
6 -45 41 0
-25 16 -7 0
-36 38 56 0
32 4 22 0
79 44 41 0
-21 40 55 0
-63 27 -81 0
-81 -31 1 0
67 81 -6 0
-61 80 7 0
-34 24 14 0
1 10 38 0
-24 69 1 0
17 78 80 0
24 27 -49 0
-60 49 -52 0
-45 17 8 0
-24 41 64 0
29 -78 -9 0
13 80 8 0
26 -10 -13 0
-16 -73 4 0
-68 28 33 0
54 13 -1 0
8 -21 -75 0
54 31 50 0
73 45 -31 0
73 -25 -19 0
-32 -57 -77 0
-79 1 -59 0
-64 15 18 0
-25 55 -68 0
-64 -13 73 0
53 -78 81 0
9 11 -46 0
-64 -66 2 0
2 32 -27 0
-35 71 67 0
-20 -21 58 0
13 76 41 0
64 -30 14 0
-66 4 -50 0
-73 61 -65 0
45 -71 26 0
46 64 -47 0
62 15 -58 0
61 -80 67 0
20 70 3 0
3 -22 -31 0
38 69 -24 0
-57 28 54 0
-15 60 13 0
-16 3 17 0
-54 18 -37 0
76 2 56 0
26 -73 -43 0
30 73 51 0
-29 34 -30 0
26 22 -67 0
-57 -51 -67 0
51 39 13 0
23 5 -4 0
12 61 -14 0
-54 29 -8 0
71 44 80 0
42 30 -22 0
9 -74 -80 0
55 -52 -40 0
-70 39 -63 0
-61 37 17 0
-1 -7 -55 0
-82 -39 66 0
-36 -67 -14 0
43 58 -46 0
-52 27 5 0
53 8 77 0
-17 63 56 0
28 57 18 0
-6 -33 81 0
2 -63 -57 0
37 -27 41 0
-67 26 34 0
-72 64 -42 0
12 -40 -81 0
18 -39 -35 0
-4 74 23 0
-56 67 47 0
22 56 -16 0
-50 21 -8 0
49 4 -51 0
8 -12 -65 0
29 20 -63 0
52 -13 6 0
69 25 36 0
22 -76 75 0
-68 26 -59 0
-36 13 32 0
-62 1 25 0
54 76 -52 0
-27 -24 11 0
-45 54 77 0
-78 63 -76 0
-71 -73 23 0
-72 -21 -43 0
-55 65 -24 0
-66 21 35 0
-42 -5 -10 0
57 29 9 0
-17 -82 20 0
-30 53 -66 0
12 -41 33 0
27 -74 -70 0
11 24 5 0
26 -6 40 0
11 70 56 0
14 -58 75 0
-18 -1 24 0
8 19 22 0
-7 40 -56 0
-77 -81 59 0
61 33 16 0
-43 -28 -67 0
76 -43 19 0
-33 62 -3 0
22 -19 57 0
58 4 71 0
13 35 66 0
-25 -8 -43 0
-23 30 21 0
37 -5 64 0
24 -71 -52 0
-79 78 27 0
63 65 -25 0
74 -24 -60 0
71 67 48 0
-45 -17 3 0
52 6 33 0
-40 -70 38 0
4 34 -63 0
3 -42 -6 0
47 9 -20 0
61 46 -18 0
-30 -35 80 0
28 -42 -18 0
-56 7 -5 0
24 -31 15 0
55 24 39 0
66 1 56 0
-69 -26 -40 0
-75 -24 80 0
35 8 -51 0
41 75 -37 0
-18 60 -13 0
-43 30 63 0
