p 36 153
-25 8 19 0
-2 -8 -14 0
-24 -22 -25 0
-9 -10 34 0
28 -15 -31 0
-5 -23 10 0
-2 -34 -27 0
-8 24 -28 0
-36 -26 25 0
-31 2 27 0
4 -34 14 0
17 26 -25 0
-3 -22 30 0
18 21 14 0
-24 14 35 0
-20 -2 16 0
-18 14 6 0
-9 10 34 0
-24 23 7 0
-7 18 -32 0
3 -19 32 0
-3 13 32 0
-4 -26 3 0
6 17 -31 0
-35 -19 -36 0
-29 14 7 0
8 22 -9 0
8 36 -20 0
-3 29 11 0
24 -23 15 0
-8 3 -23 0
-1 -22 34 0
-13 12 1 0
2 32 21 0
31 5 26 0
-19 33 24 0
14 -11 26 0
-10 -17 -31 0
-5 -36 31 0
-35 27 -7 0
-31 -36 7 0
-12 -35 16 0
-7 21 6 0
-13 -21 -30 0
11 31 16 0
6 7 27 0
-32 34 2 0
17 11 5 0
-20 -34 14 0
-1 -35 27 0
26 18 30 0
-8 -33 4 0
13 -23 -21 0
5 -26 36 0
8 -3 21 0
-5 13 19 0
4 32 15 0
-18 15 13 0
-3 -15 -33 0
28 -36 -9 0
-17 2 -34 0
24 6 -30 0
-7 -1 -26 0
10 12 26 0
-1 -20 -11 0
3 5 -21 0
-22 31 -11 0
34 21 13 0
17 -27 -29 0
13 15 -11 0
8 31 17 0
6 -28 22 0
4 -33 -16 0
-25 -14 24 0
20 -17 -10 0
-31 -9 -13 0
-2 12 -3 0
-8 -16 -10 0
27 -24 -2 0
15 -3 -25 0
5 -8 31 0
10 -16 24 0
33 -27 -13 0
-28 26 24 0
-1 35 4 0
-29 -27 -4 0
35 25 -12 0
-2 -7 36 0
14 28 3 0
17 -16 -31 0
20 22 8 0
1 2 35 0
29 8 -4 0
-34 1 4 0
9 33 7 0
25 -2 28 0
-1 17 -32 0
-14 -4 1 0
17 -5 4 0
-25 27 32 0
-25 11 4 0
-8 36 -7 0
-1 -4 -11 0
-30 -5 16 0
13 -2 11 0
-15 1 27 0
-24 -28 4 0
-14 -5 -9 0
-20 -10 30 0
-23 -18 -2 0
-28 24 -21 0
-25 -19 -12 0
-3 -1 11 0
35 14 26 0
-5 -26 19 0
-1 35 34 0
-28 5 -32 0
-19 -17 26 0
8 -28 20 0
2 12 10 0
-25 13 -8 0
25 -33 -24 0
33 16 -12 0
31 22 -8 0
29 -26 -1 0
17 -13 28 0
1 -29 24 0
-24 30 23 0
33 -35 32 0
-25 15 -13 0
9 3 -15 0
-30 16 24 0
17 9 32 0
-24 36 5 0
15 7 -9 0
14 9 3 0
-34 10 1 0
34 -35 -22 0
19 31 17 0
-28 -27 32 0
-27 -23 13 0
22 -28 -26 0
30 -28 -24 0
21 11 -12 0
-34 -12 28 0
14 25 -16 0
-7 11 -27 0
-28 -23 34 0
-26 -13 24 0
32 5 -13 0
3 5 -31 0
-4 -2 14 0
-15 -8 18 0
