p 29 123
-5 -15 -25 0
2 1 22 0
-15 -20 3 0
6 -19 -11 0
5 29 -20 0
25 18 -3 0
9 -23 21 0
-27 -24 -16 0
21 -2 -9 0
12 -20 5 0
-10 -3 2 0
-24 12 -20 0
5 18 1 0
-11 -25 8 0
-3 13 -12 0
18 -15 -13 0
24 -15 22 0
-6 -4 -15 0
-24 19 26 0
-22 -17 -11 0
-4 -15 17 0
-19 -11 -25 0
8 -1 -2 0
-28 11 6 0
28 10 13 0
-16 8 -24 0
17 1 -27 0
-7 18 9 0
25 26 -28 0
27 -23 19 0
-5 8 27 0
-5 19 23 0
-10 -13 -18 0
-27 -4 -9 0
20 -23 16 0
-22 26 1 0
15 -17 -19 0
-15 11 6 0
12 -6 -20 0
26 15 -10 0
6 7 -1 0
11 -22 -4 0
24 26 -12 0
-17 14 13 0
8 25 -19 0
-6 21 -24 0
4 -7 29 0
-10 21 13 0
14 -8 -29 0
-3 11 -12 0
11 -13 25 0
-29 25 12 0
15 18 14 0
28 12 4 0
-15 4 -1 0
-16 24 25 0
9 11 17 0
11 -25 28 0
-5 10 23 0
-15 -18 20 0
17 13 26 0
13 -1 -26 0
-14 -4 12 0
28 -14 -29 0
26 13 22 0
21 12 13 0
17 -29 -16 0
-21 -26 8 0
-19 7 18 0
-6 -3 2 0
-9 -28 -11 0
2 -3 1 0
4 -12 -14 0
-10 -17 13 0
15 -12 5 0
13 -3 -16 0
5 4 2 0
12 -26 -5 0
-29 -11 -23 0
15 28 1 0
4 14 28 0
2 3 11 0
-29 3 -23 0
4 -20 -18 0
20 25 28 0
-6 -19 16 0
13 3 -25 0
8 21 -4 0
-18 -29 13 0
27 -21 -24 0
-23 4 18 0
10 -1 7 0
16 1 18 0
-25 -28 -26 0
-16 -7 12 0
-2 -9 1 0
11 -23 28 0
-23 -10 8 0
17 6 20 0
-15 23 -12 0
4 -3 -17 0
11 -28 5 0
10 -24 -17 0
3 22 -26 0
-13 20 -7 0
29 -10 11 0
-19 -18 25 0
-2 9 15 0
15 27 -19 0
5 26 16 0
-9 19 24 0
24 29 -17 0
20 -23 -14 0
29 22 -23 0
7 -21 13 0
-15 -14 -26 0
17 25 -13 0
-11 19 -26 0
-14 -11 -15 0
3 28 20 0
-15 24 -13 0
7 -27 -10 0
2 29 -4 0
