p 72 306
-13 -6 30 0
-3 1 55 0
50 48 17 0
-12 1 -18 0
67 16 72 0
63 -54 48 0
-49 -70 22 0
39 -45 43 0
-59 9 -39 0
31 -36 -40 0
64 -41 -62 0
37 -60 -64 0
-48 34 -39 0
6 -22 18 0
-70 56 -28 0
68 -16 -48 0
-63 38 3 0
-6 -18 27 0
18 34 -10 0
-15 16 31 0
-65 34 32 0
-20 -14 70 0
62 33 -67 0
-35 53 -62 0
67 48 -1 0
-66 -20 13 0
17 69 -45 0
-9 59 1 0
-12 18 -19 0
-39 -67 28 0
-1 -20 -56 0
-8 -51 -62 0
-61 62 47 0
37 -2 -18 0
-26 -47 -32 0
44 -26 54 0
44 -4 57 0
-70 -10 60 0
-36 57 68 0
22 9 -14 0
20 -18 41 0
52 18 34 0
-6 -52 57 0
16 59 9 0
20 60 4 0
-71 47 29 0
-39 69 -48 0
45 40 71 0
-41 -13 -32 0
8 6 -54 0
-39 -3 -48 0
-59 -43 -26 0
1 28 -6 0
-68 12 -55 0
71 -23 33 0
58 47 -67 0
60 -12 20 0
-15 30 59 0
-63 -11 -55 0
67 -9 -5 0
-22 50 -63 0
53 -58 51 0
-53 12 -16 0
-24 51 43 0
48 35 67 0
-35 10 -46 0
-43 71 21 0
-24 52 -47 0
33 62 11 0
4 41 15 0
-33 -7 -45 0
8 69 51 0
27 -61 29 0
1 11 -3 0
14 -16 17 0
56 -60 -8 0
7 10 29 0
31 -32 -48 0
-26 45 71 0
-66 -30 55 0
-58 -66 6 0
13 -18 -41 0
-31 -51 67 0
-19 -7 53 0
-25 38 -69 0
-49 -35 -15 0
34 -67 36 0
-66 45 60 0
52 67 -15 0
49 57 13 0
-14 37 54 0
-59 51 -21 0
47 -18 54 0
3 19 57 0
-12 -39 -56 0
34 -55 -25 0
39 35 -68 0
-49 -44 19 0
23 39 19 0
71 -23 -34 0
-59 70 15 0
42 15 8 0
20 50 -54 0
47 -51 -49 0
-72 4 71 0
28 -65 -63 0
5 56 -20 0
13 -29 -17 0
20 48 57 0
66 -36 -37 0
-56 -60 -30 0
38 -51 67 0
62 14 40 0
-31 6 49 0
-10 43 54 0
-22 -23 7 0
66 -18 30 0
23 42 -17 0
-37 -32 22 0
46 -63 44 0
-45 47 27 0
-61 3 -9 0
-54 -26 32 0
-57 1 55 0
19 17 3 0
29 -48 -50 0
63 -71 -36 0
51 22 14 0
-20 -9 52 0
6 53 -8 0
21 8 -35 0
-65 -37 -45 0
-48 72 43 0
-69 -24 27 0
65 3 -54 0
-52 -12 68 0
15 54 67 0
-59 11 -49 0
57 -44 -33 0
10 -37 59 0
-67 9 29 0
11 -54 12 0
48 -12 -32 0
-70 -51 -4 0
17 40 69 0
-3 -6 51 0
-69 -28 -39 0
40 64 39 0
-3 11 -58 0
14 35 61 0
-38 -69 70 0
62 -49 -8 0
14 -1 -40 0
-7 -57 -64 0
23 -37 35 0
-68 42 37 0
42 -2 -11 0
-1 -41 -16 0
61 -71 -54 0
-51 -61 43 0
-1 -55 2 0
-38 -39 -15 0
3 -60 22 0
70 -65 60 0
-22 54 -14 0
-53 30 -48 0
-17 59 -28 0
57 25 4 0
28 46 -55 0
-71 53 45 0
-56 71 52 0
-39 28 -29 0
-30 38 40 0
-64 -24 -19 0
-22 -32 3 0
-42 -20 -43 0
-3 41 18 0
-60 -29 -19 0
-29 9 34 0
38 33 -65 0
70 17 -14 0
42 -13 22 0
44 -57 10 0
-5 -60 27 0
13 11 -51 0
12 -64 -68 0
-1 16 -46 0
6 15 26 0
-62 50 52 0
-71 10 -16 0
10 -4 -5 0
8 51 -27 0
-14 -51 38 0
50 40 -20 0
-44 41 -3 0
46 49 -19 0
-47 34 8 0
-17 -1 38 0
-58 57 -13 0
-19 -34 -53 0
-2 48 17 0
72 67 -70 0
-43 -49 59 0
70 29 -26 0
68 -66 -46 0
64 -15 -56 0
72 -46 -52 0
-57 30 5 0
38 27 18 0
-57 49 -2 0
-13 -24 -21 0
51 -19 -64 0
46 54 -8 0
-17 -48 -7 0
-43 -14 -25 0
48 24 -37 0
25 -49 -57 0
39 -57 23 0
-11 -36 12 0
-29 38 -63 0
20 -31 67 0
35 -68 8 0
34 -60 25 0
59 -51 -48 0
-53 -72 -33 0
-21 5 68 0
31 51 7 0
-56 -8 -64 0
-52 2 38 0
-59 70 -62 0
-19 42 -43 0
3 -24 20 0
47 -38 51 0
72 -1 65 0
37 -61 -17 0
-57 -53 55 0
54 -45 69 0
31 62 -59 0
-21 62 -17 0
-37 13 68 0
-37 34 -35 0
-16 59 41 0
-42 16 26 0
62 64 3 0
35 -22 -27 0
22 34 -56 0
8 63 -41 0
13 35 34 0
-52 -66 69 0
-36 8 11 0
56 39 -41 0
-55 -57 -71 0
3 -52 -13 0
-29 53 55 0
48 69 15 0
-38 70 -46 0
47 -45 -34 0
68 -30 41 0
66 -67 26 0
35 12 -48 0
-20 57 -9 0
-72 44 -26 0
33 69 -64 0
-7 -51 -59 0
-19 -62 -11 0
-52 -14 -59 0
-53 38 46 0
-63 19 -60 0
60 -4 43 0
-9 -27 -23 0
-61 15 31 0
32 -66 64 0
48 42 -13 0
-33 -48 -43 0
-56 -72 34 0
16 51 -28 0
13 50 38 0
57 -23 61 0
-71 58 -29 0
26 51 3 0
42 -68 32 0
19 -59 -30 0
-30 -63 -50 0
48 54 4 0
-59 68 -33 0
44 -69 28 0
13 -60 -39 0
-28 54 62 0
-19 -68 51 0
10 -69 4 0
55 11 -44 0
-9 25 -62 0
-46 -12 34 0
-48 54 -39 0
20 -10 -56 0
-9 19 3 0
61 -33 69 0
65 42 -14 0
-10 72 66 0
-1 47 -38 0
-64 -24 -18 0
-49 -28 68 0
52 -50 -69 0
71 61 44 0
56 -24 10 0
-26 7 23 0
