p 68 289
-17 -27 -59 0
-29 54 27 0
25 -26 6 0
52 -41 24 0
26 -13 37 0
-7 54 -30 0
-66 -33 -54 0
-18 5 -54 0
15 49 24 0
-21 28 -15 0
42 -6 -52 0
56 -39 26 0
5 -17 64 0
-15 -10 -12 0
-47 -12 -15 0
62 46 60 0
-44 -41 22 0
62 -67 17 0
-35 2 61 0
-34 -2 4 0
-49 20 -31 0
48 34 -46 0
68 -52 -65 0
16 -26 10 0
-59 -4 35 0
-57 41 26 0
-40 -56 8 0
-37 -11 43 0
-53 27 -46 0
-13 17 57 0
3 -56 -51 0
-35 16 -26 0
-20 12 39 0
-23 63 -5 0
61 -13 53 0
49 7 18 0
-54 43 -1 0
53 13 68 0
-61 -51 -26 0
-23 -14 -67 0
13 -1 -44 0
40 -14 27 0
-63 -61 40 0
-4 -55 -11 0
-23 53 -67 0
-50 11 -15 0
21 13 -56 0
4 -21 58 0
-57 -60 41 0
20 12 30 0
39 38 30 0
12 21 66 0
66 -61 10 0
-21 -4 66 0
1 27 -53 0
36 -38 21 0
22 65 -26 0
8 15 -25 0
37 -47 -4 0
-61 5 -33 0
-30 2 60 0
-10 -32 19 0
51 16 -7 0
-22 31 15 0
-8 -26 -5 0
38 -54 33 0
-53 -45 10 0
1 -40 -38 0
-45 -51 23 0
6 -31 -36 0
-45 -59 54 0
40 17 -56 0
-44 68 8 0
19 47 4 0
23 -1 67 0
66 -38 -31 0
-1 -42 60 0
49 33 -31 0
15 -20 -38 0
10 26 34 0
60 -29 -62 0
-61 -58 -26 0
-22 -51 28 0
-37 -68 -24 0
46 -51 8 0
-26 -59 -19 0
-5 34 -42 0
-35 -8 -3 0
28 -32 -24 0
46 -66 44 0
40 35 -8 0
20 -57 -27 0
15 39 -48 0
43 -67 49 0
-36 -28 -32 0
22 -64 36 0
-54 -59 61 0
47 39 18 0
-30 -13 -15 0
15 -7 -55 0
-20 -28 14 0
-26 20 -21 0
27 43 -7 0
-53 17 35 0
37 3 -46 0
55 5 -16 0
3 14 26 0
-39 -20 -47 0
9 -49 17 0
14 -25 39 0
-67 -3 14 0
20 -37 22 0
53 -11 -1 0
-35 -43 60 0
29 14 57 0
-66 -57 -64 0
-11 -25 -30 0
-6 -29 -68 0
-16 -46 67 0
-13 34 -14 0
-64 -55 2 0
56 4 -2 0
-50 25 26 0
-57 -49 -38 0
-62 -21 -66 0
64 30 -2 0
1 3 30 0
-68 -60 -61 0
-40 20 44 0
-56 10 -41 0
66 -46 -19 0
-15 -64 -14 0
-40 15 38 0
49 26 48 0
5 57 -10 0
18 8 -26 0
6 49 -53 0
-43 -39 34 0
-28 -6 1 0
30 -34 53 0
-62 33 39 0
7 12 -47 0
-37 -34 41 0
62 -20 -21 0
6 -13 42 0
-57 56 -39 0
-39 -37 63 0
-38 -26 -30 0
47 -41 -27 0
18 14 -2 0
-50 -3 29 0
-7 20 11 0
63 -67 -44 0
60 32 -37 0
53 51 61 0
-3 60 62 0
-66 37 -16 0
17 37 -28 0
-19 30 47 0
49 48 6 0
-68 -25 26 0
-5 60 -40 0
11 43 -34 0
19 -29 23 0
36 34 27 0
-59 49 64 0
-49 -61 -48 0
50 20 -5 0
66 -44 64 0
-52 64 -47 0
5 -29 65 0
39 57 -28 0
-13 -9 3 0
36 30 57 0
-17 -12 -23 0
53 -52 36 0
63 -33 62 0
-32 -48 -50 0
-4 51 -67 0
53 -15 13 0
-18 -7 36 0
-35 -40 -31 0
37 60 40 0
56 41 24 0
51 38 -46 0
17 64 62 0
-63 36 1 0
-13 -56 32 0
28 -53 -32 0
-60 -38 -39 0
16 -3 -67 0
-54 -6 33 0
21 -39 -2 0
9 -49 -30 0
23 43 -3 0
-2 6 -43 0
24 -57 42 0
5 38 -42 0
64 -17 14 0
-39 -57 66 0
44 -28 -43 0
27 65 -22 0
47 25 -59 0
37 -58 -64 0
21 -36 -64 0
-14 10 40 0
37 -59 16 0
-23 6 -36 0
-17 65 -53 0
-21 68 10 0
47 5 1 0
1 -4 -46 0
-67 61 -60 0
9 -34 -35 0
-13 -3 -11 0
-2 -5 29 0
4 35 -8 0
-63 39 -40 0
-7 12 -40 0
-43 -44 11 0
-20 -3 65 0
63 22 -57 0
33 -17 20 0
-7 -41 -26 0
42 46 -56 0
17 -8 32 0
19 -42 -10 0
8 -41 -27 0
-24 59 32 0
-24 -63 40 0
-39 25 -38 0
19 48 -61 0
15 28 7 0
11 -7 17 0
-4 42 -12 0
66 56 43 0
-51 33 6 0
39 -6 -19 0
-55 13 32 0
6 -17 -11 0
21 30 -6 0
-26 -25 -33 0
53 -5 -27 0
33 -26 -6 0
-10 56 -6 0
-57 -67 -15 0
15 55 -40 0
10 25 22 0
-62 41 -57 0
-18 -53 -68 0
16 -33 1 0
51 25 -8 0
63 -67 48 0
57 47 -13 0
41 -33 52 0
22 56 13 0
-32 -61 -41 0
36 -32 41 0
-62 -57 33 0
-24 -19 15 0
64 1 17 0
52 13 41 0
33 -21 -11 0
-22 -63 27 0
-37 53 64 0
-31 -65 -15 0
44 34 57 0
29 -8 -60 0
6 -10 -5 0
-26 -65 -37 0
36 38 29 0
-18 12 28 0
57 10 -20 0
56 -4 -44 0
67 -46 40 0
64 -52 -56 0
52 -48 -13 0
-37 35 22 0
-19 5 49 0
-37 -43 -35 0
19 -11 -59 0
-25 59 -54 0
-16 -23 -60 0
43 6 20 0
40 32 30 0
36 -44 -30 0
43 -24 -46 0
54 46 -61 0
50 28 -67 0
