p 66 281
16 -3 -33 0
51 -56 30 0
-11 -21 -30 0
14 35 60 0
-47 64 -20 0
59 27 -66 0
66 -24 -44 0
59 11 13 0
-61 -52 -57 0
-10 -11 54 0
6 -53 58 0
-42 -29 -39 0
-9 -6 -7 0
-55 -37 26 0
15 -41 21 0
-22 -36 62 0
-8 -54 -39 0
-29 -25 -21 0
34 -52 53 0
-57 35 -22 0
31 15 -49 0
-57 -4 -52 0
-52 3 54 0
2 -50 52 0
-36 33 15 0
-50 64 -61 0
36 -10 30 0
-1 57 22 0
-63 -7 -13 0
-18 15 64 0
27 -39 -17 0
12 -1 -7 0
-21 30 7 0
65 42 -56 0
66 59 51 0
-7 64 63 0
43 4 -1 0
-45 -21 -41 0
31 -10 40 0
57 -61 -27 0
-33 -61 51 0
17 -6 -51 0
31 57 -36 0
53 50 -4 0
22 61 -3 0
52 -26 -45 0
-10 64 58 0
21 -23 60 0
-64 63 -57 0
-46 52 -39 0
23 -43 -28 0
-5 -8 48 0
30 35 60 0
44 -2 28 0
38 -27 13 0
15 -20 46 0
-45 -48 -6 0
-9 -50 -22 0
46 -11 -60 0
-9 -36 26 0
7 62 -32 0
-63 -60 -1 0
21 31 -57 0
-26 41 -63 0
35 -12 -60 0
14 -7 1 0
-1 -16 -45 0
53 38 10 0
-2 42 51 0
-54 -7 -58 0
50 23 29 0
-26 -41 -10 0
-5 25 52 0
-19 -25 -46 0
-3 -16 -7 0
-26 -50 57 0
16 21 49 0
-19 -38 -58 0
-18 22 -27 0
-42 -8 -6 0
62 46 20 0
36 -2 -40 0
-17 51 2 0
32 35 -18 0
-10 39 -38 0
35 38 -17 0
26 -4 42 0
17 -50 14 0
-4 11 -21 0
1 -28 19 0
63 25 -8 0
-24 -10 -66 0
-47 32 -66 0
10 5 17 0
-16 -64 4 0
-39 -20 30 0
51 44 53 0
33 -46 14 0
-45 -61 -32 0
8 29 -17 0
-53 -36 -18 0
21 -24 -11 0
11 15 38 0
-54 -57 25 0
20 -59 -56 0
64 -62 42 0
-7 8 -50 0
20 8 25 0
50 9 -25 0
-4 19 46 0
-50 -29 -46 0
-6 -8 -1 0
18 15 -43 0
20 -47 -17 0
-39 -10 11 0
51 10 15 0
47 43 -15 0
60 12 -41 0
1 -48 65 0
-15 63 17 0
-58 22 -64 0
-33 -43 -13 0
37 -50 22 0
25 18 12 0
-30 -32 42 0
31 47 -3 0
52 -13 9 0
53 40 -22 0
-12 -16 -6 0
-31 -13 -6 0
-64 52 -34 0
58 49 29 0
-65 -59 -22 0
-3 -43 -62 0
-6 -28 -40 0
57 -66 1 0
3 -52 19 0
-22 21 26 0
45 25 11 0
63 -62 59 0
54 36 -18 0
-20 25 26 0
22 27 -5 0
-4 -43 50 0
-12 -52 -22 0
-25 -38 -9 0
-2 21 46 0
17 60 -51 0
40 -29 66 0
35 28 1 0
25 18 -13 0
-22 -32 45 0
5 -35 27 0
10 59 26 0
33 -35 57 0
-27 8 -14 0
64 22 21 0
30 -47 9 0
-65 -56 -52 0
3 -1 -37 0
56 62 -60 0
-24 35 5 0
41 14 30 0
8 -17 37 0
63 -20 10 0
15 -3 10 0
33 -1 -60 0
63 -17 44 0
65 -12 -37 0
36 65 60 0
13 -28 5 0
-62 25 46 0
-9 59 23 0
-38 17 -8 0
32 -36 -43 0
32 21 64 0
-8 50 -37 0
6 14 -13 0
5 3 -46 0
14 -46 43 0
15 -24 -9 0
-13 4 46 0
-56 32 57 0
-59 -43 -24 0
-29 -24 52 0
-43 -3 19 0
3 -32 -52 0
-21 -45 39 0
-54 24 34 0
55 -5 41 0
-1 -37 42 0
16 -23 7 0
21 -60 -5 0
33 11 -19 0
66 -23 -7 0
38 -32 -34 0
23 52 51 0
24 -4 32 0
62 -20 66 0
21 50 3 0
-53 -36 -28 0
65 12 1 0
25 -2 -36 0
54 -11 38 0
54 21 -33 0
-10 12 -45 0
3 -33 28 0
52 47 -16 0
52 20 -24 0
-34 58 -5 0
-42 -4 56 0
-3 -32 35 0
16 36 -21 0
9 -34 15 0
-9 -35 -3 0
-10 -13 -15 0
62 53 -5 0
6 -57 7 0
-32 50 29 0
46 61 37 0
-13 39 49 0
-12 54 -66 0
-19 43 65 0
23 -21 -30 0
12 54 -22 0
62 -2 28 0
51 40 15 0
-34 -33 21 0
6 -44 48 0
-42 7 62 0
-43 -17 13 0
40 38 -45 0
-49 -1 6 0
-59 63 53 0
22 10 35 0
-58 16 -57 0
-10 59 2 0
-22 37 18 0
11 39 35 0
-44 57 30 0
56 -30 -6 0
-4 46 -15 0
14 -59 -15 0
-44 -3 -32 0
-56 -25 -63 0
-30 -55 -35 0
22 59 -15 0
43 -7 24 0
-54 -55 26 0
37 -41 2 0
65 -47 -18 0
-43 -20 27 0
-58 -3 -54 0
-58 -22 -53 0
-64 -43 -46 0
-41 -47 5 0
58 36 -50 0
-17 18 10 0
-51 55 52 0
-34 51 49 0
46 34 -15 0
56 13 -43 0
-13 24 17 0
-43 64 9 0
63 21 28 0
-47 -11 61 0
-34 -41 66 0
30 -64 -58 0
-24 33 22 0
20 11 -21 0
-55 -11 62 0
43 -23 -5 0
11 -6 -65 0
26 20 -19 0
-8 10 -20 0
64 10 1 0
42 18 -1 0
-56 41 -13 0
-39 44 -54 0
25 -60 66 0
52 -61 -34 0
