p 78 332
2 -7 -23 0
45 13 -44 0
-32 70 -19 0
76 -51 23 0
-25 14 73 0
23 -78 -10 0
-6 62 61 0
44 -26 16 0
-5 -45 -17 0
-52 13 -30 0
-9 -2 66 0
66 -5 -20 0
-18 54 68 0
48 54 -31 0
-78 75 -6 0
41 -53 42 0
-22 -72 -11 0
17 74 -16 0
19 73 -38 0
12 1 -15 0
-39 -49 12 0
2 -43 24 0
-21 11 -17 0
-66 -39 68 0
27 62 -57 0
40 -67 75 0
5 6 -57 0
-66 -32 51 0
50 -15 11 0
-9 -27 -39 0
-50 -28 -39 0
-56 44 -15 0
-17 -20 -7 0
-32 -11 -7 0
25 4 -53 0
-13 -66 43 0
-6 -64 -39 0
-27 40 -22 0
20 -42 -69 0
-26 -65 -14 0
-68 16 5 0
56 -32 -19 0
-46 48 -35 0
17 43 -42 0
-3 -77 -13 0
32 -41 75 0
71 -10 -18 0
-70 31 -48 0
-46 17 -21 0
-76 -28 13 0
70 37 77 0
-18 -39 -14 0
64 -69 -52 0
-49 -3 -57 0
9 -29 -33 0
64 67 -58 0
10 40 47 0
-43 -76 -71 0
-43 34 -63 0
29 -45 70 0
-4 68 50 0
75 66 -73 0
25 -44 40 0
-66 50 31 0
-44 13 -58 0
41 71 -38 0
-44 -18 -13 0
-5 -32 -33 0
-72 40 58 0
-63 20 -38 0
-62 -18 -55 0
-71 6 -39 0
17 56 40 0
17 -59 46 0
-35 -22 43 0
22 -4 63 0
42 69 49 0
38 46 -20 0
21 -69 72 0
50 61 -54 0
-76 -50 6 0
34 -49 -77 0
-9 36 -47 0
-9 -14 36 0
2 -54 -26 0
-23 77 27 0
-41 76 -42 0
-39 -56 20 0
-26 -64 -49 0
-67 -43 31 0
29 -45 78 0
51 -59 35 0
-76 -56 -16 0
58 39 72 0
-77 -54 -41 0
68 46 -52 0
-66 32 -62 0
-57 45 -47 0
78 71 36 0
-58 37 -22 0
-30 -42 -44 0
-71 44 -53 0
37 15 13 0
31 -51 30 0
2 -66 -67 0
8 -21 12 0
-49 27 -45 0
38 76 30 0
-25 -33 -61 0
-56 -72 1 0
69 63 -57 0
61 -3 56 0
-23 38 33 0
-64 68 75 0
-71 -78 -3 0
-71 19 72 0
-54 23 11 0
63 -57 5 0
-25 16 -72 0
-48 -24 62 0
-1 39 -63 0
52 15 1 0
37 45 26 0
-28 25 -50 0
-5 71 -69 0
-75 -45 11 0
-2 20 51 0
71 22 77 0
51 7 4 0
62 -54 -50 0
-28 67 -69 0
18 36 -30 0
-42 -72 40 0
18 68 70 0
-62 54 -77 0
-44 31 74 0
20 24 -13 0
61 -42 -43 0
4 60 -18 0
11 -45 -76 0
-45 -1 -59 0
-47 -22 -16 0
-72 -19 -22 0
-34 53 -9 0
-49 -5 56 0
58 -60 -61 0
34 63 71 0
52 -6 45 0
-27 33 -7 0
46 52 41 0
-78 -75 51 0
-2 -24 -19 0
-43 -67 72 0
-30 -13 -26 0
27 7 -69 0
22 6 -26 0
-18 -33 71 0
37 -73 -54 0
-56 63 -71 0
-72 -28 -59 0
-20 18 -29 0
71 -61 32 0
-53 33 -56 0
55 32 -41 0
46 -4 22 0
22 -35 -47 0
-33 -31 71 0
41 -69 -72 0
-49 27 75 0
-31 68 -55 0
-25 -65 -49 0
-42 65 13 0
12 -68 57 0
70 32 -62 0
-22 37 30 0
62 -72 43 0
36 55 -10 0
-47 -53 -41 0
34 40 8 0
-32 -28 -33 0
-17 69 -7 0
42 -19 30 0
50 6 -45 0
63 -52 -1 0
-27 23 -64 0
-50 78 48 0
67 13 23 0
29 70 7 0
-59 48 -42 0
64 -70 -57 0
-28 52 76 0
41 -59 -42 0
-41 -15 -66 0
33 41 -25 0
-61 32 47 0
-37 8 -22 0
-22 -31 -21 0
-10 -52 -26 0
-61 -75 3 0
-75 64 -19 0
-51 -15 38 0
51 -45 59 0
16 -74 38 0
-11 76 -22 0
22 23 5 0
-27 45 29 0
13 65 46 0
19 -4 52 0
-18 41 69 0
-25 -5 -64 0
-21 -27 44 0
-74 11 7 0
-11 31 52 0
4 20 -68 0
75 42 26 0
10 34 63 0
-46 -57 -36 0
35 19 -73 0
14 73 77 0
-32 -22 -41 0
1 57 65 0
65 59 -39 0
-60 66 -6 0
-66 12 30 0
36 48 -5 0
-27 16 -18 0
-35 8 2 0
-39 48 -16 0
77 60 -70 0
-5 15 -61 0
11 55 25 0
-48 -60 -69 0
-46 19 64 0
61 -5 78 0
59 32 21 0
51 -1 -34 0
3 5 -31 0
-64 -22 63 0
-74 59 -29 0
10 -44 77 0
-65 55 -75 0
61 -16 45 0
16 72 -31 0
-52 -31 18 0
-41 -53 -6 0
2 1 28 0
11 15 3 0
41 8 40 0
-64 -52 56 0
69 -47 -53 0
9 56 69 0
-55 -35 77 0
35 70 20 0
-74 -75 -42 0
-65 -68 -55 0
-57 -12 -18 0
-65 33 -43 0
4 -43 -53 0
-69 -6 -71 0
76 -15 78 0
15 -12 -2 0
-63 -60 55 0
56 43 -24 0
-60 -75 53 0
-63 41 43 0
-38 -5 -39 0
-40 -58 -67 0
-11 -9 -67 0
-43 -50 65 0
-69 -33 7 0
-70 52 -42 0
24 -50 -16 0
65 18 39 0
-39 -3 -41 0
-47 20 -2 0
-24 70 -20 0
-75 -20 72 0
28 -7 -62 0
34 -1 -15 0
-18 63 4 0
-65 -26 -23 0
-12 56 2 0
-39 -47 -57 0
-26 -70 4 0
-9 2 -23 0
-25 -39 -34 0
-69 -27 9 0
29 18 -23 0
-44 54 68 0
28 -37 -35 0
-63 62 24 0
57 -76 6 0
-10 -11 57 0
14 4 -53 0
6 15 -11 0
-55 -22 26 0
38 -63 20 0
-66 52 26 0
25 12 -60 0
38 -17 10 0
55 70 -46 0
-77 -44 17 0
-31 -12 -40 0
-7 -39 -54 0
37 7 -2 0
29 11 4 0
6 -48 27 0
4 16 -78 0
-2 45 -78 0
11 31 69 0
-51 59 -50 0
-43 7 74 0
14 9 29 0
-39 2 3 0
13 4 9 0
-74 52 26 0
-68 34 -3 0
-75 65 -37 0
-51 -44 70 0
-60 -61 35 0
-24 23 -76 0
-29 6 44 0
-25 -23 9 0
29 1 26 0
23 58 32 0
52 44 18 0
8 14 -75 0
-25 -70 -34 0
-7 -27 10 0
-29 -8 -25 0
-56 -55 73 0
-23 44 -47 0
