p 89 379
79 18 -32 0
-61 60 -2 0
-67 -8 49 0
1 16 -89 0
78 84 23 0
75 13 21 0
1 -80 3 0
-85 43 -64 0
8 -2 26 0
22 -5 -26 0
-34 -44 77 0
57 -23 -65 0
-83 80 -7 0
49 -38 18 0
-61 31 22 0
-25 80 40 0
-64 85 -9 0
23 -37 71 0
-8 76 87 0
-44 -21 -61 0
34 22 -68 0
54 -79 -52 0
-27 83 -23 0
-50 -40 -15 0
-20 -84 26 0
9 -14 3 0
-35 57 -26 0
43 53 4 0
5 -60 -61 0
-49 18 -32 0
86 72 -54 0
-66 74 62 0
-48 -84 35 0
-75 76 46 0
-2 -67 52 0
30 -87 56 0
3 84 -27 0
-29 -30 -12 0
72 -83 -36 0
-31 61 64 0
-52 -6 -7 0
-89 -8 -47 0
66 -25 20 0
-12 11 46 0
-84 66 -53 0
-72 -73 -74 0
72 -32 15 0
27 2 -86 0
-14 -44 -82 0
-50 -35 -52 0
14 60 47 0
55 -34 16 0
16 -63 11 0
-80 -34 22 0
55 -29 2 0
-45 11 -17 0
-64 -24 81 0
-33 19 80 0
-36 58 73 0
-83 34 76 0
-9 -55 32 0
-19 36 -88 0
48 -49 -25 0
-54 29 79 0
8 -54 -69 0
5 -69 -3 0
15 41 13 0
-12 89 17 0
45 -8 50 0
30 7 -22 0
51 55 16 0
74 -4 84 0
-56 77 71 0
61 81 -22 0
17 3 -47 0
11 -74 -43 0
-9 25 10 0
58 -66 -37 0
52 86 -67 0
21 42 -20 0
-89 -15 -4 0
77 44 -61 0
-75 30 47 0
28 68 63 0
31 40 46 0
65 41 -58 0
30 -81 35 0
-82 45 -8 0
54 -66 8 0
7 42 -79 0
-37 -8 68 0
-82 -86 45 0
69 -25 -34 0
-17 31 66 0
-52 -4 -6 0
51 19 72 0
16 -15 58 0
-87 -5 -30 0
64 -47 -32 0
15 -55 -66 0
69 87 -22 0
-73 40 47 0
-47 -81 84 0
24 59 12 0
16 72 -28 0
-60 74 -77 0
66 -79 77 0
78 83 -75 0
74 52 -29 0
-80 -60 47 0
18 -41 -5 0
22 -5 -44 0
2 12 68 0
22 -64 27 0
-8 -14 56 0
-52 -54 73 0
47 67 -41 0
-56 -7 -18 0
-43 -21 24 0
-2 49 69 0
24 -45 -19 0
15 88 -71 0
-30 39 70 0
-68 1 71 0
73 -37 41 0
20 17 40 0
-64 82 -23 0
-22 -69 81 0
-68 47 -26 0
-49 25 1 0
-76 -77 8 0
-45 21 34 0
72 42 -71 0
12 -19 -29 0
-10 55 -15 0
25 -9 88 0
51 -42 74 0
-67 78 33 0
-89 1 51 0
27 30 34 0
42 -48 29 0
-35 -47 -71 0
53 -79 -83 0
-25 -45 -86 0
-40 -78 -56 0
19 -66 33 0
74 -45 53 0
-57 58 89 0
-78 2 58 0
6 22 54 0
64 -71 -25 0
-59 -61 78 0
3 12 -39 0
-49 -74 -80 0
23 -34 50 0
-58 -52 8 0
-37 -1 60 0
-72 -1 -75 0
-4 39 63 0
64 3 89 0
44 -88 4 0
48 -27 1 0
51 -5 50 0
-12 77 55 0
27 51 -75 0
71 -3 -7 0
12 35 -33 0
76 -16 28 0
-4 -35 15 0
33 -58 60 0
-84 -61 -70 0
-30 26 18 0
-33 64 16 0
-63 22 -65 0
-6 -41 80 0
-40 78 -37 0
-86 -34 -64 0
-49 -79 -29 0
-64 58 -2 0
19 -22 -83 0
25 67 -52 0
58 -59 26 0
-51 -27 40 0
-23 -73 -39 0
58 -63 -36 0
42 81 -30 0
-14 -86 -81 0
-54 -5 19 0
3 57 -65 0
64 -75 -73 0
68 86 -78 0
13 -50 -44 0
38 -76 73 0
-57 23 -21 0
30 -66 63 0
-43 -84 -72 0
-65 -84 18 0
-45 54 -51 0
-64 -80 89 0
64 32 -26 0
63 -77 -51 0
60 3 50 0
-80 -29 -47 0
-56 -38 50 0
-7 -16 48 0
-51 -54 27 0
-24 65 -88 0
51 -63 -7 0
51 -68 34 0
-19 67 -2 0
58 3 -70 0
-20 -7 -80 0
56 -75 84 0
-89 -74 -73 0
8 75 -12 0
-79 29 49 0
-18 61 -11 0
-86 8 -67 0
-65 5 -13 0
-51 10 40 0
7 -86 89 0
-23 63 29 0
-74 -50 72 0
-3 26 -24 0
-22 48 -53 0
-81 74 44 0
-89 -21 -27 0
88 -28 58 0
-21 -20 3 0
-10 -33 -16 0
12 -30 87 0
-57 31 -19 0
54 21 -50 0
21 -31 19 0
-5 47 -51 0
87 22 -42 0
-24 -49 84 0
76 12 -60 0
58 -61 57 0
-24 -1 15 0
-46 -4 51 0
-42 76 12 0
-51 86 14 0
-47 -76 -52 0
-4 41 -27 0
69 6 -43 0
-51 15 17 0
36 -3 58 0
-24 32 -12 0
35 -2 9 0
-72 -85 16 0
-12 3 45 0
78 64 -50 0
-30 -60 41 0
85 -50 -73 0
70 12 17 0
2 -16 -47 0
47 -57 -1 0
-60 -63 65 0
55 -14 35 0
32 -49 58 0
-75 73 -3 0
-78 60 -65 0
-68 -75 49 0
84 59 -7 0
79 15 13 0
-11 -27 -75 0
20 -14 -24 0
66 -76 -21 0
-35 29 -11 0
36 9 17 0
-75 -25 -85 0
-14 -18 38 0
-27 -24 39 0
-87 -18 67 0
69 17 28 0
82 34 28 0
-17 -1 -2 0
12 73 -32 0
58 -75 -11 0
89 -19 -36 0
7 21 44 0
-1 57 -86 0
-81 -62 -29 0
62 -30 -68 0
30 -40 15 0
81 -71 -65 0
27 -40 75 0
55 89 -77 0
-6 27 16 0
-83 35 60 0
-36 12 34 0
48 55 34 0
-12 82 -72 0
-86 78 -45 0
-11 -10 40 0
-87 -4 -86 0
-14 -49 -3 0
-49 -6 -18 0
-27 1 63 0
-70 69 -84 0
-59 -26 -8 0
82 41 45 0
-38 -67 14 0
3 -14 -19 0
-42 39 51 0
-69 7 -33 0
78 19 16 0
-66 -15 -71 0
-46 -42 66 0
-76 81 38 0
1 30 49 0
61 -76 8 0
-17 78 -56 0
16 14 38 0
69 -54 -37 0
-32 -3 -9 0
-49 72 -79 0
-21 68 84 0
-25 -34 24 0
-79 49 -26 0
1 45 -11 0
-19 -2 -57 0
-4 2 78 0
-27 55 -5 0
47 -85 -49 0
-86 87 -81 0
29 -49 26 0
-49 -70 -34 0
31 75 -9 0
83 -57 -24 0
-52 18 -44 0
-22 44 -17 0
-36 -70 -30 0
-38 37 -85 0
-69 58 14 0
-31 -27 53 0
63 -86 45 0
51 -85 25 0
-33 -10 9 0
-21 -53 73 0
-38 73 69 0
-88 -86 32 0
-57 -9 79 0
-63 22 -15 0
-27 1 -48 0
-73 54 26 0
-35 -34 81 0
66 -46 13 0
70 1 10 0
5 -3 -9 0
-55 28 -20 0
-15 -24 83 0
65 -82 85 0
20 81 68 0
67 81 -85 0
-20 42 -45 0
1 4 30 0
-25 -85 -62 0
43 -48 -22 0
-16 -28 -31 0
72 -31 -77 0
-6 -65 48 0
-53 -7 19 0
7 -89 9 0
13 -5 -44 0
-54 -21 2 0
40 -23 32 0
7 57 -87 0
81 65 72 0
66 48 51 0
-19 48 85 0
63 -64 -76 0
-25 -29 19 0
86 37 -67 0
47 88 23 0
11 74 61 0
-26 -15 -36 0
65 10 -38 0
