p 44 187
-20 -22 -24 0
-5 -8 30 0
-9 8 19 0
20 -11 25 0
9 16 44 0
35 11 24 0
-37 -11 -4 0
7 37 4 0
-17 -44 -41 0
-6 -17 -23 0
12 20 19 0
26 32 16 0
-11 37 -30 0
42 14 -12 0
-27 40 -28 0
15 -28 25 0
-13 -25 -31 0
10 23 -44 0
31 -21 32 0
23 -33 -41 0
3 -34 -9 0
40 -36 -27 0
-3 31 -9 0
-44 38 -24 0
-4 33 26 0
12 34 -30 0
-17 -6 10 0
16 -12 39 0
39 -31 -32 0
-39 -28 7 0
-3 -34 19 0
3 -10 -32 0
30 -44 -22 0
-14 21 1 0
12 -2 32 0
-21 43 15 0
-21 13 -26 0
-37 8 5 0
19 -40 29 0
-9 -3 -23 0
3 37 -11 0
-1 38 -40 0
-13 2 25 0
4 -21 -34 0
20 -12 -39 0
5 17 -9 0
19 25 -39 0
-25 22 -3 0
-1 12 -17 0
-6 43 5 0
-44 31 -26 0
-14 8 10 0
-36 -40 -43 0
31 -2 -11 0
-42 -2 -34 0
29 7 24 0
42 -32 -28 0
4 -11 3 0
-3 -17 12 0
3 37 18 0
-29 18 -12 0
-29 -41 44 0
-35 18 -5 0
23 -11 3 0
13 -12 19 0
32 -36 -38 0
-44 43 10 0
38 28 -35 0
24 35 -34 0
44 -12 34 0
39 11 35 0
6 -8 43 0
21 -31 34 0
-44 -21 -6 0
30 27 8 0
-18 -15 42 0
37 -32 4 0
31 8 -21 0
-29 1 11 0
-16 33 10 0
1 8 41 0
-12 26 25 0
-43 -1 -42 0
-26 27 1 0
-39 33 -36 0
32 -42 -4 0
-12 44 38 0
37 -32 18 0
10 -28 8 0
-13 28 -12 0
-8 -12 -28 0
-33 -11 -10 0
-34 -4 33 0
2 32 -4 0
14 27 -15 0
14 21 -38 0
-3 13 43 0
21 -33 17 0
-38 23 31 0
1 40 -31 0
29 42 36 0
-20 -3 44 0
10 -34 -3 0
6 -14 26 0
29 3 22 0
40 14 25 0
-36 42 33 0
33 23 -22 0
-14 -43 -13 0
-12 32 -33 0
-20 37 -16 0
-40 12 34 0
-21 -44 -1 0
7 -32 16 0
-44 -29 -26 0
-8 39 31 0
25 36 -43 0
8 34 11 0
23 24 -17 0
-4 -42 8 0
-2 25 -43 0
1 -33 20 0
4 -34 -3 0
-6 -43 28 0
-30 -29 -22 0
5 35 26 0
-30 37 24 0
4 -42 31 0
-22 26 16 0
36 1 -13 0
42 27 -31 0
-21 3 1 0
-34 -14 37 0
-34 35 -31 0
-11 37 1 0
-42 -21 -9 0
-7 38 35 0
-20 -15 -24 0
-4 -20 7 0
-17 4 -32 0
44 22 2 0
-21 7 17 0
13 14 2 0
5 -7 3 0
35 -22 15 0
37 -24 22 0
40 -21 29 0
-34 19 -32 0
5 8 21 0
-32 21 -6 0
-15 -6 41 0
-38 22 -10 0
26 -44 -40 0
-44 21 -13 0
14 11 7 0
4 -17 -24 0
-7 29 -4 0
12 -3 -21 0
8 -27 -33 0
28 -25 -19 0
26 30 22 0
-22 34 1 0
-27 25 -20 0
-29 -2 -12 0
-4 -16 5 0
29 11 -23 0
44 -9 -40 0
-20 24 36 0
-6 13 5 0
40 2 36 0
-31 14 -36 0
8 17 21 0
23 8 -19 0
5 -19 -39 0
-1 29 -20 0
-15 1 -17 0
-23 13 -3 0
22 -17 27 0
-38 -35 -37 0
-3 -16 41 0
-29 16 -39 0
-18 28 -43 0
-7 -4 -14 0
-38 43 -25 0
40 21 -37 0
-28 8 -29 0
-34 19 32 0
