p 38 161
-19 24 -32 0
-36 12 -34 0
-18 -3 -9 0
22 14 -19 0
3 4 6 0
2 6 18 0
8 19 20 0
6 -32 36 0
27 2 -29 0
5 2 13 0
35 -1 6 0
8 28 -26 0
-38 32 -37 0
-25 -2 -10 0
-24 30 -37 0
-36 -37 -13 0
-5 -25 -1 0
12 -37 -31 0
-13 34 -3 0
21 23 -28 0
12 19 -35 0
11 -38 1 0
23 25 -21 0
24 22 21 0
15 38 -21 0
2 15 22 0
2 21 5 0
-5 -37 32 0
6 29 -35 0
15 -31 13 0
37 32 15 0
34 -27 38 0
18 25 -16 0
35 12 -21 0
15 14 34 0
10 19 -7 0
-21 -31 -22 0
33 16 -10 0
6 32 -21 0
14 9 -3 0
21 -3 -28 0
36 -33 -16 0
28 -8 29 0
-22 14 5 0
10 -13 -38 0
-3 38 -18 0
6 23 -16 0
20 13 35 0
25 11 -22 0
-19 28 36 0
-29 -31 -5 0
26 5 38 0
-12 19 27 0
3 1 -35 0
11 -6 33 0
1 10 18 0
36 31 7 0
23 -31 25 0
20 -8 -21 0
-35 -22 4 0
34 -12 25 0
2 -33 34 0
-33 -12 -15 0
-12 7 1 0
27 1 36 0
-1 22 -35 0
-11 9 -24 0
-22 -4 -20 0
-28 -27 8 0
-10 15 -20 0
16 3 -8 0
-26 -15 -16 0
-5 11 3 0
6 31 -2 0
21 9 13 0
1 -17 -19 0
24 20 35 0
8 24 -18 0
13 28 14 0
-26 2 -32 0
23 -34 -21 0
29 20 -23 0
-2 -24 -13 0
-7 -1 -19 0
-3 11 -38 0
24 -3 -36 0
11 6 12 0
29 -25 -38 0
28 -36 4 0
-32 -23 35 0
-32 18 -7 0
-30 -25 18 0
-1 4 -30 0
-9 7 -5 0
-10 -19 7 0
-5 12 4 0
22 -24 35 0
20 -4 -29 0
-13 29 -8 0
14 19 -22 0
34 -19 -28 0
-16 -29 30 0
5 -15 -36 0
15 1 -28 0
-10 -8 -27 0
21 26 -2 0
20 -13 31 0
-21 15 -5 0
18 -22 -27 0
-33 30 17 0
-8 -24 3 0
-17 -14 20 0
-4 -27 5 0
26 -10 29 0
9 18 35 0
-13 17 18 0
19 -12 -15 0
-6 9 -21 0
-17 -21 -26 0
38 -12 -23 0
-2 -3 -10 0
-12 25 -4 0
-30 15 29 0
-19 -10 -18 0
35 -37 7 0
-27 -13 34 0
24 29 3 0
35 -27 14 0
21 16 24 0
-21 14 24 0
-25 -20 -8 0
-14 3 17 0
27 8 -36 0
13 33 -3 0
-19 29 26 0
-19 -2 14 0
18 21 -32 0
6 -28 26 0
18 -26 12 0
28 18 -22 0
-30 5 -36 0
23 21 -8 0
20 5 24 0
11 -37 33 0
-9 38 3 0
15 19 28 0
-8 24 -35 0
29 -13 33 0
7 13 33 0
-14 21 -9 0
28 25 23 0
-23 -21 6 0
15 26 17 0
10 -15 19 0
-25 -31 26 0
-18 -4 20 0
-1 -7 23 0
-3 33 -27 0
20 18 27 0
5 17 4 0
6 34 -38 0
