p 88 374
38 32 -67 0
43 -1 -82 0
84 -42 43 0
-65 -4 -46 0
25 -65 -73 0
-49 -8 -51 0
-82 -31 72 0
53 29 -4 0
34 -72 -33 0
25 33 61 0
10 -85 -83 0
1 16 -75 0
-11 52 -63 0
-51 -29 1 0
-31 44 88 0
35 52 1 0
-8 -12 -51 0
55 -45 54 0
-86 69 -82 0
-56 35 24 0
19 -51 -4 0
24 -73 25 0
23 41 27 0
-46 -76 -8 0
-50 53 5 0
-32 -65 -8 0
4 -75 -31 0
7 -15 -66 0
-4 -28 -55 0
-77 52 82 0
87 26 82 0
12 -77 49 0
-1 -79 -31 0
37 75 -5 0
5 -20 -4 0
19 64 24 0
-87 12 78 0
-69 -45 -34 0
-12 -73 -32 0
-39 -71 64 0
22 -75 66 0
55 -7 -35 0
-13 -40 -55 0
-20 -72 -44 0
27 44 -12 0
-62 -57 44 0
59 78 8 0
88 45 25 0
35 22 76 0
52 27 -85 0
-76 14 68 0
-58 -72 74 0
-23 76 15 0
-63 41 31 0
-25 -33 -85 0
-84 42 -50 0
-29 27 -35 0
2 -47 36 0
79 2 -62 0
55 -32 4 0
67 11 -71 0
-26 -11 -48 0
-26 -24 36 0
-54 -11 -25 0
53 -39 18 0
33 71 85 0
22 -82 45 0
47 -82 72 0
64 -37 38 0
-3 -7 -55 0
-65 -35 -80 0
61 -2 -60 0
-22 -40 -49 0
62 -43 -84 0
20 -40 73 0
-13 -34 78 0
-10 -68 84 0
-51 -9 -72 0
-57 60 -86 0
-36 -52 -25 0
10 -87 43 0
33 83 53 0
16 -71 -18 0
-53 3 -27 0
62 -3 -15 0
77 -64 36 0
15 -29 27 0
39 -70 -66 0
63 86 -61 0
28 -77 3 0
10 -8 59 0
-54 43 -13 0
-55 1 50 0
-45 -79 -26 0
-79 84 -34 0
-28 -80 49 0
6 70 53 0
85 -78 -8 0
23 -41 -24 0
33 12 -18 0
12 84 -68 0
9 -20 38 0
-66 -31 -22 0
-79 74 -66 0
62 -3 -21 0
-84 -69 57 0
-80 -71 39 0
-12 45 -32 0
21 -50 16 0
55 45 -83 0
-81 88 -59 0
-78 28 -11 0
19 -56 46 0
-72 -80 -86 0
50 3 32 0
36 -37 -63 0
70 -29 -45 0
-9 -76 -82 0
8 -65 -46 0
-71 76 7 0
-22 -23 85 0
78 31 55 0
62 49 -17 0
73 32 -66 0
-34 19 75 0
-80 -70 -35 0
-30 -54 -20 0
2 82 -15 0
86 -75 65 0
47 -66 -58 0
52 -20 47 0
60 -73 37 0
32 -15 -72 0
-36 40 -82 0
16 -65 -69 0
61 -41 73 0
-17 28 -50 0
46 -54 29 0
-20 -70 -11 0
-36 -75 -1 0
67 47 68 0
-34 15 -58 0
-16 13 -19 0
-60 79 22 0
20 2 -24 0
-32 44 -66 0
68 69 29 0
-9 61 50 0
30 81 7 0
31 7 -45 0
43 41 46 0
3 -53 -44 0
41 67 -22 0
-16 45 -1 0
-37 -53 -34 0
-15 -42 -41 0
3 -51 -61 0
-70 -86 -28 0
-14 62 7 0
86 3 12 0
47 -72 2 0
-10 -88 65 0
64 56 61 0
-7 -59 -58 0
-29 -19 62 0
-76 -55 -3 0
-67 -65 -41 0
24 -7 -70 0
-61 -30 -20 0
-67 33 8 0
-14 -19 -61 0
-72 26 -42 0
-54 -46 -82 0
8 -5 -71 0
84 67 80 0
-54 5 61 0
53 40 -6 0
1 55 39 0
44 74 27 0
-3 51 69 0
-41 -25 6 0
-46 -86 -18 0
9 -56 -51 0
-9 11 -16 0
-65 69 49 0
68 20 24 0
20 -69 -9 0
15 -28 63 0
-48 13 66 0
37 57 -23 0
-19 11 24 0
-77 -28 2 0
-55 -49 68 0
-27 -59 43 0
-18 46 79 0
52 88 77 0
-50 7 -21 0
69 -45 4 0
-14 41 -57 0
-39 84 -46 0
-19 24 -43 0
-70 -50 -6 0
71 80 18 0
41 -82 -19 0
-68 -84 -64 0
-34 -45 82 0
84 -1 56 0
66 17 22 0
41 -55 46 0
-87 -78 -12 0
41 16 40 0
60 7 -13 0
-3 45 66 0
10 12 41 0
72 23 67 0
45 -35 74 0
-76 -62 39 0
-19 -21 -77 0
-86 -1 -53 0
-65 -73 -68 0
31 -37 -66 0
-59 -88 -35 0
-2 -4 -48 0
-57 82 -53 0
51 -5 -48 0
36 67 -71 0
75 -41 -48 0
54 32 -25 0
5 -32 15 0
24 37 73 0
-69 -44 -32 0
16 62 81 0
87 17 -25 0
36 -50 55 0
18 19 -2 0
-64 24 -51 0
-10 -88 20 0
10 -68 -74 0
-12 -10 -65 0
-56 -80 -78 0
-4 71 70 0
-44 -23 -57 0
-39 -59 -14 0
60 -48 -20 0
-46 -61 -76 0
31 -39 -4 0
-76 -61 -27 0
86 42 -28 0
-12 -35 -44 0
-9 33 -88 0
-7 82 -41 0
-55 -49 -16 0
76 -38 -58 0
84 29 -74 0
-30 -16 -43 0
33 -22 79 0
-31 61 -66 0
-19 64 86 0
-54 65 11 0
66 -52 -27 0
68 46 -10 0
61 20 -8 0
55 -23 -33 0
-17 81 -6 0
40 7 64 0
-87 44 -55 0
-47 17 58 0
6 -62 -11 0
-46 4 58 0
-24 20 84 0
-48 -35 -4 0
26 35 -83 0
-63 25 13 0
5 88 75 0
48 -53 -27 0
23 -72 40 0
88 -67 -81 0
15 -67 -87 0
25 -44 -71 0
-48 -3 -73 0
-80 41 -12 0
-71 67 70 0
-65 81 72 0
83 86 19 0
80 -17 -69 0
-51 77 57 0
-12 64 27 0
-36 19 27 0
86 -49 7 0
12 -3 -33 0
38 12 47 0
-57 -56 11 0
-6 -53 40 0
-2 -85 32 0
30 -19 54 0
-32 5 -68 0
-59 2 -28 0
-27 54 -24 0
-44 80 -37 0
-80 81 -7 0
18 -30 36 0
31 9 30 0
-52 50 85 0
-31 35 66 0
-8 17 50 0
57 -78 36 0
-37 -23 -30 0
-51 -50 32 0
-23 -61 -14 0
37 11 55 0
-32 67 42 0
-45 49 -27 0
37 -53 30 0
6 40 -19 0
67 83 54 0
10 30 -77 0
53 -85 38 0
-53 -36 42 0
88 -75 15 0
-55 11 -46 0
77 -60 6 0
-78 56 -10 0
-36 39 -17 0
-81 -88 -21 0
56 -22 44 0
-42 -55 -34 0
-13 51 12 0
-53 -71 -75 0
62 76 43 0
-40 -37 -32 0
-4 -42 -66 0
-69 -82 -77 0
75 -58 26 0
13 -1 5 0
-41 -50 71 0
56 36 -21 0
-49 10 63 0
55 -63 -7 0
24 -43 -64 0
78 -49 -63 0
34 1 -69 0
-60 64 71 0
-27 19 10 0
28 67 52 0
71 20 -76 0
-49 88 65 0
-57 -73 86 0
-56 83 59 0
12 74 -38 0
61 -67 -82 0
36 -75 80 0
-38 52 37 0
-2 31 -18 0
39 -50 57 0
-81 10 33 0
-48 57 32 0
75 23 -39 0
47 -78 -4 0
-50 -60 66 0
-62 8 51 0
65 71 -70 0
-44 88 -16 0
-2 69 -10 0
-42 -80 -3 0
9 2 -48 0
17 34 -33 0
13 14 12 0
-14 -73 49 0
30 -82 -26 0
13 36 -51 0
-81 -34 -82 0
-1 -72 56 0
-56 39 -83 0
80 -68 73 0
