p 78 332
-58 18 30 0
-4 -62 57 0
11 50 -22 0
65 68 53 0
-67 -64 26 0
28 6 16 0
22 -47 -13 0
21 -31 53 0
-4 10 48 0
64 -48 33 0
-10 21 -69 0
14 35 26 0
-16 47 -56 0
-7 -75 22 0
61 -43 -18 0
5 -8 -57 0
45 -62 -4 0
39 -37 44 0
-3 -22 51 0
60 -18 76 0
77 70 18 0
-27 -43 11 0
26 16 -7 0
-25 -58 62 0
20 51 -38 0
-35 15 -16 0
27 73 -43 0
-11 19 -9 0
-29 69 42 0
43 -14 20 0
-32 16 -27 0
7 61 53 0
-68 -1 -7 0
27 44 -19 0
64 67 28 0
-66 31 -70 0
-36 16 10 0
-52 46 -40 0
57 8 30 0
49 38 -73 0
-45 -11 38 0
9 71 19 0
47 30 61 0
78 -19 -10 0
-34 -28 -74 0
-55 -16 -18 0
-50 38 72 0
-41 18 -40 0
38 -39 -26 0
-30 -14 56 0
-30 44 48 0
-12 10 21 0
32 73 -24 0
-39 -30 -51 0
-46 -56 23 0
-58 -10 3 0
60 59 34 0
-76 63 -12 0
27 76 14 0
3 -27 -47 0
-54 -25 21 0
55 -23 -19 0
31 30 -55 0
-63 -16 -58 0
75 -41 36 0
-73 -38 4 0
69 66 -61 0
71 -58 -7 0
16 62 -61 0
42 -54 17 0
35 -45 47 0
-37 55 -1 0
-1 52 21 0
74 34 -17 0
-59 72 -65 0
56 -18 -17 0
22 -6 74 0
-67 -68 -7 0
16 62 34 0
59 67 -49 0
-34 50 19 0
-54 78 65 0
30 77 -36 0
59 32 -67 0
-32 -74 14 0
-32 68 -44 0
11 -17 -26 0
-65 -1 -48 0
-35 26 -1 0
-33 -4 -50 0
29 -26 36 0
66 -74 -11 0
56 60 -49 0
-40 58 -71 0
-66 -18 72 0
-25 18 -74 0
-4 -73 72 0
3 -21 -23 0
43 -63 49 0
-74 -53 11 0
19 -71 -51 0
49 23 -43 0
50 8 55 0
24 -11 69 0
-62 28 27 0
-37 -44 27 0
-48 14 -35 0
9 -56 45 0
52 -43 68 0
-28 48 -49 0
46 -68 34 0
5 -57 -40 0
-71 -27 -23 0
23 -18 -43 0
-49 59 63 0
3 -36 -55 0
2 36 61 0
69 -58 68 0
-28 -31 -51 0
29 -13 3 0
-13 -74 60 0
13 -63 76 0
76 12 59 0
54 -50 2 0
42 -27 -55 0
71 28 -69 0
39 77 52 0
-7 -53 64 0
-11 -25 56 0
44 -29 55 0
-13 -1 -15 0
-4 -49 -12 0
-71 60 -24 0
-65 40 35 0
-25 -69 19 0
-12 50 -63 0
-20 15 4 0
-7 -67 47 0
-40 -16 64 0
-2 -74 14 0
16 33 78 0
43 -20 -48 0
-25 -54 19 0
-69 -24 23 0
26 -65 -30 0
8 18 -63 0
-32 -18 -74 0
-11 53 -52 0
59 7 12 0
-23 63 27 0
-35 42 7 0
50 -47 -63 0
-66 -54 -43 0
45 74 43 0
-44 24 71 0
36 -47 62 0
52 36 49 0
11 28 -34 0
24 -29 -53 0
41 -47 30 0
50 -77 60 0
2 -53 25 0
58 34 -52 0
-16 47 -70 0
-42 52 28 0
64 -74 6 0
-70 40 47 0
-70 -29 -45 0
38 -35 -72 0
23 -18 -3 0
5 -53 -50 0
-16 -37 -23 0
64 67 66 0
-13 21 51 0
38 -73 37 0
-11 -39 -78 0
10 -45 -16 0
31 47 -53 0
60 50 18 0
6 60 61 0
-50 -36 74 0
-55 41 57 0
-32 59 -17 0
8 42 6 0
-4 6 5 0
-3 -37 -67 0
36 -26 29 0
31 -12 -15 0
53 51 35 0
77 -69 -67 0
-30 67 -64 0
47 -75 26 0
40 -31 -78 0
-69 -70 28 0
-61 -47 11 0
-57 21 -38 0
-25 44 20 0
-39 3 -9 0
-51 74 61 0
-18 -2 31 0
-76 23 -44 0
-31 -2 -25 0
11 74 50 0
-8 25 -54 0
-23 11 -75 0
-13 4 62 0
61 -77 19 0
28 -52 -73 0
41 16 24 0
-30 -49 29 0
56 -40 -7 0
-18 78 55 0
-77 -46 2 0
-3 70 -64 0
-55 19 -64 0
-22 29 -41 0
-39 68 71 0
-66 36 10 0
8 21 53 0
-13 -29 60 0
-2 13 -12 0
68 72 9 0
41 -57 -63 0
-77 11 -47 0
15 -29 14 0
15 -78 -49 0
-4 29 -71 0
-49 24 16 0
-31 -53 -34 0
34 -42 14 0
32 -6 -53 0
-70 -24 67 0
16 54 53 0
-22 11 15 0
-67 40 -74 0
-22 -29 -28 0
-61 -10 22 0
-56 -35 -70 0
-18 -24 3 0
1 14 -22 0
-13 32 48 0
-15 57 12 0
-68 -12 -74 0
74 -20 -43 0
-69 -28 78 0
-31 -74 38 0
-32 -62 -39 0
-19 22 51 0
77 -57 -38 0
-24 62 55 0
-44 70 -36 0
-27 -42 -3 0
59 2 25 0
66 -69 -15 0
-78 -16 13 0
55 -61 -67 0
-62 -25 51 0
39 19 40 0
54 -1 68 0
7 -31 -26 0
8 -24 42 0
73 -64 -71 0
-1 -36 40 0
-8 47 34 0
72 -78 -44 0
-53 34 -38 0
-20 -78 46 0
45 -50 -28 0
-74 14 62 0
-4 70 -25 0
-66 7 29 0
-25 -55 -46 0
45 62 -40 0
46 -71 9 0
-47 53 65 0
-43 42 72 0
35 -64 56 0
1 23 4 0
52 -25 -17 0
74 -3 50 0
10 26 -34 0
36 -52 48 0
8 -71 38 0
26 -6 -47 0
25 -72 67 0
10 49 -51 0
70 -56 42 0
-12 -63 -54 0
67 55 -12 0
-55 48 10 0
36 -70 -14 0
19 -70 76 0
28 -14 -64 0
-6 -29 -35 0
24 45 -75 0
73 -28 -52 0
39 28 14 0
42 19 -49 0
-41 54 33 0
-69 2 -49 0
-16 59 18 0
50 59 -39 0
-45 77 -73 0
-54 -25 77 0
73 51 -45 0
14 70 -30 0
33 -15 13 0
34 12 53 0
22 -50 -34 0
69 27 46 0
-73 68 -61 0
26 -51 2 0
76 56 -15 0
-44 5 -4 0
-31 73 62 0
-62 -34 45 0
69 72 -56 0
61 58 3 0
-77 -13 -49 0
-2 53 -49 0
-31 46 56 0
34 -66 -30 0
-76 -42 8 0
71 57 67 0
72 -11 21 0
-18 -1 -66 0
-78 25 -3 0
-35 50 -30 0
-49 -78 -24 0
-57 1 -26 0
27 1 48 0
70 -15 64 0
