p 63 268
9 18 -59 0
25 -21 58 0
19 -11 57 0
13 39 62 0
-18 -47 -19 0
-63 43 36 0
7 -15 58 0
-6 5 33 0
-26 41 -55 0
-10 11 62 0
28 46 5 0
-33 -4 39 0
-28 -48 -18 0
-12 -42 -38 0
-40 62 -25 0
42 -63 46 0
34 12 -36 0
48 5 63 0
37 17 61 0
20 -54 14 0
-40 -21 -58 0
-34 47 -13 0
8 -43 -32 0
-34 43 2 0
-58 -35 40 0
-50 62 -37 0
45 13 -44 0
-41 -49 52 0
24 -31 -60 0
9 -21 -43 0
-57 8 32 0
52 -33 35 0
-56 -32 -33 0
-37 34 4 0
-12 17 -16 0
40 18 -47 0
-21 30 11 0
-21 10 -17 0
3 29 13 0
29 53 9 0
-39 -21 62 0
-2 -39 -23 0
48 -45 25 0
-34 62 43 0
41 10 -59 0
-62 31 38 0
62 -44 -1 0
61 11 -58 0
27 5 -60 0
-56 -22 37 0
4 -17 12 0
44 24 49 0
54 21 9 0
-32 -61 25 0
-50 18 -21 0
54 -20 1 0
-30 -29 -37 0
27 46 10 0
44 -24 -37 0
20 -21 14 0
-32 55 -50 0
39 -15 51 0
-35 17 9 0
60 -22 -63 0
55 60 11 0
17 51 -47 0
8 -46 -26 0
-39 30 -34 0
-49 -52 -55 0
-25 -45 49 0
-1 33 -39 0
50 47 41 0
23 -29 53 0
62 53 43 0
-24 -49 7 0
42 34 -20 0
38 37 -63 0
30 26 10 0
-34 -57 -48 0
48 -34 41 0
-14 41 8 0
52 39 -4 0
51 -35 -53 0
52 -39 8 0
27 56 45 0
-39 -59 63 0
-49 58 54 0
47 44 -30 0
-53 8 18 0
-17 -2 29 0
40 54 46 0
54 6 15 0
40 -5 -14 0
37 50 52 0
33 -29 23 0
32 -4 -47 0
-11 20 18 0
52 -62 45 0
3 39 -11 0
5 -34 -20 0
-33 -22 -27 0
-44 25 -48 0
-34 -11 -49 0
-27 -53 -25 0
-29 -3 -59 0
37 32 -13 0
-49 58 59 0
53 51 -16 0
-20 35 50 0
21 -52 41 0
-32 -22 -27 0
-15 43 -58 0
-63 -29 39 0
-47 -48 3 0
-45 -51 -47 0
-51 -47 1 0
-52 -35 -59 0
-7 46 14 0
39 -36 -5 0
45 56 16 0
-16 -42 -54 0
-38 63 -31 0
-26 42 -22 0
-25 34 20 0
-58 59 -4 0
58 38 61 0
-4 -51 -11 0
-14 54 15 0
-10 -6 63 0
-53 -16 -5 0
-59 -37 7 0
-22 -51 -29 0
18 -1 23 0
38 61 53 0
18 17 4 0
8 30 33 0
60 -37 -23 0
-17 -44 35 0
-10 -29 -1 0
-48 -47 -37 0
-34 15 -45 0
-22 -9 -42 0
12 24 59 0
9 -40 45 0
-53 54 40 0
-21 -8 -40 0
6 26 -41 0
1 -63 10 0
-55 43 11 0
22 -39 58 0
-40 -11 -25 0
32 -49 -15 0
-30 -57 37 0
4 -33 -39 0
58 -59 34 0
-17 -1 27 0
60 -5 43 0
44 -32 51 0
-19 -38 21 0
13 -2 -42 0
4 -43 13 0
27 40 -10 0
44 51 -11 0
-36 -14 -60 0
13 -60 33 0
2 31 -60 0
-30 20 43 0
40 3 54 0
18 2 -37 0
-16 54 -51 0
-49 60 -56 0
44 -14 53 0
-39 -17 21 0
21 -20 -56 0
-58 31 7 0
19 -5 -36 0
-31 -10 -59 0
-5 60 56 0
-15 10 37 0
3 -57 -43 0
30 -35 -60 0
-30 39 16 0
-39 -10 -4 0
-38 -35 47 0
44 -37 41 0
-8 3 21 0
21 -29 -58 0
-56 -62 -28 0
-4 26 -41 0
30 -28 8 0
28 -37 58 0
62 -41 -2 0
-41 57 -48 0
23 -13 -29 0
-9 -20 27 0
-12 15 -18 0
6 47 5 0
-16 -11 -33 0
25 -34 45 0
-56 -27 -29 0
-38 -43 22 0
46 -61 -11 0
10 60 2 0
-23 -50 10 0
-56 -30 15 0
-60 10 -6 0
-10 4 28 0
62 15 39 0
31 -34 -25 0
-39 59 63 0
47 44 34 0
-54 43 58 0
9 3 22 0
-63 -23 43 0
20 15 -26 0
-10 -13 38 0
-43 37 -10 0
34 -58 40 0
-18 -35 -6 0
9 19 24 0
37 -36 -4 0
-33 -31 -55 0
21 -58 27 0
-63 10 21 0
-20 22 -62 0
46 -17 -33 0
27 -4 11 0
55 -4 -26 0
58 25 -23 0
-29 37 61 0
-5 -15 -1 0
15 -13 52 0
14 17 19 0
-50 38 -15 0
-51 -63 -20 0
53 55 43 0
26 28 62 0
45 60 -31 0
45 -43 -31 0
-58 20 7 0
4 -12 33 0
10 34 -57 0
-61 17 -51 0
-44 -42 -47 0
40 14 -60 0
48 55 22 0
-36 -33 56 0
-53 -30 -21 0
44 -30 -9 0
-15 -60 17 0
50 -31 -33 0
39 -48 -27 0
46 47 53 0
-23 38 36 0
52 21 56 0
-5 4 10 0
-63 -53 38 0
42 53 23 0
33 -3 -36 0
-1 -22 49 0
35 54 41 0
54 -32 -25 0
28 57 5 0
18 -43 38 0
-22 26 16 0
56 -37 14 0
56 25 30 0
47 -26 -63 0
