p 81 345
2 -54 -66 0
44 59 48 0
-55 -49 68 0
-43 6 -20 0
-80 13 55 0
64 -62 25 0
-17 41 -70 0
-27 58 -12 0
-27 -4 -20 0
-8 -52 24 0
-23 66 -48 0
57 -25 68 0
-26 -11 45 0
81 20 -4 0
-30 -22 -1 0
-28 29 -73 0
-65 73 -22 0
64 39 49 0
49 41 62 0
31 -6 3 0
22 80 45 0
3 -60 59 0
-7 -78 8 0
-30 57 5 0
-63 1 -79 0
11 4 76 0
-75 57 16 0
-61 48 -3 0
-67 77 -39 0
-57 6 42 0
70 -65 -46 0
-35 -15 -6 0
-12 -36 27 0
-13 48 18 0
81 -79 58 0
-6 -53 15 0
14 -12 -46 0
-41 81 5 0
-66 -79 -58 0
-67 -15 80 0
-71 46 -43 0
70 32 5 0
6 -13 77 0
34 58 81 0
80 28 -30 0
45 -81 -23 0
-62 -57 49 0
-26 55 -15 0
-12 -3 -79 0
-26 -63 71 0
-46 -7 23 0
-28 -73 -51 0
-8 -16 3 0
67 35 -13 0
2 -13 79 0
-24 -57 55 0
-13 10 78 0
-81 -45 48 0
-51 -42 -23 0
71 22 -55 0
-16 -66 74 0
24 -58 -42 0
-27 48 -42 0
-52 80 34 0
30 -52 19 0
35 10 -18 0
-9 -71 66 0
15 4 -16 0
72 61 21 0
-65 -55 24 0
67 -39 -14 0
24 60 50 0
-67 -35 -13 0
-7 65 -5 0
53 -32 -4 0
-59 11 -69 0
38 39 -20 0
77 -66 -68 0
-54 -37 -19 0
-55 60 -34 0
-9 -18 41 0
-18 27 72 0
49 -78 -10 0
42 64 -43 0
2 -26 -28 0
-72 49 -13 0
-39 24 22 0
-2 -68 -6 0
-33 -4 76 0
44 56 9 0
-63 16 -50 0
64 51 55 0
58 -20 -81 0
-80 27 -29 0
-25 52 70 0
-14 8 54 0
75 14 -27 0
-37 80 14 0
-55 78 -51 0
-63 24 -22 0
60 28 -63 0
-70 -16 -30 0
-24 35 25 0
-42 60 19 0
-3 35 72 0
-76 -47 63 0
7 -49 10 0
27 6 -56 0
32 26 -17 0
-4 5 27 0
-78 -19 3 0
-39 80 -72 0
17 -78 35 0
-40 45 -34 0
-29 -31 49 0
-39 -11 1 0
74 60 -36 0
34 -43 51 0
67 56 66 0
56 -65 -35 0
-61 -14 6 0
-68 36 38 0
35 18 -60 0
9 -33 69 0
42 75 15 0
-26 -7 -72 0
-13 17 12 0
72 -63 54 0
48 64 3 0
-47 -49 -25 0
-19 -36 -61 0
77 65 57 0
-7 71 33 0
-74 9 -17 0
-12 -73 47 0
-3 59 -17 0
39 79 -57 0
16 -47 -23 0
-39 21 74 0
69 45 -7 0
-44 15 -34 0
19 2 67 0
9 -35 19 0
-44 60 -55 0
37 30 -55 0
-1 7 45 0
-2 25 77 0
-11 -18 15 0
-62 -61 -30 0
-39 16 -10 0
67 68 45 0
43 48 -70 0
66 24 39 0
-28 -34 55 0
-42 59 -28 0
-35 -15 60 0
-62 48 47 0
76 -57 31 0
42 59 -18 0
22 47 36 0
-10 49 -36 0
-49 8 -63 0
-46 24 -65 0
-61 -17 -25 0
-9 -14 -51 0
-79 28 -1 0
-8 -66 71 0
-32 -3 21 0
-12 11 22 0
-24 -60 -39 0
-29 10 8 0
55 33 14 0
36 -12 -46 0
-9 67 -37 0
7 11 48 0
-41 50 -3 0
-40 -37 -8 0
-38 -12 17 0
-76 38 -27 0
34 -63 -77 0
28 29 16 0
-18 36 50 0
-1 77 41 0
31 -4 -49 0
5 81 19 0
37 -7 36 0
-13 20 -63 0
13 -52 36 0
17 -73 32 0
39 4 -20 0
-67 71 2 0
72 -58 75 0
43 12 -70 0
-61 -37 -44 0
37 42 26 0
-61 -41 -39 0
78 -57 -29 0
55 -36 39 0
67 4 43 0
-2 -21 -56 0
-1 34 55 0
-8 -44 73 0
-9 -23 26 0
21 -51 -69 0
-11 -30 -35 0
67 -53 -2 0
25 -13 3 0
-55 -11 52 0
78 36 16 0
8 -48 61 0
-51 15 45 0
56 -25 -77 0
-33 69 28 0
55 4 66 0
-57 -56 -60 0
-50 -34 19 0
68 -60 -75 0
-43 27 45 0
37 1 -78 0
55 -18 69 0
-57 -80 -27 0
-65 -57 29 0
6 -32 24 0
-4 3 -38 0
61 19 29 0
-41 26 46 0
23 -8 32 0
43 25 -40 0
80 11 18 0
-75 -31 -55 0
75 31 72 0
-4 -72 44 0
55 -39 -42 0
60 31 66 0
49 78 -33 0
-17 -19 -2 0
4 61 -51 0
-45 32 -37 0
70 -46 -23 0
-80 1 79 0
-48 -23 31 0
43 29 13 0
50 59 47 0
61 31 -79 0
-14 -16 73 0
-35 57 -24 0
26 55 47 0
-62 78 13 0
35 28 15 0
-75 78 4 0
-61 -45 -10 0
72 57 45 0
-35 -8 -2 0
-35 16 12 0
69 4 -2 0
13 -52 -60 0
-21 46 37 0
40 -46 -60 0
26 -25 -12 0
35 14 33 0
-78 10 -45 0
32 -71 -36 0
-4 7 -66 0
-43 -39 56 0
54 -63 43 0
-67 66 6 0
-78 -66 -13 0
20 -23 -6 0
36 55 15 0
33 57 12 0
36 -35 51 0
-54 -67 -18 0
3 54 60 0
54 -20 -42 0
-74 14 77 0
-42 -57 30 0
41 -13 -47 0
-41 -3 -7 0
40 44 73 0
-47 64 -55 0
18 62 -81 0
10 44 -59 0
-61 57 5 0
-6 -73 -54 0
-50 -81 -64 0
-57 53 9 0
78 -74 80 0
15 74 -77 0
46 -41 18 0
18 -54 80 0
35 38 -48 0
61 -50 -54 0
-37 66 10 0
79 15 -6 0
-71 -58 -33 0
27 13 53 0
17 76 -24 0
-39 -79 61 0
-49 -29 33 0
-49 -1 39 0
-46 -18 30 0
-4 16 45 0
-21 -24 -56 0
9 40 3 0
40 -4 -25 0
51 -1 -20 0
-43 64 -55 0
-67 17 -28 0
-50 -43 29 0
30 6 -80 0
-57 44 -80 0
7 -39 -34 0
-20 47 -33 0
-51 -75 49 0
-20 -15 -25 0
16 -10 -20 0
-60 -33 76 0
-49 -19 43 0
7 20 -45 0
10 7 60 0
-59 38 12 0
-49 -5 -73 0
6 -13 -79 0
59 75 31 0
-7 -51 27 0
56 -55 68 0
-80 -61 62 0
39 53 12 0
79 56 55 0
-77 -23 -16 0
-48 57 -52 0
36 -27 10 0
-3 -79 -44 0
-3 -32 9 0
17 52 -69 0
40 31 41 0
-27 73 42 0
24 -3 -41 0
22 -18 40 0
25 6 13 0
-27 -53 -40 0
-9 -52 5 0
-32 -72 80 0
-41 49 -24 0
-9 -63 17 0
