p 18 76
8 6 14 0
7 -13 18 0
-12 7 16 0
10 15 -4 0
-6 -8 18 0
14 -3 -16 0
-15 -11 -4 0
-18 -6 -10 0
-10 17 18 0
8 -7 1 0
5 15 12 0
-8 7 2 0
9 11 -10 0
13 -4 15 0
-15 -10 14 0
-15 11 -7 0
9 -6 18 0
5 -9 18 0
2 11 -3 0
-6 -17 -9 0
-3 6 13 0
7 -15 -13 0
-5 -6 13 0
-11 -4 -2 0
-6 18 1 0
17 2 18 0
-10 -8 -17 0
11 3 4 0
-4 7 -6 0
13 -16 -14 0
-10 1 -13 0
-2 12 -11 0
4 -6 7 0
-6 12 15 0
-11 -6 5 0
1 12 13 0
-4 -13 -10 0
-3 -5 -9 0
-13 -8 12 0
5 17 -4 0
-8 3 -12 0
10 16 18 0
-9 -13 -10 0
-11 15 -18 0
9 -2 12 0
10 -12 18 0
-8 12 -17 0
-14 -18 4 0
15 3 9 0
-8 -9 -15 0
4 -8 10 0
-6 7 -11 0
-11 -5 14 0
-11 -10 13 0
-2 5 18 0
10 13 11 0
-5 17 -2 0
-11 -5 -8 0
12 5 15 0
-3 -17 2 0
2 3 -15 0
-4 -11 -5 0
-17 -5 -3 0
-17 6 3 0
16 -1 9 0
-9 17 16 0
-10 -13 5 0
-9 -10 6 0
-3 2 9 0
-2 18 16 0
-7 -12 5 0
10 -14 18 0
-15 16 14 0
-16 14 -3 0
7 -13 -11 0
-2 -18 -1 0
