p 60 255
-18 -7 22 0
32 -45 -44 0
-21 -6 -20 0
-13 -4 -38 0
-53 24 56 0
25 54 41 0
-32 10 -53 0
-16 55 -2 0
32 14 43 0
15 14 -40 0
59 -51 -1 0
-6 -12 -28 0
56 -5 -8 0
9 -32 -3 0
18 41 -33 0
-9 -47 28 0
-35 -21 11 0
-56 -43 23 0
60 37 -22 0
29 36 15 0
59 -41 25 0
-6 -40 57 0
-51 -37 6 0
-22 -24 -27 0
41 27 -38 0
50 -4 28 0
-47 52 59 0
-23 52 20 0
2 -31 44 0
6 -32 41 0
-9 20 -35 0
13 -39 -42 0
28 26 -19 0
55 -17 21 0
-7 13 58 0
32 -21 -35 0
-47 5 33 0
-10 35 -50 0
-53 -49 37 0
-14 -32 6 0
37 -18 -40 0
-45 48 -55 0
-47 -40 -10 0
38 30 52 0
1 -60 32 0
12 13 23 0
-51 38 47 0
-11 2 13 0
17 -6 47 0
-38 -43 44 0
12 -58 8 0
22 -9 -34 0
23 32 -26 0
-59 -57 -45 0
21 -48 -8 0
47 57 58 0
21 -24 -23 0
-22 9 31 0
24 -45 -20 0
17 21 -35 0
44 -42 -2 0
-50 -56 -44 0
-29 -7 -56 0
-55 4 12 0
51 2 -27 0
-42 37 7 0
-47 54 -12 0
-51 46 -57 0
34 -55 -57 0
-44 13 -59 0
17 -59 -39 0
30 -34 55 0
24 -45 47 0
-2 29 -25 0
-28 -56 40 0
-25 16 39 0
55 22 13 0
1 -55 -44 0
-58 48 -24 0
20 15 -45 0
-25 27 46 0
-8 10 -38 0
-45 58 -9 0
-51 -29 27 0
15 19 10 0
25 23 -7 0
-15 57 -41 0
59 -47 -2 0
-55 -46 18 0
23 41 24 0
-28 54 5 0
-7 36 -2 0
-21 46 44 0
-29 -20 -55 0
16 47 39 0
43 -47 16 0
43 -58 8 0
-30 8 26 0
-19 29 -35 0
-2 14 -11 0
21 -18 -28 0
24 -45 57 0
-6 25 -41 0
-31 -47 32 0
-35 -26 7 0
4 -34 -55 0
-26 -47 55 0
49 47 -32 0
-20 -48 19 0
-23 -8 26 0
3 58 -8 0
-58 38 4 0
18 5 46 0
3 40 18 0
-20 14 44 0
25 -29 -58 0
10 51 -49 0
-31 29 39 0
-56 28 14 0
-20 53 23 0
-16 -27 49 0
12 -2 32 0
44 34 -45 0
-50 -44 18 0
3 -53 -9 0
40 38 54 0
-38 -31 21 0
11 60 -26 0
43 -32 60 0
8 -57 48 0
-43 60 -27 0
52 57 33 0
8 -23 -14 0
16 47 29 0
-55 -18 -1 0
-54 -6 17 0
-26 39 14 0
-60 -53 20 0
42 -15 1 0
-33 -43 47 0
-7 19 -11 0
-25 -44 30 0
-9 49 -38 0
36 -41 -56 0
60 -52 7 0
44 47 -35 0
-20 2 33 0
36 -56 -9 0
43 -46 37 0
-43 47 52 0
12 53 -4 0
26 -53 -24 0
-37 -50 26 0
-2 53 -20 0
14 -52 -56 0
-43 11 3 0
-35 -14 -42 0
-36 -53 35 0
-59 35 -51 0
40 -20 -8 0
-38 -12 -13 0
-54 18 48 0
43 49 -54 0
-30 -17 -2 0
-37 -30 9 0
2 -16 -3 0
2 -57 17 0
5 27 34 0
29 30 23 0
-3 -29 -60 0
-60 -52 -34 0
29 22 -10 0
-60 -12 -30 0
53 12 1 0
-25 -44 24 0
1 23 56 0
14 1 -31 0
-39 8 37 0
41 51 11 0
-53 -41 -29 0
-17 18 52 0
-3 -19 7 0
-45 58 8 0
-37 48 56 0
31 -30 42 0
28 32 43 0
-48 -20 -16 0
-10 28 11 0
16 26 -32 0
47 -43 -19 0
44 -17 28 0
43 -21 27 0
-1 57 8 0
-14 30 48 0
11 10 -46 0
1 -44 -49 0
-13 29 -19 0
54 -14 50 0
-1 -39 -20 0
31 49 -44 0
41 -58 -15 0
13 -12 53 0
22 -33 -13 0
24 12 23 0
22 50 -36 0
-4 36 24 0
9 -45 -4 0
34 14 4 0
-34 5 12 0
-38 59 49 0
52 58 35 0
43 -54 -38 0
22 -55 -24 0
42 41 22 0
55 1 54 0
60 20 56 0
11 -15 45 0
1 23 44 0
7 19 2 0
16 -29 -5 0
49 -26 30 0
-47 38 51 0
-52 -2 36 0
56 57 14 0
2 37 -32 0
-28 -41 -13 0
16 47 -49 0
-7 1 -32 0
-31 24 53 0
29 33 -28 0
17 -44 50 0
-47 -25 26 0
-34 42 22 0
-53 -13 31 0
-43 28 -13 0
33 16 13 0
52 50 -25 0
-26 17 11 0
37 -43 59 0
-37 -13 27 0
20 9 60 0
-10 17 -23 0
32 1 54 0
-26 4 8 0
43 -42 3 0
40 -14 -36 0
16 -58 55 0
-7 59 -16 0
-2 -7 -12 0
37 -43 -7 0
-52 19 35 0
-8 2 -32 0
-57 -59 14 0
3 47 -52 0
-26 27 -19 0
