p 44 187
17 24 36 0
26 -40 -3 0
-6 36 -4 0
-24 -19 12 0
30 15 -23 0
-24 9 -28 0
15 41 -3 0
-14 21 38 0
-20 -10 -32 0
-28 -37 -15 0
42 35 19 0
9 -15 -37 0
31 25 -32 0
37 -42 27 0
-41 32 -25 0
14 8 -28 0
-42 41 19 0
39 37 -1 0
-9 35 -19 0
19 -18 -39 0
27 31 -37 0
-18 -8 -6 0
38 29 -25 0
26 23 -40 0
25 -24 33 0
35 -15 44 0
-7 41 4 0
-28 -20 16 0
-35 11 7 0
-43 41 -44 0
-13 -33 -42 0
30 -2 28 0
2 19 6 0
36 -29 2 0
-33 -35 32 0
41 -34 35 0
21 28 10 0
36 4 -3 0
-29 -5 11 0
-17 35 -44 0
27 20 -30 0
11 -17 -6 0
18 34 -39 0
19 3 -38 0
33 -4 -11 0
27 -43 -16 0
18 -32 26 0
30 -2 -1 0
-43 15 -36 0
43 -40 -17 0
18 34 -1 0
-30 20 -32 0
19 21 20 0
39 -16 8 0
40 -22 -23 0
-14 35 29 0
31 -15 19 0
-19 37 20 0
-34 -27 -39 0
-35 -38 -1 0
-44 -23 -2 0
12 4 11 0
-9 11 -27 0
42 34 26 0
15 25 3 0
-15 7 4 0
-5 22 -19 0
33 29 -1 0
-8 -35 -12 0
-42 41 11 0
26 35 39 0
7 29 13 0
19 -42 -35 0
-39 23 29 0
-21 -12 42 0
-6 -7 -18 0
16 3 -10 0
-13 -23 31 0
7 9 16 0
-24 -9 -17 0
29 26 -3 0
-1 15 -37 0
19 11 44 0
-13 28 -4 0
-7 33 43 0
26 2 44 0
-24 -29 -38 0
-35 13 26 0
28 -42 16 0
30 -29 -4 0
42 -35 -27 0
38 3 -39 0
19 -36 -9 0
-36 -13 -14 0
-40 3 7 0
5 -16 26 0
9 -16 -29 0
-13 -25 -33 0
41 22 28 0
-13 40 -27 0
33 -16 40 0
-24 28 44 0
-5 14 4 0
-6 -4 -23 0
44 12 -23 0
23 24 4 0
20 -18 32 0
9 16 -43 0
-37 21 -5 0
18 -20 33 0
-10 18 34 0
-36 -44 42 0
24 -2 6 0
33 22 39 0
-1 -21 -22 0
3 -13 -34 0
30 7 29 0
36 11 -16 0
-41 4 -2 0
-13 14 -6 0
-19 36 41 0
-39 -43 20 0
27 19 -43 0
27 23 -38 0
4 -5 28 0
-10 37 -3 0
-37 27 28 0
29 23 24 0
-6 5 11 0
22 19 -6 0
-6 -8 24 0
24 15 -38 0
1 29 32 0
22 16 30 0
17 27 -42 0
-30 24 27 0
21 -5 -17 0
43 15 -8 0
31 18 -13 0
-22 12 -25 0
-41 28 -30 0
32 -25 21 0
-32 -26 -20 0
-19 9 11 0
-41 27 29 0
-26 24 -29 0
-26 -17 -30 0
-7 -1 -10 0
-31 -3 23 0
-38 -14 9 0
11 17 24 0
5 23 7 0
-3 41 -7 0
-2 30 16 0
18 -26 -30 0
-41 30 2 0
8 5 21 0
-12 -37 -5 0
-2 -22 7 0
43 -1 26 0
4 15 38 0
-23 -30 3 0
13 -28 2 0
4 -36 -40 0
33 -4 28 0
42 -23 -41 0
-18 29 -40 0
29 -31 38 0
5 12 -25 0
14 31 34 0
-27 4 31 0
-43 29 13 0
35 29 -41 0
-19 -1 -15 0
39 30 28 0
43 31 39 0
-30 19 -24 0
-5 2 41 0
-32 10 33 0
23 38 29 0
43 -32 -23 0
-25 19 30 0
-32 14 10 0
-23 19 -16 0
5 -34 37 0
27 38 -17 0
20 -23 19 0
