p 81 345
58 -77 -3 0
-23 -69 22 0
60 75 -48 0
-53 1 -9 0
62 23 -44 0
55 33 18 0
-41 -8 -80 0
24 -60 -44 0
-68 -81 -56 0
-49 -26 -40 0
55 -2 -59 0
81 47 -68 0
80 -29 73 0
-39 -22 9 0
68 -56 40 0
11 33 7 0
22 76 -20 0
-43 79 40 0
10 -19 70 0
17 -31 -64 0
-17 81 52 0
24 42 -21 0
-10 6 53 0
-22 -64 -16 0
7 -42 -18 0
34 -73 -55 0
-73 -32 52 0
-10 -75 -2 0
-26 59 21 0
2 17 -45 0
65 73 75 0
-37 34 63 0
-19 -36 -68 0
-28 61 25 0
10 18 -43 0
-66 68 -36 0
20 63 38 0
-73 12 26 0
-15 -33 23 0
78 54 65 0
-1 -66 -76 0
65 26 48 0
5 -20 -50 0
50 45 -41 0
-48 -23 33 0
-7 78 -18 0
-8 80 -37 0
-76 -61 80 0
3 -66 57 0
62 44 -71 0
-16 36 68 0
-52 37 34 0
-18 54 12 0
-9 -57 -17 0
43 -52 49 0
36 41 -58 0
-52 -65 77 0
12 -28 -42 0
81 -79 -80 0
39 22 -66 0
-75 27 -76 0
45 35 -9 0
69 -75 47 0
-81 68 39 0
23 -78 14 0
60 -10 77 0
-15 -40 78 0
33 -76 81 0
21 -80 67 0
-39 63 7 0
25 -52 -9 0
28 -8 76 0
54 -5 -78 0
-53 -6 -48 0
-21 37 11 0
-4 24 25 0
68 -43 72 0
22 10 58 0
-15 -9 -81 0
-17 -52 -64 0
41 -25 -40 0
-9 30 -16 0
-62 43 -38 0
58 20 -68 0
-14 62 -72 0
34 -80 -42 0
-25 57 49 0
76 13 72 0
65 32 18 0
11 63 -53 0
36 -65 30 0
53 -67 -19 0
5 61 44 0
15 -9 45 0
-9 14 -31 0
-34 13 23 0
20 3 -42 0
-67 -61 -20 0
-40 -48 -76 0
-61 -18 45 0
43 -22 16 0
-34 -77 -45 0
-70 -11 61 0
-9 69 53 0
41 -67 -13 0
51 26 -50 0
50 -31 16 0
-37 -65 -31 0
36 -50 14 0
-68 45 32 0
81 18 -42 0
47 4 -76 0
-7 -24 66 0
-45 17 -51 0
-30 -29 -37 0
38 52 26 0
-28 36 -9 0
-5 49 69 0
72 -20 -37 0
77 -14 67 0
32 36 69 0
52 18 40 0
-30 78 -4 0
9 -41 -46 0
32 -80 -21 0
-48 33 20 0
-69 -58 51 0
-50 -37 -29 0
-76 -56 14 0
61 18 -70 0
-75 63 -6 0
32 -12 41 0
73 47 -34 0
28 53 -23 0
80 -24 55 0
71 58 42 0
-54 60 -70 0
-81 -9 74 0
55 -50 -79 0
-12 59 -19 0
49 -22 -79 0
-72 -31 33 0
28 -42 -78 0
67 77 -43 0
-6 -22 -53 0
-70 38 -17 0
-51 62 42 0
5 -74 -58 0
-50 -80 76 0
-35 -29 -62 0
-80 16 -18 0
-78 -39 23 0
32 -68 -45 0
57 10 -2 0
17 -64 -45 0
33 -59 -61 0
33 77 -30 0
-63 17 -70 0
28 24 42 0
-2 65 12 0
-50 -30 -16 0
35 66 28 0
-61 49 13 0
68 52 -11 0
49 -5 50 0
10 66 -48 0
-29 55 26 0
-35 -30 39 0
-74 81 -10 0
-67 63 -51 0
-59 60 74 0
73 32 -16 0
42 -50 21 0
67 -50 2 0
-71 26 -13 0
-27 -3 57 0
65 -31 -16 0
-4 33 55 0
-1 -79 -38 0
67 -31 -7 0
-68 -36 -13 0
29 60 -52 0
-68 38 -21 0
35 -16 -3 0
-65 1 -20 0
29 77 -67 0
-44 -1 77 0
1 -66 21 0
-79 25 15 0
69 11 72 0
-57 66 19 0
-75 15 -58 0
18 -71 52 0
-20 -37 15 0
66 -42 5 0
61 -49 -19 0
22 -61 -37 0
-30 53 20 0
-37 63 -17 0
-46 33 -20 0
-31 18 -78 0
43 -60 -28 0
-17 65 -13 0
44 -50 81 0
72 -31 52 0
68 33 56 0
74 37 80 0
68 -46 -72 0
-58 -72 28 0
35 -31 -65 0
-43 2 -57 0
15 47 -9 0
29 55 49 0
-12 -6 56 0
-56 -43 16 0
-2 79 7 0
12 -11 53 0
-56 77 12 0
-30 22 -78 0
-65 -43 34 0
73 -18 -2 0
-58 -17 -47 0
75 -74 49 0
37 -28 74 0
7 -48 9 0
26 -72 -71 0
-56 -73 47 0
8 28 5 0
-69 75 6 0
78 -75 41 0
-71 -44 -68 0
43 -41 -64 0
-18 10 -70 0
4 -1 -48 0
-73 13 14 0
34 7 -5 0
-1 70 -39 0
32 -69 -75 0
-80 -39 15 0
59 -29 -69 0
22 55 32 0
-71 4 -17 0
49 33 -76 0
-74 -7 51 0
50 76 45 0
9 -31 44 0
-31 -75 -80 0
-67 41 11 0
-33 -27 29 0
22 16 -55 0
3 -26 66 0
34 4 15 0
65 -58 62 0
47 -10 -11 0
-7 -60 -72 0
27 32 76 0
-16 10 61 0
-33 -68 2 0
-72 22 61 0
-15 25 -50 0
14 5 4 0
46 70 21 0
28 17 43 0
79 -77 -54 0
-17 47 -46 0
-60 -26 -50 0
70 -17 -11 0
-50 -42 25 0
-29 45 26 0
-12 -69 23 0
24 -15 74 0
-78 75 31 0
78 16 -59 0
79 8 -43 0
-28 -43 6 0
-54 6 27 0
48 39 70 0
70 -44 1 0
-16 -21 -64 0
27 -29 12 0
81 -26 -53 0
-28 -56 52 0
-38 -11 41 0
-77 3 -8 0
30 81 63 0
-14 30 -10 0
-45 -51 -28 0
-38 -32 68 0
74 41 -46 0
40 81 63 0
8 79 -19 0
-22 -66 -5 0
-47 -71 -65 0
17 -29 -22 0
49 -21 -56 0
38 44 28 0
-52 -19 58 0
-8 68 67 0
-74 -77 -5 0
-6 -20 -22 0
24 34 -16 0
-12 -21 -36 0
-41 -60 -62 0
-2 40 26 0
58 -1 40 0
-37 -68 -5 0
-41 -66 -45 0
13 -29 -5 0
-62 52 -3 0
-10 14 -60 0
27 41 55 0
54 76 45 0
36 59 21 0
28 47 61 0
45 52 61 0
-36 -69 -26 0
55 41 79 0
79 17 16 0
41 -8 44 0
14 49 68 0
47 -65 -7 0
66 -41 -64 0
-7 -81 -27 0
8 41 -31 0
20 -16 18 0
-13 -25 -41 0
23 75 59 0
75 -48 -57 0
25 -46 5 0
29 -19 54 0
-69 79 -71 0
77 2 -41 0
7 12 -24 0
15 -67 -19 0
74 -70 67 0
-2 -15 12 0
6 -17 -50 0
-53 -28 68 0
31 71 -38 0
72 -2 -21 0
-32 37 -42 0
12 79 31 0
26 58 -78 0
-15 37 -28 0
-65 66 -12 0
