p 32 136
-4 26 12 0
-27 26 -1 0
-25 5 -23 0
30 -14 10 0
10 6 -11 0
10 18 26 0
-20 -29 -2 0
5 -31 28 0
29 16 15 0
26 27 -18 0
26 -31 7 0
-29 22 9 0
26 17 32 0
24 -26 -32 0
-3 -2 24 0
5 12 19 0
29 -22 -19 0
7 15 -25 0
-2 -26 -14 0
-12 3 9 0
-12 -24 23 0
28 4 -5 0
-13 16 -28 0
14 -28 -6 0
21 3 -17 0
-15 -9 17 0
10 9 -2 0
-2 4 -8 0
11 -14 -16 0
-30 -26 32 0
12 24 -19 0
29 23 25 0
-21 20 -6 0
-31 -10 16 0
-13 26 12 0
-4 30 11 0
-16 -29 -19 0
7 32 -29 0
-6 -19 -12 0
16 10 -6 0
13 -28 -12 0
-28 14 -6 0
-19 -17 -4 0
30 -27 32 0
29 26 10 0
8 -23 -16 0
-30 -23 -32 0
-9 25 -24 0
-13 -19 -26 0
3 -27 -19 0
19 7 10 0
5 29 2 0
12 16 23 0
8 -22 14 0
25 28 23 0
21 23 4 0
31 -9 14 0
-5 -25 -14 0
24 -3 -32 0
5 -15 26 0
18 32 1 0
1 -19 21 0
-7 24 -8 0
-9 -25 20 0
16 22 -18 0
-15 -5 -4 0
-17 26 4 0
-32 -18 29 0
17 -19 -7 0
6 22 -11 0
-6 27 -9 0
8 -23 -31 0
10 1 -20 0
-5 30 -10 0
-20 -14 27 0
-3 -15 -1 0
-26 -7 19 0
12 -2 -24 0
28 5 -29 0
-18 23 16 0
-27 30 -22 0
2 10 -30 0
-27 -5 17 0
11 -15 9 0
-7 -28 4 0
19 27 -11 0
-21 -27 14 0
9 12 -31 0
7 -9 14 0
22 9 3 0
-7 -22 32 0
11 -5 25 0
-21 30 -13 0
30 4 12 0
-24 25 -32 0
2 30 12 0
17 -19 -26 0
31 12 28 0
13 -26 -6 0
-22 13 -27 0
-7 22 26 0
-21 -31 26 0
5 16 -14 0
-18 16 12 0
5 -24 -11 0
17 -19 -12 0
14 -15 25 0
-20 -21 30 0
-31 9 5 0
-6 -23 -25 0
4 29 31 0
27 2 -18 0
-7 -24 12 0
25 7 14 0
21 -26 -12 0
-10 -5 -2 0
9 -16 -14 0
-5 31 -6 0
-9 -19 6 0
-13 7 8 0
16 2 29 0
9 -25 16 0
-7 6 -1 0
-2 -21 -14 0
-23 5 24 0
-9 5 -32 0
-14 25 -10 0
-14 29 -19 0
-1 30 12 0
-16 -5 -2 0
27 1 2 0
20 -18 -26 0
20 30 -26 0
8 -9 -11 0
8 4 -17 0
6 -16 5 0
