p 90 383
-64 -50 -3 0
71 37 -62 0
-28 69 13 0
80 23 38 0
-76 30 -50 0
-55 -64 -80 0
-27 29 62 0
-73 77 14 0
2 3 73 0
85 -46 -8 0
-21 14 45 0
-2 -79 5 0
-18 -61 -1 0
-62 -38 -2 0
36 71 88 0
-41 -30 55 0
-77 44 75 0
9 21 39 0
-6 -21 -56 0
27 -68 26 0
36 -72 76 0
73 -37 9 0
15 9 -83 0
14 -78 20 0
54 33 -43 0
1 67 86 0
19 71 44 0
58 -11 64 0
66 -82 -1 0
47 30 82 0
-78 52 -79 0
-9 65 -53 0
-77 -14 -65 0
-25 14 -76 0
-56 -63 36 0
-62 -39 75 0
-87 -66 -1 0
65 55 -1 0
62 44 -58 0
-9 -11 29 0
-9 -31 -56 0
49 86 55 0
6 -8 -11 0
-1 -79 13 0
75 50 57 0
2 -15 -48 0
-22 -39 74 0
-78 -59 -88 0
-61 69 -30 0
-71 -10 87 0
11 42 88 0
-37 -67 -75 0
4 42 73 0
11 -37 -35 0
-52 -74 45 0
37 -75 -45 0
-45 75 56 0
41 -51 42 0
19 8 -71 0
-8 -16 11 0
36 -6 -88 0
9 -76 16 0
-6 -40 68 0
-45 -52 40 0
59 -35 6 0
73 60 42 0
24 -15 34 0
-28 63 24 0
-60 25 -65 0
-52 -44 -48 0
74 -53 23 0
-18 69 -75 0
-39 -83 32 0
-17 83 -61 0
69 -76 44 0
83 -41 38 0
13 43 56 0
-77 82 57 0
-76 -82 -35 0
88 39 89 0
-10 35 -82 0
76 -42 18 0
36 -34 -41 0
26 -4 51 0
69 -29 -84 0
33 -30 67 0
18 62 -76 0
21 -58 35 0
60 -70 33 0
21 -5 -42 0
85 -59 -70 0
-47 -31 -53 0
-22 14 45 0
-55 -70 -45 0
31 8 -12 0
-56 -21 27 0
-36 61 -52 0
10 68 23 0
29 45 -7 0
-49 -83 -64 0
-78 -18 -40 0
-41 83 71 0
-67 60 71 0
84 35 85 0
76 37 -36 0
9 -47 -10 0
-5 -31 67 0
34 -76 -13 0
49 71 27 0
90 19 -79 0
-83 12 -28 0
-15 -88 10 0
16 54 -52 0
-84 -61 -63 0
42 -60 -58 0
-28 -81 -7 0
-74 26 76 0
-68 17 14 0
60 72 -75 0
-73 -82 -53 0
23 46 -21 0
-1 10 48 0
-27 24 59 0
-35 76 -17 0
52 47 44 0
-80 24 45 0
15 71 21 0
27 -43 -61 0
46 22 -68 0
-32 -71 -69 0
-71 26 65 0
27 65 -51 0
-76 74 -29 0
22 34 65 0
-76 -34 28 0
10 -74 -68 0
-51 11 -61 0
-42 86 75 0
14 87 -27 0
66 -22 55 0
80 -31 27 0
81 58 -78 0
67 -30 -27 0
-81 -61 37 0
2 -88 -67 0
-46 -68 -30 0
74 -60 -21 0
-42 -78 -24 0
-26 87 -51 0
-32 11 45 0
-56 -47 -20 0
-14 22 5 0
45 33 -13 0
13 -20 -61 0
-35 -44 -74 0
86 -46 -47 0
42 -34 -26 0
30 45 34 0
-60 -58 -13 0
15 23 -3 0
47 68 -63 0
-72 88 -17 0
18 -27 -25 0
-72 14 -39 0
13 -26 88 0
-67 43 -3 0
65 -3 -18 0
-84 17 -85 0
86 -65 52 0
-34 42 35 0
-5 28 -70 0
45 55 87 0
53 -5 61 0
32 -58 72 0
-38 10 -49 0
-68 -84 -25 0
-40 -46 -13 0
-82 80 85 0
79 -4 11 0
-68 87 52 0
-74 -48 7 0
82 56 55 0
81 36 87 0
-9 30 13 0
31 -4 -13 0
-26 -54 63 0
72 -38 -11 0
-28 -54 50 0
-15 38 66 0
-4 38 -49 0
-81 -14 -55 0
6 -24 41 0
39 8 28 0
74 -33 -19 0
-15 28 -45 0
-48 11 -12 0
-71 -6 32 0
-23 79 34 0
20 -47 -28 0
-15 -76 22 0
20 -38 -2 0
-31 -35 -66 0
-35 11 -33 0
1 19 -48 0
-46 -74 64 0
-44 -56 -11 0
-51 74 -12 0
-80 24 88 0
-32 20 80 0
29 -56 82 0
-61 -56 -7 0
26 62 -17 0
64 11 3 0
75 36 -30 0
39 -32 -84 0
87 77 57 0
72 -19 38 0
-46 -21 -90 0
-30 9 81 0
33 -22 61 0
-27 39 44 0
-6 22 61 0
24 -25 -78 0
-13 57 -45 0
-87 72 -4 0
-79 -20 86 0
10 17 69 0
-49 -82 -2 0
-79 30 90 0
45 -29 -89 0
8 17 -88 0
68 42 -80 0
60 -54 58 0
-8 57 -38 0
74 -53 40 0
-22 -49 -2 0
69 79 -77 0
42 -16 -54 0
-57 -39 31 0
-16 -52 -76 0
-67 62 -84 0
-40 -50 -62 0
-12 -28 59 0
83 -55 2 0
-76 -38 -41 0
-72 4 -67 0
-70 -34 -38 0
12 13 79 0
-58 89 -76 0
87 86 1 0
-46 55 -90 0
76 37 17 0
-37 86 -27 0
9 34 25 0
-21 -40 -59 0
-77 24 63 0
70 69 72 0
27 -82 -34 0
68 -26 -8 0
76 -80 14 0
-4 58 -89 0
68 -25 42 0
-47 81 58 0
-2 -89 41 0
8 63 -89 0
36 42 58 0
-49 -45 -31 0
-55 3 34 0
-42 69 67 0
-48 -12 21 0
-84 -61 64 0
-2 -29 -44 0
-6 74 -13 0
36 50 -41 0
21 -64 86 0
18 -12 14 0
40 66 -82 0
-11 49 31 0
47 -68 57 0
51 -65 -29 0
-64 58 24 0
28 -26 69 0
67 -57 39 0
67 -83 51 0
-44 14 57 0
-61 -26 24 0
2 -8 -22 0
-77 -25 57 0
81 -4 39 0
-49 36 -1 0
-23 -37 -13 0
83 33 66 0
20 37 70 0
-40 -37 77 0
-23 25 69 0
-37 -39 -77 0
3 -2 55 0
-70 47 79 0
-73 -5 -63 0
16 68 -82 0
-56 70 42 0
30 -43 38 0
-35 12 -1 0
-56 -39 -68 0
17 -35 56 0
15 -79 -17 0
-59 65 -3 0
-82 53 -55 0
53 -20 68 0
-58 -35 85 0
-60 7 -66 0
-85 72 -55 0
-41 -47 12 0
-62 50 89 0
-79 73 -58 0
-73 -12 -19 0
-46 -35 -58 0
-68 -85 77 0
-56 -48 -40 0
-45 20 -68 0
66 56 55 0
-20 -8 -1 0
17 52 82 0
72 75 -5 0
40 -15 -16 0
-33 51 -47 0
43 -33 85 0
12 3 -41 0
-10 -43 -50 0
-54 -42 -26 0
13 61 -49 0
76 -81 73 0
-14 34 18 0
22 -20 18 0
29 19 42 0
6 -64 76 0
-72 35 44 0
70 -48 13 0
16 51 -67 0
-7 -53 11 0
55 44 85 0
7 35 15 0
61 63 -50 0
22 58 10 0
3 72 40 0
-82 -38 -54 0
-90 25 13 0
-54 70 -57 0
88 -42 77 0
-56 -6 53 0
-30 70 45 0
15 -49 50 0
60 -81 -13 0
-40 83 13 0
-20 -41 -35 0
-27 -9 23 0
-18 -47 9 0
61 -34 -78 0
68 -15 -2 0
-33 57 -67 0
67 75 37 0
-79 1 5 0
19 -87 -23 0
55 -36 70 0
45 -55 -69 0
-76 65 89 0
27 14 90 0
-65 5 79 0
-6 57 -56 0
-27 64 65 0
53 -87 -4 0
-10 -20 34 0
-4 31 -48 0
73 -42 54 0
-12 84 33 0
18 -43 61 0
52 59 -67 0
41 53 -66 0
51 86 -43 0
9 -18 71 0
82 -38 58 0
41 -87 56 0
-76 24 -72 0
