p 92 391
54 -3 -61 0
-36 16 61 0
-11 -84 -56 0
88 40 72 0
-45 -35 -29 0
42 -48 7 0
-79 -90 40 0
-88 82 -53 0
-92 -77 9 0
-44 -76 -43 0
-45 67 -25 0
-9 -11 -58 0
40 -10 -58 0
-88 19 43 0
-58 -46 -3 0
81 63 -85 0
-49 35 -71 0
-5 83 57 0
81 77 -31 0
-51 -34 72 0
-86 78 72 0
-39 3 33 0
-61 -1 38 0
15 79 8 0
-86 -52 12 0
-67 65 -78 0
14 58 85 0
-9 -37 1 0
50 -37 -35 0
43 -92 -66 0
88 -17 13 0
-28 -92 85 0
3 87 -1 0
17 -49 47 0
-81 -42 4 0
7 -81 -74 0
-41 71 -34 0
-55 10 76 0
48 -71 1 0
15 58 -59 0
11 38 -72 0
-3 -41 -61 0
63 -28 25 0
-35 -14 77 0
54 2 47 0
61 -54 -50 0
-17 63 -7 0
-51 -34 -17 0
-88 -35 36 0
14 -35 -24 0
47 13 -41 0
84 2 -62 0
48 -47 49 0
-28 33 82 0
51 -68 -18 0
-40 89 -56 0
30 -92 27 0
-48 46 27 0
-68 -7 72 0
37 6 -47 0
-60 -63 -34 0
89 -90 -48 0
-71 75 35 0
-91 -69 85 0
-10 -80 -5 0
-55 9 14 0
78 -73 33 0
-69 -51 48 0
-47 -21 -74 0
-80 -34 16 0
14 43 -44 0
88 -33 70 0
72 25 30 0
-38 -23 27 0
-72 87 -82 0
-9 19 -48 0
13 -38 78 0
63 4 -62 0
-5 -53 -45 0
30 6 -38 0
-16 -84 74 0
48 -87 15 0
83 73 -50 0
-68 -88 -59 0
-17 -53 -39 0
17 -43 -63 0
-30 -84 74 0
-53 -77 -15 0
-65 -15 -21 0
-10 -83 46 0
78 58 27 0
-49 -53 38 0
89 -26 -18 0
-4 80 -42 0
35 51 20 0
24 -9 -13 0
89 21 44 0
17 -75 -90 0
89 66 -41 0
8 80 -42 0
-8 -91 13 0
-77 39 6 0
-91 17 -48 0
82 -13 -62 0
75 -51 -32 0
-45 83 43 0
67 -88 -59 0
-29 -49 31 0
85 -38 30 0
-25 -20 -77 0
-35 -38 -42 0
-74 -17 -60 0
-10 89 -72 0
-57 -40 -5 0
61 -44 34 0
23 26 81 0
34 37 -9 0
84 -54 -44 0
-19 26 62 0
-11 -48 27 0
5 86 -57 0
59 79 -83 0
-56 10 16 0
-76 33 -14 0
76 9 -55 0
69 22 18 0
34 67 65 0
31 -8 -19 0
35 -78 -60 0
-78 -62 -61 0
-34 -19 -18 0
-50 76 45 0
67 -31 -41 0
-43 63 -27 0
-72 -1 26 0
52 -36 -63 0
-21 4 -60 0
-54 42 -13 0
85 46 -64 0
20 -77 -8 0
38 -42 76 0
-63 -77 -24 0
-38 46 68 0
-80 -16 41 0
-90 -79 38 0
-29 -38 -57 0
37 -69 18 0
-77 70 -54 0
19 -69 11 0
54 -47 -9 0
82 -38 -89 0
-41 -80 36 0
69 12 89 0
-7 55 -18 0
85 -8 22 0
62 42 -8 0
23 48 5 0
13 -57 21 0
22 -28 -56 0
53 38 -39 0
26 -6 -63 0
-77 -50 5 0
-61 -68 12 0
18 -63 88 0
79 -19 -73 0
-56 52 60 0
53 -60 -70 0
-39 -71 10 0
-41 -30 61 0
42 26 81 0
47 81 37 0
-79 8 29 0
89 -1 62 0
84 -82 -35 0
-41 13 76 0
83 50 51 0
-82 47 -52 0
72 -83 -82 0
42 -7 -82 0
-49 76 -31 0
-80 -58 -48 0
-75 -47 20 0
-24 44 56 0
74 89 -81 0
-88 -55 23 0
-17 -36 -56 0
-59 -26 54 0
51 5 -43 0
62 65 -11 0
-48 53 26 0
83 -28 -44 0
-13 -88 16 0
80 83 58 0
14 -12 -50 0
92 48 83 0
-18 19 -12 0
-10 -83 -78 0
-49 2 13 0
-90 -70 -32 0
-76 33 -60 0
5 -36 30 0
-32 60 33 0
9 70 -63 0
75 53 -16 0
-16 85 3 0
3 -47 62 0
29 -20 22 0
24 -56 -8 0
13 -32 38 0
32 -9 -86 0
-18 38 -65 0
30 2 -42 0
-78 -82 24 0
21 -27 78 0
38 -3 22 0
19 -77 43 0
48 34 -84 0
-10 84 92 0
-8 87 64 0
-80 40 -11 0
-17 40 85 0
13 21 52 0
85 -58 36 0
87 69 6 0
18 -40 -2 0
-34 -71 -2 0
61 23 83 0
-25 15 -70 0
86 78 -27 0
82 -53 5 0
-51 30 28 0
-77 -57 -54 0
75 -16 -5 0
-31 -28 -65 0
-89 42 -54 0
-49 -6 81 0
27 -10 69 0
44 19 9 0
-84 71 70 0
16 25 -14 0
-56 24 -36 0
-53 -40 -46 0
-83 32 5 0
-40 -61 -41 0
46 -70 66 0
-61 44 56 0
-81 -50 -24 0
-69 -66 -36 0
65 53 42 0
-22 -35 69 0
-44 21 -43 0
46 -10 -41 0
-6 29 22 0
15 -14 9 0
18 10 -79 0
32 -64 -46 0
55 -54 50 0
-23 80 -20 0
43 73 -53 0
66 38 43 0
-70 -67 81 0
73 -5 59 0
75 84 31 0
87 76 -42 0
42 61 37 0
-33 91 69 0
42 -62 92 0
-48 36 14 0
-70 26 -41 0
-82 -13 -42 0
56 76 -16 0
-52 -3 83 0
-90 88 28 0
72 -86 -29 0
60 59 46 0
29 22 83 0
-20 87 80 0
-48 68 76 0
-14 -36 -17 0
-5 40 90 0
69 -92 77 0
-67 22 -69 0
46 3 -41 0
-19 27 31 0
10 -67 -40 0
-78 -70 -7 0
-31 -48 73 0
-34 -21 13 0
-69 -21 -92 0
79 -85 90 0
33 37 63 0
32 -20 -7 0
-60 -53 77 0
-28 -25 -76 0
-88 56 19 0
-1 78 -56 0
-67 80 70 0
73 63 -3 0
-38 -19 -22 0
2 -81 -73 0
51 4 18 0
-89 -47 2 0
57 -56 -31 0
-52 -28 39 0
52 -28 -61 0
-27 -13 10 0
67 68 -53 0
2 18 -61 0
-43 -91 -30 0
-47 -78 -38 0
-83 43 -71 0
68 -57 -74 0
-52 -4 9 0
87 -19 1 0
46 -8 -13 0
-1 -29 -34 0
-17 -83 69 0
31 -39 50 0
39 -82 80 0
-19 -50 -48 0
85 57 -68 0
3 63 -29 0
-14 59 -75 0
-18 32 -65 0
89 28 50 0
86 -10 20 0
-23 -4 -15 0
86 2 -61 0
-52 72 -3 0
66 89 -20 0
68 5 -40 0
-48 -88 -43 0
34 3 73 0
-70 -7 -87 0
-16 60 78 0
-73 10 63 0
-43 4 77 0
-23 -20 79 0
-9 20 81 0
45 50 -15 0
47 20 5 0
-81 82 -16 0
13 28 -45 0
-68 67 23 0
77 -17 -6 0
40 -91 67 0
44 79 -85 0
88 29 61 0
-16 -80 -64 0
50 7 -41 0
-31 63 -80 0
-31 37 -60 0
2 52 -55 0
-70 91 -1 0
-23 -89 -50 0
-89 43 63 0
-8 44 17 0
-26 64 -24 0
-13 1 20 0
-28 67 58 0
-48 9 -6 0
-5 35 -84 0
-81 -62 37 0
-71 72 41 0
49 15 -1 0
9 48 -34 0
-27 2 -63 0
88 -46 -18 0
-16 -14 -88 0
63 22 49 0
30 4 27 0
-9 82 75 0
-33 -6 72 0
-37 -81 -21 0
-26 -25 -31 0
78 4 11 0
-10 32 74 0
80 -73 -1 0
86 -73 -3 0
15 48 85 0
-65 67 -73 0
16 76 73 0
26 -39 44 0
-73 84 41 0
14 -20 -26 0
-72 -10 -85 0
-9 23 -32 0
4 5 77 0
80 -72 50 0
9 64 5 0
56 11 41 0
