p 71 302
-44 3 51 0
60 -29 36 0
-2 50 -46 0
25 39 -7 0
-14 -37 50 0
8 57 55 0
-30 46 -59 0
-19 -3 57 0
53 27 -62 0
53 66 21 0
10 42 67 0
11 -70 36 0
-6 -22 57 0
60 -63 -52 0
-66 35 -1 0
15 -48 39 0
-12 -63 44 0
-10 -69 71 0
57 34 -37 0
-26 55 66 0
20 30 -59 0
5 -57 -23 0
58 -6 -66 0
-1 69 -32 0
-27 20 -52 0
29 -53 -50 0
-35 26 1 0
-8 -38 -46 0
55 10 -14 0
50 -43 11 0
-45 44 19 0
71 69 64 0
39 -10 60 0
6 53 -27 0
49 -31 23 0
-9 39 -11 0
29 30 -33 0
-53 61 5 0
-27 63 49 0
-14 -13 -69 0
1 11 -19 0
-18 -25 42 0
3 64 24 0
-54 -62 -11 0
19 -2 33 0
-52 -12 -7 0
-40 -62 39 0
-35 70 -6 0
-51 -70 52 0
54 1 71 0
39 68 5 0
69 1 65 0
27 -30 -50 0
31 -71 30 0
-9 30 20 0
-21 -71 11 0
-22 47 40 0
32 55 66 0
-53 -50 12 0
-30 57 -39 0
-57 40 -4 0
45 43 -11 0
51 32 -38 0
-49 -7 -11 0
30 43 -17 0
-23 -39 9 0
51 -6 -28 0
-36 26 -52 0
-10 -40 -15 0
69 -2 36 0
-9 -17 -22 0
-51 36 -29 0
32 -24 23 0
12 71 -54 0
-66 9 -36 0
-41 -29 23 0
-15 41 -59 0
-41 61 24 0
-36 -32 23 0
-18 -25 -45 0
20 -16 24 0
-33 62 -67 0
33 39 -61 0
-48 -59 -60 0
25 -43 -3 0
19 63 -69 0
-70 11 -6 0
-5 69 8 0
45 -64 -12 0
-42 -9 67 0
22 46 -14 0
-4 34 -60 0
-47 -37 -54 0
31 -9 50 0
-63 -21 8 0
-62 21 -50 0
-39 53 44 0
23 -61 8 0
19 21 -69 0
-13 -46 -34 0
-35 17 -24 0
-66 5 58 0
27 -42 -59 0
38 61 36 0
67 -56 -7 0
14 59 -54 0
1 -57 11 0
49 -64 -10 0
59 -69 54 0
15 11 -53 0
7 30 36 0
54 17 64 0
20 -10 -69 0
51 45 63 0
-69 29 -22 0
-20 61 -18 0
29 -16 13 0
28 -40 49 0
-57 -5 -10 0
68 5 60 0
-39 27 35 0
22 63 -9 0
-46 -62 -54 0
39 -58 32 0
-64 -44 17 0
47 10 52 0
-17 32 -22 0
-49 6 56 0
59 -60 46 0
48 28 -61 0
-22 -20 51 0
22 42 12 0
36 15 52 0
-65 -1 -70 0
62 -11 4 0
41 34 -13 0
56 -22 -53 0
-25 -29 37 0
70 -71 30 0
-70 57 1 0
-10 1 37 0
11 -20 15 0
-45 -9 -48 0
-65 -23 24 0
40 -16 -66 0
9 -17 67 0
-30 46 -38 0
-66 57 42 0
-33 -49 32 0
-2 32 58 0
19 71 -62 0
25 -41 5 0
25 20 -46 0
-38 50 -57 0
54 11 -36 0
2 58 -27 0
5 -66 -24 0
8 27 -70 0
-24 44 -21 0
-18 -30 -59 0
32 53 -54 0
-30 -61 -20 0
62 -48 60 0
2 18 -40 0
15 -30 36 0
59 -57 42 0
-49 70 36 0
-46 38 11 0
36 -16 -50 0
40 -70 -3 0
66 7 63 0
-5 -46 -71 0
62 -12 -22 0
-21 62 -58 0
-71 -31 -49 0
22 -49 -64 0
43 37 68 0
-38 10 -60 0
46 -47 -10 0
19 25 -37 0
-56 -37 17 0
-27 4 -58 0
35 -70 33 0
23 55 -58 0
-47 -43 -41 0
-67 -20 48 0
40 36 -2 0
48 -70 -26 0
-9 -34 42 0
27 -28 -12 0
27 -23 -62 0
42 -6 -60 0
-44 3 -18 0
26 55 -60 0
-26 -55 -67 0
33 51 63 0
41 62 23 0
3 -17 51 0
54 37 -12 0
66 -52 42 0
-32 67 54 0
64 -28 -38 0
-33 7 -22 0
-42 -19 43 0
55 -34 32 0
-42 46 -7 0
-60 21 -50 0
41 -1 -44 0
-44 64 15 0
-67 36 -14 0
-2 3 -19 0
-46 -3 30 0
11 40 28 0
-38 -55 44 0
37 -7 -42 0
-45 -37 -68 0
8 -55 -30 0
-3 -18 -35 0
-49 -66 52 0
22 32 -11 0
-46 -12 -45 0
44 -54 25 0
3 -63 48 0
53 22 60 0
-37 -17 -13 0
62 -19 26 0
-50 21 -49 0
-54 63 -70 0
-12 33 30 0
-45 -47 39 0
2 -43 -32 0
2 46 60 0
-58 -17 -12 0
30 70 34 0
-67 -3 -27 0
-50 -6 -16 0
-43 -69 59 0
39 -64 -69 0
-32 9 -47 0
28 46 7 0
17 7 18 0
49 42 62 0
-40 -32 -69 0
-42 34 -8 0
16 -46 45 0
44 -20 24 0
-27 1 -61 0
-63 -61 -22 0
27 -16 -18 0
50 47 -63 0
2 9 22 0
-60 -53 40 0
12 21 10 0
27 22 13 0
-11 -1 -58 0
-24 66 -23 0
-18 27 55 0
-54 42 -35 0
-34 12 1 0
32 28 -25 0
-43 49 40 0
-31 -38 68 0
3 40 -56 0
47 -4 7 0
8 -22 -20 0
32 59 42 0
-61 -12 -42 0
-6 -18 -60 0
14 42 23 0
-70 -45 -16 0
52 34 -38 0
30 29 10 0
63 -38 -55 0
-50 -52 34 0
-56 11 -35 0
-52 25 -5 0
-61 30 -13 0
-37 42 22 0
68 43 55 0
25 -52 -19 0
43 -48 -57 0
26 38 53 0
-28 -16 59 0
23 62 -46 0
36 -27 -59 0
-41 -50 -15 0
13 -52 -20 0
18 61 56 0
52 -37 -71 0
67 18 -2 0
20 -10 15 0
52 42 25 0
2 64 20 0
50 -52 23 0
-53 -31 -51 0
14 59 -26 0
24 -30 -3 0
13 -7 -31 0
-71 -14 -52 0
43 -24 3 0
60 52 7 0
30 71 -29 0
