p 92 391
86 68 3 0
69 -43 -67 0
18 68 66 0
69 89 26 0
-30 9 29 0
-77 73 85 0
3 -17 -29 0
20 55 -80 0
24 -4 -54 0
-77 -31 10 0
-40 71 32 0
76 28 -49 0
-59 -1 -34 0
-49 31 -84 0
-47 59 -23 0
-25 -5 -42 0
-14 52 51 0
-29 56 -86 0
74 11 47 0
73 11 23 0
77 -17 46 0
8 -7 69 0
88 -44 35 0
7 -78 50 0
82 -66 30 0
31 -49 25 0
-10 -27 -89 0
-45 -16 -77 0
89 -57 -35 0
31 34 54 0
54 39 -87 0
44 28 58 0
53 36 12 0
-42 50 86 0
73 68 75 0
-25 -60 85 0
-4 65 -81 0
-27 -32 -6 0
20 -47 -26 0
-32 73 63 0
-61 -14 10 0
73 31 16 0
-64 -35 -6 0
-42 52 50 0
-28 -39 19 0
-62 14 6 0
68 -90 89 0
-4 37 3 0
-9 -60 -75 0
65 74 -8 0
48 83 -59 0
-82 -11 55 0
9 14 -75 0
-56 52 -22 0
30 92 59 0
-5 3 -12 0
86 40 -8 0
29 50 -70 0
61 -47 -88 0
64 -24 65 0
74 -32 -2 0
30 -69 15 0
-6 73 -40 0
39 -36 30 0
-11 -27 8 0
-18 54 22 0
-10 9 -30 0
-79 -86 2 0
-45 75 -70 0
39 28 -61 0
3 1 23 0
-12 42 -87 0
84 65 -12 0
-24 21 52 0
20 -56 -7 0
-9 -82 -23 0
42 -58 80 0
88 -40 -54 0
59 -42 -44 0
17 -7 -63 0
73 26 37 0
-75 -74 -9 0
-91 92 84 0
16 22 78 0
74 -4 -65 0
-58 -18 50 0
-75 65 -90 0
15 73 -17 0
69 71 -44 0
-69 16 -79 0
-2 -77 -71 0
-3 -41 6 0
-36 17 -89 0
-1 -3 -28 0
-17 53 67 0
-37 33 -56 0
85 -36 23 0
3 -87 -90 0
-45 -54 -11 0
32 21 16 0
91 26 -58 0
86 -11 64 0
-19 77 -61 0
-90 -74 -67 0
89 82 -80 0
-57 -51 -88 0
69 46 91 0
-20 13 14 0
-17 32 -81 0
-30 73 -55 0
-40 78 8 0
20 -74 -17 0
82 4 67 0
20 -54 -4 0
29 -92 16 0
-8 39 80 0
72 -46 -9 0
-89 -90 12 0
-42 11 12 0
-66 19 88 0
-76 -50 -39 0
53 -88 23 0
-76 -58 52 0
81 -54 -3 0
-76 79 -66 0
-19 57 -82 0
-87 -55 -3 0
73 69 -85 0
-57 -40 78 0
-44 -31 -49 0
-58 -77 -80 0
-20 8 -3 0
62 -29 18 0
84 39 -36 0
-24 45 -31 0
29 8 -2 0
81 44 -5 0
-85 67 -74 0
-41 -27 37 0
-27 -79 70 0
49 36 -5 0
-29 80 59 0
-23 -57 -28 0
37 88 -42 0
-72 -15 -37 0
-40 49 -55 0
-60 10 5 0
88 77 87 0
-8 -64 84 0
-9 -15 35 0
-86 59 37 0
35 19 53 0
-45 42 -47 0
30 -20 -36 0
-22 -55 -39 0
-60 -26 -32 0
-59 -81 -37 0
-46 2 -62 0
19 -33 90 0
-63 33 48 0
-52 -69 -88 0
-77 -39 13 0
28 84 79 0
-14 12 -7 0
92 -41 -59 0
-1 -71 -62 0
68 16 9 0
-68 8 -64 0
46 56 -21 0
-82 -19 49 0
51 -88 -87 0
80 -72 66 0
9 24 10 0
20 -54 -23 0
44 -14 -65 0
25 -17 36 0
48 -71 85 0
-2 -85 -55 0
-29 73 11 0
-41 -35 36 0
4 -80 -64 0
8 81 84 0
86 -55 -39 0
-13 -92 1 0
45 -16 -65 0
-8 -26 -60 0
2 78 75 0
23 -14 -1 0
60 -73 42 0
3 32 26 0
-63 -44 49 0
12 48 63 0
-2 -90 -40 0
-33 -43 7 0
-33 -77 -49 0
-53 16 -19 0
47 31 -64 0
60 -27 32 0
-89 36 81 0
-79 -67 -47 0
42 61 -84 0
-76 51 -15 0
-42 -38 -86 0
43 63 59 0
46 -29 -90 0
8 -78 49 0
-89 -91 3 0
-20 31 65 0
38 -57 67 0
83 25 33 0
18 73 -70 0
12 -36 52 0
58 91 -45 0
-55 88 -49 0
2 -18 -14 0
29 89 87 0
-68 74 -82 0
22 -8 -61 0
-67 81 -8 0
36 13 8 0
42 -68 15 0
-77 -55 -2 0
30 48 91 0
43 -45 17 0
-80 -63 -32 0
-87 41 -26 0
-88 -15 43 0
50 -40 -89 0
-66 -87 53 0
27 -4 -38 0
-59 54 -78 0
76 -70 31 0
51 -68 83 0
28 -50 -5 0
-48 14 31 0
25 -9 39 0
-60 79 -3 0
90 -38 13 0
-22 -70 -16 0
-61 -50 -64 0
-61 -29 89 0
-52 33 -51 0
13 -23 -20 0
-24 -83 -75 0
51 49 34 0
18 -56 -87 0
-56 82 -78 0
-66 22 -82 0
43 -32 -83 0
29 -25 -22 0
63 -56 50 0
-46 80 27 0
49 -34 -44 0
-92 -90 9 0
-42 -36 32 0
-60 50 58 0
75 90 73 0
34 90 53 0
-31 -1 10 0
53 76 7 0
28 -5 -60 0
-59 75 -49 0
-13 -67 -3 0
-80 -51 -37 0
26 -62 -29 0
-24 -42 -18 0
-76 60 -69 0
-92 -67 -70 0
-43 39 -33 0
66 62 75 0
-28 -27 -86 0
67 -87 3 0
-64 -61 -9 0
-32 36 -86 0
19 9 -80 0
56 51 38 0
19 -43 42 0
-27 35 -73 0
-17 -46 -57 0
-87 -27 67 0
44 -90 25 0
-32 -66 -33 0
-7 -78 26 0
-75 -41 -28 0
35 -28 -76 0
54 -13 74 0
32 -72 -80 0
69 -81 80 0
79 71 29 0
33 63 80 0
-33 40 60 0
65 -29 -3 0
-88 -92 -11 0
-5 -33 -45 0
77 -29 73 0
8 27 -4 0
62 -28 -74 0
86 71 61 0
-74 30 63 0
-58 44 66 0
-43 56 13 0
51 36 -52 0
-20 67 53 0
70 -81 66 0
-44 -57 -35 0
-90 -41 34 0
-88 -9 62 0
-28 31 -38 0
-62 11 69 0
68 -25 70 0
16 46 -85 0
9 71 -4 0
-66 63 -8 0
-70 19 -85 0
82 30 -81 0
-43 -1 -76 0
-39 26 -46 0
-8 28 7 0
26 58 -86 0
6 -44 89 0
-18 13 -89 0
-42 -82 63 0
44 -84 -42 0
-8 5 -70 0
-45 81 -91 0
88 -13 58 0
-78 -59 -67 0
79 -5 -82 0
-31 -76 -54 0
27 -59 -86 0
-29 83 -21 0
-48 -83 -78 0
63 61 46 0
12 18 -82 0
-12 -78 16 0
20 -34 1 0
72 -83 -73 0
14 58 21 0
3 74 -68 0
14 -6 81 0
63 79 -42 0
19 58 81 0
25 77 -32 0
-39 29 35 0
-65 27 70 0
61 18 -23 0
-6 -12 -92 0
8 -9 17 0
-14 90 31 0
58 -6 -5 0
-15 12 -41 0
70 41 -83 0
-3 84 7 0
-72 -77 -90 0
-78 10 49 0
30 -68 -80 0
69 73 -39 0
7 -57 8 0
-72 15 -67 0
5 70 -2 0
-16 -69 63 0
-86 -10 18 0
-51 39 91 0
-4 82 -53 0
27 -33 -61 0
66 56 38 0
90 -86 56 0
8 53 -65 0
-75 69 -72 0
-26 -77 6 0
76 23 -69 0
-50 80 4 0
9 42 50 0
66 4 8 0
30 22 63 0
57 -44 -38 0
-16 22 18 0
-65 11 42 0
-17 -65 20 0
24 53 57 0
45 -72 79 0
-51 56 41 0
12 89 44 0
77 20 39 0
75 24 84 0
-33 -22 28 0
81 -43 -42 0
7 -36 -32 0
-41 36 -18 0
-76 -88 -19 0
64 -7 85 0
