p 33 140
1 -25 9 0
2 6 33 0
-3 -32 -31 0
-25 -1 21 0
3 -30 -26 0
33 -9 -1 0
-9 -27 31 0
-19 -33 -22 0
-11 16 -31 0
-26 -29 10 0
29 16 2 0
-12 4 -27 0
5 29 -2 0
-19 12 -26 0
4 -2 -32 0
12 13 -31 0
-25 11 -3 0
1 32 13 0
15 24 3 0
23 -5 -15 0
18 -23 31 0
-28 32 21 0
21 -10 22 0
-18 -11 17 0
30 -21 -33 0
-8 32 11 0
-16 -3 2 0
6 -24 29 0
23 -21 13 0
-7 -25 -4 0
-32 -23 -27 0
3 32 7 0
16 29 11 0
-18 29 -23 0
27 -6 -25 0
-3 15 -10 0
-14 17 26 0
1 31 9 0
-9 12 -15 0
5 1 -24 0
-24 13 33 0
-12 -4 -23 0
-8 12 -11 0
5 -13 -16 0
-11 19 31 0
5 -11 -30 0
26 -5 30 0
-19 5 -16 0
4 -21 25 0
5 3 14 0
-1 -6 15 0
-28 -33 -11 0
-12 -21 -20 0
19 12 -24 0
-14 -5 -2 0
-23 13 -24 0
24 -30 12 0
8 15 2 0
-33 -26 10 0
33 25 -4 0
-31 -19 25 0
26 31 7 0
-12 -32 -27 0
4 -24 30 0
17 22 13 0
11 -19 -28 0
31 -14 -29 0
-18 -6 17 0
29 -14 21 0
33 22 17 0
-10 21 31 0
21 -12 -6 0
15 -2 7 0
-28 10 -33 0
25 9 -14 0
-14 -26 31 0
-15 -18 17 0
1 -25 -11 0
-21 -23 14 0
-31 21 11 0
-28 13 16 0
9 -26 29 0
29 -8 -15 0
25 2 -20 0
-5 28 12 0
3 28 -26 0
1 -28 2 0
-30 -26 29 0
-28 -15 -17 0
32 12 -1 0
17 20 -23 0
-18 2 -28 0
-15 20 2 0
24 32 -9 0
-22 -25 1 0
29 -32 24 0
-10 4 -18 0
-8 33 14 0
-5 4 -7 0
20 -24 -9 0
-5 -25 -17 0
-27 15 8 0
-29 -4 25 0
26 14 10 0
-5 -25 9 0
-7 -20 15 0
32 4 -6 0
8 19 -29 0
-28 -16 19 0
-1 29 -23 0
-32 -24 -7 0
15 28 -16 0
-25 -12 22 0
-32 7 -24 0
10 33 14 0
14 30 1 0
-12 29 8 0
12 -7 33 0
25 27 -7 0
-24 26 5 0
8 32 -25 0
11 -27 33 0
16 26 21 0
-18 19 30 0
-28 -23 22 0
-15 -17 5 0
-27 -5 -1 0
-12 6 -10 0
20 32 -33 0
19 15 3 0
-32 4 1 0
3 16 -27 0
22 2 -30 0
-4 33 3 0
-14 -30 2 0
23 1 -5 0
30 14 32 0
-13 -5 -31 0
-18 3 -2 0
10 -11 8 0
