p 24 102
-24 -8 18 0
-6 -22 10 0
8 10 -23 0
20 6 4 0
24 -19 -11 0
-17 -7 -3 0
-22 -19 -20 0
23 13 12 0
1 6 -4 0
9 24 -20 0
20 -7 -2 0
1 -6 -21 0
-18 -6 -12 0
-18 -3 7 0
3 -4 20 0
-14 -1 21 0
7 11 -2 0
5 10 -1 0
4 -16 -6 0
-8 22 -12 0
12 2 -18 0
-7 1 -21 0
-17 15 11 0
8 -20 5 0
16 1 -21 0
5 -7 -2 0
-23 -20 13 0
7 6 20 0
8 5 1 0
-17 -22 -11 0
21 14 12 0
5 -8 -24 0
13 -6 18 0
-17 11 -20 0
14 -11 21 0
-11 -7 -16 0
17 2 11 0
-10 12 -17 0
15 22 -4 0
-1 18 19 0
5 11 -6 0
-5 -22 14 0
-11 23 6 0
9 -14 15 0
-13 -23 -12 0
17 -22 -11 0
6 -8 2 0
-21 -6 4 0
16 4 21 0
-24 -21 19 0
20 14 -19 0
16 -19 -17 0
23 -18 -1 0
-10 -18 -21 0
6 -9 23 0
16 3 20 0
-1 -3 -7 0
-19 22 -10 0
11 9 -21 0
11 13 -22 0
15 -18 8 0
-11 -13 -16 0
13 -10 16 0
-17 9 -18 0
-14 -4 16 0
20 18 5 0
-21 2 7 0
12 -8 -22 0
8 -6 -12 0
10 24 -21 0
-21 17 -19 0
-1 20 -7 0
-13 5 11 0
-21 6 -13 0
-19 -9 16 0
-15 -18 -20 0
21 -23 -20 0
21 -19 -1 0
8 -2 -10 0
-23 9 2 0
-1 -22 9 0
-15 -2 -5 0
21 -8 -16 0
11 -15 22 0
7 22 -10 0
-3 1 -20 0
-23 19 8 0
-23 -24 -12 0
-21 -14 -13 0
8 5 7 0
-13 1 9 0
11 5 -10 0
15 -2 10 0
15 10 23 0
-11 15 -13 0
23 4 20 0
21 -20 7 0
9 15 14 0
2 24 4 0
-13 6 21 0
4 3 15 0
8 -14 -5 0
