p 79 336
48 7 -69 0
-29 -62 -54 0
76 -6 62 0
48 -22 30 0
-47 5 -34 0
-38 -35 -5 0
-75 -76 -26 0
5 -9 -63 0
-13 32 -15 0
-9 65 14 0
76 -43 57 0
67 27 79 0
-35 15 -38 0
-51 68 69 0
-72 -59 74 0
-58 70 -53 0
21 -48 -59 0
-76 -12 30 0
31 26 41 0
-43 -36 -77 0
-19 27 -35 0
57 5 -74 0
-73 67 57 0
-57 21 -13 0
1 -42 63 0
-22 -42 -54 0
-4 15 46 0
66 53 -65 0
39 -15 -7 0
-62 -5 57 0
36 -15 -11 0
-63 -19 -40 0
-78 14 -23 0
-49 -78 -45 0
-42 12 75 0
-23 20 -33 0
-51 55 -25 0
25 52 -7 0
-66 6 -35 0
-61 1 41 0
43 -6 41 0
-7 -10 -47 0
60 -25 -9 0
46 62 71 0
-61 -5 29 0
55 24 26 0
24 75 70 0
73 -71 20 0
1 -33 3 0
-19 -52 79 0
17 -30 -75 0
-18 66 11 0
14 31 61 0
13 18 67 0
-37 -48 72 0
8 -48 -26 0
-42 -21 59 0
-26 -7 8 0
29 23 -16 0
-23 -32 48 0
12 -16 -26 0
-37 52 59 0
-22 -19 14 0
79 -47 -21 0
-62 34 14 0
4 18 42 0
-28 -44 -45 0
12 -71 53 0
-10 49 27 0
-58 -51 63 0
77 -63 3 0
-27 30 -22 0
26 40 -49 0
-72 22 -27 0
52 39 38 0
-33 -28 -55 0
57 -51 -18 0
49 74 40 0
51 61 20 0
77 16 61 0
-21 49 72 0
-34 68 25 0
-64 1 67 0
-8 57 -42 0
60 -59 3 0
-29 -66 -3 0
48 -56 -29 0
22 -24 11 0
-40 43 25 0
-67 49 -21 0
-64 -52 -69 0
6 -63 -16 0
42 -52 41 0
40 43 16 0
46 41 38 0
-48 -60 62 0
54 -2 -8 0
1 -61 68 0
-13 -66 -51 0
32 -58 -39 0
65 -76 27 0
-67 21 29 0
33 -66 9 0
25 69 -30 0
-1 -16 69 0
-35 -13 -4 0
-41 -60 -59 0
8 -20 37 0
-51 -43 38 0
72 -5 -23 0
25 -27 30 0
-11 -8 54 0
-40 9 -43 0
57 72 18 0
-57 -73 79 0
-64 8 56 0
-5 25 -39 0
43 -31 -22 0
67 -57 76 0
28 -78 -38 0
-27 -6 31 0
76 29 -18 0
-6 -69 -27 0
-15 -77 53 0
-43 -73 -24 0
23 41 -9 0
20 65 23 0
9 -17 -66 0
-29 46 62 0
63 7 5 0
-54 14 58 0
8 -54 68 0
-56 -22 -14 0
-55 -45 -63 0
27 -45 44 0
78 -35 -39 0
-29 2 -70 0
-76 -8 -36 0
-32 27 -53 0
23 -18 -46 0
-45 -10 16 0
-25 -78 -31 0
-43 -4 -20 0
65 -32 -67 0
12 11 62 0
68 58 -74 0
-35 -59 -45 0
16 53 -60 0
-43 36 -19 0
-47 -73 50 0
60 64 -5 0
25 19 -17 0
59 36 78 0
44 -27 1 0
27 -76 -11 0
-75 -10 -40 0
11 -1 -28 0
35 -15 -76 0
59 -47 77 0
-5 57 -44 0
19 46 -1 0
-35 67 64 0
-31 -40 53 0
-19 -69 49 0
-74 53 -32 0
-34 -11 -68 0
47 -31 39 0
-39 -41 -3 0
-34 -16 -35 0
49 23 -31 0
22 61 -19 0
61 -55 -49 0
-11 -30 -50 0
73 -58 67 0
-78 17 -6 0
-26 44 -42 0
51 68 -36 0
17 51 -30 0
-56 -36 38 0
-25 -1 49 0
-67 21 69 0
46 -8 56 0
5 36 19 0
11 48 60 0
35 -1 75 0
-43 -48 -46 0
16 29 79 0
24 5 65 0
53 -3 -40 0
53 23 62 0
20 -75 -57 0
-54 72 73 0
-1 48 12 0
16 52 10 0
-42 -21 -4 0
40 58 54 0
72 -11 29 0
-1 -18 -64 0
-57 -38 52 0
-42 66 -28 0
-22 42 -46 0
16 -9 37 0
28 -23 35 0
59 -32 -50 0
-60 -22 -52 0
-4 -33 -60 0
-23 14 -68 0
-73 41 67 0
67 41 -63 0
24 27 -63 0
-68 70 -28 0
63 -75 29 0
17 49 -67 0
-58 50 24 0
64 54 27 0
47 -24 -26 0
62 77 -78 0
5 19 41 0
21 18 45 0
21 -14 -8 0
13 -32 -66 0
-75 36 52 0
-68 63 74 0
31 6 -29 0
38 26 -65 0
-13 -49 -59 0
-77 -46 -47 0
-13 -9 -11 0
-17 -36 53 0
54 3 15 0
-75 5 -73 0
-25 6 29 0
76 -28 -67 0
48 34 -56 0
1 -77 4 0
60 -79 -6 0
52 60 -19 0
-72 -27 -60 0
-79 -28 8 0
-34 47 -59 0
63 -75 -26 0
-41 -54 -73 0
-9 68 -66 0
-6 -76 -56 0
54 -10 34 0
-66 68 -62 0
4 -18 7 0
43 48 23 0
-48 -25 -59 0
-7 -44 45 0
-51 -45 12 0
49 -76 -41 0
53 12 49 0
-9 -36 -48 0
50 -69 56 0
-64 22 -8 0
56 53 2 0
-30 -63 -48 0
34 -42 -37 0
22 21 -53 0
67 -20 -66 0
-30 -17 -60 0
3 58 31 0
74 -16 11 0
76 69 -14 0
42 57 -15 0
23 -46 -39 0
32 23 54 0
3 41 44 0
16 46 -71 0
4 -79 -27 0
-63 16 74 0
50 -63 19 0
-8 -7 28 0
70 26 2 0
-57 4 -15 0
25 75 56 0
57 67 56 0
-62 -79 34 0
72 -2 14 0
37 30 57 0
-58 48 -15 0
-2 -36 76 0
-71 63 28 0
-11 -76 -17 0
73 -57 7 0
21 -20 -31 0
-55 62 -5 0
-78 51 -34 0
67 -38 -71 0
-55 14 15 0
46 51 -49 0
-77 26 17 0
-29 17 56 0
45 -36 -79 0
-67 56 17 0
22 -69 -54 0
-54 61 79 0
59 -68 69 0
75 66 -8 0
46 45 50 0
-56 66 50 0
29 18 -17 0
-77 -54 -60 0
-1 77 -79 0
77 46 45 0
-5 62 18 0
64 59 -42 0
49 14 -13 0
35 -1 72 0
41 -10 -61 0
59 62 49 0
-33 -62 4 0
35 -36 -22 0
47 -50 -15 0
-17 39 44 0
60 31 69 0
-12 15 -75 0
-61 -68 -13 0
-66 -67 -78 0
-50 -34 -45 0
-12 36 66 0
-61 -45 79 0
21 56 77 0
14 62 -30 0
-16 47 -66 0
-22 8 -53 0
29 -71 -64 0
-72 23 -77 0
-31 -12 60 0
-45 -4 64 0
28 -72 35 0
51 -38 21 0
-20 19 -79 0
-66 -58 -53 0
-1 47 60 0
