p 97 413
86 81 -34 0
-43 -83 -32 0
62 -33 25 0
88 87 34 0
50 -62 18 0
-20 26 -51 0
63 -68 -14 0
15 -50 62 0
-17 -43 4 0
58 70 24 0
-40 -54 8 0
17 75 -32 0
-59 -7 -67 0
80 -67 17 0
61 41 -82 0
5 -2 16 0
69 19 86 0
-4 75 79 0
34 -78 91 0
-33 88 -54 0
57 90 72 0
3 32 71 0
-74 -40 42 0
38 -83 -59 0
-73 -14 97 0
-84 10 -50 0
-37 -14 23 0
90 -17 32 0
19 97 -58 0
-83 -71 -35 0
-28 65 25 0
50 -3 -38 0
19 -1 -31 0
93 12 -89 0
-90 -14 -58 0
67 36 -78 0
96 -9 63 0
-87 -5 89 0
63 6 15 0
-59 -29 56 0
-34 -93 25 0
41 12 -83 0
48 -58 -92 0
45 -35 -8 0
68 87 -42 0
-81 -11 -56 0
47 -68 87 0
68 29 5 0
43 81 16 0
13 -11 36 0
-75 27 -72 0
60 87 93 0
78 -63 58 0
-54 64 -82 0
-12 -44 -78 0
29 -45 -15 0
56 -35 50 0
30 55 68 0
-19 97 25 0
73 -19 -93 0
-83 -76 91 0
-6 -71 11 0
59 37 54 0
-89 63 -96 0
-40 -71 39 0
-86 5 19 0
96 -10 -19 0
-95 -38 5 0
17 87 -42 0
-47 46 84 0
-78 -12 -28 0
42 -44 -16 0
-43 1 31 0
-48 -85 -66 0
-74 35 -15 0
-55 66 96 0
-54 -74 47 0
94 -3 -9 0
-39 28 -36 0
-92 80 67 0
-27 21 53 0
70 -89 -62 0
41 36 21 0
-46 80 -29 0
9 63 15 0
42 -38 11 0
34 -54 26 0
46 -58 10 0
-75 -61 96 0
-36 -93 1 0
-39 33 6 0
47 -25 -95 0
7 19 3 0
2 -37 -89 0
-60 -33 -91 0
69 -46 -1 0
-51 56 72 0
35 37 -54 0
-29 -7 -89 0
-32 71 -50 0
45 -95 -27 0
-76 40 58 0
-11 -87 -38 0
-14 87 -83 0
11 -9 -50 0
37 -94 -23 0
-42 -54 -24 0
49 46 94 0
71 -75 -40 0
38 51 88 0
36 -94 39 0
89 -83 -49 0
64 40 -19 0
64 -96 86 0
82 5 66 0
60 -26 -95 0
77 -18 -65 0
14 -64 -49 0
-18 -44 -52 0
-58 91 -13 0
39 -30 96 0
-6 94 -58 0
-25 -80 85 0
-81 72 3 0
-95 34 -25 0
-13 -92 51 0
-31 42 -72 0
39 43 64 0
38 -70 57 0
49 -76 5 0
29 41 -23 0
-28 -55 -97 0
90 41 -14 0
37 62 41 0
45 -34 -82 0
-17 -78 34 0
-14 -26 -25 0
-73 -24 -62 0
-80 57 -43 0
-90 -93 -3 0
-51 11 -15 0
-90 11 -97 0
-87 76 -48 0
-21 16 15 0
64 28 40 0
5 21 10 0
8 18 34 0
22 10 -7 0
-48 -11 37 0
73 75 -92 0
-50 -10 11 0
3 93 -42 0
22 19 -30 0
76 -48 -49 0
11 -25 70 0
12 29 28 0
35 -66 73 0
42 23 62 0
78 8 -72 0
20 71 97 0
-60 64 -55 0
37 -20 61 0
-58 66 37 0
42 -61 -68 0
16 61 -25 0
-68 5 59 0
53 50 68 0
-85 -5 31 0
70 -23 36 0
35 66 -34 0
-44 -36 -9 0
83 -84 -7 0
-7 42 -97 0
-68 10 -75 0
45 -69 80 0
-66 -58 -90 0
47 53 37 0
35 33 -3 0
10 -34 -15 0
66 5 47 0
-50 55 66 0
-55 57 -40 0
15 -53 -34 0
-50 66 -96 0
7 81 -60 0
-29 92 -41 0
68 14 -48 0
-70 44 -84 0
8 7 64 0
-57 9 49 0
15 -11 -46 0
92 71 4 0
72 -92 13 0
44 -89 -17 0
92 -58 82 0
13 49 -80 0
82 25 46 0
-16 -61 73 0
87 -46 75 0
63 82 40 0
-72 -11 80 0
-13 -38 -59 0
31 60 -64 0
38 -91 11 0
-28 -16 -10 0
64 10 -26 0
50 31 30 0
76 -17 -28 0
73 6 37 0
-12 34 -58 0
68 -10 -85 0
-60 -32 -18 0
-49 28 57 0
-81 -64 52 0
14 -45 -47 0
45 -71 -10 0
-76 -36 -10 0
45 4 -13 0
11 -31 10 0
-85 -2 -91 0
91 15 -11 0
43 -9 69 0
-6 69 -9 0
60 -47 48 0
14 -51 17 0
93 2 -3 0
58 -86 -18 0
-59 -42 -19 0
82 -49 54 0
-43 -28 94 0
-2 26 -70 0
-77 -55 -53 0
-38 -6 -86 0
41 15 55 0
73 -86 -8 0
-87 64 77 0
42 -66 -49 0
82 72 15 0
54 -61 23 0
82 19 9 0
13 -51 -67 0
-32 89 -1 0
84 -8 5 0
-47 -76 94 0
-64 -39 -84 0
-39 96 -44 0
78 67 82 0
-77 -76 26 0
-47 -15 -29 0
17 34 -1 0
41 66 -51 0
-3 -92 30 0
-31 61 -93 0
-9 92 -1 0
-19 40 67 0
75 -42 -28 0
-35 41 -29 0
-14 80 1 0
-66 -18 -92 0
1 33 83 0
44 47 54 0
92 -88 -67 0
44 83 -65 0
58 7 -34 0
-59 83 -30 0
85 73 -27 0
49 -60 71 0
89 44 -74 0
78 76 -61 0
-39 95 -93 0
64 52 25 0
-31 91 -53 0
-86 -14 6 0
-54 -8 -23 0
16 78 37 0
-53 -97 -55 0
59 66 -2 0
-23 -45 10 0
11 42 -43 0
-7 -70 66 0
-30 -20 7 0
84 73 86 0
-92 23 -12 0
-87 3 -9 0
43 -42 -17 0
57 -5 -30 0
5 35 -43 0
-45 -88 85 0
18 -30 11 0
-86 -36 10 0
-36 54 -5 0
69 90 -2 0
14 52 47 0
15 38 -68 0
11 -4 69 0
-90 69 57 0
15 -53 -92 0
-87 -7 80 0
44 -71 -14 0
-33 81 35 0
77 61 -48 0
-89 -92 25 0
3 11 51 0
-64 -35 -31 0
-91 -75 42 0
48 -28 -96 0
-53 -11 -44 0
18 -21 -9 0
-42 -46 -45 0
2 -67 -84 0
54 -17 42 0
-49 4 44 0
69 -38 -67 0
-94 12 -46 0
-49 38 -17 0
-60 29 -32 0
65 52 -80 0
46 -90 -6 0
91 5 -28 0
41 65 -34 0
62 16 17 0
-3 -33 45 0
57 -56 35 0
37 -43 39 0
-86 -48 46 0
-68 56 -14 0
-42 95 -47 0
-88 -14 -3 0
71 -89 42 0
-70 -1 23 0
-62 -81 70 0
-22 -20 -96 0
29 24 15 0
15 -50 62 0
31 -52 -33 0
44 91 48 0
-67 -86 -70 0
28 89 26 0
-76 17 -47 0
42 6 -79 0
-44 38 82 0
80 96 -13 0
24 53 -33 0
81 -21 87 0
73 58 -6 0
-73 -50 -52 0
72 61 -26 0
-92 -17 -78 0
-7 -21 -73 0
-69 35 73 0
76 9 -66 0
7 -36 -50 0
34 -84 2 0
96 70 -55 0
-39 -40 67 0
21 -12 62 0
8 58 33 0
31 -41 -16 0
-54 -43 7 0
71 23 75 0
-57 -20 49 0
-90 59 28 0
33 51 -10 0
79 71 -76 0
-16 93 -5 0
26 86 -12 0
-42 3 -83 0
16 -70 -59 0
-41 -47 -11 0
-67 6 -85 0
-13 19 -46 0
-72 -50 -19 0
27 71 -59 0
2 -32 73 0
-88 83 24 0
-84 -78 -67 0
-8 72 36 0
93 -70 -87 0
36 -6 68 0
-13 -87 -84 0
-54 -21 -17 0
20 90 -61 0
-93 12 -95 0
-59 88 -40 0
-70 4 -57 0
1 -93 -90 0
-75 70 97 0
-26 96 1 0
-50 -13 -84 0
20 -89 44 0
-30 17 10 0
-10 91 51 0
-87 55 67 0
66 77 -75 0
-76 -2 -82 0
-72 -64 51 0
-82 -29 47 0
-23 20 86 0
-65 -7 -2 0
-19 -28 32 0
12 -75 90 0
56 -37 18 0
18 14 -48 0
-77 -64 -56 0
93 71 -29 0
-11 7 -13 0
41 46 22 0
97 25 -34 0
-41 -56 21 0
-52 71 -88 0
29 78 -44 0
-71 43 65 0
70 -90 -24 0
