p 85 362
14 18 -38 0
49 85 61 0
32 64 -42 0
82 -58 -30 0
-17 38 -30 0
-79 -38 82 0
-80 58 61 0
-21 -84 -12 0
38 -65 -61 0
-20 -84 67 0
46 -64 -42 0
-15 -27 -9 0
19 -48 -42 0
52 16 11 0
28 -4 -41 0
8 -51 25 0
-38 29 15 0
56 -64 32 0
68 81 5 0
24 22 -31 0
11 -77 75 0
21 15 69 0
-14 -1 -57 0
29 -40 -15 0
-17 -37 -27 0
38 -3 -43 0
-81 -84 71 0
-46 45 9 0
-77 -31 -29 0
-7 -13 6 0
70 -75 33 0
2 -53 17 0
80 -13 -63 0
-65 79 -28 0
-79 -38 62 0
-49 -82 50 0
43 49 25 0
-47 38 -58 0
-31 -66 52 0
-73 -23 45 0
-9 -47 -56 0
53 51 -48 0
76 -65 -1 0
-54 77 52 0
31 -6 22 0
-79 -82 12 0
-19 10 -16 0
-52 -26 -40 0
11 69 27 0
-40 -1 78 0
26 82 57 0
-83 -76 -79 0
23 -56 50 0
85 -61 2 0
31 8 -36 0
17 50 -55 0
-42 55 3 0
-53 -48 -66 0
-60 15 -65 0
-13 60 43 0
-54 -58 -26 0
-56 72 -14 0
-15 80 16 0
28 -60 26 0
27 40 51 0
-21 -32 -25 0
60 18 -75 0
-19 80 35 0
13 -31 -23 0
40 -77 -8 0
-41 26 -69 0
11 19 6 0
-7 -84 80 0
-36 -3 -22 0
-12 65 58 0
-14 -8 -33 0
-44 61 -13 0
-38 -53 -37 0
-68 20 63 0
36 42 18 0
-80 82 -52 0
23 20 8 0
-82 85 7 0
47 38 -70 0
16 -68 -25 0
-74 22 -69 0
-74 -7 21 0
85 45 -48 0
-53 -68 58 0
37 6 -71 0
30 83 32 0
-51 65 -17 0
21 -16 10 0
-63 -73 -12 0
-78 -34 52 0
-50 -66 77 0
-9 -65 -59 0
-68 -70 -48 0
-25 21 11 0
-64 78 25 0
-40 -53 -64 0
43 73 -32 0
-35 -21 -46 0
37 35 68 0
66 -85 -65 0
32 -18 -2 0
49 64 19 0
-30 -28 -27 0
-33 14 18 0
16 -38 72 0
8 76 40 0
-61 33 11 0
-74 31 4 0
62 25 -4 0
30 16 -23 0
-12 -53 -22 0
-54 -58 48 0
-47 42 -6 0
-55 -13 34 0
19 13 -84 0
48 64 18 0
45 -64 -34 0
24 71 33 0
-52 -17 80 0
38 -12 -24 0
56 30 -29 0
-26 39 23 0
49 -48 -41 0
-68 70 36 0
-49 -15 42 0
-80 25 69 0
2 72 -45 0
19 5 8 0
28 36 -79 0
-25 39 -32 0
-75 -32 2 0
-77 -61 -19 0
25 -12 82 0
-17 -65 73 0
3 -43 57 0
45 -70 69 0
-84 14 56 0
-6 56 45 0
-51 36 40 0
3 78 -65 0
-50 32 29 0
-68 -42 -46 0
-4 38 -76 0
-84 -51 73 0
24 40 30 0
36 -63 -31 0
56 -15 -4 0
-26 -41 17 0
16 -77 -20 0
-63 61 85 0
-74 77 -29 0
63 71 62 0
74 72 20 0
-54 -52 62 0
-80 73 43 0
70 53 -38 0
70 38 21 0
-44 -85 80 0
41 -43 -14 0
46 -58 3 0
40 53 2 0
-54 -42 44 0
45 -71 -22 0
-25 -17 -45 0
-47 -71 -24 0
-50 -49 -48 0
57 65 -59 0
84 -17 69 0
-44 -5 4 0
22 7 -37 0
75 -23 -59 0
-82 -49 78 0
36 60 29 0
39 -80 71 0
-43 16 20 0
49 -10 30 0
56 -46 -28 0
19 -57 43 0
-29 -76 -61 0
-42 50 -37 0
-26 35 40 0
-23 -70 73 0
60 -35 -75 0
-68 -77 -8 0
-73 37 54 0
-44 40 42 0
23 -41 -26 0
-4 40 77 0
-37 63 59 0
82 79 55 0
20 -60 3 0
-47 61 27 0
-7 21 61 0
-34 26 -9 0
79 34 68 0
-42 -55 66 0
-53 -27 83 0
-65 -42 -49 0
51 26 -70 0
56 4 -24 0
-6 -12 64 0
23 4 -16 0
73 32 -52 0
-77 9 -30 0
65 64 -82 0
21 84 -33 0
-63 2 66 0
-53 76 80 0
-16 -49 -38 0
-71 48 -24 0
-11 17 -32 0
-73 28 19 0
-17 -77 -73 0
-23 28 34 0
41 58 -10 0
-85 54 -56 0
-57 81 -5 0
81 -31 -47 0
-15 19 -82 0
68 30 -85 0
-69 85 -37 0
1 -23 -79 0
37 77 6 0
-10 -78 5 0
62 69 -84 0
-22 -71 26 0
-33 1 34 0
59 80 -50 0
30 26 64 0
-49 65 74 0
5 55 -34 0
65 -23 -85 0
-63 25 54 0
6 10 -11 0
-39 -50 -49 0
6 67 -71 0
-2 -3 -62 0
-41 -58 46 0
70 -9 -78 0
-66 -8 55 0
65 -23 49 0
-73 -41 79 0
-76 -35 6 0
54 -44 25 0
-30 54 -9 0
19 -62 -81 0
4 -11 -3 0
-63 -27 49 0
69 -16 -71 0
-78 -83 -59 0
-6 -49 -85 0
28 27 69 0
-66 69 72 0
-31 77 -83 0
-18 29 19 0
-81 -78 -84 0
-26 64 -13 0
71 -79 -63 0
-3 19 -55 0
3 31 7 0
8 -28 -18 0
-51 79 -42 0
-33 85 -5 0
-23 -26 -74 0
56 73 10 0
-37 -83 -11 0
-82 -1 -2 0
-16 -25 45 0
4 68 26 0
-27 -81 61 0
-19 -75 22 0
41 38 -52 0
-57 42 18 0
67 -66 -1 0
40 -74 -73 0
76 -37 46 0
25 -58 -21 0
12 -61 10 0
3 -74 -46 0
85 27 64 0
84 3 26 0
43 -1 -19 0
9 50 -53 0
85 -5 27 0
-13 26 69 0
-63 -23 69 0
-41 28 -1 0
-50 55 4 0
-57 -48 -51 0
-79 78 82 0
-67 -54 -83 0
78 -68 -3 0
-45 37 6 0
78 -22 62 0
69 -6 -47 0
-65 -34 -9 0
80 -66 71 0
-51 41 -47 0
-68 -16 -45 0
-31 64 50 0
25 16 56 0
44 -74 -42 0
47 -56 -18 0
-8 -75 74 0
-60 -4 -33 0
73 80 -15 0
-22 -27 42 0
42 -65 -73 0
39 -3 -1 0
60 -65 34 0
-32 63 -20 0
56 6 36 0
62 19 29 0
83 62 55 0
42 61 -55 0
25 -38 -1 0
-56 5 -70 0
76 11 25 0
78 -7 -85 0
-47 -39 -31 0
83 46 10 0
-70 66 9 0
-64 63 -76 0
-56 5 -75 0
72 82 64 0
25 -39 2 0
-20 10 30 0
26 -35 -28 0
-42 62 18 0
-39 49 -43 0
47 -42 27 0
21 -27 -36 0
59 57 -72 0
-16 9 -73 0
-27 -57 -75 0
-30 -2 69 0
-51 48 85 0
70 66 69 0
67 -42 55 0
72 66 79 0
69 83 47 0
-38 68 69 0
-7 72 -43 0
-23 -65 58 0
50 28 32 0
15 -52 -73 0
21 7 76 0
13 37 -39 0
13 -17 77 0
4 -29 14 0
-15 -5 77 0
75 -80 -8 0
39 68 -50 0
13 70 41 0
11 80 30 0
-43 9 39 0
30 62 38 0
