p 95 404
37 -81 -60 0
-5 52 -83 0
32 90 80 0
-87 -92 -47 0
-15 -88 42 0
-39 54 41 0
-14 -23 71 0
-89 66 37 0
-55 -54 -63 0
-39 91 72 0
-32 41 -53 0
23 -2 -42 0
86 9 57 0
-90 20 -81 0
-23 -70 58 0
-30 74 95 0
12 41 -10 0
-83 23 -48 0
-4 -26 -93 0
-76 -3 78 0
60 -31 -53 0
-8 91 -66 0
57 -70 13 0
-72 12 -61 0
-80 56 -60 0
75 32 -80 0
24 -14 -65 0
85 59 56 0
61 35 13 0
7 -92 11 0
53 -69 79 0
38 -40 -57 0
-13 9 -39 0
76 -78 -23 0
-90 93 13 0
-84 -87 74 0
-59 83 -53 0
7 -91 50 0
40 48 85 0
-40 -89 59 0
-91 64 -61 0
-34 72 -60 0
89 -16 -68 0
27 -67 39 0
18 12 43 0
58 20 -84 0
54 -3 -71 0
38 95 -36 0
34 36 22 0
22 12 -92 0
75 -54 83 0
92 63 -11 0
23 -26 -65 0
-30 91 77 0
-21 77 -26 0
-69 38 -35 0
10 -13 38 0
-13 -9 24 0
73 -67 89 0
-46 -87 -58 0
-94 14 74 0
77 55 -82 0
-57 94 -8 0
-47 -87 22 0
43 9 -88 0
59 36 50 0
86 42 -73 0
-93 39 -7 0
-33 -71 -30 0
59 -10 6 0
-71 -16 11 0
85 6 49 0
55 7 -75 0
28 -40 -44 0
-19 -79 -64 0
38 -34 -41 0
-20 -56 -38 0
40 1 -34 0
9 -74 -85 0
-1 4 79 0
21 77 49 0
-91 58 -7 0
56 22 -81 0
-84 -60 73 0
-61 -85 -82 0
9 -68 84 0
41 64 -51 0
-1 -38 -11 0
-61 -55 -87 0
39 -27 3 0
76 -13 -94 0
-65 -75 -83 0
61 26 59 0
-77 -2 -20 0
85 -70 90 0
-55 -37 -66 0
-36 -13 -95 0
45 -87 -91 0
41 -35 34 0
21 -69 48 0
66 -76 58 0
90 69 -72 0
60 -37 -31 0
-51 -32 -18 0
62 8 -74 0
43 -2 28 0
63 -72 2 0
18 -35 -30 0
-89 68 -57 0
-72 39 -21 0
-84 88 83 0
-62 56 47 0
85 11 -22 0
-65 -63 40 0
5 -29 -66 0
-77 95 41 0
-5 42 -87 0
54 -65 73 0
-71 8 66 0
-49 -68 -53 0
15 37 88 0
-64 -25 -50 0
-46 54 28 0
-6 -50 15 0
90 61 -30 0
34 -11 53 0
-12 47 35 0
-41 32 77 0
19 28 -85 0
48 24 2 0
82 -58 42 0
82 -81 -52 0
80 -83 -63 0
80 68 -42 0
-1 -59 40 0
29 63 -16 0
-83 -75 -69 0
-11 91 14 0
-50 73 23 0
-34 -21 -27 0
-40 -67 -94 0
-85 70 -69 0
-63 47 -32 0
67 75 66 0
40 77 60 0
-9 41 -59 0
-2 -9 53 0
42 70 8 0
93 -59 -51 0
-61 88 -70 0
-18 -3 -34 0
-65 64 31 0
7 62 -90 0
34 -73 8 0
56 -53 -41 0
-30 95 13 0
90 30 -67 0
29 28 45 0
12 14 32 0
-76 11 31 0
-27 73 68 0
-31 -77 56 0
-28 -75 -87 0
-16 -22 15 0
-35 -93 48 0
-22 -94 -65 0
94 -73 60 0
-82 -65 -9 0
-38 28 -69 0
61 7 -86 0
-75 -74 54 0
52 80 74 0
-23 -41 -66 0
28 -26 -75 0
56 39 -21 0
51 56 70 0
-76 89 -82 0
-59 -13 -22 0
-72 39 65 0
-89 -28 -45 0
-1 -70 81 0
28 -92 82 0
67 -41 -21 0
73 -46 -88 0
-51 64 28 0
-24 -72 -19 0
-62 69 -79 0
-77 60 69 0
4 41 -75 0
30 -23 35 0
23 84 64 0
20 -9 4 0
90 -51 -77 0
48 15 -17 0
-35 -34 14 0
82 3 -6 0
-81 56 73 0
21 7 33 0
-28 -82 -95 0
47 -81 -61 0
-62 87 9 0
79 -45 -27 0
-15 68 52 0
61 31 2 0
32 -59 -60 0
-61 14 -36 0
17 -45 51 0
50 1 56 0
-31 46 -93 0
-81 16 -80 0
24 -15 -37 0
5 -55 -1 0
17 -29 63 0
-49 70 -41 0
73 34 -44 0
24 89 41 0
65 -44 -58 0
87 -81 12 0
10 13 67 0
72 78 9 0
-25 -85 63 0
-46 -19 -1 0
-59 92 7 0
-53 -18 14 0
-39 52 -10 0
-60 -53 67 0
-74 53 36 0
-88 -61 -16 0
69 -13 76 0
20 27 -42 0
-76 83 -13 0
-9 -48 3 0
76 -66 -62 0
-67 -34 -10 0
-93 74 -2 0
61 -50 -66 0
-48 -17 -4 0
-64 4 30 0
57 15 5 0
65 -42 91 0
57 31 17 0
95 -68 12 0
-2 7 -94 0
-38 87 67 0
-92 4 20 0
-93 19 16 0
-48 -78 51 0
65 -72 78 0
-8 23 -21 0
8 35 -13 0
-57 -60 -91 0
7 53 -44 0
86 87 8 0
-83 28 84 0
-83 20 54 0
59 11 -37 0
3 -50 26 0
-41 -63 68 0
-81 -33 20 0
56 -7 35 0
52 12 -88 0
55 -69 36 0
17 -72 -2 0
-53 -15 22 0
56 20 -74 0
-29 61 -52 0
31 50 81 0
56 78 -33 0
-47 61 -33 0
-76 70 -1 0
56 -19 16 0
-39 93 -15 0
-85 66 -55 0
31 -30 -7 0
9 32 44 0
68 -34 -76 0
-45 10 61 0
-2 85 -14 0
19 -65 38 0
-86 -27 76 0
-52 -90 34 0
-36 2 -60 0
-27 -79 -41 0
-94 -22 10 0
62 -15 -66 0
73 37 51 0
95 -20 -6 0
-73 -17 54 0
-10 27 -5 0
90 -50 -26 0
29 -38 -10 0
87 -59 43 0
-3 12 -13 0
-20 44 21 0
-27 -83 49 0
-80 -94 38 0
36 -89 -14 0
-56 23 25 0
45 -74 84 0
-15 88 19 0
90 -39 70 0
66 81 67 0
92 17 -13 0
-78 71 -52 0
-90 -59 80 0
31 83 8 0
-64 -78 31 0
-3 60 13 0
86 -52 -43 0
43 -65 -31 0
-94 72 49 0
-3 94 20 0
79 90 2 0
-64 -9 12 0
-32 95 57 0
-56 -29 -80 0
-44 93 37 0
-56 95 -94 0
63 -75 -1 0
-49 60 -68 0
-49 -28 -42 0
-95 -2 -60 0
-87 -64 80 0
-13 -49 -82 0
-84 -46 45 0
33 2 -40 0
-34 -10 -89 0
-69 -95 53 0
67 21 -57 0
35 -18 89 0
-77 78 68 0
77 -9 -91 0
70 76 -47 0
16 -55 -90 0
81 -11 37 0
-83 56 -19 0
-60 -69 94 0
37 78 -41 0
65 13 -74 0
21 -3 47 0
86 44 -27 0
-25 89 8 0
57 31 -24 0
-92 11 65 0
-73 -95 -78 0
-47 19 26 0
-4 10 -20 0
26 64 41 0
20 -42 -47 0
72 -33 16 0
65 6 -24 0
-17 1 -9 0
-38 -94 -12 0
-9 8 -13 0
-40 46 29 0
51 41 19 0
58 86 -30 0
56 -34 -93 0
-83 -31 -88 0
-49 40 5 0
5 43 -13 0
11 -40 18 0
-27 41 -58 0
81 40 32 0
11 16 57 0
-22 44 -47 0
-29 -83 57 0
46 -31 -19 0
-24 -70 -8 0
49 -50 -32 0
-1 -42 95 0
43 -13 56 0
-71 52 59 0
34 -82 -67 0
56 72 95 0
-35 -59 -2 0
-13 87 92 0
89 -51 2 0
-68 -50 -48 0
61 29 3 0
-22 -69 28 0
33 32 29 0
46 -89 -39 0
64 -66 5 0
-86 -32 -20 0
25 -31 -59 0
55 -24 35 0
-29 45 -76 0
-15 -87 30 0
76 44 39 0
29 2 87 0
-41 76 -72 0
51 -57 -42 0
-36 -68 54 0
-20 3 69 0
-24 -30 -67 0
-11 27 -70 0
-88 -47 -13 0
-16 -65 -3 0
40 5 -92 0
44 34 25 0
1 -19 63 0
-4 95 60 0
-27 47 32 0
