p 55 234
2 30 -25 0
-16 -25 26 0
17 -16 -7 0
-28 29 -41 0
-15 21 45 0
-36 -37 11 0
-16 26 -12 0
32 -21 -22 0
-17 -3 14 0
18 2 44 0
37 48 -28 0
-7 -31 -52 0
-53 -24 -50 0
-40 15 -20 0
-25 35 -26 0
-31 46 -45 0
-36 2 -44 0
1 -36 -38 0
44 -1 -46 0
-31 -53 -35 0
-51 42 -45 0
45 3 -47 0
-48 -23 -46 0
39 -23 -47 0
-26 -15 48 0
-55 47 12 0
-42 -40 -31 0
-46 28 6 0
19 -36 43 0
-46 37 54 0
5 -38 9 0
-6 -18 45 0
50 5 51 0
36 31 -3 0
7 -53 -19 0
-5 -23 36 0
-44 -47 -25 0
-21 49 -27 0
44 46 37 0
13 -11 -2 0
2 43 -7 0
10 -55 -52 0
-50 -28 -14 0
-48 -49 17 0
10 1 6 0
27 13 37 0
32 -29 51 0
21 7 -30 0
29 -16 32 0
31 19 -33 0
-21 13 42 0
4 -55 11 0
-21 54 -6 0
1 8 27 0
-13 39 -27 0
2 -26 43 0
15 -27 -53 0
10 1 50 0
46 -15 -19 0
-36 11 -13 0
-35 40 30 0
27 -48 -24 0
24 -37 39 0
22 -20 40 0
-52 -16 -34 0
24 -42 -28 0
50 10 -5 0
-6 13 -53 0
-15 23 7 0
-22 30 11 0
-54 10 -18 0
-45 -22 36 0
41 -34 21 0
54 -8 -22 0
-26 40 12 0
28 9 -14 0
41 9 55 0
5 -2 -7 0
-48 -50 -51 0
46 -9 -41 0
-28 -32 52 0
44 22 53 0
10 47 -9 0
18 30 1 0
-55 4 -33 0
30 28 16 0
-52 29 2 0
-25 11 -32 0
33 7 -38 0
-1 -31 50 0
-38 -15 -6 0
45 30 34 0
54 -44 20 0
17 -15 7 0
-43 -7 -1 0
43 34 -4 0
11 17 -55 0
28 50 -20 0
45 -34 16 0
40 44 -9 0
-51 18 -30 0
17 -45 38 0
55 10 5 0
5 -45 -50 0
-17 9 26 0
38 -47 33 0
41 -3 -21 0
53 -22 -38 0
25 50 4 0
37 -34 2 0
52 -51 -31 0
22 -38 -37 0
-53 -44 20 0
31 12 2 0
38 -6 5 0
-16 -30 40 0
-25 2 -24 0
-34 46 3 0
-41 44 -17 0
-6 38 32 0
-22 -7 33 0
-45 -47 -18 0
55 -23 45 0
-49 -44 11 0
6 -36 -23 0
-1 -15 8 0
-42 14 40 0
-1 27 30 0
48 41 -24 0
47 13 -39 0
-41 29 -23 0
-10 15 -12 0
50 25 18 0
-33 -54 -39 0
-28 -36 9 0
-12 -54 -27 0
44 -22 43 0
-3 -42 40 0
-3 49 -46 0
16 -22 -8 0
-16 -25 -1 0
7 22 -8 0
35 6 -27 0
-44 -32 -36 0
16 4 -46 0
-17 -21 -11 0
23 -37 39 0
-5 -9 52 0
-41 9 49 0
11 -10 -24 0
-2 40 25 0
-8 4 -54 0
5 9 -47 0
-20 36 45 0
-33 21 19 0
-36 33 14 0
50 -31 29 0
53 43 2 0
2 29 -21 0
31 -32 -28 0
-3 -20 -52 0
-8 24 -35 0
-43 -9 -42 0
-55 52 20 0
18 42 41 0
-41 35 -20 0
-28 -20 31 0
-37 -34 -24 0
-39 -41 -51 0
42 13 -8 0
-18 32 21 0
-14 -37 23 0
36 48 -6 0
-25 33 -20 0
-18 -44 -40 0
25 29 -4 0
49 -51 -43 0
-54 -19 -33 0
-13 -7 -53 0
23 15 3 0
4 24 -53 0
15 -34 -55 0
-13 -31 -43 0
46 28 19 0
30 14 -29 0
-16 9 30 0
-41 -19 49 0
-22 27 46 0
6 26 -2 0
46 51 41 0
20 17 -16 0
-41 -20 10 0
25 -35 14 0
40 22 35 0
-7 -38 53 0
51 -46 28 0
-53 -24 49 0
26 -24 -22 0
-36 40 -49 0
-8 -20 -3 0
42 -11 -9 0
-27 -1 55 0
40 -8 -37 0
-31 33 -45 0
-38 39 -14 0
24 23 -44 0
-15 9 -20 0
30 10 11 0
-24 -35 -32 0
-40 -43 48 0
21 -47 46 0
15 16 19 0
23 1 -18 0
11 25 51 0
4 -36 30 0
-52 -46 -33 0
15 -38 49 0
-32 -15 -47 0
34 20 -29 0
28 -46 7 0
-14 4 -45 0
9 -45 41 0
17 -18 39 0
44 -55 -42 0
18 -48 -8 0
45 40 -23 0
27 -10 -1 0
18 -44 -3 0
-46 -32 55 0
-42 -33 28 0
-55 45 -50 0
30 47 -14 0
-15 -54 -32 0
34 -37 16 0
