p 98 417
15 89 -12 0
-72 -35 34 0
-55 84 88 0
-17 -72 -93 0
15 49 -57 0
22 80 -32 0
-44 31 82 0
-29 -65 -68 0
-20 -59 -24 0
-12 -4 26 0
28 -52 95 0
19 47 54 0
30 29 6 0
33 -41 29 0
89 -23 -64 0
-84 -38 -76 0
94 -78 -67 0
73 68 -19 0
-60 -87 21 0
92 10 -3 0
-85 -64 35 0
-16 -98 50 0
-36 -53 57 0
-93 -60 40 0
47 98 86 0
76 -91 60 0
18 96 58 0
87 49 58 0
-52 -26 -18 0
42 58 -48 0
2 20 -42 0
70 -98 11 0
-11 79 13 0
91 -66 69 0
-64 -45 81 0
15 -71 -76 0
90 -11 -57 0
25 -41 66 0
22 -65 55 0
86 -41 95 0
88 -97 73 0
-41 46 -94 0
-85 27 36 0
-72 69 -65 0
81 97 82 0
30 20 -7 0
50 12 -59 0
58 28 92 0
50 26 -75 0
82 92 -5 0
-71 8 41 0
-70 71 -48 0
-57 85 61 0
-84 -41 -72 0
-43 80 -91 0
6 -5 17 0
-20 35 37 0
-39 90 79 0
13 34 -77 0
-64 59 66 0
54 -20 -23 0
79 -14 -78 0
-52 12 -15 0
-78 -34 53 0
73 -25 13 0
-66 -78 53 0
-31 -3 -81 0
-79 -63 56 0
-39 -83 75 0
-22 47 37 0
-8 47 22 0
-26 -16 34 0
-33 -21 -54 0
-12 20 67 0
-87 61 -58 0
79 -16 66 0
15 40 -57 0
78 -1 7 0
26 -5 80 0
27 -61 -39 0
68 16 15 0
13 -32 80 0
28 -50 -79 0
63 72 -66 0
67 40 -46 0
44 25 -12 0
-98 9 -31 0
-43 -63 -34 0
-84 7 11 0
2 -29 35 0
19 41 -49 0
-3 10 -26 0
50 -41 -45 0
94 -56 -74 0
-48 -39 -26 0
93 -23 51 0
-98 29 -94 0
-16 38 94 0
18 32 62 0
-48 93 -90 0
25 59 53 0
72 70 19 0
-42 97 58 0
74 -79 29 0
-66 -15 43 0
11 80 -22 0
-4 -79 -92 0
-64 -65 -69 0
-50 -48 -30 0
18 -77 -9 0
82 10 80 0
55 22 -91 0
-88 58 -62 0
5 89 43 0
-42 -82 53 0
63 -87 98 0
-21 11 46 0
-82 -90 -28 0
-93 45 -87 0
-61 -7 33 0
60 -38 -24 0
-32 22 -7 0
-72 -28 -66 0
74 48 45 0
10 94 83 0
89 64 -30 0
46 77 -52 0
-2 -80 -78 0
-21 -79 -66 0
-74 -37 32 0
85 -50 42 0
43 87 -12 0
47 -44 -60 0
23 -44 47 0
62 52 -92 0
-22 -7 -71 0
81 49 -12 0
81 -2 -32 0
-3 35 -34 0
-80 44 11 0
91 11 98 0
-33 86 95 0
52 -66 -24 0
-98 -91 53 0
-22 -16 69 0
-79 -39 61 0
73 -36 -59 0
-94 -56 81 0
37 -3 -16 0
-43 -9 -46 0
-98 -17 -94 0
-33 90 27 0
-41 -66 -54 0
44 -64 -90 0
-5 -87 -72 0
-9 -45 -97 0
-66 61 12 0
42 55 -71 0
2 -62 -26 0
-61 62 -54 0
3 84 -61 0
49 15 90 0
-4 70 -7 0
-50 -74 87 0
-7 -26 33 0
-13 14 -71 0
-49 72 -78 0
6 76 -38 0
43 87 -25 0
-77 23 66 0
-80 -82 76 0
85 -25 -91 0
-60 63 70 0
-63 -17 -41 0
30 -27 5 0
-88 44 60 0
21 -88 22 0
-25 81 4 0
-49 40 -83 0
14 -72 67 0
6 -9 -91 0
-31 66 -82 0
-20 -15 -87 0
32 -16 83 0
4 -97 1 0
57 26 37 0
-85 83 26 0
53 93 -43 0
93 86 -43 0
26 29 -60 0
-54 -39 41 0
30 31 -98 0
-24 50 -93 0
51 78 -43 0
-44 -85 27 0
5 -68 41 0
45 30 76 0
14 -89 -70 0
-56 -83 39 0
43 82 -24 0
52 -72 -17 0
-9 -30 5 0
57 -65 35 0
-87 36 -26 0
39 -26 45 0
-45 65 75 0
32 -74 -58 0
93 -59 23 0
-59 -5 -29 0
-16 11 -51 0
-18 -22 85 0
-12 -16 -68 0
70 60 -93 0
11 -46 68 0
-83 -45 -22 0
11 57 -55 0
55 -98 23 0
62 -94 42 0
53 61 65 0
-1 -32 -92 0
-88 26 13 0
-9 4 90 0
-12 39 -48 0
84 69 -60 0
15 36 66 0
36 50 -61 0
34 -3 86 0
-29 56 74 0
9 33 -1 0
-35 -54 47 0
33 6 -45 0
-41 -75 29 0
6 -74 81 0
72 93 92 0
-24 21 1 0
-93 51 53 0
-26 -11 76 0
-98 -7 83 0
-53 -82 -45 0
17 -62 2 0
-65 74 40 0
-4 61 -25 0
-16 -30 7 0
-76 8 88 0
11 -67 -49 0
-70 -15 -69 0
95 49 37 0
25 -90 -58 0
-8 -34 45 0
48 -84 -3 0
75 13 55 0
-85 14 78 0
-27 57 93 0
38 -79 54 0
-57 -74 81 0
-4 32 -76 0
-44 -31 91 0
71 34 -90 0
-66 80 -69 0
-93 17 10 0
-64 -80 -10 0
-88 -8 -56 0
-5 -68 -89 0
56 25 94 0
48 35 62 0
-58 95 -31 0
-45 -17 -82 0
87 2 89 0
45 -2 82 0
31 -46 42 0
-28 30 89 0
-94 84 -97 0
-9 58 10 0
91 -41 19 0
27 34 -36 0
-98 -37 73 0
-37 33 52 0
-96 -1 -98 0
3 -87 -55 0
24 66 78 0
-16 -60 -24 0
-33 -39 -75 0
21 15 72 0
-64 97 -28 0
12 11 -94 0
-96 -9 4 0
-90 -12 39 0
-70 -94 2 0
58 86 11 0
-32 -62 12 0
-34 31 6 0
-25 -29 -77 0
-16 83 39 0
8 36 -95 0
75 60 -58 0
9 -38 94 0
21 -56 -15 0
-36 44 -98 0
-88 39 3 0
82 39 -75 0
67 7 -90 0
95 61 -77 0
73 95 -16 0
-95 -71 -1 0
-51 92 -60 0
-73 39 -74 0
-30 64 50 0
98 49 -26 0
-20 65 -69 0
18 -45 92 0
-77 37 -66 0
-79 44 -47 0
-4 -37 -91 0
18 38 68 0
-33 -54 -6 0
34 -56 49 0
90 -84 22 0
33 1 -51 0
98 96 93 0
72 -42 41 0
-51 25 -13 0
56 4 86 0
-55 -5 20 0
-55 -75 -23 0
93 51 -5 0
63 -27 8 0
-48 -87 -54 0
96 -29 -2 0
3 -13 -50 0
-34 -69 -39 0
-95 42 -62 0
27 70 78 0
-71 93 -20 0
82 -50 -76 0
15 -64 -32 0
-88 -66 -14 0
-56 -31 -14 0
70 -72 38 0
44 11 -51 0
-81 -32 -97 0
28 -48 35 0
94 42 -72 0
-41 -82 -90 0
-42 -82 -22 0
2 -51 -13 0
-69 -1 18 0
33 -89 51 0
-74 85 -3 0
-34 86 -2 0
-71 -78 96 0
-7 -27 19 0
16 79 -82 0
-4 51 -79 0
-66 76 9 0
71 98 66 0
-76 56 -57 0
-10 82 -85 0
-65 2 27 0
-19 -27 47 0
-92 93 -39 0
-53 46 -10 0
62 -27 -26 0
5 -94 -38 0
23 -60 26 0
6 59 24 0
36 -43 -27 0
-82 -48 56 0
5 -77 47 0
-21 -65 -80 0
-30 51 13 0
-62 -40 76 0
39 -34 4 0
-70 59 86 0
-35 77 86 0
-66 52 -46 0
-84 -87 -4 0
-60 6 -22 0
21 19 -78 0
7 51 36 0
-24 27 89 0
-9 69 80 0
11 76 95 0
9 29 -47 0
98 53 -50 0
5 72 -28 0
81 97 13 0
-87 97 -83 0
-46 -93 33 0
-31 73 -93 0
64 21 -13 0
23 -66 -18 0
11 32 92 0
-32 5 44 0
-5 -28 -76 0
-2 -1 -16 0
54 -55 9 0
28 -5 38 0
17 -39 -27 0
-15 70 68 0
-42 27 72 0
77 -88 -54 0
49 -29 -16 0
9 -11 73 0
20 -21 -89 0
-37 -65 84 0
31 -72 81 0
39 24 -67 0
-45 -14 55 0
94 45 73 0
85 -37 16 0
-44 -21 9 0
50 -95 -5 0
96 71 -67 0
-32 -34 49 0
81 38 -33 0
-69 -81 -98 0
28 -77 -45 0
