p 71 302
25 60 43 0
40 42 70 0
-4 -13 65 0
42 -46 -5 0
-42 24 -6 0
26 46 -65 0
-14 65 71 0
26 56 -57 0
46 70 40 0
-22 18 10 0
-69 43 65 0
45 34 -28 0
-1 -35 -8 0
11 31 -10 0
3 45 -5 0
-39 -62 -5 0
27 67 -40 0
-25 21 36 0
44 -45 29 0
-38 49 -1 0
29 55 -58 0
-55 -2 12 0
16 -5 -47 0
-65 2 26 0
47 5 -32 0
-50 30 -1 0
42 -16 -17 0
40 51 -8 0
-32 -11 8 0
-42 -7 -29 0
20 18 46 0
46 -58 68 0
-5 33 36 0
6 68 26 0
16 25 67 0
28 -37 -57 0
22 44 -51 0
-21 6 -59 0
-61 -71 -53 0
-43 12 7 0
-63 -20 44 0
18 52 33 0
-37 -8 -21 0
22 -34 -43 0
-33 7 -54 0
5 -26 -67 0
14 13 43 0
45 42 -50 0
34 5 53 0
-57 -21 7 0
-33 4 27 0
-20 -32 -21 0
-36 35 27 0
-19 -70 36 0
-55 -5 -52 0
48 69 -33 0
-12 28 -31 0
38 1 -64 0
66 9 -16 0
57 70 21 0
51 -7 61 0
-64 -21 24 0
50 62 -18 0
60 6 14 0
-49 -62 -9 0
54 -2 -18 0
-22 68 -10 0
7 39 1 0
29 5 -7 0
2 53 20 0
64 -8 -31 0
-25 -64 -9 0
46 -59 23 0
-16 38 -13 0
41 -71 -35 0
43 9 23 0
-50 -34 44 0
62 -67 43 0
-62 33 4 0
48 -33 62 0
-61 -11 -42 0
-53 3 -42 0
-20 -7 -48 0
68 -71 -27 0
36 -39 54 0
-32 -50 36 0
-40 -47 3 0
-65 -2 -1 0
-50 36 -44 0
5 45 -23 0
-13 -62 -18 0
-25 69 -57 0
-6 30 64 0
38 10 54 0
33 -61 62 0
-11 67 -45 0
15 -60 -70 0
17 21 -63 0
-33 -60 12 0
-71 -45 -36 0
-20 -45 13 0
3 -65 22 0
-9 13 -6 0
-36 -41 -57 0
-61 19 -31 0
-62 -37 -58 0
67 25 15 0
-36 37 4 0
-42 56 -50 0
20 35 -62 0
-2 39 -17 0
35 -53 -2 0
-17 -30 -20 0
27 48 24 0
2 25 6 0
-70 44 56 0
-41 59 -50 0
-64 43 27 0
25 14 55 0
-25 -67 -24 0
16 -8 -54 0
14 -13 -15 0
3 41 -70 0
-27 -43 -32 0
-64 26 -23 0
-26 69 29 0
-18 -61 25 0
35 -25 19 0
-63 50 16 0
44 62 -56 0
-34 -2 68 0
-42 26 25 0
-53 52 46 0
-55 -52 -39 0
31 -9 -67 0
-52 37 71 0
2 -50 69 0
19 53 -6 0
-24 -7 -4 0
56 -47 61 0
-27 39 12 0
-34 -54 -61 0
68 4 15 0
-9 14 38 0
-60 -6 32 0
29 -60 32 0
21 -45 59 0
-4 8 -56 0
41 58 -23 0
31 28 20 0
-2 -43 -34 0
63 -40 60 0
7 1 19 0
41 53 4 0
6 -62 29 0
69 -38 30 0
-35 17 1 0
19 31 -39 0
-54 28 -47 0
20 59 -37 0
28 -9 -26 0
-14 -40 -9 0
-32 -42 14 0
-50 60 -8 0
19 -26 42 0
-55 9 -56 0
-20 14 31 0
51 24 64 0
44 43 -32 0
-51 -62 -54 0
12 -1 -42 0
67 -22 49 0
-52 35 -13 0
-51 -54 -14 0
-34 -57 -25 0
67 8 -69 0
41 -49 -9 0
-29 -38 51 0
33 -18 -13 0
-70 -52 -23 0
43 -69 60 0
-36 34 4 0
-64 42 40 0
-34 -8 17 0
-70 -8 10 0
2 -43 36 0
-25 20 60 0
16 61 -19 0
62 -21 49 0
-70 38 -48 0
-7 40 -45 0
16 46 -63 0
30 36 -14 0
55 37 -6 0
-66 7 44 0
62 -24 63 0
56 26 -3 0
-55 -71 42 0
-26 69 49 0
-18 -20 -42 0
34 -49 -35 0
-70 -42 -55 0
-49 39 50 0
28 17 -11 0
-40 -4 19 0
9 51 -67 0
23 45 30 0
15 36 -29 0
-4 45 1 0
-59 21 56 0
-54 -34 -57 0
66 -62 44 0
-65 15 -58 0
43 -10 -25 0
17 -30 67 0
55 -3 -64 0
-6 -12 -71 0
7 17 -21 0
42 40 60 0
-58 -48 -32 0
-1 59 -12 0
19 -65 16 0
-5 -24 -1 0
-13 68 -30 0
64 40 19 0
69 -31 4 0
23 -40 66 0
27 61 50 0
1 -16 31 0
26 -38 -45 0
23 48 13 0
27 65 17 0
4 17 -69 0
30 -69 -58 0
59 62 -32 0
-37 -4 38 0
2 13 -34 0
-12 -68 61 0
-52 60 46 0
-11 -20 -63 0
-4 -11 33 0
-7 35 -37 0
53 -23 -60 0
-37 -19 -53 0
-47 7 -23 0
35 25 56 0
-19 44 36 0
-48 39 -37 0
52 31 -9 0
-47 -64 52 0
2 50 1 0
71 5 24 0
16 -47 -52 0
-32 61 -55 0
-32 50 -65 0
-35 -38 41 0
-17 20 8 0
42 -5 -34 0
-16 -30 -58 0
60 27 -6 0
-45 33 -20 0
39 -29 32 0
44 -45 41 0
-67 -70 -4 0
-25 16 59 0
54 1 -35 0
64 33 -1 0
70 -45 -9 0
1 -39 51 0
7 -53 4 0
24 -64 33 0
65 -44 4 0
52 -37 11 0
-43 -52 68 0
-46 -12 -65 0
-50 7 9 0
23 11 35 0
1 -64 38 0
-62 20 -58 0
13 27 -54 0
57 71 38 0
67 -51 -66 0
-24 16 -6 0
48 30 -64 0
60 3 45 0
71 -4 35 0
4 60 32 0
42 20 16 0
-31 -43 38 0
-6 62 -11 0
-41 -24 30 0
46 69 14 0
65 63 -70 0
-47 64 -21 0
6 42 17 0
-60 -32 5 0
-32 18 -29 0
-59 -61 35 0
43 58 45 0
-70 39 12 0
-1 24 60 0
-61 41 -36 0
