p 92 391
-53 -14 -36 0
33 5 91 0
-3 49 -23 0
-5 -24 67 0
58 29 72 0
-34 73 -21 0
63 -53 18 0
2 88 27 0
1 69 84 0
54 -59 -73 0
16 88 58 0
-22 -23 -14 0
51 37 -1 0
-81 -44 4 0
-50 -78 -60 0
-35 67 -12 0
65 13 -23 0
16 79 8 0
13 69 73 0
-65 -19 -18 0
-80 -92 40 0
-52 -83 68 0
-91 -26 70 0
-75 4 -46 0
-8 75 82 0
34 9 92 0
-34 -88 7 0
-54 72 -91 0
-1 -86 -75 0
-50 6 25 0
-31 16 43 0
-35 60 -83 0
-63 58 -30 0
-61 36 -49 0
-68 3 56 0
-21 80 -45 0
42 -81 -75 0
-59 85 -81 0
39 -41 79 0
-61 11 90 0
81 -38 -36 0
-55 -33 92 0
11 78 29 0
-88 -71 -26 0
84 -78 66 0
4 -50 32 0
-26 -41 55 0
51 -49 -92 0
-82 84 -27 0
-15 -71 46 0
78 19 -32 0
-28 -87 -18 0
10 -50 30 0
-33 22 -35 0
-39 -63 13 0
-45 -11 -50 0
-80 53 -63 0
-40 -72 61 0
60 88 -63 0
-18 19 -35 0
-79 -53 -32 0
88 68 91 0
-68 15 6 0
50 -8 -23 0
66 40 73 0
48 -15 -39 0
25 -2 55 0
-82 -74 53 0
-34 -66 -73 0
86 21 5 0
83 51 -24 0
-32 46 65 0
-74 36 69 0
-52 50 62 0
-32 -48 -69 0
55 -49 -53 0
-6 28 9 0
-91 -79 10 0
34 -15 56 0
11 -20 87 0
84 42 -79 0
1 24 32 0
-27 70 45 0
25 -16 48 0
-55 -45 6 0
-14 54 -23 0
-8 -56 -77 0
86 37 -22 0
17 -32 69 0
-20 31 -92 0
31 10 39 0
21 -87 1 0
16 -88 -89 0
-25 87 -36 0
15 -72 21 0
-25 60 -38 0
-74 -31 -76 0
-19 -78 -91 0
15 -84 -29 0
-64 -40 65 0
-50 -56 -81 0
61 -69 -81 0
-65 -89 27 0
-24 -92 52 0
-63 -18 75 0
-26 -41 -60 0
24 40 87 0
-44 87 86 0
-45 -22 81 0
-51 -80 7 0
-63 -60 -24 0
-64 47 -71 0
28 21 -41 0
54 -78 -58 0
-60 -5 -88 0
70 -20 62 0
38 32 89 0
8 45 -58 0
3 -7 -4 0
-77 -40 -71 0
74 -72 -34 0
90 78 -83 0
-49 -21 1 0
79 -4 52 0
-67 -8 -64 0
52 90 21 0
30 49 91 0
75 -56 -32 0
61 -67 35 0
7 2 -54 0
53 23 -38 0
35 41 -24 0
11 51 -74 0
41 12 -82 0
-59 9 78 0
-6 -10 47 0
64 -80 -54 0
-50 -77 -27 0
90 87 14 0
-24 26 53 0
54 -58 51 0
5 -42 27 0
-74 -40 1 0
-2 79 28 0
31 -87 -81 0
-25 77 -70 0
74 71 59 0
-27 59 41 0
91 -59 -43 0
91 83 41 0
54 -59 64 0
-34 -92 13 0
37 90 -29 0
22 80 37 0
73 -87 24 0
-32 -69 90 0
-12 28 73 0
78 39 -5 0
-89 56 -2 0
42 -23 43 0
59 -66 46 0
-19 -90 -47 0
24 31 46 0
-28 6 90 0
1 75 -86 0
-40 -9 8 0
22 1 2 0
11 53 70 0
87 13 -69 0
88 -46 -3 0
-55 -52 -83 0
-87 -15 -45 0
29 -40 -3 0
-87 80 20 0
25 79 -54 0
3 8 -61 0
-53 49 24 0
-3 -30 -35 0
-37 58 38 0
-45 43 -14 0
37 -3 79 0
-87 26 57 0
16 -43 58 0
-42 28 59 0
59 -27 2 0
49 70 -7 0
-24 -58 -7 0
62 3 58 0
-48 -69 -37 0
92 -37 -54 0
21 -48 -32 0
38 -50 -37 0
66 76 -83 0
34 65 75 0
-56 -68 -15 0
-86 59 17 0
51 16 -10 0
-23 82 -73 0
-91 -84 8 0
1 -2 64 0
-24 10 -76 0
-57 -55 -7 0
-43 -14 -52 0
90 -68 -5 0
58 19 59 0
64 22 -73 0
-10 26 15 0
-14 57 40 0
-65 -73 35 0
-4 13 60 0
90 26 -30 0
47 -10 14 0
-46 -21 28 0
-89 -58 -78 0
58 -21 -75 0
-2 -53 -22 0
-77 86 -47 0
68 62 -66 0
-71 -1 83 0
-51 68 37 0
68 36 -72 0
88 21 89 0
39 -38 -4 0
-72 -1 -84 0
80 28 19 0
29 62 72 0
59 26 -82 0
65 -81 -26 0
-62 -10 -1 0
-75 -78 14 0
23 44 -2 0
-41 -40 -63 0
-80 -51 -63 0
56 -7 -47 0
-17 -54 -74 0
-90 2 85 0
75 40 84 0
-39 50 62 0
-34 73 -77 0
-40 -30 -3 0
57 49 36 0
56 17 -27 0
-79 40 92 0
-38 57 76 0
75 -36 -91 0
90 -17 11 0
53 15 26 0
13 -70 80 0
13 -71 65 0
-18 -70 -66 0
-17 -81 60 0
-15 91 76 0
79 -11 -75 0
-46 -16 -17 0
14 -75 -49 0
5 36 -80 0
-50 8 -1 0
74 -91 -90 0
26 71 15 0
3 -8 -42 0
-90 66 -46 0
33 -71 19 0
21 -58 -54 0
20 -87 27 0
-63 75 57 0
-54 59 -75 0
54 29 -23 0
62 66 50 0
-32 -59 53 0
-17 -88 78 0
7 69 -72 0
-58 -2 41 0
62 32 1 0
-75 70 -39 0
-47 -65 -29 0
44 -3 -82 0
78 -83 14 0
2 88 46 0
-36 -89 -65 0
-80 59 -9 0
-88 53 47 0
14 -39 20 0
-50 48 -27 0
85 49 37 0
42 -69 92 0
-11 -44 -20 0
-30 9 -70 0
73 27 -48 0
79 18 -46 0
-63 78 -62 0
43 -12 74 0
1 61 -46 0
74 -46 -3 0
-42 -3 37 0
-62 2 -80 0
-61 -54 35 0
-84 -38 -7 0
-54 -92 -38 0
53 23 -30 0
38 34 -24 0
-54 -72 -41 0
-41 66 61 0
-80 -1 -66 0
-42 73 -15 0
-23 1 55 0
60 -83 84 0
-29 -27 -45 0
-26 32 -40 0
-91 10 19 0
25 -37 -8 0
-89 -87 43 0
-70 44 -74 0
84 44 74 0
71 17 78 0
60 -76 15 0
17 27 57 0
-70 46 36 0
-6 90 -22 0
-54 -45 57 0
78 64 41 0
-60 -92 -52 0
38 -52 18 0
-43 -55 23 0
-57 14 18 0
-34 70 15 0
19 1 -51 0
90 21 89 0
-67 -1 15 0
17 57 -4 0
10 -3 40 0
-53 56 54 0
18 28 49 0
63 68 3 0
-29 31 58 0
72 -46 78 0
81 -69 -52 0
74 -19 -23 0
-8 -43 -52 0
-47 59 60 0
-19 37 46 0
6 14 72 0
-6 -74 -51 0
70 76 13 0
-89 -17 83 0
-54 -2 -25 0
-87 -59 -44 0
83 -54 -23 0
-25 -23 -3 0
-90 -73 71 0
73 -41 61 0
-43 -46 -3 0
-24 27 -13 0
-71 9 -66 0
-67 -73 -34 0
-16 -71 13 0
5 -31 -53 0
89 -34 -70 0
-30 17 78 0
81 -24 -20 0
-80 -34 7 0
48 -87 70 0
44 -84 -59 0
88 76 85 0
80 -89 -7 0
-33 40 24 0
17 -84 49 0
33 40 86 0
-71 -34 92 0
32 36 -23 0
74 84 -11 0
-1 27 74 0
14 -20 -79 0
78 -44 -28 0
-1 33 20 0
51 3 -73 0
32 -57 -68 0
63 68 -42 0
-53 35 -56 0
-83 7 43 0
-74 79 62 0
-32 -59 -24 0
12 -26 29 0
-69 -82 84 0
28 44 51 0
8 -7 75 0
-42 38 73 0
33 -62 58 0
58 68 -19 0
-90 -89 41 0
22 -90 30 0
-30 -85 -75 0
