p 22 93
9 11 17 0
1 -17 13 0
-6 2 -19 0
2 -20 -22 0
4 7 5 0
-5 11 -19 0
18 14 -3 0
-12 15 -18 0
-12 -9 -4 0
22 -11 20 0
11 -9 -18 0
-7 12 8 0
1 3 7 0
19 8 -6 0
-19 17 -11 0
-10 -22 -5 0
-5 -10 -15 0
-18 -13 -11 0
-13 5 -3 0
20 15 4 0
-12 -20 2 0
4 18 14 0
-18 -19 9 0
-8 2 -14 0
6 11 14 0
5 -22 -16 0
-8 10 15 0
14 22 17 0
-10 18 -6 0
-6 2 -18 0
7 -16 20 0
1 -10 -20 0
21 16 15 0
-7 -4 -14 0
13 10 -2 0
-3 17 -13 0
-15 13 -17 0
13 20 -2 0
12 5 -14 0
10 -8 -2 0
-22 12 2 0
-13 -6 -7 0
6 9 8 0
12 -2 -3 0
-17 8 19 0
-6 5 1 0
-16 -17 18 0
11 -22 -1 0
-8 -11 -7 0
13 -5 1 0
7 -22 12 0
11 -19 -21 0
7 -17 12 0
4 11 22 0
-2 20 9 0
13 19 9 0
-10 1 -12 0
20 1 2 0
13 -18 15 0
18 -12 -11 0
-17 -8 10 0
13 4 -7 0
-20 -10 14 0
5 -19 -18 0
2 20 16 0
7 -10 -8 0
-14 20 -10 0
5 -2 -19 0
-5 -17 9 0
-5 16 -8 0
-21 13 16 0
13 10 8 0
4 12 -19 0
22 2 1 0
-15 20 -7 0
1 17 -11 0
-18 -1 -16 0
-5 1 2 0
-6 -1 2 0
-14 2 4 0
18 -22 -7 0
9 -11 4 0
21 -15 20 0
21 1 22 0
15 -10 16 0
-12 -18 -6 0
-9 14 -5 0
-6 -14 -3 0
-22 1 10 0
-6 20 -15 0
-3 22 -18 0
7 -21 11 0
13 1 3 0
