p 83 353
77 2 -59 0
-11 -47 61 0
39 80 -35 0
-2 -69 -56 0
66 -83 41 0
42 -27 12 0
-7 -43 17 0
26 16 37 0
-15 21 -66 0
19 -46 -8 0
-31 29 -49 0
-34 1 52 0
41 38 9 0
75 1 -79 0
32 33 62 0
39 -51 46 0
38 35 74 0
-65 -82 -14 0
56 21 -2 0
-68 6 67 0
15 20 -12 0
35 -78 23 0
31 50 6 0
61 1 77 0
74 -15 -4 0
22 -12 63 0
39 -20 -83 0
-8 -51 -13 0
-19 37 3 0
60 41 77 0
-11 -71 46 0
-35 -34 77 0
47 37 41 0
-12 -72 75 0
64 -53 51 0
22 35 -34 0
18 49 -17 0
-48 68 -76 0
68 51 -80 0
80 -71 -72 0
-72 31 6 0
-52 -27 -82 0
-62 47 67 0
21 46 26 0
-82 -36 -53 0
72 -10 36 0
-12 -83 -48 0
5 -64 53 0
41 -1 8 0
70 57 -56 0
-40 -28 51 0
-34 -67 20 0
-75 58 25 0
32 -25 50 0
62 -43 33 0
-53 -79 -56 0
-45 75 -53 0
67 -72 -64 0
27 73 8 0
40 56 -72 0
49 -60 -1 0
71 -75 -23 0
-22 -11 -81 0
72 64 -34 0
-79 -27 9 0
-45 -26 80 0
59 8 -68 0
-11 -73 37 0
-75 70 -28 0
32 -13 54 0
20 11 28 0
73 29 -5 0
9 23 49 0
53 -30 -7 0
13 17 15 0
6 -81 -5 0
-53 59 32 0
52 21 39 0
-40 -6 -29 0
2 24 53 0
-8 56 -63 0
-72 68 -61 0
-11 -3 52 0
-36 69 -81 0
30 40 59 0
-37 -48 3 0
-1 16 57 0
-58 39 -67 0
-77 -22 19 0
58 -8 32 0
71 -75 29 0
24 -25 -8 0
83 -67 -74 0
20 57 38 0
-46 -38 -34 0
-62 -10 -48 0
81 7 -62 0
48 3 -34 0
-6 -15 79 0
-82 33 45 0
52 57 -33 0
81 32 64 0
8 -23 76 0
14 27 74 0
-18 -23 -65 0
-44 55 -62 0
-23 -46 -83 0
14 -23 -13 0
-83 -74 -1 0
23 -60 -44 0
32 48 -71 0
49 55 54 0
-2 36 -63 0
-10 -4 9 0
33 30 -37 0
-26 -30 -46 0
-36 34 49 0
52 48 -4 0
-46 -60 27 0
-6 -82 65 0
5 -29 -50 0
-75 -5 -30 0
-46 7 -70 0
11 38 -17 0
-60 47 -11 0
27 -7 34 0
-82 -21 15 0
-25 -56 61 0
-80 -51 75 0
6 -55 -75 0
-33 48 -30 0
-80 -40 -9 0
51 82 -37 0
32 -66 -8 0
-79 -6 41 0
31 3 -47 0
17 -70 33 0
-47 82 -67 0
-15 -31 63 0
-49 30 47 0
5 -41 -65 0
-77 -38 -78 0
47 -75 64 0
-19 -30 -5 0
11 21 -2 0
-73 -3 -26 0
-60 58 -21 0
-55 -26 -82 0
12 -38 15 0
56 -81 13 0
-16 60 63 0
-53 -48 79 0
-78 -47 -58 0
74 37 78 0
30 54 52 0
16 -78 -42 0
-28 -10 36 0
-32 26 -4 0
67 -25 59 0
-25 -33 6 0
61 77 8 0
8 -25 -7 0
46 8 -60 0
10 -68 -35 0
78 76 -15 0
58 -39 12 0
49 -8 -55 0
43 -83 76 0
-71 33 -40 0
61 -27 41 0
-62 -48 27 0
69 -79 -54 0
-70 -48 -56 0
-26 -46 8 0
11 -56 -21 0
45 -64 59 0
-12 -28 -20 0
66 -34 -40 0
20 -21 23 0
-37 -82 -28 0
-28 -37 10 0
50 53 -54 0
34 57 73 0
-78 32 -12 0
-19 61 44 0
42 6 -67 0
71 63 -19 0
17 -43 -9 0
41 59 -27 0
53 -57 21 0
-9 -60 11 0
-68 -6 -51 0
-37 -38 -74 0
24 40 -71 0
12 -71 -49 0
-38 58 -65 0
34 3 -53 0
33 -39 -65 0
-53 -61 -82 0
-4 -12 45 0
-61 -80 -69 0
83 60 -46 0
-9 16 17 0
-24 -36 -46 0
68 -52 -26 0
61 44 -64 0
-30 53 -56 0
-64 59 -44 0
-83 -79 42 0
27 -16 23 0
7 -8 -65 0
15 -29 73 0
53 -57 -62 0
-22 -31 -19 0
-55 40 -74 0
-21 -22 -6 0
-74 -39 43 0
49 50 -43 0
39 -83 -16 0
2 4 -24 0
6 56 59 0
-2 29 44 0
-80 66 -77 0
67 62 26 0
75 23 56 0
-56 -31 74 0
-15 -23 -36 0
-70 -8 43 0
39 -16 -51 0
47 -49 64 0
-73 -80 -42 0
-59 -42 28 0
-82 -52 -31 0
53 -57 -77 0
-36 34 55 0
76 70 -26 0
54 81 -13 0
-66 -31 -11 0
-71 -76 27 0
-38 12 -1 0
-48 43 14 0
-24 71 -30 0
16 -63 -37 0
46 17 -68 0
57 58 35 0
-82 -68 6 0
70 59 -8 0
-79 -58 36 0
-69 19 -38 0
72 52 -50 0
70 77 55 0
63 57 4 0
67 54 -42 0
36 -18 -63 0
4 42 63 0
55 19 -5 0
-4 9 29 0
26 -55 20 0
-33 -74 28 0
-49 -14 18 0
9 40 39 0
-27 14 29 0
-28 -78 -9 0
83 -7 -70 0
-1 -9 -3 0
-33 -25 -4 0
-27 -82 62 0
83 -73 -75 0
-59 -39 5 0
-2 -79 -23 0
52 -18 -69 0
29 -78 -47 0
-31 26 -46 0
-14 -68 63 0
-15 -71 44 0
-70 14 73 0
23 52 27 0
-74 -70 71 0
12 -49 -9 0
-42 -60 76 0
31 -55 78 0
-61 15 -81 0
-56 10 28 0
45 -33 77 0
-61 11 79 0
-81 -69 29 0
-76 2 36 0
-70 20 26 0
-36 2 48 0
-63 36 39 0
-78 40 11 0
-53 -46 2 0
-17 -60 5 0
56 21 22 0
60 -66 26 0
19 -41 -55 0
-16 -75 -73 0
-58 29 -2 0
31 -24 32 0
74 5 -18 0
24 -31 -67 0
83 58 1 0
18 -60 47 0
-60 -56 43 0
6 51 -22 0
-75 -64 29 0
79 -14 73 0
-27 50 61 0
-10 39 -37 0
-62 -1 20 0
21 23 43 0
59 -67 55 0
20 3 62 0
25 8 -81 0
-69 -4 24 0
-76 82 65 0
-41 37 -81 0
47 36 6 0
56 71 41 0
70 11 23 0
-68 45 -64 0
-63 -9 46 0
52 -16 -30 0
64 -17 3 0
10 -33 21 0
-61 -10 -79 0
-43 44 -22 0
1 -14 -27 0
-40 -26 -51 0
11 68 -59 0
-36 -67 72 0
-13 -37 -61 0
-59 -31 13 0
-60 -83 52 0
12 54 -52 0
-17 -52 7 0
40 55 -6 0
53 -9 -49 0
-38 -30 -75 0
-78 -33 12 0
-53 70 21 0
-63 -62 27 0
-9 81 40 0
-77 -59 68 0
-48 -29 -52 0
50 -42 35 0
9 38 -56 0
56 59 74 0
-62 15 -74 0
-75 -20 -34 0
-80 -67 -82 0
-74 -63 22 0
23 -60 -14 0
