p 36 153
-29 -33 -35 0
-10 18 -14 0
-15 -16 -5 0
-21 13 4 0
-22 1 11 0
-24 -2 -16 0
-23 3 -27 0
-18 13 36 0
-20 -28 -5 0
9 -10 32 0
-22 14 -5 0
-5 22 11 0
29 15 14 0
11 -25 -2 0
-28 1 17 0
33 -13 -10 0
-4 -14 -10 0
29 -25 -2 0
-29 -34 22 0
-17 -14 -1 0
-12 -35 7 0
11 -8 9 0
-5 8 33 0
-35 36 9 0
15 23 11 0
-16 -14 -30 0
17 -4 -14 0
-33 32 -11 0
14 -3 -29 0
-33 6 -17 0
-12 -5 34 0
-25 3 33 0
24 21 -14 0
-24 26 -14 0
-34 -27 -15 0
-33 24 -35 0
-33 28 -29 0
29 8 31 0
-3 -36 29 0
19 35 -30 0
3 10 -31 0
28 -14 -4 0
-14 11 6 0
2 34 -25 0
33 -21 15 0
3 5 33 0
18 33 21 0
34 -16 11 0
3 32 -35 0
9 -11 -35 0
33 24 -16 0
-4 19 25 0
-6 34 -14 0
-23 -30 24 0
14 11 -3 0
-23 9 -27 0
27 35 -21 0
25 -20 -34 0
25 -31 11 0
-3 12 26 0
13 36 -9 0
1 21 -13 0
11 18 7 0
-24 -16 -18 0
35 -21 -26 0
8 -27 -22 0
15 -21 30 0
-2 22 24 0
33 10 -18 0
-28 30 -2 0
-28 -1 -27 0
-23 -19 -34 0
-17 -24 12 0
-28 30 -24 0
-13 28 -5 0
-8 4 -14 0
13 -23 -11 0
13 -17 12 0
-2 -3 -14 0
-5 2 -6 0
9 13 -36 0
16 -14 -10 0
33 -22 -8 0
17 1 33 0
-10 33 35 0
-21 13 -11 0
9 2 6 0
-8 -10 -4 0
9 -21 -10 0
30 23 4 0
-28 -3 31 0
20 -17 -23 0
30 -2 7 0
32 25 7 0
-31 28 -22 0
27 -23 -25 0
14 -15 -31 0
-3 -9 -8 0
-25 8 26 0
3 -8 9 0
20 15 11 0
-15 30 31 0
8 35 -34 0
-20 -1 -13 0
-33 35 16 0
20 33 7 0
-10 -30 -13 0
-28 24 -12 0
-32 -23 31 0
28 34 -36 0
-31 12 -20 0
-19 -25 35 0
16 13 -34 0
9 -21 32 0
16 -1 6 0
33 12 -18 0
-5 13 -31 0
35 -2 -36 0
-20 -12 33 0
-27 -21 -36 0
-36 -20 9 0
1 -23 -8 0
9 -30 -21 0
25 36 19 0
10 -25 14 0
29 -32 -11 0
23 -2 -14 0
-8 -3 32 0
2 1 22 0
-29 -11 -34 0
-8 11 7 0
-11 -13 -10 0
-14 21 31 0
-20 28 -16 0
-29 13 10 0
-16 33 10 0
-6 23 24 0
-28 20 -35 0
13 36 -5 0
-5 14 -17 0
-26 -25 8 0
-7 13 -24 0
-9 -2 12 0
5 7 34 0
15 32 -21 0
11 -21 15 0
19 -26 -27 0
2 36 23 0
-24 -7 -28 0
26 -6 -4 0
20 22 -13 0
-26 20 -15 0
-10 23 4 0
