p 86 366
54 -17 25 0
-45 17 25 0
76 -50 73 0
-21 -47 -67 0
-1 -35 66 0
-33 -25 5 0
-24 85 -20 0
4 75 -74 0
-27 3 -85 0
20 -37 -4 0
-32 45 -47 0
58 -28 -40 0
-49 -73 -82 0
74 10 59 0
-60 64 -17 0
40 -62 -35 0
-47 21 -31 0
-27 -38 33 0
-47 69 23 0
18 -43 -75 0
81 52 46 0
57 -39 10 0
-18 61 68 0
-55 -4 49 0
56 74 52 0
-69 -12 54 0
-70 60 77 0
68 -82 38 0
58 40 19 0
3 -48 2 0
67 8 -65 0
31 -59 22 0
-28 -38 55 0
-67 -7 80 0
-16 78 -51 0
-31 -85 78 0
-37 51 47 0
69 85 -59 0
-51 -52 17 0
71 -62 -28 0
-43 47 16 0
10 -85 -11 0
61 -45 -44 0
-20 16 -71 0
56 -63 85 0
-26 29 24 0
-80 85 -31 0
-12 -16 -25 0
-79 39 -8 0
-81 -56 -77 0
-46 26 41 0
25 -15 56 0
83 75 -46 0
42 -36 21 0
-28 16 11 0
39 -29 -17 0
80 55 74 0
-77 22 55 0
42 -23 1 0
71 81 83 0
63 -22 60 0
-17 -80 -22 0
63 78 -36 0
-29 -67 -10 0
-49 -82 65 0
-40 -50 -41 0
2 -21 43 0
13 7 25 0
8 2 -85 0
-76 -10 -37 0
56 48 39 0
49 -68 -55 0
80 -20 64 0
-29 16 22 0
29 -27 -51 0
42 -69 -80 0
-16 -31 54 0
-11 -78 -85 0
76 -12 53 0
-82 -84 70 0
39 86 -35 0
-32 69 -79 0
54 40 -36 0
72 -32 7 0
-36 72 80 0
27 5 -75 0
60 7 1 0
44 -45 35 0
-6 59 -37 0
79 51 42 0
-86 -56 76 0
-69 -40 -43 0
-9 -5 20 0
1 -7 42 0
-36 -67 -13 0
-56 -23 71 0
47 -78 20 0
-45 -46 75 0
31 -8 -36 0
-76 63 -37 0
62 -12 -1 0
77 32 -31 0
-52 -22 -70 0
61 69 25 0
35 47 59 0
38 -33 -26 0
-68 84 79 0
47 42 65 0
31 -16 40 0
21 -86 -14 0
51 8 24 0
-6 -11 -30 0
-11 -3 -75 0
37 -57 58 0
5 1 -33 0
-77 17 72 0
-11 26 -69 0
-27 34 -30 0
69 12 5 0
-35 -47 37 0
80 55 -13 0
53 -4 23 0
5 47 25 0
14 45 6 0
47 -39 -9 0
-22 57 -47 0
-71 -76 18 0
42 59 -78 0
-19 39 -56 0
-40 -53 -4 0
-5 25 -72 0
72 -55 66 0
-69 63 -64 0
-31 -21 12 0
86 -85 2 0
34 -39 -50 0
-7 -31 -49 0
-23 30 -11 0
23 -76 -84 0
59 29 55 0
-6 2 18 0
66 12 20 0
-4 20 -34 0
-74 5 3 0
-61 -21 20 0
26 18 52 0
67 -48 -57 0
-85 -35 -26 0
-75 74 -58 0
-9 29 23 0
-30 63 47 0
-5 -10 84 0
-18 68 -5 0
-38 7 -61 0
-71 33 -27 0
-6 44 -46 0
7 24 3 0
-47 7 -70 0
-76 40 -15 0
14 -22 48 0
-14 -60 -20 0
9 -13 36 0
78 -61 85 0
45 26 29 0
-51 -81 -44 0
-67 -69 65 0
10 24 -51 0
1 62 41 0
14 -52 62 0
62 -80 -57 0
-5 10 44 0
-3 -72 -25 0
-19 45 60 0
-43 -69 29 0
-8 -48 -29 0
-72 -19 -70 0
-10 61 58 0
-56 39 -67 0
-28 34 -83 0
-56 -14 -32 0
1 -9 86 0
-76 -64 55 0
-62 -66 13 0
78 56 57 0
-69 4 -19 0
27 -69 -77 0
-7 -54 50 0
4 51 27 0
12 -31 65 0
-58 -4 75 0
10 14 4 0
-9 66 -80 0
-49 31 -13 0
-15 -78 47 0
82 22 -74 0
36 26 -52 0
-41 -45 -11 0
-43 77 17 0
12 41 7 0
-62 13 52 0
30 81 9 0
-69 -40 23 0
-38 22 -31 0
-20 75 13 0
2 73 -15 0
57 -58 71 0
64 3 -54 0
-84 73 -40 0
38 62 -76 0
57 26 -48 0
-28 -37 -20 0
-53 -71 3 0
-49 69 46 0
20 -45 -34 0
-5 84 -80 0
60 21 27 0
60 26 -8 0
28 -84 -3 0
-6 -62 18 0
86 62 46 0
-52 78 55 0
81 -52 85 0
85 20 40 0
79 55 -19 0
-15 -85 54 0
-35 -60 -78 0
37 18 -41 0
61 42 29 0
-25 46 -72 0
21 -46 59 0
3 -51 -71 0
82 -84 -45 0
-18 3 -48 0
54 18 46 0
-18 58 -64 0
-63 -29 -2 0
53 -5 2 0
-66 20 34 0
13 -80 68 0
85 -73 -67 0
65 43 72 0
-45 -73 11 0
79 3 35 0
12 36 3 0
-28 38 24 0
-73 47 46 0
-7 84 25 0
32 31 -28 0
73 3 78 0
60 -4 69 0
57 60 -12 0
83 10 -84 0
86 79 -58 0
44 -69 13 0
-29 -61 23 0
26 -40 -34 0
33 -5 19 0
36 -31 39 0
52 14 1 0
-12 -60 -85 0
-29 -36 9 0
25 70 22 0
-41 -78 76 0
-31 -20 82 0
-24 35 -61 0
4 -82 29 0
-8 82 -34 0
-12 -10 42 0
-16 -78 -26 0
58 44 62 0
-49 -3 -1 0
61 44 52 0
-26 -63 -55 0
85 -55 21 0
83 -14 20 0
-1 -49 -8 0
-58 20 44 0
19 -40 -8 0
49 32 31 0
-52 10 57 0
46 12 -83 0
-46 -1 -61 0
82 -18 12 0
-11 -40 35 0
-28 -58 5 0
-74 -18 53 0
-15 38 49 0
32 -55 -23 0
20 84 -62 0
-81 61 -78 0
-45 -83 9 0
-2 -56 22 0
-9 -67 6 0
30 -36 -61 0
42 81 -45 0
13 32 -26 0
68 -46 -20 0
32 54 -22 0
83 27 -32 0
4 -34 71 0
22 7 -79 0
79 27 -67 0
-54 -57 22 0
-48 50 -39 0
-81 -83 -19 0
79 81 77 0
20 -49 -53 0
-19 30 68 0
76 77 -54 0
49 -45 77 0
-55 -37 -5 0
-19 55 -78 0
-15 51 83 0
22 -59 14 0
33 18 77 0
19 79 9 0
4 -85 60 0
83 -8 -80 0
73 42 -14 0
69 6 -45 0
78 -16 -29 0
-47 -5 64 0
-57 -5 29 0
-56 -60 -48 0
39 28 -36 0
-28 -4 30 0
-54 58 -24 0
2 9 -39 0
3 -63 76 0
8 -15 78 0
1 -27 -23 0
-20 5 10 0
85 17 -43 0
-78 14 -6 0
43 -5 84 0
-44 19 8 0
74 -59 -19 0
4 22 -11 0
-61 33 43 0
-51 -54 63 0
-12 66 -16 0
37 -19 8 0
26 -16 1 0
7 -48 84 0
33 -2 22 0
-53 67 4 0
44 68 45 0
-20 -59 -22 0
2 4 -78 0
-84 -3 12 0
68 -57 52 0
-43 -24 28 0
70 29 -24 0
2 -46 9 0
16 -5 48 0
33 -30 78 0
75 73 14 0
-79 83 -51 0
75 22 80 0
22 -37 -19 0
34 2 38 0
-80 73 -17 0
13 -5 -33 0
39 86 -14 0
-50 34 -58 0
30 69 10 0
