p 16 68
-15 -11 -14 0
15 11 -2 0
-2 8 3 0
14 -6 16 0
15 -13 -12 0
9 3 -14 0
-13 -9 7 0
-2 3 14 0
-12 -5 -6 0
-16 3 9 0
-8 6 -16 0
-11 -16 7 0
4 6 -15 0
-10 -15 -5 0
-13 2 -10 0
-7 12 -14 0
10 9 3 0
-1 11 5 0
9 12 13 0
-7 -4 3 0
6 5 -10 0
16 11 1 0
1 10 -4 0
10 9 1 0
-8 3 2 0
-2 -16 10 0
7 -11 -8 0
-4 7 -12 0
-16 -4 -14 0
5 -11 -4 0
-16 3 1 0
14 -9 10 0
16 -2 -15 0
16 -8 5 0
4 -14 5 0
-12 7 -15 0
5 7 -15 0
7 -11 -12 0
12 10 6 0
-8 -5 -3 0
-3 16 8 0
3 -13 10 0
-2 13 -10 0
14 -16 -1 0
10 -16 12 0
3 -10 -4 0
14 -8 5 0
-14 -3 2 0
10 6 -13 0
-5 3 -6 0
-9 -2 -10 0
-10 -8 3 0
16 13 12 0
13 -8 -3 0
-6 3 -2 0
-11 5 14 0
15 -7 -8 0
15 -3 5 0
5 14 -1 0
-16 -5 14 0
9 -12 -15 0
16 12 -11 0
2 -7 -14 0
8 -5 -15 0
14 -12 3 0
-1 -14 12 0
-4 -10 -6 0
-8 -10 -14 0
