p 21 89
12 -10 11 0
-21 -2 3 0
11 2 6 0
6 -11 -8 0
6 3 -21 0
8 21 -3 0
14 17 -3 0
-18 19 -8 0
13 -20 21 0
-1 21 4 0
-13 -21 -9 0
1 8 -10 0
-1 -4 -21 0
-14 -8 -16 0
-8 -15 -10 0
-7 19 -13 0
-15 7 -17 0
-17 2 1 0
-1 8 10 0
12 -5 18 0
16 -7 -3 0
19 13 7 0
3 4 -21 0
9 -13 -6 0
-15 8 14 0
-8 -5 14 0
-14 19 -20 0
15 -18 -21 0
-18 6 7 0
4 -7 -2 0
-3 20 16 0
5 8 -9 0
-18 -7 12 0
-19 20 12 0
9 17 18 0
-5 -19 -11 0
-9 -11 21 0
-11 1 -2 0
8 5 -17 0
1 12 19 0
-5 -15 -2 0
12 -4 -21 0
4 -16 17 0
-4 1 15 0
7 8 12 0
9 -13 16 0
-13 -15 -8 0
-2 -12 -20 0
-1 -10 -14 0
7 -3 -17 0
-1 -3 -13 0
19 9 11 0
-8 -1 9 0
-14 17 4 0
3 -7 -14 0
-20 -18 -17 0
-4 -19 -18 0
-17 3 -12 0
-15 -6 -17 0
16 20 5 0
13 8 -7 0
-17 12 10 0
-10 21 -3 0
21 -10 -6 0
-17 13 8 0
19 2 -8 0
1 -11 9 0
12 -18 4 0
-8 18 12 0
6 -7 17 0
-21 7 15 0
-21 -4 20 0
17 -3 -14 0
-10 11 -6 0
-12 11 -5 0
-8 -21 -19 0
-18 -9 12 0
-4 -12 19 0
-5 -16 2 0
-21 1 -11 0
12 17 1 0
-3 -14 -2 0
-14 -1 10 0
-5 -14 15 0
2 18 1 0
-5 3 21 0
12 17 -11 0
-5 13 14 0
-8 -4 12 0
