p 19 80
10 -7 -18 0
19 6 -8 0
-18 1 -17 0
-4 2 17 0
11 -12 1 0
-10 -3 16 0
13 -19 -5 0
-18 -12 19 0
13 -12 10 0
-16 19 -8 0
-3 -10 11 0
15 -13 -6 0
-13 17 -10 0
-5 -1 -17 0
16 -6 -13 0
17 1 -5 0
15 18 1 0
-19 -17 -8 0
-5 2 17 0
16 -9 -2 0
5 -18 -1 0
-19 1 -7 0
-14 17 -4 0
14 -18 -5 0
-19 -12 -10 0
15 9 17 0
14 -17 19 0
14 6 -16 0
-17 -3 1 0
17 -2 19 0
12 -13 17 0
-15 4 7 0
-8 4 9 0
15 -11 4 0
9 6 -4 0
2 15 4 0
14 -9 10 0
10 4 12 0
18 5 -3 0
5 16 -18 0
-4 10 9 0
7 11 -15 0
-4 -18 -8 0
-18 15 -14 0
-1 8 12 0
12 10 14 0
-15 -16 -4 0
9 12 10 0
-3 2 9 0
-11 19 15 0
14 -6 -10 0
8 4 14 0
7 -2 -15 0
2 12 -13 0
-1 13 -19 0
-17 -5 -12 0
17 7 13 0
-5 12 10 0
-4 -9 -1 0
-18 -15 -16 0
-1 -3 -13 0
-16 -6 -7 0
-10 -4 18 0
-18 -8 19 0
-10 -18 -7 0
5 3 4 0
19 13 -18 0
18 13 8 0
19 -5 -1 0
-9 -3 -2 0
8 -14 11 0
2 -4 8 0
2 10 -5 0
-6 -9 -13 0
17 -14 6 0
11 -13 12 0
-6 16 -9 0
19 -18 -9 0
-8 -19 -17 0
-9 -11 -16 0
