p 98 417
56 35 -27 0
-85 -7 -23 0
-81 -41 -11 0
-20 -50 -45 0
98 -80 -46 0
97 42 94 0
25 76 -29 0
-73 -78 -50 0
-62 -89 -86 0
-13 78 86 0
-28 92 -21 0
-65 77 -73 0
-48 -73 23 0
-8 -46 1 0
-15 -87 -39 0
-95 -52 -27 0
94 -30 86 0
-58 47 7 0
14 -51 2 0
71 37 74 0
-88 -10 -94 0
32 -74 6 0
-55 -35 -60 0
-83 74 -52 0
55 -5 -75 0
18 28 -85 0
-42 -27 -70 0
-80 13 85 0
98 44 -28 0
49 -88 68 0
62 9 -88 0
10 19 -53 0
-8 -62 7 0
23 -90 43 0
-39 -61 85 0
-89 78 49 0
79 -1 -36 0
34 92 84 0
-27 -70 -96 0
-80 77 -23 0
-53 2 -69 0
72 -63 -14 0
83 -56 73 0
-90 49 -45 0
-13 -14 25 0
-53 10 -65 0
71 -56 83 0
83 11 -75 0
-37 28 44 0
36 37 63 0
-90 3 -66 0
-85 -75 -69 0
-96 37 -28 0
58 9 55 0
-11 -92 -19 0
46 -72 79 0
-51 -58 -64 0
-65 -56 -69 0
-21 72 87 0
-80 -12 -25 0
21 5 26 0
65 -41 55 0
11 84 -27 0
68 97 67 0
92 -95 11 0
-85 65 13 0
88 -42 -44 0
25 -58 22 0
86 47 57 0
74 90 -24 0
-63 60 -32 0
84 -92 -94 0
-69 80 30 0
-85 -87 98 0
-61 -29 55 0
14 46 41 0
10 45 -19 0
98 62 73 0
-42 -51 -98 0
-16 72 -50 0
55 -7 -53 0
47 46 -36 0
69 81 76 0
31 -67 54 0
-62 -86 57 0
-45 -50 43 0
96 33 -55 0
-42 -1 22 0
50 -54 90 0
-28 31 -20 0
16 92 49 0
64 72 55 0
-81 -78 85 0
94 37 45 0
-49 55 37 0
-98 49 -96 0
48 -80 -92 0
24 37 -61 0
34 25 17 0
18 -14 -53 0
-14 -16 -89 0
46 -42 -7 0
-81 -70 -39 0
-9 -54 57 0
66 -78 3 0
75 -43 64 0
-23 11 -92 0
48 8 -14 0
-27 -67 96 0
92 -61 17 0
19 13 79 0
-77 -56 -14 0
28 91 55 0
-4 82 -1 0
-98 59 91 0
-84 81 28 0
-2 -13 -55 0
-46 -32 -55 0
54 78 -91 0
-85 -24 21 0
31 -61 -90 0
-16 98 31 0
-82 -74 68 0
-2 -1 -21 0
9 -28 42 0
84 -26 -8 0
56 9 -53 0
-93 38 -43 0
43 -67 35 0
-52 46 27 0
-66 -76 -44 0
41 -6 -1 0
-19 -40 -10 0
52 42 -21 0
-3 56 45 0
-23 96 -14 0
44 75 26 0
89 -49 67 0
83 -26 -95 0
-88 -46 58 0
34 96 -70 0
57 28 36 0
75 -5 39 0
26 -56 -96 0
-60 -65 -49 0
-9 -22 60 0
68 22 80 0
44 22 -18 0
-63 -32 64 0
81 -3 87 0
33 -69 32 0
14 28 47 0
56 61 20 0
-81 31 -25 0
89 77 52 0
27 -25 -2 0
46 -77 53 0
-30 -64 -40 0
-2 -23 65 0
89 80 56 0
17 75 -26 0
82 69 85 0
14 -76 62 0
-61 34 53 0
-37 -86 18 0
39 25 11 0
-6 -90 -61 0
-18 56 -1 0
6 84 17 0
-92 5 -93 0
66 61 -10 0
28 81 20 0
5 -21 41 0
25 -67 -87 0
-93 75 90 0
-30 -33 -7 0
27 -5 21 0
-29 -11 -2 0
43 -68 59 0
91 79 38 0
-39 8 -45 0
-72 -85 66 0
84 70 80 0
-89 56 40 0
61 28 -43 0
-22 -28 75 0
-96 98 -75 0
-8 80 81 0
86 8 22 0
-4 -60 -37 0
57 -81 -86 0
-3 -58 74 0
93 49 66 0
15 24 -90 0
-2 -81 -31 0
-69 50 -90 0
-42 3 -21 0
36 -67 -42 0
19 -9 -41 0
-1 -89 73 0
11 20 7 0
-92 87 69 0
53 -92 32 0
-41 25 -10 0
64 -89 80 0
66 -35 53 0
83 -24 18 0
-67 22 81 0
33 81 -6 0
6 92 79 0
88 -89 -43 0
18 -97 -87 0
43 -84 -11 0
25 -10 -60 0
-65 76 -81 0
-98 -38 23 0
91 76 24 0
-66 -72 40 0
76 -11 64 0
63 21 15 0
4 89 -40 0
-79 -95 -64 0
-91 -12 -89 0
-16 -45 84 0
-15 -8 46 0
44 87 26 0
28 -41 80 0
-16 39 -42 0
48 -62 -66 0
-65 42 -10 0
67 -85 -15 0
-70 63 -29 0
2 28 -80 0
-57 -63 71 0
-80 20 38 0
42 7 -32 0
-93 -8 35 0
83 8 4 0
4 -71 75 0
73 -2 -87 0
35 -18 69 0
18 -20 84 0
-9 -85 10 0
14 42 -29 0
-94 5 37 0
-24 -88 68 0
53 -41 -68 0
-72 -46 32 0
32 95 74 0
79 -47 -76 0
57 12 32 0
15 38 74 0
12 67 56 0
-23 30 -53 0
54 -11 -20 0
-37 9 -18 0
14 -8 -68 0
17 38 -72 0
63 14 58 0
16 -1 49 0
-80 75 -13 0
-11 -51 -9 0
-47 8 -43 0
39 -69 20 0
-38 76 39 0
78 51 49 0
74 48 92 0
-53 -57 -52 0
-48 79 -43 0
-15 -11 30 0
76 77 40 0
69 -24 -75 0
-68 73 -33 0
86 -26 3 0
-39 -78 -51 0
19 -33 -50 0
30 20 -16 0
58 -71 16 0
20 -64 98 0
-19 7 81 0
-9 -23 33 0
-19 24 70 0
-54 57 48 0
-95 46 68 0
-18 -71 20 0
23 -19 -32 0
26 82 66 0
31 38 51 0
-62 75 -5 0
-73 92 80 0
-78 84 33 0
48 -89 -65 0
-10 11 -60 0
-97 -73 -9 0
-84 2 -48 0
-97 -30 -41 0
-79 5 51 0
70 85 -88 0
-85 -69 -96 0
-72 -33 18 0
-20 53 -50 0
-5 -74 12 0
83 65 93 0
-50 30 75 0
68 22 93 0
23 -70 45 0
-65 -20 -19 0
-9 -61 83 0
93 91 -56 0
78 47 -71 0
-68 41 -39 0
-87 83 13 0
-84 -95 -38 0
-48 -87 -67 0
58 79 45 0
81 -80 -53 0
-26 39 -5 0
68 -4 14 0
-30 -9 -34 0
-32 -38 12 0
-89 -46 50 0
79 27 -64 0
-58 32 -23 0
-72 61 -43 0
-81 87 90 0
81 68 66 0
20 75 -9 0
90 28 16 0
56 31 -32 0
-85 49 47 0
-34 23 37 0
-93 85 -30 0
49 -86 43 0
32 -63 7 0
-29 19 -34 0
79 -36 -47 0
64 31 53 0
-65 -83 -15 0
38 -46 -44 0
40 -31 23 0
65 -77 -51 0
18 37 -69 0
59 -73 -79 0
15 -59 57 0
93 -61 -35 0
-68 91 -2 0
-41 90 -6 0
50 -67 -47 0
98 75 42 0
-32 88 13 0
-37 51 -60 0
-35 -27 62 0
-79 -8 49 0
3 -93 13 0
43 27 32 0
-70 -62 -60 0
13 29 -73 0
32 -67 30 0
-13 -81 -15 0
66 28 80 0
62 93 -20 0
82 12 67 0
-26 61 -17 0
-90 -71 -41 0
79 -37 73 0
-30 64 25 0
47 42 -23 0
69 98 38 0
-28 62 -11 0
11 34 47 0
65 -63 16 0
49 45 -94 0
73 -98 -27 0
58 21 15 0
-42 50 76 0
-41 -70 -23 0
50 84 46 0
72 87 -94 0
62 6 -42 0
-72 -66 -73 0
-74 94 -16 0
54 27 -17 0
-53 -39 -45 0
-91 -72 92 0
-12 -81 36 0
-57 -6 44 0
31 -74 -55 0
97 39 4 0
-16 -34 -18 0
-79 22 -11 0
1 98 -22 0
74 -52 76 0
-97 -53 -89 0
98 52 73 0
-47 -65 51 0
80 40 -12 0
-84 -96 -68 0
-40 -57 62 0
74 78 -28 0
-73 93 65 0
92 -17 67 0
57 51 -83 0
88 -53 -67 0
62 -88 16 0
-29 95 -35 0
53 -21 -38 0
23 43 -66 0
79 -41 43 0
-40 -95 -83 0
74 -12 -17 0
-11 -6 39 0
-29 -40 75 0
-89 -25 45 0
-56 19 -31 0
72 -80 15 0
43 -53 -49 0
-74 17 -95 0
