p 12 51
8 10 12 0
-2 3 -9 0
12 4 -9 0
11 -7 -10 0
12 -4 11 0
-11 1 5 0
-7 -1 -11 0
-10 -11 3 0
-2 9 -11 0
-5 4 12 0
-7 1 -10 0
-1 -8 2 0
-1 -2 12 0
2 5 4 0
-2 9 12 0
4 -8 -6 0
12 8 -11 0
-8 10 -9 0
8 11 -1 0
-11 -6 -7 0
-11 3 6 0
-11 -1 9 0
-12 -10 -9 0
3 -11 -1 0
-5 7 8 0
7 8 -3 0
-9 8 -2 0
-6 -5 1 0
-11 10 9 0
-12 -6 -1 0
-11 -5 -9 0
-3 -8 -10 0
3 8 -9 0
-8 -3 -6 0
12 5 -4 0
7 8 -10 0
3 11 2 0
2 -6 -9 0
-3 -11 -1 0
10 -11 7 0
-9 8 -5 0
8 4 -9 0
-3 -9 4 0
12 5 -4 0
7 -12 -8 0
3 6 -1 0
9 1 4 0
2 3 10 0
-1 3 -6 0
-11 2 -3 0
6 9 -4 0
