p 54 230
-49 -45 38 0
-10 -41 -43 0
11 12 19 0
-25 -26 -22 0
53 -50 29 0
-50 -37 7 0
15 -24 7 0
-10 11 -16 0
6 -39 47 0
-28 41 -17 0
23 49 -36 0
22 15 3 0
44 45 -53 0
26 40 -35 0
51 10 21 0
-19 48 -20 0
12 22 -37 0
-13 36 35 0
32 -48 16 0
50 49 -42 0
47 -50 3 0
-23 53 15 0
3 26 -21 0
18 2 14 0
52 -42 -41 0
-36 25 -37 0
-50 10 28 0
-1 9 -26 0
-15 -28 -10 0
-8 -12 49 0
1 -43 31 0
-22 -17 8 0
6 -46 11 0
12 7 -22 0
-38 32 16 0
-33 -43 -17 0
47 46 -12 0
7 -35 36 0
30 13 43 0
41 -40 -16 0
34 35 43 0
26 -39 -49 0
-33 35 -31 0
37 45 -24 0
-7 48 -33 0
29 37 5 0
11 32 52 0
-22 35 -45 0
-17 45 36 0
-42 12 24 0
-48 14 52 0
5 45 -52 0
15 -39 -30 0
-34 -50 -6 0
-46 38 39 0
-40 41 22 0
-45 -35 8 0
-8 -34 -28 0
13 -30 -46 0
5 46 -41 0
-46 47 -12 0
-35 -1 -20 0
-14 -25 48 0
25 -11 20 0
38 43 -54 0
-11 -41 -53 0
11 42 44 0
12 35 -41 0
-1 37 -32 0
-50 -45 -16 0
37 -15 52 0
-52 -29 51 0
-33 29 -17 0
-8 -16 -44 0
35 47 46 0
18 -3 48 0
-15 -1 -38 0
6 -8 -9 0
2 -50 1 0
53 18 14 0
36 -4 -14 0
-24 -3 -27 0
27 23 35 0
-26 -14 37 0
-15 -53 30 0
38 52 2 0
45 22 -13 0
-22 -19 25 0
-32 21 -46 0
-39 -51 -18 0
27 14 7 0
51 5 31 0
41 -45 2 0
-9 21 -25 0
-2 -18 -17 0
3 -16 42 0
-21 -41 -13 0
32 14 -45 0
15 -46 17 0
54 -48 -51 0
49 8 42 0
28 -30 -35 0
26 -37 8 0
15 -48 -35 0
12 7 41 0
-44 -53 -48 0
-13 32 -31 0
-9 29 -28 0
-54 -38 -12 0
39 3 41 0
-7 29 25 0
32 -49 -39 0
-24 17 47 0
32 -39 -1 0
-34 9 -54 0
38 1 51 0
23 -9 3 0
15 -25 16 0
-10 -43 -7 0
-44 52 13 0
47 -45 39 0
-16 8 17 0
32 -14 -40 0
11 30 16 0
-22 18 -10 0
49 -32 -53 0
54 8 -47 0
26 39 14 0
33 -44 3 0
8 52 -37 0
-13 -46 11 0
7 5 35 0
-54 18 -20 0
41 -48 -43 0
12 -2 11 0
-27 -22 -52 0
30 36 31 0
27 -26 11 0
54 -44 -25 0
7 32 -37 0
26 -45 11 0
26 -21 45 0
32 -11 19 0
49 27 -23 0
16 20 42 0
31 -41 -28 0
-41 19 -32 0
-6 -23 -31 0
43 27 -25 0
46 22 -13 0
33 20 -31 0
-15 43 -4 0
18 22 -13 0
19 -9 -40 0
-8 -2 -46 0
-38 -15 -17 0
49 18 33 0
-32 53 -10 0
-17 -18 -34 0
16 -17 -12 0
24 -15 -37 0
20 36 6 0
28 42 -38 0
-21 -40 8 0
25 49 10 0
30 33 37 0
-37 -11 41 0
-9 54 29 0
23 37 -43 0
-8 48 -32 0
-18 44 -38 0
21 -13 -19 0
51 22 20 0
-6 54 -33 0
-45 21 9 0
-18 -46 49 0
-20 -30 -40 0
-10 -54 -53 0
47 40 -29 0
54 50 -43 0
-22 -6 -53 0
-36 12 47 0
-17 -36 3 0
-41 14 21 0
33 2 48 0
-35 54 -20 0
-47 41 -29 0
9 -24 43 0
19 -1 27 0
-26 44 -54 0
-5 50 51 0
-11 -18 -14 0
-16 -47 5 0
-15 27 -13 0
43 19 27 0
-27 33 -37 0
-35 -50 -46 0
7 -6 48 0
51 38 -36 0
-38 48 8 0
-33 51 -23 0
-11 -45 3 0
54 3 52 0
32 -30 -46 0
-4 8 -44 0
-7 -43 44 0
-46 -6 40 0
-12 47 -14 0
-51 -15 -17 0
26 33 7 0
-49 32 -20 0
4 -8 -35 0
12 29 23 0
-5 7 4 0
21 -54 -13 0
31 39 36 0
9 -46 13 0
4 -17 -29 0
2 -8 34 0
1 5 49 0
14 31 43 0
-15 -1 -46 0
28 37 14 0
-1 -38 23 0
50 -40 -36 0
-14 3 37 0
-34 25 -1 0
4 53 -1 0
-7 -6 -16 0
43 41 -12 0
