p 30 127
24 13 19 0
-8 -4 -26 0
-9 4 30 0
-1 20 4 0
25 -12 16 0
9 6 12 0
14 12 -20 0
15 -27 14 0
30 -6 -27 0
-4 -19 -30 0
-30 22 -15 0
14 -12 7 0
-13 8 -17 0
-9 4 5 0
-3 -12 22 0
5 21 -13 0
-16 11 7 0
-20 6 -25 0
7 -20 -21 0
11 5 27 0
-16 24 -6 0
-14 9 -21 0
-7 17 10 0
19 5 -14 0
-3 25 23 0
-28 -21 -22 0
12 -3 2 0
28 25 -23 0
24 15 -13 0
-26 -14 -27 0
12 7 8 0
-8 -26 2 0
-12 3 -22 0
-23 13 -19 0
26 30 -3 0
-27 29 4 0
-24 7 13 0
26 12 -16 0
2 -16 9 0
11 16 22 0
6 26 -19 0
-25 6 24 0
5 29 -3 0
20 -14 -6 0
-17 -18 8 0
-15 21 -12 0
9 -14 -2 0
-2 26 -13 0
16 2 27 0
-9 -22 1 0
23 -6 24 0
27 -26 8 0
-7 -13 -12 0
-12 -16 -1 0
4 20 7 0
25 3 -29 0
17 26 22 0
19 16 -12 0
-7 11 -13 0
-23 8 21 0
-19 3 10 0
-15 -9 -19 0
-5 -11 -16 0
2 25 -9 0
29 -8 -30 0
-4 16 7 0
26 -27 6 0
6 -4 29 0
26 12 1 0
-15 -20 -8 0
-6 30 -2 0
5 12 25 0
-22 -26 7 0
-13 -22 18 0
5 18 3 0
1 -5 -3 0
24 28 -16 0
-1 8 -24 0
-29 15 6 0
27 -4 -6 0
27 25 18 0
22 12 -28 0
-5 3 29 0
-1 -28 -23 0
6 -19 -3 0
-25 28 26 0
-29 -23 19 0
-18 -22 29 0
-16 -9 28 0
18 21 29 0
-17 30 -20 0
3 18 -10 0
-4 -14 -21 0
-25 11 24 0
-1 -20 6 0
8 27 -7 0
-23 2 22 0
-6 -23 -20 0
23 -3 -22 0
25 30 23 0
-7 -13 -2 0
-6 17 -2 0
7 18 22 0
-20 5 7 0
-24 1 13 0
18 -26 -15 0
1 12 18 0
-26 30 19 0
6 26 -24 0
-16 21 1 0
27 -6 22 0
-23 -1 -14 0
23 12 -11 0
5 -15 -16 0
28 -17 19 0
23 9 -27 0
-20 27 24 0
-23 -7 24 0
26 -3 23 0
28 -8 -20 0
-8 4 23 0
21 -12 7 0
-27 -18 29 0
4 -30 -23 0
-5 -8 11 0
15 27 6 0
21 -5 -22 0
