p 97 413
-79 -20 -6 0
-1 68 -30 0
-27 86 -92 0
-7 -12 -16 0
-9 -97 31 0
24 64 -38 0
16 -38 58 0
30 1 56 0
65 -95 -12 0
-78 59 -67 0
-36 -23 52 0
87 89 -67 0
-6 3 35 0
44 -35 62 0
-65 25 -4 0
-43 46 -14 0
92 15 4 0
38 -37 5 0
-95 -43 74 0
-29 86 -47 0
18 33 90 0
-67 -18 54 0
-39 -1 74 0
5 17 -66 0
-62 -87 23 0
92 -77 -82 0
75 65 80 0
-8 12 -33 0
71 -43 -61 0
-24 -47 -9 0
-45 -64 6 0
39 90 -91 0
-66 -22 39 0
-47 92 91 0
65 -91 -12 0
-52 55 50 0
97 66 16 0
-3 63 10 0
-36 13 93 0
-6 -3 -69 0
-84 8 63 0
11 53 15 0
-94 31 2 0
-5 73 -54 0
48 -92 81 0
26 91 88 0
-77 22 3 0
75 69 -89 0
-84 -72 -43 0
-85 42 -46 0
86 -80 -75 0
-82 -60 19 0
-59 -52 -16 0
-60 93 -38 0
-57 19 94 0
52 -81 53 0
56 -21 -53 0
22 -92 94 0
-26 -44 -93 0
2 34 -5 0
22 -93 -39 0
-51 -28 -86 0
59 14 -32 0
79 53 -57 0
83 54 -45 0
-48 42 -33 0
-81 -61 -95 0
-47 39 -95 0
51 8 69 0
-84 -5 91 0
78 -27 -96 0
56 -38 -93 0
-27 -77 -45 0
46 64 -61 0
-19 -71 -82 0
-61 -16 -75 0
33 71 -34 0
86 -9 -91 0
-86 20 -5 0
68 8 94 0
3 -4 -95 0
29 -12 -51 0
-69 63 -3 0
27 -29 -81 0
-69 -32 -87 0
-82 42 -64 0
-55 -47 -28 0
-78 -23 54 0
-27 -24 -20 0
91 25 16 0
-66 67 86 0
51 46 82 0
51 93 -49 0
-32 71 54 0
-54 -93 -32 0
-9 -10 21 0
-96 70 44 0
-8 -71 -87 0
-87 73 -72 0
-73 -40 -41 0
-90 91 -95 0
-80 -47 18 0
-68 -62 88 0
33 -57 62 0
70 84 -14 0
7 44 -20 0
-36 -92 41 0
30 58 8 0
38 59 73 0
-60 -4 -38 0
97 -88 -21 0
68 25 14 0
27 -5 -17 0
39 -37 -31 0
-29 -72 44 0
51 86 -91 0
52 -24 41 0
-75 90 -48 0
-12 -4 1 0
-73 39 15 0
-66 64 -5 0
-75 -22 -25 0
59 -33 -69 0
-37 -30 68 0
23 19 45 0
-33 73 -20 0
-38 49 -10 0
-17 -27 59 0
-17 -97 -45 0
91 -52 -9 0
-61 80 -56 0
-97 -54 75 0
-88 93 58 0
-80 -16 27 0
-39 27 53 0
2 8 -6 0
19 -74 40 0
60 -23 76 0
-74 -69 48 0
80 58 1 0
-27 65 -92 0
43 2 64 0
80 47 -93 0
18 85 64 0
-52 45 77 0
72 -1 -91 0
23 13 88 0
40 -19 61 0
-3 86 -79 0
-20 28 82 0
4 22 81 0
17 -18 30 0
-94 91 26 0
22 85 50 0
-81 -2 -70 0
-79 4 -17 0
-44 50 43 0
-1 91 -53 0
12 84 -90 0
-40 -96 62 0
-85 16 58 0
-6 96 -23 0
-2 -50 -41 0
23 -93 -89 0
19 -97 -47 0
-22 2 -4 0
11 -42 22 0
43 82 11 0
-22 46 -60 0
30 -15 88 0
49 61 -68 0
86 -89 -30 0
21 -2 10 0
-97 -51 -31 0
74 -87 49 0
-22 -35 36 0
30 -75 -64 0
29 84 -86 0
64 -95 57 0
-37 -6 -75 0
-5 -86 -34 0
-82 -4 74 0
-84 89 28 0
34 72 71 0
53 50 -29 0
-18 -51 47 0
72 30 -26 0
44 -6 93 0
-11 -55 -15 0
-74 61 -88 0
-71 -17 19 0
37 -32 15 0
-67 2 -24 0
96 45 -36 0
64 -63 85 0
-7 -20 -16 0
-93 27 79 0
14 -37 -91 0
-85 -47 -77 0
-10 74 52 0
18 -24 44 0
34 -19 -68 0
30 -79 -48 0
23 67 -63 0
93 -35 25 0
11 21 63 0
69 78 -97 0
-64 -2 -51 0
52 -38 -12 0
-79 -75 -62 0
-1 2 -86 0
-74 -72 -26 0
46 60 24 0
-81 -70 96 0
-11 -77 2 0
33 -97 49 0
-16 77 69 0
73 -70 81 0
-61 80 22 0
48 84 43 0
59 47 -48 0
-57 -66 -40 0
-63 -87 -17 0
-96 32 -77 0
-58 -10 11 0
8 23 -58 0
-89 30 37 0
84 -30 -9 0
-46 -24 21 0
-24 92 93 0
-68 9 -47 0
-12 13 -1 0
-77 39 29 0
19 84 52 0
-40 -42 88 0
51 19 18 0
8 14 54 0
-84 89 30 0
11 -87 47 0
-46 73 -3 0
91 62 -59 0
-93 30 -13 0
70 -57 -3 0
-92 88 -85 0
-47 -84 -37 0
-46 -56 31 0
67 -82 -15 0
14 52 88 0
66 -79 44 0
97 11 3 0
96 -5 -25 0
75 -25 -31 0
91 66 74 0
14 78 42 0
-81 86 -42 0
85 -13 -8 0
73 -53 56 0
62 -89 68 0
-3 96 -80 0
-58 -55 -27 0
-21 84 -68 0
25 -48 -6 0
72 81 -69 0
75 94 69 0
54 -59 -5 0
-34 -81 56 0
52 -43 -37 0
-13 -81 90 0
15 -64 -76 0
-38 -79 74 0
81 -48 -89 0
-2 26 -38 0
-63 59 -35 0
70 9 88 0
-82 -63 -17 0
75 -65 -7 0
81 65 62 0
66 -53 80 0
-57 19 10 0
74 -38 -71 0
61 -5 48 0
-3 -79 -44 0
-38 -46 -77 0
88 -75 -64 0
28 -96 18 0
-19 -56 -62 0
52 93 2 0
-5 -77 -35 0
4 -64 22 0
-65 93 -55 0
20 -69 -57 0
-80 -5 -17 0
-69 58 33 0
-70 -91 85 0
85 -40 -90 0
-68 73 -24 0
84 87 -97 0
79 25 -74 0
-56 3 -47 0
-31 -67 -55 0
-80 13 -32 0
-90 39 21 0
68 -54 -39 0
-51 83 10 0
-73 -97 -49 0
-31 93 67 0
92 74 61 0
20 64 -25 0
-29 25 -68 0
23 39 -95 0
9 34 15 0
48 87 -50 0
41 -61 42 0
-87 -6 21 0
36 -61 -92 0
-36 -65 -30 0
24 -70 16 0
94 -32 -77 0
55 -49 -7 0
63 -7 -55 0
38 -54 -75 0
11 92 78 0
45 -62 28 0
-85 47 11 0
92 -60 87 0
24 36 -38 0
88 -34 -58 0
7 -54 -31 0
-95 -20 28 0
4 -23 -43 0
-49 -82 -51 0
66 12 1 0
3 -54 30 0
-82 -62 25 0
6 26 -71 0
91 8 87 0
-79 23 61 0
48 -60 -79 0
-18 49 3 0
9 16 12 0
-83 -13 -46 0
-49 -71 76 0
-48 -41 68 0
48 25 -22 0
-54 81 25 0
-32 43 -46 0
-79 -69 -82 0
33 44 34 0
-54 -78 42 0
27 34 1 0
80 -92 44 0
-78 39 59 0
72 -7 -54 0
50 4 71 0
67 -57 5 0
10 -79 -7 0
-90 -92 -50 0
19 -64 -76 0
27 -95 17 0
-36 -35 94 0
14 37 -35 0
-28 -38 -33 0
13 21 -57 0
4 91 -70 0
-63 -20 -23 0
59 47 -14 0
-41 4 42 0
-10 55 61 0
32 49 9 0
-77 84 15 0
16 80 -96 0
-4 72 35 0
-11 89 -92 0
42 51 -30 0
78 -74 -64 0
8 25 72 0
-4 59 -51 0
48 70 -73 0
90 -76 -75 0
86 -16 71 0
95 72 51 0
-53 1 9 0
21 57 -82 0
84 11 66 0
65 -15 -35 0
88 -86 30 0
-51 44 72 0
32 -65 42 0
-49 -87 30 0
38 -97 -89 0
-30 90 -39 0
-76 -24 74 0
-48 71 56 0
5 34 24 0
-53 -79 -61 0
83 30 -95 0
-47 96 -5 0
90 91 78 0
72 -67 6 0
-78 -43 32 0
78 52 24 0
-73 -39 75 0
-37 95 63 0
-84 27 40 0
-76 30 -45 0
43 -13 -18 0
-48 -54 34 0
-62 -39 -87 0
31 -68 -5 0
92 42 -72 0
47 48 -68 0
-24 -15 27 0
45 -8 15 0
