p 42 178
-28 35 -10 0
-4 38 -24 0
-22 -36 19 0
38 22 18 0
23 19 -31 0
-28 12 33 0
21 -22 -35 0
-15 12 13 0
-37 -11 -28 0
-18 25 26 0
18 -33 14 0
-22 31 -9 0
2 -32 -5 0
33 9 -35 0
32 -22 12 0
16 -8 18 0
8 -6 35 0
7 -40 20 0
16 -22 32 0
36 40 4 0
12 38 31 0
40 -36 -9 0
42 -5 18 0
17 20 16 0
-26 -14 -24 0
23 25 -28 0
18 -30 12 0
-42 34 40 0
2 16 -9 0
5 -19 -10 0
42 -39 -24 0
19 -28 -17 0
-26 -21 12 0
11 3 -7 0
16 37 9 0
27 -36 -34 0
-34 -39 31 0
-35 36 -16 0
12 -33 -34 0
7 -1 -35 0
-35 -34 22 0
1 25 28 0
36 16 -11 0
14 18 27 0
-38 -35 -10 0
14 -27 28 0
16 31 -40 0
-33 24 -38 0
6 11 -10 0
-19 40 35 0
6 20 -3 0
10 19 9 0
38 36 23 0
-18 -33 -6 0
-5 35 42 0
6 40 -24 0
-5 -21 13 0
-37 -22 20 0
-5 -24 -32 0
14 4 -10 0
7 -27 -42 0
-12 8 -3 0
23 -7 -3 0
-21 17 -32 0
-8 -27 -22 0
-27 40 26 0
33 25 38 0
-16 -10 30 0
15 -6 9 0
-36 -40 25 0
-23 -5 15 0
35 13 40 0
10 -7 -5 0
-10 -21 -17 0
-25 20 -3 0
15 8 -27 0
-9 -3 38 0
34 -41 -16 0
12 11 34 0
34 -22 21 0
4 -2 -31 0
37 23 19 0
13 -2 39 0
-8 -40 24 0
-14 -15 41 0
-3 34 -28 0
-35 4 -15 0
-41 28 2 0
10 -30 9 0
37 20 1 0
-4 -7 34 0
-1 -12 21 0
21 5 24 0
4 -11 15 0
27 -17 -39 0
29 -36 41 0
34 -2 17 0
-9 -29 19 0
-15 29 3 0
31 -24 -30 0
-25 39 36 0
18 41 40 0
11 -14 -26 0
20 -11 5 0
36 -38 9 0
-25 -31 -39 0
-30 13 -28 0
-7 -29 -33 0
4 -25 -39 0
-33 -23 14 0
-31 -17 -22 0
21 -19 14 0
12 35 -28 0
38 31 25 0
-6 -33 -4 0
-2 32 -14 0
-10 27 34 0
9 1 22 0
11 -23 10 0
-38 -14 -18 0
-21 -34 24 0
-28 31 27 0
-31 2 -8 0
-30 38 -36 0
-11 -25 -39 0
18 5 3 0
-6 -28 32 0
-31 -16 8 0
-13 -11 -10 0
19 -27 -25 0
-2 10 24 0
36 -31 -22 0
10 -6 -14 0
5 26 25 0
-25 -39 4 0
-4 -38 20 0
33 -34 -25 0
3 42 8 0
-16 28 4 0
-14 -27 22 0
-7 42 6 0
17 -42 -26 0
41 18 7 0
29 -19 -36 0
2 42 19 0
-2 -39 40 0
29 -30 -32 0
15 12 10 0
7 -26 5 0
-29 -38 -17 0
-11 10 -37 0
20 -33 1 0
-32 -35 -4 0
33 25 -10 0
-26 -5 27 0
-22 -13 10 0
20 -25 -4 0
-7 -15 -10 0
12 -5 -17 0
16 1 -14 0
27 12 -42 0
-17 31 34 0
-17 10 8 0
-9 24 41 0
5 -25 -21 0
-41 -11 -36 0
1 -36 -34 0
19 -9 -17 0
-4 24 -25 0
-31 7 -12 0
-21 41 34 0
4 26 -13 0
36 -13 6 0
-29 11 -22 0
-4 15 -27 0
-4 36 -9 0
-8 12 -38 0
-40 32 -39 0
