p 85 362
-45 82 -71 0
3 -8 84 0
-31 76 4 0
50 32 31 0
64 -39 42 0
60 -69 18 0
-25 -47 -6 0
-44 -58 -16 0
-55 81 -36 0
-52 6 -40 0
-48 -64 38 0
6 -68 12 0
-65 83 -2 0
58 85 -73 0
53 29 61 0
80 81 16 0
-74 67 44 0
-9 71 12 0
-36 65 -72 0
40 57 -37 0
-40 11 68 0
15 16 -8 0
27 -59 18 0
3 -76 20 0
58 -15 -74 0
61 69 32 0
-7 55 50 0
63 65 -13 0
61 74 -9 0
74 67 10 0
30 -69 7 0
-63 85 81 0
-67 -9 73 0
32 -18 19 0
75 68 49 0
-58 -22 42 0
51 -39 -68 0
-43 25 -85 0
-36 -38 -74 0
-7 -85 64 0
-13 20 5 0
44 -39 13 0
-71 24 80 0
-33 -70 46 0
-12 70 73 0
-15 2 -34 0
-21 49 59 0
-3 81 9 0
15 1 -78 0
30 1 69 0
-78 28 -75 0
21 2 3 0
2 -53 -45 0
-46 52 39 0
41 35 3 0
10 53 19 0
-29 -82 63 0
-8 -34 -21 0
61 72 -16 0
51 65 -7 0
37 -32 -26 0
-40 1 -74 0
-48 18 -52 0
24 -78 -38 0
-66 -57 -30 0
25 -47 82 0
-15 -29 -74 0
-79 22 12 0
79 -67 21 0
-16 44 -36 0
-20 35 -74 0
-60 -83 -56 0
74 -33 9 0
-15 -45 3 0
-23 -71 -53 0
-78 85 -21 0
-76 50 -25 0
-14 -56 -3 0
52 -32 75 0
82 -80 -65 0
-64 55 67 0
50 21 48 0
-30 -72 -29 0
5 37 74 0
-74 -12 48 0
41 -77 -16 0
-2 82 -29 0
-84 16 -21 0
6 27 10 0
-12 -37 -59 0
-15 -63 -69 0
-54 -15 9 0
-84 65 12 0
-13 70 26 0
56 -41 -35 0
-40 -57 2 0
50 -40 38 0
-60 67 -9 0
-16 76 48 0
-21 17 -34 0
-40 13 54 0
50 -82 -19 0
-32 25 -54 0
70 -33 -4 0
77 54 83 0
18 21 -72 0
-45 63 7 0
-25 84 -23 0
4 45 -26 0
59 -24 -1 0
-29 -63 -36 0
55 -2 52 0
35 47 25 0
-28 3 22 0
-54 -81 -47 0
-58 -67 30 0
30 36 -74 0
-18 -38 -72 0
-14 58 1 0
34 -42 -51 0
-9 59 -17 0
72 -81 -11 0
23 32 11 0
-56 80 -12 0
-71 40 -77 0
76 56 48 0
-73 -62 -47 0
70 -61 -33 0
19 71 -77 0
-21 9 -22 0
32 39 64 0
59 -22 56 0
3 30 71 0
4 34 81 0
78 58 -31 0
-82 36 -71 0
-70 84 -57 0
-53 32 -82 0
-56 33 48 0
53 -29 25 0
-12 -72 -54 0
72 71 -67 0
69 57 -5 0
-45 15 -14 0
43 4 78 0
60 -62 25 0
-48 -26 33 0
36 -57 -70 0
-18 -58 79 0
-52 7 -10 0
79 34 50 0
52 -57 -59 0
-6 5 76 0
-14 -84 75 0
-37 -34 -82 0
-7 -52 -46 0
3 -18 -12 0
-82 -81 -21 0
73 -4 -24 0
-75 -57 2 0
65 -59 42 0
29 -30 -4 0
-77 -68 -13 0
49 -75 -82 0
65 73 -82 0
-79 -81 2 0
-62 9 61 0
85 2 5 0
25 15 -6 0
-55 -58 34 0
5 57 -78 0
-22 -1 45 0
83 62 -84 0
67 19 -46 0
-44 -43 15 0
-17 -78 43 0
45 -6 -85 0
68 -6 26 0
34 85 76 0
45 -53 -71 0
33 -82 18 0
15 -40 61 0
-71 33 -85 0
-43 -48 76 0
66 -26 64 0
3 83 -58 0
72 68 -32 0
7 44 -80 0
-26 -11 39 0
-36 -31 -8 0
35 -52 68 0
83 -4 3 0
25 77 3 0
-40 -22 -50 0
55 56 52 0
-65 -15 8 0
21 40 31 0
-31 -56 44 0
-11 -57 25 0
-78 66 15 0
-65 -23 46 0
-75 -23 79 0
12 42 -40 0
-62 -81 10 0
48 -84 78 0
-36 72 21 0
-81 -27 57 0
-54 85 58 0
62 -28 -38 0
-63 -11 -5 0
-12 22 49 0
30 12 -39 0
-41 -37 80 0
-38 -11 -75 0
-79 3 -60 0
-41 74 84 0
-23 -10 -75 0
-49 82 -55 0
47 -14 72 0
-18 19 8 0
36 -18 4 0
56 -24 33 0
-26 -57 62 0
-50 -6 64 0
14 -19 -38 0
-22 6 -15 0
28 80 58 0
-44 49 42 0
35 -68 -84 0
-85 35 -61 0
-34 30 81 0
-46 -44 -12 0
5 -72 18 0
-34 2 26 0
-73 -83 -20 0
55 36 -48 0
-24 26 -12 0
-47 65 54 0
-62 -67 -44 0
-27 -28 -70 0
23 7 51 0
76 19 -66 0
52 -41 69 0
-46 37 -25 0
3 -10 -75 0
-20 -28 56 0
40 -30 58 0
71 85 -36 0
61 -2 35 0
-39 -72 -27 0
24 45 -35 0
14 65 -29 0
-54 -82 -17 0
3 -32 -22 0
-49 -39 -43 0
70 -38 51 0
-27 -71 -85 0
11 -12 82 0
-18 -37 -33 0
75 12 -43 0
-26 60 -19 0
84 -61 11 0
1 -66 -77 0
30 -54 20 0
-6 35 -82 0
-73 -75 18 0
20 14 1 0
-69 -20 -60 0
-80 -50 -24 0
-53 81 47 0
-79 3 45 0
76 67 18 0
58 83 -35 0
14 57 75 0
45 44 -81 0
80 -19 53 0
-31 67 -6 0
-62 -49 11 0
8 63 -22 0
-73 57 -6 0
-72 -13 -58 0
17 -36 -60 0
-5 -69 -67 0
-55 -30 85 0
-27 4 53 0
-66 25 -55 0
79 43 -54 0
80 -30 79 0
70 62 37 0
30 11 -46 0
35 -64 -66 0
-65 67 -38 0
-32 -53 -54 0
-49 -11 -32 0
42 39 68 0
51 -28 -68 0
29 -30 68 0
18 41 73 0
68 -72 3 0
-71 -45 -27 0
76 28 -51 0
53 -3 -69 0
-68 -73 49 0
63 34 35 0
23 4 -64 0
58 66 -1 0
-5 -32 -1 0
-63 -84 -43 0
-45 2 18 0
62 13 66 0
80 -36 -85 0
33 6 75 0
34 -18 -15 0
-45 21 10 0
80 -76 83 0
81 73 -60 0
-30 35 4 0
-48 -58 45 0
17 -42 -26 0
-8 -27 -50 0
-61 83 -2 0
28 -75 47 0
-21 65 39 0
24 49 -48 0
63 44 69 0
-51 -74 13 0
-43 9 -11 0
70 77 -53 0
-75 -48 -39 0
51 3 -54 0
-5 80 -20 0
-11 -61 -2 0
57 -74 14 0
24 -60 -84 0
77 12 66 0
-51 -82 20 0
-51 -64 14 0
28 46 -34 0
71 4 -6 0
62 -84 -74 0
-5 -50 28 0
30 -47 59 0
-71 1 -54 0
61 -49 70 0
-15 73 36 0
-8 -50 51 0
-1 80 -12 0
29 -10 -72 0
6 34 43 0
-7 -1 59 0
56 -16 -60 0
-6 -81 -27 0
19 -43 -4 0
79 13 -55 0
55 23 -70 0
-2 57 43 0
-84 14 -24 0
-60 -10 78 0
-3 -66 34 0
-77 23 28 0
-83 -55 4 0
-44 -82 -54 0
