p 60 255
-44 29 -51 0
44 -31 -12 0
19 -5 -49 0
29 -41 -47 0
-36 34 -48 0
1 43 25 0
3 28 -49 0
-37 36 33 0
2 11 -18 0
-39 -33 -11 0
16 -18 -36 0
57 -17 -36 0
37 7 -10 0
-9 -7 15 0
52 27 47 0
-8 -52 22 0
12 54 36 0
-53 -44 -49 0
-44 35 -58 0
-30 -10 53 0
46 8 -44 0
-57 54 17 0
58 -57 -4 0
26 -19 21 0
31 -60 35 0
-24 -43 -29 0
57 36 1 0
59 -37 -10 0
-47 -51 -30 0
3 -39 40 0
-30 -43 -24 0
-35 -12 33 0
43 -15 54 0
19 55 28 0
-12 -19 8 0
6 -34 -7 0
18 4 9 0
-50 10 54 0
-46 57 6 0
-50 30 -22 0
-22 1 -7 0
-38 8 -2 0
56 20 -8 0
54 -6 -4 0
43 13 44 0
38 -18 19 0
12 -2 10 0
-29 -1 7 0
-53 56 59 0
-14 55 -26 0
-11 -52 -9 0
-16 -18 51 0
-18 38 -14 0
-9 13 15 0
-22 -60 23 0
12 -32 24 0
-31 -7 1 0
-57 3 -7 0
-37 29 -4 0
-11 -45 44 0
-59 18 13 0
-32 -17 -10 0
28 22 6 0
18 -16 -21 0
-39 -4 40 0
-47 50 27 0
-17 -14 21 0
-46 -29 -58 0
-5 -16 -49 0
-57 31 35 0
-23 -46 -14 0
-31 -12 -55 0
-53 -10 43 0
9 -46 52 0
-45 40 -6 0
7 -53 17 0
8 -49 -6 0
-52 23 -18 0
-3 28 -32 0
-50 -13 -53 0
-21 -1 -14 0
57 21 56 0
3 -49 54 0
-52 -49 60 0
44 22 25 0
8 -1 -19 0
-27 -53 -18 0
12 -59 45 0
-53 43 13 0
6 53 -59 0
20 -25 51 0
-32 -16 45 0
51 1 7 0
3 -10 28 0
1 41 -22 0
-47 -9 -11 0
-49 34 40 0
-3 -28 30 0
13 -25 46 0
40 21 18 0
-24 42 14 0
36 -55 2 0
1 2 25 0
2 14 -12 0
52 -41 -60 0
-53 -7 -15 0
23 -55 46 0
-26 -34 22 0
-9 -36 -58 0
26 -21 -60 0
37 -53 -51 0
-23 12 -35 0
-38 29 -6 0
-5 21 44 0
19 -28 14 0
-48 40 14 0
-17 -48 -53 0
-8 -23 13 0
10 60 15 0
25 -20 36 0
55 -21 35 0
35 -47 -50 0
-48 -34 -18 0
14 -50 30 0
18 56 -44 0
-27 -46 -14 0
57 45 -2 0
-59 60 2 0
27 30 -28 0
54 27 42 0
21 17 32 0
-13 8 46 0
-33 43 -42 0
13 -56 -53 0
23 -2 -21 0
-60 50 -35 0
-25 21 -17 0
48 40 5 0
-9 -31 17 0
-45 32 48 0
-20 -51 60 0
4 52 -54 0
-50 43 -30 0
47 -22 5 0
-17 46 -45 0
59 33 -16 0
-20 -44 57 0
15 -38 -31 0
-7 -5 50 0
8 60 58 0
-24 36 10 0
-46 14 53 0
40 15 -3 0
-55 -56 29 0
33 3 9 0
60 44 -9 0
-31 58 22 0
50 46 25 0
-17 1 -46 0
-37 -25 -45 0
-26 30 55 0
-28 -59 45 0
45 51 57 0
-16 39 49 0
29 47 -36 0
-50 -48 52 0
8 -43 -20 0
28 46 44 0
30 48 -10 0
-55 4 13 0
28 -49 -11 0
-56 59 46 0
25 49 14 0
30 39 -2 0
36 -56 33 0
59 -33 50 0
-42 52 -33 0
-59 31 -14 0
-18 -14 -8 0
-16 -53 3 0
-44 4 54 0
50 -39 -53 0
15 -57 51 0
-51 -46 37 0
-19 14 45 0
51 27 -47 0
30 7 -49 0
36 -19 -22 0
27 6 17 0
53 -8 5 0
32 -36 -10 0
-28 17 15 0
9 30 -50 0
-35 5 52 0
23 54 41 0
-10 16 59 0
-3 -48 19 0
-17 -34 -2 0
-18 39 -34 0
-51 25 -33 0
20 -8 -25 0
47 -27 -12 0
-6 55 -47 0
37 -51 52 0
-10 -20 -53 0
35 41 42 0
32 8 15 0
12 -27 60 0
52 -49 41 0
-43 3 51 0
-44 57 -35 0
60 35 -27 0
-47 -35 -17 0
11 9 42 0
-59 -17 54 0
-33 51 -9 0
53 -41 38 0
-54 -32 -21 0
-20 -7 -6 0
60 -53 -55 0
-10 45 52 0
16 -35 -48 0
16 21 28 0
35 15 37 0
2 -14 51 0
2 27 -52 0
14 -40 27 0
-13 -11 -1 0
-26 -25 -27 0
-58 53 22 0
48 34 -41 0
-4 50 -14 0
-26 -34 -10 0
-50 -48 -15 0
60 -45 47 0
12 -1 -15 0
13 25 -4 0
-17 -41 -55 0
-25 -19 43 0
-27 -28 -2 0
-37 -1 58 0
-53 46 -9 0
36 41 55 0
43 -54 31 0
-28 -18 -45 0
-13 14 -34 0
51 -44 -30 0
30 60 47 0
-12 -3 26 0
21 -5 44 0
-22 4 -57 0
-39 -17 40 0
15 -50 -26 0
-17 22 -33 0
2 46 -32 0
