p 23 97
-11 6 13 0
3 -8 20 0
7 -23 -4 0
-9 -18 2 0
-13 -16 -14 0
-11 -19 2 0
10 -8 22 0
21 20 23 0
-19 -22 -10 0
-23 -11 -1 0
-19 12 21 0
-7 -12 -11 0
-16 11 -4 0
-9 19 -23 0
20 23 9 0
21 2 18 0
-7 19 -17 0
15 -11 2 0
-14 -23 8 0
-2 4 18 0
8 14 -3 0
4 -22 21 0
-19 -8 -20 0
-18 -19 3 0
-16 -1 -9 0
20 -17 14 0
-11 22 16 0
-15 -21 -5 0
-6 -23 2 0
-18 2 -15 0
11 -3 -2 0
-6 14 -3 0
16 -5 14 0
-20 -19 -18 0
14 2 10 0
-1 -22 3 0
7 -10 23 0
-9 6 -21 0
8 20 16 0
-20 22 18 0
-3 -17 2 0
9 -11 -15 0
23 11 20 0
-23 8 -7 0
14 -3 7 0
12 -17 -19 0
21 3 4 0
-16 -14 2 0
-18 -5 -21 0
-17 19 -1 0
3 15 13 0
18 12 21 0
-6 -4 19 0
13 -14 18 0
18 21 5 0
2 1 -8 0
11 -7 -16 0
8 22 13 0
3 -17 -10 0
-18 -5 -17 0
-8 -15 -22 0
11 -18 4 0
-19 -1 10 0
-4 6 -21 0
13 -7 -11 0
-23 1 -16 0
13 21 -5 0
2 -9 -4 0
-15 13 22 0
-3 7 -4 0
18 4 2 0
12 14 5 0
14 -5 -2 0
3 -23 14 0
6 -10 -21 0
-1 3 -2 0
5 -6 18 0
-14 21 -18 0
-15 -10 6 0
-13 -1 -11 0
-20 8 1 0
15 -11 10 0
20 12 -16 0
-10 -1 6 0
-16 14 18 0
-18 15 21 0
18 11 -17 0
-16 10 14 0
-1 2 10 0
-7 3 -13 0
-16 1 -9 0
13 19 6 0
-20 18 -7 0
3 -4 -20 0
-11 -19 20 0
15 -22 21 0
-20 21 -19 0
