p 64 272
62 6 32 0
58 -1 -6 0
47 -34 26 0
10 -22 -8 0
14 11 21 0
-45 13 4 0
54 2 34 0
-46 -13 39 0
57 -21 15 0
13 -59 -46 0
-31 34 11 0
2 25 -51 0
-52 17 -55 0
26 -38 -52 0
-9 50 22 0
-20 -15 23 0
-26 14 20 0
40 -28 -42 0
-22 4 -36 0
-59 -24 13 0
62 13 -30 0
21 45 -52 0
53 -64 17 0
-46 2 40 0
7 -32 47 0
-10 53 36 0
26 -63 37 0
-19 55 35 0
-10 5 33 0
11 -56 1 0
26 -58 21 0
-39 28 21 0
-14 51 -62 0
14 45 2 0
-33 21 -25 0
25 -37 -15 0
-41 -52 59 0
-45 39 -52 0
21 -5 -56 0
-22 28 -25 0
-1 60 -16 0
28 52 -25 0
-59 -27 -32 0
-9 17 7 0
-25 21 42 0
-31 -50 -27 0
22 60 13 0
-42 -25 18 0
-54 -1 36 0
-51 -33 52 0
22 -11 -55 0
22 49 23 0
-45 -1 14 0
-31 -22 -48 0
49 45 -19 0
-45 8 42 0
57 25 -29 0
25 20 -33 0
6 24 -39 0
58 -56 24 0
12 -63 39 0
22 47 -54 0
-29 -19 -13 0
38 13 -47 0
58 3 -4 0
-37 -61 -28 0
-27 -16 41 0
-23 -25 -47 0
-24 10 36 0
35 -8 6 0
43 -10 8 0
43 15 -60 0
39 -58 -2 0
34 20 -25 0
-18 34 20 0
-43 47 -53 0
29 31 53 0
-51 7 -4 0
37 46 -60 0
-33 -60 -30 0
12 34 -37 0
-4 -56 17 0
-12 60 28 0
49 53 -28 0
-6 -27 51 0
31 -18 -22 0
46 -25 18 0
42 62 -43 0
-8 30 24 0
-16 19 -59 0
54 24 -13 0
15 18 -21 0
-32 -58 11 0
-46 24 32 0
51 28 -41 0
-48 -40 3 0
60 -13 1 0
60 -26 -39 0
61 -45 44 0
-25 60 26 0
-30 40 -15 0
56 -15 18 0
22 6 -60 0
13 -1 -50 0
-64 22 14 0
18 31 -60 0
-15 5 -29 0
2 -59 -25 0
53 26 37 0
-48 45 8 0
24 41 -4 0
44 37 -42 0
39 26 19 0
-52 -48 -6 0
-11 26 5 0
-54 22 47 0
57 30 46 0
35 -39 41 0
-5 49 -29 0
-19 42 -52 0
-18 33 -8 0
59 18 25 0
50 -61 29 0
63 -11 25 0
-12 62 -27 0
1 -62 -33 0
58 -45 37 0
62 -56 -34 0
8 -2 -7 0
37 -9 50 0
62 -4 34 0
-23 -57 27 0
-7 36 44 0
-36 -22 -12 0
-43 38 -40 0
-53 7 -28 0
-16 59 -26 0
52 -11 -28 0
-25 46 -59 0
6 -44 40 0
-58 -49 -12 0
-38 50 59 0
33 51 53 0
41 -63 -58 0
-5 -1 -7 0
25 -54 42 0
34 -43 -51 0
20 61 32 0
-6 57 -12 0
31 -34 -59 0
-16 -36 15 0
-32 -36 -55 0
-28 -21 4 0
18 -12 38 0
-33 46 54 0
1 -38 -13 0
-19 -30 16 0
60 27 42 0
36 34 -63 0
-32 40 -55 0
-39 24 -61 0
-14 -9 -28 0
56 -50 -25 0
-46 32 52 0
47 43 -37 0
54 38 -15 0
-9 -17 -42 0
37 -8 -26 0
-40 -17 20 0
51 -29 -41 0
-49 62 -43 0
10 -45 -63 0
1 23 -21 0
28 -45 -11 0
-49 -4 -9 0
-38 53 13 0
50 11 -51 0
-13 35 41 0
56 -36 -33 0
64 22 16 0
-46 53 19 0
-59 -42 -24 0
27 43 -55 0
-35 -33 48 0
16 -3 -33 0
24 3 -10 0
-64 45 -34 0
62 28 10 0
11 27 29 0
-25 27 63 0
48 -2 14 0
60 18 -29 0
-46 44 -19 0
43 64 -11 0
43 -12 7 0
53 44 49 0
45 40 -60 0
59 -16 50 0
48 -62 8 0
-54 -43 -22 0
52 -19 2 0
-5 -10 -60 0
31 -53 -27 0
1 34 26 0
23 -33 -56 0
31 27 -37 0
-4 -21 -6 0
51 55 44 0
40 -48 -51 0
-39 -36 -60 0
-37 -58 -35 0
-45 55 -27 0
55 -53 -19 0
-64 -58 44 0
9 10 -64 0
34 64 -52 0
40 16 21 0
55 -40 22 0
36 30 5 0
23 -15 -32 0
-48 -22 -34 0
-64 -2 -47 0
15 50 -28 0
-11 19 -40 0
38 19 5 0
17 43 -33 0
-19 -41 42 0
-57 55 58 0
-56 -6 -15 0
45 -27 5 0
29 -42 -43 0
-64 -28 25 0
27 15 21 0
-44 -64 32 0
8 -4 11 0
-55 -3 1 0
-55 53 48 0
-16 -20 64 0
-13 -56 -44 0
-34 -59 -17 0
64 -50 53 0
-43 34 -54 0
37 30 59 0
11 -4 35 0
-53 -41 -16 0
-27 52 2 0
56 -22 53 0
-56 -46 57 0
28 19 25 0
-52 39 -31 0
34 48 -47 0
-44 -54 35 0
-48 62 56 0
-54 11 4 0
-42 -60 35 0
35 26 -62 0
-10 -20 -38 0
15 -35 59 0
38 -54 -45 0
-63 4 -22 0
-21 9 62 0
-37 -2 -27 0
59 18 23 0
-23 3 60 0
-35 49 57 0
5 -56 -53 0
-7 32 22 0
-35 -41 3 0
-30 64 -60 0
49 -51 -10 0
59 -26 39 0
-54 -20 -35 0
