p 37 157
18 -14 -30 0
17 24 7 0
9 -16 18 0
14 -25 -2 0
-5 17 -11 0
-9 -5 -23 0
-9 -35 -25 0
5 -36 28 0
18 -9 19 0
22 25 -6 0
9 -10 34 0
-1 16 6 0
34 3 14 0
5 27 -13 0
20 -28 -17 0
28 -2 -29 0
34 29 36 0
-3 10 -9 0
11 -31 -20 0
-10 37 7 0
10 -32 -14 0
-1 23 9 0
3 -30 -18 0
-11 -10 -14 0
13 -27 30 0
8 1 -14 0
-36 -1 -12 0
10 -18 33 0
-37 -20 -24 0
-23 -19 -16 0
-2 -19 17 0
27 -18 36 0
-12 14 -35 0
22 26 2 0
-2 -4 31 0
-4 -3 28 0
16 22 -32 0
35 18 -26 0
32 -5 -27 0
27 2 11 0
2 -6 -29 0
28 -26 20 0
14 23 -27 0
-15 32 5 0
-13 -12 -3 0
35 32 1 0
23 28 -33 0
-31 20 -36 0
33 -11 -20 0
27 37 16 0
26 -14 -32 0
25 29 5 0
-1 -9 -27 0
4 37 8 0
-36 16 -2 0
-23 11 -18 0
-11 -34 -21 0
-8 15 -27 0
27 14 11 0
8 4 -37 0
-18 -6 -7 0
30 -7 24 0
-10 -1 -31 0
25 5 20 0
4 2 -36 0
9 26 -4 0
30 15 -32 0
-27 -5 -30 0
-26 23 14 0
-25 18 27 0
-21 -31 5 0
-6 -1 -9 0
-2 15 -24 0
23 36 6 0
15 12 1 0
-31 5 -14 0
36 -24 2 0
-2 33 -35 0
26 -7 27 0
1 27 4 0
18 7 -25 0
-27 22 31 0
25 1 -21 0
1 28 33 0
20 -28 21 0
-35 -16 11 0
5 34 18 0
-37 -31 -12 0
-27 -2 16 0
-1 -30 -14 0
-32 14 1 0
30 -31 25 0
-37 -32 3 0
2 13 3 0
-11 34 14 0
17 31 33 0
-16 33 30 0
-1 9 11 0
-35 24 7 0
18 26 31 0
-17 -14 7 0
-26 -36 -4 0
16 -27 -21 0
-21 14 -25 0
8 28 21 0
-17 19 -20 0
-8 -23 28 0
-24 -19 -28 0
36 -1 24 0
-33 -5 -10 0
34 32 15 0
14 -18 -37 0
5 -14 -19 0
31 22 -4 0
15 -24 -28 0
-23 19 -15 0
6 8 29 0
-18 28 23 0
22 4 25 0
-27 9 -7 0
16 -31 33 0
13 19 22 0
16 35 30 0
12 -19 20 0
10 2 34 0
22 -1 -6 0
27 -20 -30 0
17 22 -30 0
-11 -31 -28 0
-10 -7 24 0
-19 20 -27 0
29 5 4 0
-31 36 16 0
-36 27 -19 0
-21 -5 3 0
17 26 -3 0
-7 -37 22 0
-25 11 34 0
27 35 5 0
-26 -37 -16 0
-25 8 -36 0
12 -10 37 0
-34 -11 -25 0
-6 31 -16 0
-8 -35 18 0
5 -12 30 0
-26 1 15 0
-13 -27 12 0
33 -35 30 0
16 26 12 0
-26 32 30 0
-25 37 -23 0
9 -6 14 0
-6 -27 -15 0
11 -15 -8 0
36 5 26 0
11 -21 -30 0
