p 78 332
3 -46 59 0
29 -42 76 0
73 59 48 0
-63 -39 21 0
-78 47 44 0
-54 46 4 0
-64 -49 -62 0
-32 -2 -66 0
-27 -46 4 0
13 23 -69 0
-23 -11 33 0
-78 19 -74 0
-56 44 2 0
-57 64 58 0
-17 67 53 0
-28 -48 61 0
7 -27 68 0
18 77 -67 0
-50 -74 75 0
-75 5 23 0
-61 -71 68 0
56 -11 27 0
28 40 -21 0
68 -13 39 0
24 12 8 0
78 -42 -40 0
55 -47 77 0
75 -7 -35 0
-75 71 29 0
-5 52 -9 0
-43 -20 -54 0
-69 26 18 0
29 -24 -38 0
-61 -16 -53 0
-44 -47 -6 0
48 77 -57 0
35 6 43 0
68 -28 -31 0
69 -72 -50 0
-41 53 -23 0
-47 -70 -36 0
-42 -13 -72 0
22 -71 -68 0
14 20 -1 0
11 -71 -49 0
-70 -58 21 0
-49 -78 54 0
-40 -77 20 0
-75 77 46 0
39 -48 43 0
-48 78 24 0
9 65 33 0
-40 36 20 0
10 -5 21 0
-51 5 59 0
-51 -62 32 0
54 66 48 0
72 16 -19 0
59 -45 27 0
34 24 77 0
39 24 -8 0
-20 2 -71 0
14 65 -6 0
-14 -34 23 0
-53 35 -63 0
10 28 31 0
17 -9 2 0
62 -40 17 0
-1 -69 -52 0
47 -42 44 0
1 62 -2 0
32 -24 61 0
-76 -56 50 0
-78 -35 -44 0
68 -32 46 0
-58 -51 23 0
-22 52 -43 0
60 -42 29 0
53 7 -26 0
-61 67 12 0
-3 29 -33 0
34 57 55 0
51 9 -23 0
12 1 -58 0
-58 -35 -2 0
73 39 14 0
-56 13 16 0
-74 -21 33 0
-15 12 23 0
10 -12 -50 0
-20 -39 7 0
62 -61 64 0
-69 -41 -13 0
44 15 68 0
-21 -66 1 0
-58 35 21 0
70 17 -15 0
-8 -20 -30 0
-46 -64 -57 0
10 -5 55 0
62 36 -78 0
-71 -17 3 0
-53 -71 -35 0
29 -51 78 0
74 18 22 0
-32 -4 -48 0
71 -40 -68 0
-29 18 14 0
-61 23 -62 0
-37 21 -56 0
-47 -77 -5 0
19 -28 -5 0
76 -21 -50 0
21 -32 59 0
23 -74 -3 0
69 -52 14 0
12 21 30 0
56 -35 6 0
17 9 -57 0
-74 -37 69 0
24 -37 -17 0
28 -48 40 0
33 -15 52 0
16 14 -3 0
-59 -3 30 0
-76 11 40 0
-70 -22 -54 0
14 60 -76 0
38 49 46 0
46 16 -57 0
53 -42 -18 0
24 10 -42 0
-23 -68 -10 0
39 -49 65 0
-27 78 23 0
-58 71 -68 0
-41 77 21 0
43 42 -6 0
-40 -50 -27 0
15 -67 -18 0
-12 66 -20 0
-58 52 -63 0
73 -66 18 0
-18 -77 45 0
-7 -63 -74 0
23 -43 6 0
-55 50 7 0
-35 25 -29 0
-8 61 -3 0
-1 -34 26 0
71 -54 51 0
41 66 55 0
50 -76 -18 0
-53 -18 24 0
-10 -72 -64 0
73 -41 -76 0
70 -76 -29 0
-62 25 -7 0
3 62 56 0
75 47 66 0
28 -9 39 0
50 -16 -36 0
-63 42 49 0
59 21 61 0
-63 21 -12 0
-45 42 39 0
3 8 -71 0
-39 -36 68 0
-66 56 -5 0
1 14 -20 0
-60 -48 -3 0
-2 -70 -53 0
3 73 56 0
-28 -58 -68 0
43 78 -8 0
-78 -20 47 0
13 50 69 0
-63 39 -20 0
25 22 -57 0
2 -66 -59 0
29 39 38 0
-35 -69 -59 0
-26 -38 -27 0
-44 11 34 0
40 3 -56 0
19 -14 -21 0
35 -12 -16 0
9 75 54 0
-58 72 -25 0
63 23 53 0
-11 -41 -29 0
-12 -68 -4 0
36 70 -49 0
-17 3 68 0
29 -36 -31 0
42 -35 -16 0
78 1 77 0
37 -2 3 0
42 51 -14 0
77 -63 52 0
9 32 -33 0
-5 54 -8 0
-58 15 -71 0
-78 -24 -74 0
-33 15 -54 0
24 26 59 0
31 -24 -30 0
-24 65 -36 0
-17 7 77 0
54 -64 -20 0
46 8 38 0
-24 34 44 0
-3 -42 -51 0
-65 -48 7 0
-31 63 68 0
-16 -47 5 0
-75 64 -73 0
10 69 -58 0
56 -55 -5 0
37 -65 73 0
-49 35 57 0
35 -44 9 0
-44 57 -21 0
28 -55 5 0
60 -49 48 0
62 -26 46 0
44 78 51 0
25 15 21 0
-48 -5 -78 0
-13 -27 -10 0
13 28 -56 0
51 -54 77 0
-49 -34 -7 0
17 50 78 0
30 -49 48 0
-48 -69 8 0
50 23 36 0
-70 -1 16 0
-74 -63 28 0
-56 39 -78 0
17 -44 -28 0
49 -11 -40 0
1 -52 -51 0
42 -44 -69 0
3 -52 61 0
-51 -71 -77 0
47 66 50 0
-50 -18 49 0
57 -8 -47 0
23 -44 -68 0
-11 -66 -55 0
41 -39 46 0
44 25 71 0
-2 21 -52 0
-1 53 -68 0
-61 -25 -18 0
45 31 39 0
-29 -12 35 0
9 -64 -14 0
-52 64 -48 0
-45 -72 -75 0
-67 75 -23 0
-21 70 52 0
6 38 -25 0
-44 -11 -72 0
-8 -41 -25 0
-74 -69 70 0
47 -78 -33 0
76 -12 -64 0
9 28 -58 0
67 78 24 0
-26 -53 4 0
71 -30 -37 0
35 69 -73 0
-18 -28 11 0
-62 2 14 0
-75 50 22 0
50 -38 67 0
-4 -66 -6 0
27 -25 40 0
10 58 -1 0
40 -44 57 0
70 24 -34 0
-49 -45 -35 0
18 -33 61 0
3 -19 54 0
25 -73 58 0
-51 59 50 0
37 20 30 0
30 75 -19 0
-48 67 18 0
-29 43 78 0
59 27 41 0
22 -52 45 0
-20 60 -65 0
22 -41 42 0
73 -39 28 0
-34 -61 58 0
26 -44 -34 0
14 -43 54 0
74 -2 -18 0
45 -48 -55 0
-10 22 -57 0
50 -59 63 0
37 52 78 0
-51 53 63 0
-44 -22 -61 0
50 31 61 0
44 10 -66 0
-63 -46 -13 0
-4 -6 63 0
-5 16 -37 0
72 -46 51 0
61 5 19 0
9 22 -75 0
52 42 -40 0
-63 48 -15 0
38 78 24 0
-69 20 31 0
9 53 -60 0
-66 -23 -46 0
-59 56 -23 0
1 16 57 0
-10 52 -54 0
-28 59 1 0
15 -50 -66 0
37 4 70 0
-69 -54 35 0
68 15 10 0
63 -20 74 0
3 7 28 0
7 55 41 0
