p 66 281
38 -22 -65 0
64 24 -43 0
-11 -35 -9 0
-32 31 -48 0
-46 -48 21 0
57 -65 -22 0
32 25 -49 0
66 -34 -21 0
-57 -38 36 0
14 55 18 0
29 -44 -28 0
-15 13 60 0
11 -49 -38 0
53 16 40 0
54 14 30 0
37 -14 -24 0
33 -37 32 0
54 -5 -63 0
-16 40 11 0
-48 2 65 0
-21 -44 -16 0
-50 5 36 0
-60 -11 -50 0
39 -54 -12 0
-59 21 55 0
20 55 15 0
-9 12 16 0
6 38 29 0
40 -7 -11 0
25 50 -20 0
27 29 -44 0
38 -65 32 0
11 -15 -32 0
-21 23 -54 0
-44 24 -65 0
-43 -37 -65 0
42 17 18 0
-49 -57 19 0
-5 -52 -1 0
-1 -61 -22 0
11 -48 35 0
-1 22 -61 0
-66 -45 -35 0
-37 -15 -20 0
39 -31 -61 0
9 33 -18 0
-38 -36 39 0
59 -34 -53 0
16 15 -66 0
-49 3 7 0
52 -34 -27 0
-32 -65 7 0
6 -2 42 0
62 1 12 0
12 47 -65 0
-49 1 29 0
-27 -50 -43 0
44 57 -55 0
30 -50 12 0
5 9 56 0
-51 -53 19 0
-6 -57 42 0
30 -53 -23 0
-38 -44 -41 0
-50 -13 -6 0
50 -62 -4 0
30 -43 -25 0
-21 46 54 0
31 34 54 0
10 59 -9 0
66 57 58 0
-1 3 -27 0
40 -31 -13 0
-4 -7 -60 0
14 10 -6 0
-55 41 -62 0
-7 -44 -35 0
49 25 -20 0
63 11 37 0
4 35 -22 0
18 65 -61 0
-58 -64 56 0
-24 47 -64 0
-15 43 -34 0
-1 -38 -41 0
7 -1 20 0
-29 18 59 0
-63 35 -24 0
27 15 -43 0
17 56 -23 0
55 -49 -1 0
18 -33 55 0
-59 26 -22 0
-7 -46 11 0
35 -2 -65 0
-21 20 -7 0
58 12 -16 0
31 -19 46 0
-22 41 -13 0
52 -40 -64 0
-37 -10 -23 0
48 7 43 0
51 15 14 0
-9 -25 20 0
-48 -61 -57 0
39 -34 4 0
-53 -17 6 0
65 32 -56 0
50 28 -27 0
59 -60 33 0
-44 -52 64 0
4 50 62 0
47 61 -4 0
-15 -52 40 0
26 49 -37 0
-43 -56 -32 0
-3 33 -58 0
23 32 -55 0
-37 8 -39 0
4 35 -17 0
-36 49 65 0
29 18 38 0
21 20 -7 0
60 -29 -38 0
-66 62 -55 0
27 64 15 0
-59 -46 -3 0
-24 51 53 0
-64 -38 44 0
-28 -12 -29 0
34 52 54 0
-48 19 -2 0
-66 -62 60 0
-9 35 -16 0
15 52 50 0
-15 -38 -20 0
-35 -58 9 0
-20 35 9 0
-22 40 -60 0
6 36 8 0
1 66 30 0
40 -47 -55 0
45 -36 4 0
31 17 -32 0
-56 -40 27 0
-59 6 -64 0
-55 42 1 0
-13 26 -41 0
51 14 31 0
45 50 55 0
-8 34 15 0
-3 -62 24 0
-28 14 -40 0
48 52 61 0
-20 9 24 0
-57 -62 28 0
-60 -32 -34 0
4 -36 10 0
-37 65 -59 0
30 50 -32 0
-38 4 30 0
13 30 44 0
-50 -31 -25 0
65 58 -19 0
53 -42 11 0
53 -51 -60 0
19 65 15 0
-21 -8 -29 0
-20 -35 -18 0
-25 38 -58 0
24 -26 -49 0
-10 8 -22 0
52 -58 -17 0
11 -35 65 0
64 -65 13 0
-16 -50 -7 0
-10 -16 32 0
-28 -46 -9 0
6 24 64 0
-18 -61 5 0
49 27 17 0
48 -39 -25 0
-22 -1 6 0
64 -16 12 0
-3 37 13 0
-39 -21 -62 0
40 43 -8 0
-53 66 -15 0
-29 17 47 0
-7 -22 42 0
-47 45 -27 0
8 11 -15 0
19 61 -43 0
64 -43 -34 0
-66 -41 -34 0
-25 -28 -62 0
-13 -66 -15 0
-7 -38 62 0
-29 25 -26 0
42 3 -28 0
41 10 42 0
-36 30 -17 0
13 61 5 0
53 -32 -2 0
-47 39 -42 0
-9 37 -38 0
-24 -27 22 0
-32 -28 -57 0
49 -3 34 0
25 -53 61 0
-24 37 15 0
50 -48 43 0
38 -3 49 0
-44 -19 39 0
-18 61 11 0
-38 56 -37 0
-65 9 -61 0
18 2 12 0
-17 2 -27 0
-52 18 -41 0
13 49 -44 0
-18 19 31 0
50 5 22 0
-22 19 -26 0
15 -31 54 0
61 -12 -29 0
36 64 -15 0
34 -23 -46 0
4 8 -42 0
32 -34 2 0
9 -14 -45 0
-3 49 51 0
-21 -63 -9 0
18 1 -27 0
24 -40 -27 0
58 47 -15 0
14 32 -17 0
-1 62 -33 0
45 -44 16 0
30 56 20 0
25 17 53 0
14 -21 -61 0
52 -21 45 0
-3 -49 -64 0
-50 -35 31 0
-43 -33 61 0
-7 -45 -64 0
40 -45 21 0
13 -50 14 0
-9 36 42 0
3 -37 -17 0
49 43 -25 0
-55 62 63 0
6 50 -32 0
-8 -34 -39 0
61 -30 66 0
-19 12 13 0
40 -2 -47 0
-58 63 4 0
45 -34 26 0
33 -39 37 0
-15 -4 -46 0
-58 -65 -61 0
-5 39 -7 0
4 -51 -8 0
-29 -60 -9 0
-24 6 -34 0
-64 -15 -45 0
-43 7 -46 0
-11 -31 20 0
-18 8 21 0
14 -1 60 0
64 36 32 0
19 37 40 0
-13 -15 23 0
26 -29 36 0
-38 -24 -28 0
-64 -22 -13 0
-5 28 -32 0
62 -16 -35 0
-65 -53 39 0
