p 39 166
33 -1 -27 0
29 -16 -37 0
-10 2 -1 0
-8 -21 4 0
-28 -25 -3 0
-4 -14 -15 0
39 18 25 0
11 -31 13 0
-38 24 4 0
22 -11 9 0
-15 27 14 0
2 11 25 0
2 30 -16 0
3 -32 -39 0
-8 4 31 0
9 -16 23 0
14 10 -1 0
9 -4 -2 0
20 36 -29 0
-39 -4 11 0
27 -20 24 0
-29 -26 33 0
22 -29 -25 0
-33 36 27 0
-1 26 36 0
12 5 -18 0
22 36 -34 0
32 -9 -37 0
1 -10 15 0
-19 -28 -13 0
-15 36 -19 0
9 -19 24 0
5 -37 34 0
13 32 -23 0
-13 16 30 0
9 1 -19 0
9 26 18 0
39 31 -13 0
6 -23 -18 0
-6 -21 33 0
12 15 3 0
-7 10 6 0
2 -7 -33 0
-27 38 34 0
13 -17 35 0
-39 2 -6 0
16 -31 32 0
2 27 20 0
28 4 -18 0
-34 -33 -28 0
-25 20 30 0
11 2 32 0
-10 -1 39 0
-27 -24 -32 0
31 38 27 0
12 3 -30 0
6 30 2 0
8 11 9 0
7 -34 27 0
-37 -10 39 0
-29 13 -37 0
-8 -22 32 0
30 24 -35 0
-8 -32 -30 0
-37 7 -33 0
-29 38 -9 0
-8 36 33 0
-29 -6 13 0
4 -27 8 0
-5 13 -30 0
7 -37 15 0
37 -36 -21 0
-34 -8 -24 0
-24 -31 -16 0
-35 -18 -28 0
37 -11 21 0
-5 10 8 0
4 35 33 0
22 39 12 0
10 -16 14 0
3 29 5 0
-22 -30 24 0
12 -11 33 0
31 12 -27 0
12 -16 8 0
18 4 -39 0
-4 -38 -37 0
-11 32 8 0
-4 23 -14 0
-21 -38 6 0
-33 7 -38 0
12 -25 15 0
18 35 4 0
23 -13 -26 0
-7 -10 30 0
32 10 -27 0
10 37 -15 0
2 13 22 0
7 4 16 0
-9 -2 3 0
31 -39 -35 0
-16 -21 13 0
-6 10 25 0
-15 36 6 0
3 -2 39 0
32 -16 -3 0
-19 -38 -30 0
36 28 -34 0
-19 3 -18 0
19 -4 -39 0
-39 28 -5 0
36 -4 9 0
-30 28 3 0
-21 2 38 0
-32 21 2 0
-19 26 35 0
-14 -29 22 0
-38 -27 20 0
-1 -19 23 0
1 -14 32 0
5 -10 28 0
-28 9 -26 0
8 -33 -14 0
-17 9 -4 0
23 -24 -3 0
-13 14 18 0
-39 10 -38 0
18 -20 7 0
30 39 15 0
-11 -16 -35 0
31 8 -5 0
23 19 12 0
-35 -21 8 0
3 38 -5 0
31 -3 37 0
20 -31 18 0
33 11 28 0
-34 -39 24 0
22 9 13 0
38 -13 22 0
23 6 -1 0
22 38 -34 0
35 5 -4 0
-23 -31 -10 0
20 -23 -8 0
-15 14 -10 0
-28 -26 29 0
26 -3 16 0
4 31 28 0
-37 38 15 0
-22 -33 17 0
28 35 3 0
-17 -11 -7 0
17 5 25 0
7 -24 -18 0
-30 4 22 0
-32 -19 28 0
13 -12 -21 0
-30 -33 -12 0
30 -31 -36 0
35 -24 -19 0
-11 4 8 0
-10 -16 -27 0
5 17 1 0
37 9 38 0
35 -25 -3 0
