p 17 72
15 7 -14 0
-11 -1 2 0
9 10 12 0
3 2 -6 0
11 16 -3 0
-11 -6 -4 0
12 -16 10 0
-6 17 3 0
-12 -13 -8 0
6 -2 13 0
8 -6 -13 0
6 -17 -12 0
-5 -6 -10 0
-15 -3 -5 0
-16 -7 5 0
-15 16 8 0
-13 17 -7 0
-11 -12 -9 0
-9 -7 16 0
-2 5 -1 0
-16 3 -4 0
10 1 -7 0
4 15 6 0
12 -3 10 0
7 -9 -10 0
5 -4 17 0
-12 -14 5 0
17 5 8 0
-4 1 -5 0
4 -3 -10 0
-11 5 2 0
-5 9 14 0
7 -14 6 0
16 2 -6 0
17 -4 6 0
14 -5 -4 0
8 9 3 0
3 15 -8 0
-17 4 -3 0
11 1 -14 0
8 -14 13 0
-9 -16 -14 0
-6 -13 -17 0
-15 17 -12 0
-10 -3 -2 0
-10 -4 15 0
-13 11 -10 0
-15 -5 10 0
-6 -9 -8 0
-11 14 5 0
-2 17 -4 0
-6 -14 -3 0
3 -10 8 0
-14 3 17 0
-3 15 17 0
-14 -1 -11 0
17 -8 -7 0
3 -2 -14 0
4 -11 8 0
10 -8 16 0
14 13 16 0
-7 -8 12 0
-15 -12 10 0
6 -11 2 0
5 7 17 0
-7 -11 -6 0
13 3 14 0
-17 -8 -12 0
17 8 6 0
1 3 13 0
-2 1 16 0
-1 -9 -12 0
