p 69 293
69 8 41 0
32 -45 -42 0
-42 -14 55 0
27 -13 54 0
-26 13 -60 0
-12 47 -14 0
18 53 42 0
51 33 5 0
41 4 -16 0
-23 51 65 0
51 28 39 0
62 20 -26 0
-56 -27 49 0
-1 -17 -44 0
-54 19 -28 0
39 54 -15 0
-47 62 66 0
5 -17 2 0
12 -3 54 0
6 -15 45 0
39 -28 63 0
43 -35 -7 0
33 6 -44 0
-14 -43 7 0
56 -47 -66 0
64 45 -26 0
35 31 -13 0
-18 -59 1 0
-5 22 6 0
-42 -61 48 0
-49 27 -58 0
-10 -63 15 0
-9 -49 -50 0
11 -49 -26 0
-63 24 19 0
-66 69 59 0
-24 -42 -56 0
6 -23 -17 0
-39 -64 21 0
26 23 -68 0
15 29 25 0
-27 15 -62 0
-43 28 38 0
-7 -39 -61 0
-33 -52 16 0
-59 -64 -8 0
66 7 58 0
20 32 -21 0
63 -36 -59 0
40 27 13 0
17 1 23 0
-42 -56 64 0
-27 13 34 0
-66 2 14 0
66 -17 15 0
-12 -16 -62 0
23 -54 -53 0
-48 -5 13 0
1 66 -47 0
-14 17 29 0
-65 -6 52 0
-33 21 1 0
-49 24 52 0
-65 12 19 0
-28 -1 53 0
36 45 -11 0
26 6 -60 0
-36 67 -19 0
-55 -47 5 0
34 47 8 0
2 -22 68 0
-1 -36 10 0
29 63 35 0
22 -5 -52 0
-12 -62 52 0
65 13 -1 0
41 57 47 0
51 -35 -41 0
-49 -68 -33 0
-52 -14 19 0
50 -43 69 0
50 61 48 0
-3 -33 21 0
-57 61 7 0
-58 17 21 0
-35 -63 4 0
-9 53 30 0
-25 67 -52 0
12 -11 -28 0
-12 41 63 0
-32 -19 55 0
64 40 42 0
22 59 49 0
9 64 12 0
1 40 8 0
61 23 64 0
8 47 -44 0
-31 27 -45 0
23 12 20 0
-64 25 55 0
-37 -1 -8 0
-4 27 -14 0
-1 39 58 0
57 -37 30 0
7 10 -2 0
-20 69 41 0
5 64 -29 0
32 17 38 0
12 -48 7 0
13 -18 -55 0
19 57 42 0
17 26 -18 0
-30 -14 39 0
-62 -30 57 0
2 12 -63 0
24 27 -36 0
36 -68 15 0
48 -60 -46 0
11 -3 -25 0
10 13 -39 0
-63 -46 36 0
-11 -19 7 0
-16 37 -44 0
-21 -26 -25 0
26 13 -7 0
-7 15 22 0
28 -43 4 0
-42 65 50 0
68 -5 -19 0
50 -35 60 0
-25 -55 -33 0
-10 46 -36 0
-53 -64 61 0
-18 56 10 0
41 -38 10 0
55 54 41 0
23 11 -64 0
52 12 51 0
12 64 -59 0
21 -34 62 0
-42 -15 -38 0
-9 53 67 0
-5 -49 28 0
30 40 37 0
-11 43 6 0
29 -11 45 0
15 -23 -38 0
59 4 18 0
35 -25 -24 0
-18 69 -50 0
-54 36 67 0
12 65 48 0
26 59 35 0
45 -69 -38 0
-10 -41 6 0
66 -67 35 0
-38 1 16 0
-2 63 -14 0
-29 9 18 0
54 -44 58 0
-23 10 -37 0
24 49 -17 0
61 69 55 0
1 40 63 0
2 -69 31 0
-7 44 60 0
8 -15 -65 0
-12 56 -45 0
-55 -25 12 0
14 16 33 0
-18 48 16 0
51 7 1 0
-44 -18 -24 0
-58 33 -36 0
37 69 -30 0
35 40 -3 0
27 67 -62 0
-14 -64 -54 0
-32 -25 -42 0
-43 28 8 0
-32 -37 50 0
-46 37 -29 0
27 -42 2 0
-35 3 51 0
36 -6 -69 0
33 35 10 0
-35 -15 -31 0
15 -21 -52 0
55 -2 32 0
61 -21 39 0
13 43 -51 0
59 -65 19 0
22 29 33 0
34 38 -12 0
-40 18 -8 0
31 -8 -47 0
25 21 22 0
48 14 61 0
55 3 -31 0
-5 -51 -69 0
39 44 54 0
26 64 -8 0
69 -42 1 0
20 -63 -28 0
64 -17 23 0
27 34 17 0
1 -47 -42 0
55 65 -64 0
35 -69 33 0
-37 13 22 0
67 -58 29 0
-47 -29 -7 0
-8 -22 -44 0
-23 -69 18 0
-56 -60 -2 0
17 29 7 0
-43 -35 54 0
-7 57 29 0
-27 52 -6 0
-58 -38 49 0
-59 52 30 0
1 -4 -54 0
-29 55 -42 0
30 -56 -9 0
22 -29 -34 0
-55 65 -23 0
-12 61 -21 0
-47 58 19 0
41 -59 -4 0
50 -32 -42 0
18 15 -17 0
10 -60 -39 0
-31 20 45 0
-35 -64 34 0
43 -66 61 0
-32 68 -38 0
23 -24 -69 0
-42 -11 58 0
-2 -60 12 0
-13 3 -63 0
19 -56 -68 0
-13 -42 -29 0
-11 -46 -37 0
56 -66 -67 0
55 -5 54 0
52 23 -4 0
43 -60 -59 0
-7 64 56 0
55 6 14 0
-59 -44 26 0
62 34 16 0
-41 -65 7 0
9 64 22 0
22 -6 55 0
-59 -26 69 0
69 33 19 0
44 -17 48 0
-51 63 -23 0
7 -1 15 0
29 19 -66 0
69 -1 -11 0
-39 -1 25 0
40 7 30 0
50 -47 -10 0
-42 -32 17 0
-7 19 -15 0
57 28 -3 0
-3 39 -20 0
32 28 64 0
51 -55 -2 0
7 59 34 0
-1 -6 28 0
5 -64 68 0
-55 -34 -64 0
35 -40 -32 0
-14 -48 -44 0
-39 4 -42 0
57 -44 34 0
-11 -16 13 0
14 -40 -69 0
32 -34 2 0
-11 7 48 0
34 8 43 0
-46 -20 12 0
60 47 -14 0
68 52 11 0
-38 -30 -13 0
-62 51 -1 0
-39 -56 3 0
51 18 68 0
-36 25 61 0
5 -28 -15 0
-66 32 41 0
