p 94 400
-46 -17 16 0
-25 38 -35 0
-9 -72 -1 0
39 -71 80 0
12 24 5 0
5 -37 -27 0
34 18 -59 0
86 59 -3 0
24 40 -81 0
-22 59 -86 0
66 17 -13 0
11 50 1 0
78 -88 73 0
-55 -17 -21 0
-46 89 24 0
-9 63 -83 0
-30 -59 45 0
-55 43 -13 0
-43 -35 41 0
-56 -91 -5 0
77 -23 -6 0
-64 -9 -18 0
80 -4 75 0
-94 -71 77 0
-36 2 67 0
-83 -42 47 0
-15 -85 -94 0
-22 -75 -59 0
87 -38 -82 0
-23 -93 62 0
-64 -21 -41 0
16 42 -14 0
-67 14 85 0
-68 -2 8 0
-89 -23 86 0
26 -29 -57 0
-55 29 -46 0
32 -82 9 0
-1 15 35 0
82 36 -60 0
-71 4 -45 0
-71 -43 65 0
-48 60 58 0
91 -51 -84 0
70 -59 87 0
51 55 -93 0
26 -3 64 0
49 -30 79 0
84 19 -4 0
37 22 -41 0
82 -76 60 0
88 -15 -72 0
-2 47 -55 0
-14 -13 6 0
-64 22 59 0
-14 -23 -90 0
-70 15 76 0
22 -47 6 0
40 92 19 0
32 -61 -55 0
-31 -18 -81 0
-2 46 -36 0
28 -48 76 0
-46 -18 -17 0
-81 -4 39 0
-65 70 -51 0
80 -71 36 0
20 -90 1 0
69 36 -48 0
-53 4 13 0
-19 -38 93 0
-36 -51 80 0
-33 -5 -2 0
-70 24 -37 0
41 49 79 0
-93 13 -16 0
-11 86 -81 0
23 63 -30 0
-87 86 23 0
-60 63 -61 0
56 -53 46 0
12 57 83 0
-91 58 -26 0
63 -58 -32 0
87 -59 44 0
-73 56 -15 0
84 71 37 0
-34 -71 -14 0
-74 83 -38 0
-3 -78 50 0
-62 -77 -6 0
-60 21 59 0
76 10 -18 0
-77 -56 -1 0
56 -91 44 0
45 61 -35 0
-23 32 -87 0
-4 94 14 0
-57 78 88 0
-93 -87 91 0
-37 45 -4 0
78 77 79 0
-80 17 -62 0
69 -93 51 0
-76 -4 65 0
-22 38 -24 0
-59 22 -77 0
-69 -45 -4 0
-56 -68 -30 0
-73 -81 62 0
-92 -75 74 0
57 -6 -1 0
-46 -94 -38 0
-9 70 -54 0
-46 51 -77 0
-14 -85 53 0
-36 -86 89 0
83 -91 12 0
14 87 -43 0
53 -42 36 0
-86 -61 23 0
-68 -15 61 0
-5 32 75 0
-67 -34 -10 0
-17 -91 -3 0
16 2 -63 0
8 51 60 0
45 -25 23 0
50 94 42 0
-85 16 -88 0
51 86 -32 0
-17 11 -92 0
8 34 -26 0
69 66 70 0
14 7 -45 0
70 -44 36 0
8 -11 82 0
78 84 83 0
13 -21 -88 0
72 -7 -28 0
16 11 -75 0
73 30 -1 0
84 21 -18 0
-11 27 9 0
47 -41 90 0
-72 10 7 0
-1 -76 -60 0
79 -26 52 0
-10 -80 17 0
56 -12 64 0
-26 42 69 0
22 -16 -53 0
88 77 -11 0
-14 31 -63 0
15 8 -22 0
21 28 62 0
-93 -25 46 0
30 -20 50 0
31 -81 68 0
-21 9 53 0
74 20 60 0
57 7 -12 0
-11 89 75 0
-42 -75 -14 0
8 94 -20 0
70 -52 -17 0
-30 -8 59 0
23 -49 -80 0
19 39 54 0
19 -27 -58 0
66 -83 -45 0
-48 -75 30 0
14 -51 -71 0
-7 2 9 0
66 -21 -57 0
66 75 -14 0
60 -29 41 0
76 86 39 0
42 -51 81 0
-6 -48 -4 0
-60 -33 -46 0
-59 -57 -55 0
-20 5 35 0
29 -5 -17 0
-20 -22 -24 0
-83 31 36 0
-60 70 9 0
-70 -65 18 0
-92 52 62 0
-72 69 61 0
13 -31 22 0
-21 33 41 0
70 17 13 0
-16 81 67 0
41 -82 -50 0
-58 -41 33 0
10 62 76 0
19 -6 -47 0
-33 84 67 0
-32 92 -93 0
-56 88 51 0
20 -63 72 0
-28 -6 32 0
67 -45 -87 0
28 -92 79 0
40 36 86 0
-25 -17 -21 0
-53 -11 -91 0
47 12 -9 0
80 64 70 0
-60 44 61 0
-55 90 7 0
-60 27 23 0
-77 53 -25 0
-80 30 -19 0
82 71 -1 0
-37 -10 20 0
11 38 -34 0
11 -65 -25 0
-3 -51 33 0
38 -26 -48 0
-2 55 -66 0
40 11 63 0
-16 38 -24 0
55 -92 53 0
-50 23 46 0
54 72 -55 0
19 -15 -27 0
44 51 -55 0
38 78 -81 0
25 -71 19 0
12 94 51 0
8 47 -1 0
-67 -54 -52 0
-17 -74 38 0
82 12 18 0
74 -43 -18 0
62 -78 91 0
-41 61 53 0
-26 -73 -5 0
76 -88 41 0
86 -69 70 0
-49 14 50 0
-33 -61 -30 0
-58 -38 -2 0
-34 -25 35 0
-67 36 -11 0
83 -2 -73 0
-9 50 -55 0
-37 59 85 0
-71 -34 -33 0
-86 -58 -14 0
3 -6 -92 0
32 90 -59 0
64 -69 5 0
-18 -43 -53 0
61 -77 37 0
-42 -31 50 0
-56 -10 -59 0
-58 29 36 0
-14 -10 22 0
69 -82 -37 0
76 67 73 0
-63 -53 -65 0
-58 27 -4 0
50 46 48 0
80 -4 -1 0
-33 -16 -82 0
78 -72 -15 0
42 70 63 0
-42 31 -4 0
57 73 -60 0
81 -21 -47 0
-15 59 -30 0
32 -28 34 0
57 86 34 0
-29 41 -50 0
-35 -23 -87 0
-79 81 85 0
-57 -36 -4 0
-93 -71 -24 0
51 -58 71 0
-5 -77 -71 0
22 -68 -11 0
-84 11 -39 0
92 88 75 0
-12 1 40 0
61 -1 -76 0
38 -54 -18 0
-87 78 23 0
86 51 -57 0
-21 62 -12 0
52 24 33 0
89 24 -64 0
51 65 59 0
44 94 87 0
72 -81 4 0
-26 -79 44 0
17 5 9 0
82 91 45 0
13 62 -26 0
-61 -51 54 0
-35 -33 -64 0
-57 -1 51 0
-91 81 -55 0
91 -65 -25 0
13 46 -50 0
59 -74 36 0
-64 -16 -51 0
-4 39 -55 0
-17 -88 55 0
44 3 -37 0
6 76 5 0
66 76 17 0
-73 -25 -60 0
61 -50 -17 0
8 20 4 0
-22 -21 14 0
-70 -19 -69 0
33 61 80 0
-24 83 -10 0
78 -53 40 0
-37 3 45 0
76 -90 -79 0
67 16 21 0
8 52 67 0
5 -41 -66 0
-3 71 2 0
-35 34 20 0
48 79 90 0
34 39 -66 0
36 -40 -67 0
-60 -29 -34 0
-23 21 27 0
59 -60 -81 0
-16 84 70 0
-30 -37 -34 0
71 68 -15 0
68 -17 70 0
81 86 -27 0
-51 -21 -83 0
-1 -73 9 0
33 -86 30 0
-68 -55 57 0
60 -74 -22 0
27 -68 10 0
59 -76 -20 0
-46 51 -64 0
-41 37 6 0
-48 41 83 0
-24 -52 -60 0
-51 -62 34 0
-58 76 62 0
55 -2 -68 0
7 -36 -5 0
51 -8 22 0
18 28 -16 0
-28 14 41 0
91 87 -15 0
13 35 25 0
-38 78 -48 0
-9 -14 23 0
46 35 57 0
-24 -19 82 0
-27 72 49 0
41 -68 18 0
-56 55 94 0
31 -61 -16 0
-49 -56 43 0
3 -9 52 0
-65 2 -25 0
-11 1 94 0
-81 38 -4 0
15 -5 -51 0
14 15 73 0
-83 87 39 0
-72 59 66 0
23 21 -32 0
28 -94 -82 0
-85 53 94 0
43 -50 59 0
22 -36 60 0
-42 21 -70 0
83 39 -16 0
-47 19 59 0
64 -93 -87 0
81 36 91 0
46 79 -91 0
19 -73 -66 0
-23 79 80 0
-3 77 28 0
12 -14 -50 0
56 78 -32 0
90 81 11 0
-58 -56 -40 0
-66 50 -12 0
3 -33 -37 0
-74 94 91 0
88 -53 24 0
26 15 -54 0
