p 60 255
-4 -27 -16 0
-9 36 21 0
-16 -21 4 0
-18 -25 44 0
-56 -9 -2 0
40 53 28 0
-55 -31 59 0
-53 38 28 0
57 41 52 0
-27 49 48 0
-25 -20 28 0
-55 39 -18 0
5 -34 -26 0
-47 15 48 0
47 1 53 0
-46 33 -23 0
56 42 -39 0
33 -37 -50 0
40 -31 -46 0
-11 -34 -52 0
35 26 13 0
-57 -22 -32 0
15 -46 2 0
-44 -1 -10 0
40 25 -31 0
60 51 3 0
-15 7 20 0
56 5 19 0
-2 41 -50 0
47 60 -21 0
40 -7 28 0
13 -24 -35 0
-46 9 -53 0
-46 -55 8 0
-39 -28 11 0
46 35 -6 0
45 47 -21 0
-13 -23 7 0
10 57 -7 0
-13 -46 2 0
53 -37 26 0
-18 -29 9 0
-6 -18 26 0
-32 -35 38 0
19 22 21 0
17 -30 -6 0
-45 12 -27 0
-48 34 58 0
12 19 -10 0
44 1 -60 0
46 16 36 0
50 52 -9 0
-41 18 60 0
-24 51 -56 0
-38 36 -19 0
-13 -38 -17 0
25 4 40 0
8 -31 -15 0
5 -9 1 0
39 9 -2 0
53 -52 -7 0
-43 36 -11 0
-15 13 5 0
-52 -11 -33 0
-16 32 19 0
-43 15 12 0
12 59 25 0
-34 16 47 0
44 11 48 0
40 36 -31 0
-31 -60 34 0
-1 -49 59 0
17 -40 13 0
47 7 52 0
-25 -27 -7 0
37 7 55 0
50 -34 28 0
18 -28 -23 0
43 -9 53 0
-32 9 11 0
49 -24 -25 0
-24 -31 -20 0
-10 26 47 0
36 -33 8 0
-50 6 -5 0
-45 -41 -28 0
-51 -19 -23 0
21 -58 6 0
42 -49 -2 0
19 17 29 0
5 -10 -51 0
50 14 45 0
11 -53 43 0
36 19 -40 0
-24 -12 22 0
-14 4 -58 0
10 58 35 0
42 -9 8 0
1 16 49 0
-33 -42 38 0
-11 -28 -41 0
48 -20 -4 0
48 -16 24 0
-5 -28 -24 0
14 41 -42 0
32 14 37 0
28 4 -52 0
-6 53 54 0
-44 23 -59 0
6 -53 -9 0
39 11 46 0
24 -43 -19 0
-4 -40 9 0
50 2 55 0
-29 45 50 0
4 -5 -56 0
-43 14 -25 0
59 50 -3 0
-16 46 5 0
-16 -46 -35 0
1 -7 53 0
-39 60 -9 0
42 -3 1 0
45 -41 -53 0
59 33 -1 0
-17 -12 -25 0
-31 42 -3 0
-53 -34 -33 0
41 39 -33 0
-4 -19 10 0
-48 -6 11 0
-6 -17 -8 0
36 -7 -42 0
54 -49 -37 0
14 -15 -42 0
8 46 28 0
-45 -43 -42 0
-47 9 3 0
13 -7 -20 0
-43 -56 -59 0
-14 -20 60 0
32 15 10 0
50 -37 5 0
19 47 39 0
14 -43 36 0
-38 -26 27 0
-13 -27 32 0
-33 46 52 0
19 -1 42 0
-49 18 12 0
11 28 46 0
60 -3 -51 0
54 16 -45 0
4 9 22 0
-46 -17 48 0
6 -60 33 0
35 -40 -23 0
30 50 -38 0
-49 -31 -34 0
-17 -2 4 0
4 12 -50 0
58 -54 -15 0
28 59 -7 0
-38 -15 46 0
-13 -3 55 0
31 12 -26 0
-31 -44 30 0
59 -52 -7 0
51 -23 21 0
-25 -31 -27 0
-1 -28 40 0
-7 34 54 0
-38 -49 -23 0
-24 28 49 0
9 50 -28 0
-45 6 -50 0
-47 53 43 0
37 -18 46 0
34 14 -43 0
-42 44 3 0
19 -6 23 0
-21 31 5 0
56 -31 -50 0
-12 -21 58 0
-4 3 -40 0
34 -25 23 0
11 3 24 0
47 -12 -7 0
21 48 -13 0
-25 -4 49 0
35 41 5 0
27 -14 -18 0
-25 -10 -17 0
-30 -37 -5 0
-21 -13 -35 0
11 2 -33 0
-16 -56 -21 0
27 -45 23 0
-44 -13 -5 0
-30 -23 -37 0
-10 -36 -8 0
-32 -8 26 0
-14 -13 -17 0
40 -3 24 0
-1 -3 -57 0
29 -55 -18 0
-55 20 -5 0
57 9 -19 0
-1 6 54 0
55 49 -59 0
45 44 -60 0
-26 -12 14 0
-26 4 -48 0
28 -27 -53 0
37 49 -58 0
41 49 -12 0
-15 -37 1 0
43 -12 -47 0
57 -27 40 0
-13 24 2 0
46 -13 -44 0
42 44 -17 0
45 -38 -28 0
-58 -11 29 0
-8 -54 -15 0
21 -42 -31 0
-50 17 -12 0
-50 -32 -46 0
8 12 53 0
52 12 3 0
-1 -19 -16 0
-53 39 55 0
36 -34 -47 0
-36 -13 4 0
-26 35 51 0
46 -27 22 0
-17 59 -16 0
-52 -42 -8 0
-12 -1 -18 0
-44 -9 46 0
-38 56 30 0
60 58 29 0
4 35 -22 0
17 46 53 0
-19 5 13 0
-15 -57 -1 0
-22 -47 42 0
54 -58 18 0
-31 50 -14 0
-33 6 -28 0
57 28 -23 0
21 5 -24 0
53 28 -30 0
-29 -3 -6 0
36 31 39 0
