p 98 417
-24 -90 36 0
85 52 -92 0
44 2 -64 0
-19 -16 35 0
64 34 -12 0
-92 23 85 0
-90 -2 13 0
-96 -30 41 0
-25 -34 -4 0
19 44 63 0
18 38 37 0
57 92 4 0
-4 -70 -66 0
24 -61 -19 0
74 -82 59 0
81 -40 -25 0
-19 -39 -85 0
75 65 -30 0
-41 3 -23 0
-61 74 -69 0
82 43 64 0
4 94 34 0
49 24 -75 0
-87 43 24 0
14 -3 5 0
64 -38 14 0
-72 36 40 0
67 -10 69 0
-48 -88 -43 0
-32 -45 40 0
-63 -27 -35 0
70 30 31 0
49 -96 44 0
-52 -53 77 0
-47 64 74 0
46 -17 -4 0
-38 41 44 0
-80 66 -19 0
-53 32 1 0
37 -75 68 0
77 -42 18 0
74 -84 58 0
-94 -98 -25 0
-94 77 -47 0
45 74 -86 0
2 -91 -7 0
-19 -9 -2 0
72 75 34 0
24 22 91 0
59 29 -97 0
15 -50 -28 0
-91 -24 82 0
-36 -34 97 0
71 -67 -83 0
-54 -90 47 0
-28 -76 -42 0
96 3 -80 0
-41 -44 22 0
50 -94 -11 0
-97 -7 -40 0
23 -43 -55 0
-95 18 25 0
27 -43 54 0
86 79 -64 0
-9 21 -81 0
-52 68 35 0
50 -5 -55 0
-55 50 -75 0
80 -20 33 0
-50 -56 67 0
82 -76 -61 0
-90 95 3 0
83 63 -58 0
92 -1 -68 0
36 89 95 0
97 68 86 0
29 -86 19 0
42 37 -2 0
56 10 1 0
21 87 -84 0
76 -29 -1 0
-65 20 63 0
62 16 8 0
-11 -96 56 0
13 69 54 0
-78 -22 -48 0
96 -2 -93 0
98 61 13 0
-31 -6 -98 0
-79 -88 -35 0
5 40 59 0
-53 -81 -94 0
-52 93 38 0
-75 -56 72 0
34 91 -92 0
73 96 36 0
-62 48 -40 0
92 25 75 0
-38 10 -66 0
-58 -31 -81 0
62 51 1 0
-94 56 -97 0
89 -62 94 0
-30 -74 -26 0
82 -40 67 0
-84 33 74 0
-46 -95 -3 0
22 65 -78 0
-21 -37 7 0
29 96 68 0
92 -43 57 0
24 3 57 0
-22 65 47 0
78 58 12 0
-66 -81 28 0
-73 -28 32 0
-47 -30 -65 0
-95 -64 90 0
38 -14 -69 0
25 69 86 0
91 44 -3 0
92 5 -51 0
4 27 10 0
91 68 71 0
-77 55 8 0
-58 -98 -82 0
38 97 -45 0
-31 -21 -79 0
-58 6 -98 0
86 -94 -6 0
-54 73 23 0
9 -27 -82 0
10 -43 60 0
57 93 -62 0
96 -50 44 0
55 67 85 0
-41 65 40 0
52 -56 60 0
71 49 -45 0
-21 62 19 0
75 -28 -41 0
-1 -53 86 0
-25 -3 36 0
-81 71 -28 0
71 -8 -7 0
-3 12 -87 0
-70 29 -20 0
63 -87 -9 0
1 -39 -58 0
61 -42 -6 0
86 20 -5 0
62 25 -45 0
-63 80 86 0
67 72 -6 0
24 -57 -15 0
81 -16 -6 0
10 83 -17 0
33 -69 5 0
22 -4 -39 0
-56 46 -55 0
-37 -38 94 0
97 -58 -32 0
10 -32 -29 0
-18 -31 89 0
-63 53 27 0
-84 65 2 0
73 28 -42 0
-82 -29 55 0
-17 -37 -61 0
66 -10 -4 0
42 51 -40 0
32 62 -8 0
-76 12 82 0
54 93 9 0
-36 21 -52 0
-32 56 94 0
42 -59 74 0
19 14 22 0
-24 -89 34 0
50 -93 8 0
4 77 -44 0
-21 -20 64 0
-20 85 -63 0
74 -18 35 0
-73 27 -87 0
67 -51 -81 0
-44 32 54 0
79 26 -3 0
-91 -12 13 0
49 -28 89 0
92 -58 88 0
-80 -47 42 0
22 -49 -72 0
35 -45 87 0
-46 42 -66 0
-61 72 94 0
21 -32 98 0
-27 -38 -97 0
66 38 63 0
-19 -78 40 0
92 -38 -74 0
52 -66 -90 0
36 -64 -60 0
-12 -84 26 0
47 70 -45 0
31 -33 55 0
-51 -37 65 0
-73 -63 -36 0
33 41 -32 0
-32 43 -54 0
76 60 -25 0
52 -42 37 0
74 28 90 0
-28 -83 -6 0
69 82 19 0
-98 -74 87 0
-16 -57 84 0
-77 -55 90 0
-71 -53 -3 0
2 94 5 0
-24 31 -74 0
38 33 -42 0
-95 -86 -63 0
-11 3 -41 0
-15 -87 -77 0
94 79 40 0
-21 -25 74 0
54 -30 34 0
19 -10 -8 0
-23 22 -91 0
-30 -10 -3 0
-44 35 -31 0
66 65 -11 0
-73 -33 34 0
80 -8 95 0
20 -68 -59 0
4 96 -82 0
-17 -92 53 0
48 -72 -14 0
62 -89 -32 0
-25 51 82 0
78 42 57 0
-89 -76 45 0
52 -61 -57 0
31 -66 96 0
53 50 -9 0
-29 31 92 0
-8 20 -3 0
68 38 98 0
73 57 -78 0
-70 -32 68 0
-91 -34 -73 0
-23 -30 31 0
35 45 6 0
82 40 -98 0
-78 -82 47 0
-45 66 -32 0
65 -94 57 0
-24 27 33 0
-1 -54 -95 0
75 9 -74 0
-25 1 50 0
69 -48 -30 0
-80 -96 -48 0
-75 40 22 0
97 -72 19 0
8 33 -46 0
-83 30 -87 0
7 98 20 0
1 35 -68 0
55 54 -68 0
82 92 91 0
39 41 -7 0
33 -71 23 0
16 -86 -72 0
-92 15 59 0
-94 -46 -8 0
46 -9 43 0
28 17 12 0
-71 40 -63 0
-59 -36 5 0
33 -49 89 0
30 -36 -28 0
10 77 90 0
-88 4 68 0
-88 -19 -36 0
27 67 49 0
88 13 73 0
-42 75 2 0
17 -65 -75 0
62 91 29 0
-18 4 -12 0
-77 -37 87 0
43 -40 -52 0
94 -67 -76 0
-39 33 89 0
-96 94 90 0
-42 64 9 0
11 -95 2 0
-19 -72 -73 0
49 72 -30 0
33 -14 96 0
10 -61 55 0
-21 -80 -71 0
6 50 -92 0
72 -85 -27 0
-17 -71 28 0
-50 96 -61 0
-81 -59 -38 0
40 39 -89 0
58 -76 17 0
-77 -16 -72 0
-68 17 -35 0
67 -36 -35 0
1 81 41 0
52 -63 -24 0
49 43 26 0
74 39 69 0
-19 -30 -14 0
72 40 -52 0
-32 94 -25 0
-17 66 1 0
-72 23 55 0
-82 41 -61 0
67 62 -32 0
46 18 -15 0
54 64 94 0
-19 77 82 0
-13 -53 -55 0
-53 -1 -66 0
-2 57 40 0
-65 25 4 0
-77 -53 36 0
45 -83 23 0
67 71 98 0
35 4 33 0
76 9 -55 0
-15 82 -30 0
40 49 17 0
18 -87 82 0
91 10 26 0
-68 -28 -86 0
-47 35 -46 0
36 -54 -37 0
-40 -55 68 0
-31 -16 -57 0
-89 -78 -5 0
-61 43 -74 0
55 -31 -17 0
52 -86 16 0
66 90 -78 0
-81 -46 -44 0
27 -18 -83 0
22 -59 77 0
-31 5 -37 0
96 22 21 0
63 -18 -54 0
82 49 12 0
-41 -76 51 0
45 -52 -69 0
-53 31 40 0
-43 12 -63 0
-77 -49 11 0
-24 37 -50 0
-83 64 55 0
80 82 -18 0
57 -95 29 0
-31 11 -41 0
-91 24 -95 0
45 44 41 0
-88 48 -26 0
-17 37 -6 0
-76 4 22 0
-95 -78 46 0
-57 63 -19 0
-47 -2 11 0
-75 15 -41 0
46 -21 -15 0
31 98 -33 0
-1 -42 94 0
16 9 -82 0
-70 -88 69 0
4 31 -33 0
65 -13 -70 0
26 64 59 0
-64 -45 87 0
-46 38 55 0
-49 -18 -89 0
4 -81 -34 0
-13 18 44 0
22 -62 -38 0
79 -51 52 0
-14 -11 72 0
84 -71 95 0
17 3 -95 0
-18 -54 97 0
74 -83 53 0
-89 -51 26 0
26 88 -52 0
39 43 -9 0
-83 75 -37 0
-98 2 1 0
-84 -57 -79 0
-97 -29 -5 0
92 49 37 0
-17 56 -10 0
-43 -14 70 0
18 -62 26 0
-7 -90 -53 0
-75 -88 11 0
-18 27 -55 0
-34 42 45 0
23 -62 25 0
-82 51 22 0
-84 12 -98 0
-54 5 7 0
38 49 -46 0
