p 18 76
-7 4 -3 0
-3 1 -12 0
16 -14 -8 0
-12 8 -14 0
12 16 -9 0
-6 -11 -18 0
2 17 16 0
3 -12 14 0
-14 12 6 0
-2 7 1 0
7 -8 -18 0
5 -1 10 0
-8 6 -9 0
-15 14 6 0
13 -17 -3 0
-4 11 7 0
9 -13 -11 0
15 -6 -5 0
-11 5 8 0
12 -13 10 0
13 -12 1 0
15 -7 18 0
-3 -2 15 0
6 11 -2 0
17 16 7 0
5 -17 8 0
18 13 10 0
-6 -9 2 0
14 -5 -8 0
4 6 3 0
15 -4 1 0
14 -15 9 0
-9 7 3 0
3 15 17 0
13 -11 -14 0
-8 -3 -10 0
2 -9 16 0
5 2 1 0
15 -9 -18 0
-8 2 4 0
-5 -10 2 0
15 -4 -14 0
13 8 15 0
13 -4 5 0
6 -18 7 0
-4 17 3 0
-9 3 -1 0
-15 16 -17 0
13 1 4 0
-1 8 18 0
-18 -15 -12 0
7 17 -12 0
-9 -16 -3 0
-1 -7 -18 0
-15 -14 -12 0
12 15 -2 0
11 -1 5 0
9 1 11 0
8 17 -16 0
-1 13 -18 0
18 2 11 0
-13 5 -16 0
15 -12 1 0
-8 -16 -4 0
4 5 -15 0
15 2 -14 0
-18 -4 8 0
5 -16 -1 0
-7 14 -18 0
-2 -11 -16 0
13 16 17 0
13 -15 18 0
-18 17 9 0
8 -14 16 0
-15 -4 3 0
-15 -9 -6 0
