p 79 336
49 53 72 0
-59 77 20 0
31 -7 -40 0
-66 77 -1 0
-25 -69 -20 0
-24 14 -4 0
62 9 39 0
-61 71 4 0
-57 63 61 0
-14 -4 -67 0
35 -24 48 0
-4 22 29 0
20 74 39 0
-79 -6 76 0
23 52 -40 0
-4 37 47 0
-59 54 60 0
47 -69 66 0
-46 78 -3 0
49 -23 71 0
12 64 70 0
-76 41 -16 0
10 -22 51 0
56 -78 70 0
78 -37 -55 0
-71 -33 63 0
4 24 66 0
-27 -25 41 0
73 21 -63 0
39 -33 -58 0
76 78 8 0
-52 19 48 0
-8 10 -65 0
13 46 4 0
9 -10 -33 0
-5 31 64 0
41 36 16 0
1 -37 -42 0
22 -37 13 0
-65 16 41 0
56 -71 -52 0
-54 61 21 0
-78 -61 21 0
-69 -30 22 0
46 50 28 0
-75 7 72 0
-20 -19 -57 0
-38 17 -53 0
-42 43 -65 0
76 -39 68 0
-56 -36 52 0
-57 38 19 0
12 74 3 0
53 15 63 0
-9 37 30 0
-26 -62 -76 0
-31 -8 2 0
18 24 -5 0
36 64 -73 0
-28 -13 43 0
-47 57 -32 0
32 -79 -36 0
-25 -40 -18 0
-29 48 57 0
76 -41 -1 0
70 -20 -58 0
-6 72 -44 0
25 68 -55 0
-74 -3 44 0
-18 -61 29 0
34 23 50 0
-16 10 -66 0
-34 27 35 0
-41 -63 -20 0
-45 31 -49 0
23 -71 21 0
13 55 67 0
-29 -19 20 0
7 58 -20 0
12 -34 -5 0
71 -63 5 0
-23 32 -16 0
-21 75 -79 0
-19 -28 47 0
-2 24 48 0
59 -41 55 0
-12 -35 -31 0
-32 70 54 0
7 -22 -16 0
44 -42 -22 0
77 -75 9 0
-41 72 1 0
-24 -30 -22 0
-79 36 -75 0
-78 15 -39 0
-59 69 -23 0
38 -51 78 0
-30 53 56 0
33 46 23 0
-38 -4 41 0
-4 -76 -25 0
77 -6 -18 0
-9 59 68 0
-31 -29 14 0
-41 71 43 0
25 73 29 0
57 48 15 0
-75 -54 71 0
-46 29 72 0
-25 -54 53 0
-57 71 -61 0
-8 -46 -49 0
-2 -79 -51 0
-50 -65 39 0
-60 -17 76 0
3 -36 -19 0
30 59 28 0
3 8 -2 0
34 -17 -46 0
-6 45 2 0
34 -37 -51 0
70 24 34 0
37 48 -70 0
-25 -59 27 0
-1 48 -37 0
47 45 65 0
-70 78 3 0
21 -71 -62 0
26 -75 -37 0
30 -12 59 0
-35 52 67 0
71 1 -58 0
57 52 -46 0
68 66 -42 0
77 49 -53 0
61 -37 5 0
-70 8 47 0
28 21 -9 0
43 -74 23 0
67 73 -46 0
45 -17 -40 0
-25 -12 77 0
70 -79 14 0
77 23 65 0
-54 48 21 0
52 44 50 0
-58 39 26 0
-65 -63 29 0
-62 -10 -23 0
26 18 10 0
-27 -54 63 0
-70 54 -11 0
-39 13 -56 0
18 6 -48 0
-65 -68 32 0
-43 -36 -17 0
-28 -35 -42 0
-35 51 -71 0
-41 -60 -9 0
67 -41 26 0
-45 12 -74 0
-6 76 73 0
50 71 -44 0
-79 -4 41 0
-72 40 -52 0
11 -68 -77 0
-65 8 -26 0
18 -29 -61 0
33 19 -31 0
10 -31 32 0
42 76 8 0
-7 -54 -79 0
78 -60 -72 0
-5 -65 46 0
17 32 -44 0
-20 -59 56 0
-61 -77 -49 0
-54 -15 -66 0
1 41 71 0
-41 -2 -57 0
-64 -12 79 0
-47 -23 -61 0
-24 -73 42 0
-56 40 -17 0
20 71 -5 0
67 -49 9 0
19 36 -24 0
34 40 35 0
54 28 -20 0
-79 -15 30 0
65 57 34 0
70 -5 -36 0
8 -74 -26 0
-23 -77 -11 0
61 32 -45 0
-17 -44 42 0
-4 -28 17 0
-19 -24 -40 0
16 -71 21 0
-11 -26 24 0
-14 -71 -73 0
5 48 -4 0
16 -70 -67 0
14 -68 49 0
-55 -3 6 0
-50 -8 2 0
-11 -35 -53 0
-29 13 -18 0
-37 -6 35 0
43 -58 16 0
75 -60 -27 0
-60 25 16 0
-44 13 -54 0
27 -11 -66 0
-60 26 -33 0
2 -5 -63 0
57 -42 45 0
-32 -43 -75 0
29 -33 -61 0
79 -19 60 0
-28 6 31 0
42 -66 67 0
21 78 35 0
-48 -23 -70 0
-76 -49 -11 0
-77 45 69 0
-55 70 -14 0
43 42 4 0
46 -7 -24 0
68 44 6 0
51 -9 -47 0
-24 -12 -48 0
-47 41 28 0
-44 -8 -12 0
-14 -5 36 0
-45 37 -74 0
-1 45 61 0
11 -64 22 0
39 -45 76 0
-77 26 25 0
-19 54 3 0
72 -65 -43 0
-35 26 5 0
61 59 -16 0
-72 -25 13 0
12 10 78 0
-74 29 25 0
-43 67 17 0
-1 -5 79 0
-24 -71 -25 0
23 22 2 0
75 -58 -64 0
-77 -57 30 0
54 59 -71 0
-11 -14 -45 0
74 -22 -15 0
-5 40 -27 0
5 9 16 0
35 -25 -14 0
53 -18 66 0
55 -39 23 0
-12 41 -37 0
39 -72 -21 0
-5 51 -60 0
-4 46 23 0
62 3 -14 0
-79 63 74 0
58 -16 -70 0
67 59 1 0
-19 -24 74 0
-42 29 -59 0
19 61 -48 0
-13 -21 -59 0
-1 21 -76 0
-53 35 -15 0
32 -16 45 0
55 -28 18 0
-42 78 -75 0
38 -8 36 0
-2 -67 61 0
70 -44 -12 0
6 -32 -41 0
1 2 61 0
-30 -55 -4 0
-60 -8 28 0
-37 47 -15 0
-21 -67 -16 0
58 -56 71 0
17 -26 46 0
54 29 72 0
-62 19 70 0
73 60 -63 0
20 62 -21 0
13 -54 9 0
-44 24 33 0
30 15 24 0
63 -62 -64 0
-16 12 -75 0
10 -48 17 0
47 -35 -76 0
-3 -70 -30 0
-9 -53 -59 0
-58 64 -8 0
-68 6 5 0
-16 -19 48 0
19 76 -51 0
-18 -25 -22 0
28 25 -47 0
-62 -79 3 0
26 -7 4 0
-53 75 -46 0
68 9 1 0
-19 -46 -4 0
59 -73 7 0
59 61 26 0
-70 -47 -56 0
-8 -36 4 0
-33 77 -38 0
5 64 -69 0
58 -75 19 0
6 -10 26 0
53 -72 46 0
70 8 -67 0
78 24 -62 0
-18 68 47 0
54 72 67 0
-68 -10 -59 0
16 -28 -78 0
6 -12 78 0
33 -29 15 0
-68 -58 -47 0
-53 26 -73 0
19 -77 7 0
76 67 21 0
-68 33 1 0
41 1 -71 0
