p 95 404
2 49 -86 0
-20 -33 80 0
-30 -10 77 0
50 94 -92 0
41 36 -33 0
-94 39 71 0
94 -61 -86 0
-90 -7 -22 0
-28 -81 -21 0
-24 91 36 0
-91 -57 -8 0
13 42 -8 0
86 -71 -37 0
53 -89 76 0
8 -51 -44 0
-17 83 3 0
16 -24 -74 0
37 9 48 0
-56 73 29 0
-83 -72 -45 0
-17 -94 22 0
56 25 -14 0
-82 39 -93 0
87 85 -68 0
10 -71 -8 0
-52 88 74 0
27 95 84 0
-16 70 -93 0
40 -95 13 0
2 90 -7 0
-28 34 -60 0
-8 79 -46 0
-82 -11 34 0
56 -64 63 0
44 -2 -20 0
-75 61 35 0
24 62 -75 0
64 25 -35 0
54 65 -89 0
34 -39 -92 0
-62 -8 87 0
63 -20 -13 0
10 -84 95 0
-86 -26 44 0
88 3 34 0
-74 -12 -18 0
15 7 48 0
-62 84 93 0
17 52 -79 0
-21 65 68 0
-23 93 -50 0
48 18 -1 0
-72 -50 -8 0
-72 -94 -88 0
-57 -21 30 0
64 -45 33 0
79 90 -47 0
-20 34 -28 0
-13 -10 -50 0
-67 -92 29 0
-52 65 -24 0
-94 -84 38 0
18 -6 -79 0
-78 -90 -95 0
-29 -50 34 0
-2 -80 -84 0
62 49 -22 0
89 25 92 0
53 49 76 0
-94 4 24 0
92 36 -40 0
-67 -48 17 0
26 60 -54 0
7 49 -48 0
15 40 50 0
89 -15 -23 0
-19 88 -84 0
55 -19 83 0
30 -21 -53 0
62 51 17 0
-51 3 65 0
-58 70 41 0
36 14 52 0
-64 34 -39 0
-54 -44 4 0
-23 84 -69 0
54 -75 -34 0
-80 6 -68 0
-58 -55 88 0
35 49 -92 0
26 -70 15 0
79 -35 -83 0
-30 86 42 0
-62 -56 -33 0
25 27 84 0
-95 -60 -21 0
56 37 -93 0
-69 -12 -82 0
63 25 -81 0
94 20 -31 0
-72 5 -42 0
-69 -23 -44 0
-27 -94 87 0
72 -15 -62 0
-42 -52 76 0
58 77 -25 0
9 -95 -44 0
-22 -68 -2 0
55 64 -8 0
-67 42 46 0
40 37 -48 0
8 -59 42 0
-81 -18 -45 0
3 46 13 0
-69 93 36 0
26 25 -89 0
-83 34 41 0
55 69 -94 0
-75 -23 -85 0
-6 56 13 0
53 62 42 0
73 -68 1 0
67 -68 -1 0
50 40 33 0
-64 -10 81 0
68 12 -48 0
44 39 21 0
-36 -84 -7 0
49 72 -18 0
-41 -54 -15 0
25 -84 -64 0
-93 91 39 0
-61 -58 35 0
20 -93 76 0
68 -79 -39 0
-92 -25 -10 0
-84 58 -39 0
-10 -24 57 0
-16 -83 35 0
-38 45 -5 0
-79 -50 -95 0
17 37 -95 0
94 -72 -78 0
65 28 71 0
91 50 21 0
-64 65 74 0
-36 -91 3 0
-20 62 8 0
83 84 -87 0
-90 31 36 0
31 33 -16 0
-17 86 90 0
2 -45 30 0
90 47 -2 0
78 3 24 0
-85 43 -89 0
10 77 -75 0
23 74 45 0
8 -89 74 0
81 -55 25 0
82 -47 -24 0
-81 76 -14 0
13 66 -31 0
4 -85 3 0
-60 52 -2 0
63 71 -57 0
-46 92 28 0
51 55 -68 0
-27 -42 -84 0
-50 -47 94 0
-22 43 66 0
-86 57 35 0
-75 1 57 0
-91 11 -93 0
-92 95 83 0
-80 10 5 0
47 -29 45 0
73 -60 -41 0
53 -20 10 0
-92 -27 46 0
-61 -92 -73 0
-93 4 34 0
14 -37 89 0
-88 3 80 0
70 7 -26 0
66 80 30 0
68 -47 85 0
4 -31 24 0
48 66 6 0
32 -88 -47 0
29 73 -4 0
1 88 21 0
-54 -71 92 0
-45 31 -24 0
44 -64 76 0
84 -53 85 0
51 80 12 0
25 -76 63 0
22 -18 -82 0
77 -15 8 0
15 -80 69 0
-79 -22 66 0
27 18 90 0
48 19 20 0
-62 63 -54 0
-21 -49 31 0
20 -53 -90 0
7 11 27 0
-82 -86 -32 0
40 77 62 0
7 -50 -31 0
-45 -7 82 0
-38 -81 -22 0
-13 -4 89 0
-23 -60 45 0
44 76 -74 0
15 -11 64 0
95 -12 -76 0
70 39 -77 0
-76 -92 -46 0
62 -58 -67 0
21 -90 -93 0
-56 -14 -79 0
47 -56 40 0
91 78 2 0
41 -53 50 0
-14 18 92 0
62 25 24 0
-74 39 -85 0
74 -69 -4 0
56 65 93 0
-4 -31 91 0
-40 9 88 0
22 -95 -14 0
65 34 64 0
87 -28 1 0
13 -1 32 0
24 -56 -27 0
-55 -73 33 0
28 -69 -26 0
76 56 -74 0
35 66 11 0
-15 9 52 0
67 46 -4 0
-91 -67 -74 0
-55 -17 -4 0
40 67 -39 0
84 -86 45 0
74 53 84 0
-74 45 3 0
6 28 25 0
-6 51 -26 0
-62 94 -40 0
87 -12 -8 0
-2 -13 -21 0
-60 25 -75 0
8 87 -69 0
14 -44 5 0
-18 -27 -83 0
27 20 -70 0
32 45 43 0
-76 -64 82 0
81 -33 67 0
36 -78 52 0
-30 -71 -94 0
-51 81 32 0
41 -57 17 0
13 -15 -65 0
-63 -67 -72 0
-11 -15 71 0
-27 -7 45 0
46 -2 -78 0
-57 -7 48 0
-19 -73 -52 0
-55 92 29 0
44 56 -61 0
2 -52 -94 0
75 91 71 0
-24 -14 -61 0
-54 -28 -3 0
-20 67 -85 0
36 41 -52 0
-91 -16 49 0
-56 -63 64 0
74 17 -43 0
93 7 79 0
66 -80 -52 0
44 -10 -23 0
14 -35 -16 0
28 -80 23 0
18 -58 35 0
94 66 -41 0
5 83 30 0
65 37 -24 0
-76 8 25 0
7 11 72 0
-59 72 -29 0
76 -74 55 0
-18 -1 -61 0
95 -26 38 0
69 84 17 0
-42 -30 78 0
-94 -25 -8 0
76 37 -81 0
34 14 -4 0
90 -51 -17 0
-30 10 6 0
-4 -95 73 0
40 79 20 0
-61 36 23 0
92 36 54 0
68 79 41 0
95 51 55 0
-35 -30 94 0
-73 42 49 0
34 -65 23 0
75 -20 -92 0
7 59 -25 0
51 -8 16 0
-65 31 83 0
-7 55 -84 0
-16 24 -70 0
53 29 40 0
-31 -28 15 0
-1 -5 30 0
71 -35 -5 0
-79 75 43 0
-59 6 -21 0
89 56 -76 0
26 -71 79 0
85 -70 20 0
7 -41 -67 0
49 72 -71 0
-17 2 82 0
-87 35 -31 0
54 80 -66 0
-3 10 56 0
-88 -77 9 0
-90 -62 33 0
-6 18 11 0
-3 94 73 0
30 -2 55 0
-9 50 -25 0
-68 -22 85 0
18 69 -49 0
-66 -94 -36 0
46 -69 75 0
11 -1 85 0
11 94 73 0
10 -72 -64 0
-86 -25 -58 0
77 4 -50 0
87 54 22 0
-23 45 28 0
61 -48 78 0
38 -31 56 0
-51 47 95 0
52 33 18 0
-30 -52 -6 0
-66 -7 -46 0
75 28 49 0
-39 33 -65 0
-46 10 49 0
9 28 -31 0
-39 -13 -9 0
73 27 70 0
63 19 -11 0
9 82 -72 0
42 -55 32 0
73 -61 -92 0
60 33 -84 0
58 -89 40 0
-36 -5 -90 0
71 95 -77 0
16 -66 -90 0
-48 59 20 0
57 -37 -66 0
-42 60 -92 0
61 85 7 0
73 -59 -35 0
52 5 -39 0
-68 -88 30 0
-85 48 49 0
75 -60 -24 0
86 -16 -72 0
-64 -45 -14 0
74 -33 -85 0
-1 -90 -50 0
26 89 -47 0
-70 -89 74 0
2 -81 71 0
-45 87 8 0
-85 -11 8 0
-75 58 35 0
36 27 -57 0
28 82 3 0
1 -60 -34 0
-55 24 -75 0
-45 -53 32 0
-86 -71 -4 0
47 -91 6 0
-41 -15 -48 0
-15 34 70 0
-86 -24 -53 0
