p 19 80
2 -9 -3 0
19 1 4 0
-1 17 19 0
-12 19 1 0
4 -5 -11 0
-8 14 -12 0
19 -17 12 0
-8 15 -10 0
18 -2 -4 0
6 -7 8 0
13 -7 12 0
-15 -18 -12 0
17 19 14 0
15 -4 12 0
5 9 14 0
17 15 9 0
-19 -11 -12 0
12 -4 -16 0
12 -8 -2 0
5 -16 -12 0
13 11 -5 0
-17 -6 9 0
1 -6 19 0
-15 18 -11 0
13 -3 18 0
10 5 -1 0
16 -8 -17 0
6 -8 16 0
-10 3 19 0
11 -1 19 0
5 9 -17 0
-11 -19 5 0
-15 -4 11 0
14 4 16 0
-8 7 18 0
-6 -13 -11 0
13 -8 -6 0
4 -5 14 0
8 18 5 0
-8 -19 -2 0
14 4 1 0
-1 -8 -2 0
13 3 -17 0
-8 3 -18 0
-3 -8 1 0
-15 7 1 0
1 11 -19 0
-18 -9 -13 0
-15 -4 -5 0
-19 -7 -17 0
-17 8 -16 0
-3 2 6 0
-13 3 9 0
-9 -10 -11 0
-17 16 18 0
-10 -11 -19 0
-15 -2 5 0
-2 -14 17 0
9 -17 15 0
-13 -7 -1 0
4 5 -2 0
16 8 4 0
5 9 -6 0
11 -6 -7 0
-14 -13 -10 0
15 -19 -17 0
-3 18 6 0
12 8 6 0
4 5 -6 0
-16 -12 15 0
13 -12 -5 0
-14 -8 17 0
1 7 14 0
-19 6 7 0
15 16 -17 0
3 -2 -5 0
-10 -2 9 0
-15 -18 17 0
-6 -3 -8 0
2 -14 -7 0
