p 41 174
29 15 23 0
-3 -32 17 0
25 22 -41 0
2 -21 -37 0
15 -10 6 0
19 15 -14 0
-27 4 17 0
-23 10 14 0
-32 22 -20 0
15 31 32 0
-11 15 13 0
-23 29 40 0
-7 18 24 0
-22 33 34 0
-16 -15 14 0
-32 -39 17 0
13 -16 23 0
17 41 6 0
27 29 4 0
-35 8 -24 0
-3 23 -1 0
8 -23 -9 0
29 -3 30 0
38 -37 39 0
-3 -9 -24 0
13 -4 32 0
3 -38 39 0
-31 10 41 0
-21 -8 12 0
12 -5 -41 0
-23 -17 -32 0
11 -31 -32 0
-32 41 13 0
9 31 -27 0
-16 29 32 0
5 -24 41 0
-28 5 -15 0
34 12 -24 0
23 30 28 0
18 -27 5 0
-7 37 11 0
-41 9 8 0
31 29 9 0
-24 -3 18 0
-20 -13 -16 0
40 -5 15 0
38 32 14 0
28 -9 -19 0
-28 27 -40 0
10 6 -35 0
-22 19 13 0
-18 -5 22 0
-20 14 8 0
29 -4 11 0
11 19 3 0
34 -26 -3 0
-41 -5 24 0
-40 -17 12 0
-2 -15 -18 0
39 32 21 0
38 -29 27 0
12 -32 6 0
41 15 -17 0
-37 -35 -28 0
39 12 -35 0
18 -6 -32 0
14 -3 -13 0
30 -35 7 0
4 11 -9 0
23 -33 7 0
11 -15 17 0
-30 21 26 0
-26 -10 -23 0
-4 -36 -15 0
41 27 -13 0
-7 18 -13 0
5 -2 -27 0
-20 -5 -39 0
-5 -12 23 0
24 1 -39 0
8 -15 -37 0
5 13 -37 0
21 39 -27 0
-22 8 -29 0
31 35 14 0
39 17 40 0
12 11 -15 0
16 -36 -21 0
-2 -20 34 0
24 25 38 0
-34 27 32 0
37 8 13 0
37 12 2 0
11 -24 37 0
-32 -23 11 0
-16 24 -8 0
29 24 23 0
-10 -29 40 0
-16 21 -28 0
27 -21 39 0
36 -4 -9 0
39 -32 2 0
29 -18 14 0
27 -36 41 0
-17 9 -37 0
38 -1 -14 0
6 -9 -15 0
-19 -4 34 0
22 -39 38 0
1 24 25 0
22 28 -39 0
35 10 -25 0
28 -25 13 0
-26 12 -21 0
19 -8 -38 0
29 -12 30 0
24 -29 6 0
19 -22 -35 0
40 36 -33 0
-41 3 37 0
-35 -25 -2 0
11 -19 -25 0
-10 -40 34 0
-18 -15 -10 0
-5 -2 -19 0
-2 25 -9 0
34 -18 -30 0
35 36 -9 0
35 37 -41 0
-23 -25 -1 0
21 -39 3 0
17 -13 -30 0
36 -10 -2 0
-1 -16 27 0
-10 39 -28 0
-7 -17 -18 0
-28 -1 -30 0
32 -39 8 0
31 14 28 0
-32 -28 -27 0
30 29 34 0
14 7 25 0
-11 -18 -34 0
37 9 41 0
26 -33 12 0
21 38 -2 0
15 -23 -16 0
7 -25 -27 0
18 -19 -14 0
-36 -31 -6 0
-2 -40 32 0
38 -3 9 0
23 15 -16 0
22 15 29 0
3 -30 35 0
-26 -15 -18 0
-15 6 21 0
-21 -4 18 0
-25 1 41 0
10 -35 -26 0
17 -34 21 0
39 -13 5 0
-5 35 22 0
33 37 22 0
-13 -16 34 0
13 18 40 0
28 30 -31 0
-41 -19 -39 0
14 35 -4 0
-32 13 -14 0
-20 36 -19 0
37 -27 4 0
-12 30 17 0
5 -10 39 0
