p 14 59
-2 5 6 0
-13 -8 -1 0
-1 5 11 0
-6 11 -13 0
6 -14 -5 0
11 4 -12 0
-7 -10 -5 0
7 10 -6 0
9 -1 -5 0
-10 8 4 0
12 10 -9 0
-2 7 13 0
10 -13 -11 0
5 -11 -2 0
2 10 -5 0
-10 8 -1 0
-7 -13 6 0
14 -8 -12 0
-6 3 2 0
12 7 -6 0
-11 -4 7 0
-4 -9 -6 0
-2 -9 8 0
-2 13 -11 0
3 -4 5 0
-3 -6 -13 0
-3 -14 9 0
12 11 -7 0
2 10 9 0
-9 6 -11 0
-5 -8 -11 0
1 10 14 0
-12 7 9 0
-4 7 6 0
-4 -8 11 0
8 -10 4 0
-11 -5 -6 0
6 -2 -3 0
6 12 -4 0
2 9 3 0
10 -6 5 0
5 4 -7 0
6 4 -12 0
-14 4 -8 0
-10 12 13 0
5 13 11 0
-14 3 13 0
-5 10 -11 0
14 -9 1 0
8 13 -7 0
-14 1 6 0
-11 -6 -10 0
-7 2 13 0
2 9 4 0
-1 -13 14 0
-7 -2 -3 0
-9 7 -2 0
-3 -9 -12 0
5 10 -9 0
