p 84 357
-48 50 56 0
-81 10 -13 0
58 54 48 0
50 -77 61 0
-48 -74 -20 0
24 58 -32 0
-52 -34 -28 0
17 -64 -52 0
54 -74 -82 0
-6 -59 -52 0
-67 84 69 0
-46 44 23 0
38 -28 -24 0
-50 77 -57 0
-44 -72 -75 0
30 -11 5 0
-8 -45 58 0
-59 -78 20 0
-38 45 75 0
41 -78 6 0
-68 -19 43 0
-67 -7 46 0
57 -37 -42 0
-28 73 -65 0
-77 -20 56 0
-26 81 -27 0
-55 -49 -40 0
-47 17 58 0
-41 4 30 0
-58 7 73 0
30 -68 79 0
10 -8 12 0
10 -81 57 0
78 -12 -81 0
-73 13 -24 0
-73 -82 -45 0
39 60 59 0
39 -76 -24 0
-57 15 39 0
-65 -68 30 0
63 35 -31 0
22 -53 -77 0
-74 26 73 0
-81 21 -60 0
-65 53 -58 0
37 29 -16 0
-3 -54 57 0
17 63 62 0
46 -63 32 0
-15 73 -8 0
25 -31 6 0
-51 -35 3 0
42 23 5 0
66 1 -24 0
-19 21 46 0
26 -53 -39 0
35 46 60 0
3 17 -19 0
9 39 66 0
41 -13 61 0
-22 -80 78 0
-58 -44 -2 0
-18 -34 -36 0
-47 64 -38 0
-54 60 -78 0
-70 71 32 0
3 -30 6 0
-77 -8 65 0
-53 29 -9 0
73 2 -81 0
-67 -3 -47 0
-38 7 62 0
-19 -47 7 0
8 -47 -6 0
-74 2 77 0
77 45 -29 0
-67 -3 56 0
33 -77 -42 0
-49 53 -34 0
71 46 3 0
28 -13 -45 0
-1 38 -26 0
-36 -27 -23 0
-67 77 70 0
-6 -46 53 0
-53 -1 2 0
50 24 56 0
26 54 -17 0
-15 54 2 0
38 83 -25 0
-36 46 -37 0
9 -53 -40 0
-65 58 24 0
-73 42 51 0
-76 -66 -5 0
-32 -67 -65 0
68 67 11 0
-21 -33 10 0
-64 -44 -48 0
-55 41 -14 0
-66 -25 -64 0
-54 65 -47 0
55 -25 2 0
-67 76 -27 0
15 2 17 0
82 -19 -79 0
-36 -70 28 0
-74 -4 46 0
-84 -6 32 0
-77 -25 -2 0
80 7 -53 0
10 73 -45 0
-75 31 69 0
-18 -21 48 0
-64 -5 66 0
28 84 -15 0
11 -44 -27 0
74 -33 13 0
-64 5 83 0
61 30 83 0
67 54 -37 0
-64 18 50 0
-36 -25 -79 0
65 -37 -33 0
-73 -74 -60 0
-47 15 48 0
79 -21 46 0
66 84 83 0
-74 42 -52 0
-13 19 34 0
45 9 -1 0
-33 -43 -25 0
-30 64 -27 0
-70 -20 71 0
-47 -77 72 0
-83 -31 75 0
-30 53 -35 0
60 29 1 0
44 83 32 0
57 54 -75 0
-75 -43 82 0
-42 -28 24 0
53 -35 14 0
75 73 69 0
-20 -18 -11 0
19 21 -38 0
24 -48 -60 0
-38 79 83 0
-6 18 46 0
69 -43 50 0
52 44 65 0
-65 -76 -35 0
67 75 56 0
-31 67 -63 0
47 -50 82 0
-24 -11 58 0
8 80 58 0
-29 77 46 0
-14 16 55 0
-50 -20 -30 0
4 22 -70 0
8 -53 -38 0
-25 -22 -74 0
-11 80 -20 0
-31 84 73 0
-37 -70 49 0
3 -75 -8 0
61 -55 74 0
-3 60 84 0
-18 -9 -26 0
-33 73 -50 0
-8 -39 -38 0
81 -26 -43 0
-71 -27 14 0
-2 43 -35 0
-14 43 -15 0
-70 -40 -79 0
40 -52 72 0
74 82 -2 0
-73 -35 -3 0
65 72 73 0
-35 -75 32 0
73 46 -74 0
-21 22 -25 0
17 72 -36 0
-43 69 70 0
45 60 -2 0
-4 -46 -3 0
9 71 44 0
14 10 44 0
27 -47 81 0
-76 -20 -24 0
57 37 16 0
12 -6 2 0
8 17 12 0
32 -83 21 0
72 12 30 0
30 -65 38 0
-53 80 -43 0
61 16 67 0
-24 84 -46 0
-32 56 7 0
-53 -4 25 0
44 -14 35 0
2 17 -16 0
39 -35 -15 0
-74 69 25 0
-15 72 -69 0
13 51 4 0
39 -30 37 0
-80 43 37 0
74 -31 83 0
-68 23 -16 0
-55 -17 76 0
-45 46 71 0
59 -31 56 0
37 20 55 0
-35 -43 -15 0
-36 -79 72 0
-35 -60 -64 0
1 71 2 0
17 -66 -29 0
-10 53 -51 0
-53 -24 23 0
59 -3 20 0
-42 58 64 0
-6 82 -24 0
-79 81 37 0
5 79 -51 0
9 25 -82 0
18 -41 82 0
-67 4 7 0
-46 -23 27 0
84 80 -18 0
-35 -40 56 0
-83 -27 75 0
-9 74 37 0
11 6 -2 0
71 -34 43 0
-30 26 -68 0
39 -45 28 0
-39 -33 -34 0
-84 -68 -83 0
-66 70 21 0
-32 -59 26 0
36 62 59 0
-23 24 37 0
11 -68 -1 0
-6 -84 31 0
-22 -2 56 0
72 84 -41 0
-80 5 41 0
2 -24 -60 0
-72 9 -7 0
-3 33 -11 0
13 64 54 0
67 -18 20 0
21 32 14 0
83 15 -67 0
-17 -53 27 0
-57 -43 -84 0
-63 52 9 0
-60 -18 47 0
-38 -40 48 0
-19 -12 -69 0
58 -50 -24 0
55 49 11 0
-37 75 79 0
-23 33 -37 0
-35 -69 4 0
61 -23 -5 0
-84 -16 75 0
-51 53 45 0
-26 -15 59 0
-38 48 17 0
63 39 51 0
84 70 -7 0
38 70 -9 0
9 61 40 0
32 43 -54 0
-57 -69 4 0
45 80 -60 0
-35 -81 -23 0
74 -18 40 0
36 -55 -53 0
-75 -65 2 0
-69 21 -55 0
65 60 -73 0
29 -28 -9 0
-45 65 41 0
-64 -17 60 0
49 8 -31 0
62 48 81 0
61 71 50 0
-41 47 -17 0
-77 -20 -62 0
59 1 70 0
-55 17 64 0
26 -64 74 0
-16 9 -36 0
-36 -75 -11 0
-60 -22 -58 0
50 33 37 0
-8 -3 -48 0
-84 -40 -64 0
-19 28 32 0
20 -80 18 0
24 14 49 0
-32 19 -10 0
49 -48 -65 0
44 62 -32 0
66 -55 -61 0
51 -49 3 0
-26 -76 80 0
59 -49 -14 0
7 28 -58 0
65 68 -49 0
-12 -44 -80 0
15 56 58 0
54 53 84 0
19 -42 30 0
78 -41 40 0
23 -29 25 0
-73 -37 -32 0
-68 -72 50 0
-33 -68 -54 0
-56 63 68 0
3 30 20 0
-45 -37 8 0
53 66 62 0
50 8 -77 0
25 76 -68 0
71 37 13 0
-16 -39 50 0
6 83 51 0
-23 -53 81 0
-84 -73 76 0
-54 -23 30 0
-73 36 -30 0
47 -74 28 0
-75 60 -53 0
-31 -19 27 0
55 -68 -84 0
9 36 1 0
10 -21 30 0
-62 13 64 0
20 56 -72 0
4 59 -20 0
-82 72 -80 0
-73 -40 -76 0
13 3 67 0
14 -18 55 0
22 1 65 0
55 80 -66 0
2 39 26 0
48 51 42 0
-12 -2 20 0
