p 29 123
7 -11 -21 0
13 25 -14 0
-24 -18 3 0
-26 1 14 0
-24 26 6 0
19 9 -17 0
18 7 -28 0
-3 8 -18 0
-7 10 -19 0
-29 -24 -28 0
25 11 20 0
-26 13 27 0
-8 12 -4 0
-20 24 -1 0
25 24 13 0
13 19 -2 0
-21 24 -27 0
16 29 -27 0
6 -16 -15 0
-9 8 -1 0
7 -5 12 0
7 -9 -2 0
-13 -9 26 0
-3 -27 6 0
-29 -24 22 0
-23 10 -18 0
-19 -23 -1 0
-27 18 -6 0
25 -20 -12 0
-4 21 9 0
-12 15 -3 0
20 6 -4 0
19 23 18 0
-12 -25 -13 0
16 -27 11 0
2 -23 -28 0
17 25 -9 0
4 8 -3 0
-17 -27 6 0
24 23 25 0
-10 25 -9 0
15 -20 -14 0
-2 -4 17 0
13 17 -14 0
7 -6 20 0
28 -15 -23 0
-18 23 -25 0
15 18 -20 0
22 -15 1 0
-17 -1 11 0
12 28 1 0
29 19 14 0
-6 -28 -27 0
17 23 3 0
-9 -12 -3 0
21 25 -7 0
-22 25 1 0
-11 -20 -27 0
28 -21 23 0
12 27 21 0
15 -20 21 0
-28 -26 -5 0
-14 -24 -21 0
-21 11 -2 0
28 -13 15 0
-6 -14 -28 0
-6 -24 -27 0
22 4 6 0
2 -21 -20 0
-24 12 18 0
-24 -11 1 0
8 15 -7 0
18 1 -15 0
19 -23 -8 0
11 -26 -16 0
8 25 -22 0
23 -15 -20 0
-13 -15 10 0
22 -11 12 0
17 29 -26 0
25 7 -21 0
25 -26 -22 0
-17 6 -16 0
25 10 -2 0
4 -13 -10 0
26 -8 25 0
13 9 10 0
-16 5 20 0
17 8 -11 0
21 -22 8 0
28 -15 -13 0
-23 8 29 0
-22 -3 11 0
-15 10 17 0
-1 -8 -11 0
-19 11 6 0
-11 -29 20 0
15 -17 -1 0
-8 21 20 0
1 -9 -13 0
-6 13 -24 0
-28 -18 5 0
1 17 10 0
4 28 -16 0
-25 24 -15 0
-1 14 -24 0
26 22 -11 0
-9 -21 -15 0
6 -8 13 0
-2 -19 -15 0
12 8 -9 0
-3 28 9 0
-11 -4 10 0
5 19 -4 0
-4 14 12 0
-28 -14 -16 0
16 3 12 0
-7 -4 -24 0
14 -8 4 0
-7 -20 16 0
-24 -9 -27 0
-20 9 -14 0
16 4 7 0
