p 72 306
19 38 46 0
-49 -12 51 0
-14 -64 62 0
40 47 -53 0
-36 -5 39 0
33 -7 -19 0
17 13 10 0
-60 -70 27 0
-7 -9 -28 0
18 49 -59 0
-42 -39 -2 0
-13 50 69 0
52 -16 49 0
29 -37 -26 0
15 10 12 0
32 -72 62 0
50 13 -68 0
-51 55 43 0
-65 -32 -34 0
46 51 -58 0
-36 6 37 0
15 -49 -1 0
-46 14 21 0
-29 20 -23 0
34 41 -46 0
-26 -7 62 0
17 47 -13 0
36 -19 28 0
-55 -72 3 0
-39 -71 36 0
50 -40 29 0
46 43 29 0
45 52 8 0
-39 -70 -7 0
50 -28 -45 0
11 31 -3 0
24 62 -55 0
-60 31 -8 0
-62 39 11 0
7 26 -34 0
-32 72 -6 0
-46 65 -59 0
3 -71 -11 0
-38 -11 -66 0
-3 -17 -45 0
38 -48 29 0
68 -66 -39 0
67 -25 8 0
57 -64 -29 0
72 5 -70 0
46 -55 58 0
-12 72 8 0
33 16 17 0
17 57 -20 0
49 -19 -27 0
48 40 -45 0
-13 20 -40 0
-8 9 37 0
-51 -12 63 0
-65 -25 10 0
-65 68 28 0
29 -35 -67 0
-25 -50 -7 0
-63 35 -72 0
48 -29 -44 0
-57 3 37 0
-10 -56 -9 0
-52 53 -19 0
-70 8 -9 0
31 58 50 0
43 37 20 0
-23 -34 -19 0
-30 -54 63 0
52 13 -9 0
42 57 -67 0
-31 -58 -7 0
-2 28 7 0
68 14 -35 0
36 3 17 0
-29 48 1 0
-16 70 -38 0
-35 -26 -58 0
-3 6 -35 0
-40 -42 -39 0
-38 3 -9 0
52 -28 -2 0
32 -11 67 0
-57 70 -60 0
-61 -20 -23 0
28 -12 13 0
68 -38 -30 0
-37 -59 42 0
47 70 68 0
6 -58 -45 0
-41 -53 -2 0
-58 -11 -63 0
63 -15 12 0
-10 -29 64 0
-57 21 -23 0
20 -36 -48 0
64 11 18 0
42 20 38 0
-47 45 -19 0
-62 22 39 0
17 27 14 0
54 -28 19 0
-61 20 -25 0
-30 -1 -48 0
38 6 37 0
-22 44 -20 0
-60 66 -59 0
7 -24 66 0
-1 17 -2 0
-68 55 57 0
-5 -37 28 0
-50 -12 -28 0
-46 -23 71 0
16 18 44 0
35 -38 4 0
-11 42 16 0
-69 12 51 0
-31 -37 9 0
-63 -48 72 0
-59 -26 -27 0
-64 20 9 0
-23 -45 39 0
54 -69 29 0
-65 -44 63 0
72 -41 70 0
-62 -2 7 0
-6 -15 -56 0
-6 57 54 0
-18 -67 -60 0
-33 43 20 0
-53 -59 -55 0
49 -1 -69 0
-51 -67 -62 0
-56 2 -66 0
54 21 3 0
-20 56 2 0
45 -12 -53 0
66 13 -59 0
54 -46 -29 0
63 -26 64 0
60 49 36 0
-7 57 8 0
-17 -39 -64 0
62 -8 -7 0
23 -61 63 0
21 19 -31 0
-46 -65 -42 0
-67 58 -19 0
62 30 -17 0
-51 44 22 0
31 65 -50 0
32 -1 41 0
-11 -57 -38 0
57 -13 -36 0
-66 -30 -31 0
-32 -34 -15 0
22 11 1 0
-20 53 -62 0
72 -48 33 0
58 -65 61 0
-47 44 -60 0
34 30 -19 0
-8 18 37 0
-37 43 25 0
56 -39 -31 0
72 24 4 0
-30 -67 -16 0
68 11 -60 0
-44 -51 4 0
-70 10 35 0
14 60 18 0
39 56 -64 0
-3 9 -65 0
6 -36 46 0
-45 -34 69 0
-11 -19 -25 0
64 7 -22 0
-3 -22 -63 0
-71 -24 55 0
-57 -16 21 0
6 3 39 0
-45 -44 -34 0
17 13 -43 0
-40 -43 -34 0
5 -66 -46 0
33 -4 -26 0
-23 30 56 0
63 -6 -33 0
14 -34 50 0
60 50 29 0
1 -38 66 0
-72 -9 -58 0
42 55 68 0
-9 -31 -66 0
49 56 31 0
-33 -49 24 0
34 -29 -69 0
-10 -57 13 0
-21 -59 25 0
-29 42 52 0
-56 28 34 0
15 -64 40 0
9 -42 33 0
2 19 9 0
47 63 -34 0
29 -47 54 0
41 68 -31 0
-22 -32 -68 0
41 53 4 0
4 35 62 0
38 -68 -12 0
-18 -68 13 0
37 18 -58 0
-2 60 -21 0
48 63 -31 0
-13 64 -48 0
-30 48 20 0
12 -26 -51 0
4 51 -58 0
69 -26 28 0
-39 -61 -40 0
-43 -14 -28 0
-63 31 -66 0
27 -42 65 0
49 -32 4 0
-57 -55 16 0
32 -45 -16 0
-30 -33 -39 0
41 38 46 0
69 -28 59 0
58 -42 -21 0
-10 -1 35 0
1 -54 70 0
-22 27 49 0
1 42 -10 0
13 41 53 0
37 4 7 0
-52 5 -57 0
47 -59 19 0
10 -26 38 0
31 25 -20 0
51 41 -71 0
29 -56 -40 0
28 40 -55 0
47 55 -72 0
26 42 13 0
-68 -35 1 0
52 9 -57 0
53 -21 -25 0
-60 67 -72 0
25 -26 -56 0
2 -8 13 0
-66 44 10 0
19 -54 -34 0
-33 -47 17 0
-24 50 36 0
28 26 68 0
-40 -68 -55 0
-45 -67 -24 0
-61 13 71 0
-65 -1 27 0
2 -22 32 0
-8 33 -62 0
45 -19 -8 0
-49 69 -19 0
-10 21 -43 0
62 -69 66 0
-43 23 30 0
-45 2 5 0
47 -30 -53 0
-71 64 11 0
28 -12 -57 0
-67 17 -38 0
61 45 32 0
-27 -3 -12 0
-22 56 -36 0
72 19 -56 0
-35 -42 23 0
-9 2 44 0
-35 -36 -51 0
21 -62 71 0
65 10 26 0
-45 -25 68 0
49 55 -51 0
-38 -23 1 0
63 -7 10 0
-34 -64 -22 0
-71 -50 38 0
70 31 48 0
-53 65 -49 0
-39 35 -23 0
22 -61 -56 0
-49 34 33 0
-3 -60 -47 0
51 24 67 0
7 36 -53 0
1 55 -8 0
-46 8 -53 0
28 38 11 0
-66 -28 18 0
4 -26 -28 0
-29 9 -49 0
