p 53 225
10 -18 -26 0
31 14 32 0
5 -2 -29 0
19 34 3 0
11 14 -20 0
49 -29 -13 0
-44 49 -31 0
-13 40 43 0
-52 -41 45 0
-37 -19 4 0
40 -13 11 0
2 -53 47 0
21 31 5 0
3 -53 -50 0
25 -41 12 0
29 10 34 0
-4 27 21 0
-31 11 -8 0
-13 -36 -39 0
-45 20 40 0
-42 -49 43 0
17 -36 -52 0
-1 19 -5 0
-11 52 -38 0
-12 52 -51 0
17 -11 23 0
-47 26 -39 0
44 -41 45 0
-45 -7 -36 0
-23 -32 2 0
39 25 -7 0
-37 -45 -8 0
35 41 52 0
-52 -27 -24 0
15 31 -37 0
17 35 -43 0
-39 53 20 0
10 18 -20 0
32 24 -41 0
-35 7 -51 0
-18 37 -40 0
50 -26 35 0
9 52 -34 0
-3 -6 5 0
34 35 -3 0
-34 49 -15 0
-35 -51 19 0
-12 -41 33 0
12 -53 -43 0
-41 -24 -6 0
-31 -22 -41 0
-9 -14 11 0
-30 -53 47 0
-36 -52 5 0
40 48 33 0
-3 -50 8 0
-45 32 -3 0
-29 -31 -50 0
-33 -43 51 0
-5 20 10 0
9 -6 33 0
-29 -11 -13 0
-6 -11 -24 0
2 -23 14 0
-3 -27 13 0
17 38 -47 0
-52 31 41 0
16 21 -4 0
15 -10 -24 0
52 24 38 0
35 16 6 0
-18 -21 -43 0
-27 46 -26 0
-6 -38 -10 0
-21 17 -39 0
43 40 -22 0
30 18 36 0
30 -25 -53 0
36 38 -49 0
13 49 27 0
-31 -52 -47 0
13 21 42 0
-13 31 29 0
-50 -42 -45 0
-12 33 27 0
-53 -21 -6 0
-11 -45 17 0
-13 -37 -11 0
-47 -11 -45 0
7 -38 45 0
-53 18 11 0
53 -11 -27 0
-47 -39 45 0
-42 -7 46 0
32 22 39 0
36 49 -31 0
21 7 42 0
11 -33 -26 0
-14 2 20 0
-42 34 -46 0
-29 -32 7 0
-27 30 42 0
-7 -12 6 0
43 -25 26 0
30 -50 -52 0
-17 -4 21 0
13 20 35 0
3 -26 -11 0
-53 -10 -40 0
-24 -41 -46 0
16 14 -7 0
-4 2 25 0
41 5 50 0
-7 53 5 0
-20 49 -16 0
9 -45 -51 0
-10 8 24 0
3 -13 -39 0
-1 22 -10 0
-16 -1 52 0
29 25 41 0
-20 3 -52 0
43 -45 -18 0
-25 41 -14 0
-18 3 53 0
19 -48 51 0
32 -30 40 0
1 31 6 0
25 53 -38 0
42 39 5 0
-1 40 -51 0
-30 9 -32 0
-33 13 -8 0
35 2 33 0
3 16 22 0
-11 52 32 0
-18 -32 -46 0
-4 2 -43 0
25 53 -5 0
-50 -25 23 0
45 -31 -42 0
28 25 -51 0
-11 -32 37 0
-44 -5 -22 0
-12 -42 -25 0
19 4 -50 0
30 4 -50 0
31 -6 40 0
53 39 -37 0
-51 11 -20 0
-37 52 6 0
-42 18 20 0
8 12 49 0
37 8 -33 0
4 50 -47 0
-22 16 45 0
38 -27 -22 0
28 -11 3 0
1 -19 8 0
-7 -19 12 0
30 44 -1 0
-41 -24 52 0
-49 -9 45 0
-38 27 9 0
11 7 -49 0
38 -51 42 0
12 -22 34 0
-13 -40 -15 0
-14 20 -26 0
-13 -21 -23 0
-50 8 -33 0
35 10 -12 0
-43 -8 -10 0
-31 15 1 0
-27 16 -42 0
-47 42 -9 0
31 4 14 0
47 -8 -21 0
-52 -23 -45 0
22 6 26 0
-27 -45 3 0
51 -42 -53 0
-50 -18 2 0
14 -45 52 0
-42 28 -6 0
15 -4 -10 0
22 -35 -2 0
47 46 -1 0
-52 44 16 0
-17 -45 -50 0
-6 12 -34 0
45 -9 -10 0
12 19 -43 0
-15 -35 -18 0
35 -16 -12 0
-22 -29 -34 0
-37 -19 44 0
-21 38 -24 0
-43 -5 35 0
-21 -27 -22 0
-27 26 40 0
47 -25 -6 0
51 -2 -14 0
-47 -29 42 0
-28 -35 33 0
45 32 13 0
52 49 -28 0
51 -13 37 0
17 -10 16 0
-33 13 20 0
-19 1 -33 0
-30 50 -19 0
38 -33 50 0
20 -21 -15 0
18 13 -33 0
-35 15 41 0
-35 47 9 0
7 5 -51 0
-3 12 -1 0
40 2 22 0
-1 -34 16 0
12 -42 -1 0
-7 -30 11 0
25 16 -13 0
20 35 4 0
