p 22 93
18 -17 -21 0
-14 9 22 0
4 -20 5 0
18 -3 7 0
-16 14 -8 0
-4 7 -14 0
4 18 -1 0
-20 -9 -19 0
-2 -1 -16 0
-12 -19 5 0
-6 16 -4 0
-4 18 6 0
19 22 -1 0
-16 -19 18 0
15 13 1 0
-16 5 11 0
-16 22 -7 0
5 -8 -9 0
-6 -12 1 0
-13 3 -15 0
5 19 12 0
22 -10 -2 0
11 17 -8 0
7 12 -10 0
-12 18 -8 0
9 3 -13 0
-3 19 4 0
3 -17 6 0
-7 -21 2 0
-15 21 -5 0
-20 -17 14 0
19 16 10 0
12 2 -18 0
11 9 -4 0
1 2 -7 0
11 21 6 0
-1 9 16 0
3 -18 -17 0
-2 3 -9 0
-13 -10 -14 0
21 3 -2 0
12 -6 18 0
6 -18 3 0
5 -9 -1 0
8 16 -4 0
14 -5 -15 0
-4 -21 8 0
-1 -13 12 0
-16 11 10 0
-11 -15 -13 0
-7 22 5 0
-19 20 -2 0
9 5 6 0
-21 -10 -20 0
-9 -2 -14 0
6 12 21 0
9 -19 5 0
-12 -17 20 0
1 10 -2 0
22 13 -7 0
-3 -15 -4 0
-5 6 -11 0
11 1 19 0
19 -8 -17 0
-16 -8 -21 0
17 8 -2 0
15 13 5 0
11 -3 -5 0
13 -18 -14 0
-6 17 1 0
-10 -6 19 0
2 13 3 0
-22 14 -8 0
22 -9 18 0
17 1 14 0
-20 17 -7 0
12 3 -2 0
5 -15 -6 0
21 -3 -9 0
-20 -19 13 0
-15 20 7 0
19 -8 -15 0
7 16 -22 0
-2 7 -4 0
9 8 -20 0
-21 13 -7 0
18 16 -20 0
12 -17 -13 0
20 -6 13 0
-3 18 -2 0
-22 15 9 0
-20 -5 17 0
3 5 -17 0
