p 87 370
19 -52 -12 0
-65 74 6 0
-77 -3 -45 0
-35 -60 31 0
-9 -56 -44 0
48 13 -79 0
-3 11 42 0
32 -40 57 0
-75 -67 58 0
-59 -83 -44 0
-52 56 -83 0
-21 59 -27 0
-81 86 -13 0
46 41 48 0
9 -82 -47 0
55 -27 44 0
-62 -6 -73 0
-9 48 23 0
-17 87 -76 0
27 66 67 0
-70 85 -24 0
-35 -45 -22 0
10 -61 64 0
50 -10 -81 0
-15 1 -4 0
-87 -34 54 0
-58 80 69 0
73 21 -44 0
-20 -14 76 0
38 87 12 0
64 -35 9 0
-75 -22 23 0
13 39 4 0
-38 4 44 0
40 -62 -38 0
1 -70 18 0
70 37 62 0
8 46 -15 0
65 -57 11 0
40 87 71 0
-54 -38 -72 0
-45 57 68 0
-26 -81 -4 0
-28 -35 33 0
-63 87 56 0
10 77 -79 0
81 -46 65 0
35 -86 67 0
-62 -42 -53 0
-48 83 5 0
-52 -51 42 0
-1 11 -71 0
-11 57 73 0
-79 -57 -61 0
-37 4 12 0
50 83 62 0
-15 -21 45 0
21 -87 -52 0
75 37 -78 0
87 -58 33 0
-85 67 -29 0
-57 -82 29 0
12 2 -45 0
74 -61 -33 0
-40 -21 -7 0
-73 -52 75 0
-76 -53 17 0
-24 76 57 0
27 -18 22 0
-14 -2 87 0
-8 -24 -21 0
41 -18 20 0
24 54 -56 0
24 85 -16 0
-56 54 -39 0
32 -58 54 0
-8 71 -2 0
8 35 -46 0
-27 -20 13 0
39 -25 -47 0
77 18 44 0
23 31 -16 0
20 -74 33 0
34 -41 -82 0
76 20 71 0
-37 -17 -35 0
-59 -17 26 0
-35 13 51 0
-54 61 -40 0
70 -33 59 0
85 -18 31 0
-76 -25 -86 0
37 -65 -68 0
24 38 -69 0
-41 45 18 0
75 -41 74 0
-52 -31 10 0
8 28 -18 0
60 -13 -5 0
-49 -6 -66 0
32 67 -81 0
38 51 49 0
85 -50 -69 0
32 -59 2 0
-57 -72 -30 0
-82 -34 4 0
-2 -40 -1 0
-37 25 -3 0
65 16 59 0
65 23 14 0
-24 21 -37 0
31 -34 32 0
-84 70 -14 0
-20 40 59 0
10 -53 -57 0
30 45 38 0
3 -11 37 0
81 -62 46 0
-53 -49 37 0
23 -70 58 0
72 -10 -85 0
-21 26 61 0
9 23 -2 0
-71 -63 -86 0
-73 86 2 0
-8 76 -32 0
-71 22 -81 0
-66 79 64 0
72 58 -79 0
84 -41 62 0
65 -8 -45 0
-67 -85 -55 0
-65 67 -45 0
24 26 13 0
72 69 34 0
25 23 -8 0
58 -57 70 0
34 17 -77 0
-11 2 -10 0
-22 77 52 0
-3 67 -62 0
24 15 11 0
-11 48 40 0
-86 -58 22 0
-71 81 55 0
-27 -41 -44 0
-61 -67 58 0
26 33 -59 0
-48 19 42 0
53 43 -36 0
5 -76 24 0
-32 -77 28 0
80 1 55 0
-39 68 5 0
-24 -20 -67 0
-72 -17 57 0
18 -82 76 0
-72 -16 -2 0
55 -80 77 0
-67 65 -78 0
4 -63 75 0
-5 -43 -17 0
30 -44 79 0
-57 51 53 0
49 31 -5 0
33 -25 44 0
-20 -72 -14 0
-70 6 -54 0
32 8 -75 0
-86 -2 -19 0
-8 -77 -73 0
53 84 -49 0
74 81 58 0
-57 65 64 0
26 38 80 0
-67 46 -7 0
-62 81 -6 0
-85 -29 -87 0
60 71 -50 0
65 -73 -61 0
-85 -36 -54 0
-7 -86 41 0
-24 -50 -79 0
25 63 -50 0
80 72 -66 0
83 -40 41 0
-48 78 -46 0
-77 -50 73 0
26 -40 -60 0
41 -87 -33 0
51 -77 37 0
63 -62 68 0
14 48 -43 0
-38 -21 52 0
-52 65 24 0
47 55 -31 0
-19 35 37 0
51 19 41 0
69 8 -53 0
3 -60 19 0
-63 29 -34 0
37 -33 83 0
-48 55 -54 0
42 43 -32 0
-79 80 36 0
83 -51 -23 0
-29 -83 -86 0
-18 -54 29 0
31 3 -4 0
71 -46 25 0
54 -16 -65 0
48 26 72 0
76 -65 -42 0
35 -14 -54 0
87 -65 57 0
6 13 -26 0
52 41 60 0
26 -12 -3 0
38 12 -44 0
-75 73 13 0
-68 10 23 0
-46 -33 49 0
47 31 -68 0
75 -72 54 0
-38 -52 1 0
65 -10 -20 0
-52 56 20 0
73 49 -67 0
47 -85 45 0
46 84 4 0
-23 -63 -64 0
27 -87 -20 0
-81 -41 21 0
-64 12 -1 0
-17 -6 23 0
-36 -11 -35 0
51 52 -36 0
-20 -9 -16 0
-53 -21 78 0
75 44 -2 0
81 22 4 0
-9 6 -63 0
-35 -2 -80 0
45 -59 -53 0
41 49 26 0
20 -45 84 0
3 -77 61 0
29 75 -64 0
-14 58 17 0
-46 -42 -29 0
30 -64 86 0
-81 -77 -44 0
30 70 75 0
-87 63 76 0
-45 16 49 0
45 77 52 0
-59 -12 46 0
-34 49 -87 0
-31 -69 -80 0
-45 7 27 0
-67 55 -39 0
-13 72 -46 0
-15 64 62 0
85 69 63 0
-15 68 4 0
-39 71 49 0
51 71 54 0
58 61 -81 0
71 86 -32 0
77 -44 -47 0
-86 23 35 0
13 -87 -36 0
69 12 47 0
29 -16 10 0
-35 70 42 0
64 65 -79 0
-33 59 71 0
47 10 21 0
42 -75 -50 0
-4 33 -44 0
-86 60 82 0
23 -60 -9 0
-13 -61 3 0
-22 77 3 0
-69 29 31 0
-3 -32 50 0
52 -23 -58 0
47 80 43 0
-39 -18 19 0
29 -21 58 0
-35 9 -78 0
-15 69 -32 0
45 -84 -66 0
-51 -18 83 0
-26 -9 -14 0
46 -64 79 0
77 49 71 0
-10 61 -62 0
83 -36 32 0
-24 66 50 0
82 12 -16 0
24 25 -58 0
87 -42 24 0
31 10 87 0
-63 68 20 0
35 8 -33 0
3 -73 24 0
-1 -6 15 0
34 -71 76 0
-13 -61 55 0
-80 -78 73 0
-38 -20 -81 0
-54 42 -70 0
65 -16 36 0
-74 83 -7 0
5 -45 9 0
76 11 30 0
3 -38 77 0
76 -2 33 0
-77 -22 87 0
-31 -35 71 0
-72 -77 -7 0
-86 -45 -12 0
-40 24 -72 0
-55 -49 -11 0
-20 8 82 0
27 -45 25 0
72 -16 -70 0
38 -16 -29 0
-64 72 -71 0
-44 55 63 0
58 -84 63 0
14 -69 57 0
-59 -16 -49 0
67 -23 8 0
78 8 -73 0
-67 30 -21 0
23 80 -45 0
82 46 -26 0
-19 -3 62 0
-20 -39 41 0
-86 -19 -77 0
-41 -22 6 0
-44 -77 37 0
23 87 -53 0
32 -20 -71 0
-49 1 46 0
-82 61 65 0
45 35 -31 0
-57 77 -26 0
30 36 -52 0
13 -57 -53 0
20 58 -60 0
31 -40 81 0
69 -32 -39 0
-66 -40 70 0
-79 35 37 0
61 34 11 0
27 77 5 0
-52 -56 35 0
-42 -37 -86 0
62 -11 -8 0
-29 15 71 0
39 -10 17 0
-75 27 30 0
81 -79 33 0
-81 34 -28 0
26 37 5 0
28 8 76 0
12 60 45 0
