p 12 51
10 -12 -1 0
-8 -11 12 0
-7 -6 -11 0
-5 -9 -6 0
1 -9 -2 0
-12 -10 -2 0
10 2 11 0
-4 2 12 0
-11 -3 -7 0
-3 -8 -4 0
-2 7 -8 0
5 -6 10 0
3 -11 -8 0
-2 -11 -3 0
-3 1 -2 0
-1 7 12 0
-1 9 4 0
-10 9 -5 0
10 -12 -4 0
8 2 -12 0
10 -7 -2 0
-5 6 10 0
-8 -12 11 0
1 -10 -7 0
8 -12 6 0
12 7 3 0
6 -2 1 0
-4 -8 11 0
2 11 1 0
-12 -8 3 0
-9 -7 12 0
9 -6 11 0
-2 8 3 0
-7 2 6 0
10 -2 6 0
-2 4 -12 0
-12 1 -2 0
-4 8 -12 0
-12 -3 -7 0
-11 3 -2 0
4 11 -2 0
9 -11 -8 0
-5 -12 10 0
-4 -3 5 0
6 -9 -3 0
-7 3 -8 0
1 3 -8 0
10 6 -4 0
3 -1 -10 0
-1 -5 2 0
-11 -1 -6 0
