p 41 174
12 22 -27 0
25 24 -17 0
-7 -27 35 0
24 31 -8 0
36 25 -28 0
31 41 -2 0
-22 27 -33 0
12 -31 -9 0
-8 -16 2 0
-4 15 -38 0
-17 -23 38 0
8 12 16 0
19 26 32 0
2 8 -23 0
-12 -11 16 0
-17 -2 -35 0
25 -22 15 0
-29 -34 -27 0
26 -41 15 0
-28 -37 -16 0
-37 10 -25 0
-38 7 8 0
-17 38 27 0
-11 29 -37 0
-22 -30 39 0
-23 20 2 0
13 -22 -21 0
27 7 19 0
-39 -36 12 0
20 -33 7 0
8 -5 -37 0
-36 26 7 0
-15 -29 -21 0
-38 -3 -10 0
-4 17 12 0
-5 -32 16 0
11 -12 25 0
-32 30 -3 0
20 2 -4 0
34 -4 16 0
-35 25 -16 0
6 -22 20 0
27 -32 28 0
-39 -32 -30 0
11 29 23 0
39 -13 8 0
-28 16 36 0
-24 36 29 0
23 -17 -4 0
-25 -13 -30 0
-33 23 -38 0
-19 24 -16 0
-13 36 8 0
1 25 22 0
18 -4 -34 0
4 -41 1 0
22 29 26 0
15 9 3 0
-9 -22 19 0
4 16 -18 0
1 -41 26 0
-32 -37 21 0
25 2 -41 0
34 -28 17 0
-30 -20 3 0
-24 29 -30 0
4 -27 5 0
-27 -38 -14 0
-22 9 -6 0
-37 27 -15 0
15 39 -31 0
16 -24 -19 0
9 -13 -31 0
-36 -27 7 0
26 -15 -1 0
33 36 7 0
38 -13 -18 0
3 -23 -18 0
-34 38 5 0
24 17 -13 0
-20 11 2 0
-31 -4 23 0
-5 -38 -11 0
-29 2 -19 0
-27 35 14 0
-28 22 36 0
-14 -39 17 0
8 -2 9 0
18 21 23 0
36 -30 16 0
10 23 -4 0
27 -37 -29 0
-8 35 5 0
40 -11 20 0
38 7 23 0
27 9 -37 0
-11 18 -20 0
-5 -1 40 0
-5 -15 28 0
24 -28 -25 0
34 29 -25 0
-23 -22 37 0
39 -8 28 0
10 18 -20 0
36 15 -16 0
-9 26 29 0
22 4 -38 0
-20 5 -37 0
8 10 -31 0
28 16 -41 0
29 6 17 0
14 33 -37 0
31 -12 -33 0
8 5 -18 0
-26 4 -3 0
20 21 -26 0
23 28 20 0
2 -34 -22 0
20 -26 34 0
-21 -28 -23 0
30 -41 4 0
17 21 -7 0
-5 4 38 0
14 -27 23 0
-23 -2 15 0
35 19 -3 0
-30 -32 35 0
30 36 -40 0
31 -21 -15 0
12 26 -1 0
9 34 -6 0
-8 -23 39 0
-3 -33 30 0
19 29 16 0
6 -5 -21 0
32 16 -34 0
-8 -18 -29 0
-24 22 -28 0
-33 -4 -38 0
-41 -6 36 0
24 -34 19 0
-28 34 40 0
-36 -2 10 0
16 -23 32 0
-34 6 -35 0
-9 40 31 0
-3 -40 29 0
39 2 -32 0
-12 14 -29 0
14 -30 10 0
37 -14 -41 0
-17 -7 33 0
-13 37 -30 0
2 14 16 0
1 -23 -30 0
-15 -10 41 0
-7 41 -32 0
-25 33 -38 0
-9 15 -5 0
5 4 1 0
-21 13 -2 0
1 -35 36 0
-37 -40 30 0
21 26 -16 0
33 -27 -2 0
-6 -11 -32 0
-16 12 30 0
24 -25 -9 0
-40 39 -2 0
3 -33 -1 0
16 -17 34 0
-12 11 2 0
-18 3 -26 0
-34 18 24 0
