p 98 417
-42 75 78 0
-16 31 -63 0
84 -45 83 0
11 -41 -25 0
-28 -17 12 0
15 -53 49 0
-48 -46 83 0
-90 -55 50 0
-55 -78 39 0
-37 24 -49 0
-68 -38 -6 0
64 94 28 0
77 67 91 0
-98 -53 36 0
72 19 84 0
56 94 -2 0
55 37 -1 0
-7 2 10 0
89 62 21 0
6 -1 23 0
-98 -69 -47 0
-44 -38 98 0
31 66 64 0
97 96 -53 0
-77 -72 13 0
-95 60 -15 0
76 -82 -89 0
-11 31 90 0
78 49 -1 0
-9 -25 96 0
82 25 11 0
89 38 -68 0
-8 -14 -74 0
-76 58 -87 0
83 35 -60 0
-51 41 90 0
69 7 30 0
25 5 39 0
-94 -53 14 0
31 26 44 0
50 35 -18 0
25 91 94 0
29 74 75 0
12 -81 49 0
61 -84 -34 0
24 59 -51 0
-51 26 78 0
50 -27 -49 0
-71 -37 79 0
-46 -23 37 0
-2 -56 -3 0
-85 -65 15 0
63 -14 95 0
-4 -9 46 0
70 -62 60 0
8 -46 -37 0
-67 -41 -28 0
-24 65 -31 0
31 -29 -8 0
59 -65 69 0
-4 -70 95 0
84 -72 -44 0
55 -46 -9 0
75 -72 70 0
81 77 -93 0
31 -86 73 0
66 80 -84 0
-24 -55 82 0
49 -91 62 0
-58 59 93 0
51 -4 72 0
36 75 65 0
18 19 -42 0
10 -4 74 0
40 -97 42 0
-61 31 -95 0
-73 -66 27 0
-66 -67 73 0
4 -90 -76 0
27 -90 94 0
-85 -79 74 0
14 46 50 0
39 -44 -93 0
-46 38 30 0
3 57 33 0
47 -51 -1 0
70 -3 66 0
37 86 -79 0
39 54 -30 0
-14 -3 7 0
84 -62 -8 0
-90 81 77 0
-34 -1 65 0
91 20 21 0
41 -13 40 0
18 -31 -40 0
18 -31 -2 0
-58 -88 -13 0
44 52 24 0
-71 -93 35 0
-95 11 -89 0
41 63 23 0
1 62 52 0
64 73 -28 0
-39 -15 22 0
-26 63 -28 0
9 92 8 0
38 72 -19 0
78 -49 -53 0
-30 -50 51 0
-90 -18 42 0
-61 -63 7 0
-20 67 -40 0
98 -16 -30 0
-89 -55 14 0
21 20 -37 0
12 -85 -45 0
75 -33 63 0
84 29 -14 0
44 -56 -94 0
93 61 40 0
47 -17 4 0
86 85 34 0
-91 72 97 0
6 19 -61 0
83 17 18 0
34 37 -89 0
-44 -15 58 0
45 39 -7 0
28 -77 -16 0
-98 -13 -49 0
11 66 43 0
-96 36 -23 0
89 -56 -11 0
35 -76 -41 0
-74 -88 -11 0
-38 -67 -68 0
-67 23 81 0
69 24 -12 0
-90 86 75 0
-66 -18 3 0
56 -5 -87 0
19 -42 62 0
-11 43 74 0
35 -51 -57 0
-17 97 10 0
9 78 -24 0
85 56 -20 0
34 36 89 0
40 -79 72 0
-59 82 -38 0
97 9 -11 0
-47 38 65 0
69 -70 -42 0
95 88 -34 0
-10 -29 44 0
92 -67 -96 0
35 -2 -83 0
-4 -90 60 0
-53 -58 60 0
93 55 45 0
-21 -73 -69 0
-22 81 2 0
-9 45 -51 0
-70 -95 23 0
44 -43 -23 0
-6 27 -40 0
-1 21 42 0
-10 7 -4 0
-3 -24 60 0
-5 74 -35 0
-87 -55 62 0
80 -74 -89 0
-53 33 -9 0
-19 -20 -68 0
46 93 -67 0
-91 79 50 0
-27 32 71 0
9 -15 -43 0
96 64 67 0
51 -29 -34 0
12 -87 -95 0
-14 68 -50 0
79 38 -6 0
-48 59 -4 0
-90 -66 -15 0
17 -16 -49 0
16 35 84 0
83 -53 42 0
-83 5 54 0
21 66 -50 0
-80 -67 -97 0
10 -58 -29 0
-1 -96 7 0
-52 66 84 0
83 93 -84 0
-30 97 35 0
58 74 -47 0
-12 72 55 0
-3 26 84 0
47 6 -61 0
-7 44 46 0
65 -11 -19 0
15 39 -82 0
-59 15 -36 0
-76 43 -74 0
-28 -90 -9 0
55 82 90 0
65 -39 -19 0
76 -93 24 0
39 -45 70 0
-48 -45 28 0
31 71 -59 0
-86 24 44 0
-78 -80 -2 0
24 -20 -84 0
19 -29 7 0
57 68 -43 0
31 24 76 0
-88 -45 -22 0
-64 -68 84 0
-21 17 -16 0
-40 -91 89 0
-3 -93 55 0
50 -35 83 0
-56 -85 33 0
-59 87 -15 0
31 -53 57 0
20 -23 3 0
70 -29 -34 0
-59 42 87 0
-18 9 71 0
-11 88 52 0
54 -52 26 0
67 93 -33 0
77 82 -46 0
61 7 -38 0
-67 -30 61 0
64 -43 4 0
91 -79 72 0
-17 71 -78 0
18 8 75 0
90 -51 52 0
-7 40 -3 0
-45 -2 -77 0
-93 -70 -38 0
90 -57 -74 0
32 39 85 0
-15 14 -68 0
-98 -50 14 0
2 15 58 0
30 50 59 0
4 75 1 0
3 81 -78 0
10 39 59 0
-83 -40 85 0
79 64 -23 0
-29 -81 34 0
33 -74 -61 0
98 -68 22 0
-9 77 -90 0
14 -55 -86 0
61 90 76 0
54 12 -96 0
-79 -61 -10 0
-16 46 40 0
-59 16 24 0
79 74 -52 0
-42 -55 14 0
30 88 60 0
24 87 -29 0
-70 -75 69 0
-82 51 55 0
-28 -57 64 0
-92 -33 45 0
2 -25 -31 0
-76 -73 38 0
-13 88 -89 0
-90 -27 -55 0
91 -17 -46 0
-47 -97 69 0
-97 -73 -33 0
-11 88 40 0
37 -87 25 0
4 84 1 0
-63 80 6 0
81 59 -15 0
9 65 34 0
74 -22 -68 0
95 40 -4 0
26 -59 -40 0
73 -98 32 0
-89 -70 47 0
-78 -67 -89 0
-57 -74 -36 0
7 -11 -14 0
-61 69 -17 0
-15 51 14 0
42 32 -55 0
-58 82 17 0
-84 -70 46 0
-10 -46 -17 0
96 -58 89 0
51 -61 52 0
-6 -33 7 0
-20 -47 53 0
-28 -32 36 0
-21 -89 -94 0
-7 -36 66 0
90 -86 -81 0
-43 -3 46 0
-94 50 1 0
-41 -22 74 0
-72 41 -48 0
9 45 60 0
59 -66 38 0
-14 -94 73 0
95 -83 42 0
11 -39 -64 0
37 -38 70 0
-53 -96 -3 0
12 42 71 0
91 47 -71 0
-34 76 22 0
80 13 25 0
34 52 77 0
74 60 98 0
-60 -4 -68 0
-38 -75 -22 0
-23 87 72 0
-28 89 -29 0
79 57 -49 0
82 97 -81 0
44 86 -56 0
33 14 90 0
-71 -28 59 0
-81 -62 -42 0
-56 -4 -80 0
72 63 -59 0
58 42 -2 0
-75 24 -27 0
39 79 -90 0
-91 -52 76 0
-79 -35 15 0
-77 12 40 0
14 -2 -82 0
-44 -38 60 0
-24 71 -14 0
15 -91 12 0
24 -1 5 0
-15 -39 50 0
89 -68 18 0
-25 3 -60 0
-97 -41 54 0
67 -12 32 0
-49 -69 -54 0
77 -1 -62 0
69 18 88 0
-15 -61 -2 0
5 32 -50 0
89 11 68 0
-87 11 -59 0
61 72 -20 0
38 59 37 0
42 12 23 0
-7 -8 -22 0
-58 -50 89 0
76 -10 -90 0
-1 -93 31 0
7 72 -61 0
61 -2 -54 0
59 53 -79 0
4 -15 -12 0
1 39 73 0
94 59 31 0
-64 -10 -95 0
-94 -96 93 0
74 73 22 0
63 -37 -92 0
-29 74 48 0
65 -52 30 0
-98 -23 -5 0
-17 -32 29 0
77 -21 59 0
-77 80 98 0
-84 -89 -63 0
-86 -60 -11 0
62 22 17 0
-70 -78 -55 0
14 -4 -77 0
55 -96 -9 0
-66 -19 4 0
5 14 -3 0
78 59 30 0
-80 -51 27 0
26 -77 71 0
82 -44 -1 0
8 -12 78 0
-37 -63 33 0
-88 -56 -47 0
-85 8 -16 0
55 63 -48 0
-65 -20 7 0
-95 72 -83 0
-93 -15 39 0
44 -77 -32 0
-58 20 -63 0
-83 -6 -73 0
-94 52 -3 0
10 35 -92 0
13 -90 10 0
57 11 -19 0
57 36 -27 0
60 79 -12 0
-5 -84 -62 0
-55 -45 -92 0
-82 87 29 0
