p 56 238
-52 41 -17 0
-15 21 -23 0
18 11 -7 0
-47 -54 14 0
31 8 -7 0
-42 17 41 0
-26 -44 56 0
21 34 -45 0
53 5 42 0
-34 -28 49 0
40 41 -23 0
3 -19 23 0
-23 44 27 0
31 10 -36 0
-50 -9 -49 0
-34 -20 47 0
-35 -55 10 0
47 -9 11 0
20 30 -36 0
35 53 -27 0
22 -53 56 0
54 -2 51 0
-31 20 33 0
-24 55 49 0
-3 -39 -55 0
30 -55 13 0
-41 43 56 0
-22 -29 15 0
-26 -28 48 0
1 36 -22 0
32 -50 8 0
16 -37 -52 0
-39 -40 32 0
23 37 -21 0
-8 10 9 0
35 34 11 0
7 -12 20 0
-18 -37 -26 0
54 -13 -37 0
-32 14 17 0
-45 33 11 0
-21 18 20 0
-42 -11 13 0
-35 25 -50 0
24 51 53 0
23 -26 11 0
-35 -13 -2 0
29 -15 -18 0
43 -55 10 0
16 24 -26 0
48 -42 29 0
13 -9 -20 0
30 -6 -28 0
-33 31 4 0
-17 6 -24 0
33 54 -5 0
-3 13 -25 0
-9 53 4 0
29 -52 -32 0
-43 9 2 0
34 55 37 0
56 -25 -15 0
41 40 -21 0
40 -27 -52 0
-51 50 -56 0
13 17 55 0
-21 -14 -49 0
47 10 -42 0
29 22 26 0
-21 -40 -35 0
-54 40 -9 0
-53 -41 40 0
-19 30 -46 0
55 27 -49 0
21 20 -29 0
-5 -1 -29 0
29 -53 54 0
54 -40 30 0
-53 38 -41 0
-41 -56 17 0
38 -8 20 0
-14 -50 -36 0
-20 -38 45 0
34 56 -38 0
-27 1 -9 0
47 -48 7 0
-36 52 53 0
46 -26 9 0
20 15 23 0
38 -46 56 0
-49 -5 -4 0
52 21 -26 0
-20 39 -38 0
7 16 -41 0
-23 13 -38 0
5 -41 -4 0
-13 18 20 0
-52 -32 -53 0
-26 54 -10 0
-30 49 -36 0
-24 43 33 0
6 4 33 0
-52 41 -7 0
-6 16 -24 0
56 29 46 0
12 51 -10 0
34 17 15 0
-40 -6 45 0
1 -28 45 0
40 18 -30 0
27 -44 2 0
36 16 -7 0
37 44 -38 0
-4 29 -38 0
18 49 10 0
50 -26 -9 0
26 18 -20 0
-11 -3 -30 0
29 -23 -27 0
-38 56 1 0
31 -24 -25 0
8 -52 -49 0
47 -31 -17 0
3 -52 41 0
39 -37 -22 0
55 -21 -25 0
-40 47 32 0
-33 34 16 0
44 -42 48 0
-31 32 -5 0
-29 -9 -6 0
-16 -20 2 0
55 50 -43 0
4 -44 49 0
41 18 29 0
18 -8 50 0
25 53 -10 0
-5 45 -36 0
-40 23 -49 0
42 -20 -22 0
-7 -49 21 0
9 23 -55 0
-28 34 51 0
-43 -29 -14 0
3 2 1 0
-17 -49 -36 0
4 50 35 0
49 -12 -14 0
31 -40 6 0
-42 37 35 0
-47 -1 42 0
51 -29 21 0
-45 -37 11 0
52 -56 -30 0
4 35 27 0
-37 -49 13 0
30 -54 -29 0
-35 -20 -32 0
-21 5 45 0
-27 19 -46 0
16 -21 8 0
24 -23 44 0
19 -11 51 0
1 22 54 0
40 7 9 0
9 21 -2 0
-56 -16 -50 0
4 20 -28 0
-26 -21 -11 0
8 40 -35 0
-41 22 50 0
28 39 9 0
27 56 19 0
27 -44 -25 0
49 -7 -20 0
5 -32 48 0
-46 -22 13 0
-47 9 -15 0
5 -36 -2 0
43 28 19 0
-40 12 -26 0
54 -28 8 0
-7 -26 4 0
-1 12 30 0
-51 -49 -39 0
-16 -27 43 0
6 -56 31 0
50 -8 -56 0
28 8 29 0
-36 6 22 0
-6 7 40 0
-47 -28 44 0
44 -1 26 0
45 -30 -11 0
49 12 -26 0
14 -36 56 0
-25 -37 5 0
25 -34 19 0
36 -4 11 0
-20 27 -11 0
50 -38 -42 0
-42 -15 -41 0
19 -41 -13 0
-22 28 37 0
-22 19 -41 0
31 -33 46 0
-17 -31 -11 0
50 -3 -1 0
46 -37 -48 0
-34 15 -4 0
-13 -9 -42 0
35 -36 14 0
34 -42 46 0
-48 52 -50 0
-19 54 32 0
-23 15 -26 0
-10 -39 -23 0
14 34 24 0
-42 34 33 0
-3 -7 -18 0
54 -36 30 0
29 -9 -25 0
-35 20 34 0
47 43 -21 0
-44 -2 43 0
-27 -51 -2 0
-7 8 -35 0
37 -32 53 0
-54 -6 14 0
-37 -44 -1 0
-26 -34 52 0
15 -52 36 0
27 -25 -37 0
47 -49 -11 0
-27 20 -44 0
51 -34 -11 0
-53 34 56 0
18 -49 -17 0
