p 20 85
-14 -13 20 0
2 -9 7 0
1 -3 14 0
13 17 5 0
-5 -8 -15 0
13 -7 8 0
-6 -16 20 0
6 -9 -4 0
-7 18 -10 0
-9 -5 -10 0
-2 18 10 0
16 -3 8 0
-3 14 18 0
-8 15 1 0
9 -19 -10 0
-8 6 -12 0
14 2 20 0
-10 8 -14 0
15 -11 -14 0
3 10 -18 0
-19 15 9 0
5 15 20 0
9 -15 -18 0
9 -13 14 0
-13 -16 -12 0
-15 19 9 0
-15 9 -3 0
5 -10 4 0
1 -7 -2 0
-17 15 -16 0
4 -9 -13 0
-14 16 -12 0
8 -15 -2 0
-2 8 -14 0
11 -13 -16 0
-9 8 13 0
18 -7 16 0
-1 15 -10 0
-2 7 -4 0
2 1 -11 0
-9 -14 6 0
-20 17 6 0
-17 19 -5 0
-10 11 5 0
13 -18 -14 0
18 -15 -9 0
20 -10 19 0
-1 -18 13 0
-19 1 10 0
9 5 15 0
-6 -16 12 0
-1 11 16 0
-17 -4 -13 0
6 -9 2 0
-6 -13 -5 0
16 -19 3 0
5 12 1 0
15 5 17 0
-7 -13 -14 0
4 16 -19 0
14 -3 4 0
5 19 -14 0
6 7 5 0
-16 20 7 0
-11 15 4 0
1 12 9 0
2 8 -5 0
-18 9 7 0
-5 7 -19 0
-8 17 10 0
-19 -10 7 0
-4 -2 1 0
-18 9 -6 0
-3 -19 -9 0
17 -1 2 0
5 -16 -9 0
13 -15 19 0
6 -17 -2 0
-8 -5 17 0
4 16 -12 0
2 -20 -8 0
-17 19 -7 0
20 19 -8 0
12 -4 7 0
-6 -9 15 0
