p 18 76
-17 8 -1 0
-4 15 12 0
6 5 11 0
-3 9 -16 0
-5 -7 -12 0
-13 15 11 0
6 -8 -13 0
18 14 -11 0
7 -13 -4 0
-7 -12 -6 0
18 6 -1 0
-6 -8 -1 0
8 -6 -4 0
-1 13 10 0
-13 5 -6 0
10 8 6 0
17 -3 -6 0
2 -6 -18 0
16 -5 8 0
13 6 8 0
-16 11 -8 0
-11 -10 7 0
-9 -17 1 0
-6 -8 15 0
-13 -18 -3 0
-2 -4 -11 0
-5 -15 -2 0
-5 -9 -17 0
18 17 9 0
16 -15 -13 0
18 13 7 0
16 -8 -2 0
-18 8 -7 0
-16 -7 3 0
-9 -11 -16 0
2 -5 -9 0
11 2 8 0
-4 9 -11 0
2 -3 9 0
16 4 -18 0
4 17 -12 0
-5 9 15 0
13 2 -6 0
18 -13 10 0
13 8 11 0
-8 6 -17 0
5 -18 -15 0
-7 12 8 0
-18 2 6 0
3 7 -5 0
3 -4 6 0
8 -10 13 0
11 15 9 0
-4 -5 8 0
-1 2 16 0
13 -4 3 0
-3 -17 16 0
-10 -13 18 0
6 9 -14 0
-15 -4 16 0
4 1 7 0
-9 10 -5 0
13 10 4 0
18 -9 -13 0
-14 -13 -3 0
12 16 -2 0
-18 4 1 0
4 -17 13 0
-14 -18 -7 0
-5 4 -6 0
17 14 -11 0
2 -13 8 0
14 17 -5 0
12 15 -17 0
16 6 8 0
-10 3 16 0
