p 92 391
37 41 26 0
-48 -13 -83 0
-90 -8 -81 0
-52 65 -4 0
-34 67 -53 0
54 87 -52 0
-9 8 -45 0
18 -84 30 0
84 -4 69 0
-45 -75 -5 0
-29 41 84 0
-92 -35 -78 0
47 -52 82 0
32 8 -43 0
25 40 -5 0
-26 66 16 0
-48 13 24 0
25 57 -32 0
-9 -25 -15 0
-89 -54 -31 0
31 82 6 0
60 30 62 0
19 -86 -20 0
10 -29 4 0
-81 84 52 0
4 -73 -20 0
18 32 75 0
15 -42 -37 0
59 -29 -15 0
-12 -88 72 0
-56 -35 77 0
60 18 54 0
34 67 63 0
7 -35 -19 0
-16 66 -7 0
92 59 -71 0
-7 41 -26 0
-32 -65 -53 0
64 91 -3 0
-34 39 26 0
47 92 -44 0
-60 -65 -28 0
17 -46 49 0
-50 -75 86 0
82 3 56 0
11 10 -77 0
28 -58 -54 0
-26 4 -50 0
76 63 -15 0
-46 47 73 0
39 15 -49 0
40 -85 -32 0
72 -39 9 0
49 65 12 0
78 -31 28 0
51 -83 -64 0
42 68 62 0
-23 61 -88 0
29 -46 -22 0
-78 15 70 0
-92 68 -16 0
-85 -22 -12 0
64 29 -14 0
72 64 -83 0
75 42 82 0
88 -32 34 0
5 -8 -54 0
-90 61 -37 0
-35 5 36 0
64 -75 -6 0
-42 -67 -41 0
21 -44 -56 0
2 20 -5 0
30 88 -91 0
50 36 65 0
68 61 78 0
90 -6 7 0
-3 -73 -87 0
-15 -66 23 0
38 90 23 0
58 -70 90 0
24 -69 84 0
53 -70 68 0
15 -73 7 0
-32 -79 -85 0
38 58 -39 0
44 -46 68 0
-10 -72 4 0
-75 -64 -36 0
-29 -5 64 0
92 59 36 0
36 -4 85 0
83 -41 20 0
24 11 2 0
5 -18 -55 0
84 -51 -86 0
40 -26 -17 0
-25 -7 -44 0
-16 89 -77 0
54 -62 74 0
9 84 73 0
92 42 -45 0
-75 76 5 0
-12 92 57 0
-62 -88 27 0
4 -79 90 0
5 -27 33 0
-45 -22 -87 0
15 74 62 0
77 -82 -21 0
10 -66 -74 0
9 -91 76 0
70 29 -5 0
14 25 -12 0
1 7 -24 0
-7 73 -25 0
-41 -45 -9 0
-86 55 -67 0
-32 -29 34 0
28 -14 -66 0
86 -65 18 0
52 -33 -69 0
47 -25 3 0
-70 -28 12 0
41 23 -33 0
9 -12 1 0
70 64 42 0
57 22 -2 0
-25 11 43 0
12 2 75 0
14 -72 22 0
-41 20 -68 0
13 74 -62 0
49 -90 25 0
-39 36 -87 0
54 4 42 0
-47 38 -68 0
-33 51 -62 0
-30 69 54 0
-64 48 60 0
-66 -87 -39 0
-72 -82 45 0
51 21 16 0
-79 -23 64 0
6 -70 32 0
-46 76 -20 0
-90 -29 76 0
88 47 -73 0
24 69 -10 0
30 -23 48 0
64 5 -69 0
6 -60 18 0
33 -87 51 0
32 72 84 0
63 -34 89 0
54 89 -87 0
10 64 -59 0
-64 -81 19 0
-76 77 32 0
-53 -21 79 0
-9 -60 41 0
-52 86 17 0
-5 -91 14 0
78 35 86 0
65 -23 -90 0
-47 -4 20 0
73 -33 18 0
-35 -79 21 0
-31 -61 65 0
28 86 -4 0
-28 -79 -19 0
-28 79 -80 0
-61 2 89 0
-46 -13 61 0
-38 -12 -79 0
70 59 5 0
52 71 4 0
-31 33 -90 0
-53 -66 6 0
-60 78 -27 0
-84 76 11 0
-23 -15 -2 0
-20 92 -23 0
-19 67 -48 0
-62 16 -17 0
75 -68 4 0
-21 -57 -37 0
-54 -57 66 0
92 -80 -11 0
-53 1 91 0
-75 -62 78 0
-37 29 57 0
-36 -46 -34 0
-18 -72 84 0
-32 -20 -5 0
-80 -50 -67 0
-38 -46 34 0
-16 -71 17 0
-9 -27 -33 0
68 14 6 0
-45 -89 11 0
-25 62 -44 0
86 76 -92 0
14 -48 17 0
-51 -91 45 0
81 -56 -89 0
26 85 -47 0
92 9 64 0
-41 6 -42 0
-4 -71 -67 0
-32 39 82 0
58 -6 35 0
-65 89 78 0
-44 -34 -56 0
79 13 -20 0
6 -58 38 0
-63 -75 10 0
-19 84 -53 0
5 -6 86 0
-54 -37 92 0
33 66 51 0
-16 84 -15 0
-89 -20 91 0
-67 -24 -59 0
9 -44 81 0
-30 -7 76 0
-82 -86 -19 0
28 -56 -21 0
30 33 7 0
17 -37 -30 0
33 -46 84 0
-29 60 83 0
-56 -36 13 0
-75 85 -54 0
-12 -80 37 0
81 36 -63 0
-35 -86 66 0
-22 53 -82 0
77 -52 -51 0
59 92 -89 0
-45 -23 -71 0
25 -61 -55 0
84 53 31 0
77 83 -79 0
-41 88 76 0
54 -40 43 0
15 -56 -39 0
4 50 -89 0
-5 -45 -60 0
-68 18 -83 0
-15 53 -3 0
63 -47 5 0
-31 92 3 0
-32 81 -69 0
38 -13 8 0
5 6 55 0
-11 -30 90 0
-18 -77 -86 0
-81 -15 18 0
-35 83 38 0
25 22 -18 0
-75 -54 -5 0
-82 -76 4 0
61 -2 13 0
-81 -29 57 0
-14 -75 48 0
-89 88 18 0
14 42 56 0
9 -19 -18 0
-18 9 -34 0
-83 -13 40 0
51 -48 7 0
-24 38 -8 0
-34 7 40 0
-20 8 -44 0
47 73 -43 0
25 21 -78 0
-85 -28 -22 0
-19 61 18 0
-27 11 88 0
39 25 21 0
11 -33 3 0
-52 -86 28 0
-36 63 -9 0
62 -26 -85 0
-40 85 65 0
61 -63 -78 0
-92 -69 16 0
80 -14 -8 0
8 72 76 0
-36 -8 22 0
21 -81 15 0
42 49 -17 0
48 -7 41 0
-56 41 19 0
-79 -8 37 0
31 90 7 0
3 77 17 0
-84 3 -18 0
-73 9 18 0
-56 -72 -23 0
19 -72 37 0
26 -39 -74 0
2 41 -4 0
-92 -6 -72 0
-88 -59 28 0
87 53 59 0
91 -22 14 0
-66 -3 50 0
-48 -22 -87 0
-61 -33 27 0
21 -91 -24 0
-54 58 -22 0
27 -11 -32 0
28 -38 11 0
-65 -92 -54 0
-63 -71 1 0
2 30 60 0
9 -79 20 0
26 -89 52 0
65 -6 -25 0
-18 53 -89 0
-34 64 69 0
79 28 18 0
-47 59 89 0
14 5 43 0
-60 -63 5 0
-54 -91 -42 0
56 -3 -80 0
82 2 -40 0
78 63 80 0
82 3 -30 0
4 -83 53 0
-24 -7 67 0
42 5 84 0
28 69 74 0
-80 -85 -16 0
4 61 75 0
-70 72 -80 0
73 -62 -85 0
-17 19 -74 0
42 -87 -67 0
67 -90 -71 0
-80 79 -61 0
-49 66 15 0
-43 -2 73 0
7 -77 85 0
-61 -78 -9 0
-4 -72 -29 0
-35 -32 28 0
16 37 -53 0
-16 63 45 0
-58 -43 22 0
77 59 72 0
-53 -54 -5 0
12 -62 4 0
-81 -70 -13 0
25 -73 23 0
-92 21 85 0
51 -70 -26 0
-9 -62 -54 0
91 -3 39 0
-9 14 -36 0
3 42 -29 0
-81 -21 52 0
16 -5 89 0
55 80 -77 0
-24 -67 -63 0
-80 2 -25 0
-31 -20 59 0
-41 54 -64 0
60 -79 -21 0
-72 75 85 0
32 66 26 0
44 -8 73 0
-49 -51 18 0
-34 82 79 0
43 30 -10 0
86 63 6 0
45 -40 -87 0
-34 -92 59 0
9 89 -30 0
61 -26 -4 0
-83 -30 11 0
-77 68 -52 0
75 33 -7 0
-12 -44 85 0
43 -91 -54 0
19 -21 -72 0
77 -76 44 0
-65 90 54 0
