p 18 76
9 3 -8 0
3 10 -15 0
12 2 11 0
-16 12 10 0
-10 15 12 0
-12 4 -17 0
13 12 14 0
-12 16 -3 0
-11 4 1 0
-3 -4 17 0
5 2 17 0
1 -16 17 0
13 -2 11 0
-1 -11 -18 0
-11 2 7 0
17 18 1 0
7 1 12 0
-1 11 7 0
-3 -1 -13 0
-9 8 4 0
5 18 -4 0
12 -3 -2 0
2 10 -5 0
3 -14 -16 0
11 9 -14 0
-3 2 1 0
-11 3 -7 0
-13 -6 -4 0
7 -2 12 0
9 -8 -16 0
-11 18 14 0
5 -12 13 0
-4 -13 6 0
-13 9 11 0
-6 -17 -2 0
8 15 -1 0
13 16 11 0
1 -13 4 0
-5 16 11 0
6 4 17 0
-11 6 -4 0
-13 2 -3 0
-13 -17 -11 0
16 -4 -10 0
-17 -16 -10 0
-14 6 -18 0
9 18 15 0
16 -13 -2 0
-16 -5 6 0
-2 17 3 0
9 -8 10 0
-6 17 10 0
14 5 17 0
14 2 17 0
-10 -2 -3 0
-3 16 -12 0
3 15 -2 0
9 -11 18 0
-10 -12 1 0
-5 2 -1 0
-3 -13 14 0
-3 6 5 0
13 -15 6 0
-14 -5 -17 0
-15 3 -6 0
1 -3 16 0
-4 -18 -10 0
5 -18 -2 0
11 4 -6 0
-9 -4 -1 0
-8 16 -18 0
-5 -3 12 0
1 -11 -16 0
-9 15 -17 0
-2 14 -6 0
13 -4 14 0
