p 67 285
44 49 21 0
42 48 62 0
-17 -31 10 0
-14 20 -34 0
-19 58 48 0
-40 65 41 0
-16 25 51 0
63 -8 -11 0
40 -42 -52 0
-13 -17 36 0
-16 7 44 0
3 17 -42 0
19 -39 -30 0
-8 -7 -38 0
-43 25 -4 0
46 33 62 0
-31 -12 -13 0
-18 27 -24 0
-47 -4 32 0
-64 63 -4 0
-33 38 1 0
27 47 42 0
4 17 -55 0
31 15 -57 0
27 6 54 0
-17 66 10 0
-47 -66 57 0
37 -14 -44 0
-33 -58 -53 0
-51 24 -40 0
-2 -9 58 0
55 -33 -59 0
-44 -27 42 0
-26 28 4 0
60 2 -4 0
62 20 12 0
3 25 67 0
7 47 -26 0
-41 15 -42 0
11 12 6 0
-47 -51 -11 0
-8 42 -32 0
-56 -1 -60 0
-44 -28 17 0
-9 -19 -4 0
29 -37 36 0
41 46 -30 0
-22 -7 -39 0
36 58 -16 0
33 -54 -11 0
18 22 -64 0
-12 -18 -9 0
39 38 -40 0
15 -25 -43 0
8 -58 -12 0
-33 -55 -32 0
29 -34 -55 0
-47 -39 63 0
61 -26 -31 0
32 40 -37 0
5 11 -65 0
-45 -15 44 0
-21 12 31 0
50 -32 -64 0
-45 -26 -18 0
12 -61 -31 0
50 -2 37 0
41 -38 -34 0
-56 -16 43 0
-39 22 26 0
-45 -65 3 0
3 -33 43 0
-35 14 63 0
-27 -12 -30 0
8 -15 -40 0
41 10 11 0
-35 37 -25 0
-20 -58 19 0
62 37 49 0
24 -52 4 0
-35 -32 30 0
-54 57 24 0
33 -64 61 0
27 28 -31 0
9 -51 -21 0
55 27 17 0
-20 -15 -11 0
-18 -51 -53 0
-37 -27 29 0
-19 -66 -11 0
-64 41 6 0
58 -52 1 0
55 66 -13 0
-63 9 20 0
-22 -12 -21 0
-39 -61 1 0
50 -28 1 0
-66 13 -21 0
10 -65 -9 0
3 -44 -50 0
33 63 -67 0
27 -22 -3 0
-30 18 41 0
-26 -62 -24 0
-51 31 -6 0
46 -52 41 0
10 -14 42 0
-52 31 32 0
56 27 -12 0
36 -25 -13 0
34 -38 40 0
5 6 -24 0
36 46 -52 0
-25 59 9 0
3 -13 15 0
-29 -64 31 0
38 -24 -61 0
1 31 45 0
-24 -54 -9 0
-26 30 -21 0
47 42 -65 0
-33 -26 -51 0
-21 28 7 0
40 47 64 0
42 38 51 0
67 25 -50 0
3 21 37 0
6 -1 -50 0
-7 3 -27 0
-33 -7 -34 0
58 -30 51 0
-67 -50 -9 0
57 62 -15 0
-53 25 9 0
-15 23 60 0
-8 -35 -15 0
-31 23 -37 0
31 62 64 0
-26 -1 -15 0
34 46 3 0
9 -41 -67 0
-45 -9 27 0
-41 -34 -40 0
25 -1 67 0
25 -55 36 0
-9 -2 30 0
-60 65 -66 0
-8 -32 24 0
50 -51 -27 0
38 -22 -35 0
7 -14 52 0
63 61 -62 0
-19 16 -56 0
-59 54 45 0
-25 -61 65 0
49 -16 50 0
-24 4 -23 0
-47 61 5 0
-48 -26 -20 0
4 57 41 0
-54 -55 -12 0
-67 -59 -5 0
-17 67 39 0
18 47 -12 0
34 66 15 0
-38 -43 57 0
39 50 43 0
-21 -58 -18 0
-22 -41 -44 0
-35 -24 -39 0
-19 62 -28 0
-55 -62 17 0
-61 -15 -20 0
-50 -54 -56 0
28 -24 42 0
-30 40 -63 0
-59 -54 -35 0
-64 -24 56 0
45 17 -53 0
-53 -26 -55 0
61 50 60 0
-43 -62 -56 0
-9 -43 64 0
-31 6 3 0
-26 -67 36 0
-64 -47 11 0
25 -56 44 0
-52 67 37 0
-24 -61 3 0
55 6 15 0
-32 43 45 0
-40 19 41 0
47 12 20 0
-37 27 -62 0
67 58 27 0
-48 -9 -6 0
-33 34 17 0
27 26 66 0
-24 -60 -35 0
53 -36 -47 0
28 58 47 0
-54 51 65 0
54 15 28 0
-25 63 -18 0
-37 -15 -52 0
34 30 -8 0
34 58 -11 0
13 -30 -5 0
-21 -43 3 0
64 2 33 0
52 22 -34 0
25 6 10 0
56 64 58 0
29 -63 -62 0
48 33 -63 0
17 63 49 0
53 -1 -21 0
28 -20 -11 0
29 -38 18 0
17 1 -47 0
-32 55 20 0
16 -54 14 0
-66 28 -46 0
-43 64 42 0
-49 48 24 0
-63 4 -39 0
-66 -44 10 0
53 64 15 0
-3 -57 -12 0
46 33 -4 0
27 38 -18 0
41 5 -18 0
-27 62 -23 0
28 -21 -42 0
-11 -16 43 0
-61 37 -44 0
-30 -47 -14 0
-52 56 -23 0
33 8 -40 0
-10 31 61 0
-48 52 -46 0
5 -29 11 0
-26 61 -28 0
-10 46 -64 0
-21 -57 46 0
-16 58 19 0
46 55 -40 0
-1 31 39 0
17 2 -41 0
6 20 33 0
-18 -15 57 0
16 54 -66 0
-43 52 -20 0
28 44 -41 0
-36 31 -47 0
67 54 -34 0
10 12 17 0
-48 -19 22 0
-58 -21 34 0
-31 44 42 0
66 42 -36 0
15 -52 49 0
45 -59 32 0
-37 25 -17 0
-22 -46 27 0
-41 42 -18 0
17 -23 -29 0
23 -6 -4 0
5 48 15 0
21 -40 -4 0
-62 34 63 0
31 -39 40 0
57 22 54 0
42 -44 47 0
11 -47 51 0
52 -16 -17 0
39 -9 -47 0
63 -54 -12 0
59 12 -25 0
-3 7 -54 0
51 -17 60 0
45 31 26 0
-32 -25 63 0
-14 -26 35 0
13 -57 -46 0
