p 39 166
-6 34 -33 0
-7 -28 22 0
23 -20 -7 0
-2 -23 29 0
-24 -8 -22 0
37 17 -7 0
-30 -39 28 0
-23 -26 38 0
38 -39 -37 0
32 -8 20 0
-31 -8 -39 0
38 -30 25 0
-15 14 36 0
-7 35 -14 0
39 -13 25 0
-31 37 -36 0
-30 -10 -22 0
11 -33 17 0
32 38 -31 0
-1 11 24 0
7 -30 -15 0
-2 -18 -31 0
-18 13 16 0
19 32 -6 0
-21 -18 13 0
-31 -34 19 0
-18 37 -33 0
25 -7 28 0
-24 -30 -32 0
-23 2 18 0
-25 -27 -8 0
26 -11 -2 0
17 -24 -14 0
-9 -6 12 0
-38 -32 -11 0
16 -15 39 0
34 31 23 0
9 38 -5 0
-3 8 34 0
32 -21 -14 0
15 37 -4 0
30 20 -19 0
-34 -23 -11 0
-10 25 2 0
14 -18 27 0
22 -2 -8 0
6 16 25 0
-20 -31 -2 0
-12 14 -22 0
-5 -18 31 0
10 4 15 0
-8 -2 6 0
-36 -2 -3 0
-15 1 14 0
-6 -32 -22 0
34 -31 -27 0
-14 20 -34 0
31 -11 -27 0
-4 5 2 0
-28 24 -21 0
14 32 4 0
13 -10 6 0
11 -29 -22 0
18 -4 -2 0
-27 -24 -13 0
16 15 -11 0
-18 5 -37 0
25 5 10 0
3 -21 26 0
-34 31 -7 0
-28 12 5 0
-2 -22 -13 0
-18 -6 -3 0
3 7 -35 0
8 11 3 0
-37 34 -32 0
-30 -17 -18 0
-13 12 -23 0
-26 -8 35 0
-35 -33 3 0
16 28 22 0
-16 22 -11 0
-15 20 -19 0
-3 22 34 0
34 -31 26 0
26 25 -22 0
-12 -10 36 0
39 10 -29 0
-12 31 -30 0
15 27 -39 0
6 -19 31 0
-33 -17 28 0
32 28 18 0
15 -24 23 0
4 14 11 0
21 -31 17 0
-1 -4 21 0
-35 -24 21 0
-37 20 -21 0
-15 30 12 0
13 -22 -20 0
-9 34 39 0
-22 -10 -28 0
-33 39 10 0
29 20 27 0
-32 20 -30 0
9 11 37 0
10 34 -12 0
13 12 -29 0
10 -6 3 0
-1 39 -32 0
-9 13 38 0
-11 -31 -7 0
-36 -27 -22 0
-12 -39 2 0
-33 -27 -19 0
32 20 4 0
33 28 21 0
37 27 -22 0
-21 16 -28 0
22 -16 13 0
24 -11 25 0
9 12 5 0
14 29 7 0
-37 -4 -33 0
30 -7 -33 0
-33 -11 27 0
-10 13 34 0
26 37 -38 0
6 -23 15 0
-38 32 16 0
34 39 14 0
36 16 -27 0
19 -23 -9 0
-28 38 -3 0
4 -20 2 0
-39 -20 -25 0
30 28 7 0
-37 -28 -21 0
36 -6 15 0
27 33 21 0
-27 -20 39 0
22 -8 33 0
-30 -26 33 0
37 12 -7 0
28 -6 38 0
34 32 -24 0
-17 6 -9 0
35 20 5 0
27 -36 -10 0
19 27 5 0
7 -39 -15 0
-5 29 -1 0
14 12 15 0
-8 19 2 0
-33 20 -1 0
-34 8 3 0
-34 8 -9 0
8 -16 -10 0
-5 18 20 0
-23 13 10 0
-8 -26 10 0
-6 36 -5 0
31 36 -11 0
-32 -13 -27 0
-6 -11 -36 0
