p 24 102
22 3 7 0
7 2 23 0
-17 -13 14 0
3 4 -11 0
4 24 6 0
19 6 -9 0
5 21 -20 0
-21 -7 18 0
-13 5 14 0
22 8 -4 0
18 -3 24 0
9 -16 14 0
-7 21 -11 0
-11 -9 -7 0
23 12 -22 0
-11 -9 1 0
-15 -11 -3 0
-18 19 11 0
-2 -20 6 0
10 24 -8 0
14 -18 11 0
9 -20 5 0
16 21 14 0
-12 7 -18 0
4 15 14 0
-19 -11 2 0
-7 11 24 0
-6 -11 24 0
-19 -18 14 0
-23 15 21 0
-6 24 -12 0
20 -7 -5 0
-13 23 -12 0
11 17 -22 0
-13 -1 7 0
20 -5 -19 0
21 8 -1 0
21 -7 -23 0
-4 19 -20 0
4 -16 13 0
-13 -22 10 0
-22 20 -10 0
-5 19 -15 0
1 -12 -11 0
4 -2 -10 0
-12 -14 -4 0
16 -3 15 0
7 13 -5 0
-8 -12 -16 0
-14 12 20 0
5 -7 1 0
-4 -1 14 0
19 -5 3 0
-7 21 -8 0
-3 -23 -2 0
-1 -10 -5 0
23 8 17 0
-21 -3 8 0
14 1 10 0
-6 15 24 0
19 7 17 0
-17 20 -16 0
8 11 -10 0
14 4 24 0
15 6 -13 0
-4 8 18 0
-19 -14 11 0
8 -12 3 0
15 17 24 0
-2 13 15 0
-21 -3 -2 0
24 4 -13 0
17 4 -2 0
16 -20 -3 0
15 -17 3 0
-9 3 -15 0
-9 5 -20 0
-11 -7 16 0
1 8 23 0
11 9 -3 0
21 14 -2 0
-20 17 12 0
-4 -23 6 0
16 1 -22 0
-19 -5 11 0
17 -6 -18 0
21 -6 22 0
2 11 20 0
8 16 -22 0
12 -16 17 0
-23 21 22 0
6 7 -8 0
8 -2 -23 0
5 19 16 0
8 14 -1 0
-19 -3 -16 0
-10 17 -11 0
13 -20 9 0
-5 2 7 0
-12 11 -14 0
-2 -15 14 0
-5 -3 13 0
