p 51 217
-32 -49 -43 0
45 33 38 0
-26 6 19 0
-46 13 34 0
-32 49 -41 0
11 -17 45 0
36 -2 41 0
43 14 -8 0
-6 44 -9 0
-36 27 49 0
-18 29 45 0
-48 16 -7 0
19 29 25 0
-42 -12 28 0
-14 -23 22 0
-49 47 -46 0
-4 -29 44 0
-49 35 -44 0
9 -17 -41 0
-36 44 2 0
-48 21 -23 0
-14 27 37 0
29 -16 12 0
48 -45 42 0
-37 10 -41 0
21 -43 27 0
10 32 -47 0
33 -49 -14 0
19 -4 -5 0
13 -33 -8 0
-40 -14 -11 0
8 -35 7 0
-2 -47 -32 0
15 -35 34 0
-13 -33 3 0
-7 -34 4 0
-4 -28 -39 0
-2 19 10 0
48 -40 -27 0
40 42 24 0
-37 -27 23 0
-33 34 -9 0
-27 21 -38 0
14 32 35 0
-21 25 -22 0
7 33 -49 0
28 37 7 0
-10 36 -9 0
3 10 6 0
-18 -10 15 0
40 1 20 0
34 33 -42 0
11 15 29 0
39 14 -47 0
21 -2 -26 0
12 -45 51 0
46 -10 2 0
28 -12 -33 0
18 30 16 0
45 -22 18 0
40 -24 35 0
-2 37 36 0
3 -7 51 0
-12 -32 2 0
-12 36 -26 0
23 22 1 0
12 17 -21 0
17 2 -11 0
20 -13 -22 0
29 -5 40 0
-2 -50 22 0
-50 5 -34 0
12 -38 -26 0
5 -3 32 0
-47 25 -30 0
7 -42 21 0
43 46 24 0
-47 -10 -45 0
-8 -10 -6 0
24 11 -36 0
-7 -29 30 0
33 37 -45 0
41 9 -26 0
2 5 30 0
-51 15 -44 0
-6 -28 24 0
11 9 31 0
-6 20 34 0
9 -46 31 0
-36 25 16 0
39 32 5 0
-19 21 32 0
-7 15 -34 0
-30 42 -14 0
-30 -41 -4 0
38 46 16 0
42 -27 -12 0
30 47 -36 0
-30 33 -35 0
-11 -23 42 0
15 -25 21 0
40 -12 -36 0
41 30 9 0
21 -43 3 0
28 -44 21 0
33 -20 -34 0
13 -6 -26 0
-26 -46 32 0
32 35 8 0
-29 -22 6 0
32 28 -43 0
29 -37 26 0
6 35 -41 0
47 6 48 0
-33 5 19 0
33 38 -23 0
2 34 -43 0
45 31 -8 0
-48 8 -43 0
3 22 4 0
-30 -2 -23 0
50 -26 24 0
20 -2 42 0
-37 51 49 0
35 26 -44 0
8 18 -10 0
-16 -46 -32 0
43 -21 23 0
30 10 49 0
20 -13 -6 0
7 1 -9 0
24 -19 6 0
49 11 45 0
-6 -17 -8 0
17 29 5 0
13 -25 41 0
-19 32 4 0
23 41 -26 0
-39 -10 -22 0
-28 43 -40 0
-38 -42 40 0
-2 11 9 0
4 -46 19 0
47 9 32 0
3 -16 1 0
-46 44 -12 0
-28 45 32 0
6 -13 -22 0
51 -23 -24 0
51 -48 -50 0
11 -43 -29 0
-7 -51 40 0
-19 47 -32 0
-29 -17 -48 0
-45 21 28 0
36 1 -50 0
-3 9 -7 0
41 -47 50 0
-46 -2 -11 0
-1 -32 -36 0
-17 37 24 0
-20 22 -27 0
8 -1 2 0
-36 -12 18 0
-30 -1 -14 0
42 -32 45 0
-2 31 -4 0
-34 33 -14 0
-19 -48 -12 0
22 -3 39 0
-41 -19 8 0
13 26 -21 0
-10 -8 -34 0
13 20 -25 0
-44 -2 33 0
-38 -30 -16 0
16 34 -27 0
45 -13 -12 0
-8 -1 46 0
-18 38 44 0
41 -23 -40 0
15 43 14 0
17 -29 -26 0
29 51 -35 0
-35 -38 -7 0
-8 -39 -20 0
4 27 49 0
27 -4 -13 0
10 46 35 0
-47 32 25 0
-42 -21 -19 0
-4 -9 49 0
17 -10 -33 0
37 11 -49 0
12 33 20 0
44 35 34 0
8 37 28 0
-46 -16 -42 0
-46 40 36 0
-22 -5 24 0
-43 -20 42 0
-36 -1 16 0
25 24 27 0
51 -12 42 0
-22 46 -43 0
32 -26 -14 0
22 27 -36 0
12 -16 39 0
45 -23 41 0
5 -4 -41 0
-27 38 20 0
-27 13 -34 0
-36 32 -24 0
-35 11 -1 0
-29 -48 37 0
31 9 7 0
24 42 -50 0
