p 15 63
15 -14 6 0
9 6 1 0
-10 -5 -13 0
-5 4 7 0
12 9 3 0
2 15 14 0
4 -5 -2 0
-4 -12 -15 0
-5 -10 -14 0
-5 -3 -12 0
-11 -13 4 0
-14 -10 4 0
-8 15 11 0
6 -14 -8 0
13 -15 8 0
-4 -5 -6 0
-1 -2 -15 0
10 1 5 0
8 -1 -2 0
-11 5 6 0
5 1 14 0
-12 -6 7 0
4 -14 1 0
-4 -10 -7 0
9 7 6 0
15 11 4 0
-2 -11 6 0
-8 -2 1 0
7 -3 -12 0
-9 -12 6 0
-9 13 10 0
9 -10 12 0
-1 -5 -6 0
-15 10 -14 0
-2 8 13 0
1 -9 2 0
10 -15 -3 0
-11 6 10 0
3 9 -13 0
8 2 1 0
-13 1 -11 0
-11 -14 7 0
-6 4 3 0
11 12 1 0
13 -2 9 0
-2 -14 -12 0
-15 -1 -10 0
-13 9 11 0
-8 -10 -11 0
12 -9 13 0
6 -4 15 0
-3 11 -10 0
8 2 -4 0
-12 15 -8 0
11 5 14 0
6 -8 -13 0
-4 8 7 0
5 9 -13 0
-9 -15 1 0
8 1 2 0
5 -8 -12 0
15 -14 6 0
-7 14 -8 0
