p 98 417
55 71 -93 0
-48 -37 75 0
82 -32 64 0
-30 -31 -8 0
-46 50 53 0
-73 -2 56 0
-90 73 44 0
-49 -17 70 0
-16 52 -55 0
9 -13 25 0
-26 79 8 0
58 53 -49 0
-41 59 29 0
14 93 41 0
-63 24 22 0
89 79 -32 0
-60 -44 -24 0
49 10 -97 0
80 -21 -25 0
35 -46 74 0
71 -46 -30 0
58 75 72 0
5 -23 20 0
54 -70 -79 0
17 44 -87 0
-87 45 -15 0
84 -55 -34 0
31 -6 15 0
34 32 -58 0
-28 -83 -91 0
56 -79 94 0
-57 21 13 0
-52 41 17 0
-94 34 54 0
64 -71 79 0
2 -32 8 0
63 -86 22 0
50 56 -53 0
37 69 -90 0
37 -4 -65 0
-48 23 -2 0
97 -94 15 0
-22 -97 -12 0
-14 66 -77 0
-3 40 2 0
17 -92 53 0
-40 -87 -44 0
84 -4 77 0
-47 25 -75 0
-79 94 72 0
-13 14 -40 0
-67 13 96 0
73 -6 90 0
-12 22 31 0
68 57 93 0
-59 44 82 0
-81 93 -56 0
36 70 78 0
46 -78 69 0
-54 -58 -19 0
-77 -31 12 0
-76 -54 -57 0
84 10 -5 0
-75 40 -70 0
47 60 7 0
35 57 -48 0
-58 28 7 0
-32 63 -5 0
-11 30 46 0
1 -36 -92 0
-93 95 17 0
-43 59 -97 0
86 61 41 0
-54 -13 -17 0
73 -12 -77 0
-83 -87 6 0
-55 36 45 0
57 24 -44 0
-37 -45 -69 0
61 -13 -58 0
49 -17 53 0
-54 91 3 0
-37 -98 -83 0
42 43 65 0
-11 -95 -33 0
-53 50 -91 0
-58 9 42 0
88 -58 -43 0
-72 44 -91 0
-22 77 3 0
-80 -11 5 0
6 -94 -58 0
-82 50 94 0
-60 12 59 0
-13 71 18 0
73 -4 -12 0
-7 87 53 0
44 -38 94 0
19 67 -59 0
9 -21 12 0
70 29 -73 0
96 46 -70 0
-87 8 53 0
9 43 62 0
59 -16 -22 0
-50 52 -49 0
-37 18 70 0
-11 97 59 0
27 -25 19 0
15 85 38 0
92 -73 88 0
65 39 -11 0
-17 -38 61 0
-51 84 -86 0
68 -1 -79 0
80 52 27 0
73 -35 -52 0
-17 -72 18 0
93 48 -56 0
19 -32 96 0
-70 81 -56 0
11 88 19 0
-8 96 -63 0
-57 47 98 0
-87 -70 40 0
56 41 -78 0
-83 36 -32 0
-28 -13 81 0
41 3 -83 0
3 -72 56 0
10 -74 -87 0
-12 10 -25 0
-96 -33 69 0
42 -94 -83 0
69 -51 13 0
-59 92 38 0
-36 -70 77 0
-94 12 -37 0
90 28 8 0
72 -40 68 0
80 -42 -81 0
32 -4 62 0
27 -91 -50 0
22 40 -90 0
52 84 -51 0
8 55 -96 0
6 -81 -84 0
-54 -62 38 0
-63 16 68 0
-2 80 -95 0
41 -98 -42 0
76 -67 -48 0
7 78 59 0
-25 76 -3 0
-21 -70 -52 0
-45 -17 -31 0
44 57 -78 0
-79 -50 -7 0
-66 44 4 0
-69 36 96 0
-27 -58 46 0
22 -63 95 0
62 16 -46 0
15 -87 69 0
92 46 13 0
88 -55 65 0
-75 -24 64 0
-83 -5 -6 0
-78 68 71 0
22 -5 84 0
-6 -47 -82 0
-76 -73 -63 0
6 37 12 0
-52 35 -87 0
20 -62 72 0
66 -30 -52 0
-46 -97 87 0
-82 55 46 0
29 9 71 0
-3 42 14 0
49 47 82 0
13 -25 70 0
-72 28 -42 0
-28 9 -34 0
-32 -79 53 0
87 5 9 0
-22 77 -89 0
22 -80 75 0
-13 -92 9 0
-87 62 -18 0
-84 83 -27 0
-96 -54 -38 0
79 -13 87 0
-73 -63 -59 0
76 23 46 0
-13 -81 77 0
-82 -19 -33 0
9 92 -64 0
32 -16 65 0
-95 38 -5 0
-78 97 -55 0
47 -56 -35 0
-81 -26 -50 0
34 71 48 0
13 -31 85 0
-62 -54 1 0
-38 -35 -15 0
-46 -3 34 0
54 35 41 0
33 -22 -74 0
91 47 84 0
-79 37 21 0
-34 -91 -82 0
-44 20 11 0
86 -59 24 0
-25 -93 10 0
39 66 90 0
57 -10 -23 0
-68 -58 -84 0
26 58 -38 0
82 55 23 0
-14 33 -87 0
22 -54 -85 0
39 78 21 0
-88 -61 26 0
24 3 35 0
43 90 -45 0
3 -57 -34 0
-4 52 -80 0
-37 61 69 0
97 -22 -45 0
-31 -51 -93 0
7 -29 -25 0
25 29 -31 0
69 11 -79 0
-14 -5 -11 0
96 82 77 0
51 -48 49 0
53 52 -67 0
-26 -20 90 0
-58 -80 42 0
-50 -45 -16 0
16 10 81 0
-45 -88 49 0
14 51 -33 0
52 1 67 0
-72 -61 54 0
12 68 -52 0
89 -36 -37 0
23 78 -93 0
-59 -19 -63 0
4 -96 13 0
-5 -79 95 0
82 28 95 0
-86 60 85 0
28 44 69 0
-25 90 -61 0
-33 89 57 0
54 -83 72 0
91 -52 82 0
-45 -93 -13 0
90 34 1 0
21 71 -29 0
89 82 2 0
-15 3 6 0
68 -89 -32 0
79 5 -26 0
87 42 -91 0
8 96 -77 0
-50 22 -55 0
-62 -14 -17 0
51 -50 78 0
-35 9 -80 0
-65 2 7 0
-65 30 97 0
-92 83 34 0
47 43 -84 0
-90 -96 -38 0
-46 66 -28 0
87 -92 -81 0
-69 14 -27 0
10 75 -56 0
-11 -76 93 0
9 25 -42 0
3 -28 -62 0
12 97 -14 0
-5 -94 -28 0
38 -3 21 0
8 61 -27 0
93 -17 50 0
-9 -68 -40 0
91 -43 -1 0
-33 -50 -58 0
61 11 93 0
94 -4 -18 0
63 -47 4 0
35 -1 -16 0
15 67 6 0
59 -2 68 0
-83 31 -28 0
10 -72 -95 0
41 28 51 0
33 83 69 0
27 -93 -65 0
71 14 -53 0
-85 12 39 0
-15 -64 -16 0
76 -60 -50 0
86 98 -57 0
11 67 78 0
16 26 5 0
64 -18 -7 0
39 96 10 0
26 37 22 0
17 -5 91 0
-38 63 -67 0
32 16 48 0
-10 -27 -87 0
34 -98 -85 0
-89 41 -75 0
38 20 -95 0
-27 58 66 0
83 94 -42 0
-4 -12 -46 0
85 31 -67 0
-67 49 -11 0
67 -68 -59 0
37 74 64 0
-37 -64 29 0
16 8 84 0
-52 35 -62 0
-19 38 -82 0
-91 -10 -86 0
-21 61 -82 0
-49 90 24 0
-2 26 39 0
66 -36 68 0
-19 -54 12 0
-9 21 -40 0
-46 54 -64 0
-38 -11 -23 0
18 -27 88 0
64 8 42 0
-29 -64 17 0
-31 -44 -85 0
90 -98 -43 0
-47 -45 55 0
92 30 10 0
73 -65 50 0
-95 -12 -81 0
-16 78 -6 0
34 31 -33 0
77 20 -63 0
82 -42 22 0
-78 6 -86 0
-51 18 -45 0
-78 57 81 0
87 -16 1 0
90 -56 -1 0
62 18 68 0
-53 -71 87 0
69 11 -32 0
-92 44 -75 0
30 88 -77 0
-30 76 -43 0
15 30 45 0
-53 47 2 0
30 53 -65 0
51 88 47 0
48 -20 -25 0
-65 -64 17 0
-42 -58 71 0
37 -94 29 0
-67 57 -74 0
-27 85 -54 0
-34 71 63 0
96 57 55 0
-55 17 -22 0
-97 73 -69 0
4 -28 54 0
-95 -26 94 0
64 65 -27 0
-58 39 -73 0
91 5 57 0
9 59 77 0
48 -2 6 0
-46 -25 30 0
-96 -54 -79 0
-78 -40 34 0
41 -91 -24 0
-18 -70 23 0
12 -78 -32 0
-28 -46 -92 0
6 -47 -9 0
79 78 -36 0
-93 -30 -42 0
52 95 -34 0
97 -74 -54 0
96 -27 91 0
21 -36 -12 0
-67 59 27 0
22 90 4 0
-27 47 -97 0
71 -92 65 0
-53 71 -98 0
34 5 71 0
11 32 -76 0
-58 -80 72 0
-73 -49 -64 0
75 -77 67 0
8 -90 58 0
-88 -26 -13 0
-44 30 -55 0
-34 -28 -73 0
-96 63 -57 0
-5 28 40 0
-84 -79 -27 0
