p 47 200
-37 -16 40 0
46 -7 22 0
-38 22 -40 0
-28 31 10 0
2 3 9 0
43 22 15 0
31 24 -2 0
31 5 -46 0
12 31 15 0
-13 -29 37 0
-19 24 -18 0
7 -33 -17 0
-42 32 -34 0
43 14 34 0
-27 31 -28 0
44 13 23 0
-5 10 -21 0
-18 2 28 0
-37 -35 -16 0
-46 12 32 0
-23 25 -30 0
-29 32 -10 0
24 -43 22 0
44 16 -45 0
-3 34 12 0
-40 15 35 0
4 -37 1 0
-40 -15 34 0
-46 2 27 0
-38 -10 -17 0
11 -4 38 0
-43 -18 -10 0
30 -37 -10 0
22 -6 35 0
12 -9 -42 0
-12 -30 -34 0
11 -18 34 0
27 -33 12 0
-32 17 -10 0
23 -11 21 0
-19 29 -43 0
11 -35 -29 0
-30 -39 -46 0
14 -28 34 0
-35 -6 -41 0
43 47 -10 0
-15 -45 24 0
-17 19 -47 0
11 39 -4 0
-13 -39 -21 0
13 -19 47 0
-38 47 39 0
36 -26 8 0
-2 -21 44 0
38 -28 46 0
-25 -35 -26 0
-17 23 14 0
-3 -40 -19 0
23 41 35 0
12 5 -24 0
27 -3 9 0
-33 27 -42 0
45 -25 28 0
39 -15 46 0
-26 -22 -35 0
-8 -22 -38 0
8 23 46 0
34 27 -39 0
33 -4 19 0
2 -22 10 0
-7 -46 -9 0
-22 -44 -34 0
-33 3 43 0
-13 -44 24 0
-29 25 -44 0
-10 4 -1 0
-30 45 -40 0
38 9 -5 0
43 -34 31 0
38 -31 12 0
45 30 23 0
-25 -14 27 0
-36 -37 -39 0
29 43 -31 0
-5 43 -4 0
32 33 14 0
-28 32 -40 0
-6 -23 5 0
-15 -40 38 0
39 11 -12 0
-17 13 -5 0
46 -40 7 0
13 -47 41 0
4 -41 45 0
-5 -10 -46 0
45 -13 -35 0
12 -18 -16 0
-10 36 -40 0
12 -1 -35 0
11 -42 32 0
-7 -16 45 0
-20 30 47 0
25 17 30 0
-46 -33 21 0
-21 -44 -11 0
-7 19 -8 0
31 -39 32 0
-32 34 -4 0
-7 2 -27 0
-18 14 -43 0
29 -6 21 0
-10 -13 37 0
17 -35 38 0
11 -2 -46 0
-32 47 -44 0
25 28 17 0
41 -16 26 0
-38 2 1 0
-42 5 -8 0
13 8 29 0
11 -44 37 0
9 -1 -11 0
27 5 26 0
-40 -21 14 0
-16 39 -5 0
-24 -29 45 0
-25 -30 -15 0
15 14 -26 0
-20 31 -26 0
17 36 -38 0
25 -19 -3 0
-11 13 -12 0
-22 -17 -25 0
-29 13 -33 0
-11 33 39 0
-30 7 -6 0
-6 19 17 0
-27 2 -38 0
-33 14 31 0
14 -10 -41 0
-39 -38 -23 0
-36 -2 -31 0
24 26 -47 0
-37 -15 11 0
45 41 7 0
14 -42 -22 0
33 8 30 0
-36 -16 47 0
6 35 1 0
43 16 13 0
-32 -14 -36 0
-3 18 -7 0
-13 35 -37 0
39 -45 -23 0
2 4 -21 0
45 -28 -7 0
-24 22 -41 0
-11 16 -14 0
13 -38 37 0
-18 33 -21 0
40 9 29 0
10 -8 9 0
-12 -30 18 0
20 -46 -3 0
-30 -41 -11 0
-40 -31 35 0
17 -30 4 0
43 31 -29 0
4 18 32 0
-16 -21 24 0
39 24 -19 0
33 -28 19 0
-47 43 11 0
7 22 44 0
6 2 18 0
24 -43 33 0
-40 42 -8 0
-14 -2 -26 0
30 21 -35 0
2 -45 -38 0
14 43 -5 0
-37 -15 -10 0
-15 23 -46 0
12 2 37 0
45 32 -11 0
36 11 34 0
39 -20 -29 0
34 -28 12 0
42 28 -19 0
21 26 46 0
6 2 34 0
-39 3 -35 0
-36 37 -41 0
44 21 -10 0
-23 -24 47 0
-27 -31 -7 0
46 -23 7 0
-46 37 -38 0
19 10 -26 0
23 -44 15 0
