p 97 413
-84 32 86 0
-4 41 -63 0
87 59 1 0
21 -20 60 0
-86 92 -61 0
70 -58 -43 0
51 34 6 0
-59 -33 -28 0
66 56 4 0
-52 55 50 0
-68 -27 -32 0
-81 -19 -29 0
80 -1 -4 0
31 -60 -4 0
83 -69 -13 0
-2 42 -78 0
39 3 -57 0
71 -26 97 0
-80 -75 -65 0
10 82 -76 0
-21 -47 -83 0
11 53 -14 0
-4 11 -53 0
-15 -48 60 0
-65 -36 49 0
58 55 -6 0
-28 -69 29 0
93 41 76 0
-16 -1 -3 0
-72 43 -61 0
17 90 57 0
70 -14 -77 0
-24 32 55 0
8 84 66 0
-15 -81 -10 0
-69 37 23 0
41 97 -71 0
-50 77 19 0
83 -27 70 0
65 26 18 0
26 -39 -8 0
-16 -34 46 0
18 41 23 0
69 83 15 0
70 73 26 0
27 44 56 0
69 41 60 0
47 12 60 0
-21 53 -97 0
-73 45 -30 0
-35 -32 -60 0
74 38 6 0
-46 -68 -5 0
41 -2 88 0
69 -53 -87 0
-76 -27 50 0
39 -8 69 0
-72 -35 -52 0
-32 34 -85 0
13 -75 -24 0
82 -21 41 0
-55 79 23 0
-49 25 96 0
-9 -71 18 0
48 17 -75 0
59 -12 -70 0
-78 88 -1 0
-63 9 59 0
11 -8 -25 0
13 46 1 0
93 95 31 0
-76 88 -35 0
-7 -59 -36 0
-72 -25 -2 0
-50 -34 79 0
92 28 -14 0
28 61 26 0
-36 34 -88 0
-42 81 97 0
-13 -87 -28 0
87 84 -6 0
-87 57 -83 0
-83 -65 -1 0
91 39 -22 0
-60 -15 -18 0
89 -97 -2 0
-76 93 21 0
85 72 -75 0
-5 -32 -80 0
-20 -57 46 0
-48 9 15 0
97 89 78 0
35 -81 70 0
97 62 -87 0
88 29 -55 0
21 5 -32 0
8 -76 41 0
-75 -72 -52 0
93 78 77 0
93 68 45 0
3 48 64 0
95 -59 53 0
-39 57 17 0
5 8 -43 0
44 -59 69 0
71 -47 23 0
26 -24 12 0
83 9 29 0
-40 34 35 0
-68 79 1 0
35 -58 -65 0
7 -54 -19 0
22 -33 -42 0
-20 -30 94 0
57 51 -41 0
-37 24 45 0
40 93 -9 0
20 84 29 0
-57 89 -12 0
-36 -41 -26 0
67 -64 -35 0
60 62 23 0
24 27 -81 0
14 -46 13 0
30 64 -10 0
37 82 9 0
30 20 46 0
-12 -21 33 0
-5 -17 19 0
2 -58 68 0
-15 -45 -67 0
61 80 50 0
93 -7 -35 0
78 47 91 0
68 -31 -21 0
56 -69 88 0
-71 -94 7 0
37 -53 85 0
85 21 40 0
85 -88 -6 0
-31 28 -35 0
72 -51 37 0
-97 62 10 0
-11 13 -27 0
-90 -67 -43 0
-73 -93 -43 0
21 -79 -17 0
3 36 -4 0
-91 53 -79 0
3 96 82 0
42 -41 -90 0
63 -54 39 0
23 -94 -77 0
7 97 13 0
97 65 29 0
-13 -66 25 0
-37 15 52 0
15 66 -42 0
-17 76 -68 0
-95 -14 76 0
-13 -11 -93 0
14 -9 -34 0
-94 73 -52 0
-77 -64 -76 0
-87 -62 -90 0
-87 -39 44 0
-73 33 -70 0
-11 84 -24 0
-86 -82 -25 0
25 95 -46 0
-1 -7 -72 0
43 94 -80 0
-55 61 31 0
59 -18 -3 0
-85 8 -66 0
31 11 -97 0
-8 67 -46 0
57 7 97 0
41 96 -30 0
32 -18 9 0
70 24 59 0
80 -88 -52 0
71 -50 12 0
56 42 17 0
-33 -50 -2 0
-13 -14 96 0
-10 56 26 0
-3 32 -4 0
-79 43 46 0
-25 -88 51 0
61 -48 41 0
-87 -60 18 0
65 -27 39 0
7 -48 72 0
-28 94 -74 0
-64 32 37 0
71 57 39 0
-24 61 -62 0
81 91 -28 0
93 -9 1 0
-82 -61 84 0
19 10 -55 0
-13 -46 62 0
-26 -3 57 0
-41 -63 21 0
34 33 -26 0
-9 -56 65 0
17 7 90 0
-41 -14 -58 0
61 26 67 0
-22 -85 -83 0
8 62 13 0
-61 -91 -3 0
-23 -73 -46 0
38 -26 -66 0
-18 34 -23 0
37 -94 -20 0
97 -13 34 0
53 85 -81 0
-20 55 -70 0
-9 -38 49 0
-84 4 -66 0
97 -95 -82 0
35 43 2 0
-96 50 -72 0
39 -68 -59 0
-73 -71 -6 0
88 -74 -69 0
60 -22 75 0
-1 -27 -70 0
62 97 46 0
87 -95 -88 0
74 35 -40 0
71 86 -89 0
-53 74 -14 0
7 -76 5 0
-22 67 -86 0
-77 58 -31 0
94 48 53 0
-5 65 15 0
17 -38 27 0
-60 39 -51 0
-90 -85 -45 0
91 -58 -2 0
-47 75 25 0
9 36 -31 0
31 -23 -90 0
9 94 97 0
72 8 -45 0
-26 -91 -50 0
-21 49 54 0
32 -35 91 0
-66 40 52 0
-35 42 93 0
-49 6 -17 0
43 -64 16 0
7 79 -69 0
-24 -90 -85 0
-53 12 47 0
42 -59 27 0
-65 38 -79 0
-67 -3 -2 0
30 -54 52 0
89 -88 -37 0
-64 -5 -54 0
86 62 60 0
13 34 86 0
-56 59 32 0
85 5 35 0
-31 16 18 0
-62 28 -51 0
-22 -87 -43 0
76 96 2 0
-42 -8 -71 0
-59 9 -46 0
-73 -7 13 0
-86 16 -74 0
77 3 -48 0
3 95 -96 0
-89 -81 -64 0
29 87 -62 0
95 -9 23 0
84 -79 -49 0
-30 45 70 0
-67 23 35 0
-38 -27 -63 0
-28 62 48 0
70 7 84 0
-5 -14 59 0
18 93 -49 0
23 -36 68 0
94 -69 -70 0
66 42 5 0
37 -76 23 0
96 39 78 0
55 27 -61 0
-81 -52 -11 0
-63 21 -51 0
62 -49 -95 0
45 -69 -88 0
-73 70 79 0
-3 -5 -97 0
-88 49 -26 0
64 13 68 0
97 -91 56 0
38 -15 36 0
87 -21 -15 0
-91 -82 -70 0
-14 -21 -6 0
-63 -56 14 0
94 -28 11 0
47 -10 -41 0
76 -45 -42 0
-10 25 -85 0
-88 -26 -59 0
-39 -87 6 0
27 -4 -73 0
46 -96 18 0
-61 -83 95 0
-6 -48 -94 0
39 61 -35 0
69 26 30 0
-59 -49 -12 0
3 -96 90 0
-8 46 39 0
61 86 17 0
-14 -41 -66 0
89 -96 -43 0
-46 82 63 0
75 -85 -34 0
-88 20 -86 0
-61 88 92 0
58 46 -26 0
-29 17 -92 0
-60 -67 75 0
37 93 -58 0
13 91 76 0
97 29 -36 0
-71 39 -33 0
-3 -75 19 0
21 94 3 0
40 -21 60 0
-63 -34 77 0
41 32 17 0
-25 41 -68 0
80 15 89 0
55 48 -53 0
-42 -94 32 0
78 -43 62 0
-47 -35 -50 0
-52 75 29 0
-3 23 63 0
-62 -45 -37 0
81 -91 59 0
32 53 5 0
47 63 -72 0
-81 69 59 0
-88 -76 -5 0
17 -71 29 0
-67 70 -3 0
10 76 3 0
-63 46 -20 0
6 -25 -69 0
3 -31 -44 0
-71 52 -1 0
24 -46 -57 0
17 77 45 0
-79 61 16 0
-96 26 83 0
5 -45 -80 0
58 85 40 0
-93 48 26 0
-77 -82 -32 0
97 88 82 0
39 4 -49 0
34 3 70 0
77 94 55 0
60 -91 -47 0
29 -21 25 0
87 -83 -47 0
-73 59 65 0
-1 -45 79 0
47 52 17 0
-58 91 -48 0
-61 -67 -60 0
43 79 66 0
27 -42 -67 0
-26 -92 38 0
92 66 -91 0
6 80 -20 0
-66 -78 74 0
-2 -25 28 0
-59 -23 50 0
-43 -4 50 0
82 -23 21 0
44 -54 -91 0
22 31 -53 0
31 72 53 0
83 15 -73 0
-42 91 15 0
-5 -18 1 0
-53 78 70 0
-28 21 -25 0
79 -4 86 0
35 53 11 0
-11 88 -81 0
-63 -27 6 0
-58 -5 56 0
-3 -73 -25 0
77 -23 -83 0
-39 -34 62 0
81 39 47 0
-63 -72 73 0
