p 72 306
31 71 20 0
16 66 -7 0
-3 -72 22 0
70 7 -29 0
42 -19 -47 0
43 49 -1 0
-1 70 9 0
-62 16 55 0
-25 -13 -63 0
66 -14 -6 0
-48 65 -9 0
41 -17 63 0
37 -65 -15 0
22 -43 49 0
-56 -29 -8 0
31 54 -30 0
-13 46 17 0
53 -65 -55 0
14 10 -50 0
-53 -14 45 0
-40 -37 -69 0
-2 -27 -1 0
-3 6 -51 0
-65 -64 28 0
-48 67 -8 0
62 59 18 0
-29 -6 -47 0
8 -2 30 0
-43 45 -1 0
-32 -69 34 0
68 -55 72 0
-34 -62 36 0
35 29 -22 0
24 56 -39 0
10 48 -63 0
-35 38 -48 0
25 70 30 0
27 9 -38 0
72 -2 -4 0
60 70 30 0
-8 -26 20 0
-24 -70 -56 0
-43 52 35 0
43 -9 -35 0
54 31 -3 0
42 -51 29 0
-13 -56 72 0
57 52 -17 0
-3 61 -50 0
-66 30 27 0
17 -34 59 0
27 -1 30 0
30 51 46 0
-14 20 44 0
37 27 16 0
-64 -41 -26 0
-21 42 -52 0
-27 -6 21 0
-67 4 11 0
61 64 18 0
-36 -20 34 0
55 34 -29 0
-59 -61 -21 0
2 -45 37 0
-56 16 25 0
40 54 -21 0
38 -25 72 0
-20 -51 70 0
-47 -3 49 0
-4 57 70 0
26 57 68 0
-13 -65 -33 0
-8 -17 -44 0
-27 70 -46 0
-21 28 33 0
-70 -54 -10 0
46 25 10 0
37 -15 -62 0
5 47 30 0
55 -66 -23 0
40 -22 -7 0
28 22 50 0
-38 -50 -13 0
-43 8 -21 0
5 30 -12 0
-50 64 -11 0
33 61 -11 0
40 48 2 0
33 -40 41 0
52 8 3 0
-17 -70 -58 0
28 -6 21 0
44 -64 -40 0
50 36 44 0
61 71 -57 0
-54 -44 -24 0
44 59 -64 0
66 -30 -72 0
33 20 -48 0
33 -66 62 0
45 42 32 0
-33 -41 -67 0
-69 71 59 0
-23 -64 42 0
-12 18 -66 0
40 -5 -51 0
36 9 -63 0
46 30 58 0
52 -54 -6 0
-72 71 -45 0
25 -32 42 0
-37 45 -58 0
-26 59 -8 0
54 15 -69 0
-71 63 49 0
-33 3 52 0
-35 -63 -22 0
45 67 12 0
34 7 45 0
-57 36 -16 0
-49 37 17 0
-19 -62 5 0
21 32 -12 0
-29 -61 -11 0
55 71 61 0
36 -9 -35 0
-29 48 42 0
-10 -35 -7 0
-54 -58 44 0
-51 38 7 0
-27 -52 -71 0
-33 -61 59 0
-33 -23 -63 0
-18 -64 38 0
41 -14 -67 0
-60 -12 61 0
17 -46 34 0
17 -65 5 0
32 -47 -51 0
61 -25 -69 0
3 10 -31 0
21 50 24 0
-51 -22 25 0
65 17 -8 0
60 69 57 0
-43 63 48 0
54 -60 -31 0
10 51 53 0
-39 -54 -53 0
-66 -20 60 0
23 -33 -1 0
66 35 26 0
-38 26 -57 0
-11 -39 -34 0
37 12 19 0
-66 -6 -11 0
-2 37 36 0
50 59 5 0
27 -65 -11 0
4 26 -46 0
4 26 -21 0
39 -3 -34 0
38 15 48 0
-48 -16 -10 0
71 12 -44 0
-5 -22 53 0
-62 -22 -21 0
-7 -38 57 0
-63 -6 -25 0
45 57 72 0
14 6 -38 0
-33 2 -67 0
-28 26 -72 0
2 30 -34 0
-27 68 13 0
40 43 31 0
10 57 -69 0
22 -64 -36 0
53 37 48 0
-70 -2 10 0
10 -37 18 0
-41 -42 31 0
-1 -15 51 0
32 -20 42 0
56 58 -68 0
28 44 -56 0
-1 -29 -17 0
-8 23 26 0
-38 27 -20 0
21 42 27 0
54 -66 -44 0
70 -42 -34 0
-4 16 -53 0
-50 33 -24 0
9 -48 20 0
-15 -40 -16 0
3 -62 63 0
56 69 8 0
27 56 -43 0
-28 50 -37 0
-12 65 -57 0
-53 -34 6 0
12 70 -43 0
31 44 43 0
-39 -72 -70 0
-33 -49 8 0
25 11 29 0
-37 9 35 0
17 20 32 0
13 55 27 0
-17 -64 -6 0
7 67 43 0
20 -62 -13 0
-54 -59 49 0
15 -24 16 0
-28 60 14 0
62 49 -37 0
-4 -10 46 0
-29 -28 -55 0
-39 -35 -3 0
43 37 -49 0
-69 32 8 0
-29 -27 -25 0
-45 -58 -56 0
-27 -22 69 0
-64 45 33 0
-68 24 32 0
-51 -60 -70 0
33 -47 23 0
-15 -35 -23 0
56 15 35 0
21 -47 48 0
-30 69 71 0
-18 36 47 0
-4 -52 45 0
44 67 38 0
57 6 -58 0
32 -72 -26 0
68 -42 47 0
4 19 39 0
65 -34 27 0
49 -16 12 0
-29 41 51 0
-30 -8 -64 0
-44 59 -33 0
-62 -15 -51 0
-42 -20 -44 0
36 62 -65 0
22 18 -58 0
-62 43 -25 0
-59 -48 -30 0
-56 24 21 0
66 16 -26 0
60 26 -16 0
-51 -58 42 0
44 16 41 0
-68 44 -11 0
6 34 12 0
-6 65 20 0
-22 -5 28 0
21 4 28 0
-41 40 25 0
-9 -36 -66 0
18 35 -14 0
-44 21 15 0
-19 -64 -70 0
-66 -10 32 0
-21 -13 -38 0
-26 57 -43 0
-40 38 -68 0
-31 -72 -9 0
-47 42 -46 0
24 57 -65 0
-56 -25 68 0
-14 36 -22 0
-58 -19 31 0
19 12 -56 0
5 21 31 0
20 -27 34 0
37 -20 57 0
55 11 62 0
27 -68 -25 0
60 -5 18 0
-50 -48 39 0
-40 -10 -55 0
27 -7 -71 0
-16 -8 -46 0
-65 51 5 0
-14 45 -57 0
-37 1 3 0
-13 1 -29 0
-50 10 3 0
-18 -10 -41 0
61 50 -33 0
-24 2 -63 0
59 -53 20 0
68 -56 6 0
-18 16 -50 0
-66 2 -23 0
10 -27 -51 0
-57 2 -18 0
-35 -25 54 0
-27 -45 -15 0
5 9 52 0
65 49 -53 0
-15 -12 -63 0
