p 26 110
18 3 17 0
12 7 -8 0
14 -24 -16 0
5 -9 8 0
19 -4 -17 0
-19 18 -15 0
-6 15 1 0
-23 6 13 0
-19 -9 -15 0
17 8 -24 0
16 23 -2 0
20 22 17 0
-26 14 19 0
-7 -12 13 0
15 -25 8 0
13 -19 -6 0
2 -23 22 0
17 16 19 0
8 15 -5 0
-16 -13 -24 0
-13 -7 -1 0
-5 16 -7 0
15 -12 -19 0
-4 15 7 0
8 4 16 0
-21 11 -12 0
7 -26 5 0
4 2 -17 0
-14 -9 12 0
-10 12 -8 0
11 -12 -17 0
24 -21 10 0
-5 22 -1 0
26 5 7 0
-8 -6 -17 0
-7 16 -26 0
-21 6 -17 0
16 24 18 0
5 -25 17 0
-1 -10 -11 0
-3 -7 24 0
-6 -2 25 0
-7 17 -2 0
-16 -13 10 0
10 8 11 0
22 -3 6 0
14 11 3 0
16 -20 -10 0
23 1 -18 0
21 -23 14 0
16 21 3 0
26 3 -24 0
-22 10 -2 0
-5 3 16 0
-10 26 18 0
4 -6 20 0
22 20 -24 0
13 -18 6 0
-20 -7 6 0
20 26 9 0
8 -9 -17 0
4 -21 9 0
-12 13 3 0
-16 -1 -25 0
-21 -10 -2 0
-24 -23 -20 0
9 -12 -21 0
-16 5 1 0
10 26 9 0
-2 24 10 0
-7 24 -21 0
-3 16 -23 0
22 -2 -24 0
1 26 16 0
-20 -14 -25 0
1 -24 3 0
14 -23 3 0
-13 4 -9 0
-2 -10 -19 0
9 21 22 0
25 20 -3 0
-15 12 17 0
10 -12 -11 0
23 16 -4 0
-16 25 24 0
9 15 -2 0
1 -24 15 0
-15 18 25 0
18 19 9 0
21 -8 -18 0
11 -13 4 0
4 12 -20 0
-13 7 -6 0
-2 -14 10 0
23 6 24 0
-5 -14 15 0
-18 5 24 0
1 -16 17 0
14 22 -1 0
-8 7 -19 0
23 18 12 0
5 16 -19 0
13 -6 -14 0
6 7 -18 0
-26 -8 15 0
24 -19 21 0
21 14 7 0
-18 5 -8 0
24 -22 26 0
20 -17 26 0
