p 88 374
27 -2 53 0
-88 -4 -60 0
27 11 -12 0
-58 75 30 0
27 58 72 0
-8 -59 -2 0
47 82 66 0
-48 25 -73 0
-62 -76 70 0
15 44 -6 0
-37 66 28 0
-64 -87 58 0
-34 -26 29 0
-41 44 -54 0
10 5 18 0
-12 -2 -30 0
-27 -86 68 0
65 10 17 0
-77 -15 -33 0
-84 -65 66 0
-53 65 41 0
-13 -75 -45 0
-43 87 -57 0
83 54 31 0
-58 -17 -76 0
-57 46 47 0
82 28 -44 0
-9 -58 -59 0
46 36 -22 0
16 20 67 0
-8 -76 -30 0
-86 3 34 0
-2 -25 -4 0
-51 -69 59 0
7 -34 -76 0
-20 8 -2 0
-55 -76 59 0
60 75 -4 0
-88 -79 52 0
-37 -9 -87 0
-40 85 -80 0
47 -58 -5 0
15 22 -31 0
11 38 -86 0
-86 -59 -52 0
54 8 -81 0
79 -83 15 0
-4 2 88 0
-54 -1 -17 0
-24 39 52 0
9 54 69 0
13 -77 17 0
18 52 82 0
45 26 65 0
-42 -49 -65 0
32 33 -70 0
-34 88 -31 0
55 78 -68 0
-74 25 -2 0
37 84 -66 0
80 8 -48 0
9 -43 86 0
-33 -57 -25 0
75 -39 -34 0
45 -1 8 0
4 12 80 0
-6 -77 47 0
77 13 -35 0
18 62 -3 0
-4 34 32 0
-7 -76 20 0
-13 70 79 0
-88 -41 -63 0
7 42 70 0
31 76 21 0
-22 -88 -68 0
-33 -9 82 0
-77 -3 48 0
-16 -74 77 0
-55 -56 17 0
-11 24 -74 0
43 -22 67 0
50 -86 16 0
-49 64 -62 0
39 60 -6 0
6 65 -29 0
81 59 -64 0
-45 7 -72 0
-88 87 13 0
77 12 88 0
-83 -50 26 0
-2 40 -58 0
41 70 -1 0
-88 64 -11 0
-71 34 43 0
-37 -84 -69 0
-12 66 -78 0
-24 52 -7 0
-41 35 67 0
-39 -62 -73 0
28 40 49 0
-56 -68 43 0
7 -38 59 0
48 6 -72 0
4 -65 34 0
-69 -62 -86 0
-79 74 25 0
76 -42 19 0
-23 8 -59 0
-53 -76 -9 0
87 16 -53 0
-18 -32 29 0
30 -36 -19 0
-16 54 4 0
33 -85 7 0
46 12 30 0
17 -88 35 0
-88 55 -54 0
-45 12 2 0
-25 -56 -66 0
-56 22 -48 0
4 -40 78 0
-62 -44 16 0
-8 64 -55 0
-19 15 -65 0
10 -48 3 0
41 61 -84 0
37 -17 -85 0
59 49 66 0
-10 -2 80 0
19 23 -27 0
-7 4 59 0
53 58 -22 0
13 -47 36 0
-79 -9 41 0
-21 80 19 0
-65 -76 51 0
46 -82 -64 0
-74 58 -68 0
-38 -68 -86 0
-29 38 -80 0
-59 54 65 0
-15 -66 67 0
-27 -37 16 0
-83 -45 -72 0
44 -19 -46 0
-49 46 4 0
-81 -17 10 0
69 -55 19 0
-7 -14 -81 0
-24 9 13 0
2 -44 -8 0
42 -3 41 0
73 27 28 0
75 9 66 0
17 -9 30 0
-31 85 86 0
-4 -77 31 0
-1 -53 69 0
-21 2 87 0
-22 26 -57 0
-53 -62 -33 0
-30 -3 -13 0
-13 -64 -17 0
-84 73 11 0
5 9 15 0
-59 35 -53 0
25 -59 68 0
-33 -22 69 0
63 51 -45 0
-11 6 81 0
44 19 38 0
-58 -88 54 0
-29 -50 41 0
-87 1 -42 0
68 57 41 0
-33 42 28 0
-48 -44 23 0
-33 34 -38 0
18 -43 55 0
18 14 60 0
29 67 80 0
50 32 29 0
-87 -47 -35 0
58 64 -42 0
11 -41 -20 0
18 65 -80 0
9 -84 3 0
23 31 62 0
8 19 -77 0
45 80 5 0
11 -6 -82 0
1 39 27 0
35 22 -80 0
27 48 74 0
4 46 12 0
-69 -14 47 0
19 -40 13 0
-73 50 -83 0
-14 61 -1 0
-17 -45 -56 0
-36 -17 22 0
-87 34 56 0
-66 -24 77 0
14 5 11 0
-38 2 81 0
-87 -72 -60 0
-82 33 -24 0
-46 -64 53 0
-14 81 10 0
72 62 7 0
-7 2 61 0
55 -36 21 0
-6 57 36 0
52 22 -10 0
-6 -11 1 0
-87 57 -35 0
71 33 -4 0
40 -70 -8 0
-82 68 28 0
-39 36 88 0
10 26 -76 0
-78 -82 -63 0
13 -55 10 0
-86 36 -44 0
85 -34 43 0
88 3 -31 0
12 -57 -66 0
-57 -10 -34 0
-8 66 73 0
64 10 74 0
49 -77 -23 0
40 6 -53 0
9 -80 10 0
-74 9 -68 0
-48 58 65 0
76 30 -54 0
-15 74 -16 0
59 -28 27 0
27 -21 55 0
-81 75 -15 0
44 76 -46 0
27 -40 -15 0
12 81 -19 0
70 -54 -23 0
32 -12 29 0
-50 9 82 0
-88 1 -22 0
-77 84 42 0
60 -15 -70 0
69 -50 48 0
-55 47 1 0
-45 6 -61 0
53 25 82 0
-29 -2 13 0
66 73 31 0
-63 45 10 0
-79 -85 6 0
-59 62 -40 0
57 -63 -61 0
-2 44 -19 0
70 -5 -22 0
14 34 -50 0
-45 -86 44 0
-78 -17 14 0
-28 52 -55 0
39 30 14 0
83 16 -24 0
-85 -47 -20 0
-25 -61 -56 0
84 -27 53 0
-59 -76 28 0
-78 -17 -24 0
15 18 -85 0
-84 -24 37 0
62 -26 -35 0
34 -86 -59 0
-88 -2 80 0
-26 9 -68 0
-13 84 -40 0
13 77 -49 0
30 46 -32 0
-74 75 15 0
29 -20 -47 0
56 39 -84 0
43 -40 13 0
-61 52 -20 0
-87 9 28 0
48 -36 81 0
-12 -22 -10 0
9 69 -85 0
86 20 73 0
73 15 42 0
55 -54 -56 0
84 -78 -74 0
-59 55 17 0
-39 27 -52 0
7 -35 41 0
82 -63 -72 0
-57 -62 -32 0
28 -85 78 0
-34 57 -17 0
-85 -76 -20 0
41 27 52 0
13 60 -1 0
-81 -4 7 0
-54 -59 16 0
-40 83 3 0
57 39 31 0
-4 -64 -36 0
-37 -78 -69 0
-15 -77 75 0
-56 72 81 0
-50 -18 -33 0
-18 59 -50 0
7 -65 -58 0
16 -45 -52 0
45 73 36 0
4 -47 -51 0
39 37 60 0
-69 82 -57 0
57 64 81 0
19 -31 -15 0
-81 21 73 0
83 21 -41 0
-62 -82 28 0
56 61 51 0
-59 -14 5 0
-53 -47 5 0
5 -57 79 0
60 -7 22 0
80 38 -37 0
34 -42 23 0
-46 16 -73 0
-57 -80 3 0
-79 -48 35 0
-48 61 32 0
-13 -44 -17 0
-31 82 -84 0
50 22 -11 0
5 -21 62 0
-71 -57 86 0
-77 -68 -11 0
-66 10 62 0
46 33 -27 0
-86 11 -26 0
-86 -72 -63 0
76 63 5 0
-80 -24 57 0
-16 53 -84 0
-4 36 -55 0
-11 62 -79 0
-12 -84 -72 0
55 83 -6 0
-53 -79 33 0
49 -23 -40 0
83 -45 -29 0
12 -21 55 0
47 58 34 0
65 77 30 0
-17 15 83 0
-86 -8 53 0
3 -37 -75 0
52 17 38 0
24 -19 84 0
-76 -79 41 0
-50 66 -20 0
-87 19 -68 0
37 57 50 0
-23 -24 -80 0
-67 54 -84 0
14 75 48 0
-79 -25 -57 0
29 -73 -47 0
