p 33 140
17 -3 32 0
-14 -6 -26 0
21 -31 -32 0
26 -4 7 0
26 -11 27 0
-9 29 -10 0
11 -15 -33 0
6 -4 -24 0
-11 -3 29 0
-2 23 19 0
22 16 33 0
31 21 -27 0
-26 -15 -14 0
5 3 15 0
-5 -19 -3 0
-19 21 8 0
-22 15 1 0
-11 1 -25 0
10 -16 6 0
1 -2 -12 0
-2 27 6 0
30 -22 28 0
-25 29 -15 0
1 -17 -7 0
-11 14 -8 0
-1 -7 3 0
11 -6 -5 0
33 -9 -8 0
12 10 -17 0
13 -25 16 0
17 -32 28 0
6 27 15 0
3 22 32 0
22 26 12 0
-6 -33 -13 0
10 9 30 0
16 21 28 0
-24 -33 19 0
-3 -32 -28 0
3 -12 11 0
-28 -4 19 0
25 -26 -28 0
5 8 11 0
3 10 24 0
-4 -30 -21 0
-30 12 18 0
14 16 -6 0
11 -13 -19 0
23 22 -2 0
-12 1 32 0
-14 11 16 0
1 -26 -22 0
-33 -7 17 0
2 25 -32 0
26 15 4 0
-26 32 -3 0
17 32 10 0
12 16 14 0
-11 -8 14 0
4 1 -25 0
6 -32 -14 0
33 -26 -2 0
-20 -27 -2 0
24 19 -30 0
-9 -2 24 0
21 29 2 0
4 -30 6 0
14 20 2 0
7 21 14 0
28 -4 -30 0
-15 12 27 0
-26 -9 -32 0
4 31 33 0
27 -24 14 0
-1 8 -15 0
-16 -14 -23 0
-26 21 3 0
22 -7 11 0
15 23 33 0
2 -26 33 0
-8 4 31 0
-1 -11 16 0
25 -1 -28 0
-26 -28 31 0
-13 23 -19 0
7 19 -33 0
-25 -28 12 0
-16 25 -4 0
17 -31 14 0
-16 -32 -1 0
15 -1 24 0
20 23 -8 0
25 29 2 0
4 15 6 0
-32 -11 30 0
-21 15 -13 0
-15 25 -16 0
-22 -26 -18 0
-14 -7 32 0
-1 -30 7 0
16 -33 -21 0
17 12 -26 0
20 32 21 0
-32 23 -31 0
33 15 -13 0
-26 23 -11 0
-2 -26 -8 0
8 11 29 0
-9 -18 5 0
-17 -26 -24 0
-18 -27 -20 0
-15 -33 -11 0
-17 6 18 0
6 27 26 0
29 12 -28 0
-30 32 -3 0
-27 -21 5 0
-26 -28 -15 0
-16 -7 28 0
-33 -10 22 0
-6 2 -13 0
2 -15 7 0
6 -29 -13 0
31 17 -32 0
24 -30 2 0
28 -16 22 0
-15 -5 -6 0
-10 -17 -22 0
23 -15 19 0
31 -30 -14 0
13 -19 4 0
-21 1 -12 0
-21 -20 -6 0
-20 -26 -33 0
28 -22 -25 0
-31 3 5 0
22 29 -19 0
1 -28 -13 0
-6 5 -19 0
-31 -5 -14 0
