p 27 115
-21 -6 -2 0
-9 26 22 0
22 19 1 0
17 -23 -1 0
-4 -18 24 0
-23 11 -24 0
-22 -4 -27 0
-1 27 -16 0
-17 -4 -9 0
20 -11 19 0
18 2 23 0
-2 24 -15 0
-26 9 -27 0
26 8 23 0
12 7 -16 0
-7 18 -4 0
-2 -26 7 0
3 23 20 0
-14 18 12 0
-18 2 -24 0
5 -15 7 0
-26 17 27 0
9 -18 -3 0
25 -1 -11 0
4 2 14 0
20 -25 23 0
-26 15 18 0
24 -21 -1 0
-27 16 7 0
10 6 8 0
2 25 5 0
-8 7 21 0
14 -17 9 0
-2 -9 -13 0
2 -9 -13 0
22 -13 -15 0
-4 -10 -14 0
4 -16 7 0
-2 -13 -25 0
-27 -18 2 0
-2 4 -3 0
6 16 4 0
-27 15 -13 0
5 -14 -7 0
26 22 -23 0
20 -23 24 0
-15 3 -13 0
17 -22 3 0
-20 -16 -21 0
-5 -25 -10 0
4 -5 6 0
8 -14 -21 0
18 10 -6 0
-23 20 -1 0
-1 -5 -12 0
12 17 24 0
11 26 -13 0
11 3 15 0
-14 9 -10 0
-9 -23 -15 0
24 7 -27 0
24 11 -26 0
-24 25 27 0
9 15 -7 0
13 2 25 0
6 -3 -4 0
-3 25 -4 0
-12 9 3 0
1 -12 4 0
15 9 -7 0
18 5 13 0
20 16 15 0
15 17 11 0
-1 -7 8 0
18 -7 9 0
-7 2 12 0
-13 7 -19 0
-3 -4 27 0
1 25 2 0
9 23 11 0
-2 7 -26 0
-10 5 20 0
12 -21 -20 0
-10 -6 8 0
-9 -27 -12 0
18 7 23 0
27 16 -18 0
26 11 24 0
15 -9 27 0
13 18 -4 0
-19 -9 10 0
-25 -24 -1 0
-23 20 -12 0
22 21 -23 0
-20 27 25 0
-25 24 -2 0
-3 27 7 0
19 -13 -8 0
-16 -15 -14 0
-17 27 -24 0
-25 -18 -2 0
-6 16 -25 0
-22 -16 -25 0
9 -12 24 0
2 9 -5 0
20 -19 -10 0
4 -25 19 0
-7 19 -9 0
-12 17 20 0
-24 4 -8 0
1 27 4 0
18 7 21 0
4 21 11 0
19 2 -11 0
-27 -17 8 0
