p 99 421
68 22 -91 0
-78 4 43 0
8 74 12 0
-22 -59 93 0
-62 26 -4 0
-92 42 4 0
-16 -78 -88 0
-3 -5 87 0
69 -74 92 0
-13 -14 -48 0
-46 -27 50 0
28 5 -20 0
75 -31 -48 0
99 -79 -53 0
60 -98 -16 0
-49 47 38 0
-92 7 52 0
15 9 -27 0
4 28 46 0
9 -88 -53 0
19 -94 56 0
-25 -17 -85 0
68 2 63 0
92 -74 -55 0
-69 -67 -62 0
-28 -78 -49 0
-76 -72 -46 0
18 -28 87 0
-15 -34 -82 0
94 -32 1 0
-22 92 20 0
77 -35 -6 0
-16 -1 25 0
-97 -33 -58 0
79 -29 58 0
75 73 87 0
-64 -41 94 0
82 -13 -1 0
30 96 92 0
63 16 13 0
-99 -19 18 0
45 -15 12 0
-60 86 -64 0
-39 24 -51 0
-61 -33 -79 0
-78 18 79 0
-20 -62 39 0
-2 -11 51 0
-54 -81 -36 0
-1 -65 46 0
-13 -25 -85 0
16 37 -81 0
-89 -21 -30 0
-15 -62 -55 0
37 -54 -59 0
-80 4 -40 0
18 -69 4 0
-90 -9 49 0
-59 19 75 0
-39 11 -74 0
68 -88 57 0
-55 53 3 0
26 -13 -61 0
48 18 81 0
-8 -78 -74 0
-54 -72 60 0
-72 61 -64 0
-85 57 43 0
-11 24 28 0
-47 -37 -97 0
89 -72 39 0
-75 -80 79 0
34 -64 -96 0
71 -32 77 0
-88 31 75 0
-99 24 82 0
30 22 42 0
-46 -55 -76 0
-40 -87 -45 0
59 62 -90 0
-94 26 69 0
12 25 5 0
-78 84 24 0
77 29 25 0
-85 94 67 0
20 -13 -35 0
-83 79 91 0
83 28 -51 0
-77 61 -86 0
38 70 30 0
64 84 -27 0
-17 1 87 0
-63 57 82 0
57 83 7 0
-93 -85 -90 0
75 84 -18 0
-53 9 60 0
-73 16 50 0
33 86 6 0
85 60 -14 0
38 -16 15 0
30 73 20 0
-74 -9 49 0
52 79 55 0
73 -50 -84 0
-94 -18 -66 0
38 27 -55 0
-52 54 -6 0
2 94 23 0
-17 28 12 0
60 -59 25 0
-48 35 49 0
-33 34 39 0
79 -85 -63 0
29 -44 90 0
44 15 55 0
-4 59 79 0
11 -19 -66 0
3 -72 -96 0
-47 46 -36 0
-73 90 -87 0
-76 -35 -91 0
34 74 42 0
-73 91 -77 0
95 75 -20 0
-9 -70 4 0
66 -29 57 0
-86 -99 61 0
55 35 5 0
69 -54 84 0
-57 -80 -26 0
86 -96 26 0
-80 65 -30 0
-38 41 -76 0
65 -19 83 0
-26 -57 -18 0
9 -33 -31 0
41 68 99 0
10 42 -22 0
42 54 -18 0
19 18 11 0
-1 42 -59 0
-24 10 -67 0
-33 71 -60 0
-46 26 45 0
22 -73 16 0
23 -83 92 0
99 -90 53 0
-90 -30 -32 0
82 64 -66 0
-29 44 -19 0
85 -26 -8 0
-81 39 -74 0
52 64 -99 0
-10 -74 44 0
-45 78 25 0
-24 66 90 0
-16 20 -5 0
7 -87 -34 0
32 -79 16 0
-55 15 -61 0
67 -40 44 0
24 -80 45 0
-64 41 5 0
-36 -74 94 0
-17 -10 -72 0
-54 -51 32 0
43 -46 -14 0
23 79 36 0
33 72 20 0
59 -47 30 0
-88 75 53 0
-41 17 51 0
-20 49 79 0
-77 -6 7 0
34 2 -6 0
-68 -55 -34 0
45 -9 -52 0
-7 -83 -85 0
1 -3 54 0
56 -29 12 0
23 55 99 0
-54 -63 -48 0
-83 4 -18 0
82 80 69 0
94 -65 -33 0
20 -61 71 0
96 31 -14 0
22 -56 -6 0
23 13 -49 0
62 3 17 0
-87 56 69 0
-30 -34 -8 0
-48 -58 79 0
28 87 -51 0
-96 56 55 0
96 23 -36 0
-17 67 -53 0
-35 69 80 0
-29 41 34 0
-51 80 68 0
23 -3 19 0
-94 32 -86 0
29 48 13 0
-45 -43 -16 0
-72 17 86 0
76 -48 -47 0
-85 -31 -46 0
-10 46 88 0
31 68 81 0
-85 -43 -14 0
-49 10 -5 0
-87 -48 -75 0
-83 -68 43 0
27 -82 23 0
85 -48 -20 0
-88 13 -66 0
70 -76 3 0
88 -71 -65 0
-81 24 72 0
-31 49 99 0
-97 -23 -7 0
-39 -28 -46 0
-80 -17 1 0
-12 -81 -7 0
14 -9 -6 0
-9 61 -54 0
-40 -61 -99 0
-54 -18 20 0
-49 74 79 0
47 52 -98 0
-58 -3 -75 0
-46 -51 88 0
17 -43 63 0
73 -22 -56 0
-56 9 -74 0
-57 -34 94 0
33 30 1 0
-90 -26 34 0
4 2 -19 0
-34 8 63 0
-63 37 87 0
-30 52 -7 0
-88 31 48 0
-2 -41 -95 0
-72 47 -89 0
-38 43 -96 0
-2 13 83 0
75 42 -51 0
93 90 -88 0
59 46 -41 0
35 83 -55 0
34 -30 -58 0
49 -94 63 0
-84 -81 78 0
86 -8 18 0
-58 -22 -93 0
69 -32 84 0
21 -48 36 0
-23 -48 -50 0
-15 -24 90 0
-86 -34 -45 0
35 -3 -2 0
-29 71 97 0
59 -20 32 0
9 17 -64 0
-27 10 9 0
-24 45 -69 0
-69 -52 -40 0
-98 93 2 0
-78 -89 84 0
38 -75 -15 0
-50 -75 -17 0
86 -37 -15 0
-72 42 -12 0
73 -7 -71 0
-66 76 -93 0
-37 26 -25 0
33 -70 40 0
-85 -94 80 0
-24 -50 -22 0
51 55 61 0
-81 -32 -38 0
-48 97 -72 0
68 56 80 0
-95 33 63 0
58 -21 30 0
-95 -53 -67 0
49 10 68 0
-58 -2 -17 0
3 71 -14 0
47 -36 78 0
-16 -93 -26 0
-37 -7 79 0
-71 -12 27 0
-97 -3 -91 0
-58 44 30 0
87 64 63 0
-68 -62 25 0
65 60 91 0
-15 29 17 0
43 50 -3 0
10 57 66 0
-68 -94 -84 0
3 -33 32 0
37 52 -36 0
20 73 -59 0
7 -49 -21 0
18 87 -26 0
-66 63 -61 0
-31 12 -59 0
19 30 -57 0
-74 78 -83 0
-51 -54 41 0
-29 95 -17 0
-13 -19 -55 0
-22 48 -2 0
-90 59 -26 0
-39 51 63 0
-16 -17 30 0
-92 88 6 0
83 40 50 0
75 32 -67 0
-27 26 -89 0
-3 -71 7 0
-22 8 23 0
-45 -5 -53 0
-2 -4 -86 0
23 82 30 0
94 15 60 0
53 -75 21 0
-35 91 4 0
-22 48 -11 0
29 93 95 0
32 28 67 0
-58 74 -39 0
-81 17 22 0
22 -74 -20 0
-60 40 90 0
92 98 -53 0
-61 -88 66 0
59 14 96 0
13 -73 -57 0
87 -74 90 0
22 51 -44 0
-1 29 25 0
56 28 96 0
-39 -72 43 0
12 74 -42 0
-40 -97 -6 0
47 44 11 0
52 8 -98 0
-65 42 78 0
82 20 4 0
-47 28 -43 0
-70 62 23 0
62 -33 -34 0
-38 55 -23 0
-8 53 68 0
-9 16 -34 0
78 -77 80 0
20 -45 36 0
66 -37 -8 0
48 18 94 0
-26 -95 -47 0
3 -45 82 0
-65 -32 52 0
-83 -64 94 0
41 -91 -92 0
-10 -52 90 0
21 19 1 0
-14 63 -72 0
-89 -69 -98 0
56 -67 46 0
9 -8 -15 0
-30 -57 6 0
-28 -70 -64 0
-3 49 -51 0
-52 -43 -19 0
10 74 -89 0
37 -20 5 0
-49 -53 -62 0
28 52 5 0
-58 42 -84 0
-36 -75 90 0
99 95 -86 0
-99 83 35 0
84 -52 46 0
26 -89 -59 0
10 -16 30 0
-80 22 -3 0
98 18 92 0
-2 92 -44 0
35 56 95 0
-87 2 48 0
-85 -4 15 0
-73 86 93 0
1 -65 95 0
53 12 4 0
58 -99 -30 0
-98 97 -13 0
-88 -23 82 0
99 -56 46 0
9 -11 -80 0
-80 -84 75 0
71 6 93 0
-79 -93 34 0
65 -20 75 0
-76 50 -69 0
-73 74 62 0
-86 91 26 0
-36 -5 -48 0
-76 -24 -96 0
-88 90 -67 0
-59 -19 94 0
19 13 -17 0
-87 -75 61 0
13 49 -22 0
-75 -72 62 0
38 -68 -50 0
85 68 66 0
