p 66 281
-36 13 -26 0
-58 -19 -63 0
-21 -42 -30 0
-24 44 60 0
-46 -66 24 0
-29 51 49 0
-15 5 35 0
-61 29 1 0
35 -18 -20 0
43 47 5 0
-35 2 -30 0
-21 8 56 0
25 -53 40 0
53 -8 -16 0
8 31 25 0
36 55 59 0
-22 36 48 0
39 -16 -50 0
7 47 58 0
56 48 -31 0
-42 -15 8 0
-53 -44 47 0
-3 -15 34 0
15 -20 -21 0
46 63 25 0
-18 -7 50 0
-52 -12 50 0
65 -17 52 0
-1 -27 4 0
45 49 -28 0
-45 44 -58 0
24 -46 57 0
51 -36 25 0
53 41 13 0
33 62 -4 0
-47 -2 25 0
-45 23 62 0
25 33 -46 0
-61 -20 56 0
-27 38 28 0
-17 11 50 0
29 61 9 0
24 -2 -16 0
9 -17 -54 0
59 -11 -45 0
-16 -47 32 0
30 7 -39 0
43 -38 -66 0
7 65 61 0
5 -24 -50 0
-33 -42 57 0
-16 63 -53 0
-7 -32 -33 0
-56 41 -28 0
-26 -43 16 0
65 22 4 0
40 -1 14 0
55 -15 -58 0
-46 38 43 0
-34 35 29 0
-34 49 -10 0
36 15 34 0
25 35 -38 0
63 -24 46 0
17 4 43 0
-66 -21 -26 0
-59 -39 5 0
-33 37 -53 0
49 34 -36 0
41 22 16 0
48 22 -66 0
39 7 41 0
8 -65 -58 0
60 -19 6 0
-11 15 -36 0
13 -47 52 0
1 23 -63 0
16 48 40 0
34 63 4 0
-54 -66 17 0
41 -39 -28 0
-51 -23 -38 0
-32 26 -7 0
31 43 -46 0
23 30 42 0
-10 -16 1 0
-45 -62 29 0
-30 1 -26 0
63 40 -1 0
-4 -64 -10 0
-54 8 17 0
48 57 -65 0
54 -50 -29 0
51 23 42 0
-55 9 8 0
-65 29 -63 0
-26 -40 55 0
39 20 28 0
-6 -66 -52 0
38 -17 42 0
-35 -59 -1 0
12 -30 37 0
4 -50 -33 0
3 -46 39 0
56 51 -24 0
-22 43 38 0
39 12 15 0
11 -59 -6 0
-26 -49 -9 0
-66 20 59 0
-64 -2 -53 0
-16 -33 65 0
-20 38 42 0
60 -30 -5 0
-20 -30 -58 0
11 -47 28 0
54 -62 43 0
33 43 -11 0
41 -38 -63 0
-45 33 -21 0
61 -56 -51 0
-4 9 34 0
-7 14 18 0
46 16 21 0
-3 54 37 0
24 -13 54 0
-8 36 65 0
-11 8 5 0
-5 36 23 0
62 -64 34 0
50 37 33 0
8 -25 50 0
32 -11 55 0
10 -19 -3 0
-18 36 14 0
-47 24 51 0
11 13 6 0
-31 30 23 0
61 13 19 0
35 -36 5 0
-2 -3 48 0
-2 -34 -17 0
-3 8 -10 0
54 22 49 0
-54 -12 -63 0
53 -30 -2 0
54 46 -60 0
43 4 -6 0
38 9 64 0
6 -59 35 0
8 36 -24 0
-20 1 -60 0
9 -54 -30 0
50 -65 -32 0
-14 2 -28 0
-37 45 -9 0
30 6 37 0
41 43 61 0
-41 58 -35 0
30 -8 50 0
-14 22 -11 0
53 -26 -63 0
-30 -56 -15 0
-35 -52 -1 0
54 4 64 0
-7 24 19 0
-60 -14 -30 0
59 3 11 0
-31 23 -34 0
1 -57 -23 0
-16 21 -50 0
-51 -59 -27 0
-59 -30 23 0
39 -24 -11 0
30 31 -13 0
-20 -5 -57 0
-45 14 55 0
-59 9 -47 0
34 32 -39 0
36 -1 44 0
11 -47 37 0
34 -28 -52 0
-16 10 59 0
-17 -53 -39 0
-47 -15 52 0
-30 59 61 0
22 13 -10 0
47 29 11 0
-6 1 -4 0
44 -39 56 0
-65 36 21 0
23 -19 55 0
60 54 61 0
-21 -23 7 0
44 -57 52 0
-20 -40 37 0
24 46 -61 0
9 -51 56 0
-43 -54 65 0
45 -46 64 0
35 7 26 0
31 61 -14 0
-48 -44 20 0
-46 -8 -7 0
-18 -29 -3 0
65 37 -16 0
23 33 62 0
32 -40 -52 0
43 11 32 0
-48 53 -39 0
23 -1 -42 0
-24 36 6 0
-11 4 10 0
-12 18 37 0
-62 10 -34 0
23 7 46 0
-25 8 -15 0
1 -43 -61 0
6 66 -41 0
-25 -46 -24 0
25 13 1 0
-10 20 -26 0
-26 24 34 0
-37 -43 -49 0
-65 46 -14 0
-65 4 35 0
-38 42 9 0
58 -22 63 0
55 24 -65 0
54 29 2 0
7 56 43 0
2 10 29 0
-59 18 8 0
-49 -7 57 0
49 -45 -54 0
53 10 48 0
64 65 -39 0
-15 28 -62 0
25 16 -12 0
8 -55 -40 0
-53 -40 -45 0
-42 14 13 0
14 -9 29 0
61 -60 21 0
4 -57 -53 0
21 22 -28 0
63 -10 -30 0
-22 40 7 0
19 -31 -25 0
62 -11 -27 0
44 45 42 0
-61 -10 -11 0
-64 65 43 0
-57 37 11 0
-17 57 22 0
34 -46 3 0
57 -23 -12 0
12 26 28 0
-59 48 -6 0
63 36 -8 0
-37 33 -62 0
-17 -35 40 0
-33 -6 -20 0
-20 17 -40 0
24 -64 23 0
-8 -37 55 0
-41 -65 -46 0
48 11 -40 0
38 65 -19 0
-43 -62 15 0
-4 -43 -34 0
1 -19 39 0
-50 -20 -27 0
-51 48 -56 0
31 -34 66 0
-30 34 15 0
-27 9 45 0
64 -2 17 0
-11 -53 33 0
-14 54 -64 0
57 56 26 0
