p 62 264
15 -27 44 0
2 -19 57 0
-50 44 -12 0
22 41 47 0
-5 14 42 0
-5 41 -57 0
52 47 9 0
21 28 -58 0
-17 1 -12 0
45 1 -51 0
-9 45 -2 0
-43 -44 -41 0
-44 -4 36 0
-62 -12 51 0
-56 28 20 0
27 17 -35 0
-44 -60 -57 0
43 -17 57 0
59 -13 -41 0
52 48 57 0
-15 -27 1 0
35 -16 -8 0
30 59 35 0
45 -18 -10 0
-2 -59 52 0
59 -41 11 0
54 8 -6 0
-6 -43 -59 0
48 -55 11 0
48 -4 20 0
-16 36 -58 0
11 37 31 0
-29 17 42 0
59 37 57 0
44 46 -50 0
45 31 -59 0
-11 -10 -31 0
12 50 15 0
-55 -62 57 0
-29 -39 46 0
15 -49 13 0
45 10 2 0
-50 18 43 0
-7 32 -1 0
39 -16 -7 0
15 -24 45 0
-13 -26 37 0
50 -13 22 0
17 26 20 0
51 -43 -49 0
3 34 59 0
-22 23 61 0
-20 -9 -3 0
-20 -61 -26 0
11 -14 12 0
24 -17 30 0
7 26 -3 0
23 26 60 0
48 23 27 0
-4 51 12 0
-52 -7 43 0
62 1 43 0
-22 -7 23 0
-46 -29 -8 0
-11 -52 48 0
-19 38 -55 0
-53 -6 -10 0
-51 41 1 0
-22 27 37 0
-3 11 12 0
7 -34 37 0
13 -44 30 0
11 -6 -14 0
-42 -27 -26 0
-54 60 -48 0
3 -32 1 0
12 44 -19 0
61 13 -14 0
62 17 13 0
-35 -15 38 0
20 61 14 0
44 -54 41 0
-36 17 -61 0
-21 -39 -19 0
57 53 56 0
-59 15 44 0
58 11 -3 0
13 -35 -51 0
49 -52 -45 0
-44 37 -35 0
12 -17 60 0
-32 9 40 0
58 -52 -24 0
55 -24 16 0
-53 -3 20 0
-19 -58 -10 0
-42 -37 8 0
57 3 8 0
42 -52 -15 0
-10 45 35 0
45 -48 -44 0
8 -13 -25 0
56 -25 55 0
29 -45 -44 0
-15 -22 -27 0
30 -11 48 0
-55 57 -36 0
-25 15 51 0
-43 -60 -29 0
-20 -4 52 0
-61 17 57 0
-38 11 34 0
-44 -28 45 0
-49 -24 56 0
21 -2 -43 0
-45 -58 11 0
-58 12 -42 0
35 -10 -52 0
-11 44 26 0
-34 58 -3 0
-21 -39 13 0
21 -20 -31 0
25 -23 44 0
58 -51 -38 0
1 15 53 0
-58 31 -25 0
-44 -10 -34 0
27 -54 47 0
26 38 -27 0
56 -52 48 0
31 43 54 0
-6 62 -15 0
31 -9 18 0
-15 36 50 0
-38 47 59 0
-54 -49 -42 0
21 -12 -41 0
27 51 -35 0
1 39 -25 0
15 56 20 0
-7 -17 5 0
54 -35 34 0
-35 51 26 0
52 -9 -56 0
-19 -11 32 0
-43 -45 -7 0
-56 57 -60 0
18 -10 -28 0
56 1 -46 0
-53 -34 -16 0
6 5 32 0
55 -40 -18 0
-60 -59 -56 0
12 -43 26 0
-15 -14 34 0
-53 27 -35 0
-50 15 -24 0
-47 32 46 0
-41 17 -30 0
61 32 -23 0
33 20 -27 0
27 -38 18 0
-29 -32 37 0
16 -47 59 0
-2 -14 -57 0
-51 -23 -52 0
-46 54 -9 0
28 47 -26 0
7 20 -37 0
-59 26 -37 0
45 -8 -22 0
-7 -14 -22 0
-50 -55 16 0
36 -32 3 0
44 -1 20 0
21 46 -13 0
32 -50 -35 0
-5 37 19 0
11 18 32 0
34 45 -39 0
-37 1 53 0
-27 -20 -57 0
-27 -40 -15 0
44 60 21 0
-38 23 -12 0
-31 9 -12 0
11 45 26 0
4 44 -48 0
3 -12 61 0
36 -60 56 0
-5 59 43 0
52 -21 -28 0
-39 48 -47 0
42 -37 5 0
4 54 42 0
18 -23 32 0
55 -6 22 0
-47 51 16 0
24 52 -22 0
-13 -26 21 0
19 -11 56 0
38 8 45 0
11 42 16 0
-47 -36 -46 0
2 26 56 0
-42 -43 41 0
-49 48 36 0
-41 26 -40 0
25 -6 52 0
-11 -24 -55 0
-20 -34 -28 0
-57 -26 49 0
-7 46 41 0
5 -42 9 0
-50 29 15 0
2 -5 56 0
-58 11 -39 0
-8 -21 -25 0
12 -22 46 0
4 -62 50 0
56 55 39 0
36 -30 -2 0
-60 25 -45 0
-53 25 -40 0
29 -13 -2 0
-41 33 20 0
46 -40 14 0
23 12 -56 0
23 -7 38 0
19 -58 11 0
48 -38 59 0
-50 -23 27 0
42 -37 18 0
-49 25 33 0
-44 46 34 0
-24 31 -28 0
-55 -31 -23 0
-34 29 -6 0
1 -45 -33 0
-14 -59 51 0
-10 -5 -61 0
-47 -13 52 0
19 -23 -5 0
-32 45 -35 0
5 1 46 0
43 -48 7 0
-31 27 -33 0
23 1 -32 0
-7 2 -59 0
-50 -60 48 0
41 49 23 0
1 -51 -39 0
-34 38 -36 0
-53 61 51 0
-43 42 -17 0
-53 -54 -31 0
-32 31 -59 0
-46 18 -22 0
39 -56 -58 0
-45 24 15 0
61 35 57 0
-27 -41 -18 0
4 -31 -29 0
-61 35 -32 0
