p 87 370
-26 11 -6 0
36 35 52 0
28 -39 38 0
-24 10 80 0
47 78 -10 0
-7 85 -14 0
-25 -87 44 0
-38 82 -11 0
-54 -3 11 0
79 -64 -5 0
-59 38 -80 0
45 78 26 0
85 82 22 0
24 30 -54 0
-60 42 -55 0
45 -3 64 0
-21 75 55 0
21 73 -46 0
18 51 -68 0
-49 30 -51 0
65 6 47 0
-66 -25 -40 0
-49 9 43 0
-43 -19 -87 0
-68 -64 -48 0
29 42 86 0
-6 -33 27 0
56 29 87 0
-71 54 -37 0
40 -63 45 0
-10 -23 73 0
-76 -65 16 0
-66 -71 -44 0
61 21 85 0
-13 26 -46 0
3 34 87 0
-71 82 -18 0
60 45 -26 0
-32 -54 -58 0
46 74 31 0
86 14 27 0
56 1 81 0
56 -4 -49 0
60 41 -47 0
26 15 -44 0
-75 52 1 0
-54 -44 34 0
-47 14 -50 0
-64 -34 63 0
-82 -50 -45 0
-6 75 17 0
-80 39 38 0
58 63 -77 0
-2 55 46 0
36 -19 -14 0
80 61 60 0
29 74 25 0
59 -23 -38 0
55 -2 -75 0
-70 43 -22 0
-67 -31 -22 0
52 -7 36 0
-53 48 6 0
57 -5 54 0
-2 60 -68 0
-27 -48 63 0
58 -10 50 0
71 77 80 0
-72 29 -7 0
-44 1 34 0
83 46 47 0
57 -40 -30 0
80 -37 44 0
26 63 -64 0
28 17 83 0
55 42 -54 0
-5 77 47 0
87 -37 58 0
11 -25 4 0
-54 72 16 0
51 43 27 0
-60 11 57 0
-57 46 14 0
-11 -63 86 0
-9 -5 72 0
-3 83 4 0
73 -78 16 0
86 84 87 0
-85 -15 -32 0
29 45 -26 0
43 32 34 0
-23 -71 -13 0
1 15 -16 0
-12 47 -32 0
-20 12 56 0
48 5 -45 0
63 16 -6 0
59 -11 -13 0
-66 19 -29 0
-43 36 67 0
4 31 -79 0
43 -42 64 0
-38 -43 -83 0
-49 25 -4 0
-50 -48 10 0
13 -65 -79 0
29 -3 -21 0
-44 -79 22 0
29 60 -61 0
63 -33 -36 0
82 -32 -35 0
-42 -9 22 0
15 -36 11 0
-28 -14 46 0
12 -61 64 0
85 -24 29 0
75 57 40 0
-26 -23 -73 0
22 13 78 0
60 -11 -44 0
-19 83 -26 0
45 -6 47 0
-56 62 35 0
-64 -55 -39 0
-28 46 -60 0
77 19 37 0
33 12 41 0
-29 84 -71 0
-22 25 -8 0
78 49 -59 0
23 -5 74 0
28 1 39 0
-44 31 -15 0
69 -5 -46 0
33 -58 -23 0
61 70 72 0
-69 -16 -63 0
10 78 -48 0
-65 -40 -48 0
59 -30 -82 0
-27 -85 -6 0
39 -12 -79 0
-10 -2 85 0
65 -71 4 0
39 -41 -7 0
57 -6 46 0
44 -59 9 0
5 68 -62 0
-20 87 50 0
39 72 32 0
14 52 -36 0
-87 -81 -83 0
-63 -71 -20 0
-59 63 47 0
-65 40 77 0
-77 -3 32 0
-11 -83 -69 0
30 23 56 0
41 70 50 0
-37 27 38 0
45 82 -9 0
87 -24 33 0
57 -62 -20 0
9 25 34 0
-15 -10 -20 0
-11 10 -60 0
-44 -66 -53 0
68 -40 49 0
-71 17 -55 0
-83 43 40 0
11 -87 -57 0
78 -67 20 0
82 -66 -8 0
77 -60 -64 0
85 7 23 0
-68 -79 -48 0
66 36 10 0
-17 1 -46 0
-40 4 -83 0
38 10 -84 0
-8 -7 -1 0
-75 -41 74 0
11 38 27 0
-23 1 -5 0
40 16 -22 0
75 -63 -42 0
78 80 -3 0
-31 -48 10 0
52 87 83 0
34 87 -57 0
38 -76 -12 0
87 -79 59 0
69 54 -9 0
55 -18 16 0
3 10 80 0
85 75 -29 0
75 -48 -2 0
-33 21 61 0
55 41 -45 0
-46 50 54 0
-49 11 30 0
21 20 -80 0
22 68 67 0
-28 -30 67 0
-4 19 -73 0
21 -12 -73 0
-26 -35 -38 0
-5 -64 41 0
75 83 -35 0
86 56 -27 0
-82 -51 37 0
-11 -20 -75 0
45 75 26 0
-84 -39 43 0
69 -86 34 0
-38 45 57 0
51 81 43 0
82 -10 -52 0
65 -11 73 0
-52 15 -29 0
-28 -33 45 0
-50 -47 73 0
12 -34 -78 0
-31 -81 -4 0
59 -36 -55 0
1 -76 28 0
-64 43 -49 0
43 63 -52 0
-3 16 -2 0
62 24 50 0
55 -19 -33 0
6 -27 -76 0
80 -78 -44 0
76 35 -16 0
-73 -42 24 0
-65 43 -17 0
-3 87 -43 0
42 -45 56 0
51 -21 50 0
44 -7 -58 0
81 72 -62 0
-37 -52 -47 0
-6 -19 72 0
-15 36 -77 0
40 -76 13 0
4 8 -78 0
-63 -84 -64 0
-83 1 69 0
-39 -81 75 0
-33 18 -32 0
87 -15 -4 0
21 -6 -53 0
9 66 -55 0
1 49 -12 0
-54 37 68 0
33 1 17 0
-36 -11 -2 0
-32 -5 11 0
-56 49 -23 0
74 -30 72 0
43 16 35 0
-62 48 83 0
15 60 26 0
73 50 -47 0
-38 27 -49 0
60 -28 -25 0
-22 82 -13 0
53 -8 5 0
17 -62 34 0
-64 6 82 0
60 3 15 0
-81 52 -13 0
-41 66 -51 0
-61 72 22 0
5 -72 25 0
64 14 -34 0
53 68 -28 0
-55 -6 -19 0
-12 51 -71 0
67 37 -14 0
55 2 -29 0
77 -27 -28 0
28 -50 -65 0
8 19 3 0
60 -63 -9 0
62 -54 -84 0
-46 53 83 0
-65 -24 -74 0
23 37 -17 0
-72 74 -41 0
7 -1 14 0
37 -40 -38 0
42 -23 -79 0
49 -62 65 0
-77 -33 37 0
1 -30 44 0
73 -78 -60 0
-35 50 -3 0
-83 -46 -74 0
-84 33 -1 0
-19 10 -33 0
-47 25 45 0
-53 56 52 0
-55 -48 79 0
-37 -12 62 0
32 -62 23 0
-11 18 -74 0
38 -60 13 0
40 -65 84 0
17 -79 52 0
-58 62 -38 0
17 55 -37 0
83 -7 -79 0
-71 25 -42 0
-48 -33 15 0
-16 17 -72 0
-3 -58 33 0
68 -52 -7 0
70 -64 -15 0
48 -52 60 0
52 12 59 0
58 22 5 0
17 35 -33 0
21 54 -72 0
-32 27 43 0
81 44 75 0
-8 28 -61 0
-12 -41 -28 0
-69 -62 -78 0
-32 -4 59 0
12 68 -86 0
-68 27 46 0
-41 68 58 0
-68 23 -26 0
-14 76 1 0
-40 67 18 0
78 70 10 0
-5 -47 -58 0
39 5 -65 0
-64 -24 -61 0
62 18 -25 0
-25 7 -57 0
31 -49 -19 0
59 -48 31 0
42 -6 -10 0
47 -29 9 0
-21 76 -53 0
30 32 -22 0
87 -77 83 0
-70 -4 -65 0
-14 74 -72 0
28 32 44 0
45 16 44 0
-66 -22 73 0
21 -83 -31 0
-13 -1 47 0
-9 3 15 0
-34 23 -70 0
-34 25 17 0
60 32 87 0
-6 -31 57 0
-36 32 74 0
45 32 -65 0
-82 50 37 0
-86 74 -37 0
-63 40 3 0
41 47 -79 0
-27 8 -18 0
80 42 46 0
-8 26 56 0
