p 27 115
-4 -13 27 0
13 -2 9 0
11 -16 -12 0
13 -9 -15 0
-8 -20 -9 0
-14 15 1 0
16 2 -8 0
-1 4 -9 0
-5 -21 -18 0
-15 21 -16 0
20 21 16 0
-13 -23 4 0
-1 9 5 0
22 -13 19 0
-25 -21 20 0
21 -20 6 0
7 14 -11 0
9 -1 21 0
11 6 -20 0
-23 -5 -11 0
20 18 26 0
4 -26 9 0
-15 -18 11 0
3 -7 -6 0
-20 15 -10 0
2 18 6 0
25 13 18 0
11 -27 21 0
24 4 17 0
-2 18 -26 0
2 17 25 0
-25 -7 -2 0
12 -26 -13 0
-21 -16 -3 0
-3 -19 -13 0
27 -25 -6 0
15 -11 -12 0
14 13 -10 0
-17 -2 -26 0
-22 18 11 0
11 -14 19 0
-19 27 -17 0
-14 15 12 0
-16 -15 5 0
-5 -3 2 0
-21 -5 7 0
12 19 24 0
-20 -24 -23 0
-1 -8 20 0
10 -22 -18 0
14 25 -13 0
14 26 4 0
-23 -24 6 0
11 3 25 0
14 -8 -5 0
10 22 -11 0
-27 -13 4 0
23 -18 -1 0
5 27 7 0
1 17 9 0
17 -24 14 0
-14 26 -20 0
19 6 -26 0
14 24 -19 0
-21 -13 -16 0
-25 3 -13 0
6 25 -11 0
-4 -23 -16 0
2 -27 23 0
20 12 -22 0
1 -14 -26 0
-5 10 -9 0
-20 7 -10 0
-22 -11 25 0
-14 8 22 0
-6 16 -8 0
4 6 8 0
21 -10 -26 0
-20 15 26 0
10 -17 16 0
-26 25 -23 0
9 10 13 0
-24 -7 16 0
-17 -25 21 0
15 -10 26 0
-16 -20 -2 0
-11 18 3 0
7 23 -13 0
-14 -7 -20 0
-16 -8 19 0
2 -9 -12 0
-10 25 24 0
18 27 -3 0
5 19 -16 0
-1 10 -5 0
24 6 13 0
-21 -1 -22 0
-6 -27 12 0
1 -11 -23 0
-14 -18 -23 0
-24 -1 -10 0
11 -15 -1 0
20 -9 -3 0
27 -14 -8 0
17 -27 12 0
21 15 19 0
-22 24 -5 0
20 -13 24 0
-25 21 24 0
-1 6 27 0
-5 -25 -12 0
5 3 -6 0
-3 -4 -27 0
-21 11 7 0
5 18 -19 0
