p 24 102
10 -11 21 0
-21 -22 -8 0
23 -12 -9 0
12 2 15 0
-3 10 -4 0
-22 -13 9 0
24 6 23 0
6 1 21 0
12 5 18 0
7 16 14 0
-10 -20 -18 0
-4 -15 -10 0
-13 -17 -4 0
10 21 -17 0
-8 -13 22 0
-5 -1 9 0
17 5 -18 0
-22 -20 -21 0
19 -23 18 0
-1 2 -9 0
-20 13 7 0
-12 -9 -22 0
7 14 -1 0
24 3 -16 0
2 6 11 0
-13 -3 -9 0
-21 18 -2 0
21 3 -16 0
-14 16 4 0
-19 -17 3 0
-3 -7 4 0
-6 8 -20 0
-16 21 7 0
-6 11 2 0
11 13 -9 0
-22 -11 14 0
8 -22 -23 0
-16 19 24 0
-19 -22 -16 0
-11 22 17 0
-17 2 9 0
-13 -6 -21 0
-21 24 -22 0
-3 -23 -13 0
19 -6 -10 0
-7 -12 -6 0
-21 5 18 0
12 23 -10 0
-17 1 -5 0
4 13 -12 0
-15 2 16 0
8 14 -21 0
23 -1 -4 0
12 5 9 0
-7 12 9 0
-18 -15 3 0
3 -22 -23 0
10 -18 -13 0
-14 -4 3 0
-18 21 -12 0
-14 -4 11 0
-5 17 15 0
-17 8 -19 0
-21 -1 -23 0
12 -18 17 0
-16 -21 2 0
2 4 -12 0
16 -14 9 0
-17 19 5 0
14 -12 1 0
20 -13 9 0
-1 22 -15 0
10 -20 -1 0
7 21 19 0
-10 5 14 0
15 4 -6 0
21 -19 -2 0
-17 13 4 0
-5 23 -10 0
-12 -24 -6 0
-5 -8 -3 0
15 -16 8 0
6 5 -1 0
4 -3 13 0
12 -6 16 0
-15 18 17 0
-17 -10 18 0
21 -22 -1 0
8 -9 -14 0
14 23 -2 0
14 10 -24 0
-5 -14 6 0
-20 -12 15 0
1 -24 6 0
5 -24 -6 0
2 21 -7 0
-19 -8 18 0
-6 -16 -3 0
-16 -14 -7 0
4 -17 14 0
-19 -22 -3 0
-6 -12 21 0
