p 29 123
-23 -15 -9 0
29 24 -3 0
-27 16 -5 0
1 24 -4 0
14 23 9 0
16 27 -9 0
5 -18 14 0
25 -29 -15 0
-7 19 14 0
27 -20 18 0
-20 -9 -1 0
-23 26 -3 0
-17 -6 19 0
14 25 -28 0
-24 -16 21 0
-21 7 17 0
-27 4 -14 0
-16 24 14 0
26 1 20 0
1 -8 -5 0
-29 -20 7 0
-21 6 27 0
-17 12 -26 0
-20 -10 -23 0
10 -19 4 0
29 11 -12 0
15 22 12 0
-20 1 7 0
-20 11 7 0
-6 15 14 0
-13 6 14 0
20 21 29 0
5 17 -29 0
5 -11 26 0
1 15 3 0
-4 14 -21 0
18 28 14 0
1 12 24 0
-17 4 -14 0
-17 18 -5 0
-28 -11 -25 0
27 -20 2 0
13 18 -6 0
4 6 2 0
-10 -22 23 0
21 -19 29 0
-6 -2 -17 0
15 20 2 0
26 -20 -23 0
24 -6 7 0
-21 -6 13 0
-25 10 -22 0
-23 -24 3 0
-1 -4 5 0
-8 -26 -4 0
9 24 16 0
-22 6 8 0
20 26 2 0
-12 19 9 0
11 -18 10 0
24 10 -22 0
20 -26 -4 0
20 26 -14 0
29 9 -5 0
-29 18 3 0
-7 21 -9 0
-18 3 13 0
5 -29 14 0
18 -19 8 0
10 27 -19 0
-18 -9 26 0
-22 -4 -23 0
-10 21 -16 0
9 14 -12 0
-3 -9 27 0
7 13 -29 0
16 -1 -2 0
7 -24 2 0
29 -5 -15 0
18 -16 -11 0
-28 20 24 0
-14 -15 -11 0
6 -23 -13 0
-14 25 -24 0
10 -11 13 0
17 -2 29 0
15 12 29 0
29 -22 4 0
-20 -17 -24 0
8 26 23 0
18 -27 -21 0
3 23 26 0
-22 24 4 0
27 8 -16 0
-4 -25 16 0
27 6 12 0
-27 -21 18 0
15 2 -6 0
-1 -21 25 0
5 20 -27 0
-18 8 9 0
4 10 -25 0
17 -15 8 0
-13 -25 -10 0
-10 -18 1 0
17 16 -25 0
-20 14 -28 0
-3 -16 13 0
-18 -24 11 0
27 22 -4 0
-19 -7 -13 0
-29 -8 -3 0
-2 -29 7 0
11 -23 -12 0
15 -23 18 0
17 5 -9 0
26 -14 -6 0
-29 23 -3 0
14 -1 -11 0
-25 -21 4 0
23 -28 21 0
16 11 -20 0
17 5 -29 0
