p 40 170
-6 -29 11 0
-4 -14 -32 0
-6 13 18 0
-11 -31 16 0
14 -33 29 0
25 34 -6 0
-12 -29 -3 0
-32 30 3 0
20 38 6 0
22 -27 12 0
35 -40 18 0
-6 -40 35 0
-12 22 -24 0
15 -38 -23 0
37 28 -33 0
2 32 7 0
-3 -22 -28 0
-38 2 30 0
-12 10 -35 0
-4 2 16 0
-15 36 17 0
-8 -17 -40 0
-27 12 -14 0
-19 24 -12 0
-20 16 24 0
-2 -3 -26 0
-11 -15 38 0
-10 -38 39 0
18 38 25 0
34 7 -4 0
27 -1 23 0
25 34 20 0
27 -3 24 0
25 34 -33 0
25 -7 26 0
26 -3 21 0
-28 19 21 0
36 -2 37 0
19 9 39 0
-8 -39 17 0
20 -26 -27 0
23 -36 22 0
-27 2 -36 0
-34 -2 -30 0
33 14 -21 0
-13 16 -32 0
28 -22 -15 0
4 -12 17 0
-40 22 -23 0
-23 -6 -18 0
-6 27 36 0
18 24 7 0
2 -15 -14 0
-17 3 19 0
15 -3 30 0
26 16 40 0
40 35 -6 0
-15 -34 32 0
-8 3 -10 0
-30 24 38 0
-33 29 -23 0
25 6 -8 0
-10 15 -34 0
-40 -23 -20 0
40 19 -21 0
4 -33 -34 0
-32 -33 -36 0
-21 2 -25 0
-27 38 -39 0
-21 -12 37 0
22 -23 33 0
27 -21 1 0
-24 -20 22 0
-4 -7 11 0
-7 34 -24 0
31 33 36 0
24 26 34 0
6 3 -18 0
-1 34 -28 0
36 32 -8 0
37 25 16 0
-19 32 -27 0
28 2 4 0
25 29 -20 0
26 -21 -20 0
-6 3 10 0
31 19 25 0
-22 39 3 0
25 -12 -39 0
-29 36 -7 0
36 34 28 0
-23 -34 26 0
-35 -14 -11 0
40 -37 -31 0
-8 -10 -28 0
-2 -14 -38 0
-22 -39 27 0
37 -26 30 0
10 2 3 0
-15 -40 -5 0
-28 -15 -10 0
22 -40 -32 0
8 -35 -7 0
-11 -4 -27 0
39 -36 -15 0
-29 -38 -26 0
24 11 32 0
15 -8 -17 0
-34 -15 1 0
9 27 8 0
-21 -15 8 0
21 28 5 0
25 -37 32 0
-22 28 32 0
1 -21 15 0
-39 -30 -6 0
-4 19 -30 0
40 39 -31 0
3 16 5 0
36 38 18 0
33 26 -12 0
-24 37 -34 0
-33 -16 -22 0
-33 25 -14 0
-4 35 12 0
-21 23 14 0
-7 -26 16 0
32 -11 -26 0
27 37 25 0
30 6 34 0
40 -26 -15 0
24 37 -9 0
3 39 33 0
9 -19 -12 0
-25 4 -30 0
-8 -14 18 0
-38 -35 -18 0
-35 -9 -7 0
-12 23 -11 0
-23 -7 -25 0
-11 14 35 0
-4 -26 -9 0
25 38 33 0
28 29 27 0
40 -8 31 0
-13 -36 -39 0
15 -7 19 0
38 -34 -4 0
-36 2 14 0
16 -23 -29 0
27 17 12 0
-20 -21 -37 0
35 -38 25 0
3 14 -28 0
-35 -6 26 0
-18 17 29 0
-38 -17 -31 0
37 -26 -5 0
39 7 -38 0
31 -40 37 0
-10 38 13 0
-14 16 -10 0
-39 -36 -37 0
39 6 -7 0
26 12 19 0
31 -2 -26 0
19 -5 -21 0
32 -6 24 0
-5 -34 -31 0
-9 8 32 0
