p 94 400
-3 -14 34 0
-19 -87 64 0
-42 -15 -79 0
-12 42 77 0
-5 -11 -60 0
-25 85 78 0
-16 59 25 0
5 -11 48 0
-25 78 -15 0
-67 64 -87 0
90 -58 12 0
-33 -5 -2 0
89 31 73 0
93 16 27 0
-22 -8 59 0
-33 17 -12 0
-19 -33 11 0
-84 -62 -90 0
-15 -68 -39 0
37 49 -25 0
-86 -26 40 0
-46 -94 -83 0
65 -3 -50 0
78 -50 -59 0
-80 62 -19 0
-28 32 -16 0
-87 29 -73 0
-38 -39 -37 0
-43 80 32 0
-34 -47 43 0
-10 -91 63 0
-70 47 51 0
71 -35 63 0
12 -46 -85 0
-59 -86 29 0
44 -45 54 0
-88 -57 -46 0
-37 76 -31 0
-24 -92 -14 0
-15 -57 90 0
82 71 -79 0
-82 -35 -49 0
67 -89 58 0
-30 -24 77 0
-47 -48 1 0
83 24 -42 0
51 84 41 0
88 -59 -35 0
-37 58 -61 0
-85 -92 51 0
89 -82 88 0
90 -16 -17 0
-2 3 -45 0
84 71 30 0
76 10 53 0
-94 54 92 0
9 -11 -85 0
88 12 -1 0
89 -26 -82 0
61 54 13 0
9 43 -40 0
40 -44 24 0
-13 -65 44 0
1 -12 78 0
-46 -53 -5 0
72 78 -25 0
-8 -79 -46 0
-38 4 75 0
-90 -40 28 0
91 59 -85 0
-43 91 60 0
-18 -31 3 0
81 -3 17 0
51 85 43 0
23 67 -3 0
80 -61 43 0
-88 54 -83 0
-18 21 -13 0
-50 -44 -85 0
46 -79 -80 0
48 -66 62 0
-3 -66 -91 0
-41 -11 -58 0
-83 -15 -41 0
-86 46 -10 0
-2 -21 66 0
-78 75 44 0
49 -28 23 0
-57 -90 -76 0
-15 34 -91 0
-51 54 45 0
27 -77 55 0
4 85 28 0
-62 -58 79 0
7 12 62 0
-75 -8 18 0
-10 -35 -60 0
-9 56 31 0
-51 58 48 0
-26 67 11 0
-10 56 19 0
56 -57 32 0
48 6 -45 0
53 -69 -67 0
-71 -12 83 0
7 1 -90 0
-91 -53 -41 0
-23 -11 78 0
6 45 23 0
72 -94 44 0
68 -9 -53 0
-20 37 73 0
81 84 32 0
-20 90 -42 0
3 -28 -7 0
78 -58 11 0
-44 -45 -56 0
-82 -41 -9 0
-4 48 -18 0
16 24 55 0
28 -82 -71 0
-65 79 -34 0
63 70 -14 0
-69 47 -79 0
-28 -67 -48 0
-19 36 -53 0
-18 31 29 0
22 90 93 0
-29 54 -89 0
71 -52 -55 0
-52 10 -87 0
-44 77 39 0
49 -33 -64 0
17 58 67 0
90 -89 74 0
27 -16 -35 0
61 -52 85 0
-87 -83 -94 0
-30 -9 89 0
70 54 -31 0
-52 10 -64 0
63 -90 -18 0
83 4 -10 0
92 60 -28 0
67 62 -57 0
78 28 -6 0
-27 -82 48 0
-66 -74 -92 0
8 -10 -84 0
75 94 59 0
-46 52 -62 0
82 12 73 0
-69 -61 -38 0
46 81 29 0
88 49 20 0
-20 -73 -81 0
-56 15 93 0
-53 -32 52 0
43 -37 15 0
93 -3 -68 0
75 -72 93 0
-49 -53 48 0
-57 -82 -39 0
-43 -74 72 0
-90 -54 -46 0
-32 27 10 0
-72 -59 -70 0
7 71 26 0
-34 -46 -67 0
-88 -57 -19 0
-56 -80 -74 0
-52 -17 28 0
72 41 -6 0
78 30 -23 0
48 70 93 0
-36 77 58 0
-28 -76 8 0
-89 -28 -68 0
-24 -41 -18 0
-63 -12 68 0
-36 -20 38 0
29 -94 64 0
8 -75 -89 0
-77 52 -83 0
-23 -1 94 0
50 -26 -30 0
-50 56 -43 0
-14 93 -42 0
63 56 39 0
71 -32 66 0
59 -79 -15 0
20 -60 93 0
40 -3 53 0
-7 64 -16 0
17 -31 -50 0
-25 -79 87 0
-50 -76 16 0
58 -21 -59 0
-88 87 -75 0
-14 9 19 0
-53 41 -19 0
-33 71 23 0
23 -24 84 0
-85 -53 -82 0
-71 -2 -89 0
-87 93 39 0
19 86 -77 0
-42 -41 -86 0
-38 -59 74 0
-72 91 -58 0
-6 2 51 0
65 13 4 0
34 25 8 0
48 -6 17 0
-60 -26 70 0
15 16 2 0
34 -44 15 0
38 49 35 0
-38 24 85 0
-14 45 25 0
-24 -3 48 0
-77 -38 -49 0
21 -41 -53 0
29 69 63 0
-90 -35 -3 0
-76 -13 71 0
87 84 -63 0
-34 -4 -46 0
-40 -78 9 0
15 -38 65 0
-15 -72 -47 0
56 -25 -40 0
38 -77 2 0
21 -48 -88 0
59 17 -6 0
-25 -20 -43 0
53 87 78 0
60 44 9 0
-2 -30 6 0
-14 45 -19 0
7 23 39 0
45 -6 51 0
17 59 -9 0
89 64 -93 0
-23 79 -27 0
-15 -80 10 0
-47 -90 -84 0
28 54 58 0
-16 40 19 0
-59 -60 11 0
43 -33 88 0
-92 8 -61 0
-28 88 5 0
-32 7 -15 0
-51 -83 2 0
-20 -33 -81 0
79 -45 -51 0
52 -7 -23 0
43 -58 -65 0
-28 -25 -18 0
70 62 -68 0
-45 -70 -1 0
-57 75 77 0
94 79 92 0
-79 -2 -75 0
-90 -52 20 0
-32 40 39 0
-35 17 -6 0
-1 72 2 0
-82 -49 56 0
94 -11 30 0
5 65 -44 0
12 7 -84 0
81 23 -58 0
-57 52 -47 0
12 -71 -68 0
-38 80 -49 0
-43 -3 -73 0
-93 82 77 0
50 -31 57 0
51 -34 -94 0
-57 -43 -90 0
-36 35 -10 0
19 77 44 0
-6 -73 68 0
36 -64 13 0
90 72 37 0
89 41 61 0
-57 -54 69 0
-14 -90 -12 0
-57 20 13 0
29 -23 86 0
13 -49 -50 0
12 -52 -65 0
1 50 -72 0
76 -47 53 0
-61 -89 33 0
41 -15 -61 0
-29 -10 -50 0
-55 73 -42 0
28 5 88 0
70 29 -50 0
45 -5 60 0
-28 7 -53 0
-83 -37 18 0
-42 81 -38 0
94 -50 -29 0
-49 -78 70 0
-79 -81 76 0
-70 -43 -29 0
-21 77 31 0
27 64 -82 0
88 22 58 0
-49 -12 25 0
-61 6 64 0
-23 50 78 0
-31 -94 -11 0
54 70 86 0
51 93 -60 0
-55 -75 -32 0
-90 34 -10 0
-54 -78 -17 0
-60 92 45 0
21 63 -62 0
-1 31 8 0
-26 61 -51 0
-55 56 -21 0
84 4 -20 0
29 94 -69 0
37 -90 -83 0
70 -18 -83 0
-1 -54 16 0
21 -50 -6 0
-43 82 -73 0
-18 -46 -60 0
42 -46 -61 0
-58 73 -60 0
62 72 26 0
-83 -23 -8 0
8 44 19 0
74 -45 -69 0
94 -38 -32 0
36 54 73 0
-15 38 -42 0
59 1 -65 0
-46 44 -86 0
54 34 -80 0
79 -21 -48 0
-27 -24 -15 0
7 6 91 0
27 89 -67 0
82 -56 10 0
-80 -65 20 0
-76 -31 44 0
26 36 50 0
-61 12 93 0
38 68 89 0
-16 67 -59 0
-89 -48 28 0
1 -29 -22 0
-82 4 -51 0
-47 -26 -76 0
-82 -3 -48 0
-28 -27 -54 0
76 -56 -4 0
16 -88 -80 0
-30 -29 53 0
15 80 -75 0
-13 31 81 0
-25 -53 46 0
2 -74 51 0
-10 56 -30 0
-28 42 47 0
93 -86 -58 0
35 11 68 0
89 -87 7 0
73 -45 50 0
79 89 28 0
-44 -58 -53 0
-48 37 -66 0
35 -45 2 0
-51 58 17 0
38 58 -1 0
-42 -56 -61 0
-87 31 -70 0
1 10 -47 0
-53 42 62 0
-56 -21 32 0
59 64 7 0
48 13 59 0
-42 56 40 0
-80 -4 42 0
-42 -1 -41 0
-23 65 39 0
-71 -81 62 0
19 -20 -88 0
-89 -38 -94 0
-70 -23 -18 0
-36 -44 64 0
-12 92 50 0
