p 39 166
24 6 -9 0
-32 34 -19 0
-13 -36 34 0
39 23 8 0
-3 38 -7 0
-3 -24 -30 0
31 -33 -17 0
-18 33 -24 0
3 -24 -25 0
29 3 24 0
24 22 -18 0
16 -36 -22 0
-2 36 -20 0
-21 17 -32 0
27 15 -3 0
-22 5 -36 0
27 -15 -18 0
-13 -22 -12 0
11 8 -24 0
11 -31 -23 0
18 31 24 0
-22 -32 -31 0
22 -10 33 0
-32 -28 34 0
19 -26 -18 0
-36 2 19 0
16 36 -12 0
-2 25 4 0
-26 23 -1 0
25 38 -9 0
-13 -3 -11 0
-28 23 -38 0
35 4 26 0
18 8 14 0
-3 -16 -7 0
-36 13 -37 0
-38 -11 -9 0
5 -26 -28 0
5 35 17 0
30 -18 -2 0
33 38 -19 0
10 -6 -12 0
8 32 3 0
-23 -30 21 0
4 -10 -2 0
12 9 -21 0
39 -17 -25 0
20 -34 27 0
-35 -12 24 0
36 -28 -37 0
23 -24 31 0
-37 -20 -23 0
-3 12 -20 0
-25 12 3 0
-2 -20 14 0
-17 -9 -27 0
13 -34 30 0
21 -28 15 0
-6 -7 17 0
7 -38 39 0
37 4 -19 0
18 -17 20 0
21 -20 14 0
-35 -9 -27 0
39 4 26 0
29 -4 30 0
-11 23 -16 0
38 14 -35 0
-14 1 22 0
21 -2 7 0
2 38 27 0
-16 39 -35 0
37 30 -6 0
9 -1 8 0
-17 -1 -8 0
5 39 9 0
-15 -21 -37 0
18 28 -25 0
19 11 6 0
25 9 -4 0
22 20 27 0
-19 -18 -9 0
-21 -6 -20 0
-33 1 38 0
29 -30 -18 0
37 -14 -39 0
-9 -35 22 0
-14 -7 15 0
-2 14 -19 0
-23 29 -3 0
-33 22 17 0
-29 -30 24 0
20 -27 25 0
-33 16 30 0
-9 -16 36 0
27 33 24 0
-12 26 14 0
37 18 -10 0
21 -27 15 0
-12 -2 -8 0
9 31 -10 0
25 -9 -37 0
-35 -25 -26 0
-8 -1 10 0
12 13 33 0
26 30 19 0
38 31 19 0
14 3 13 0
9 15 -30 0
14 -15 -10 0
-39 17 7 0
-24 -36 -25 0
-1 11 -10 0
-1 23 10 0
5 -11 -15 0
-27 36 -1 0
10 31 -32 0
15 -24 2 0
24 -10 -11 0
-28 36 38 0
28 2 -25 0
-34 -38 -22 0
-1 18 6 0
16 30 -39 0
-23 -22 20 0
26 34 -8 0
29 13 9 0
-4 15 -19 0
3 11 -26 0
38 13 32 0
5 4 12 0
27 39 8 0
8 -24 21 0
22 -24 -13 0
30 -35 33 0
-17 13 14 0
5 -16 -33 0
3 -11 12 0
-23 30 -34 0
-8 33 -6 0
10 17 -33 0
13 -8 10 0
29 -2 -5 0
-7 9 25 0
28 8 37 0
-19 -21 20 0
-16 -18 22 0
36 27 34 0
-16 -34 -28 0
-11 8 27 0
-15 -28 -4 0
-7 -17 37 0
-7 -20 2 0
30 5 -9 0
-9 31 -18 0
17 10 -25 0
22 -29 9 0
-20 6 11 0
23 -18 17 0
26 -7 -3 0
-6 28 19 0
1 21 33 0
17 -32 24 0
-30 -17 10 0
17 10 34 0
-5 -7 -19 0
