p 60 255
-51 -12 17 0
-28 -52 1 0
31 47 -49 0
19 -38 -30 0
21 55 43 0
-43 5 -34 0
-13 50 -54 0
-29 -26 53 0
24 27 -18 0
48 1 -2 0
2 23 -58 0
-43 -47 58 0
44 -55 14 0
-28 -44 51 0
-12 37 23 0
53 -27 -39 0
25 37 -11 0
-48 52 33 0
33 60 -35 0
-50 54 6 0
54 -25 -50 0
18 54 13 0
33 6 -3 0
-44 -34 24 0
-4 9 -35 0
-38 -23 -55 0
-58 -7 -15 0
-23 21 24 0
19 49 9 0
36 -41 -10 0
-37 -3 9 0
58 29 -48 0
-59 -60 57 0
58 27 31 0
-51 -6 5 0
6 -59 17 0
-41 48 -27 0
-15 -38 31 0
-16 42 -11 0
33 6 44 0
58 -8 -42 0
-37 57 4 0
-17 -31 5 0
28 -41 -53 0
-36 -57 15 0
14 3 -1 0
54 10 40 0
-7 16 10 0
38 24 -10 0
56 2 -1 0
48 18 47 0
51 -49 -15 0
11 -21 6 0
23 21 -10 0
-6 -19 16 0
-47 -42 50 0
-60 -31 33 0
-24 57 -18 0
-31 -12 36 0
-21 13 10 0
-26 7 4 0
39 29 -42 0
40 8 -39 0
-51 -49 18 0
-59 -47 -31 0
-28 42 39 0
-2 -32 17 0
-56 -8 -27 0
-5 18 -17 0
30 49 8 0
32 -12 36 0
54 -46 -3 0
23 -12 -3 0
-34 -7 -15 0
12 22 -3 0
-50 22 -14 0
43 -23 40 0
44 8 -13 0
21 -41 44 0
15 58 -29 0
-58 -9 10 0
-33 -47 -2 0
-58 -25 33 0
26 -46 -24 0
51 3 -35 0
-3 -27 43 0
42 23 31 0
6 24 45 0
-30 -9 -52 0
-7 13 -58 0
-37 -39 -51 0
46 -15 -37 0
24 56 -27 0
-4 46 -26 0
-50 45 19 0
21 12 30 0
38 41 29 0
42 -24 -31 0
56 25 58 0
60 -13 55 0
-53 20 -13 0
23 -2 -25 0
-58 14 -38 0
23 35 -54 0
-56 33 -29 0
-16 -46 -32 0
-7 -26 5 0
23 26 -33 0
24 -46 -20 0
-24 11 -28 0
44 -37 25 0
-28 60 -14 0
-58 -46 -48 0
37 -13 8 0
-2 -43 -27 0
23 24 52 0
-21 -2 -42 0
-21 -32 9 0
-36 -5 -14 0
47 22 11 0
37 -18 60 0
54 19 37 0
-9 41 -26 0
50 23 24 0
55 -38 36 0
34 47 -54 0
-20 3 33 0
-58 16 28 0
-11 -24 -36 0
56 23 36 0
-22 -26 46 0
12 51 44 0
-48 -37 -43 0
49 -12 -26 0
-7 27 9 0
55 -52 -41 0
-49 46 -51 0
-31 49 -24 0
-26 -6 -52 0
60 -56 -53 0
54 -26 39 0
20 21 52 0
-8 -60 14 0
-37 14 34 0
-37 -29 -47 0
-23 -3 36 0
34 21 -54 0
8 44 55 0
-57 -14 17 0
-32 24 16 0
52 14 -15 0
26 4 -1 0
-32 -31 -52 0
-35 7 -12 0
-9 1 -43 0
-12 -59 50 0
6 -20 -30 0
18 27 4 0
-45 46 -24 0
-23 19 -12 0
34 41 -4 0
-45 -14 -25 0
21 40 52 0
2 37 -33 0
48 40 21 0
-16 10 55 0
44 20 14 0
22 29 -44 0
-52 -24 -1 0
-4 22 48 0
-37 29 33 0
14 -28 54 0
15 -18 19 0
35 -50 52 0
-5 17 -36 0
22 -1 45 0
14 -54 -60 0
5 -1 -3 0
-43 -28 21 0
27 -50 23 0
-23 2 -39 0
-1 -50 57 0
-36 45 43 0
-45 -22 -33 0
-28 -33 58 0
23 5 47 0
11 -50 29 0
-54 57 -48 0
-10 57 56 0
46 42 -22 0
56 25 33 0
3 37 6 0
-13 -42 31 0
10 -51 29 0
15 -22 -45 0
6 -26 9 0
-10 -28 51 0
41 27 -11 0
9 -49 3 0
-18 43 -16 0
9 29 -38 0
-9 16 41 0
-51 39 -9 0
-41 -11 -30 0
-14 33 13 0
19 6 -53 0
-22 41 -18 0
28 -29 14 0
-19 41 5 0
17 33 -52 0
-15 4 -9 0
-19 -34 12 0
-42 -32 -45 0
2 7 5 0
-45 25 -24 0
-19 31 6 0
-37 -10 -16 0
-2 20 25 0
-30 -22 37 0
-13 19 25 0
14 56 38 0
30 22 9 0
-16 -40 27 0
-4 -1 48 0
17 -20 -12 0
-30 21 12 0
-27 -24 44 0
-16 2 13 0
-46 -30 4 0
53 20 28 0
23 41 -11 0
50 43 37 0
-29 -37 -25 0
41 9 20 0
6 -32 17 0
-2 -52 -13 0
32 -37 -50 0
-19 24 37 0
15 -55 16 0
47 -39 8 0
-58 50 -38 0
51 46 -45 0
-13 -24 -40 0
-54 56 -60 0
48 33 16 0
4 -6 -53 0
-28 -57 -50 0
21 -36 7 0
-2 -30 -16 0
-34 -45 5 0
-10 23 -53 0
-9 -12 -1 0
-50 -2 53 0
-26 -19 48 0
-9 -1 20 0
