p 50 213
-12 -22 42 0
-2 -43 -22 0
50 45 -18 0
5 35 -43 0
35 -6 15 0
-29 -25 -12 0
-37 -25 9 0
44 -4 -13 0
40 -3 -46 0
36 -16 28 0
-34 -48 17 0
15 50 -34 0
-47 32 17 0
-20 -32 18 0
-41 -21 -37 0
50 36 16 0
16 29 36 0
5 9 45 0
23 -32 -13 0
14 33 -22 0
39 14 21 0
13 -45 -22 0
34 39 -13 0
-13 19 -17 0
32 -43 25 0
25 46 -43 0
3 -12 -40 0
-48 -23 -13 0
44 -42 -24 0
-34 44 -28 0
-50 -48 -28 0
-17 -19 -35 0
31 14 11 0
-22 28 21 0
-41 -8 49 0
-38 -37 -45 0
41 22 46 0
-8 -39 32 0
19 -23 -11 0
-49 -22 45 0
42 -49 11 0
23 -44 -48 0
-30 -6 -38 0
21 2 -26 0
-9 39 -10 0
36 -18 -38 0
-42 18 17 0
36 42 -50 0
8 20 -28 0
12 29 37 0
-4 -6 21 0
47 26 22 0
47 -42 26 0
12 -8 26 0
23 -48 -47 0
39 13 27 0
1 -37 46 0
21 45 49 0
-13 14 20 0
39 -45 19 0
49 -22 -5 0
-20 -44 -14 0
43 8 13 0
40 8 19 0
-40 -5 -2 0
-7 23 49 0
-11 41 27 0
-9 47 8 0
31 -25 21 0
46 24 16 0
-34 35 42 0
-50 49 -23 0
41 48 43 0
-37 41 -34 0
34 -4 -37 0
-4 -39 -26 0
-37 45 -1 0
-10 -28 -2 0
27 38 -10 0
12 35 11 0
-10 5 -20 0
-27 -11 -4 0
21 48 -43 0
36 -24 -5 0
26 16 -15 0
-42 46 30 0
-26 -34 -43 0
-9 22 -4 0
41 -28 -43 0
-9 46 -49 0
43 6 36 0
12 -48 -47 0
27 -3 -36 0
-21 -8 50 0
43 -25 -34 0
-36 -44 33 0
8 20 23 0
47 15 -31 0
41 -25 -38 0
23 -32 -37 0
28 10 -18 0
1 -46 5 0
3 14 45 0
-47 -1 -29 0
36 -20 -42 0
-48 27 17 0
47 17 3 0
-31 -32 -2 0
-31 -34 -28 0
6 13 -40 0
-38 -22 21 0
-39 7 30 0
43 -3 17 0
-12 30 34 0
43 -33 46 0
16 -21 50 0
19 -25 21 0
27 35 43 0
-5 -2 -45 0
-18 -48 -32 0
-33 3 23 0
4 8 -30 0
4 -22 9 0
2 -26 46 0
38 5 -15 0
29 18 39 0
5 39 31 0
-46 48 22 0
-9 4 -28 0
15 47 49 0
-17 42 34 0
29 15 33 0
-9 27 46 0
23 32 15 0
14 -50 -19 0
48 -9 -7 0
26 17 -3 0
50 11 30 0
30 -13 -18 0
36 -2 10 0
49 39 44 0
19 -22 46 0
-15 22 41 0
-42 26 -16 0
-9 -11 1 0
-6 -47 43 0
35 18 -49 0
41 21 26 0
26 -36 -7 0
-25 -35 -45 0
49 -15 -40 0
25 13 -48 0
-40 31 -30 0
-47 38 11 0
-20 38 14 0
49 18 22 0
-17 18 -21 0
-5 -13 -46 0
-26 36 -49 0
-10 1 -50 0
-34 1 -40 0
-48 -13 49 0
-23 15 -34 0
-30 34 45 0
-27 44 -12 0
-35 -22 42 0
4 -37 5 0
-36 -31 -21 0
27 7 -48 0
49 -38 9 0
17 -7 1 0
-48 41 -8 0
36 -31 17 0
-21 -47 -48 0
48 18 -26 0
20 -33 25 0
-5 -45 -16 0
22 14 -31 0
47 16 -20 0
-8 37 18 0
-47 -43 49 0
26 9 47 0
2 -24 -8 0
49 -42 20 0
-38 -28 17 0
-18 -9 -6 0
23 -11 -27 0
-19 48 37 0
32 34 -3 0
49 34 45 0
-14 -31 47 0
-27 -2 31 0
-11 -27 20 0
27 -9 -22 0
17 7 2 0
16 20 -28 0
-22 33 26 0
47 18 40 0
-29 -22 -1 0
-40 38 48 0
37 13 1 0
16 30 35 0
39 -38 31 0
34 20 1 0
-39 47 -36 0
33 -40 -8 0
17 14 -50 0
-45 -33 -27 0
-34 14 39 0
-40 26 -2 0
34 -2 -17 0
28 -6 48 0
-37 40 34 0
