p 40 170
-11 -13 33 0
7 -33 -31 0
-13 10 -3 0
-33 -39 -3 0
-33 15 -19 0
-34 -40 36 0
-40 -19 -39 0
4 -37 -7 0
18 17 -36 0
6 -29 -39 0
-33 12 15 0
-17 -33 -4 0
24 11 18 0
22 31 -17 0
7 -32 -24 0
-13 6 20 0
-18 26 19 0
-13 -5 17 0
23 7 -19 0
-9 -16 1 0
-29 -17 -7 0
-33 -8 28 0
-5 -16 24 0
-28 15 -30 0
35 -18 -23 0
-39 -18 11 0
-15 34 -26 0
40 33 -5 0
-27 7 -30 0
-24 8 6 0
7 39 -23 0
19 -7 -14 0
7 -6 14 0
35 13 -32 0
39 25 -8 0
34 29 -11 0
-10 30 6 0
21 -14 -28 0
-13 -33 8 0
9 -3 35 0
-29 32 30 0
-27 15 30 0
16 -25 30 0
16 20 1 0
-1 20 -18 0
26 10 3 0
37 -31 10 0
-19 -36 -14 0
-36 15 16 0
30 -24 -40 0
-28 -36 -9 0
7 -40 -37 0
34 9 -6 0
-23 -27 -9 0
-1 -7 18 0
-9 -17 27 0
35 -18 13 0
-33 34 15 0
7 -9 -3 0
3 -14 -35 0
-8 14 20 0
-3 36 7 0
-6 -3 -36 0
-19 12 -6 0
29 -10 8 0
30 -28 22 0
5 -15 23 0
-33 38 -15 0
19 -25 -17 0
-18 -27 -28 0
-3 30 -31 0
28 8 -23 0
-5 -19 -14 0
7 30 21 0
18 40 -33 0
34 -9 -13 0
-30 -17 13 0
-28 -31 -19 0
21 12 33 0
-36 8 -23 0
-12 -7 -16 0
29 14 28 0
-25 35 -31 0
-10 4 -40 0
-15 35 -28 0
32 17 15 0
-27 -30 -16 0
-33 -26 -15 0
-13 -30 10 0
3 29 -2 0
-15 -31 -39 0
-2 -11 -40 0
15 34 18 0
2 -30 -1 0
29 -26 -38 0
33 14 -11 0
39 -8 -13 0
-40 28 7 0
29 -37 -14 0
29 12 -26 0
34 27 -6 0
-1 -4 40 0
35 7 5 0
-17 8 13 0
-26 25 33 0
16 9 -8 0
33 -15 4 0
-26 39 5 0
-40 32 -18 0
-29 37 -31 0
-21 -12 40 0
-33 -18 -25 0
40 18 -11 0
24 -34 -29 0
-16 13 -29 0
11 22 -6 0
13 36 24 0
3 -24 -30 0
18 19 -3 0
-16 20 -32 0
26 33 36 0
9 -26 33 0
-39 16 -2 0
-23 37 9 0
-38 -24 13 0
28 10 13 0
-5 11 14 0
-13 -24 38 0
16 -18 27 0
-10 40 22 0
37 35 30 0
-32 21 -28 0
-35 -11 -6 0
-35 -40 5 0
-2 37 -14 0
-15 7 2 0
14 -9 -22 0
-14 18 -19 0
21 1 -24 0
3 -26 10 0
-26 11 -31 0
-39 21 -33 0
-17 -37 -6 0
11 -23 -27 0
-3 15 -32 0
2 -9 37 0
31 -35 -23 0
-24 -34 -27 0
-2 -39 3 0
7 22 24 0
-35 -11 -24 0
39 37 27 0
39 -40 1 0
-35 -36 -14 0
-6 11 -22 0
-22 -13 14 0
37 -30 -34 0
36 18 -23 0
8 -9 -33 0
-32 -16 36 0
-25 -31 11 0
-11 36 2 0
-12 -7 -18 0
-30 9 -14 0
-24 19 35 0
27 36 6 0
-16 13 32 0
-10 4 12 0
13 -17 27 0
-6 -8 -14 0
