p 57 242
-7 -12 48 0
-12 -7 -31 0
47 36 1 0
35 -39 -50 0
30 40 46 0
40 -53 -28 0
-41 2 -57 0
30 14 -33 0
-48 -26 -8 0
-7 11 -57 0
51 33 -18 0
27 -42 25 0
-17 -40 -6 0
13 -8 -24 0
2 -30 37 0
-2 -39 46 0
-35 47 49 0
-33 -56 -9 0
-41 1 -45 0
-25 38 47 0
-39 2 -19 0
-48 -20 -32 0
-34 -43 -38 0
-27 57 -12 0
7 21 22 0
-23 -47 -10 0
55 10 36 0
8 -34 -55 0
33 -22 -39 0
-44 -27 9 0
45 -49 53 0
-17 27 -53 0
-33 -49 12 0
5 -53 -7 0
-53 -55 14 0
-32 21 -55 0
27 37 -46 0
39 55 -28 0
-1 -32 26 0
-13 30 -9 0
29 31 -23 0
-52 33 -48 0
2 -16 15 0
-14 9 41 0
32 -16 -37 0
-49 25 -7 0
-36 -57 52 0
-39 -44 -3 0
-8 -17 29 0
-27 31 -24 0
18 -15 -36 0
26 15 11 0
-5 -17 -11 0
-29 51 38 0
7 -49 -34 0
-5 29 -43 0
46 -5 -48 0
-21 -57 44 0
-42 37 -56 0
55 13 32 0
-41 -32 10 0
-28 -45 17 0
32 -45 -8 0
45 -10 34 0
17 15 -16 0
-43 -28 48 0
45 -22 -39 0
43 -6 17 0
2 50 -14 0
-6 -27 -18 0
37 -8 43 0
16 -27 -33 0
-5 29 -4 0
32 -1 -54 0
-29 45 -20 0
7 -53 41 0
-6 11 -7 0
-11 -24 32 0
17 47 18 0
-29 -57 -16 0
29 -13 31 0
-13 35 -9 0
26 -14 -1 0
17 -16 52 0
34 55 -26 0
23 -32 27 0
17 51 -55 0
19 56 -54 0
-28 -5 -44 0
31 20 -30 0
17 43 45 0
-14 4 19 0
-54 47 -38 0
-47 -5 -9 0
22 14 31 0
-49 54 51 0
-28 49 39 0
16 -56 -25 0
-46 31 11 0
24 18 46 0
-26 24 -16 0
-19 -18 37 0
9 33 -27 0
-55 51 46 0
-55 9 -25 0
-9 10 -21 0
28 -13 -5 0
-42 -34 -50 0
43 13 15 0
-20 -24 7 0
-19 -24 -7 0
54 -18 -15 0
56 6 10 0
52 -20 30 0
-14 -57 -53 0
-2 -25 7 0
-45 -39 21 0
-40 -42 45 0
28 7 -56 0
47 14 21 0
-50 -57 56 0
28 37 -54 0
15 17 5 0
-54 -42 10 0
18 56 -16 0
57 56 -28 0
-27 24 -3 0
14 32 -48 0
-21 -46 -22 0
-51 23 -39 0
50 -42 -30 0
6 10 46 0
-21 -56 55 0
-45 -57 49 0
11 -30 15 0
52 -29 30 0
37 33 43 0
-6 19 40 0
1 11 52 0
-23 -29 39 0
48 -39 -18 0
12 49 -3 0
-14 -3 45 0
-16 -9 -13 0
52 -39 -29 0
-17 42 20 0
48 -51 46 0
-12 -7 40 0
-10 -12 48 0
2 33 30 0
53 1 48 0
-23 -49 -26 0
34 19 3 0
56 -24 53 0
-30 -28 13 0
15 -48 31 0
-57 -24 -55 0
-40 -31 -22 0
35 -23 -13 0
-6 -37 31 0
-1 2 -36 0
39 -5 -3 0
7 39 -25 0
-22 57 12 0
41 2 51 0
45 -54 56 0
46 -52 10 0
14 -43 -51 0
-1 -26 16 0
-16 -20 56 0
-39 -24 18 0
34 -26 43 0
-29 -13 23 0
55 -38 -46 0
-39 33 38 0
32 -4 14 0
36 -44 29 0
22 -3 39 0
-7 54 -44 0
-45 25 -5 0
45 -11 -50 0
55 48 -57 0
-9 -1 28 0
57 -30 -1 0
-53 -22 34 0
-15 36 47 0
-40 10 45 0
-36 -21 4 0
-23 -13 -48 0
-39 57 36 0
-11 25 55 0
-29 39 7 0
-48 4 -56 0
-57 -28 24 0
-23 51 -44 0
-34 -17 37 0
-13 -30 10 0
13 -47 -46 0
-22 -21 50 0
33 26 43 0
47 25 50 0
15 -33 5 0
46 -48 39 0
-48 29 -25 0
-33 41 35 0
45 -42 -16 0
-41 26 8 0
31 48 -19 0
53 46 27 0
56 -38 -32 0
-11 -23 -53 0
33 39 -7 0
-31 -32 -9 0
39 -29 -31 0
8 4 -7 0
-31 -16 21 0
54 -3 -20 0
-15 -31 54 0
-33 -54 -50 0
-56 57 16 0
-51 34 -17 0
42 16 -13 0
13 -1 -12 0
10 16 -43 0
-23 -51 -3 0
-44 39 42 0
21 4 -10 0
3 -25 -11 0
1 -56 48 0
-33 -44 -11 0
27 52 3 0
42 8 15 0
17 -52 41 0
2 57 -19 0
50 55 38 0
-38 -13 -24 0
-22 -13 -4 0
-16 -35 -27 0
-50 -48 5 0
13 37 -10 0
22 -7 33 0
37 -32 -28 0
