p 57 242
-52 8 40 0
2 -19 11 0
-10 -49 42 0
24 -46 -50 0
-12 -54 23 0
-49 -16 -1 0
28 47 14 0
47 -2 43 0
33 3 50 0
50 18 -12 0
1 26 14 0
31 -32 -38 0
40 -54 -29 0
-56 52 27 0
11 -57 -44 0
-49 18 21 0
-47 14 -30 0
10 43 34 0
38 18 -33 0
4 33 13 0
-7 -49 -3 0
-19 20 -57 0
53 -6 -18 0
-26 1 -49 0
20 24 -7 0
33 46 31 0
-54 11 32 0
12 51 -35 0
38 -24 -30 0
18 15 -32 0
-17 51 -20 0
-27 47 42 0
23 -27 -9 0
-12 9 23 0
-53 37 -31 0
32 51 -18 0
-4 -34 -27 0
-10 -32 -6 0
35 -8 -3 0
45 -33 -36 0
32 42 -7 0
-39 -48 -17 0
33 -28 -50 0
12 -10 31 0
-50 -31 15 0
48 25 44 0
49 -38 -24 0
-21 42 -29 0
10 42 4 0
48 -17 -54 0
57 20 24 0
39 55 -18 0
-29 20 -48 0
55 -19 -43 0
-11 48 12 0
5 -41 35 0
53 -28 -30 0
29 -42 40 0
-31 54 22 0
33 -25 -54 0
49 3 18 0
-2 48 7 0
-54 15 46 0
17 43 3 0
-36 -19 -41 0
-52 -56 19 0
-4 32 -20 0
-21 49 -56 0
-28 -42 46 0
36 -30 -50 0
-16 -47 12 0
-5 24 -7 0
-46 28 -21 0
44 38 52 0
-47 -14 -21 0
38 47 -15 0
22 -29 -9 0
-55 -28 -53 0
-19 32 -23 0
24 36 51 0
-13 22 45 0
23 41 37 0
-16 -30 -33 0
39 -19 -30 0
-43 -25 39 0
-41 55 31 0
-47 -30 54 0
-55 -21 18 0
-37 -4 18 0
51 -18 -41 0
36 -10 -4 0
28 52 -11 0
23 -1 48 0
-36 -37 -29 0
-4 -2 -18 0
-52 -22 -7 0
-40 -7 44 0
-2 -15 -9 0
-29 -51 -36 0
-35 5 33 0
33 27 22 0
-46 -20 -15 0
-52 -50 -37 0
20 48 -13 0
-22 -9 -54 0
36 1 -6 0
-41 54 -50 0
6 38 17 0
11 -29 32 0
-6 -55 -51 0
6 53 14 0
-34 -21 -52 0
12 -29 -48 0
13 -2 14 0
50 -48 14 0
-25 22 45 0
-20 -17 -16 0
41 -49 17 0
2 -7 -25 0
37 -46 -34 0
23 -13 24 0
25 -14 -16 0
-19 25 -52 0
-34 -6 44 0
-40 42 4 0
45 -1 -18 0
21 -33 35 0
10 -44 -6 0
-29 20 -22 0
-43 -42 21 0
40 56 22 0
7 35 49 0
-35 -56 -21 0
26 5 -41 0
21 45 43 0
-7 -17 22 0
-33 22 -15 0
30 16 10 0
-39 -1 -49 0
30 53 16 0
-21 -55 -27 0
17 -55 36 0
-30 -54 51 0
-34 -36 -25 0
-41 57 -6 0
42 -55 53 0
-1 -40 32 0
4 -39 -55 0
32 -2 35 0
21 -53 -47 0
20 -5 17 0
-54 3 -6 0
21 17 -13 0
39 21 -3 0
53 -15 -47 0
-51 -40 47 0
15 -3 -54 0
-32 26 36 0
-28 -25 3 0
-11 13 -6 0
47 -54 -55 0
-20 3 -26 0
25 54 -40 0
-1 -28 6 0
-21 36 -48 0
56 -54 33 0
-34 -48 28 0
4 44 6 0
-42 -24 -51 0
56 25 6 0
-53 34 7 0
18 -27 -5 0
-44 5 10 0
-16 -47 15 0
-1 56 6 0
-49 37 39 0
-40 -35 -7 0
-40 -42 39 0
40 52 50 0
-21 26 -5 0
-54 -35 38 0
-21 29 24 0
7 -55 -20 0
38 -2 32 0
-36 -49 44 0
27 -38 51 0
8 -39 6 0
-38 -37 -13 0
-38 -17 -42 0
-27 -50 46 0
17 -9 -12 0
32 -57 52 0
-14 2 8 0
27 7 -29 0
-37 35 2 0
-55 57 -3 0
57 3 42 0
17 47 -20 0
-11 30 -10 0
5 -16 40 0
45 -5 3 0
46 -31 -53 0
-39 -56 13 0
-13 -24 29 0
-37 -53 -48 0
13 -22 1 0
45 44 -47 0
-14 30 27 0
-11 -57 -29 0
-57 -26 -27 0
18 5 -16 0
-35 22 -43 0
-16 54 -37 0
-28 23 20 0
39 -10 -22 0
-3 5 -35 0
-38 -53 48 0
-41 -57 56 0
-48 23 16 0
21 53 56 0
-49 3 -39 0
27 -1 -33 0
39 -10 46 0
53 -30 21 0
-21 24 9 0
-28 19 -29 0
-41 -16 51 0
-53 51 -54 0
-16 37 55 0
-31 33 -52 0
5 42 -2 0
42 50 32 0
-35 -5 46 0
33 22 -54 0
-57 39 -49 0
-29 55 -20 0
22 43 16 0
7 37 -41 0
-53 19 33 0
-33 46 -13 0
-43 42 -14 0
15 35 -36 0
