p 73 310
-15 -73 -3 0
43 -64 -50 0
36 72 14 0
57 56 15 0
-14 30 -51 0
-21 14 32 0
-1 -68 -29 0
6 -56 20 0
57 -32 53 0
-66 -54 -71 0
-45 44 -11 0
-2 -64 -49 0
-54 -13 35 0
38 -40 -45 0
22 -38 -33 0
37 15 39 0
38 68 -63 0
31 -55 73 0
34 46 -50 0
-69 -26 -13 0
-38 11 -70 0
55 37 64 0
-38 24 -70 0
-11 18 57 0
-62 53 -14 0
56 -6 22 0
-5 -15 62 0
22 -56 72 0
71 -52 -67 0
19 -71 -53 0
-15 47 40 0
-3 67 -9 0
-34 -25 -43 0
-14 54 -2 0
-55 -60 -29 0
-2 -38 -52 0
-35 8 -5 0
52 -31 64 0
-14 59 -42 0
-9 -42 48 0
-25 -1 24 0
37 -32 -52 0
-54 41 -2 0
63 19 18 0
60 44 72 0
20 -70 -53 0
17 -60 7 0
-36 -4 -19 0
-55 47 -73 0
-40 -57 -2 0
-25 -17 1 0
-37 -26 43 0
28 -68 -20 0
-44 -17 -19 0
61 40 -38 0
30 -9 13 0
-50 22 -1 0
-31 -52 -4 0
-51 33 24 0
-19 47 48 0
-24 44 -23 0
46 28 68 0
-42 55 -65 0
-55 -61 -46 0
24 -13 12 0
26 2 -24 0
-6 -32 -68 0
12 -37 -24 0
14 63 -23 0
-55 4 66 0
8 19 11 0
-13 -12 -22 0
-1 25 -51 0
-26 -62 7 0
13 -5 -56 0
-47 -3 -49 0
-39 -42 47 0
-29 -6 24 0
-4 -14 64 0
-51 -1 -21 0
-44 64 59 0
-33 51 -67 0
-22 50 19 0
-52 32 23 0
-16 1 -2 0
59 -55 73 0
49 3 -34 0
47 -35 -16 0
11 -7 -72 0
-67 -42 -72 0
8 -46 -58 0
-13 28 3 0
49 10 -68 0
38 -26 7 0
-40 27 6 0
70 45 -29 0
-12 -16 -11 0
32 49 6 0
-4 -61 -35 0
30 -22 65 0
-50 -27 45 0
-34 -10 41 0
51 69 17 0
-15 -7 49 0
39 11 -2 0
-26 34 -44 0
-5 -33 -39 0
6 54 22 0
61 26 -11 0
-72 -12 42 0
-73 -4 48 0
-63 5 -35 0
10 9 43 0
-40 17 -31 0
-38 -4 20 0
21 -33 -66 0
-73 -26 51 0
-65 5 37 0
8 63 29 0
-51 -9 60 0
65 -17 -35 0
-62 47 37 0
71 27 -18 0
-47 59 27 0
18 -60 57 0
-18 -34 -23 0
8 -65 33 0
30 29 -39 0
7 45 24 0
42 -50 19 0
71 53 -9 0
54 6 -56 0
35 -62 -4 0
37 22 -5 0
9 -70 -15 0
-71 -43 -22 0
21 -72 62 0
24 19 -21 0
20 -71 -16 0
-45 -39 49 0
-4 36 -62 0
49 -3 -1 0
-22 -7 17 0
64 72 -46 0
6 -30 62 0
-11 -29 55 0
-10 70 -26 0
-10 21 56 0
14 12 -37 0
-72 -9 11 0
14 21 -9 0
17 5 4 0
-20 60 9 0
32 31 -54 0
-4 -48 41 0
-50 41 -21 0
-62 6 55 0
59 26 -73 0
-6 -29 -10 0
-14 -1 -26 0
23 -7 56 0
53 -40 26 0
-37 -13 10 0
-10 -13 -73 0
39 -56 44 0
34 54 -73 0
67 -43 36 0
41 8 56 0
-50 -39 -36 0
-36 -1 52 0
64 -45 34 0
69 67 20 0
-7 -34 -57 0
33 -59 -53 0
62 -14 -49 0
8 36 -17 0
-16 -71 54 0
-67 32 14 0
40 5 46 0
-14 -35 -5 0
-43 53 3 0
-32 -12 -14 0
57 -45 27 0
-69 24 47 0
70 -32 -65 0
59 -11 -13 0
-40 -8 -18 0
-7 -16 29 0
-69 17 2 0
-12 72 -31 0
-31 7 65 0
26 48 -54 0
49 10 40 0
56 19 71 0
49 -68 44 0
37 44 8 0
-3 64 -73 0
39 4 70 0
48 22 50 0
36 -69 19 0
-31 19 -3 0
25 -29 17 0
34 -29 57 0
69 31 65 0
72 68 -10 0
66 -68 -57 0
-48 71 55 0
33 -68 21 0
-63 70 22 0
-5 35 -50 0
28 25 -71 0
40 70 -23 0
-50 -2 -12 0
-7 -45 -68 0
-41 48 -61 0
-68 -7 73 0
39 26 56 0
-52 -6 29 0
19 -28 50 0
13 -21 42 0
-67 56 49 0
32 -40 36 0
63 17 69 0
34 -48 16 0
-13 59 64 0
22 23 -13 0
65 -6 -67 0
43 -34 -30 0
12 -16 -25 0
-22 -73 14 0
-61 -43 -53 0
39 -72 23 0
4 69 60 0
-12 -44 36 0
-4 -59 -1 0
21 -69 -17 0
70 -44 13 0
47 33 -66 0
-26 38 13 0
-31 -51 -33 0
-26 59 40 0
67 70 -33 0
-54 34 -57 0
-17 64 -2 0
-50 28 27 0
-28 -56 21 0
38 30 56 0
-46 -41 43 0
-15 59 -47 0
47 11 54 0
-8 -46 -12 0
-54 4 15 0
11 45 -28 0
-3 -6 23 0
44 64 -42 0
54 7 32 0
-23 -17 -46 0
-14 47 8 0
-37 -1 -26 0
42 -34 62 0
-72 5 12 0
15 6 42 0
-26 41 -44 0
48 10 18 0
-68 42 47 0
-31 14 -64 0
-50 -40 -63 0
-18 37 -44 0
-3 10 -18 0
7 -37 58 0
68 22 -38 0
-42 70 25 0
-44 -60 -55 0
-18 -70 -48 0
-43 -10 -63 0
15 -50 61 0
40 -55 23 0
45 -27 -54 0
3 39 -61 0
26 -52 -15 0
62 -46 -1 0
-8 -41 -5 0
-42 48 27 0
5 -14 26 0
-25 72 49 0
-26 -36 37 0
-58 -47 7 0
-27 -23 3 0
70 26 -20 0
-32 -26 -73 0
-69 -2 37 0
19 70 -53 0
19 -20 -34 0
66 7 -22 0
-49 -73 16 0
-11 9 -2 0
-63 26 52 0
15 -42 -72 0
-33 73 53 0
32 66 -36 0
46 -6 -71 0
34 -10 20 0
-52 46 -61 0
37 -10 9 0
-51 -1 -50 0
29 14 38 0
14 -23 -47 0
-24 -56 -66 0
39 -51 -30 0
67 -38 9 0
