p 86 366
-27 74 -4 0
86 45 10 0
-38 24 -2 0
11 -74 -86 0
85 80 -25 0
1 -66 80 0
6 22 58 0
-10 -19 -67 0
-79 85 -47 0
-78 -24 13 0
59 -55 73 0
24 -76 33 0
-45 35 -54 0
-72 -14 59 0
53 -84 -50 0
62 46 63 0
-21 35 -4 0
-39 17 -58 0
63 3 -44 0
83 31 -21 0
-23 22 -47 0
-6 38 10 0
38 -41 -84 0
-78 -31 67 0
84 38 40 0
18 -45 49 0
-42 -79 -70 0
9 80 72 0
-32 -24 -57 0
-60 33 -37 0
67 7 19 0
54 -74 40 0
-18 -64 -32 0
1 -33 -79 0
-65 -43 -4 0
56 17 49 0
1 -43 32 0
-3 -25 -10 0
-80 38 -23 0
-63 75 70 0
61 -75 -18 0
-80 76 32 0
-70 -38 -67 0
-73 62 48 0
54 -61 12 0
-63 -85 -68 0
-65 38 74 0
-71 -23 54 0
43 -83 19 0
-73 -39 -46 0
-78 -24 74 0
-63 -6 -8 0
-28 71 29 0
42 10 71 0
-47 71 -48 0
37 -28 -57 0
21 -5 35 0
-11 4 61 0
-83 54 -86 0
45 -21 -69 0
14 8 23 0
79 3 13 0
-53 12 -42 0
-82 48 -7 0
-21 44 67 0
6 -56 -71 0
-33 8 -56 0
-9 32 50 0
-32 41 48 0
9 54 -63 0
74 -82 14 0
-12 -66 51 0
17 -74 -69 0
-74 -45 -3 0
-20 83 41 0
-31 -53 -14 0
36 -6 -21 0
70 71 -73 0
4 -72 -75 0
-26 -22 -32 0
-40 -26 -84 0
77 19 31 0
-1 -27 17 0
78 -74 28 0
-26 38 -15 0
-8 54 -46 0
-65 78 -37 0
10 -49 -9 0
-53 -29 15 0
7 12 43 0
-68 -49 62 0
-62 -48 -75 0
23 -85 -47 0
69 45 -49 0
64 -61 -32 0
76 15 55 0
-80 59 33 0
59 -3 71 0
80 -1 50 0
-13 -10 36 0
51 -13 -5 0
-22 -74 39 0
-5 39 58 0
-77 -61 -83 0
82 64 -44 0
-33 50 -40 0
5 -79 -41 0
62 -28 1 0
62 -57 -53 0
64 -63 -48 0
15 -66 -8 0
32 -15 -10 0
-23 31 -42 0
-60 84 54 0
20 -39 -13 0
70 -83 40 0
-31 -37 25 0
-79 59 67 0
-5 -84 -32 0
77 16 2 0
-83 -43 62 0
-23 -71 48 0
-66 -47 -82 0
31 50 68 0
25 -20 9 0
-18 -5 -40 0
32 1 19 0
18 -41 7 0
-76 -45 -36 0
-23 13 -52 0
3 17 23 0
52 46 -45 0
78 53 -77 0
28 64 -23 0
54 -14 -18 0
1 26 33 0
-50 23 40 0
-49 -35 62 0
86 84 13 0
51 32 -62 0
35 -17 4 0
-38 83 -78 0
-12 51 -19 0
-44 -22 17 0
11 -49 66 0
-26 36 53 0
67 -86 64 0
86 27 -53 0
-66 59 -74 0
-86 -62 11 0
-48 13 -60 0
-25 54 51 0
-9 38 -54 0
64 -10 30 0
53 -76 -77 0
33 -58 -1 0
37 -32 29 0
40 -5 -52 0
78 -50 27 0
-33 78 -49 0
16 46 -75 0
-40 -55 -70 0
58 -72 30 0
-40 -30 -5 0
-41 82 -1 0
7 45 -67 0
-47 48 5 0
31 -63 -52 0
-72 22 56 0
12 -16 -79 0
50 24 -12 0
-15 -71 11 0
-13 -5 22 0
47 -83 -61 0
68 -10 19 0
-14 68 24 0
59 13 7 0
-54 -20 -82 0
-1 -84 40 0
12 37 -68 0
-79 86 20 0
84 7 -22 0
-32 17 -5 0
48 71 74 0
-57 -31 -38 0
70 59 -62 0
-62 -37 -35 0
-54 26 1 0
-41 -86 -18 0
-39 44 55 0
-57 -56 -61 0
-34 63 29 0
81 -60 -27 0
8 53 27 0
-54 62 -55 0
5 -9 -85 0
61 14 11 0
-33 -76 9 0
5 9 41 0
-71 76 67 0
-28 46 -80 0
-63 73 -83 0
28 75 -12 0
38 -39 12 0
-74 -79 63 0
-4 20 -62 0
5 -35 -75 0
-79 6 -44 0
-75 31 25 0
28 59 -63 0
-2 61 71 0
49 55 46 0
-46 11 85 0
-47 85 -70 0
13 35 76 0
-71 68 -6 0
-74 -79 -78 0
-69 10 8 0
-55 -30 8 0
72 84 -27 0
-65 -46 7 0
35 34 14 0
-26 -61 51 0
-22 31 -66 0
38 -5 44 0
68 -49 38 0
10 69 27 0
57 -18 -7 0
64 4 34 0
26 -53 -13 0
-33 -71 31 0
24 59 13 0
84 44 -52 0
52 -3 56 0
64 -69 41 0
17 29 -20 0
12 30 46 0
-78 18 -24 0
-25 74 1 0
-79 -35 -49 0
1 64 27 0
21 -45 53 0
-69 -13 70 0
-63 -37 30 0
8 6 -61 0
-18 -3 61 0
-39 16 3 0
-74 48 57 0
36 -53 -3 0
62 5 85 0
-50 -30 69 0
-86 66 47 0
41 81 45 0
-84 2 -47 0
59 -84 -53 0
38 21 -61 0
62 44 31 0
76 22 35 0
-59 -18 -32 0
-83 -51 13 0
-40 38 -47 0
-6 43 -28 0
30 85 1 0
-48 68 11 0
19 -51 66 0
48 15 -29 0
-41 29 40 0
-8 -62 22 0
61 3 -31 0
-37 78 44 0
46 -42 13 0
-48 -13 -20 0
10 -79 80 0
-80 74 10 0
36 -80 -46 0
-78 -23 -2 0
-61 -29 58 0
-38 67 -83 0
-47 86 -59 0
-24 77 10 0
-5 4 -21 0
76 -43 -38 0
80 -54 52 0
-24 83 65 0
-76 4 9 0
-66 -81 -4 0
-20 -86 -31 0
-13 -49 -86 0
-16 -37 71 0
-21 -3 -60 0
-74 15 -45 0
69 -72 54 0
-29 66 -13 0
-36 -11 49 0
-39 32 21 0
47 -65 -9 0
-75 86 -44 0
42 8 62 0
49 12 -9 0
66 -71 52 0
-83 76 20 0
16 -18 44 0
54 35 52 0
-68 65 78 0
-24 -72 -68 0
-83 -57 -24 0
64 -26 -59 0
-12 78 -5 0
48 -45 4 0
63 35 39 0
54 48 -16 0
-62 -32 -35 0
-56 40 -24 0
13 -3 -63 0
34 -73 17 0
-50 17 -7 0
3 46 6 0
44 -13 37 0
-54 10 67 0
50 -86 29 0
8 52 -36 0
15 57 50 0
36 -75 -35 0
-22 -1 77 0
50 -29 46 0
-11 40 -2 0
-39 10 -38 0
-57 26 -74 0
68 65 -47 0
-23 35 45 0
-25 -68 -21 0
84 -34 -41 0
-44 40 -23 0
51 68 79 0
15 -11 58 0
2 85 -36 0
49 -76 5 0
8 19 12 0
31 -23 43 0
40 -37 -83 0
-59 67 -52 0
-9 39 71 0
-5 23 2 0
-40 78 36 0
-58 64 25 0
-50 28 40 0
-45 15 18 0
-19 -68 82 0
20 49 13 0
64 -66 12 0
-29 -66 -11 0
37 8 1 0
2 35 -25 0
-43 -74 -85 0
62 29 -7 0
71 21 68 0
14 51 -77 0
78 -36 -69 0
48 20 -2 0
2 62 11 0
-48 -72 -11 0
42 -34 -20 0
10 55 -6 0
6 -37 -28 0
43 -11 -32 0
-22 21 9 0
