p 44 187
11 -29 44 0
37 35 14 0
-22 24 -9 0
43 6 -27 0
28 6 42 0
-6 -27 -2 0
22 37 15 0
-44 -9 6 0
-36 20 18 0
-30 -35 -6 0
20 16 -5 0
22 -39 -16 0
-24 -44 31 0
13 24 38 0
-44 -16 -8 0
41 43 -4 0
-37 1 22 0
-25 20 43 0
-27 43 4 0
3 -38 24 0
41 38 -26 0
5 13 28 0
2 34 32 0
6 37 28 0
15 -4 23 0
-36 -40 -39 0
39 33 -6 0
11 26 32 0
-5 -4 33 0
28 -31 44 0
-17 -39 29 0
39 26 -14 0
15 -16 44 0
-36 -18 -26 0
-2 44 -13 0
-37 38 17 0
-43 -40 -14 0
-28 21 -6 0
-27 -10 -40 0
-30 23 -14 0
23 44 11 0
-17 -20 -11 0
31 14 13 0
17 -7 14 0
-11 -25 10 0
-19 38 -44 0
-2 -20 43 0
-38 -8 -28 0
-3 -4 -40 0
-24 -36 -12 0
-33 -9 24 0
-38 -11 -7 0
39 -35 17 0
36 -39 15 0
-6 15 23 0
-11 31 -10 0
-38 -5 -16 0
11 -33 -29 0
-20 30 1 0
27 41 -15 0
-38 29 1 0
6 20 -44 0
-39 -40 41 0
-35 3 23 0
-2 -23 28 0
-7 13 32 0
-18 25 -3 0
-41 28 -16 0
-43 -26 -17 0
-34 4 -38 0
-36 -1 37 0
-34 -43 -37 0
42 -25 7 0
18 32 35 0
18 -17 -13 0
7 -11 -8 0
32 21 22 0
-22 20 12 0
-2 24 -4 0
6 19 -12 0
-14 13 -5 0
7 35 38 0
20 36 37 0
-9 19 -35 0
-42 -5 -23 0
-1 13 -4 0
-1 -25 -2 0
37 6 43 0
11 28 -2 0
-21 -16 25 0
-30 4 -25 0
-27 35 34 0
22 -29 14 0
32 -35 -30 0
41 32 -18 0
-5 39 36 0
34 -26 -3 0
-15 -29 31 0
38 -33 -22 0
-24 8 27 0
16 -20 33 0
-39 -20 12 0
8 -39 -12 0
-34 25 -16 0
19 4 2 0
11 -31 42 0
-39 25 -2 0
23 36 3 0
21 -5 4 0
35 -37 -6 0
43 6 38 0
30 44 20 0
40 -31 -16 0
33 19 -40 0
-7 -26 22 0
-31 -22 18 0
-19 -2 22 0
10 -4 -33 0
14 -24 -36 0
37 -7 -4 0
-44 -42 -4 0
-6 -30 44 0
-25 -30 36 0
-6 -14 9 0
-5 30 7 0
5 1 22 0
-12 44 33 0
32 -35 9 0
21 -17 39 0
-28 -16 -8 0
13 37 -25 0
37 -36 3 0
-42 -16 2 0
-26 6 -41 0
31 -10 -44 0
23 34 -29 0
-12 -11 -21 0
-13 16 3 0
-5 10 34 0
-22 -7 36 0
22 -12 -1 0
-34 11 3 0
-33 -17 27 0
1 -19 29 0
-11 38 -25 0
-17 16 -31 0
8 20 -4 0
25 -23 12 0
7 -36 -29 0
36 1 -26 0
-8 -10 36 0
2 21 -6 0
-15 -4 34 0
-35 8 -20 0
-8 -40 -13 0
-31 22 -5 0
-28 -10 9 0
-40 -10 38 0
-31 6 15 0
-11 -17 40 0
-40 -32 36 0
19 35 21 0
3 -40 -38 0
1 33 -41 0
3 -14 -42 0
28 13 -3 0
-8 31 -32 0
-4 1 -19 0
12 -24 20 0
-21 37 31 0
40 -1 39 0
-21 -41 10 0
27 -37 20 0
-16 6 3 0
-9 -19 6 0
-14 -26 40 0
40 -44 8 0
6 -25 23 0
-21 38 -3 0
-26 -37 11 0
-39 41 -5 0
-32 -41 -10 0
-8 -37 -35 0
21 13 -3 0
-22 15 18 0
23 44 40 0
9 30 33 0
