p 89 379
-27 74 75 0
64 -86 -39 0
-70 -42 -75 0
53 89 -45 0
32 -9 -84 0
-15 -59 53 0
84 85 76 0
66 -53 -74 0
15 -78 53 0
76 49 -16 0
-79 -68 3 0
3 63 88 0
12 -40 74 0
48 36 16 0
46 63 -87 0
30 43 -6 0
-33 59 -68 0
3 32 28 0
4 -60 58 0
-80 31 49 0
83 -28 44 0
1 -44 -80 0
48 -85 -56 0
-16 72 1 0
-9 59 -24 0
-52 33 -14 0
-29 -41 -53 0
19 -36 -87 0
-43 -62 -76 0
74 -36 -11 0
-24 -45 48 0
-49 -16 43 0
28 -30 3 0
87 -24 -64 0
-78 -2 -48 0
-74 -17 31 0
49 -72 -27 0
-11 -29 -42 0
-46 81 -27 0
-65 -11 80 0
-16 71 65 0
-44 -25 88 0
-8 -45 80 0
-30 10 -55 0
72 31 -7 0
-48 12 -10 0
-45 -83 62 0
22 -78 -71 0
-78 82 61 0
18 85 55 0
20 81 -68 0
22 40 66 0
76 40 -49 0
57 54 -47 0
-18 -64 86 0
64 50 -31 0
-27 6 59 0
78 -61 -43 0
63 -25 -80 0
79 22 58 0
-46 52 -68 0
-48 -44 -23 0
20 68 27 0
-46 56 -15 0
-6 26 37 0
-36 68 49 0
-31 -54 20 0
-34 -31 -44 0
19 64 7 0
3 -62 47 0
-19 28 -30 0
42 61 -21 0
9 -82 85 0
6 69 -27 0
70 64 -16 0
-30 75 -33 0
84 -39 -4 0
58 4 -74 0
27 9 25 0
-69 -26 -76 0
32 69 46 0
55 81 1 0
-3 -49 64 0
19 -17 65 0
-2 -29 -67 0
-28 53 -56 0
28 50 56 0
-44 -70 -20 0
1 32 19 0
-76 73 28 0
-62 -23 49 0
55 62 -73 0
30 48 -42 0
28 60 81 0
-84 46 -34 0
-76 87 18 0
-35 -15 83 0
54 29 67 0
51 50 35 0
74 22 -59 0
-17 -50 10 0
-6 -70 75 0
24 -12 78 0
-59 24 28 0
-9 -49 -32 0
-52 9 74 0
11 -58 10 0
-1 63 12 0
32 -78 7 0
-32 -33 -49 0
5 -18 -14 0
58 79 76 0
37 2 72 0
72 -29 -5 0
-61 -49 48 0
-75 -65 24 0
-13 6 46 0
29 46 -81 0
27 74 -37 0
-9 -4 -50 0
-29 86 -75 0
-11 33 37 0
36 -27 -34 0
34 -71 41 0
81 26 57 0
-54 -72 -45 0
27 -4 63 0
-68 -5 24 0
-10 7 35 0
-57 45 21 0
35 -7 32 0
-85 -13 70 0
-78 -61 -11 0
54 -69 40 0
22 -5 49 0
67 2 -34 0
-88 30 13 0
82 11 62 0
-36 46 22 0
-2 4 29 0
32 19 24 0
22 -25 -45 0
49 75 -80 0
-75 41 -68 0
74 47 39 0
-41 48 50 0
2 -88 10 0
1 -67 -9 0
-11 -33 84 0
13 76 -62 0
-33 43 72 0
47 -22 -37 0
37 -39 59 0
-18 79 1 0
21 -58 24 0
-17 -69 -55 0
9 58 34 0
-79 -23 -46 0
58 -16 32 0
-54 -11 -88 0
63 34 35 0
-60 -57 16 0
27 84 60 0
-33 70 -28 0
-41 -69 77 0
44 -79 -77 0
78 25 -52 0
-73 -27 51 0
71 51 60 0
44 -13 87 0
24 38 -37 0
-31 -47 68 0
-88 53 -86 0
-27 -5 -75 0
54 -3 89 0
54 5 23 0
7 8 53 0
-51 24 -56 0
68 16 -5 0
68 -45 -84 0
85 -47 83 0
-81 -57 -56 0
-22 -63 -73 0
-55 -76 -10 0
-61 -65 -14 0
-40 44 -42 0
-29 57 -84 0
64 89 -4 0
62 69 85 0
-29 -15 59 0
-66 31 -65 0
84 29 57 0
20 48 -60 0
86 68 54 0
18 -30 -63 0
-81 -57 64 0
32 87 -24 0
65 -34 78 0
-61 -52 -12 0
-52 -17 -71 0
-75 -46 -2 0
44 86 -83 0
-53 -37 -63 0
57 15 -4 0
-11 54 -8 0
81 10 14 0
38 75 51 0
-1 31 -65 0
64 -5 22 0
32 -26 -10 0
65 26 9 0
-65 44 55 0
-33 -52 -17 0
-52 4 18 0
9 39 65 0
-28 -84 29 0
86 -17 -64 0
-85 -64 1 0
-64 -9 66 0
86 80 83 0
55 28 -41 0
-56 36 -71 0
25 -77 9 0
19 84 45 0
44 6 77 0
8 10 31 0
51 23 38 0
57 -40 71 0
81 30 86 0
58 -33 37 0
25 78 53 0
-44 9 45 0
-54 -51 76 0
-12 -3 -52 0
-40 -36 61 0
58 39 -42 0
19 -15 -14 0
35 40 -89 0
-24 60 12 0
-64 76 83 0
-89 39 -20 0
11 -7 89 0
61 23 -43 0
37 -35 -61 0
14 -9 -55 0
86 -19 -75 0
-51 4 21 0
27 -67 49 0
-23 74 -15 0
12 -14 80 0
-84 -62 -9 0
-41 -15 -32 0
56 87 -24 0
65 -59 81 0
-78 64 34 0
49 35 56 0
-11 61 -5 0
21 22 79 0
-27 -11 -29 0
-80 25 52 0
-47 -25 73 0
-33 51 3 0
26 -75 69 0
28 22 78 0
-87 -26 48 0
27 74 21 0
-61 54 -82 0
31 83 -60 0
-34 56 41 0
35 -61 -88 0
65 67 -33 0
-31 -26 40 0
29 85 -23 0
-66 -20 -15 0
-70 33 58 0
-31 33 -6 0
29 -23 22 0
18 36 -46 0
-67 68 10 0
-11 -51 71 0
-78 -12 32 0
-42 -57 45 0
-83 -32 21 0
89 -46 -59 0
-27 -55 -36 0
51 56 49 0
-65 11 1 0
9 -26 -49 0
82 -27 -22 0
-72 81 -24 0
-10 56 49 0
36 -75 38 0
-65 -74 15 0
-28 24 72 0
-42 -77 18 0
-5 86 58 0
66 37 6 0
-89 -18 25 0
59 -19 50 0
83 -57 -24 0
-45 -22 68 0
-22 -51 -34 0
17 -75 -56 0
88 -35 14 0
-26 -6 -53 0
-70 33 -5 0
30 -77 14 0
-24 20 -44 0
21 -87 38 0
81 -73 61 0
28 -71 84 0
-18 54 42 0
20 -89 -16 0
50 42 -5 0
7 -44 37 0
88 -8 42 0
-22 -63 -20 0
69 -16 1 0
-14 -30 -45 0
2 8 43 0
-62 -67 12 0
70 -68 -38 0
-42 -65 56 0
12 61 -51 0
58 -59 -88 0
-25 -88 -28 0
-33 73 56 0
80 -42 26 0
57 10 -41 0
68 40 -51 0
-86 73 -9 0
-63 1 -78 0
50 -42 70 0
43 53 8 0
33 -75 -14 0
19 -70 -51 0
87 78 -66 0
65 -78 -41 0
13 77 -50 0
-47 29 36 0
86 -82 -78 0
-83 84 -64 0
60 -69 -81 0
82 -84 9 0
-7 58 24 0
88 58 -1 0
-14 58 -5 0
-4 -58 -15 0
43 -66 -50 0
-43 -64 -24 0
-81 47 -35 0
79 -83 -35 0
70 -56 -34 0
45 -89 -49 0
-83 46 -10 0
-78 45 -21 0
78 -43 17 0
-4 82 50 0
34 81 -71 0
-63 -46 -89 0
-6 23 -40 0
-10 36 37 0
-86 -37 85 0
-83 21 2 0
-43 71 36 0
-58 50 52 0
89 13 -16 0
21 -73 71 0
-32 -1 30 0
-82 -77 -30 0
-83 37 -68 0
3 59 -30 0
76 33 -83 0
58 -87 -38 0
-57 -56 -84 0
-49 61 16 0
-51 -59 79 0
-73 -9 89 0
60 -20 33 0
