p 89 379
-56 88 -2 0
-2 60 -27 0
89 62 -28 0
28 80 45 0
49 -65 67 0
42 -55 21 0
-8 74 -38 0
-33 -49 -62 0
-85 -1 53 0
-53 -76 23 0
44 -5 69 0
-75 56 -12 0
-3 56 -33 0
82 18 -69 0
32 -65 -21 0
-78 -52 7 0
66 43 34 0
-85 -59 -55 0
12 1 -43 0
69 -75 40 0
-18 26 87 0
21 -28 -32 0
19 -78 63 0
-70 -82 -13 0
75 -81 -6 0
87 -49 88 0
-52 26 -11 0
-75 -32 52 0
81 -43 -88 0
-68 -78 -51 0
-33 5 -9 0
66 82 -18 0
-67 -3 -89 0
5 19 38 0
-75 -5 51 0
-27 41 -62 0
15 48 -28 0
-30 21 18 0
30 50 33 0
19 4 8 0
-48 -63 29 0
-86 66 27 0
75 -78 54 0
70 -81 -69 0
6 -63 5 0
6 -64 -25 0
-81 5 -3 0
32 63 -46 0
78 -54 -48 0
79 86 2 0
2 -66 -85 0
-21 53 38 0
23 -33 57 0
57 49 75 0
-21 89 -42 0
-10 -85 -69 0
34 66 53 0
-43 -74 21 0
-26 -28 22 0
46 -60 -20 0
-34 83 65 0
29 -35 2 0
-43 -18 -44 0
-47 -26 57 0
-8 -56 -19 0
-67 40 25 0
-20 -5 -3 0
6 83 -46 0
-83 -73 -76 0
7 -38 61 0
-19 52 23 0
2 -86 -89 0
-45 30 48 0
-58 42 -44 0
61 74 -79 0
65 75 15 0
75 15 -74 0
46 21 -33 0
-77 -34 -27 0
89 -79 50 0
34 19 54 0
38 -88 55 0
41 -57 64 0
-1 -20 75 0
71 -65 12 0
-82 -66 -13 0
71 80 -4 0
-13 46 -24 0
14 70 57 0
-58 2 -71 0
-30 41 67 0
-46 25 1 0
-5 -68 35 0
3 79 -60 0
76 41 -62 0
26 56 -27 0
-32 -47 -23 0
41 -58 -53 0
-59 47 82 0
-62 51 -89 0
21 57 53 0
31 -50 -7 0
59 -29 -74 0
-43 -89 -37 0
56 50 44 0
-17 -10 -12 0
-44 -59 41 0
-30 -79 -9 0
63 -2 -87 0
-59 -1 54 0
-76 -57 69 0
21 -51 42 0
37 -33 -13 0
-18 20 31 0
35 5 -75 0
47 66 51 0
-9 -35 57 0
73 11 -48 0
-87 51 -28 0
-41 -37 76 0
2 60 -73 0
-2 -12 -44 0
80 51 -29 0
5 -66 -16 0
45 -69 -34 0
45 79 -71 0
-76 43 -16 0
-47 -37 52 0
-11 -87 -40 0
-48 -78 47 0
-43 -3 -56 0
-30 65 5 0
52 -53 73 0
-43 38 29 0
-15 18 75 0
40 -24 60 0
15 -78 -80 0
-82 -85 5 0
-14 89 -63 0
-13 -74 61 0
64 84 18 0
41 -38 28 0
52 -47 88 0
17 23 87 0
34 2 -5 0
-74 35 -76 0
25 64 86 0
-41 -71 -44 0
78 -21 -51 0
-23 -5 50 0
-50 52 -37 0
-57 11 -67 0
6 -15 -28 0
-23 -69 -29 0
24 35 53 0
-76 9 81 0
21 -78 41 0
-14 54 -26 0
27 41 -22 0
56 -8 -89 0
36 -74 -69 0
-69 -78 -44 0
46 -33 10 0
78 -85 -67 0
-41 6 -67 0
-62 86 -54 0
-50 -18 -63 0
44 85 -64 0
-42 31 16 0
14 -69 -83 0
-31 38 86 0
-10 -72 -3 0
-71 77 -67 0
34 -63 -82 0
-1 50 -49 0
-49 63 -61 0
-30 -2 48 0
6 -8 -81 0
-2 -8 -9 0
-34 41 -25 0
-16 -88 -71 0
-19 72 -76 0
-40 -51 -84 0
-26 -74 -39 0
43 21 74 0
-1 -87 -10 0
43 -67 -87 0
55 -10 76 0
-77 81 23 0
-84 -49 28 0
-36 -17 -51 0
14 71 86 0
-40 69 20 0
-2 66 84 0
-65 27 -36 0
25 21 34 0
46 -39 12 0
81 40 87 0
-66 24 86 0
-72 -20 69 0
-28 -36 -52 0
23 54 -28 0
52 -62 -16 0
-6 -51 73 0
4 -14 7 0
66 -1 -65 0
-25 -68 21 0
19 -72 82 0
76 -28 -2 0
-7 51 72 0
-33 -30 85 0
66 -50 41 0
-20 -12 64 0
-13 -25 17 0
-9 -49 80 0
-69 81 13 0
1 -50 -8 0
35 47 23 0
42 61 22 0
6 76 -36 0
-63 66 50 0
-74 -80 -6 0
47 -20 -49 0
-31 -61 -11 0
-28 -58 88 0
52 -33 -77 0
20 6 25 0
-34 1 37 0
46 69 -48 0
-1 -51 -38 0
40 -55 11 0
78 85 64 0
-51 63 -28 0
-7 9 -66 0
-15 42 -45 0
-67 -52 10 0
25 9 -18 0
82 -75 -47 0
4 -21 37 0
-18 79 -87 0
-57 -83 4 0
-75 37 14 0
-87 75 -31 0
65 75 25 0
79 26 -20 0
-34 -65 57 0
79 -88 87 0
46 14 -12 0
-62 -64 55 0
-39 -11 15 0
54 10 -18 0
-63 39 61 0
-35 -78 -65 0
19 -55 17 0
31 -15 9 0
78 51 -22 0
11 -37 -81 0
46 -51 -75 0
-33 81 57 0
70 -25 -79 0
-75 -47 -40 0
-35 12 -51 0
84 -81 66 0
-80 58 -81 0
-22 -26 8 0
-9 -42 -62 0
24 55 -81 0
65 -76 -17 0
-4 27 72 0
-85 -58 28 0
-31 73 13 0
76 24 -38 0
-6 -29 45 0
-35 82 46 0
14 41 -77 0
42 28 -41 0
67 57 -2 0
-68 81 20 0
-76 -86 -9 0
22 87 -17 0
-35 53 -87 0
-78 -41 -12 0
-47 55 -32 0
48 -21 46 0
46 57 78 0
-54 6 12 0
-26 42 -47 0
51 -13 -30 0
-30 -42 79 0
52 -50 -18 0
-51 -57 -22 0
80 -2 -19 0
75 65 -10 0
15 75 -36 0
2 89 -70 0
67 -63 -28 0
86 -14 -31 0
75 -56 13 0
-36 -8 -43 0
-8 -77 -13 0
63 -15 28 0
19 71 87 0
-7 6 42 0
-47 -25 -45 0
-64 -85 -34 0
-43 -22 -88 0
36 85 27 0
48 -17 2 0
71 80 -52 0
-73 76 42 0
37 -16 -72 0
-45 -33 -14 0
40 65 2 0
65 86 -60 0
-5 47 12 0
52 -20 49 0
86 6 40 0
87 30 -67 0
12 21 8 0
51 -75 -47 0
-88 82 16 0
-68 10 -3 0
-61 -37 -66 0
-36 44 -60 0
75 27 -22 0
10 -56 30 0
18 -73 -58 0
-32 -70 -34 0
70 -51 58 0
59 79 -74 0
-44 84 76 0
44 48 58 0
32 -71 -7 0
11 -30 45 0
-42 -71 15 0
80 -35 -19 0
-11 -80 -69 0
-64 -21 51 0
-80 79 -59 0
54 66 26 0
-14 -13 -39 0
21 87 -62 0
34 -74 89 0
-7 25 -87 0
-60 -46 -78 0
-83 48 -62 0
79 24 -77 0
-74 66 -29 0
85 -58 41 0
-53 -2 -66 0
8 -82 -62 0
9 86 54 0
1 -9 -33 0
43 83 -14 0
8 2 39 0
75 -77 -11 0
32 -40 41 0
7 22 -71 0
-66 -53 -87 0
-44 32 -81 0
63 88 1 0
80 37 3 0
53 71 -17 0
17 45 70 0
-52 -28 19 0
-41 -81 51 0
70 39 89 0
-9 88 57 0
-60 87 82 0
-4 9 -81 0
25 38 -33 0
-65 -70 -64 0
-64 13 39 0
-76 -32 30 0
34 -43 -58 0
-72 10 -22 0
88 -82 7 0
-78 -31 -61 0
52 21 -34 0
