p 40 170
-33 -3 28 0
40 -35 33 0
2 -34 9 0
31 -18 24 0
-15 -16 -1 0
40 28 -11 0
-3 23 14 0
-16 28 8 0
14 -23 1 0
-12 19 -6 0
6 12 38 0
2 13 33 0
38 37 8 0
-7 -27 -17 0
8 25 -18 0
-40 -20 30 0
3 -8 33 0
34 -7 -38 0
7 2 36 0
-5 -20 -21 0
-33 18 31 0
11 26 -38 0
-35 29 -37 0
-24 -17 -9 0
8 -14 37 0
-3 31 17 0
26 23 -7 0
-24 -19 15 0
-38 29 -40 0
-37 -21 26 0
3 -39 -4 0
-27 -34 -37 0
21 19 -22 0
-34 10 18 0
-30 -37 -21 0
-35 30 -16 0
13 -35 -39 0
24 -27 29 0
-9 30 -8 0
37 15 16 0
-26 -22 -18 0
33 7 32 0
7 30 -37 0
-17 -36 -16 0
29 -14 21 0
-36 17 30 0
-7 18 -36 0
-22 -9 38 0
32 -3 -22 0
37 16 30 0
9 17 -18 0
-5 13 9 0
6 -26 40 0
31 25 27 0
-35 -1 -37 0
1 -11 15 0
-4 -20 37 0
12 -16 10 0
2 -30 7 0
29 -17 39 0
33 -34 -39 0
25 -27 12 0
10 -8 -31 0
-21 -19 28 0
17 -27 -2 0
-40 16 8 0
-20 -19 4 0
-35 -2 18 0
-25 -27 -1 0
-24 2 -9 0
-24 32 -35 0
-12 -30 -3 0
4 11 1 0
-18 8 -29 0
-20 4 -23 0
-36 4 -17 0
-38 18 3 0
23 -7 11 0
-37 17 28 0
-25 16 11 0
-31 6 -2 0
-38 -36 -8 0
-12 -8 27 0
14 39 -7 0
6 -33 -5 0
-7 -19 5 0
-27 40 18 0
-18 -39 -8 0
-28 12 -10 0
8 35 -37 0
-27 20 19 0
20 -6 -29 0
37 -18 24 0
-17 -4 -36 0
22 16 -29 0
-4 5 -1 0
-38 -8 -28 0
-24 3 39 0
15 -19 -16 0
37 3 28 0
34 35 -5 0
-21 -31 -32 0
18 27 -9 0
21 30 24 0
33 11 -20 0
-35 -20 39 0
9 6 -29 0
27 20 10 0
-4 23 -40 0
38 27 -40 0
1 39 10 0
28 1 -23 0
-2 -17 18 0
-38 36 -3 0
-4 -34 26 0
-33 22 13 0
-40 -14 15 0
-33 14 9 0
18 32 -5 0
25 36 3 0
31 -32 28 0
3 -28 17 0
-29 -22 -7 0
-28 24 10 0
-15 -33 -22 0
11 -14 -1 0
21 26 38 0
-16 -8 -9 0
-28 30 -4 0
-19 29 25 0
-10 37 3 0
29 -32 -18 0
19 17 15 0
11 19 7 0
-29 -12 -1 0
-16 -4 35 0
-35 -2 -9 0
8 2 7 0
22 37 15 0
31 -10 25 0
2 26 -14 0
28 -37 -4 0
30 1 -25 0
-40 -37 -7 0
-39 -34 -16 0
-18 -17 6 0
15 -6 -19 0
26 22 14 0
-30 -8 -5 0
-13 21 11 0
-7 -40 -34 0
26 -6 4 0
-38 -14 -5 0
-2 -25 -14 0
-31 -4 -13 0
-20 39 -25 0
-28 19 -33 0
-26 21 28 0
-1 40 11 0
-34 -39 -31 0
30 7 -32 0
6 -1 38 0
1 17 30 0
16 13 -27 0
37 15 -12 0
29 -28 -30 0
-17 -8 -40 0
7 40 33 0
4 14 -33 0
5 29 -37 0
