p 32 136
-26 25 28 0
-13 -8 -16 0
15 11 31 0
-16 -32 19 0
-3 31 2 0
-9 -31 18 0
1 28 -29 0
22 -12 -10 0
16 -15 22 0
-28 -18 10 0
-9 -15 -29 0
17 -4 -13 0
3 14 11 0
8 -9 -27 0
21 -3 -28 0
-27 28 18 0
20 19 -15 0
-7 -18 30 0
-16 6 1 0
-19 23 -32 0
26 20 -25 0
25 -27 -9 0
2 7 -20 0
-19 -30 -3 0
-9 -15 -3 0
12 -7 25 0
10 28 -3 0
1 3 15 0
12 22 -6 0
-7 4 -10 0
25 -22 2 0
-10 -15 18 0
-10 27 -22 0
17 -10 -9 0
-25 -27 2 0
-24 5 -10 0
21 -20 25 0
-19 23 22 0
14 -28 -25 0
-26 22 7 0
-2 17 -10 0
-1 -23 -9 0
11 21 -19 0
-1 -7 15 0
-10 12 -16 0
-16 -6 21 0
-30 -10 -32 0
9 -32 17 0
22 -4 19 0
6 -32 -8 0
-32 -12 31 0
20 1 11 0
-9 -12 -20 0
-25 3 -22 0
29 12 -22 0
-32 -19 -3 0
21 -20 -3 0
20 12 -18 0
-13 -15 -10 0
-13 5 -7 0
-9 3 16 0
-11 -29 20 0
17 8 11 0
11 -8 -31 0
16 1 20 0
2 30 -18 0
18 5 20 0
-8 7 2 0
9 -15 16 0
32 10 11 0
-12 13 -26 0
14 -13 30 0
24 22 29 0
-17 24 -1 0
26 14 -19 0
16 9 -8 0
16 7 -26 0
-12 5 -31 0
-7 -26 -20 0
1 -13 -2 0
-8 9 -32 0
12 8 31 0
-30 12 -19 0
-32 25 8 0
28 -3 -19 0
13 22 29 0
-17 -21 16 0
32 30 -12 0
2 -4 -6 0
15 4 -28 0
4 -30 -5 0
9 24 -21 0
-20 10 -23 0
16 24 -12 0
-18 28 -12 0
31 -8 27 0
-21 32 -7 0
31 -1 -12 0
-24 2 3 0
-1 30 24 0
32 -3 30 0
8 20 13 0
-23 -7 5 0
-5 27 -14 0
20 21 -24 0
1 -6 -25 0
28 -14 -5 0
-20 22 13 0
13 5 22 0
20 32 -18 0
2 28 26 0
-15 21 2 0
-6 7 -29 0
-2 1 -31 0
25 15 16 0
24 6 17 0
-14 -23 7 0
23 12 -18 0
5 -19 -4 0
-17 -21 -12 0
-12 -21 -32 0
-9 5 -11 0
-30 13 -3 0
7 5 -15 0
21 -24 -27 0
-11 -31 -24 0
1 -2 17 0
-5 2 9 0
-15 -2 27 0
30 26 27 0
-15 26 28 0
26 -3 -1 0
27 -8 -17 0
31 29 32 0
-24 -3 -8 0
32 -26 -18 0
