p 99 421
75 77 81 0
63 20 56 0
-59 19 37 0
-10 -83 -57 0
-53 -43 8 0
52 40 -4 0
71 83 49 0
89 58 99 0
-38 72 -19 0
-30 -9 39 0
-58 -47 -95 0
-57 84 -43 0
3 39 2 0
52 -98 -86 0
1 -56 38 0
56 35 -99 0
-44 -70 -11 0
65 -50 -98 0
-51 24 32 0
48 92 32 0
16 10 -88 0
88 14 34 0
80 -48 29 0
83 34 30 0
-21 4 84 0
-27 -43 -42 0
99 -20 38 0
-42 -17 87 0
-13 -96 -54 0
27 20 -23 0
-89 -7 94 0
-72 -87 -13 0
45 68 -83 0
-88 27 72 0
80 46 -8 0
-91 69 28 0
-14 -44 -19 0
65 30 25 0
-23 36 -84 0
51 68 -55 0
29 9 -43 0
66 -17 47 0
29 -18 95 0
-39 -61 -55 0
7 -99 36 0
40 9 44 0
38 36 53 0
-73 -97 -4 0
85 1 -79 0
20 -24 -60 0
-85 -27 -31 0
-23 28 -20 0
40 -49 -19 0
-33 -34 -95 0
90 -11 76 0
32 21 87 0
92 98 38 0
-19 -29 -5 0
86 -78 19 0
29 -58 49 0
7 -46 -91 0
76 8 92 0
88 58 -37 0
-75 -44 -33 0
70 -23 71 0
-7 -85 61 0
-84 -54 26 0
19 98 -15 0
-96 48 34 0
-63 -59 89 0
-46 -78 -41 0
97 -11 45 0
93 59 84 0
80 -29 3 0
-63 -33 -94 0
-88 -61 39 0
-68 -35 87 0
47 -4 -87 0
50 -16 -39 0
-8 -98 -66 0
4 43 -85 0
-97 62 98 0
-73 59 68 0
-36 -59 80 0
71 74 -38 0
16 92 7 0
56 84 25 0
17 28 5 0
26 -66 91 0
-86 -17 -32 0
-49 -26 -80 0
-46 -75 64 0
-92 80 -56 0
-35 -94 67 0
72 46 -58 0
-38 -10 -34 0
-96 10 63 0
-26 53 38 0
-50 96 31 0
84 -38 -75 0
31 30 -86 0
-75 -44 49 0
-27 -51 -84 0
-52 -83 -31 0
29 -39 81 0
49 -11 56 0
-98 30 -28 0
-1 31 64 0
-88 -1 -44 0
-40 24 75 0
-45 -39 -8 0
-16 -90 -10 0
47 42 -54 0
-18 -16 -86 0
-60 -41 -2 0
38 -11 -27 0
35 75 -80 0
-97 37 66 0
-99 -13 -22 0
-64 -66 -9 0
58 -9 -76 0
62 -86 32 0
-82 -87 -67 0
55 -60 78 0
-88 96 25 0
-83 74 14 0
-94 70 -53 0
-96 -3 -94 0
-5 8 -73 0
-75 -92 -71 0
63 7 82 0
-57 -65 -59 0
-23 -18 -29 0
46 59 29 0
-27 -87 10 0
-11 -75 19 0
64 -39 -53 0
28 9 -36 0
-5 72 -50 0
32 20 68 0
-49 -86 -90 0
74 9 -41 0
-43 -64 39 0
79 75 -38 0
-96 -56 -52 0
69 33 -73 0
98 15 -30 0
-21 -33 -75 0
15 47 7 0
-83 -9 -5 0
-92 58 14 0
62 42 26 0
-62 25 13 0
19 -33 22 0
86 -18 69 0
-85 -55 23 0
66 53 41 0
-83 -56 -81 0
-25 -91 85 0
18 -13 35 0
-23 -98 -80 0
-79 19 31 0
55 28 -80 0
-73 48 97 0
51 47 -5 0
-39 1 -85 0
-54 -39 -67 0
17 -4 -6 0
-49 -34 21 0
-99 18 43 0
-25 41 27 0
93 96 -46 0
-29 89 9 0
-14 22 89 0
65 76 72 0
-36 76 56 0
-71 -62 -14 0
37 62 -55 0
-48 -71 -67 0
57 14 -80 0
-40 -17 10 0
-35 97 51 0
66 -11 -55 0
-15 -60 -41 0
30 94 51 0
39 93 42 0
32 -75 -51 0
-5 -40 -81 0
-55 -51 98 0
-61 -22 46 0
-96 -61 3 0
79 -21 -64 0
96 47 -29 0
-31 13 23 0
7 -14 71 0
-91 -40 26 0
91 13 -90 0
24 20 -32 0
58 64 -37 0
-77 -78 -97 0
11 -19 -28 0
-69 -99 95 0
5 60 -4 0
73 -55 32 0
84 -99 2 0
18 84 67 0
-27 -19 99 0
-99 -65 67 0
-3 95 49 0
-60 -13 -92 0
-26 -21 8 0
-43 54 60 0
-70 -29 -54 0
63 -28 18 0
64 5 -10 0
-40 76 47 0
36 -95 -6 0
-87 -50 17 0
-11 64 -57 0
14 -2 -98 0
-96 88 -91 0
35 -31 58 0
97 -62 6 0
6 64 -36 0
7 -89 -54 0
52 83 82 0
79 -77 -82 0
-55 -12 -1 0
83 36 -73 0
-79 -24 -28 0
-45 -12 -68 0
-6 -28 64 0
37 -28 -47 0
-87 64 -63 0
11 92 -42 0
14 -41 63 0
-83 85 59 0
53 97 -50 0
-16 -3 -49 0
-18 -53 -32 0
-31 -60 -48 0
-75 -25 47 0
-67 19 98 0
-84 38 -64 0
-91 24 -26 0
-70 28 18 0
96 -81 -75 0
-78 -91 -59 0
-23 -50 35 0
23 -14 -72 0
91 -60 -50 0
84 89 -39 0
-54 -77 -3 0
2 99 55 0
68 79 35 0
41 -13 -6 0
-25 54 53 0
18 24 29 0
74 19 42 0
21 -53 3 0
-56 20 12 0
-30 -99 69 0
37 80 57 0
-70 -85 -49 0
35 45 10 0
64 -39 -77 0
61 -95 -51 0
96 79 -47 0
-32 29 8 0
-89 -24 42 0
-38 -74 -12 0
-81 -41 61 0
-79 90 81 0
-62 70 -37 0
56 20 98 0
-30 74 84 0
-23 99 -24 0
65 79 -83 0
55 46 89 0
18 96 40 0
-75 -1 -5 0
-95 -21 -85 0
-40 53 32 0
-34 37 -40 0
-33 -85 -76 0
95 77 -76 0
-32 51 -78 0
49 95 9 0
-33 -81 -36 0
-3 -80 41 0
-48 9 78 0
-32 -84 -71 0
3 -96 67 0
-43 -80 25 0
-63 -16 97 0
-79 42 -80 0
-99 65 -63 0
-18 61 53 0
-6 49 -88 0
-69 -14 -16 0
59 34 97 0
-23 -13 -83 0
-61 -84 -62 0
-46 -73 21 0
74 -68 28 0
68 -65 -22 0
-59 42 -21 0
10 51 81 0
46 -5 80 0
-38 -73 -91 0
-66 73 -54 0
52 92 -41 0
-9 86 10 0
58 -98 -59 0
-23 -65 -89 0
92 -32 56 0
95 -90 -26 0
-34 31 8 0
-43 -77 11 0
-93 59 -39 0
-26 -74 -40 0
-65 -72 39 0
42 52 3 0
-37 91 -50 0
-99 -1 -80 0
23 27 81 0
84 85 86 0
44 -64 -38 0
3 13 62 0
89 -37 46 0
-39 11 -27 0
-71 -36 95 0
12 -80 99 0
93 -76 -30 0
89 24 67 0
90 3 -15 0
-42 -48 98 0
67 68 48 0
-86 37 77 0
-56 21 -31 0
80 -79 -92 0
-8 -42 47 0
-91 11 8 0
93 -6 -36 0
-9 23 15 0
9 74 -92 0
-54 -34 26 0
-84 82 13 0
9 -33 -82 0
-37 6 58 0
-48 -11 92 0
82 98 -23 0
-3 -6 86 0
16 -17 -86 0
32 67 -8 0
14 57 85 0
-13 -91 -16 0
71 37 -19 0
-48 5 -78 0
33 46 -28 0
-46 13 20 0
-72 99 81 0
53 68 -9 0
84 17 53 0
79 -15 35 0
-85 -1 99 0
-54 77 -36 0
96 93 86 0
93 77 92 0
-8 -15 1 0
-8 7 62 0
-97 58 -9 0
11 1 50 0
-34 -82 29 0
-18 -72 -36 0
96 2 36 0
-88 69 -66 0
96 -55 -46 0
-12 -5 52 0
44 25 -92 0
49 -55 98 0
27 35 -74 0
-19 37 -43 0
-61 78 -1 0
-82 13 84 0
-99 3 9 0
18 -61 90 0
26 -59 62 0
17 63 89 0
-6 94 -38 0
-11 73 -18 0
3 65 -5 0
47 -31 30 0
-74 60 36 0
88 45 89 0
36 21 -6 0
47 -43 87 0
49 30 -65 0
-22 -27 67 0
51 -92 -63 0
-50 -28 -83 0
-23 14 -31 0
55 -70 -3 0
79 -18 -21 0
-61 -46 33 0
-87 -71 -64 0
-73 -9 93 0
65 -71 -7 0
-73 -51 -1 0
-31 62 -17 0
90 69 -94 0
-82 78 17 0
23 -12 -67 0
-70 -58 -78 0
4 31 53 0
-21 15 51 0
84 -69 -20 0
2 9 -32 0
84 12 -81 0
-77 -16 41 0
82 56 -6 0
