p 87 370
22 70 -2 0
28 70 72 0
45 -29 -24 0
-19 32 11 0
-76 -28 -67 0
82 -40 16 0
12 -66 33 0
64 -52 -53 0
39 -62 55 0
-62 68 48 0
-11 -15 -7 0
-40 26 -55 0
30 11 -12 0
25 -30 -36 0
-65 66 -35 0
61 40 -18 0
-67 -24 32 0
87 69 15 0
-82 65 -34 0
71 32 -9 0
-81 -54 -85 0
40 35 60 0
61 -40 -30 0
-5 -83 -28 0
-23 7 -63 0
50 -49 -15 0
-69 16 -46 0
-74 -71 -11 0
-39 -38 -83 0
-81 10 47 0
-84 42 9 0
12 31 17 0
-18 6 37 0
44 39 83 0
-16 -10 -4 0
50 -69 -39 0
12 -72 74 0
67 -73 50 0
-85 57 -11 0
-32 -54 21 0
61 -62 49 0
52 -27 -26 0
57 74 87 0
-49 11 2 0
53 7 63 0
-3 -67 17 0
-31 -42 12 0
5 2 10 0
68 81 -84 0
-35 -32 -51 0
26 -47 -69 0
41 -36 -9 0
62 -2 87 0
-81 56 51 0
-60 16 -70 0
7 -48 33 0
-47 -13 37 0
-53 -82 75 0
44 -77 -46 0
-80 -19 -33 0
12 -42 24 0
-71 -76 -48 0
-60 -35 85 0
72 -81 -77 0
83 -12 1 0
-59 42 -73 0
-53 -39 81 0
-42 -55 -59 0
-18 -68 58 0
86 -83 22 0
50 -45 57 0
-79 58 -69 0
-78 11 64 0
-26 -5 3 0
54 -10 46 0
17 -66 -28 0
-63 -49 -84 0
53 -49 -19 0
60 39 17 0
11 -35 -66 0
-50 44 -48 0
-35 -78 -74 0
67 -32 38 0
45 27 -14 0
70 -29 23 0
-51 -63 62 0
-70 -3 -43 0
-67 -10 46 0
8 -37 -19 0
25 -81 27 0
63 69 -50 0
47 -65 50 0
-77 3 -46 0
57 25 -65 0
-37 49 52 0
74 67 12 0
31 82 -43 0
72 78 68 0
-21 41 -28 0
4 -59 82 0
5 -21 -18 0
17 43 -14 0
48 86 -31 0
-24 -31 81 0
-75 -21 -52 0
-43 -15 80 0
53 -11 20 0
35 -37 40 0
-85 -8 -44 0
6 71 -87 0
-81 -52 -27 0
-19 1 84 0
-40 22 39 0
-55 -25 48 0
74 -58 -87 0
39 -34 -6 0
52 -8 81 0
-1 72 9 0
20 -63 33 0
-37 -84 -13 0
73 62 -64 0
-1 -48 27 0
-56 25 -57 0
-60 1 -83 0
-9 -83 21 0
26 -19 76 0
-30 -28 -52 0
-85 -59 6 0
56 55 -10 0
-54 -13 -33 0
80 74 71 0
-53 48 67 0
57 6 78 0
-51 -72 68 0
80 -50 -72 0
39 21 83 0
65 -49 12 0
49 -4 73 0
-73 41 65 0
25 12 87 0
26 34 31 0
66 -25 -74 0
-42 -2 -61 0
-33 38 -59 0
-7 -62 -58 0
-5 41 -64 0
-31 12 75 0
-14 75 6 0
6 -12 -77 0
56 -80 -7 0
-30 14 48 0
21 5 -14 0
-27 -38 2 0
-81 -19 -51 0
87 41 3 0
-51 41 61 0
-36 64 75 0
-49 -34 -15 0
3 -36 58 0
-26 28 -54 0
-45 73 68 0
49 -46 -43 0
-85 31 -32 0
-15 -71 76 0
7 -52 -66 0
25 64 -77 0
-41 -35 63 0
-80 -64 -69 0
-33 61 51 0
-41 72 -85 0
-14 -34 29 0
-79 81 -23 0
12 -55 83 0
-21 -49 -66 0
-44 84 -73 0
26 -36 -16 0
1 6 -54 0
40 -86 38 0
-74 -1 26 0
19 48 44 0
-78 -80 4 0
-52 3 10 0
39 -86 -46 0
77 -86 -28 0
-63 48 54 0
35 -43 -51 0
-42 22 -10 0
-22 64 -58 0
15 -23 41 0
29 35 -20 0
60 -52 -32 0
-39 44 72 0
34 56 39 0
59 -9 -26 0
-13 -9 -74 0
-8 -79 -58 0
-6 -39 77 0
28 -50 42 0
-80 -25 -33 0
75 43 66 0
7 78 -74 0
-52 45 -78 0
52 60 -78 0
-52 10 77 0
61 -24 80 0
47 -57 27 0
-56 39 -49 0
-55 71 -12 0
67 55 -60 0
4 -52 45 0
-83 -33 -72 0
-24 43 85 0
79 -2 67 0
-39 -51 -84 0
-69 -37 -4 0
-54 83 -75 0
20 65 -87 0
-87 79 37 0
35 81 86 0
-47 21 -48 0
-50 -38 -84 0
59 -3 70 0
79 81 -16 0
-25 22 -9 0
50 57 -33 0
-6 -51 -59 0
-38 29 12 0
-76 -82 11 0
37 34 -3 0
-65 -24 -81 0
67 -3 -61 0
25 -74 36 0
59 -80 45 0
60 86 -68 0
-44 45 -10 0
-13 -75 68 0
23 -61 -52 0
-51 47 65 0
44 -9 56 0
65 71 1 0
-36 -23 84 0
-78 75 -64 0
-35 -52 41 0
27 -35 16 0
53 -78 -9 0
-57 -34 -58 0
-74 37 14 0
-11 -2 -83 0
-30 -1 -66 0
-33 7 -71 0
26 38 50 0
44 -84 55 0
20 19 11 0
-63 56 64 0
-57 87 -65 0
83 1 11 0
-59 -58 34 0
11 12 -2 0
-45 -71 -67 0
-38 -70 43 0
-38 21 34 0
48 -36 -17 0
77 -76 81 0
-29 -37 39 0
51 -20 5 0
51 67 15 0
-52 37 -51 0
40 -76 -33 0
42 29 -80 0
1 -39 -59 0
84 86 49 0
6 77 38 0
-15 -76 39 0
77 -12 50 0
26 20 -50 0
-64 -42 -10 0
14 -70 -50 0
18 9 -36 0
49 26 16 0
-25 -72 -86 0
63 -31 66 0
56 -20 -4 0
-47 57 -20 0
68 -40 9 0
-14 27 71 0
-19 8 28 0
53 -62 -87 0
31 -56 77 0
68 69 -77 0
-19 53 -42 0
-55 23 -19 0
-54 -50 22 0
-28 -35 -13 0
49 -17 9 0
-81 35 21 0
33 73 -26 0
-49 -48 -18 0
-5 39 -32 0
34 31 -48 0
-4 -58 -63 0
-75 24 -66 0
47 -14 64 0
81 41 -60 0
-14 12 60 0
59 57 -21 0
39 -26 -36 0
-29 56 17 0
-68 -45 55 0
-27 -60 -19 0
-62 5 46 0
-86 -44 -22 0
5 -86 -32 0
-46 57 19 0
-68 50 69 0
43 33 84 0
45 -63 -24 0
-77 67 -37 0
-17 44 10 0
-85 69 -59 0
-9 68 -84 0
37 -34 -51 0
67 -17 41 0
70 -42 69 0
53 -71 -3 0
-5 -35 -28 0
-26 -7 75 0
87 -63 10 0
-36 16 -9 0
17 74 -77 0
-82 -60 37 0
86 46 2 0
46 -81 24 0
-47 -51 -65 0
38 1 16 0
68 -56 -27 0
50 16 56 0
50 87 -48 0
-61 -21 -67 0
23 -18 87 0
42 45 -74 0
-43 61 70 0
3 35 11 0
-68 -49 38 0
9 -44 -2 0
28 -51 17 0
-68 8 -9 0
-26 -51 -72 0
-52 -82 58 0
67 22 -75 0
4 -19 12 0
-32 53 -76 0
80 57 21 0
-17 -45 -49 0
50 -37 -53 0
-44 60 -64 0
-86 60 -78 0
-26 -38 -11 0
-70 12 -68 0
-68 -79 -70 0
-28 -18 35 0
66 -80 -17 0
51 -12 61 0
46 -69 -44 0
-9 24 75 0
27 13 -86 0
11 2 23 0
26 31 -70 0
79 51 18 0
-75 30 10 0
-29 -14 -27 0
