p 25 106
4 -12 -2 0
23 -6 -12 0
25 -16 5 0
10 -6 15 0
20 15 16 0
5 19 3 0
19 -22 15 0
14 15 4 0
-20 -15 7 0
-23 -13 20 0
14 18 -9 0
9 21 13 0
17 -11 5 0
-17 -3 23 0
-13 1 -11 0
8 5 -13 0
-3 -14 19 0
14 13 -2 0
-24 19 5 0
-6 -8 25 0
-20 -9 14 0
19 24 -6 0
-8 -13 -22 0
11 21 -3 0
23 -11 15 0
16 6 -18 0
-23 2 18 0
10 25 -24 0
-3 -10 18 0
-10 -14 19 0
18 -14 -21 0
-19 -25 -16 0
-14 -7 25 0
-23 8 6 0
-13 -8 3 0
-17 10 23 0
-10 -18 9 0
6 -9 -23 0
-4 -11 -6 0
-25 14 -10 0
-21 1 -24 0
8 -20 3 0
25 -5 -16 0
22 21 24 0
-15 -7 25 0
-15 7 25 0
-18 -12 13 0
-23 24 -10 0
-7 25 -2 0
25 19 2 0
-25 15 -19 0
-14 1 -18 0
22 -16 -19 0
-13 7 5 0
-10 13 11 0
-1 17 6 0
-14 20 -22 0
-12 -3 18 0
15 -16 -13 0
22 -7 -21 0
12 5 9 0
-11 3 -25 0
-22 -14 24 0
14 -6 -1 0
-21 7 -1 0
9 10 -7 0
-18 -4 20 0
-2 -15 8 0
12 -14 5 0
24 11 -7 0
10 -19 3 0
-22 -4 18 0
18 -5 22 0
15 16 -12 0
1 18 -16 0
11 -24 -13 0
-23 -24 -1 0
-2 -11 12 0
12 -22 -21 0
3 18 13 0
14 8 -13 0
4 -12 -21 0
16 -7 -13 0
-14 -11 1 0
-14 3 -15 0
6 1 -14 0
-18 -7 -19 0
-24 -12 -13 0
6 13 22 0
-11 21 9 0
-18 -16 -21 0
10 21 12 0
-12 22 19 0
17 -22 18 0
-9 14 -19 0
-21 -10 23 0
-22 -19 20 0
-1 5 -22 0
-6 -9 5 0
-5 25 14 0
-9 -21 -12 0
-11 13 9 0
6 -21 7 0
24 16 -23 0
9 -21 -15 0
-15 -16 10 0
