p 99 421
-9 52 -4 0
-64 50 84 0
52 36 67 0
-66 -97 -36 0
57 -67 -5 0
-55 18 -59 0
-87 -19 93 0
-36 58 23 0
99 30 98 0
-96 -2 -32 0
-84 72 -55 0
52 3 -33 0
-52 79 7 0
-92 -57 75 0
65 -5 -56 0
95 55 41 0
-54 98 -29 0
32 -43 80 0
-92 52 -90 0
31 62 -37 0
41 -75 55 0
-4 -9 -92 0
-11 -88 -50 0
-25 -98 -59 0
-91 77 -8 0
-82 37 -43 0
88 49 72 0
-87 47 62 0
-26 -9 -17 0
13 -87 32 0
-52 92 -64 0
56 -38 55 0
32 6 -85 0
43 40 71 0
21 -63 -31 0
60 77 73 0
6 -5 -25 0
-43 63 -12 0
-58 -80 -62 0
-58 -92 -61 0
-10 -91 -32 0
22 6 -64 0
96 76 48 0
89 -77 42 0
-46 -64 65 0
-18 67 3 0
17 -29 -37 0
-64 -61 66 0
12 91 -40 0
-40 6 64 0
-51 -47 -58 0
-95 -31 62 0
43 -82 -76 0
-30 82 92 0
-12 -64 -21 0
67 -28 -61 0
-72 59 -63 0
56 -68 26 0
66 -53 44 0
80 -49 -12 0
-39 2 79 0
88 -8 37 0
52 64 -2 0
-17 28 98 0
75 -37 25 0
-79 -31 99 0
-15 6 -79 0
90 29 -4 0
88 -74 -16 0
84 94 -2 0
27 -72 67 0
64 67 -78 0
-64 27 -48 0
-21 -99 -74 0
14 -78 -75 0
-12 55 -13 0
2 86 40 0
48 -8 -96 0
-31 -74 -75 0
-60 3 83 0
42 62 75 0
79 82 49 0
35 -4 -67 0
14 59 -36 0
80 -44 -81 0
72 11 95 0
-96 -65 23 0
42 -70 40 0
87 29 -25 0
-85 -33 31 0
52 -12 -49 0
-81 -85 -41 0
69 -97 -53 0
-60 -31 -32 0
-84 35 -42 0
-8 65 -97 0
5 -40 30 0
82 38 -10 0
-68 -43 -77 0
16 -10 -83 0
-74 -49 -57 0
-31 7 17 0
-29 96 97 0
-19 33 -82 0
-6 52 -41 0
34 -43 -83 0
-18 -33 -9 0
63 -81 51 0
69 95 25 0
45 -93 -25 0
70 62 -97 0
71 -22 -5 0
29 -94 -51 0
80 -94 3 0
41 -94 87 0
31 68 -22 0
90 88 -66 0
-83 -24 -80 0
-57 -78 -18 0
-13 -70 -18 0
74 -27 -61 0
5 87 -96 0
35 -81 -9 0
45 90 -27 0
-71 -24 -77 0
-45 -21 -53 0
70 15 -55 0
-87 49 -16 0
-33 -68 76 0
-84 -47 86 0
1 6 -41 0
-96 -20 71 0
16 -50 -44 0
78 -97 77 0
80 95 -52 0
81 94 3 0
49 -31 -28 0
-23 4 -18 0
-53 10 18 0
-93 67 44 0
-70 28 -32 0
22 -37 -5 0
-10 66 -3 0
32 -77 97 0
-48 -91 -90 0
-78 72 80 0
-1 -12 23 0
35 -58 95 0
64 -65 -87 0
-61 -92 5 0
-86 84 -32 0
6 -23 -30 0
86 -1 28 0
11 25 76 0
-67 20 -45 0
-65 25 9 0
59 -12 -65 0
-28 -54 71 0
77 84 -81 0
-33 35 64 0
-53 -6 97 0
9 60 81 0
90 -58 87 0
-4 85 -81 0
71 -16 74 0
-22 36 58 0
-94 -65 80 0
-68 -87 72 0
-66 -44 51 0
91 -96 83 0
-20 -90 -21 0
50 -58 -3 0
-50 -21 7 0
-34 27 16 0
-53 -22 -12 0
-65 41 -27 0
73 68 -91 0
-43 -62 12 0
-26 48 8 0
-59 71 67 0
-28 -77 41 0
2 95 -54 0
14 -98 30 0
38 46 7 0
-11 -38 -65 0
90 -85 79 0
15 -43 -40 0
-58 39 -29 0
-79 -6 99 0
49 -4 10 0
-64 -59 -9 0
-89 -34 -9 0
40 -30 -29 0
45 -3 -98 0
-84 -51 58 0
8 87 32 0
33 -43 -41 0
-72 -64 73 0
17 -65 34 0
74 -45 79 0
-95 -26 -70 0
26 63 18 0
-37 -14 38 0
22 -36 3 0
-31 -82 9 0
-60 -80 25 0
58 -10 98 0
67 43 -31 0
57 94 -20 0
-64 95 61 0
45 -92 -19 0
-4 -10 -48 0
-3 -34 90 0
-26 33 -74 0
-71 65 -43 0
-95 47 -16 0
-18 -46 -30 0
10 14 39 0
-3 -72 40 0
-42 -43 -75 0
-1 48 26 0
-17 71 -51 0
98 -72 43 0
46 38 -66 0
16 -53 -27 0
60 -73 6 0
38 -87 -70 0
-63 -86 90 0
8 -33 49 0
44 -91 -39 0
-4 -49 54 0
44 -22 5 0
54 90 -62 0
87 27 52 0
-17 -59 47 0
79 8 88 0
-93 -11 20 0
41 65 7 0
87 -9 -22 0
99 4 -92 0
60 36 -45 0
-41 -88 -65 0
69 46 61 0
-25 39 19 0
61 -20 79 0
-54 -55 67 0
-47 -74 -24 0
84 62 47 0
80 -20 -76 0
95 -58 27 0
24 30 88 0
72 -68 -22 0
20 -52 32 0
-97 21 53 0
-26 -25 -60 0
-45 -76 33 0
-3 -37 -60 0
22 2 -63 0
-37 -3 -74 0
68 -33 87 0
-78 -9 -18 0
76 -64 -97 0
29 -32 9 0
-88 -55 -83 0
3 -82 -22 0
95 74 -99 0
46 68 50 0
-24 46 9 0
49 71 -93 0
-76 29 70 0
99 74 18 0
37 84 33 0
70 -53 -58 0
-31 -13 76 0
86 35 -40 0
-20 7 -26 0
-68 6 23 0
97 12 40 0
42 -51 86 0
-64 76 25 0
-61 -3 88 0
-54 9 -70 0
-9 -50 19 0
-65 -63 -8 0
-81 -70 -67 0
68 89 8 0
71 79 51 0
89 58 98 0
-20 49 3 0
34 21 69 0
73 -22 92 0
23 -42 -25 0
-4 80 -93 0
-85 -93 49 0
-32 59 -54 0
-92 98 43 0
-25 -49 -6 0
-41 -96 99 0
-86 62 -97 0
-34 7 73 0
-99 48 91 0
14 -67 -58 0
-4 88 -33 0
5 -1 34 0
-37 -28 -99 0
-87 96 21 0
2 -6 17 0
-85 -59 12 0
-60 77 5 0
25 -51 -97 0
-30 68 -62 0
-32 -99 76 0
-45 -32 -42 0
-71 53 -75 0
-68 96 56 0
-78 10 61 0
-77 -64 -33 0
-44 48 70 0
58 21 31 0
-10 72 -37 0
96 79 17 0
55 92 57 0
67 -52 -24 0
99 -95 -6 0
-13 85 -38 0
83 72 -7 0
81 55 7 0
-85 63 29 0
82 -37 16 0
1 19 83 0
64 -99 53 0
-35 -1 78 0
82 40 -57 0
-74 -39 -90 0
-12 -73 22 0
31 -25 38 0
74 -95 58 0
-29 61 -45 0
-3 -96 -13 0
-22 85 -43 0
94 5 12 0
39 45 27 0
46 76 35 0
52 13 -30 0
-65 26 33 0
-28 -80 -78 0
83 -35 -75 0
-41 -39 -51 0
-35 -70 -86 0
6 2 51 0
4 -30 -93 0
-33 8 -86 0
-81 66 76 0
8 -71 84 0
-78 -22 63 0
2 -1 13 0
67 93 86 0
71 -95 11 0
19 -1 -79 0
-11 -89 46 0
-93 -95 72 0
-32 79 25 0
-93 42 18 0
-53 52 -18 0
65 5 -7 0
28 -2 40 0
-71 -44 91 0
-74 -84 -45 0
73 -9 -12 0
-1 -54 -35 0
-40 -90 5 0
40 85 -21 0
-75 80 42 0
61 26 23 0
28 -75 60 0
-6 -90 -48 0
35 -33 -2 0
-99 46 -84 0
-62 87 -51 0
-61 88 16 0
-33 -89 54 0
31 72 79 0
90 44 -43 0
-24 -39 -11 0
-54 -65 -47 0
13 -23 87 0
-26 1 -37 0
99 -3 52 0
31 78 -80 0
-72 -91 62 0
-96 -45 -33 0
-32 36 16 0
56 -70 69 0
8 21 -97 0
77 -55 82 0
-5 -58 50 0
68 30 -89 0
-81 -58 -35 0
66 -40 48 0
-35 27 -63 0
12 -15 72 0
-69 9 50 0
-31 -38 85 0
-12 -92 41 0
-28 43 45 0
-39 94 -90 0
37 3 98 0
-14 20 -91 0
-84 -97 21 0
87 54 69 0
-77 -54 -14 0
36 99 60 0
-59 -28 -83 0
-59 -19 -63 0
-63 -78 -93 0
36 -91 16 0
-75 23 -93 0
-92 -7 54 0
19 95 -68 0
35 37 18 0
-24 -23 -89 0
