p 42 178
37 -9 -6 0
33 -36 21 0
-13 12 -19 0
9 34 -30 0
5 12 -35 0
31 11 9 0
34 -14 41 0
23 17 26 0
-13 39 -19 0
2 -17 24 0
21 -4 -28 0
40 -9 -3 0
39 -14 -17 0
-26 -7 25 0
3 -38 7 0
3 34 7 0
31 -20 9 0
-1 -20 -32 0
3 8 28 0
-7 17 25 0
3 16 -24 0
35 13 34 0
-31 19 -39 0
-14 5 32 0
42 5 32 0
-6 -24 37 0
29 -23 37 0
17 -22 39 0
-16 -29 -37 0
37 -16 20 0
1 -12 14 0
13 -28 -5 0
36 37 5 0
-15 39 13 0
-16 -2 26 0
-11 -10 3 0
-6 -5 26 0
-36 -15 -23 0
-8 17 -19 0
20 -30 25 0
-23 -28 -19 0
24 1 -32 0
22 -34 -24 0
14 34 -7 0
24 1 -2 0
39 36 -21 0
39 16 30 0
11 -40 -12 0
36 23 -7 0
-41 -5 -38 0
20 -16 11 0
17 -42 8 0
27 -9 39 0
-32 41 -19 0
-4 -7 -31 0
3 -27 -28 0
33 15 9 0
32 -13 -24 0
4 3 32 0
-37 -32 -23 0
22 -33 -13 0
-7 22 -26 0
26 6 37 0
38 -42 21 0
11 34 -37 0
-31 7 -35 0
-5 -37 4 0
-8 -26 -15 0
-25 1 12 0
-33 -6 -25 0
15 26 20 0
10 -25 -5 0
-6 -32 -27 0
-11 -34 -35 0
-13 15 -37 0
4 26 31 0
-38 -19 -9 0
-34 13 -4 0
-30 -16 -11 0
-22 31 39 0
7 13 -17 0
37 27 -40 0
-4 -32 31 0
-7 -18 -16 0
-9 33 -22 0
34 3 -2 0
-2 37 -14 0
-18 -21 40 0
-11 -8 17 0
11 28 14 0
-27 40 16 0
39 -42 -2 0
-38 39 32 0
-4 -37 -31 0
3 23 -4 0
36 19 -3 0
38 -25 -21 0
-29 33 4 0
-37 -24 10 0
34 20 -37 0
-23 30 4 0
-2 24 12 0
40 5 -7 0
-9 40 39 0
-18 -28 23 0
-4 -3 30 0
2 28 42 0
38 -32 5 0
-9 5 22 0
-31 -22 -35 0
-28 -11 -39 0
41 30 -12 0
-18 12 -39 0
-8 39 19 0
-8 -42 -6 0
-18 13 -28 0
-1 -35 36 0
23 41 -22 0
-15 -12 -26 0
40 21 -32 0
29 -40 26 0
-32 23 -36 0
-24 12 -34 0
-4 -29 36 0
4 -31 -24 0
-18 -13 22 0
-34 40 17 0
-6 35 28 0
27 -23 28 0
15 42 -7 0
-41 -14 -4 0
-19 -39 12 0
2 9 -14 0
20 -28 -2 0
15 -39 25 0
-17 -11 -39 0
-18 31 -30 0
18 -7 -26 0
-35 3 21 0
25 -36 26 0
-6 9 -11 0
-31 16 -18 0
-8 16 27 0
-36 -6 -20 0
-6 28 14 0
36 -29 -10 0
-12 37 -16 0
-14 24 -7 0
-10 39 6 0
6 40 -7 0
-31 35 4 0
24 -9 22 0
-36 26 -19 0
-16 9 8 0
12 42 21 0
7 33 39 0
34 13 1 0
-2 36 17 0
-18 17 -39 0
-28 18 -40 0
-9 11 -2 0
25 36 -41 0
15 -4 -5 0
18 27 -42 0
-3 -30 17 0
21 38 35 0
35 -3 -37 0
28 -29 19 0
21 31 12 0
-21 -26 19 0
-5 -36 -30 0
12 -33 -21 0
12 32 -16 0
-19 12 -21 0
-28 39 18 0
-9 -7 -35 0
33 24 28 0
37 29 17 0
