p 87 370
-32 63 6 0
-67 15 -73 0
47 -19 -74 0
78 -10 -8 0
-37 -67 15 0
-8 -27 -19 0
-8 -69 -24 0
-1 -58 51 0
-59 -48 -1 0
-85 82 -53 0
26 64 70 0
-73 -53 3 0
-46 61 -36 0
-32 79 -41 0
22 -81 -25 0
38 6 -84 0
-3 -19 12 0
50 8 -36 0
-37 -75 31 0
66 -64 5 0
-26 -67 -7 0
-67 85 18 0
48 36 -68 0
48 71 47 0
-16 -39 48 0
-66 -37 64 0
62 -38 -64 0
-67 -16 -28 0
-51 57 28 0
-37 36 -54 0
-45 -54 -49 0
87 -86 67 0
-76 25 -62 0
65 -49 7 0
74 -1 -60 0
10 43 48 0
-32 58 22 0
-8 -64 -82 0
3 6 -47 0
52 17 -84 0
-54 82 76 0
-61 -53 -59 0
38 71 78 0
-49 -79 -8 0
11 68 -44 0
-80 -26 -6 0
49 12 -8 0
25 82 58 0
-2 31 9 0
56 -28 -12 0
28 -55 19 0
12 62 43 0
27 -48 -54 0
55 37 10 0
-27 -38 -81 0
-20 -19 -51 0
78 63 64 0
23 -40 67 0
86 -59 -20 0
-75 77 -19 0
57 -43 36 0
85 61 20 0
67 -2 -62 0
-32 -44 85 0
58 -78 -64 0
34 -5 -47 0
87 -27 44 0
-80 31 -25 0
65 -49 40 0
45 67 39 0
-69 80 46 0
21 -30 59 0
43 1 79 0
-53 36 -73 0
-79 -40 -57 0
-25 29 79 0
72 81 -42 0
36 38 -52 0
-75 31 85 0
-70 13 39 0
-22 66 -6 0
19 82 54 0
10 -71 20 0
-67 43 -6 0
55 50 -68 0
-3 -15 65 0
63 71 8 0
61 -4 -9 0
47 84 -77 0
20 58 -13 0
-52 -32 -16 0
78 73 -24 0
7 1 -63 0
-87 37 -84 0
-26 81 -12 0
-5 -18 -13 0
-29 82 -3 0
61 -59 57 0
-69 84 76 0
-4 -52 15 0
43 1 27 0
42 -77 64 0
36 56 -13 0
19 -42 70 0
45 -4 61 0
83 60 -75 0
-47 24 -34 0
-40 -57 -32 0
28 -16 -58 0
-85 -71 12 0
-80 -58 66 0
11 55 45 0
68 19 -61 0
84 8 23 0
-84 83 -64 0
-70 -40 -19 0
-47 57 16 0
-13 49 6 0
-13 59 -25 0
80 34 78 0
47 -29 26 0
-24 -70 -49 0
29 71 4 0
-83 -40 -11 0
-31 66 67 0
-3 34 1 0
-26 -25 -79 0
-55 37 -47 0
-68 34 -64 0
4 71 61 0
9 77 -36 0
-20 -83 52 0
-49 31 -24 0
-9 68 34 0
-18 -84 -20 0
71 -86 74 0
-62 -61 -7 0
14 28 -27 0
74 -32 24 0
53 30 55 0
-38 72 21 0
79 -10 39 0
10 -61 -57 0
-78 47 -5 0
-68 -78 -67 0
28 -29 -18 0
54 12 -68 0
34 -66 -18 0
-15 -13 -39 0
87 -6 1 0
-24 66 35 0
-48 62 -18 0
-87 -81 -76 0
8 -60 -67 0
52 62 9 0
13 -3 87 0
-40 58 -8 0
25 26 61 0
35 30 -70 0
10 -12 -16 0
-31 -79 81 0
-20 -13 63 0
-71 -83 -74 0
-22 34 -7 0
-43 50 -42 0
13 67 -12 0
-68 42 -57 0
-78 -33 -32 0
-63 82 85 0
-22 -5 -53 0
17 -73 70 0
14 44 -82 0
-36 -10 -86 0
-76 -78 34 0
-75 83 -18 0
-6 27 -64 0
10 -59 23 0
-38 -25 6 0
59 -82 1 0
68 7 -32 0
-28 -30 62 0
-19 -4 11 0
-31 -73 -27 0
-75 -10 -1 0
-15 43 -54 0
6 -72 74 0
-52 32 -54 0
-80 33 57 0
-50 24 -66 0
-74 -46 87 0
-41 54 74 0
-18 50 -20 0
-74 -70 -65 0
68 54 53 0
-60 -13 74 0
75 -8 37 0
-73 -46 -85 0
75 34 77 0
45 -10 -32 0
-10 -40 34 0
23 -43 -61 0
-12 -86 46 0
24 17 10 0
74 29 -5 0
47 77 -84 0
48 -52 73 0
1 -74 -46 0
-58 45 4 0
-47 -14 -42 0
-57 -54 8 0
10 22 46 0
-76 26 -60 0
-83 -34 -10 0
-21 8 23 0
-48 40 -25 0
-35 75 39 0
-84 -78 -54 0
-26 -16 -47 0
-77 58 -5 0
5 -54 -34 0
63 30 -72 0
68 -83 -37 0
-43 44 75 0
24 -75 43 0
34 -6 50 0
12 20 -24 0
-13 3 -60 0
23 -38 13 0
-1 -2 -6 0
-84 7 -72 0
-74 -3 35 0
80 38 -85 0
71 64 33 0
-41 42 64 0
59 12 1 0
-69 -44 30 0
-51 -76 29 0
-69 27 -81 0
61 23 -10 0
48 -70 34 0
-59 -2 -3 0
49 25 21 0
13 -58 -65 0
12 -36 -50 0
-44 -72 52 0
-85 64 37 0
-3 27 16 0
53 20 15 0
73 -74 -15 0
68 23 -66 0
20 69 35 0
-78 -53 80 0
42 -76 -58 0
-20 -15 44 0
-4 72 -77 0
-78 -63 -11 0
-29 -25 78 0
45 26 68 0
-16 43 25 0
77 -65 -43 0
-87 16 -69 0
-10 -81 46 0
65 23 -85 0
49 -17 11 0
44 50 7 0
84 63 -20 0
-75 29 -76 0
63 -47 -74 0
7 20 51 0
16 -21 3 0
12 -62 6 0
-23 77 3 0
-86 11 -68 0
-1 -26 38 0
-50 -26 66 0
-67 53 -55 0
64 52 23 0
25 -10 29 0
-79 -33 -50 0
-22 -8 -1 0
-25 64 -23 0
64 40 80 0
49 75 20 0
35 8 42 0
28 49 46 0
60 -20 -81 0
55 -22 -71 0
33 69 -77 0
72 22 4 0
-51 -79 54 0
-75 82 84 0
-2 -74 7 0
84 -18 86 0
39 -71 -48 0
39 76 -41 0
-40 86 63 0
33 79 50 0
8 -74 75 0
28 27 -83 0
-65 55 -33 0
75 16 -43 0
-39 -17 4 0
59 -52 -14 0
19 -53 66 0
-21 -16 23 0
39 -70 -13 0
-75 59 -45 0
-75 -63 16 0
-26 64 -1 0
13 45 -56 0
85 -39 -3 0
-32 52 -5 0
-43 -57 -13 0
77 66 -63 0
-26 -4 81 0
-40 43 -9 0
-42 16 -44 0
80 22 76 0
-65 47 75 0
-30 -23 -2 0
69 54 -32 0
81 64 19 0
-49 -74 -61 0
2 61 -52 0
44 -42 39 0
-83 15 47 0
68 14 -72 0
-36 -78 27 0
9 -1 -26 0
-67 -27 -17 0
7 73 82 0
22 60 -6 0
69 -75 -50 0
23 22 -50 0
9 35 -57 0
-82 86 -79 0
77 82 76 0
-67 -28 -34 0
-1 -65 -69 0
55 -76 -40 0
82 -60 1 0
-2 49 78 0
59 -37 22 0
11 -62 -10 0
21 -12 83 0
18 21 -51 0
17 -26 37 0
53 -46 27 0
-23 -13 83 0
63 26 -6 0
26 -57 -24 0
19 9 55 0
24 81 39 0
-37 -66 -71 0
-52 -76 -5 0
2 -6 83 0
-48 -81 31 0
-2 16 -29 0
-28 -42 -57 0
4 11 -8 0
-55 54 33 0
-12 -71 28 0
-21 50 3 0
-49 44 26 0
71 -48 64 0
-64 45 63 0
-82 12 -25 0
22 41 85 0
46 50 -41 0
-40 1 36 0
