p 38 161
-26 12 -30 0
9 -31 -24 0
24 31 -14 0
-20 -36 -5 0
29 -28 -33 0
10 24 27 0
4 -35 -16 0
-8 25 -19 0
10 -32 25 0
34 -2 -20 0
-1 -26 4 0
27 -30 16 0
-16 22 23 0
-19 17 -24 0
-37 -11 -14 0
21 18 1 0
36 4 -22 0
-36 -31 -17 0
-38 30 28 0
-18 13 17 0
-9 -8 -34 0
34 17 -26 0
-21 -12 37 0
-38 -36 29 0
17 -36 5 0
-10 -31 -17 0
-37 17 38 0
-9 -22 -29 0
34 15 37 0
8 21 -27 0
-14 -32 -21 0
-33 3 -32 0
-23 -36 -38 0
-4 32 -34 0
15 -4 13 0
3 2 -9 0
3 9 30 0
-20 35 28 0
8 35 -22 0
10 23 26 0
-16 -8 24 0
33 -36 -26 0
17 -23 9 0
5 -4 31 0
-16 7 5 0
-24 6 38 0
17 -4 -36 0
-7 -20 -27 0
25 26 -8 0
9 25 -18 0
-3 38 30 0
8 -14 12 0
-20 25 7 0
29 14 23 0
30 -2 34 0
-1 -32 17 0
-16 -18 -14 0
-3 -13 33 0
-35 -16 -20 0
2 -10 -4 0
-37 24 -9 0
-7 28 -24 0
18 35 8 0
13 -12 -1 0
14 32 37 0
-29 24 -20 0
10 -27 -29 0
23 -25 15 0
30 27 4 0
5 -15 23 0
-13 -32 28 0
25 5 -31 0
-8 17 -14 0
7 -2 -37 0
25 -28 -30 0
34 -16 -15 0
4 35 23 0
2 25 -29 0
-27 32 -14 0
-37 -6 -27 0
20 -35 28 0
-24 15 9 0
-26 -15 -6 0
32 11 -37 0
23 5 -17 0
12 -20 -7 0
5 -2 -11 0
20 21 14 0
-9 -4 6 0
-12 -32 23 0
-32 -20 -18 0
-9 28 19 0
31 -1 3 0
-7 -25 18 0
31 23 15 0
-22 30 5 0
14 -16 -38 0
-17 11 -23 0
18 9 1 0
29 -14 2 0
3 -33 -7 0
13 -23 -15 0
-34 7 38 0
2 -25 -33 0
34 -8 -3 0
-38 -25 -30 0
-16 -8 29 0
35 -9 38 0
-27 6 -12 0
-4 20 -3 0
5 12 38 0
-21 -20 -14 0
-35 13 -23 0
6 15 -8 0
-18 25 14 0
-32 2 -29 0
-26 11 -17 0
21 37 24 0
27 -13 -9 0
-31 33 1 0
-17 -35 24 0
-3 -30 5 0
12 -11 17 0
-37 31 -2 0
-31 -14 -15 0
-35 -26 29 0
26 -13 35 0
18 10 2 0
34 15 33 0
26 -9 22 0
-33 -29 -3 0
29 28 38 0
-37 2 34 0
15 -9 -24 0
11 36 -10 0
7 -3 12 0
-30 -14 38 0
-34 -24 -6 0
27 -30 8 0
-2 -35 -9 0
20 -9 11 0
-8 -33 34 0
20 5 3 0
9 11 10 0
6 -25 -38 0
28 -14 -8 0
-34 -11 29 0
-33 -15 -9 0
17 3 12 0
35 -8 -27 0
-37 -35 -12 0
-15 20 -14 0
-5 20 7 0
35 25 2 0
-33 -3 4 0
-20 7 -9 0
-15 14 -31 0
-20 -33 9 0
-20 37 31 0
-2 -16 -14 0
-30 11 -10 0
