p 60 255
55 -17 2 0
-9 -1 26 0
19 34 -25 0
40 49 31 0
-20 38 -36 0
-39 27 23 0
30 -14 -54 0
-26 42 1 0
-57 -18 36 0
35 7 58 0
16 -14 -51 0
-40 -31 48 0
-24 8 41 0
-7 47 -39 0
6 26 -36 0
-16 46 5 0
-52 -42 -57 0
10 57 -55 0
-51 12 -1 0
55 8 45 0
-20 -29 -11 0
-20 31 -51 0
-6 -8 -23 0
-21 -37 32 0
5 51 54 0
7 -40 19 0
38 -48 -4 0
57 -3 2 0
-36 -51 -22 0
-9 21 24 0
-39 -57 -53 0
-48 40 -52 0
-4 38 -8 0
-39 -26 -13 0
-21 -27 15 0
-54 -46 -41 0
7 -9 -1 0
55 -52 6 0
-2 53 -57 0
37 -21 -54 0
-42 -50 35 0
54 28 -12 0
-56 18 -54 0
27 23 -30 0
-7 -49 41 0
23 1 27 0
50 33 27 0
-7 30 10 0
-47 23 -37 0
17 52 -4 0
-40 -50 -14 0
5 -17 -59 0
-34 57 -47 0
38 -17 -22 0
-42 21 -32 0
-32 46 -53 0
41 -58 55 0
-43 51 7 0
58 53 31 0
46 -23 31 0
-38 -9 -17 0
58 27 -26 0
44 15 -11 0
18 44 -21 0
4 -30 -12 0
23 -54 21 0
46 18 5 0
20 42 -10 0
-36 32 -21 0
13 47 15 0
-9 12 -44 0
-55 60 8 0
12 -11 -46 0
47 -30 -2 0
18 32 -23 0
57 -45 3 0
48 -18 -50 0
59 -58 16 0
15 -30 6 0
44 -32 -10 0
10 27 -18 0
-57 -2 -44 0
14 -4 -48 0
-20 -44 -24 0
-4 -47 23 0
-44 53 56 0
11 33 5 0
-28 53 60 0
-17 -60 -37 0
18 50 -46 0
-25 -11 -4 0
-13 10 -5 0
31 17 -8 0
-14 8 36 0
-7 17 -42 0
-48 52 -32 0
45 -1 -52 0
57 -25 50 0
6 -50 14 0
49 -22 -29 0
6 -14 -50 0
-35 29 54 0
-18 -44 -49 0
42 25 39 0
20 46 59 0
-39 -58 30 0
55 59 11 0
-10 -31 34 0
-35 -46 -60 0
-51 28 18 0
37 -21 -44 0
27 50 -31 0
53 -5 58 0
-36 -11 -25 0
-58 -7 18 0
-20 -41 32 0
-51 38 -12 0
-24 18 51 0
60 44 -27 0
-41 14 -52 0
-37 -28 8 0
-15 -1 44 0
-40 26 42 0
53 -59 -15 0
-28 42 -15 0
-60 -17 6 0
-59 7 -33 0
-38 32 28 0
-43 -14 -52 0
-6 44 -13 0
41 42 39 0
29 24 27 0
-11 49 17 0
-41 -49 -13 0
50 -3 28 0
14 -39 -29 0
7 46 -14 0
60 -16 -28 0
11 -3 -27 0
-48 23 24 0
-14 -12 51 0
-6 55 45 0
-45 -31 -28 0
19 -39 -12 0
28 4 3 0
-13 -6 19 0
-8 -1 -48 0
17 -8 57 0
-26 -53 54 0
-20 58 -2 0
17 28 -32 0
-7 -44 -46 0
-19 27 -2 0
10 -37 7 0
-54 57 34 0
-22 -26 -36 0
27 55 -7 0
-56 -45 -31 0
-59 -49 19 0
-12 -39 -22 0
-39 -14 45 0
50 -15 -38 0
35 -1 22 0
-54 10 13 0
-35 -21 57 0
40 -4 54 0
-45 -26 -13 0
-51 -31 11 0
-37 -59 2 0
-5 -56 30 0
-36 40 -45 0
-59 28 5 0
17 47 27 0
-48 20 9 0
46 32 50 0
11 29 3 0
31 -21 -32 0
-15 24 -21 0
25 -38 -51 0
-49 -5 26 0
26 -21 22 0
-57 23 -19 0
27 -53 8 0
57 56 -52 0
6 10 -31 0
17 31 38 0
3 -53 47 0
-2 59 49 0
30 -39 -50 0
28 1 59 0
-43 -11 47 0
-18 -14 -20 0
-44 33 22 0
60 -52 -56 0
-25 21 49 0
-23 41 -35 0
-22 -35 -23 0
-46 -32 36 0
38 -9 27 0
48 28 -55 0
-47 -24 22 0
-52 -23 41 0
-6 -58 26 0
-16 -50 -14 0
-55 -15 60 0
40 -18 52 0
60 3 41 0
-28 33 22 0
-39 60 4 0
-11 18 3 0
18 -16 -51 0
-25 -16 -36 0
42 -15 38 0
-19 -52 -56 0
10 51 -58 0
-36 56 10 0
31 33 -40 0
25 -58 -11 0
16 1 27 0
-43 33 54 0
34 -21 -6 0
4 -3 -17 0
-44 50 51 0
16 31 47 0
-16 -57 37 0
-6 -52 23 0
-1 45 -26 0
18 -6 -47 0
-54 38 -37 0
-55 45 -32 0
-10 60 -40 0
-25 -50 21 0
-31 -24 -46 0
9 -51 1 0
38 10 59 0
19 16 -34 0
-50 8 -39 0
59 44 42 0
-39 -48 42 0
22 -44 -60 0
-22 39 -14 0
-41 22 50 0
-44 54 -48 0
50 38 -27 0
2 23 54 0
-23 54 34 0
-51 36 -5 0
59 -3 45 0
-21 -42 24 0
36 15 16 0
27 54 14 0
-52 -35 -50 0
17 -3 -24 0
-27 18 -49 0
54 13 35 0
