p 16 68
-8 -10 4 0
-13 -9 5 0
15 -7 1 0
10 -14 2 0
-1 -7 12 0
-16 11 -12 0
3 6 -1 0
-6 -11 -12 0
2 11 7 0
14 4 16 0
-7 9 -6 0
7 -8 -2 0
-2 -12 6 0
3 -11 -13 0
16 12 9 0
-5 -11 10 0
-1 -12 -5 0
7 11 -2 0
9 -8 -4 0
4 -8 13 0
1 16 -7 0
-11 -9 13 0
-7 4 -14 0
-8 -4 -3 0
3 -13 10 0
8 7 15 0
-4 -5 -16 0
6 5 -14 0
7 -13 -9 0
-3 13 11 0
2 -3 -8 0
9 13 7 0
-9 -10 -8 0
-14 -4 10 0
6 8 2 0
-1 -7 -6 0
-5 1 -3 0
3 -15 8 0
3 -8 2 0
14 8 12 0
13 -16 -3 0
-5 12 -13 0
-14 13 3 0
16 -9 -13 0
9 12 2 0
7 12 -8 0
-5 -14 -3 0
-15 -14 -5 0
16 7 -15 0
15 -10 1 0
-9 -3 8 0
-11 -5 -10 0
16 -10 2 0
3 4 11 0
16 10 8 0
10 -6 -16 0
10 7 -9 0
-9 -4 -5 0
10 3 -11 0
16 -12 -7 0
-16 10 5 0
-10 15 16 0
-7 -16 -1 0
14 -6 12 0
9 -5 11 0
9 10 -13 0
-11 -8 5 0
11 -13 12 0
