p 19 80
13 -14 -10 0
18 3 -10 0
14 -9 -2 0
-13 -11 -19 0
-14 -4 18 0
3 -16 14 0
4 11 7 0
11 -6 8 0
6 -10 7 0
-5 15 -6 0
-15 -14 -6 0
-2 4 -10 0
-6 8 12 0
-15 -2 16 0
-11 2 -16 0
-9 -7 14 0
-12 2 19 0
13 1 -5 0
-13 3 -6 0
-19 12 -3 0
-7 11 -2 0
2 9 -5 0
9 -11 4 0
-2 -1 -14 0
-7 -9 1 0
10 -13 -14 0
-10 -8 4 0
15 -7 17 0
-18 13 17 0
-19 -13 -16 0
-15 -7 14 0
-6 10 -1 0
-14 -16 5 0
-7 10 -15 0
7 -18 -8 0
12 15 14 0
-11 -7 -6 0
-16 -13 -8 0
-3 -10 -13 0
-2 18 13 0
2 -6 8 0
-2 -5 -1 0
-17 -15 10 0
10 -19 -1 0
-14 -3 8 0
-9 14 -8 0
-19 18 -17 0
-5 -10 11 0
7 2 15 0
-7 2 9 0
-15 -16 17 0
-15 14 -9 0
-14 4 1 0
12 -17 16 0
-5 8 -9 0
15 5 13 0
-7 3 -10 0
9 5 14 0
-12 -10 -18 0
-18 9 -19 0
1 10 5 0
-10 -13 15 0
-3 -11 13 0
-15 -16 -4 0
15 19 4 0
18 11 -19 0
1 14 12 0
-9 -6 -16 0
-6 -17 -13 0
5 -2 -6 0
11 -18 10 0
8 19 4 0
14 8 -3 0
-15 3 4 0
6 12 5 0
-4 -3 -2 0
-5 17 -11 0
5 2 -9 0
-7 -15 11 0
4 1 17 0
