p 51 217
13 -21 -43 0
7 32 4 0
3 7 27 0
-22 26 -37 0
17 5 35 0
-35 -49 32 0
-22 4 31 0
-45 -17 15 0
-8 27 -24 0
-25 10 3 0
-50 -23 -37 0
39 46 -41 0
9 32 6 0
21 32 23 0
-11 33 12 0
13 -4 -35 0
-19 37 33 0
-49 -22 -23 0
-46 3 34 0
3 -23 -16 0
11 -24 -29 0
22 13 -23 0
51 -47 33 0
14 33 44 0
16 39 17 0
40 -9 12 0
-22 47 -35 0
46 25 44 0
34 35 -15 0
44 -41 28 0
37 30 -39 0
32 -26 38 0
5 31 44 0
25 44 9 0
-38 19 20 0
-37 44 27 0
30 20 48 0
47 -44 34 0
-39 -9 -25 0
-23 15 -4 0
34 -28 -23 0
25 -44 -46 0
20 5 40 0
-50 12 -8 0
-34 13 -3 0
28 -7 36 0
4 -17 42 0
43 32 47 0
-32 -22 5 0
-45 15 -20 0
-6 35 45 0
-21 -19 35 0
24 40 30 0
-30 -36 -34 0
50 -34 -37 0
-34 -3 -30 0
-30 -15 11 0
16 -2 29 0
-3 -36 51 0
-37 17 41 0
41 -5 -27 0
-38 -27 19 0
19 -4 -41 0
2 -43 42 0
26 -9 31 0
11 20 -30 0
-34 38 15 0
-36 -6 -15 0
3 -24 -39 0
-11 41 -24 0
35 9 45 0
50 -42 46 0
31 15 -47 0
48 44 -38 0
20 -18 -27 0
23 -30 -35 0
-11 5 47 0
26 -37 -25 0
-48 -46 -50 0
2 33 28 0
31 10 -48 0
35 -36 11 0
40 -36 26 0
-7 36 8 0
25 27 5 0
5 7 -17 0
15 28 45 0
12 50 20 0
6 22 -29 0
44 -33 -30 0
17 8 1 0
38 -27 -3 0
39 23 9 0
7 1 11 0
25 49 9 0
-44 11 45 0
31 -34 32 0
-31 -12 -36 0
-46 34 -11 0
-33 -47 -36 0
38 11 26 0
27 46 -14 0
2 -35 30 0
-49 -38 46 0
-39 23 -32 0
40 -35 -42 0
-42 -7 -48 0
-8 35 41 0
-12 -3 35 0
16 -12 -35 0
-2 31 -49 0
51 -7 6 0
-22 -27 -9 0
12 -30 -18 0
12 24 5 0
-19 -51 -38 0
-43 -6 49 0
-34 30 -19 0
-1 -43 42 0
17 -37 -4 0
-19 41 18 0
-27 -9 -28 0
-35 -19 -41 0
-46 -22 5 0
-42 -46 50 0
40 48 -26 0
-51 -41 23 0
-29 -32 -12 0
23 -39 -25 0
8 11 43 0
-14 -24 50 0
-51 26 50 0
5 24 11 0
-5 -33 -12 0
48 -46 -44 0
14 10 42 0
23 -1 -19 0
-28 -47 -36 0
-37 -10 -4 0
-9 31 -32 0
-11 30 -45 0
39 -4 3 0
-46 -14 26 0
-17 -7 47 0
-42 20 17 0
-25 -36 -32 0
27 38 -11 0
-41 -1 -34 0
34 -11 49 0
41 -47 -12 0
20 15 -27 0
-45 -44 -37 0
7 20 -28 0
-8 10 -23 0
-12 -42 8 0
-14 1 -19 0
18 -20 39 0
-39 42 45 0
-41 33 47 0
8 41 46 0
34 25 13 0
46 -16 -27 0
-1 -20 -44 0
-27 -10 49 0
-51 2 10 0
-12 -2 28 0
-20 45 -47 0
-37 -25 3 0
-28 17 21 0
9 34 21 0
-22 12 35 0
35 5 -41 0
-10 37 -44 0
29 -40 -9 0
-40 16 -10 0
-28 -26 -16 0
1 13 -15 0
40 24 -42 0
-11 40 29 0
-11 44 43 0
3 24 40 0
-3 29 -5 0
48 20 -34 0
-51 17 -25 0
-1 -20 25 0
37 -24 39 0
-39 24 -2 0
-48 8 7 0
-18 -27 12 0
-5 -44 -21 0
-6 -12 31 0
-17 33 14 0
11 34 35 0
-25 -35 -48 0
-38 -4 46 0
29 -39 16 0
-44 -28 22 0
5 -4 17 0
15 -43 20 0
26 15 49 0
-38 -1 -14 0
37 1 8 0
-46 -50 -45 0
15 11 -17 0
-22 -2 30 0
-6 -36 -23 0
43 21 -47 0
31 -19 -24 0
-46 -28 24 0
-9 7 -46 0
-49 17 9 0
16 48 24 0
50 -33 -17 0
-6 -11 9 0
-3 49 -39 0
38 6 -24 0
2 42 -13 0
