p 55 234
1 10 27 0
5 7 55 0
-24 27 -19 0
9 -13 39 0
-17 41 51 0
10 -8 -43 0
10 -46 -3 0
-29 -52 -49 0
-14 13 -8 0
30 49 -28 0
-7 1 -11 0
-9 29 -47 0
-34 39 52 0
43 -3 -30 0
11 -7 45 0
30 -46 -24 0
-14 54 -13 0
-13 -53 15 0
19 -26 27 0
29 27 18 0
5 -4 -14 0
51 9 32 0
19 13 -45 0
13 50 7 0
-17 33 -38 0
8 -38 13 0
47 -9 -51 0
-32 -30 -40 0
41 -53 36 0
45 51 40 0
-20 -30 45 0
-54 24 15 0
38 13 27 0
36 16 -23 0
33 -27 -23 0
32 -22 21 0
41 -43 -18 0
34 24 48 0
7 -24 -35 0
25 54 40 0
-41 16 -51 0
-40 3 4 0
13 -6 12 0
1 -28 -19 0
51 20 -6 0
27 36 3 0
30 -48 -16 0
40 -43 -49 0
-18 48 2 0
-21 54 22 0
-30 2 -21 0
3 21 19 0
-32 -8 -34 0
-16 -27 -18 0
-15 -27 -29 0
-12 35 37 0
40 -14 35 0
-46 29 44 0
-18 9 11 0
-45 -12 -27 0
38 -36 -21 0
-10 -39 -20 0
34 15 -41 0
20 -34 35 0
46 3 -1 0
-45 -33 32 0
-9 45 -52 0
18 -1 23 0
16 38 -42 0
-40 -42 6 0
-37 7 -51 0
17 29 5 0
27 -32 37 0
25 31 -43 0
8 31 13 0
-14 40 52 0
20 -14 17 0
-21 -23 -20 0
-3 -29 -45 0
-49 10 -6 0
54 -16 35 0
-14 38 41 0
47 -38 40 0
-37 53 47 0
-48 5 -1 0
20 -49 19 0
29 26 55 0
-32 48 -20 0
53 25 -8 0
11 53 9 0
35 -6 -9 0
-3 -31 -15 0
-52 -16 -20 0
41 -39 -45 0
-53 -30 36 0
-34 3 -53 0
-55 25 -34 0
-52 -11 13 0
-35 -30 -52 0
-13 -51 18 0
-36 -40 31 0
-31 44 -30 0
31 20 53 0
8 -32 -52 0
-6 -45 -11 0
-34 -1 -27 0
48 53 55 0
-26 16 33 0
10 -5 -17 0
41 42 29 0
-1 39 -5 0
-4 -16 34 0
21 55 -31 0
31 -1 -16 0
6 48 8 0
-54 -14 -4 0
-7 28 4 0
12 19 21 0
-29 36 -32 0
27 7 34 0
-42 -4 28 0
35 45 46 0
10 -51 8 0
24 33 -35 0
6 -33 -8 0
10 9 43 0
-49 -12 40 0
31 -23 -18 0
13 32 18 0
-39 40 -11 0
34 24 5 0
-2 -55 -1 0
3 48 -43 0
25 27 -35 0
-41 -19 29 0
40 17 -48 0
-30 39 -34 0
32 -20 31 0
55 -16 -29 0
-45 -55 37 0
22 7 55 0
-11 -30 37 0
-13 -30 -29 0
-34 -22 12 0
-22 2 47 0
32 33 -16 0
-50 -13 -20 0
48 -5 -40 0
-11 -52 -51 0
22 -2 -19 0
3 -11 55 0
-12 25 27 0
29 27 28 0
50 49 -41 0
29 39 12 0
-20 -31 1 0
47 29 -14 0
-22 39 29 0
45 16 14 0
4 39 51 0
-33 -29 -27 0
21 50 2 0
19 -16 23 0
-15 -19 48 0
-5 -2 -42 0
-52 -15 -24 0
8 24 -54 0
16 -12 -46 0
-14 3 -10 0
2 -31 -34 0
-32 13 38 0
-1 6 -13 0
-7 40 32 0
19 -48 3 0
-44 -46 42 0
7 -8 -48 0
1 -42 -31 0
17 12 -43 0
-36 -45 15 0
-30 -52 -25 0
-50 51 -47 0
16 52 38 0
10 -35 -49 0
35 14 -40 0
-29 -1 46 0
-40 -34 16 0
-28 46 19 0
-2 -50 42 0
-52 -4 39 0
-37 -51 8 0
47 7 -14 0
30 23 -29 0
17 -7 6 0
-14 -22 -38 0
3 10 -45 0
-52 25 -24 0
-19 -21 48 0
-16 43 5 0
24 -49 16 0
44 -43 22 0
40 6 49 0
-37 -25 -14 0
-1 20 -38 0
-43 -6 48 0
-10 -7 -32 0
11 51 -8 0
25 -2 45 0
40 32 9 0
-47 37 46 0
33 -24 -25 0
39 -9 -22 0
17 32 44 0
21 27 -13 0
4 -34 19 0
-6 49 16 0
-26 38 -42 0
33 -29 53 0
-29 -48 -2 0
-1 16 19 0
24 -42 -26 0
-46 42 -24 0
6 14 -1 0
-37 53 -48 0
17 46 54 0
10 15 -16 0
25 -13 -35 0
-40 -49 7 0
46 52 5 0
-2 -40 -55 0
-11 -18 -39 0
8 6 5 0
41 -43 -30 0
-34 -35 -31 0
25 -6 -1 0
