p 68 289
2 -63 -10 0
36 25 -32 0
-64 -45 -59 0
22 57 -64 0
8 12 38 0
-18 -10 54 0
49 -60 -40 0
-68 -13 -6 0
29 34 -35 0
-44 2 -55 0
28 11 -31 0
-29 11 -21 0
59 -51 58 0
19 -14 -67 0
40 -39 18 0
18 9 61 0
-59 -60 46 0
40 -22 59 0
-53 25 -64 0
10 -18 31 0
-5 -44 -8 0
13 -44 36 0
59 61 20 0
49 66 5 0
-43 65 -24 0
-33 49 -17 0
57 44 60 0
-24 -27 63 0
49 17 37 0
-22 -40 -39 0
67 56 -47 0
54 -13 33 0
-68 40 -12 0
-68 -59 -58 0
-13 17 -64 0
16 52 68 0
7 -4 54 0
57 43 -36 0
35 24 43 0
19 65 13 0
-24 8 -52 0
-6 -53 4 0
-58 32 -8 0
34 38 -44 0
-15 -22 -43 0
-52 -41 53 0
14 -29 -55 0
-17 9 -42 0
60 40 36 0
-49 38 -52 0
-34 67 -16 0
10 -18 62 0
42 -60 -47 0
8 67 40 0
10 -18 -9 0
13 -60 -34 0
-62 -21 22 0
-43 -62 14 0
-48 -42 -7 0
19 29 -10 0
-37 22 -35 0
-68 31 41 0
-28 -49 10 0
-9 10 -2 0
10 -11 -39 0
12 5 -20 0
-7 34 12 0
-5 22 -10 0
-17 -63 2 0
-57 -51 -43 0
-39 18 -64 0
-4 35 -57 0
29 58 -52 0
8 2 -36 0
38 35 14 0
40 20 -36 0
-27 51 -44 0
52 27 -62 0
64 -30 -44 0
32 63 -18 0
-26 -17 67 0
-8 35 14 0
-43 35 64 0
-21 59 -27 0
47 -32 25 0
-51 -23 31 0
-65 43 55 0
47 -46 -61 0
-36 57 6 0
-16 -58 17 0
-5 15 -53 0
44 -43 64 0
35 -65 -28 0
43 23 -27 0
46 -3 23 0
65 19 53 0
-47 -54 -52 0
-26 11 -35 0
11 18 -4 0
12 31 35 0
-8 -20 -13 0
50 32 45 0
35 27 29 0
-33 -65 -9 0
-48 -29 12 0
6 -19 38 0
-26 -9 1 0
-66 -64 -18 0
12 47 23 0
52 67 -25 0
15 -6 -48 0
-26 13 -23 0
-19 -39 -46 0
43 -44 37 0
52 30 1 0
-23 -59 -15 0
5 -68 61 0
26 61 29 0
36 56 -44 0
26 -41 -29 0
23 -15 -29 0
-50 -3 7 0
-47 -22 40 0
-12 62 -5 0
-14 4 42 0
-44 23 -29 0
-56 20 -23 0
-50 22 -38 0
58 -42 17 0
-67 15 34 0
48 -24 3 0
-31 -7 -62 0
13 -34 55 0
-33 51 13 0
-65 24 -32 0
-46 20 31 0
68 -21 64 0
4 -57 49 0
48 -29 61 0
29 37 4 0
-65 -2 -61 0
68 -10 -57 0
-51 -3 57 0
-36 56 -4 0
-44 -66 -26 0
3 6 61 0
4 68 -22 0
-23 36 62 0
-49 -45 -11 0
-40 26 15 0
6 -55 7 0
24 -56 42 0
-15 -5 -32 0
-59 65 -9 0
-6 -54 43 0
-45 -1 -40 0
-39 -12 -54 0
35 -13 -1 0
48 -8 -26 0
31 -39 -66 0
43 32 4 0
-61 -63 24 0
66 -16 -24 0
-67 35 -17 0
-54 53 -30 0
32 -17 -25 0
3 -18 -42 0
41 -68 -12 0
-19 -13 -2 0
2 -62 -64 0
-2 7 9 0
-9 66 59 0
12 -36 20 0
10 49 -29 0
-44 46 -49 0
8 -59 -56 0
-34 -33 -45 0
-39 11 49 0
-16 67 10 0
-21 -61 -24 0
58 -54 11 0
-52 39 5 0
-67 24 -44 0
-20 -49 46 0
-34 63 -28 0
1 -66 26 0
-54 31 37 0
-51 13 3 0
11 30 -15 0
36 38 -16 0
-10 -43 -20 0
-4 -13 43 0
56 8 11 0
-5 58 51 0
44 49 -59 0
-63 -57 20 0
-7 46 -52 0
-61 20 -18 0
-50 58 31 0
-28 -40 25 0
-32 20 -33 0
-43 11 30 0
-19 -42 45 0
23 65 21 0
17 61 -50 0
-2 1 64 0
17 -32 -3 0
-32 22 67 0
10 -44 -4 0
54 -38 22 0
-43 -29 -60 0
-32 -29 -13 0
-23 46 -29 0
61 53 -14 0
13 -23 15 0
66 44 33 0
12 15 -23 0
-19 53 -66 0
-34 -46 16 0
-5 -54 -56 0
2 -20 3 0
-63 -64 65 0
-39 11 -67 0
54 -32 15 0
-65 41 -22 0
55 30 -16 0
-20 53 -54 0
-66 24 -52 0
53 -65 1 0
38 -42 29 0
17 39 6 0
27 46 29 0
59 -30 -65 0
-64 -36 68 0
-5 26 -9 0
67 -44 -4 0
30 -34 -18 0
-60 -41 -50 0
62 41 35 0
-30 -5 33 0
40 8 -66 0
-64 59 61 0
32 -34 -6 0
-23 2 55 0
51 1 -34 0
9 33 -16 0
16 -46 -40 0
-60 -22 47 0
65 11 -6 0
-21 47 -22 0
13 -52 -31 0
-10 51 -34 0
-20 30 -39 0
18 -60 54 0
49 51 15 0
11 -14 -56 0
-36 25 6 0
59 -26 61 0
14 -27 -1 0
-8 -62 32 0
53 -62 -1 0
46 -6 -64 0
-8 -34 4 0
34 22 -20 0
23 3 -34 0
47 -25 -49 0
61 32 -55 0
53 23 8 0
-33 44 -16 0
-29 -57 -37 0
-32 49 45 0
-30 67 8 0
-33 -62 46 0
-34 23 -38 0
58 34 -50 0
51 -29 8 0
-45 16 -55 0
64 -27 8 0
-31 32 -8 0
18 -38 9 0
30 29 -57 0
46 38 -61 0
67 -15 -34 0
-52 -36 8 0
56 -68 33 0
28 -61 -52 0
24 -25 -14 0
-33 67 -14 0
62 39 12 0
