p 58 247
-43 -3 -17 0
-3 5 -38 0
-55 -1 14 0
-11 -54 13 0
53 50 12 0
-12 35 -50 0
25 31 33 0
26 -12 -50 0
38 35 7 0
36 -23 48 0
-5 13 -8 0
-50 -32 -38 0
-3 29 -32 0
58 -45 -53 0
44 -12 30 0
-32 -35 39 0
-36 4 -39 0
45 56 -51 0
-30 -21 5 0
-13 52 7 0
-25 49 -16 0
-52 47 -9 0
-55 27 48 0
-18 1 -41 0
5 34 14 0
-35 56 -7 0
22 21 -20 0
2 15 -57 0
47 -8 34 0
48 7 23 0
25 7 -15 0
49 50 -55 0
20 -7 29 0
22 24 52 0
21 40 -49 0
-49 33 7 0
10 -43 13 0
-1 -5 18 0
-47 -17 12 0
1 -13 34 0
34 -55 31 0
13 34 -14 0
-45 -42 20 0
46 -32 -53 0
17 -29 52 0
-43 40 -22 0
20 -42 -48 0
-35 53 3 0
12 -21 48 0
-14 -43 7 0
45 44 -34 0
-44 -8 -15 0
1 -53 -45 0
53 27 -26 0
-47 54 38 0
53 -28 46 0
-1 -52 36 0
57 -58 -46 0
-25 22 8 0
22 -34 -21 0
9 50 29 0
33 46 -3 0
17 47 52 0
26 10 5 0
56 13 -33 0
37 46 -44 0
26 -23 25 0
-33 -8 -7 0
-36 7 -20 0
12 -41 20 0
43 -29 -1 0
-13 29 58 0
-55 26 -22 0
-15 34 -9 0
20 58 21 0
56 23 -1 0
-43 20 54 0
36 10 -44 0
51 -41 -50 0
54 -53 -16 0
-32 -7 -21 0
50 44 -57 0
-30 -17 -56 0
-24 23 -40 0
-41 20 -17 0
-52 44 20 0
-16 18 58 0
-26 -58 -10 0
24 11 46 0
-35 49 18 0
42 21 -46 0
-2 56 -22 0
-35 53 -28 0
-9 23 -47 0
38 -43 9 0
56 27 51 0
-13 -57 -32 0
-38 57 12 0
-6 -45 22 0
12 -37 1 0
35 -48 -43 0
25 -32 56 0
-2 37 -5 0
35 4 -37 0
-15 -47 -14 0
34 52 19 0
40 -19 1 0
-21 -19 -4 0
-39 4 -25 0
14 47 -6 0
31 -25 17 0
-34 18 48 0
-49 44 -55 0
49 50 -44 0
49 19 -15 0
56 -48 -12 0
-4 -32 29 0
7 33 -54 0
35 22 -12 0
-27 28 -39 0
55 54 43 0
25 -26 2 0
43 2 -17 0
-5 37 -52 0
28 -43 45 0
45 46 24 0
-23 44 56 0
-46 38 -6 0
-17 13 47 0
27 -32 -22 0
49 2 -28 0
-15 -50 23 0
-8 57 -43 0
32 35 -40 0
-16 55 -8 0
51 -28 -8 0
27 48 -40 0
14 -34 17 0
42 -3 -51 0
20 -50 44 0
-48 -7 57 0
-23 -31 -55 0
-18 -12 -49 0
48 -51 1 0
19 34 -51 0
-47 -26 -9 0
-12 34 7 0
50 58 -57 0
22 -5 -36 0
-16 -50 53 0
-30 -47 54 0
-47 -35 -36 0
21 -17 -49 0
-30 38 15 0
6 48 -32 0
-22 23 48 0
-45 -58 22 0
33 27 50 0
-25 -16 -39 0
23 -25 -26 0
-28 39 -57 0
5 -23 52 0
-50 7 -29 0
50 1 44 0
36 10 42 0
-45 -38 -2 0
-3 18 -6 0
26 42 51 0
-15 4 45 0
30 4 16 0
57 35 -55 0
-25 23 -35 0
27 16 -49 0
-39 51 -19 0
34 30 32 0
14 12 -37 0
-52 22 -4 0
50 40 -16 0
10 35 -47 0
-57 44 -43 0
31 -27 15 0
-58 -52 -34 0
51 22 -28 0
12 -35 57 0
6 -11 -24 0
-33 13 -42 0
-13 -50 -57 0
-20 14 2 0
-13 8 -1 0
-4 35 -48 0
-32 4 -37 0
30 -50 42 0
5 -16 -17 0
-4 -39 -38 0
-48 11 -32 0
-19 -28 -13 0
47 -13 -1 0
3 -43 33 0
-11 -57 -28 0
22 -44 -38 0
2 17 -47 0
34 3 54 0
30 28 -21 0
10 19 33 0
-6 45 1 0
-35 41 17 0
-30 43 -15 0
58 26 56 0
10 -37 -24 0
52 6 40 0
-57 -28 -23 0
-7 18 48 0
55 8 -19 0
-30 29 -24 0
1 55 -41 0
-36 -53 49 0
-23 -19 55 0
-15 51 -52 0
53 4 -25 0
-56 5 -24 0
21 -4 35 0
51 -1 -18 0
12 -45 18 0
31 40 34 0
13 7 49 0
1 -7 2 0
39 -3 -36 0
-40 6 47 0
11 26 -57 0
16 3 15 0
42 1 -51 0
39 -3 44 0
6 -18 10 0
55 30 -23 0
42 -46 -45 0
-40 -22 -12 0
20 51 53 0
-32 -55 -27 0
54 49 -14 0
28 13 -35 0
-5 -30 27 0
53 -47 -34 0
-25 47 -33 0
-10 46 40 0
-53 47 -10 0
-8 -54 -37 0
-19 -35 -33 0
