p 57 242
41 32 31 0
-35 30 -33 0
-37 -54 7 0
22 -27 -5 0
-5 -21 -52 0
28 -38 -26 0
33 -54 19 0
9 -33 16 0
17 41 -8 0
-35 40 -3 0
4 -1 -6 0
-29 -48 15 0
-15 21 -40 0
-19 13 26 0
-17 22 14 0
-1 -35 -34 0
-13 -12 -33 0
54 50 17 0
-2 38 -19 0
1 23 12 0
38 5 -52 0
36 -2 15 0
42 -37 -5 0
53 -17 8 0
-2 37 -21 0
-29 -46 50 0
-31 14 26 0
27 -21 -40 0
6 52 10 0
44 45 -57 0
-15 17 43 0
26 -4 -22 0
-17 27 -55 0
38 55 -54 0
28 11 16 0
18 12 -7 0
-32 -15 -57 0
-2 28 -8 0
-32 -8 26 0
-10 49 54 0
41 2 -34 0
30 -11 20 0
-57 18 -26 0
16 -30 -43 0
44 39 51 0
34 52 -4 0
4 -25 -32 0
4 16 -10 0
54 34 -39 0
44 -30 53 0
52 15 -43 0
22 7 -27 0
13 21 -25 0
51 44 17 0
-23 51 -26 0
-23 -14 -32 0
-26 -31 27 0
-21 31 33 0
-30 8 48 0
43 6 49 0
-34 29 23 0
-8 -53 -46 0
-15 49 17 0
-33 39 54 0
47 -15 28 0
46 -11 37 0
33 8 -43 0
-21 6 -29 0
18 -55 57 0
54 8 30 0
26 -28 9 0
2 7 14 0
-37 11 44 0
56 48 -53 0
35 -9 49 0
45 49 2 0
48 -34 26 0
-13 1 19 0
15 47 44 0
-32 54 42 0
46 35 -6 0
34 28 26 0
55 -29 -9 0
-51 -42 20 0
49 5 36 0
9 5 37 0
-2 9 46 0
14 25 4 0
-6 22 33 0
31 -34 -9 0
9 -10 -23 0
-21 31 -8 0
34 -53 39 0
-49 30 54 0
-52 41 -11 0
26 52 -40 0
30 32 -2 0
35 -49 46 0
10 -51 19 0
47 10 19 0
-52 5 -43 0
41 57 -27 0
-29 18 -50 0
22 39 9 0
33 6 -4 0
42 51 37 0
-12 54 -35 0
-48 15 27 0
50 -29 -19 0
-3 -44 -27 0
24 -34 -45 0
-46 -9 -28 0
11 -43 18 0
41 13 -6 0
-37 -11 -1 0
53 -35 -10 0
53 -24 29 0
-33 19 -22 0
-1 48 -25 0
6 28 -49 0
-20 -25 -45 0
45 -11 23 0
3 -26 -19 0
28 46 -32 0
-1 -20 -2 0
55 -22 -6 0
25 -22 -50 0
30 -41 51 0
-14 37 55 0
53 -51 47 0
51 2 -53 0
48 -11 31 0
-24 -31 -35 0
6 20 42 0
28 16 51 0
24 26 30 0
56 -13 -44 0
32 -3 -53 0
41 26 -45 0
2 -7 -46 0
-56 -34 38 0
3 -5 1 0
-49 -40 -42 0
-53 14 -13 0
57 54 -8 0
-9 25 16 0
-13 -52 28 0
-5 52 -37 0
24 10 -36 0
-15 33 -12 0
-9 53 2 0
45 57 -41 0
10 9 50 0
-11 21 15 0
33 -43 -28 0
48 19 37 0
52 -48 11 0
-14 -46 -38 0
45 12 26 0
26 -45 -9 0
44 -54 -11 0
-42 28 13 0
-36 3 -1 0
39 -15 -4 0
-33 45 -37 0
-30 28 -52 0
-4 37 -12 0
-18 12 34 0
33 32 -3 0
-10 -11 -22 0
18 32 29 0
39 18 -32 0
-25 28 39 0
28 -1 -45 0
-48 32 -55 0
13 26 33 0
23 -31 48 0
-15 10 -16 0
7 -31 18 0
50 -2 39 0
21 57 9 0
36 13 -45 0
-4 41 29 0
-38 -49 56 0
22 5 -29 0
49 -48 41 0
38 -35 -14 0
12 -20 -23 0
-37 19 45 0
25 14 -24 0
2 -7 28 0
-49 -11 -34 0
36 -30 21 0
36 -57 40 0
-25 4 1 0
4 -20 35 0
-47 16 -9 0
43 -31 -26 0
24 -16 -19 0
36 -1 -40 0
25 -20 12 0
-54 -31 57 0
52 -11 -40 0
54 -21 -16 0
-41 -21 -51 0
-42 -14 -31 0
30 -36 32 0
4 47 -42 0
45 4 40 0
25 -53 49 0
-10 22 -2 0
41 42 30 0
42 -12 16 0
-27 30 13 0
39 22 15 0
-56 -13 48 0
54 -13 -16 0
40 37 -49 0
-14 16 3 0
-42 -22 -55 0
-18 -32 57 0
-9 38 -57 0
28 -4 15 0
55 -50 36 0
-15 -55 57 0
-21 50 -3 0
-53 -40 13 0
17 38 -52 0
-20 -29 31 0
26 -53 31 0
28 5 4 0
-47 23 -33 0
-27 57 55 0
-26 -10 -49 0
36 4 -20 0
37 -38 -55 0
-20 48 41 0
-10 -3 -28 0
-11 -4 43 0
16 -6 24 0
1 -12 -35 0
8 9 57 0
