p 80 340
-19 38 -36 0
28 -59 -38 0
-37 -64 -50 0
22 16 3 0
37 -47 67 0
-48 -38 -6 0
9 -70 7 0
63 -10 -48 0
-22 45 78 0
11 21 27 0
-47 -51 -30 0
51 -27 -26 0
-15 36 -21 0
-13 69 37 0
17 -44 -22 0
-10 27 7 0
-55 49 6 0
-6 -11 34 0
-22 62 -36 0
-69 -5 32 0
-37 -42 13 0
-54 -38 48 0
60 -69 -75 0
2 39 57 0
-20 -5 43 0
6 -42 74 0
-9 -17 -19 0
61 76 48 0
40 33 -5 0
-18 10 -80 0
-38 -15 20 0
-30 -24 -72 0
-10 -26 -75 0
33 -7 -41 0
-21 -49 45 0
-3 46 -57 0
-66 -3 25 0
-17 24 55 0
42 -56 -35 0
-35 24 -45 0
35 53 -42 0
-35 -48 -23 0
10 28 23 0
4 77 -36 0
49 34 3 0
44 -53 45 0
60 -6 41 0
-55 22 -25 0
4 -79 -32 0
-3 -64 77 0
-19 -41 67 0
-1 -13 10 0
-1 -47 24 0
-33 -47 32 0
-56 -19 21 0
60 -38 29 0
-6 -36 -11 0
-32 -10 -21 0
-75 62 23 0
-33 80 15 0
-51 18 72 0
7 -76 15 0
52 69 25 0
-18 -28 -66 0
71 72 51 0
30 -39 -7 0
59 69 4 0
-22 44 -46 0
-19 11 43 0
76 -77 49 0
-23 -37 -6 0
-20 -5 -16 0
-74 75 -5 0
-38 -40 75 0
-22 24 -20 0
-24 -15 -17 0
-40 76 -70 0
49 75 77 0
-11 -70 31 0
41 -7 17 0
29 48 -76 0
-33 80 49 0
7 65 6 0
-62 13 72 0
-39 27 -6 0
26 -53 -63 0
79 -76 38 0
-41 -39 59 0
26 -69 -76 0
-35 70 80 0
20 -15 55 0
-64 11 -51 0
-45 34 -30 0
71 -68 -73 0
25 -32 -4 0
-68 40 -4 0
79 -16 12 0
-53 -23 -12 0
-17 12 40 0
21 -70 12 0
-67 -75 -13 0
35 31 -37 0
3 51 68 0
71 19 -33 0
-21 16 55 0
55 -20 -25 0
-63 60 22 0
-2 63 54 0
-4 -29 9 0
32 58 25 0
22 -51 -3 0
51 21 -4 0
18 -16 54 0
65 14 66 0
39 -8 47 0
58 -78 22 0
-40 -46 -27 0
-5 -13 -59 0
-68 -48 53 0
-14 32 -57 0
21 -15 -28 0
60 -74 27 0
45 59 -50 0
-9 23 56 0
9 75 13 0
-25 -55 -60 0
-64 -27 80 0
-71 -64 44 0
4 -70 68 0
62 23 68 0
-62 44 -40 0
75 -76 10 0
52 -53 -41 0
50 -32 -54 0
-54 -35 17 0
63 -16 1 0
44 23 68 0
69 -1 47 0
-31 -13 59 0
22 46 -30 0
-57 29 -75 0
40 45 -54 0
-51 -18 61 0
1 53 -14 0
60 5 -49 0
-51 -64 26 0
-13 -65 -62 0
-72 11 -17 0
-10 31 39 0
33 11 21 0
23 49 -43 0
33 32 48 0
24 12 -77 0
-69 40 25 0
-42 19 15 0
35 75 46 0
-32 50 25 0
-10 40 72 0
6 37 38 0
-33 -60 22 0
-40 -78 13 0
-63 -13 -5 0
-72 -11 46 0
16 66 44 0
75 -13 65 0
-23 -68 21 0
12 -39 -72 0
-47 26 -64 0
-10 -13 55 0
30 33 -39 0
-6 -49 70 0
52 53 62 0
-9 22 -70 0
78 -15 79 0
-19 -65 -23 0
50 -37 32 0
-76 72 39 0
-72 62 -51 0
-57 -13 79 0
-69 61 43 0
-51 42 -70 0
19 57 79 0
6 -13 -58 0
-37 56 40 0
13 -50 55 0
43 -55 -8 0
-25 -30 22 0
-64 -46 -38 0
4 -32 -30 0
-71 40 -66 0
-12 65 -60 0
-56 53 -80 0
-40 31 -24 0
-28 21 71 0
17 -63 -29 0
-47 -12 -34 0
34 -50 76 0
-62 -36 -35 0
-10 -32 44 0
43 -56 8 0
-61 -73 -32 0
-24 -39 -59 0
-53 34 14 0
80 -4 35 0
52 -70 42 0
-15 -38 -6 0
-48 8 -49 0
8 -1 -21 0
53 -52 -55 0
-42 -43 50 0
-11 -49 -66 0
8 66 60 0
42 -65 -29 0
58 73 -51 0
-4 39 -65 0
-43 -32 62 0
-70 5 -67 0
27 -39 -33 0
62 -25 17 0
66 -3 -20 0
54 -72 58 0
14 -9 79 0
73 -8 22 0
-69 -52 -14 0
-40 -36 -56 0
57 -32 77 0
-13 9 -64 0
46 -41 73 0
79 -50 -4 0
-36 -43 -68 0
54 -19 2 0
27 -5 3 0
-21 33 73 0
8 -33 -72 0
22 45 -15 0
37 -64 -32 0
30 -1 62 0
50 -32 11 0
56 -57 17 0
-3 74 70 0
-44 -49 52 0
-68 35 -74 0
-16 -24 -70 0
-72 50 29 0
42 -36 -65 0
-75 -41 47 0
-78 79 19 0
-57 -4 23 0
-58 -25 3 0
5 75 -38 0
-18 -66 43 0
-18 38 30 0
11 47 -24 0
-60 21 -42 0
74 73 38 0
37 53 5 0
67 -20 57 0
-1 -5 -31 0
70 -35 50 0
23 48 38 0
13 -38 56 0
70 -64 15 0
-12 -40 -31 0
-65 35 -37 0
47 69 -56 0
75 52 50 0
-78 -39 40 0
10 77 -44 0
11 -16 62 0
30 35 52 0
54 -2 42 0
-16 -11 32 0
-8 -60 59 0
-66 48 14 0
36 -25 -7 0
-74 -35 20 0
1 65 -54 0
38 61 40 0
-37 71 -78 0
-64 70 73 0
-80 -61 27 0
63 -27 -54 0
39 17 1 0
70 33 37 0
-33 -3 37 0
-42 32 -27 0
58 -60 7 0
33 -29 8 0
-8 69 63 0
66 -68 -12 0
-26 -12 17 0
50 68 -34 0
11 15 -64 0
-61 -72 1 0
-46 22 62 0
78 62 -57 0
48 -5 1 0
-53 29 -50 0
39 -76 -37 0
41 -3 68 0
-80 -3 -67 0
33 -68 61 0
14 -76 9 0
-29 -14 -19 0
-63 40 46 0
56 42 -8 0
60 -45 28 0
67 20 13 0
69 73 7 0
-39 -59 31 0
-28 18 -69 0
63 -56 -50 0
-74 -58 -24 0
20 52 69 0
-38 -79 -28 0
-67 32 73 0
-75 -6 5 0
-43 -39 -20 0
-60 -8 26 0
-43 -25 3 0
72 -59 -2 0
44 -63 -72 0
-65 12 -33 0
-12 24 -30 0
80 -7 -28 0
8 51 17 0
72 11 -48 0
-74 41 -8 0
24 -8 53 0
6 -70 78 0
-45 42 -52 0
27 4 -39 0
-67 -57 50 0
61 -79 -17 0
-64 41 -9 0
25 4 24 0
-61 29 -13 0
70 -27 2 0
57 -79 14 0
75 -44 -54 0
