p 18 76
7 -14 15 0
7 -8 1 0
6 4 -2 0
16 -9 -12 0
3 18 -6 0
4 -18 16 0
-15 10 -6 0
-18 -10 -13 0
-7 -16 14 0
5 -4 -3 0
6 -10 8 0
-11 9 13 0
13 4 -7 0
-17 10 -18 0
17 -9 -10 0
-2 -10 -3 0
5 -8 7 0
-9 12 -8 0
-10 -13 1 0
-13 -12 -18 0
4 -2 1 0
-1 5 12 0
1 11 -5 0
-2 5 17 0
2 -13 17 0
-16 17 -2 0
-11 10 17 0
2 8 6 0
15 -13 -16 0
-1 -3 16 0
15 12 8 0
-16 -1 6 0
-6 13 -16 0
-18 13 10 0
7 6 -5 0
17 11 -9 0
-9 1 -17 0
18 16 11 0
13 9 17 0
5 3 -12 0
-17 -9 -6 0
16 7 12 0
1 2 12 0
-6 18 15 0
-12 14 18 0
-4 15 18 0
8 17 5 0
-5 -8 -15 0
-6 -18 5 0
6 -17 18 0
3 16 9 0
15 -13 9 0
17 -13 -8 0
15 -10 -12 0
5 17 3 0
-6 3 -2 0
11 -13 14 0
13 6 18 0
5 -13 -17 0
-15 -4 -11 0
-17 2 -14 0
-9 16 -4 0
7 4 13 0
12 18 -7 0
16 -9 3 0
4 9 -3 0
-13 2 7 0
9 -18 8 0
-10 -5 15 0
7 13 16 0
1 6 15 0
8 -1 10 0
-3 8 15 0
-12 -1 13 0
13 12 10 0
16 -13 -15 0
