p 78 332
-22 -21 -78 0
-77 33 -73 0
47 -26 -48 0
-29 59 -9 0
-16 -1 -40 0
68 -26 -9 0
-8 -31 -15 0
17 38 -28 0
7 26 -74 0
-59 55 5 0
-48 -39 64 0
13 -45 56 0
22 31 -13 0
54 -11 62 0
32 71 27 0
-42 72 51 0
-28 -47 -29 0
-34 75 -52 0
-37 -69 -33 0
-66 -73 -50 0
-61 -75 45 0
44 19 -69 0
-51 72 -42 0
-58 -10 52 0
-65 -40 -76 0
-66 37 53 0
-59 -52 14 0
-9 -52 59 0
3 -7 -8 0
30 44 -8 0
45 -65 18 0
28 23 46 0
-78 23 65 0
-3 -69 76 0
66 -69 23 0
58 73 39 0
38 40 -31 0
-75 13 -44 0
-11 -50 13 0
-52 14 -44 0
65 13 -29 0
44 72 -10 0
34 47 -48 0
24 41 12 0
42 2 -25 0
4 -38 -13 0
57 61 48 0
46 -16 63 0
37 -36 72 0
-77 47 23 0
56 25 20 0
-52 70 -18 0
33 -50 -17 0
-15 -23 49 0
-2 -7 12 0
40 45 -21 0
-68 64 9 0
-71 -70 -61 0
15 70 1 0
-15 -75 8 0
33 -56 -65 0
5 57 73 0
-50 63 -35 0
78 -70 45 0
-36 -35 -16 0
-72 76 -53 0
-46 -74 -40 0
13 42 -20 0
53 42 -35 0
-19 -18 -63 0
-48 16 50 0
12 -53 3 0
-14 -34 6 0
-30 -2 11 0
-2 -26 25 0
29 53 4 0
-17 -59 -12 0
20 -67 49 0
6 20 -76 0
-44 -59 75 0
-28 58 -29 0
59 8 -69 0
-53 -64 57 0
-46 49 -60 0
37 57 -51 0
7 77 -66 0
33 65 -26 0
7 -59 15 0
46 63 -40 0
-20 -32 41 0
-34 -65 -47 0
41 56 1 0
27 -59 36 0
33 17 15 0
16 -40 -11 0
-47 39 19 0
62 -48 42 0
28 17 74 0
24 -64 57 0
65 8 33 0
30 15 -3 0
-40 -21 -15 0
45 30 14 0
-54 78 67 0
-46 -78 34 0
34 -44 65 0
-51 1 -47 0
73 68 -7 0
59 65 -50 0
42 -64 -4 0
-68 -76 -30 0
66 -8 -45 0
54 58 -51 0
49 -13 11 0
33 4 -54 0
16 29 -56 0
-44 -61 -55 0
-53 32 -1 0
-42 9 -75 0
-71 72 -6 0
-18 39 68 0
-39 -43 -75 0
9 4 -40 0
-10 60 36 0
60 56 -22 0
-2 -32 -72 0
75 -40 -70 0
5 26 33 0
19 44 33 0
-1 48 43 0
-68 56 22 0
-51 -33 -1 0
-10 -56 -77 0
-60 -33 -13 0
7 -22 28 0
11 58 -56 0
55 -46 -58 0
-39 -24 -44 0
-40 15 28 0
-25 -72 -5 0
-71 -43 -13 0
-67 -9 -63 0
-28 59 70 0
8 63 7 0
-45 -33 -73 0
55 33 51 0
9 73 -17 0
39 67 -14 0
59 -4 68 0
34 8 55 0
56 27 -12 0
-52 23 9 0
30 62 -55 0
43 -12 9 0
59 -71 40 0
34 -45 35 0
-42 -24 -32 0
57 -63 16 0
-72 -52 54 0
42 -27 78 0
-35 -11 15 0
-25 -26 78 0
-48 68 -44 0
56 -58 -40 0
65 40 19 0
66 52 -25 0
-42 68 15 0
-52 -19 -4 0
43 40 63 0
-16 41 -32 0
-31 64 -58 0
55 58 -50 0
-37 33 51 0
-51 24 8 0
-50 12 4 0
72 -63 58 0
-19 65 -22 0
-5 -34 65 0
6 -3 -65 0
-27 -67 60 0
-4 -43 -48 0
17 20 23 0
23 -73 63 0
-45 33 38 0
-55 -37 -60 0
63 64 38 0
61 -24 -59 0
-34 -15 -28 0
-23 -53 54 0
-6 -34 70 0
-59 25 -75 0
34 -64 -75 0
-28 -19 -17 0
-25 2 -3 0
-34 -40 -6 0
62 28 1 0
30 2 -19 0
-14 -31 61 0
-49 -32 -68 0
-51 67 61 0
36 -56 -51 0
41 33 10 0
-23 -64 -22 0
-68 -32 -46 0
-53 -43 -1 0
45 37 43 0
53 -58 -3 0
-75 -32 -29 0
-40 19 -70 0
34 15 -72 0
-60 -24 -65 0
-54 15 57 0
63 -39 -10 0
57 -2 32 0
-65 -30 47 0
76 40 -21 0
16 28 -5 0
4 -37 -11 0
35 -1 -63 0
-66 1 36 0
-69 -74 -51 0
-13 -23 -32 0
7 -74 11 0
16 -1 -61 0
10 78 -43 0
5 27 78 0
-65 13 -30 0
-17 66 23 0
-4 54 -47 0
-66 -63 7 0
3 -45 7 0
-40 1 -70 0
46 -17 55 0
-60 -8 37 0
-31 32 52 0
34 -75 -71 0
-55 -3 -17 0
48 23 14 0
71 -18 -12 0
-21 50 13 0
54 -35 -5 0
-68 12 5 0
39 -45 -32 0
47 -13 62 0
9 -47 -52 0
69 38 -5 0
-63 -78 34 0
54 -70 -51 0
67 35 64 0
-72 -20 75 0
23 -76 54 0
-47 -34 -15 0
-20 -21 59 0
-16 -21 20 0
44 -15 -19 0
-40 -27 -13 0
38 -67 -36 0
28 27 -61 0
43 21 -2 0
-45 67 34 0
-53 -1 -20 0
-73 24 40 0
-13 77 -43 0
32 -39 -4 0
52 -33 7 0
-69 -27 36 0
-60 31 13 0
-43 -56 19 0
-8 -56 57 0
-12 -55 69 0
-27 72 -49 0
-65 -49 38 0
-33 4 68 0
-35 -8 2 0
74 28 39 0
-51 31 65 0
-21 -56 41 0
-68 -42 51 0
-22 45 6 0
20 -45 -77 0
58 68 -9 0
66 -37 12 0
-57 -22 7 0
-48 68 16 0
-75 45 17 0
69 -7 -45 0
57 56 -10 0
-57 -51 45 0
8 -3 42 0
-71 38 -24 0
-39 78 -74 0
-36 -40 3 0
-77 -33 51 0
11 -2 68 0
43 -23 -7 0
-69 -27 42 0
-75 -14 32 0
-11 62 24 0
-19 -65 14 0
69 -75 62 0
68 -46 -29 0
64 19 1 0
56 -72 -64 0
50 -8 -12 0
71 50 12 0
55 -21 -78 0
53 32 -22 0
25 56 -48 0
-69 -31 33 0
69 -62 -2 0
-59 -42 72 0
46 -58 72 0
-43 74 -29 0
55 23 -50 0
-3 38 8 0
-15 68 6 0
14 9 63 0
-46 -76 -30 0
11 21 -30 0
38 -66 43 0
42 18 13 0
-38 3 -76 0
69 75 6 0
2 46 -57 0
43 41 -57 0
-69 7 23 0
78 58 24 0
-42 30 -13 0
36 55 38 0
66 17 76 0
-70 53 -71 0
-5 -44 -77 0
