p 35 149
32 33 9 0
-33 -22 -27 0
20 -11 30 0
-17 20 -24 0
4 20 19 0
-9 -7 -23 0
33 -8 21 0
28 9 4 0
26 7 34 0
-29 -11 7 0
12 7 -17 0
2 -35 33 0
3 -29 -11 0
32 27 -5 0
7 17 -28 0
-33 29 13 0
32 -11 -31 0
-5 19 -6 0
-24 30 -32 0
-29 12 -11 0
9 -5 -14 0
-19 -5 -10 0
2 6 -18 0
-10 -17 24 0
18 -32 -10 0
1 3 17 0
-25 18 -5 0
-19 -10 23 0
-7 -28 -11 0
-1 29 24 0
-18 -21 34 0
11 19 8 0
-35 -16 31 0
21 -5 -28 0
21 -3 12 0
15 19 -23 0
11 28 -33 0
-13 20 19 0
3 34 32 0
8 -30 -15 0
-8 -29 23 0
-18 -16 15 0
18 29 31 0
-29 11 13 0
-8 -6 24 0
-12 30 3 0
25 -23 19 0
-17 -6 12 0
-26 -16 14 0
27 33 -7 0
18 28 -7 0
-30 -5 -4 0
18 35 -3 0
-21 10 23 0
-35 33 -31 0
-13 20 -14 0
-29 -18 27 0
-27 -24 -23 0
-14 -35 31 0
-10 20 -28 0
13 34 -30 0
34 -4 22 0
21 -22 -5 0
28 -4 21 0
-6 -11 -14 0
28 -7 16 0
-31 -28 -2 0
-34 13 -9 0
-32 22 1 0
2 34 32 0
-8 32 20 0
-8 -11 -16 0
-29 -34 -14 0
21 -4 30 0
33 -5 29 0
-31 18 10 0
-20 -18 13 0
-27 2 16 0
1 32 11 0
-27 -10 23 0
30 -15 24 0
25 -14 10 0
32 24 -26 0
13 -32 -33 0
-8 5 -7 0
-27 8 19 0
33 17 14 0
-26 -11 -3 0
-13 -21 -1 0
-15 13 19 0
-5 -10 8 0
27 -31 10 0
28 -26 4 0
23 -17 31 0
-12 5 -9 0
-7 -2 -6 0
-8 34 21 0
-33 6 -25 0
-1 -20 -27 0
18 2 30 0
30 -9 35 0
-16 5 -14 0
6 32 14 0
-13 -30 -15 0
18 14 -32 0
-3 11 -17 0
26 -30 14 0
-4 -19 -5 0
13 3 34 0
4 -30 22 0
-7 30 6 0
-6 13 -33 0
-27 30 7 0
26 2 24 0
-24 -10 -26 0
-30 -25 33 0
1 -11 26 0
12 20 22 0
-31 30 20 0
34 -25 20 0
-28 -23 17 0
16 -22 29 0
-19 1 18 0
35 -12 29 0
-13 -20 -12 0
-25 6 -24 0
5 -13 -2 0
-27 -25 34 0
29 -25 -30 0
25 10 12 0
8 -30 -4 0
-24 -3 -8 0
17 -8 -6 0
-6 -4 29 0
5 -1 -31 0
29 22 1 0
-22 16 -4 0
13 -3 32 0
18 6 -22 0
26 14 -1 0
21 31 -20 0
-22 32 -21 0
25 1 -4 0
18 -4 2 0
-24 5 30 0
34 17 -16 0
11 -28 30 0
28 -20 1 0
18 10 -17 0
