p 54 230
-44 21 42 0
36 -22 -38 0
-14 -52 -54 0
31 -45 24 0
-40 -51 1 0
42 4 -48 0
49 -34 -52 0
3 -42 49 0
-11 -32 20 0
-45 6 49 0
9 -51 -34 0
-26 -25 27 0
-7 -23 -38 0
-32 5 6 0
33 31 -5 0
5 32 -22 0
21 43 -38 0
45 -40 -54 0
-7 52 35 0
23 -12 -43 0
4 21 -38 0
9 -35 43 0
-52 26 29 0
-5 4 19 0
22 -25 -5 0
21 18 31 0
38 -15 33 0
16 13 -2 0
-48 -22 1 0
45 29 2 0
-28 24 22 0
5 -40 -53 0
46 -52 -31 0
23 -14 37 0
-22 -38 32 0
49 53 -38 0
23 32 34 0
11 -3 -40 0
-52 -49 -32 0
20 -45 22 0
-19 54 -21 0
18 -11 37 0
21 45 36 0
-40 47 23 0
12 -35 -30 0
-43 -4 31 0
-11 -29 54 0
20 48 41 0
37 22 41 0
53 -35 -33 0
-28 -53 -45 0
34 19 6 0
28 -22 4 0
49 -29 15 0
-15 -48 -29 0
39 40 -52 0
-1 29 -46 0
5 46 51 0
-18 7 -12 0
-7 52 -53 0
-37 -19 35 0
16 -23 -14 0
-39 -46 -24 0
-9 47 -34 0
32 -43 24 0
38 32 53 0
33 44 45 0
22 40 11 0
32 7 -6 0
50 -44 46 0
-6 30 1 0
-43 -16 -14 0
24 -11 44 0
20 6 -53 0
-13 45 -12 0
-17 -25 1 0
-42 27 -44 0
-41 11 32 0
-39 -33 48 0
24 52 25 0
-31 -25 7 0
-27 -31 12 0
6 27 15 0
36 -2 11 0
-33 28 6 0
-21 -51 41 0
32 30 -42 0
-7 -26 -3 0
36 -39 -3 0
35 32 -25 0
-1 -10 -51 0
-21 -31 26 0
-49 47 17 0
48 10 37 0
37 -14 -11 0
-39 41 -49 0
-50 -20 37 0
44 -28 39 0
51 -25 -45 0
50 9 8 0
15 -24 40 0
-38 43 3 0
47 -51 -16 0
21 32 3 0
-41 19 -9 0
-26 -49 50 0
-51 7 28 0
46 -18 32 0
18 15 -24 0
25 -15 11 0
37 -53 13 0
34 20 35 0
19 42 -27 0
50 -10 3 0
-37 19 41 0
-16 -54 14 0
11 -1 14 0
-31 10 38 0
9 -25 -10 0
15 -32 8 0
37 23 -52 0
-17 -48 5 0
-9 -35 -31 0
-35 -49 51 0
18 -26 -42 0
-22 -14 50 0
48 -45 -39 0
7 54 -52 0
-22 -47 29 0
43 47 15 0
-8 -32 19 0
20 37 -28 0
-13 -10 -44 0
-21 29 -39 0
-23 -5 -47 0
-47 -17 -43 0
54 -34 -30 0
3 -31 -1 0
-3 -18 -7 0
-42 45 -27 0
-51 -45 -53 0
-48 8 -12 0
22 -50 32 0
-7 19 50 0
-38 33 5 0
-46 27 1 0
-31 -40 28 0
37 -12 42 0
54 -42 27 0
-11 25 -19 0
-37 38 -41 0
4 7 32 0
-23 18 33 0
43 -16 -29 0
-15 -31 50 0
-4 -54 13 0
-39 -53 -40 0
41 48 53 0
-48 -26 29 0
32 -41 -16 0
-25 26 -5 0
-54 -4 28 0
35 -45 -50 0
-46 -45 -22 0
42 35 -23 0
19 -28 18 0
-54 53 4 0
-11 17 30 0
-37 -7 -3 0
-52 -23 35 0
41 -29 -28 0
28 48 47 0
-38 -49 -44 0
9 -41 33 0
12 51 -23 0
28 -26 -48 0
15 29 11 0
5 -32 54 0
-21 -42 -12 0
-18 13 -31 0
37 38 -4 0
-44 19 -23 0
33 -32 31 0
16 -28 38 0
1 46 -51 0
17 24 -41 0
-15 -41 33 0
42 37 27 0
18 -6 16 0
-5 25 42 0
-47 -30 13 0
-17 -37 -1 0
-11 -32 -37 0
3 -16 48 0
-37 -9 25 0
-46 16 50 0
-31 -43 25 0
-48 51 -50 0
-18 -6 32 0
-3 -17 -6 0
-3 -13 41 0
25 54 49 0
-10 25 12 0
29 7 54 0
-46 10 36 0
7 -42 6 0
11 -49 38 0
25 -6 46 0
-30 -25 50 0
-8 -31 13 0
-47 52 19 0
-54 -9 47 0
10 -14 -6 0
2 -24 53 0
27 14 39 0
-43 33 -46 0
1 -45 -40 0
54 -5 10 0
-47 -13 12 0
-16 -14 -18 0
-39 45 11 0
31 -21 -3 0
34 37 13 0
-9 -18 49 0
-37 22 -6 0
25 17 -9 0
53 -47 19 0
31 43 36 0
44 48 -11 0
-4 12 44 0
