p 73 310
48 11 -60 0
18 -16 28 0
-70 -2 -52 0
-14 -30 50 0
15 7 69 0
6 -8 65 0
65 -42 66 0
-57 -71 34 0
-20 -58 -7 0
-63 -6 -66 0
49 -14 -58 0
28 -1 45 0
54 44 26 0
71 72 -31 0
5 23 -29 0
6 52 8 0
-12 14 17 0
1 61 48 0
69 43 2 0
34 -12 -37 0
-52 -55 64 0
44 -25 -64 0
-15 -52 -48 0
61 -58 -66 0
-71 -19 -70 0
62 -72 53 0
-44 -13 -47 0
73 32 42 0
-73 -47 3 0
-64 -52 -9 0
-58 -30 26 0
54 -5 -55 0
60 -63 -47 0
6 -70 62 0
59 -61 -14 0
21 -31 -28 0
-62 19 49 0
44 52 22 0
-39 73 -15 0
-35 -66 -64 0
-30 -71 -33 0
52 1 37 0
-4 -46 -23 0
-38 19 11 0
57 -66 -12 0
47 -22 -19 0
-60 -10 42 0
67 -40 -73 0
-19 35 -2 0
-8 -6 -9 0
-29 -37 72 0
31 -34 38 0
66 43 -46 0
21 11 3 0
50 -26 -29 0
-56 73 -34 0
72 -65 34 0
-66 30 65 0
3 7 -27 0
-16 57 46 0
-47 8 59 0
-72 -68 42 0
-53 30 19 0
-22 -72 -7 0
17 13 -57 0
42 37 -73 0
-45 1 30 0
-64 58 12 0
-7 50 34 0
-39 44 -32 0
-59 66 31 0
69 -49 -48 0
-61 -33 22 0
-67 -70 72 0
57 8 -18 0
-60 -10 -61 0
-59 -65 44 0
-66 -41 72 0
10 -47 59 0
-46 -36 -66 0
43 20 -33 0
61 27 -71 0
-18 -40 16 0
38 1 -72 0
-63 69 -46 0
39 -65 -47 0
34 -58 15 0
65 73 1 0
61 21 8 0
40 52 -7 0
52 -71 72 0
16 71 -49 0
14 19 65 0
6 -25 33 0
-4 24 -14 0
56 65 62 0
-12 -9 -1 0
-23 36 -62 0
47 -57 -15 0
72 10 46 0
-35 8 -71 0
21 -32 -30 0
37 -63 -29 0
22 58 -5 0
28 -61 -14 0
1 -10 38 0
60 -11 -30 0
-2 39 59 0
39 -50 -47 0
-67 12 -46 0
-53 -72 -52 0
-33 11 -46 0
34 26 -35 0
-7 13 -63 0
-8 59 -27 0
72 2 59 0
-32 -49 -7 0
19 46 34 0
66 -40 16 0
34 -68 32 0
-33 -32 -36 0
-52 -51 33 0
20 -3 -1 0
-11 65 56 0
42 64 -11 0
-19 54 34 0
-5 21 29 0
72 31 -36 0
-63 -73 -47 0
34 39 16 0
47 -9 37 0
71 56 -25 0
-47 23 59 0
3 -13 38 0
-26 -36 20 0
-41 -67 -69 0
-73 2 -7 0
-32 -39 66 0
3 7 -13 0
-73 43 71 0
-22 -37 20 0
-67 42 15 0
-48 57 28 0
-71 58 -33 0
48 -34 -47 0
-60 -63 44 0
-33 43 -20 0
-21 -29 -1 0
-28 -55 -26 0
9 -32 -21 0
5 -15 -16 0
-21 1 47 0
-58 17 41 0
-5 36 -64 0
-21 6 8 0
54 -37 49 0
-30 41 51 0
-27 38 -41 0
4 -58 61 0
-38 -12 -28 0
-62 -12 -46 0
3 56 -49 0
53 24 23 0
22 69 -51 0
62 36 -40 0
5 29 -8 0
63 45 9 0
-14 -22 -56 0
-62 69 -15 0
-10 -53 -36 0
5 35 41 0
23 -63 -71 0
60 -73 63 0
-61 -19 -5 0
69 -29 -20 0
14 24 31 0
32 -31 -58 0
-50 15 71 0
30 -72 18 0
38 -16 -34 0
54 -3 56 0
70 51 25 0
61 -33 -19 0
-9 44 48 0
62 23 -49 0
68 29 -54 0
-19 25 -45 0
6 7 -12 0
-60 44 -7 0
27 -71 -52 0
31 -66 -41 0
9 62 -50 0
71 -18 -27 0
-34 33 54 0
37 -16 60 0
-36 32 45 0
-39 13 36 0
72 -36 -40 0
-71 -54 61 0
33 23 70 0
-45 50 -54 0
72 3 27 0
38 51 2 0
17 1 2 0
-63 -17 -23 0
39 21 -6 0
-55 48 46 0
29 -16 3 0
54 71 73 0
-39 -41 -20 0
-43 30 -71 0
-52 -30 -22 0
-11 -1 -55 0
-8 18 71 0
40 58 -25 0
-38 -7 -3 0
73 -44 30 0
-55 51 21 0
68 69 -42 0
44 28 48 0
6 -68 -47 0
35 -13 -37 0
-41 24 -10 0
11 45 -72 0
43 59 61 0
-46 -19 -23 0
-17 69 48 0
31 -33 -25 0
20 -43 23 0
-68 24 -59 0
-34 -72 -58 0
54 28 -40 0
24 -8 -58 0
-6 64 40 0
56 -37 -68 0
53 55 59 0
-22 -57 58 0
-47 -21 -36 0
33 -50 -18 0
-65 -3 1 0
-2 40 -44 0
-8 -55 41 0
-29 -61 -4 0
61 -49 -48 0
-68 12 -28 0
-22 63 27 0
-51 -35 70 0
27 -59 54 0
49 61 -25 0
-15 43 11 0
41 32 40 0
71 44 -37 0
24 10 -16 0
-3 17 62 0
-42 1 20 0
37 53 -8 0
17 -55 -28 0
-3 51 -7 0
-10 71 3 0
67 41 65 0
-56 73 37 0
-38 -29 -24 0
-71 -8 70 0
-62 -53 -3 0
55 -12 39 0
-41 51 -39 0
19 70 -50 0
73 -36 52 0
-40 -64 -6 0
-4 -64 36 0
41 4 -17 0
72 24 -6 0
-44 -29 12 0
29 -47 12 0
42 6 -19 0
-59 28 -2 0
-45 71 -47 0
-32 12 -64 0
-72 37 5 0
45 68 18 0
-34 -72 4 0
20 52 -65 0
-67 -12 -10 0
13 -60 -44 0
34 3 -16 0
-36 -41 35 0
-13 -39 14 0
-7 -9 -50 0
-65 66 10 0
-6 68 -36 0
63 57 -22 0
-41 52 9 0
-6 -31 -25 0
43 11 -62 0
33 -9 12 0
-36 54 12 0
-22 -48 -70 0
61 -10 -50 0
20 -42 2 0
33 25 64 0
-33 17 -71 0
-55 -29 18 0
-2 66 -59 0
-36 58 -16 0
42 12 -41 0
-26 18 36 0
-49 25 11 0
46 -50 -48 0
48 39 27 0
-33 44 29 0
