p 50 213
14 -19 4 0
-35 -1 -32 0
-25 30 -44 0
47 37 -4 0
-49 40 43 0
-4 39 -7 0
-2 46 -34 0
17 -18 -1 0
40 9 36 0
42 38 -1 0
24 -33 48 0
-30 -43 -6 0
30 -33 16 0
-31 3 28 0
-21 43 -44 0
-29 11 -34 0
37 -21 47 0
-2 3 32 0
-46 27 -22 0
17 -49 50 0
50 33 19 0
-44 47 -26 0
43 -28 29 0
12 27 -19 0
1 26 27 0
-38 -1 23 0
-6 34 35 0
-10 -44 -22 0
24 2 -50 0
13 9 32 0
-8 -12 38 0
-40 -34 5 0
-40 -23 -50 0
37 6 -48 0
-37 -48 -1 0
44 -27 -1 0
-17 13 32 0
25 35 -26 0
-16 -15 -43 0
16 15 6 0
-27 5 -43 0
33 -42 22 0
33 -43 -22 0
10 2 -38 0
-25 -33 46 0
-16 -31 -36 0
-36 -45 28 0
7 8 2 0
22 33 -28 0
-7 28 27 0
7 -17 8 0
7 8 -6 0
-43 -10 31 0
7 -40 11 0
17 11 -24 0
21 -30 35 0
40 44 35 0
22 37 35 0
-7 14 -9 0
-17 -39 -5 0
38 -48 26 0
-15 -26 23 0
26 11 20 0
30 20 -25 0
31 22 -46 0
2 37 25 0
45 -24 46 0
32 18 -7 0
3 -39 -23 0
22 -40 33 0
37 31 34 0
-36 -27 7 0
-27 -45 -46 0
-48 37 -35 0
-2 37 14 0
-3 21 -47 0
-11 7 -43 0
-9 -47 -41 0
4 11 -39 0
19 14 31 0
19 18 40 0
-20 19 31 0
-30 -10 -11 0
4 49 -40 0
-4 -20 -42 0
34 -30 -26 0
-39 -32 42 0
34 -28 -2 0
2 25 34 0
-37 -34 -14 0
43 -41 30 0
28 4 -2 0
38 50 13 0
-6 30 12 0
-44 32 -23 0
-33 -25 -14 0
11 -40 -3 0
33 -35 -16 0
21 42 9 0
-24 -16 -31 0
-40 -20 6 0
-8 13 31 0
-46 44 36 0
-40 -20 9 0
41 35 -34 0
-5 -11 -3 0
37 -47 -14 0
-19 -50 7 0
41 25 28 0
49 17 40 0
26 -31 37 0
22 15 8 0
28 23 43 0
-33 -41 25 0
49 -29 1 0
47 -13 -15 0
39 4 -26 0
-7 1 -24 0
31 27 -18 0
-23 50 4 0
-42 -17 20 0
37 47 -36 0
10 -31 -23 0
-9 32 4 0
37 40 -14 0
2 -19 47 0
34 31 41 0
3 -50 -46 0
5 -13 2 0
30 2 -29 0
-38 23 42 0
-19 49 45 0
-16 -34 -21 0
-17 -33 -50 0
-14 21 -29 0
3 -48 -40 0
-4 50 -20 0
-16 -37 10 0
30 -46 -28 0
-16 -37 35 0
28 25 -23 0
-13 -45 -16 0
-49 -47 -46 0
8 -17 38 0
16 42 22 0
41 39 6 0
-44 -8 18 0
19 -41 -5 0
36 -39 17 0
-45 -29 -6 0
-13 -39 9 0
44 40 -5 0
27 1 -39 0
-2 -8 -14 0
36 -15 6 0
-49 10 5 0
19 49 -15 0
32 10 -26 0
-38 -42 -48 0
-45 -30 -7 0
39 11 21 0
26 40 -35 0
-1 17 -23 0
1 -25 -42 0
-24 40 -11 0
43 -38 21 0
26 29 38 0
-18 -49 43 0
46 -38 -44 0
-36 -18 20 0
-38 13 9 0
-7 16 25 0
-6 -20 3 0
6 37 -18 0
11 29 5 0
-43 2 -34 0
8 36 48 0
-49 13 -26 0
18 -3 47 0
11 -38 -36 0
33 -13 7 0
-6 9 38 0
-40 20 -12 0
-25 28 -41 0
-25 -10 49 0
47 -31 -1 0
20 -26 10 0
-38 -23 32 0
36 -44 -37 0
4 -46 -44 0
30 -23 20 0
8 29 -41 0
-27 41 -18 0
36 -22 11 0
-12 -3 -5 0
-40 13 -14 0
30 33 -8 0
29 13 -47 0
30 -41 -31 0
-44 -2 -27 0
16 -10 40 0
-11 -20 31 0
-50 -19 38 0
2 -43 -50 0
20 -13 26 0
37 19 10 0
-41 20 -32 0
17 -13 31 0
5 13 50 0
26 -45 -27 0
-25 -39 43 0
45 -27 41 0
-50 13 28 0
