p 59 251
42 -28 50 0
-17 18 25 0
53 7 -50 0
52 -50 -3 0
6 14 -51 0
-12 30 -22 0
17 -49 -36 0
2 48 -33 0
-52 8 42 0
16 42 38 0
-20 51 15 0
6 26 -28 0
-56 -36 -19 0
37 42 11 0
-39 -15 -58 0
-7 -27 -13 0
-32 43 -1 0
52 35 11 0
-49 -47 -41 0
49 -25 23 0
44 38 -7 0
-24 3 -53 0
-36 40 -47 0
-53 8 -33 0
35 -42 8 0
-3 -10 -47 0
5 -34 38 0
-14 -7 13 0
22 10 2 0
-7 47 -54 0
15 28 -59 0
-10 9 -42 0
48 38 58 0
1 33 22 0
46 44 17 0
20 -17 -31 0
2 -35 52 0
17 25 46 0
-41 -33 -49 0
38 22 -54 0
-45 -37 -22 0
-37 46 -34 0
-29 4 -43 0
47 15 -34 0
33 30 -46 0
-17 9 -55 0
2 -4 37 0
-57 54 -13 0
-52 -39 -10 0
-31 -58 -23 0
52 -50 26 0
-57 -10 -37 0
-25 19 42 0
47 -48 12 0
-35 52 23 0
45 35 20 0
-43 45 47 0
-20 38 9 0
-38 47 24 0
52 30 -21 0
44 -9 2 0
-59 13 37 0
34 -3 41 0
45 -57 8 0
-46 -1 -47 0
-57 9 48 0
-49 -12 -45 0
-34 -38 -19 0
-56 -22 -25 0
-1 -6 -44 0
-20 -48 19 0
-30 -1 -37 0
45 14 50 0
27 -10 -14 0
-51 -2 22 0
-22 40 -19 0
-17 56 -29 0
32 -7 -17 0
15 3 11 0
-29 45 48 0
-32 58 -20 0
-36 37 -40 0
6 -13 41 0
-50 9 7 0
-2 33 -25 0
23 -32 26 0
35 59 24 0
41 -3 -25 0
-59 -47 39 0
-42 20 47 0
-23 -2 28 0
-7 -42 -53 0
32 -2 12 0
-34 -13 -45 0
7 17 -10 0
-39 2 -37 0
9 38 -15 0
37 -53 -33 0
9 34 -16 0
-19 52 8 0
-45 14 -49 0
-50 34 57 0
-30 15 58 0
-25 30 54 0
18 -53 21 0
32 -57 -40 0
-55 -32 -18 0
35 22 -13 0
-55 25 34 0
36 58 -20 0
23 -25 14 0
12 -16 27 0
-48 20 -16 0
-20 58 -11 0
-14 20 -52 0
39 17 33 0
53 42 4 0
-1 38 -50 0
39 -9 8 0
-54 37 -36 0
-52 18 2 0
-28 -18 -39 0
22 21 -19 0
54 -33 -2 0
27 32 51 0
-24 20 23 0
-2 -38 30 0
-18 49 -25 0
29 -36 -21 0
-50 -8 18 0
-10 -58 53 0
-32 -43 51 0
-48 -45 28 0
-24 -39 -44 0
56 -3 -2 0
35 -49 24 0
-32 -21 -40 0
20 -36 -13 0
17 -57 58 0
-8 -36 47 0
3 46 14 0
-21 -20 -10 0
3 15 25 0
15 -52 45 0
58 1 -43 0
27 -32 -36 0
-2 -42 -9 0
-35 -54 57 0
-27 -22 12 0
-15 -18 -35 0
56 18 -20 0
-33 -52 -50 0
-24 27 -8 0
24 -36 -6 0
44 24 -25 0
-16 19 -41 0
17 -11 -47 0
59 -52 10 0
-6 -19 54 0
17 -13 2 0
48 56 46 0
34 -21 -11 0
3 -13 19 0
-47 -13 -28 0
40 28 -57 0
-52 21 -57 0
36 43 54 0
13 -59 -19 0
-17 -5 35 0
4 -27 -54 0
-9 -31 -36 0
2 -24 -25 0
-10 -42 22 0
11 -39 -16 0
-47 -32 45 0
8 30 -39 0
-58 36 34 0
-28 21 24 0
10 3 -55 0
-42 -57 -56 0
1 -6 -35 0
12 -23 43 0
-18 -59 56 0
-33 21 48 0
29 -23 -16 0
21 -9 41 0
-21 -10 59 0
-43 -2 -8 0
-20 27 47 0
-12 37 -35 0
22 -31 15 0
-51 -39 -16 0
13 2 -47 0
-43 5 9 0
2 -39 -37 0
33 23 -37 0
-22 -43 -46 0
18 -55 -6 0
14 58 -17 0
-7 34 12 0
-41 9 -28 0
-7 41 3 0
-55 53 18 0
23 54 12 0
-48 26 -40 0
-9 -38 -16 0
-18 17 -44 0
26 -19 11 0
-45 12 55 0
55 -4 -36 0
26 1 -14 0
2 18 -59 0
-5 31 54 0
41 17 45 0
-19 59 2 0
49 51 -16 0
-19 -42 29 0
-23 -32 34 0
25 12 -57 0
-10 3 -40 0
7 -10 -17 0
9 54 -46 0
9 15 -25 0
33 1 20 0
-3 24 52 0
-22 -55 46 0
-5 -7 -33 0
36 -5 53 0
-19 53 44 0
1 -51 11 0
-12 -46 -58 0
-37 8 -28 0
55 -42 3 0
21 -54 58 0
-27 11 -18 0
-51 39 -43 0
9 -59 37 0
29 -1 13 0
48 50 -14 0
-10 -34 -28 0
-55 -57 37 0
-4 19 -41 0
46 -33 4 0
24 -36 28 0
10 -8 55 0
-22 36 9 0
25 -58 -28 0
51 -57 27 0
-22 19 -45 0
38 31 57 0
-50 -9 -19 0
