p 80 340
67 -30 -37 0
51 -17 66 0
13 36 -48 0
17 -20 12 0
59 -16 32 0
9 -5 36 0
-75 -80 51 0
-35 -36 49 0
-74 28 -60 0
-49 -19 60 0
-23 24 -35 0
74 -78 76 0
45 -77 78 0
50 -66 -63 0
31 -40 -33 0
-15 33 23 0
78 64 65 0
-62 -29 -55 0
56 17 -44 0
-61 -5 73 0
-11 17 67 0
39 7 -11 0
-37 1 75 0
-75 -68 32 0
-25 73 -78 0
-64 -60 -67 0
-11 25 72 0
10 -14 -29 0
32 53 -35 0
57 8 42 0
51 -42 -10 0
61 55 17 0
68 -53 -50 0
32 31 33 0
-40 64 -9 0
16 58 40 0
-67 66 -5 0
-42 -76 -6 0
48 -76 -62 0
27 74 48 0
-26 -60 -19 0
-3 -67 -16 0
40 -80 -76 0
24 54 47 0
12 -26 -46 0
57 -53 4 0
20 -58 39 0
-12 26 60 0
-65 46 -66 0
-64 57 49 0
-43 -76 32 0
8 78 -3 0
73 -33 -79 0
-32 -46 49 0
69 -1 -46 0
52 -64 57 0
23 -4 38 0
-69 12 -80 0
57 -58 78 0
35 23 10 0
-67 -37 -57 0
-13 21 -3 0
-34 -78 -46 0
-35 -37 -74 0
-7 -61 56 0
33 70 64 0
77 -74 -22 0
-10 -49 -79 0
-23 -60 58 0
-20 -65 -44 0
36 76 -75 0
21 -25 -10 0
-2 80 59 0
-66 -57 -4 0
29 59 48 0
23 -44 10 0
-45 -47 17 0
52 -76 58 0
-70 -44 76 0
-75 -11 -14 0
-33 -61 -4 0
-13 79 48 0
32 -74 -52 0
76 56 -79 0
-16 -48 25 0
48 14 50 0
-3 -41 -1 0
-25 -56 11 0
-22 80 74 0
55 35 -45 0
37 70 -71 0
-11 -62 32 0
-66 2 67 0
-75 6 -64 0
68 72 21 0
31 -22 60 0
-35 -56 17 0
73 -44 79 0
12 57 -39 0
-40 -3 21 0
38 -52 -45 0
40 54 -42 0
15 78 31 0
10 -56 -51 0
37 -41 -64 0
-72 46 76 0
-10 19 47 0
7 77 56 0
-20 -54 -53 0
-79 -73 61 0
41 -19 4 0
14 63 -73 0
-31 -53 24 0
-27 19 -66 0
51 1 28 0
68 19 26 0
-49 71 8 0
75 -51 64 0
70 69 30 0
-43 77 79 0
-17 46 55 0
-62 16 2 0
-30 -50 58 0
34 -50 35 0
-48 65 -41 0
-26 24 -67 0
-73 21 -37 0
-11 -12 -27 0
78 23 -51 0
26 -29 28 0
10 12 -48 0
-48 -17 -37 0
-20 -78 27 0
29 -45 4 0
-55 -67 75 0
-2 -72 51 0
-20 5 79 0
-55 -13 60 0
-64 75 50 0
-45 -3 64 0
-17 58 -63 0
-4 -12 69 0
4 -2 68 0
-10 74 24 0
-41 -71 72 0
33 -66 -26 0
-72 34 -39 0
68 -56 -72 0
69 -36 38 0
26 -37 8 0
15 -12 55 0
-39 -58 -23 0
-74 -30 -22 0
49 48 60 0
-16 -63 56 0
-34 38 -63 0
68 -18 -6 0
-39 25 80 0
2 66 18 0
-74 30 12 0
-13 -19 27 0
-33 -45 43 0
-21 -31 17 0
-14 -36 -41 0
-43 -22 51 0
-65 37 -70 0
-17 -29 -45 0
-72 -65 5 0
80 -50 10 0
48 -45 -3 0
-29 16 69 0
-19 68 -60 0
31 -30 14 0
60 -37 46 0
-48 53 16 0
-70 18 16 0
-40 -12 -68 0
-39 69 24 0
-76 -17 38 0
7 43 -12 0
-33 -52 21 0
-6 60 -4 0
3 -6 -52 0
-72 61 27 0
17 48 44 0
66 -22 31 0
-68 -41 -63 0
-39 25 56 0
-46 -20 -55 0
-18 41 56 0
32 -71 -62 0
49 -27 -17 0
21 -17 69 0
-52 -78 65 0
-15 -69 -12 0
18 71 -59 0
49 7 78 0
63 19 61 0
-68 69 -51 0
60 41 -64 0
5 75 -21 0
37 35 -61 0
-17 -52 -62 0
-60 20 64 0
-33 -12 43 0
-33 1 37 0
8 34 -12 0
-74 19 63 0
32 -70 49 0
11 7 46 0
-42 57 19 0
-6 -14 16 0
17 78 26 0
-64 53 -72 0
-49 61 26 0
50 -44 -79 0
4 -18 -50 0
2 33 34 0
-60 -22 -64 0
-64 76 -65 0
-58 -53 15 0
-15 -33 72 0
32 -27 6 0
26 -8 -46 0
57 -74 48 0
-67 24 6 0
-4 21 -30 0
-71 73 70 0
63 71 78 0
-57 5 -46 0
-41 -33 16 0
-43 37 10 0
-44 -19 9 0
-69 -9 -80 0
61 80 -4 0
29 -12 16 0
55 -41 -77 0
41 -74 -30 0
79 -56 -42 0
10 34 -26 0
-74 -12 -30 0
61 -75 -66 0
53 15 -64 0
69 -62 6 0
-7 25 62 0
4 -68 35 0
30 -40 46 0
1 -10 75 0
-55 66 -47 0
-28 -12 -8 0
39 -20 30 0
80 -51 -64 0
-12 6 21 0
-40 -65 64 0
33 -5 -68 0
56 -41 17 0
-26 63 -46 0
36 -71 -44 0
64 70 -78 0
-58 -55 -33 0
-39 -76 -3 0
-74 32 -20 0
79 -60 23 0
27 43 -47 0
-75 39 33 0
32 13 -3 0
65 -17 8 0
32 10 63 0
16 -40 -69 0
-28 -72 34 0
32 40 -56 0
77 -20 -63 0
16 -49 7 0
35 -36 25 0
30 -56 42 0
48 39 41 0
-41 50 76 0
-10 -2 1 0
-57 -79 -8 0
45 -59 -11 0
-53 -36 54 0
12 -39 -36 0
-26 77 -44 0
8 -20 -31 0
-62 63 25 0
4 -79 -5 0
63 47 1 0
40 35 36 0
6 -45 -21 0
-66 -13 -69 0
-67 33 42 0
-70 33 -4 0
22 -73 17 0
-41 -7 -22 0
-11 -24 -44 0
-4 62 66 0
30 -20 71 0
-16 -70 -38 0
42 57 -64 0
49 -22 -44 0
54 -20 -12 0
-76 -58 -20 0
72 -52 44 0
-26 -11 68 0
-38 52 -72 0
-71 68 9 0
-24 -19 -23 0
52 -40 -55 0
-25 20 38 0
26 -56 48 0
-79 -41 39 0
-47 -46 -21 0
-16 -36 -60 0
-17 -30 40 0
32 -54 -71 0
7 -2 -11 0
74 25 77 0
28 -33 -32 0
29 19 -3 0
7 -25 -77 0
-40 64 -10 0
34 -64 -2 0
5 -52 -28 0
49 58 57 0
41 -74 -45 0
34 36 63 0
-2 43 44 0
-32 -64 -23 0
72 41 -24 0
9 45 8 0
-70 -6 -38 0
-24 -59 -33 0
-25 8 49 0
-21 13 -80 0
15 -79 29 0
61 56 -10 0
31 -8 -80 0
-43 67 46 0
40 48 18 0
-61 -48 -66 0
