p 63 268
-19 14 -59 0
-43 12 -57 0
-22 37 -27 0
-46 -4 58 0
11 -44 -41 0
27 -47 -38 0
-26 24 20 0
-19 26 -12 0
-26 25 -9 0
-41 -32 13 0
-34 24 26 0
-27 23 -60 0
60 -51 37 0
57 24 -2 0
39 -12 37 0
-33 -28 55 0
-39 -5 19 0
23 12 -11 0
-26 -57 14 0
-63 -51 -16 0
7 36 51 0
6 54 -46 0
-23 -51 40 0
-63 34 57 0
51 -4 -34 0
-23 42 16 0
-33 -9 -36 0
10 20 42 0
4 31 -25 0
20 23 -22 0
-27 -2 -3 0
53 40 -12 0
-22 -60 -27 0
38 -60 -49 0
6 35 9 0
-54 -14 -45 0
54 4 -30 0
-15 62 9 0
-44 -32 58 0
48 49 20 0
4 -14 12 0
61 -27 -43 0
-22 7 27 0
-33 10 63 0
-42 13 43 0
-37 60 -50 0
-19 -28 63 0
11 40 4 0
-13 -55 -53 0
-3 -21 -38 0
-23 -38 59 0
16 -40 -7 0
-19 51 -20 0
-56 8 -7 0
-19 15 32 0
-63 39 31 0
21 -44 46 0
-52 -29 20 0
-23 26 54 0
34 -58 -33 0
-23 12 48 0
5 -6 -60 0
-3 50 28 0
-62 -26 47 0
-37 -35 -43 0
39 6 27 0
9 -55 18 0
10 -16 6 0
-13 -32 -2 0
-43 60 -48 0
61 27 8 0
6 -11 -32 0
-46 6 32 0
-25 -28 -46 0
7 4 24 0
-31 -48 15 0
-56 -25 39 0
60 -44 29 0
13 16 38 0
-31 61 -59 0
48 -63 53 0
47 45 4 0
28 56 38 0
-21 29 -61 0
-53 11 34 0
1 27 53 0
-26 31 -42 0
-26 3 -39 0
63 10 -52 0
-47 53 -5 0
63 35 48 0
35 -47 43 0
-39 -37 -4 0
60 17 34 0
-7 -26 62 0
31 60 -52 0
-36 16 -59 0
37 62 -41 0
-1 5 -18 0
-36 56 14 0
-21 58 14 0
-33 9 -60 0
47 33 -57 0
-21 10 37 0
-39 -62 45 0
7 -15 16 0
-57 -16 -35 0
21 -48 -44 0
-35 28 7 0
55 60 -16 0
-18 -37 60 0
-8 -47 -41 0
-23 -54 45 0
-46 -8 -30 0
53 -9 12 0
-47 -31 19 0
59 24 -40 0
-18 -26 33 0
-25 43 26 0
-18 6 -28 0
-53 21 11 0
-48 46 -2 0
34 37 -30 0
42 7 -63 0
20 59 16 0
19 -30 -51 0
47 13 4 0
-54 59 35 0
23 -43 20 0
4 51 -26 0
-43 19 -25 0
30 13 55 0
-23 8 -42 0
11 -15 -57 0
-14 19 3 0
62 -34 41 0
-48 -52 35 0
-23 -32 6 0
13 12 -32 0
-60 10 -58 0
19 -56 52 0
4 -10 50 0
52 -48 -8 0
37 -44 -2 0
12 19 14 0
-63 -28 56 0
-34 -20 -62 0
41 56 -8 0
-10 8 15 0
7 -47 -62 0
-17 6 -33 0
-2 -33 12 0
49 25 11 0
18 -6 -36 0
21 -7 18 0
-4 -57 15 0
-36 7 60 0
34 44 13 0
-55 15 -17 0
31 -9 -15 0
9 -61 -34 0
-23 54 34 0
-42 -37 23 0
-28 62 7 0
59 33 31 0
-22 27 62 0
-26 -31 19 0
-18 26 4 0
-38 -59 -5 0
3 28 6 0
-18 49 21 0
40 43 -60 0
48 -54 -53 0
-13 -35 44 0
4 46 56 0
-22 32 -1 0
41 9 -45 0
-49 59 46 0
50 45 -8 0
-30 3 -2 0
53 3 -63 0
-2 34 1 0
-59 36 -14 0
10 28 29 0
-21 1 11 0
-32 20 -13 0
-54 -25 52 0
-15 -62 -63 0
45 56 -59 0
-45 -58 1 0
-63 -53 -15 0
-13 28 27 0
-44 35 -20 0
-34 30 12 0
15 24 51 0
-18 48 8 0
48 54 55 0
61 -3 -5 0
47 58 -22 0
62 -52 -41 0
50 1 -38 0
45 -20 51 0
16 -23 -62 0
2 -56 16 0
49 -6 12 0
39 5 -55 0
56 -40 -35 0
-12 18 25 0
-23 3 -18 0
-34 -8 49 0
-30 -21 7 0
37 22 -16 0
-29 -41 -10 0
61 53 -40 0
-46 -8 -24 0
23 -19 8 0
-58 62 6 0
11 -8 22 0
-23 5 6 0
26 52 -21 0
-29 15 20 0
-15 -16 20 0
-11 8 -4 0
52 57 -32 0
49 -29 -27 0
-11 -9 -36 0
-54 -2 -47 0
-22 61 49 0
-2 -27 18 0
11 21 -57 0
-55 28 -6 0
45 7 40 0
19 5 -44 0
56 -21 -59 0
25 12 26 0
61 -41 -56 0
17 23 56 0
15 23 32 0
35 40 51 0
51 61 -8 0
22 10 -11 0
-37 39 -53 0
-16 10 14 0
33 58 -8 0
39 22 -7 0
-40 18 -44 0
-51 24 -13 0
-41 44 40 0
54 -56 31 0
19 46 17 0
20 11 57 0
-51 -20 60 0
-50 -61 45 0
-57 39 -52 0
-4 28 18 0
-14 5 -57 0
33 59 23 0
-2 6 29 0
21 44 -14 0
29 -19 -11 0
-13 40 -49 0
-47 -24 -6 0
-62 44 7 0
33 -5 24 0
56 14 -11 0
-45 1 16 0
18 -11 17 0
-1 -38 -50 0
