p 79 336
28 14 -24 0
-69 78 29 0
-45 -68 36 0
65 64 -3 0
55 -56 78 0
-61 -45 -27 0
21 23 -71 0
-62 52 -76 0
77 -45 27 0
-25 12 14 0
44 -41 37 0
28 65 -60 0
-44 -23 68 0
8 -53 -64 0
-75 42 -4 0
50 -49 8 0
-48 22 -43 0
14 -61 67 0
-4 65 21 0
-54 45 -16 0
-35 -79 9 0
15 59 -44 0
69 -5 20 0
-11 65 37 0
-50 -40 -31 0
-43 -15 73 0
-45 -4 -43 0
36 50 64 0
67 -11 -15 0
40 -71 31 0
36 14 39 0
41 30 48 0
61 -51 -57 0
-77 25 7 0
-45 -27 -52 0
-15 14 72 0
36 -2 -29 0
54 21 20 0
-77 49 53 0
62 74 -4 0
-34 10 -49 0
-13 -64 -19 0
53 -79 69 0
22 35 3 0
-43 61 -52 0
27 -35 69 0
34 -19 12 0
-73 63 -40 0
55 -41 72 0
75 14 76 0
-10 -27 -11 0
35 27 -66 0
5 4 -59 0
-33 18 38 0
7 3 -1 0
67 45 60 0
18 3 -24 0
5 17 -12 0
25 29 -68 0
-19 -43 77 0
-77 5 -51 0
45 1 -30 0
-4 -68 -22 0
55 56 -18 0
-37 -62 -76 0
-16 -8 7 0
10 -24 22 0
-17 18 -46 0
4 72 78 0
-46 -41 38 0
30 -14 -64 0
57 7 2 0
24 49 78 0
-75 -76 -54 0
-10 -11 -71 0
47 75 70 0
32 -20 -73 0
-63 -28 45 0
-57 -61 62 0
25 39 23 0
1 -18 32 0
-60 -64 -11 0
-26 12 -2 0
7 -11 -1 0
-23 -79 -66 0
-2 23 -5 0
-44 43 -41 0
-3 -6 18 0
43 47 7 0
-25 -15 -53 0
-44 33 71 0
8 3 42 0
45 14 12 0
34 69 -22 0
-49 13 56 0
1 23 -63 0
27 -73 68 0
7 45 1 0
45 -25 8 0
3 35 40 0
51 71 43 0
3 -67 -44 0
1 43 -56 0
31 -6 43 0
2 -46 -65 0
-60 71 -63 0
-6 22 16 0
-8 67 -19 0
51 31 34 0
17 -60 -28 0
4 -13 -50 0
24 6 -39 0
9 47 26 0
-48 -21 -26 0
-26 75 -55 0
57 34 33 0
-57 -19 -3 0
26 -67 65 0
34 -27 -36 0
62 19 -46 0
34 -20 -48 0
16 -35 -75 0
4 -13 -1 0
-71 26 -7 0
-44 7 10 0
-69 -11 42 0
-72 -2 -37 0
24 26 68 0
47 5 -67 0
-59 -68 -44 0
-31 -68 -76 0
-15 -51 -7 0
-78 65 50 0
-63 55 -15 0
-67 4 -76 0
29 -61 -33 0
-43 -25 18 0
72 49 -56 0
-29 16 -78 0
39 -40 -70 0
-26 57 17 0
-27 21 25 0
10 53 69 0
-72 42 -29 0
-6 -33 -77 0
67 73 50 0
62 49 -40 0
57 5 -33 0
-26 -38 -19 0
-43 41 -27 0
72 33 6 0
60 59 -55 0
-74 -12 -69 0
-54 -72 -37 0
-33 -59 -39 0
77 -69 -43 0
-15 -51 33 0
-75 61 -55 0
-55 52 51 0
-55 -6 -22 0
75 -30 -12 0
15 -64 12 0
33 -13 16 0
-17 60 -27 0
-46 30 37 0
51 -45 33 0
-38 -64 -6 0
65 -40 -55 0
73 -21 -10 0
-66 79 12 0
4 1 -27 0
-38 42 -70 0
-7 17 31 0
-54 63 76 0
-52 44 -64 0
2 -38 64 0
-58 -63 -55 0
52 -20 -77 0
9 -70 -15 0
77 -16 -5 0
64 -20 -46 0
28 -9 -18 0
-16 -65 58 0
76 27 -28 0
69 -5 50 0
-6 -50 20 0
75 35 -67 0
3 36 -31 0
59 45 -58 0
-19 74 -79 0
-13 -30 2 0
56 23 32 0
-27 -47 -78 0
52 30 -41 0
18 28 -78 0
1 -59 21 0
-41 -51 -13 0
-48 54 -50 0
-35 -68 54 0
66 -79 -3 0
75 76 46 0
-11 -65 75 0
-2 -76 -31 0
-73 58 13 0
60 16 -34 0
-34 72 33 0
-71 15 64 0
-71 55 -45 0
4 -3 -63 0
-10 61 -1 0
69 -16 14 0
39 -43 71 0
-74 36 57 0
20 46 -33 0
15 68 11 0
63 61 -20 0
15 -44 -26 0
42 3 -28 0
35 29 27 0
-72 63 -44 0
17 50 27 0
73 15 12 0
-28 -21 68 0
-1 -54 11 0
71 45 -34 0
15 24 -12 0
45 17 -44 0
2 45 42 0
-67 -8 48 0
-69 35 7 0
61 -15 -41 0
41 -24 72 0
-75 61 10 0
-76 1 13 0
-13 -14 -76 0
-33 -66 -19 0
-3 22 65 0
1 -18 -39 0
-56 -76 -27 0
-1 64 53 0
57 -59 -70 0
-14 -76 71 0
69 14 -63 0
-20 -72 19 0
-25 -6 -67 0
69 -54 10 0
-29 14 9 0
62 31 -7 0
28 55 38 0
3 21 23 0
-60 15 76 0
-49 12 37 0
-6 64 52 0
-26 25 -46 0
21 3 51 0
55 34 -32 0
1 -32 27 0
-3 -61 49 0
56 2 21 0
13 10 1 0
77 -20 -47 0
-12 4 73 0
7 -60 -28 0
50 -1 6 0
77 -69 1 0
25 18 -49 0
-45 -71 -74 0
-4 74 3 0
-2 -41 56 0
-10 -64 -15 0
79 32 48 0
-68 -28 -41 0
-44 -53 61 0
2 -49 -33 0
71 34 75 0
15 -1 -11 0
14 42 -4 0
54 -38 -36 0
11 -56 -77 0
-45 33 25 0
-13 45 3 0
19 4 -21 0
60 -1 -40 0
-12 -11 -60 0
67 -13 41 0
23 -37 -74 0
40 72 56 0
-55 -22 -75 0
44 33 -36 0
20 -75 -5 0
48 -29 47 0
53 -70 -26 0
-54 -62 48 0
23 -40 -66 0
75 56 -17 0
49 59 26 0
33 15 -24 0
-48 74 -17 0
-58 29 49 0
62 -52 57 0
57 -75 -48 0
-72 -37 -53 0
-45 17 -49 0
-40 29 11 0
-39 5 -49 0
-55 -8 16 0
-36 -33 -60 0
-2 55 -51 0
-49 8 6 0
20 -52 -23 0
72 31 -45 0
68 62 -41 0
-68 28 25 0
-37 22 -74 0
48 -5 -40 0
-13 39 51 0
11 -41 -64 0
-24 -36 58 0
12 64 -62 0
-49 -3 -11 0
-45 -26 50 0
-47 8 67 0
79 -24 -36 0
-2 -13 -9 0
-44 38 68 0
64 -70 43 0
-67 24 -45 0
11 38 24 0
19 6 73 0
-42 -13 -27 0
-39 -19 -15 0
-70 6 12 0
41 -64 67 0
51 46 41 0
34 27 -64 0
66 -30 -36 0
