p 36 153
23 -9 29 0
-13 -22 2 0
-14 33 24 0
-32 -20 21 0
7 -16 25 0
6 -5 9 0
12 16 -31 0
25 5 18 0
-3 25 35 0
-9 36 23 0
7 -28 -32 0
33 -8 -35 0
-18 -27 13 0
-25 -7 12 0
23 -33 -13 0
9 -26 -7 0
-4 -30 36 0
-12 24 -5 0
-20 -7 -19 0
-22 -14 -3 0
16 -1 2 0
-16 14 -31 0
-26 21 18 0
-24 31 -23 0
-19 7 -27 0
-9 29 8 0
19 20 3 0
-19 -28 -6 0
29 -32 -36 0
1 -2 -20 0
2 3 6 0
21 8 7 0
-7 18 -3 0
14 1 -24 0
-19 -26 -15 0
18 31 2 0
-23 -29 1 0
8 -27 -20 0
-22 -7 24 0
-26 22 -30 0
-8 -23 -18 0
14 13 -9 0
-6 -33 24 0
20 -29 -21 0
-7 16 -36 0
-27 20 30 0
22 12 -11 0
20 -11 -23 0
9 11 -31 0
3 -30 33 0
36 -4 35 0
17 -34 15 0
24 -16 18 0
-3 -21 27 0
21 -25 -20 0
-26 14 3 0
13 -18 14 0
-34 27 -23 0
21 -27 16 0
-13 -7 -29 0
23 -17 -12 0
-21 23 -20 0
-27 -25 29 0
-21 -3 28 0
-9 -24 5 0
-17 24 -2 0
18 -27 10 0
-12 24 -17 0
-36 26 -12 0
20 -15 10 0
31 29 14 0
33 -23 5 0
-17 -13 9 0
15 7 12 0
1 -2 25 0
23 -33 1 0
-20 11 27 0
34 -25 31 0
27 3 -8 0
-28 -11 10 0
34 36 25 0
15 -4 -22 0
20 -17 -21 0
26 23 -19 0
35 -29 22 0
-30 -13 14 0
-1 -3 29 0
7 -25 -5 0
3 -6 22 0
-22 12 -14 0
28 23 -30 0
-17 19 9 0
-30 22 -3 0
-5 19 2 0
-10 6 -13 0
19 -25 -12 0
33 -27 -22 0
11 9 -13 0
-17 2 -32 0
-7 23 16 0
-18 -15 -12 0
9 35 20 0
11 25 -15 0
1 5 -30 0
12 -9 -33 0
-20 -22 15 0
-24 12 -14 0
-24 19 -32 0
4 1 -34 0
26 -4 -6 0
-25 27 -34 0
-22 14 -36 0
20 -21 16 0
21 14 8 0
36 8 -4 0
-3 20 -9 0
14 -19 25 0
33 -22 -11 0
26 -24 6 0
2 8 -5 0
-27 -21 -11 0
-11 -25 34 0
21 22 10 0
-24 25 -11 0
25 -26 -34 0
10 2 -16 0
-35 29 -6 0
-31 19 8 0
25 -12 -19 0
-33 24 26 0
-32 -24 -28 0
2 -4 -28 0
6 17 -2 0
-3 21 -24 0
30 10 16 0
34 -29 -31 0
25 32 5 0
22 20 -36 0
9 7 -12 0
19 -26 2 0
-29 -12 -35 0
-13 11 -8 0
20 -21 18 0
-23 -10 34 0
34 -28 35 0
-8 4 -2 0
-23 20 -15 0
4 25 -24 0
27 18 20 0
-7 13 31 0
-36 -23 -20 0
-15 29 -6 0
30 -18 9 0
