p 53 225
-27 -12 -31 0
-7 -35 -23 0
10 1 23 0
35 16 -38 0
27 -6 -5 0
-48 -15 -19 0
-35 48 43 0
43 7 -44 0
-48 -51 -21 0
36 50 52 0
-36 30 16 0
7 5 28 0
23 -29 30 0
14 49 -42 0
32 -42 -8 0
-36 -37 -45 0
-26 -22 -18 0
10 28 -2 0
-6 -24 -53 0
-39 38 -18 0
-46 10 -40 0
24 26 -51 0
34 14 2 0
18 -32 31 0
-17 37 -18 0
-1 -32 -17 0
-27 3 -53 0
-30 -17 -34 0
-1 -51 36 0
38 -52 -23 0
-24 -25 -53 0
-39 3 25 0
-37 33 -23 0
-29 14 47 0
-8 -44 -43 0
-1 38 6 0
19 49 14 0
-7 -6 16 0
-2 45 16 0
34 -29 6 0
-11 -28 -33 0
-13 -8 -2 0
-42 22 -32 0
-44 52 39 0
40 -41 12 0
24 32 12 0
1 25 7 0
-25 -42 22 0
30 -32 -51 0
39 -28 31 0
-42 -37 32 0
-20 -7 39 0
-13 -20 -6 0
40 -8 10 0
36 1 -4 0
39 17 51 0
-21 -35 33 0
39 10 30 0
-42 -32 -2 0
37 51 -27 0
-29 53 -33 0
-49 47 -25 0
42 -48 3 0
50 -45 10 0
23 -4 -1 0
19 11 -52 0
9 -22 40 0
-21 3 22 0
-6 -53 43 0
-32 34 6 0
53 23 2 0
-26 -14 -8 0
-1 -2 -40 0
-33 -34 -48 0
45 -36 -25 0
48 -47 -33 0
11 42 16 0
17 -28 -42 0
-22 43 -13 0
-43 -21 36 0
14 -28 43 0
-39 46 -23 0
35 39 42 0
47 -41 17 0
30 34 -49 0
18 33 29 0
27 20 32 0
-47 -30 35 0
44 -38 -18 0
9 22 51 0
-25 -43 28 0
-38 -34 9 0
-30 41 -34 0
45 -53 7 0
-31 47 18 0
42 41 -32 0
-4 -17 18 0
-52 -23 15 0
1 -4 -39 0
25 -53 -31 0
-32 -38 36 0
36 33 -24 0
-7 -18 33 0
-18 50 34 0
-15 -38 44 0
-16 34 4 0
32 43 -6 0
19 30 -1 0
-11 -33 -52 0
9 -3 -11 0
8 27 -13 0
30 40 45 0
-19 -45 15 0
-52 -43 33 0
3 -9 -5 0
28 46 -38 0
24 10 34 0
-46 36 -10 0
-29 -27 -6 0
26 -20 -6 0
27 11 29 0
50 -30 -15 0
35 -44 -52 0
4 53 -17 0
-45 -41 1 0
-46 -3 -49 0
-31 26 12 0
16 -38 12 0
3 -51 25 0
-35 -51 2 0
-12 -30 44 0
40 -32 52 0
17 -53 -52 0
44 -25 -1 0
28 -50 42 0
44 -3 13 0
-11 26 29 0
52 35 34 0
-5 -17 20 0
-3 4 -6 0
31 29 -28 0
-6 -31 -15 0
28 -50 36 0
28 -19 23 0
-26 -37 -10 0
30 6 21 0
24 33 -53 0
46 -53 -36 0
34 -36 22 0
35 23 11 0
29 32 53 0
49 -18 -29 0
52 -13 46 0
22 49 9 0
37 48 -22 0
-2 -9 44 0
24 -41 33 0
-30 39 -40 0
40 27 -7 0
-27 24 -37 0
20 18 -22 0
29 -32 33 0
40 -15 -8 0
-46 -1 14 0
20 32 -24 0
34 -22 -3 0
47 2 20 0
-14 -43 -3 0
23 -39 4 0
28 29 37 0
-2 9 -3 0
-46 -50 -51 0
19 1 20 0
35 -37 45 0
-23 -5 12 0
-16 -36 -19 0
-30 -52 42 0
-5 -2 18 0
-33 -27 50 0
-7 1 -26 0
-15 23 -1 0
8 32 6 0
22 -25 -20 0
42 -13 26 0
-14 -47 6 0
-9 -14 53 0
53 43 15 0
37 14 5 0
37 -3 9 0
5 -23 -2 0
-42 31 53 0
51 36 -2 0
16 18 28 0
6 -39 12 0
-42 -33 -49 0
-3 -32 1 0
10 23 -6 0
-36 27 20 0
-16 -31 8 0
29 -5 7 0
12 -34 14 0
25 -6 23 0
37 27 -35 0
13 35 11 0
4 -16 28 0
9 52 10 0
4 15 44 0
15 35 8 0
-17 42 -47 0
20 44 -45 0
50 25 41 0
29 -14 1 0
-49 -42 -48 0
51 37 -11 0
22 -33 -35 0
5 20 -38 0
12 -21 18 0
-52 23 37 0
-39 -30 -2 0
45 -15 35 0
-15 4 13 0
23 -22 52 0
1 -15 19 0
49 -41 35 0
41 34 28 0
