p 34 144
-30 11 -25 0
20 10 3 0
1 -29 -20 0
5 -34 8 0
9 17 -11 0
26 -1 10 0
6 -23 31 0
34 -1 28 0
-29 4 13 0
20 -32 -27 0
10 -24 -27 0
8 26 6 0
-13 -11 -28 0
17 -18 -22 0
12 19 23 0
6 -8 -16 0
1 -21 28 0
-22 -33 -25 0
-9 19 6 0
3 14 21 0
15 1 -2 0
27 6 28 0
-5 7 22 0
3 28 -5 0
9 -20 25 0
6 -28 -19 0
-11 34 -8 0
-30 -17 6 0
-29 -14 -4 0
21 -27 -30 0
-12 6 26 0
10 -15 -8 0
-24 -22 -10 0
9 22 1 0
-31 7 -17 0
-22 8 -29 0
13 -8 4 0
-33 2 30 0
17 -29 -7 0
-19 -12 -11 0
-7 -18 -1 0
29 -3 18 0
9 -21 -5 0
-11 33 2 0
16 5 -28 0
1 10 15 0
14 -3 12 0
-19 -3 -31 0
-11 1 -9 0
-22 26 30 0
-29 -20 15 0
-32 7 -15 0
26 19 -4 0
-19 -30 5 0
22 33 32 0
2 -4 34 0
20 -22 14 0
-20 30 27 0
-32 -23 -30 0
-28 -9 23 0
-24 -34 23 0
-13 19 15 0
32 -33 -21 0
31 9 5 0
32 33 31 0
20 -18 29 0
16 -19 -31 0
-13 -7 -6 0
-19 -8 -29 0
16 -30 -32 0
-14 -12 26 0
-14 34 9 0
6 31 3 0
20 13 -34 0
2 -14 -1 0
22 20 13 0
-21 -29 2 0
32 -27 -19 0
-25 -16 -12 0
13 1 29 0
-5 27 17 0
25 20 -12 0
3 -32 12 0
-15 31 -9 0
26 -30 -12 0
-9 -11 -24 0
32 8 9 0
-18 -7 24 0
28 -11 6 0
33 19 1 0
-32 -4 -3 0
-33 -16 17 0
27 13 -2 0
27 30 -12 0
-1 2 33 0
14 7 10 0
2 12 -26 0
20 29 -33 0
12 30 -6 0
-26 10 -23 0
34 21 16 0
-20 -7 6 0
-14 10 20 0
-4 29 2 0
-22 -15 29 0
-29 -2 27 0
1 -18 15 0
-11 31 21 0
27 32 -2 0
12 -7 -31 0
25 -34 11 0
-29 -30 -15 0
-13 -6 21 0
1 -25 -28 0
-5 -21 4 0
-32 -15 -11 0
17 -31 34 0
8 31 28 0
-7 -23 -27 0
24 -18 2 0
15 18 -3 0
2 -22 27 0
6 17 -13 0
7 -26 17 0
30 -25 -4 0
5 17 -31 0
-22 -10 4 0
-20 -22 16 0
10 -4 6 0
6 12 -22 0
11 -18 23 0
-24 29 -19 0
14 -21 15 0
25 -18 5 0
-1 -8 -34 0
9 19 8 0
2 -21 -16 0
10 -1 -22 0
-12 23 -18 0
3 15 21 0
-22 14 33 0
32 18 4 0
-17 16 14 0
12 -6 13 0
