p 79 336
66 -4 -1 0
-45 -71 25 0
-47 70 -36 0
33 -22 13 0
-33 -56 -4 0
30 -77 2 0
-33 -17 -76 0
-77 -1 -56 0
8 79 6 0
-40 53 -64 0
70 33 -29 0
-1 -15 -28 0
76 44 -62 0
38 52 -31 0
70 -51 -60 0
-2 67 62 0
-63 22 65 0
-24 44 -12 0
-77 16 -64 0
-58 -54 -5 0
-39 62 -78 0
36 54 76 0
44 41 59 0
44 25 -40 0
-45 -8 77 0
35 12 -31 0
44 6 -2 0
79 56 15 0
12 69 16 0
-7 25 29 0
-59 -4 -70 0
29 -62 63 0
27 30 -51 0
-79 -63 36 0
69 -28 12 0
79 -39 -32 0
24 -67 40 0
14 15 38 0
-72 14 -15 0
24 -72 -2 0
5 -51 -70 0
-75 -58 -30 0
-1 -79 -44 0
-68 53 -4 0
-2 -10 -45 0
25 79 -6 0
-5 17 -63 0
-24 17 -16 0
41 12 -45 0
-55 53 -41 0
4 61 -28 0
-43 -39 -14 0
19 -77 40 0
-65 -18 24 0
-46 79 -32 0
31 70 7 0
-46 -48 -43 0
23 27 -60 0
67 -72 21 0
12 -5 77 0
51 -21 1 0
40 -66 15 0
-45 -67 -14 0
19 -24 62 0
-40 9 62 0
29 -44 -76 0
43 58 42 0
-22 69 72 0
79 -14 17 0
11 26 -69 0
52 58 -40 0
-5 63 -6 0
-2 -19 -44 0
-76 24 -60 0
65 -64 33 0
72 -26 -1 0
-65 -47 -29 0
77 39 -61 0
-32 -43 -38 0
15 -76 43 0
-34 52 18 0
-41 26 -75 0
18 -22 -77 0
60 -19 -39 0
-67 -43 8 0
-39 -45 -51 0
28 76 -32 0
48 42 37 0
-44 3 79 0
-63 -56 -64 0
-6 -64 -71 0
78 74 -62 0
-22 42 -21 0
-47 59 -43 0
-66 -62 48 0
-70 4 -45 0
62 -64 34 0
64 52 -14 0
-23 21 -49 0
63 13 -70 0
29 59 -71 0
-62 -70 -20 0
-31 -68 -34 0
1 39 -69 0
-26 45 79 0
79 42 -22 0
46 -20 44 0
47 45 18 0
48 32 -60 0
-35 -55 -48 0
62 -48 -37 0
-23 13 -71 0
74 -31 -75 0
70 11 -33 0
-30 -64 -34 0
-8 -58 -12 0
-49 17 -69 0
7 -35 63 0
66 72 -56 0
65 -30 11 0
-2 -53 -34 0
27 64 62 0
-2 -77 -79 0
2 -61 39 0
34 19 30 0
-26 -79 49 0
-55 -49 45 0
67 14 -12 0
70 48 52 0
37 34 21 0
-29 -10 31 0
62 -39 -42 0
-57 -45 -40 0
53 70 79 0
-68 -24 38 0
-65 9 48 0
36 -5 -47 0
-58 19 -24 0
-14 24 -18 0
-71 64 -25 0
57 70 -55 0
4 -46 -16 0
-38 3 -14 0
74 53 68 0
-4 44 45 0
21 -5 -30 0
-79 44 -28 0
-30 -43 45 0
-49 52 44 0
-31 -17 16 0
-76 3 -71 0
-8 -41 -77 0
-5 -68 76 0
-42 -27 73 0
5 -22 -21 0
-41 37 -42 0
-53 69 -11 0
25 -22 18 0
-25 52 5 0
76 54 7 0
-52 29 34 0
47 -51 -7 0
-60 36 50 0
-61 -13 71 0
37 78 26 0
-31 -61 1 0
51 -35 55 0
32 -42 71 0
26 64 -24 0
28 14 33 0
36 -55 70 0
59 5 7 0
51 57 -45 0
-60 -46 76 0
-54 50 -64 0
-1 72 -30 0
-5 -30 -20 0
-32 37 18 0
-32 75 -10 0
-1 -39 -64 0
-36 -5 62 0
34 45 -60 0
-78 77 -6 0
27 -66 79 0
46 -22 9 0
61 68 17 0
18 76 -5 0
49 -33 -3 0
43 -51 5 0
-78 -37 68 0
-46 40 28 0
-32 -2 -64 0
28 -42 7 0
-30 14 38 0
-4 19 -6 0
73 50 -38 0
-66 15 -60 0
57 22 56 0
-60 -17 -38 0
16 -68 -50 0
-33 -7 -53 0
-44 45 -21 0
-6 -14 -1 0
-58 -14 -38 0
-56 -70 40 0
1 -19 -74 0
-37 23 32 0
42 61 -69 0
-3 -47 -46 0
-49 1 19 0
-54 3 -74 0
-77 78 2 0
-68 38 -30 0
20 -7 -8 0
7 47 1 0
13 31 -43 0
-45 5 77 0
78 -77 -3 0
39 -28 59 0
52 22 72 0
52 56 -71 0
-5 -56 72 0
7 -33 -61 0
-14 -28 -31 0
-33 -72 63 0
-50 62 58 0
-77 -12 6 0
-36 -65 -12 0
-8 -68 -11 0
-74 45 47 0
15 64 -12 0
21 -53 37 0
-12 67 -50 0
-55 -53 -75 0
54 -37 -33 0
-5 19 21 0
-45 68 62 0
79 -32 -14 0
-36 -22 -12 0
36 60 -12 0
24 -68 65 0
8 73 33 0
17 7 -60 0
-12 -62 29 0
23 -50 -16 0
57 33 22 0
56 69 -67 0
-59 -30 36 0
35 -50 16 0
39 -19 -7 0
71 -33 69 0
-43 -78 -51 0
2 71 -59 0
52 64 -11 0
52 31 55 0
50 -68 -14 0
-45 -66 34 0
-73 -53 -12 0
-45 14 -49 0
-44 13 -7 0
-61 25 -39 0
32 -56 73 0
-12 -13 -49 0
-3 -68 -75 0
-26 -9 -49 0
13 -3 -23 0
57 39 -44 0
-30 63 -61 0
51 58 -12 0
61 -70 -38 0
5 -3 30 0
62 -43 66 0
1 -26 66 0
27 -69 -24 0
-39 -66 37 0
-48 12 -29 0
-39 -58 27 0
28 -78 59 0
-57 -30 63 0
-63 -56 -18 0
-71 -36 64 0
77 14 -79 0
-64 18 -62 0
-4 -26 -47 0
42 31 -62 0
36 -45 -58 0
48 33 35 0
-35 -44 50 0
-71 18 -29 0
64 -77 -62 0
45 65 -24 0
-56 13 -5 0
-5 -65 43 0
4 -13 -61 0
69 -79 -60 0
-72 2 15 0
28 27 -66 0
55 -44 38 0
75 31 70 0
2 69 23 0
79 -26 25 0
-43 28 66 0
-73 45 -19 0
-65 35 -29 0
68 -5 19 0
45 33 7 0
47 -19 2 0
56 62 13 0
30 -8 69 0
-55 23 62 0
-65 -35 -13 0
68 50 -64 0
-78 -30 -59 0
-79 58 15 0
-12 55 -61 0
-62 57 74 0
-20 37 75 0
28 57 73 0
39 -2 -3 0
-65 -15 13 0
61 -4 -74 0
51 27 -59 0
-8 -66 31 0
-53 -39 35 0
7 75 22 0
79 -5 25 0
-20 -58 -45 0
-61 -30 -73 0
-63 -72 2 0
-41 50 53 0
-2 15 31 0
-40 -36 52 0
-38 -9 -57 0
-19 -68 51 0
-14 55 68 0
-1 -7 -55 0
