p 67 285
55 -22 -4 0
57 7 67 0
-21 3 20 0
48 4 19 0
27 52 57 0
20 23 -3 0
-30 -59 -66 0
64 15 -34 0
11 -66 9 0
28 -35 -40 0
2 -36 -51 0
8 -12 -58 0
10 -17 19 0
-31 9 -13 0
-34 -58 65 0
-55 -54 -25 0
56 33 -54 0
62 24 -10 0
-63 8 32 0
2 -62 -31 0
28 14 -5 0
12 48 -6 0
-51 59 64 0
8 64 -60 0
-27 39 7 0
-63 41 20 0
-28 -30 14 0
52 -64 -29 0
-25 -12 -29 0
-1 24 -65 0
-24 1 64 0
-50 -64 13 0
7 15 -10 0
37 28 -40 0
-19 16 -59 0
-1 -58 63 0
39 -51 61 0
-11 24 -3 0
-22 30 -5 0
8 -43 -27 0
53 9 -39 0
8 -51 20 0
-10 13 9 0
61 -1 10 0
-54 65 60 0
67 19 64 0
6 -44 61 0
-20 63 14 0
-10 30 53 0
-61 -52 8 0
62 -22 -48 0
58 -14 50 0
-3 -20 -13 0
-25 67 -63 0
-14 52 -7 0
-40 -8 32 0
-57 -8 -59 0
48 -53 47 0
35 33 -16 0
35 15 -33 0
9 -21 -60 0
62 6 55 0
-38 42 -60 0
-28 62 -23 0
30 37 66 0
18 12 19 0
-60 -24 65 0
-12 41 -1 0
-14 23 33 0
4 60 39 0
-5 -58 -48 0
25 -52 -37 0
-58 -5 -55 0
-19 38 22 0
28 -29 52 0
61 57 51 0
3 67 30 0
-38 -2 31 0
24 28 -46 0
-30 -6 -46 0
-56 55 -10 0
3 -37 52 0
-1 61 18 0
-65 9 15 0
-52 21 -22 0
-20 -51 -27 0
-5 -26 17 0
27 14 -41 0
-42 -67 48 0
55 -9 39 0
20 -59 -44 0
13 -61 -29 0
-48 26 3 0
43 -59 -63 0
-62 -20 16 0
7 43 56 0
35 -58 -24 0
26 33 -67 0
59 13 -26 0
-45 10 -11 0
67 34 -18 0
18 -43 50 0
25 28 21 0
-61 25 -10 0
66 -39 -14 0
4 -22 47 0
-8 42 -3 0
37 -23 53 0
66 -46 -14 0
-42 -38 60 0
54 18 59 0
22 4 -58 0
46 32 -10 0
-11 -36 -35 0
48 -34 7 0
31 -21 42 0
13 41 -30 0
1 45 -31 0
-44 -51 23 0
-23 55 43 0
48 31 45 0
59 48 51 0
56 19 24 0
-50 20 14 0
-48 43 3 0
-27 31 -37 0
-16 60 -21 0
16 -46 59 0
60 -20 -55 0
-30 -40 -20 0
-5 -50 -53 0
24 -48 -45 0
2 -33 -51 0
-60 -6 -62 0
-62 25 55 0
31 -63 -7 0
15 55 31 0
-17 54 45 0
19 -5 -7 0
-14 22 -12 0
30 -7 35 0
-29 52 3 0
58 -65 -18 0
11 64 -3 0
3 -2 16 0
-50 11 -40 0
49 41 56 0
-24 13 58 0
-19 -11 48 0
39 -36 5 0
-4 39 -43 0
-45 -35 37 0
18 -55 -54 0
16 4 36 0
-35 -66 5 0
45 -47 -25 0
-17 -20 -48 0
41 44 -45 0
28 51 -32 0
42 -35 39 0
-65 6 38 0
14 53 66 0
-43 -24 -25 0
-9 -14 1 0
-36 57 5 0
49 46 -1 0
7 -46 -42 0
20 57 2 0
7 -25 -48 0
42 43 56 0
56 -22 40 0
31 -1 -34 0
-44 -57 -32 0
-28 -6 40 0
22 62 49 0
-11 56 41 0
-17 20 -46 0
-50 -14 11 0
-48 19 41 0
34 -14 56 0
24 2 -64 0
65 29 -42 0
12 -45 -48 0
62 65 27 0
61 -28 4 0
30 -7 18 0
-11 42 -15 0
61 13 17 0
-44 1 26 0
-57 51 -13 0
12 40 -55 0
-48 13 59 0
-13 -39 -1 0
6 -67 -3 0
64 13 63 0
6 -28 -40 0
38 -46 -22 0
41 -33 66 0
-63 -9 14 0
66 60 20 0
-45 53 -16 0
-10 11 18 0
-33 1 -61 0
-56 -41 -7 0
-62 -58 -64 0
63 19 23 0
36 14 -64 0
-62 26 12 0
44 8 -16 0
25 -19 -28 0
-43 -3 56 0
67 42 36 0
-47 53 -63 0
-50 -60 -40 0
32 -46 22 0
-62 -23 -42 0
56 2 -45 0
-32 -67 26 0
-23 18 -14 0
-11 -6 -51 0
20 17 -66 0
-19 4 53 0
26 11 -39 0
-40 -50 7 0
30 -41 -44 0
12 -52 -16 0
37 3 -35 0
-53 -31 5 0
-33 20 60 0
12 10 -22 0
28 23 27 0
-53 -44 -25 0
61 49 63 0
46 43 -3 0
-9 -11 -37 0
-18 31 58 0
-43 -27 -54 0
-35 -1 -48 0
66 43 22 0
-22 -15 13 0
-61 -28 57 0
53 37 -64 0
-25 55 -34 0
-28 65 -42 0
2 5 -21 0
-30 62 57 0
59 1 -19 0
-36 31 -37 0
-28 -12 -42 0
8 3 62 0
48 14 -1 0
45 -41 -19 0
-41 -53 37 0
47 -22 -32 0
31 -29 -5 0
61 67 8 0
-18 -53 36 0
62 -56 -7 0
-49 57 -65 0
-7 2 47 0
30 -64 26 0
26 -47 63 0
50 -66 -26 0
40 22 67 0
-63 10 -17 0
-45 -34 -12 0
14 17 40 0
-4 62 54 0
33 26 48 0
51 39 -53 0
-56 -30 -9 0
22 26 -7 0
-24 -8 -40 0
5 36 9 0
4 24 50 0
9 -5 65 0
-2 20 -34 0
-35 -27 65 0
-51 39 45 0
18 -16 -42 0
-52 -50 -18 0
17 32 2 0
60 19 37 0
-29 -62 42 0
3 42 57 0
