p 74 315
-28 13 18 0
22 -64 -15 0
-16 74 65 0
57 -66 -13 0
38 -58 -37 0
8 14 5 0
-49 -67 -58 0
20 23 17 0
40 28 -61 0
-69 -9 27 0
9 -69 -36 0
-59 35 43 0
3 -19 69 0
-65 33 73 0
-53 -64 -21 0
-53 -21 5 0
16 -32 4 0
2 63 10 0
8 -32 -49 0
-49 -9 31 0
61 -67 -60 0
15 65 39 0
58 26 -21 0
61 -4 19 0
39 46 66 0
5 -61 -32 0
-60 -46 -30 0
47 -45 6 0
24 -49 62 0
-46 50 -27 0
-14 34 71 0
16 49 47 0
22 59 33 0
-66 -67 47 0
51 -20 -19 0
30 16 24 0
54 -42 -2 0
-46 2 22 0
4 -34 -53 0
-30 -57 2 0
-38 65 -32 0
-10 -53 -38 0
30 -64 43 0
38 -58 -72 0
-44 13 49 0
-47 -26 33 0
-41 -74 -49 0
65 -26 -18 0
1 -69 -40 0
-27 53 68 0
-33 -64 -65 0
67 5 21 0
-8 3 -31 0
-2 5 54 0
66 41 -1 0
-42 72 16 0
-9 55 -4 0
-64 18 -67 0
-20 51 -7 0
20 -51 48 0
74 18 -31 0
-29 22 74 0
32 53 44 0
-19 23 17 0
-25 -74 8 0
11 -8 -74 0
24 7 -39 0
43 5 -26 0
38 -51 -64 0
15 53 -14 0
31 21 65 0
-32 3 2 0
54 51 9 0
-31 -40 56 0
-13 -29 42 0
15 -3 10 0
14 18 73 0
20 -38 -48 0
63 -44 -68 0
53 -15 74 0
26 66 72 0
-8 50 -52 0
-1 15 -29 0
69 68 18 0
31 -62 -72 0
74 -11 -32 0
21 -35 -28 0
-37 -45 -14 0
-62 42 2 0
23 -71 -22 0
6 26 9 0
-6 72 -66 0
-2 -3 -16 0
-12 42 -36 0
-44 13 54 0
10 53 73 0
-31 -28 -32 0
-2 38 -59 0
-58 -39 -40 0
-32 -42 -66 0
-32 -73 17 0
53 58 -11 0
-12 64 -16 0
-24 -15 1 0
-39 -66 -29 0
-51 -17 32 0
-16 -24 -14 0
-71 -13 -68 0
37 -8 55 0
-30 -62 3 0
-60 43 -55 0
62 44 -42 0
9 -17 -64 0
-42 -38 69 0
-15 -3 73 0
17 -69 -47 0
40 -30 -29 0
-73 -3 44 0
12 62 66 0
24 51 -7 0
-33 -52 -14 0
-51 32 38 0
-71 -12 -29 0
30 50 -16 0
-38 -2 -30 0
-5 -73 -67 0
30 72 -15 0
52 11 -69 0
-24 64 19 0
-4 -42 52 0
-49 69 43 0
16 -58 61 0
33 -21 5 0
60 -63 27 0
-68 49 -62 0
67 -15 9 0
-66 10 -27 0
21 -46 18 0
25 58 5 0
-56 -20 8 0
-1 -41 -36 0
60 -40 53 0
42 -65 3 0
-47 35 -37 0
67 25 -66 0
29 -12 14 0
-61 16 49 0
74 -66 57 0
43 32 -8 0
-45 -74 25 0
42 -58 62 0
-5 22 49 0
-14 39 -55 0
-15 -33 -47 0
53 61 33 0
-24 54 -63 0
20 64 26 0
28 22 -34 0
-45 21 -12 0
-49 41 -35 0
43 36 -30 0
-11 38 36 0
6 -37 -12 0
37 24 -9 0
43 13 45 0
20 49 -36 0
-70 -25 -15 0
-43 -54 9 0
-30 42 41 0
26 -29 -50 0
-51 38 59 0
21 40 -64 0
2 35 42 0
67 -72 -11 0
59 -73 32 0
8 31 69 0
36 -31 32 0
67 20 -70 0
70 21 -14 0
56 -24 -2 0
-71 40 13 0
32 27 59 0
73 -17 -56 0
-73 -28 -55 0
-73 -29 32 0
-46 50 -53 0
40 -62 -73 0
14 -26 49 0
69 10 1 0
61 -53 41 0
61 -17 48 0
59 -20 35 0
37 -24 -74 0
6 23 -63 0
52 -48 -50 0
-59 58 69 0
27 70 -17 0
65 60 -53 0
30 23 62 0
74 40 -49 0
10 -36 72 0
-58 -36 60 0
-46 42 34 0
49 70 -51 0
-50 32 -10 0
4 26 -60 0
-42 -22 54 0
-50 57 -11 0
68 -41 18 0
18 62 19 0
51 40 64 0
70 -1 38 0
-59 60 28 0
32 70 8 0
-19 53 -6 0
41 -34 -54 0
-29 -43 24 0
-27 -36 -17 0
18 -28 -56 0
-31 48 -2 0
-5 -62 -16 0
26 23 -56 0
43 -4 -8 0
-19 -63 -29 0
45 -23 -16 0
-2 -34 -32 0
23 -71 -27 0
-53 56 72 0
30 -64 -61 0
-51 -39 15 0
29 -73 45 0
-47 63 -31 0
-64 -3 -72 0
-56 -3 44 0
28 55 30 0
61 -31 63 0
-26 28 63 0
3 2 -59 0
-27 49 -28 0
-42 -2 15 0
-66 2 64 0
42 -7 54 0
23 -34 -61 0
53 63 64 0
68 -45 -54 0
53 59 61 0
5 14 23 0
-30 -13 -74 0
2 7 42 0
50 -56 48 0
10 33 29 0
22 24 -20 0
-15 -22 65 0
-49 26 58 0
-50 7 6 0
14 36 18 0
-23 7 11 0
68 53 28 0
27 -12 -38 0
-61 67 43 0
14 -16 -13 0
-44 68 -67 0
-38 39 65 0
-40 42 39 0
60 -9 -17 0
63 47 74 0
-64 -55 -39 0
-50 37 -59 0
-54 -36 -48 0
-23 -11 2 0
-63 -31 -26 0
57 -70 -62 0
-16 2 -11 0
-45 67 12 0
-19 -68 -37 0
-50 -4 -64 0
27 54 53 0
31 -60 -33 0
-53 51 -71 0
60 5 7 0
44 -66 -17 0
-11 -45 18 0
36 -41 27 0
72 23 -64 0
24 18 -13 0
62 39 -24 0
-34 26 45 0
-66 -4 -36 0
42 -52 60 0
24 -52 -66 0
-67 -65 68 0
10 -48 -29 0
32 -27 33 0
31 -55 -15 0
18 -52 46 0
32 -65 -56 0
35 -72 -27 0
50 9 -63 0
-65 -35 -42 0
30 41 -12 0
51 49 -18 0
-28 16 -3 0
30 -42 58 0
-27 72 -35 0
-37 19 59 0
-25 22 49 0
-73 -12 -33 0
31 -25 50 0
12 -51 -19 0
29 55 44 0
1 -73 -64 0
25 38 -56 0
-30 -29 46 0
-13 -26 62 0
9 -29 41 0
