p 17 72
1 -17 -10 0
9 -11 14 0
5 8 1 0
2 8 12 0
-5 7 10 0
2 6 14 0
10 8 -12 0
-2 -15 14 0
6 17 12 0
-1 17 12 0
8 3 1 0
16 -17 -2 0
-15 -8 10 0
-12 16 -15 0
7 -10 -5 0
-3 15 -6 0
17 10 -11 0
-16 4 -7 0
4 12 11 0
-10 -16 -11 0
-4 -8 13 0
16 5 12 0
-9 7 16 0
11 -7 14 0
1 -4 -3 0
-15 3 -10 0
-7 -3 13 0
9 12 5 0
-14 5 -8 0
-17 15 -2 0
7 -1 -3 0
-13 9 -11 0
-17 10 -9 0
-12 -14 -4 0
-13 8 -2 0
-11 5 7 0
11 13 2 0
3 -2 11 0
15 4 -8 0
-6 -9 -12 0
-16 -1 5 0
6 7 3 0
-9 -13 3 0
-4 2 13 0
-17 -15 3 0
-13 16 12 0
13 -8 -1 0
-2 7 -13 0
-10 13 6 0
16 17 10 0
-12 10 -15 0
16 -2 -12 0
11 -10 -13 0
-1 7 10 0
-3 -14 -8 0
-14 5 8 0
-1 -14 15 0
4 -11 -15 0
4 12 -9 0
13 17 1 0
-3 16 7 0
-16 -7 12 0
-14 5 7 0
11 -10 9 0
-12 7 -1 0
-17 13 10 0
8 10 12 0
11 -2 5 0
-3 -15 9 0
-7 -4 5 0
12 5 11 0
4 -5 15 0
