p 55 234
-49 -12 25 0
-29 23 17 0
49 -3 11 0
-24 25 51 0
33 -53 23 0
2 -32 39 0
-32 -49 7 0
32 21 53 0
-47 -11 -54 0
6 -17 33 0
55 15 -30 0
15 -53 -46 0
-39 -4 10 0
7 39 50 0
-54 -14 27 0
27 43 -20 0
-5 21 55 0
-45 -14 50 0
-35 -47 17 0
-27 -40 1 0
-6 -42 -20 0
-29 14 -20 0
43 -13 -8 0
-42 -14 19 0
-52 -22 11 0
-34 -24 -7 0
1 32 -55 0
-38 -36 -22 0
-21 26 33 0
23 -50 -44 0
40 25 26 0
2 7 13 0
-5 -43 46 0
24 -37 -11 0
46 -43 21 0
38 23 -10 0
-25 18 -33 0
-47 41 -9 0
21 52 19 0
-48 20 -51 0
-23 -41 6 0
30 7 -23 0
-12 24 38 0
25 46 -42 0
-38 40 -9 0
18 41 -48 0
-54 -50 -11 0
-38 -28 -33 0
5 12 4 0
-31 -33 -34 0
48 -11 -42 0
-5 35 -2 0
30 24 44 0
-51 -42 -48 0
-4 -54 -23 0
-54 -23 -19 0
-38 -48 -52 0
-52 -14 6 0
-13 -26 -25 0
-2 29 -49 0
51 -25 46 0
6 27 -52 0
22 38 -8 0
-24 37 -47 0
-44 46 21 0
-20 -18 44 0
-3 -18 2 0
41 -48 50 0
-47 -27 5 0
24 -48 33 0
-1 -55 -12 0
42 -5 -26 0
13 8 45 0
38 10 -42 0
11 -34 19 0
-49 -22 -24 0
-44 51 -16 0
-54 22 -18 0
21 -45 28 0
8 -29 -14 0
-9 49 14 0
-36 -31 -52 0
-45 -28 -22 0
-2 -21 3 0
-40 29 9 0
-10 31 29 0
-47 -5 33 0
-1 -26 -15 0
3 43 16 0
37 39 41 0
-21 -9 18 0
34 -10 28 0
-1 -26 -40 0
-53 30 -46 0
-55 35 16 0
-46 -5 43 0
-55 51 14 0
-38 -1 -52 0
46 -53 17 0
-28 -38 -23 0
-37 -55 14 0
-50 20 -22 0
-26 20 -46 0
4 8 -54 0
-37 -27 -1 0
-17 -28 41 0
-14 49 22 0
-2 4 -50 0
-55 -2 34 0
23 -21 40 0
-45 -32 54 0
5 -42 14 0
32 -17 47 0
-2 7 16 0
14 54 17 0
46 -26 -12 0
-31 3 -13 0
-13 27 43 0
46 -36 -40 0
-8 26 14 0
-54 46 45 0
14 51 34 0
-48 -28 -52 0
-14 9 -50 0
-19 38 48 0
39 17 -1 0
10 -12 -55 0
50 -32 48 0
-44 14 38 0
-31 -3 40 0
35 8 -12 0
13 -47 -29 0
-7 42 5 0
47 -34 -36 0
-51 -21 -17 0
-28 47 24 0
44 4 45 0
51 19 -53 0
20 38 41 0
-54 -11 -22 0
54 43 -38 0
-43 32 33 0
-23 -18 -55 0
-1 9 -32 0
-3 5 -11 0
51 -3 19 0
-7 38 -30 0
43 34 2 0
14 1 -32 0
-47 -26 53 0
-44 -51 30 0
-27 53 -33 0
16 -6 38 0
40 44 -47 0
-22 -45 24 0
23 43 -2 0
-17 45 46 0
-48 4 49 0
-26 20 -14 0
-46 2 -47 0
33 -11 -22 0
-41 13 -32 0
-27 -50 -3 0
-28 -24 16 0
-30 12 -28 0
-49 47 15 0
24 -11 -8 0
-38 -2 28 0
54 4 49 0
-17 -50 -44 0
-18 48 -38 0
-15 -37 45 0
24 -31 45 0
54 -30 14 0
-20 24 -16 0
-10 -14 -31 0
48 3 -13 0
-46 -44 37 0
-52 -44 -14 0
2 24 -11 0
-15 27 -7 0
-10 28 -11 0
32 44 41 0
29 -47 -39 0
-10 28 -24 0
-23 2 14 0
18 50 -12 0
-50 36 52 0
-10 -6 29 0
-11 4 47 0
-17 -22 -53 0
-3 21 16 0
28 -4 -2 0
-30 -49 -12 0
-29 45 37 0
40 -38 9 0
-10 23 33 0
47 27 -21 0
39 24 -53 0
-34 48 -54 0
-32 -22 -30 0
48 35 24 0
-41 -13 -34 0
-31 -41 12 0
38 -45 42 0
-30 -33 7 0
22 -40 28 0
55 11 -27 0
-5 -51 35 0
-47 25 41 0
47 -30 -17 0
-40 -33 16 0
-48 -51 41 0
-15 41 -55 0
-17 37 -11 0
9 -18 -47 0
21 -9 12 0
7 6 3 0
-12 1 37 0
44 47 37 0
-55 40 -12 0
-14 -39 36 0
-17 28 53 0
-3 34 42 0
-48 -19 28 0
-40 3 -39 0
-24 2 11 0
-10 -21 -36 0
20 1 -28 0
7 -22 -51 0
-22 -3 11 0
23 -39 -26 0
-4 -14 32 0
-16 -36 18 0
