p 85 362
15 18 31 0
56 -62 25 0
26 -81 -21 0
51 -63 -38 0
80 27 36 0
-22 5 -28 0
-65 23 57 0
-58 -81 -15 0
53 39 -8 0
-3 19 71 0
46 -10 64 0
15 79 -5 0
-36 22 -34 0
-50 -29 46 0
-46 26 17 0
22 -66 30 0
-16 52 -17 0
42 19 -40 0
-47 -45 -68 0
83 79 -57 0
-84 31 -9 0
82 47 -19 0
17 -66 84 0
69 32 13 0
-51 -8 -37 0
-23 28 -34 0
74 -27 -31 0
5 83 -80 0
-64 51 6 0
-7 -28 -3 0
22 10 58 0
22 -43 -40 0
-40 10 7 0
25 68 53 0
74 -76 23 0
-82 27 59 0
-56 24 18 0
68 -48 64 0
-35 40 -70 0
-1 -33 -28 0
62 79 64 0
-31 22 -24 0
-41 -39 80 0
-10 40 30 0
-23 -32 53 0
63 50 -37 0
50 34 21 0
-54 43 48 0
-29 2 -84 0
-67 65 59 0
41 83 -40 0
-40 42 -85 0
-1 8 -23 0
85 47 8 0
-7 43 2 0
72 31 48 0
10 -6 -11 0
-36 -72 77 0
75 -33 -44 0
-14 2 17 0
-30 -77 -44 0
19 -50 33 0
69 -71 -56 0
34 -54 -81 0
-84 65 15 0
73 39 -7 0
-85 -83 -56 0
-33 75 78 0
-13 75 45 0
-13 -81 63 0
39 44 57 0
67 -27 -14 0
-63 73 -7 0
-49 -32 79 0
24 23 69 0
-25 -7 -26 0
42 79 -49 0
-30 -46 -11 0
-29 -76 -58 0
58 -13 56 0
51 -69 35 0
-24 -44 -82 0
79 26 -37 0
85 11 25 0
-58 74 -71 0
68 55 -31 0
52 -23 3 0
16 -42 44 0
-53 -8 -14 0
16 20 -17 0
-10 43 -55 0
-27 -74 -6 0
-1 -17 -38 0
-60 78 -84 0
-80 85 25 0
8 -71 -66 0
-82 -10 34 0
60 -66 27 0
-29 75 81 0
9 30 -28 0
-76 54 -1 0
24 20 36 0
-34 21 14 0
72 -28 61 0
84 -6 -9 0
-7 -43 -71 0
-11 -52 -67 0
-40 -73 42 0
-35 -19 50 0
58 71 -76 0
-4 1 59 0
-19 -39 31 0
82 83 75 0
-81 47 55 0
6 85 -50 0
-54 -25 -1 0
-50 -80 -15 0
9 43 -12 0
7 -33 44 0
3 -68 8 0
68 8 -12 0
70 34 8 0
84 -41 15 0
2 10 -20 0
-18 45 19 0
62 -51 -35 0
21 30 -17 0
-8 -32 6 0
-83 44 -10 0
55 -54 -66 0
10 -72 -4 0
76 22 17 0
-42 3 -51 0
7 10 3 0
33 70 -28 0
37 56 14 0
-6 -35 -61 0
5 11 -27 0
24 39 18 0
69 -74 64 0
-73 -35 -72 0
-60 -54 59 0
76 67 -48 0
58 51 50 0
-37 25 -59 0
-81 4 -17 0
-85 84 73 0
73 -6 -83 0
-78 -10 41 0
-74 33 7 0
37 47 80 0
32 -14 20 0
67 58 48 0
-48 57 65 0
-53 -84 -58 0
26 -78 -37 0
5 9 -79 0
-78 56 45 0
78 67 -60 0
-83 22 68 0
22 -27 1 0
-57 56 -37 0
54 31 17 0
29 58 10 0
-5 23 8 0
-62 -29 22 0
32 10 -54 0
51 30 64 0
-74 -55 -39 0
-21 74 11 0
61 44 39 0
51 -45 -78 0
-81 -29 28 0
-82 2 7 0
84 65 58 0
29 12 -44 0
-31 13 -66 0
45 1 65 0
42 -59 45 0
62 60 31 0
66 80 56 0
-51 19 -60 0
-83 -24 -40 0
59 27 -13 0
-9 -15 -63 0
-57 -38 -58 0
8 -33 9 0
-53 -45 -6 0
-33 -62 36 0
-69 17 -85 0
-59 3 79 0
-82 -47 69 0
14 1 -37 0
80 -43 -53 0
45 9 -48 0
33 -24 84 0
-10 82 -31 0
60 -19 -51 0
-4 57 49 0
18 38 52 0
-56 33 34 0
-55 -54 65 0
-76 43 -28 0
36 83 -61 0
55 76 -63 0
-58 27 15 0
-62 2 71 0
78 43 17 0
-32 -82 6 0
-10 -11 22 0
-31 -55 27 0
-19 -39 40 0
-40 -54 -84 0
46 -71 -21 0
-59 32 33 0
62 -11 61 0
53 36 -69 0
-78 8 -30 0
80 12 -78 0
70 -35 -3 0
-40 8 22 0
-23 50 55 0
14 37 21 0
5 36 10 0
-37 -45 31 0
-42 -12 -31 0
54 84 -60 0
-77 58 80 0
52 -54 -59 0
-20 30 6 0
22 -70 -53 0
11 64 -51 0
-72 52 -85 0
-67 -34 7 0
39 -5 46 0
9 85 57 0
-9 74 53 0
70 19 -12 0
45 10 -67 0
-23 54 22 0
-44 -75 17 0
53 79 -47 0
45 -30 -52 0
-73 -50 47 0
44 83 78 0
71 -42 19 0
49 -72 -29 0
85 -30 14 0
-73 66 56 0
-45 56 29 0
-58 22 -18 0
-12 25 9 0
-19 20 -2 0
-22 -33 16 0
35 -42 -83 0
67 -57 72 0
-53 65 -38 0
39 -63 -54 0
30 -42 -84 0
-2 -24 30 0
36 -50 -74 0
44 -22 76 0
-80 -16 -17 0
-11 -82 -26 0
-14 22 21 0
-4 -31 27 0
-36 -42 51 0
-50 -11 79 0
-73 70 -46 0
84 -25 -85 0
-15 55 64 0
-70 36 82 0
54 55 -23 0
-69 -62 -41 0
-7 -66 -49 0
5 -13 78 0
-35 -5 -55 0
46 82 63 0
64 -76 32 0
45 35 -79 0
15 -31 37 0
-8 -55 74 0
-57 52 -27 0
-43 84 74 0
25 -65 41 0
19 76 14 0
-5 67 38 0
-68 -12 74 0
38 -72 -20 0
-33 74 -6 0
85 15 34 0
-12 -41 9 0
-4 20 -61 0
33 -18 -45 0
-48 27 17 0
11 -59 67 0
76 -16 -39 0
-37 -51 8 0
-18 -29 28 0
-2 25 -41 0
-33 56 67 0
-17 20 54 0
-70 -12 -27 0
24 82 -52 0
44 78 13 0
-56 77 3 0
-50 -61 -10 0
-3 -24 11 0
84 -56 -3 0
47 34 53 0
-45 4 17 0
-83 -61 49 0
-50 -68 -55 0
-24 76 -49 0
32 -15 19 0
43 45 20 0
-13 66 2 0
66 -34 71 0
-27 -7 -74 0
69 31 -81 0
84 -12 -81 0
-39 79 -74 0
1 -79 -29 0
-62 50 -83 0
-1 -25 -73 0
40 84 -57 0
37 -31 22 0
-81 -4 -36 0
27 67 5 0
-41 -28 77 0
-67 82 -83 0
73 -53 -52 0
-11 32 6 0
69 36 -32 0
-70 -43 46 0
-55 -80 42 0
-73 -56 81 0
67 -48 -39 0
-42 -49 -63 0
42 -17 31 0
85 70 22 0
39 55 26 0
-52 -29 -36 0
-76 -33 24 0
19 70 -38 0
-60 41 -46 0
-36 -41 29 0
17 -70 -53 0
68 73 53 0
-57 32 23 0
-85 -1 -53 0
-56 71 -41 0
24 48 74 0
-9 -45 -48 0
-54 3 20 0
50 69 53 0
11 -35 3 0
61 45 2 0
-16 -10 -53 0
-41 70 14 0
-17 -47 -4 0
-69 -61 -17 0
