p 39 166
17 -23 9 0
-3 4 -8 0
-11 -19 25 0
-29 -12 -2 0
9 1 34 0
12 31 -11 0
17 29 -23 0
31 2 -21 0
-8 14 -27 0
-25 21 17 0
-23 -30 -10 0
29 13 -8 0
-29 18 36 0
35 -36 -18 0
-27 23 12 0
28 -27 -24 0
17 16 -4 0
36 -20 -5 0
38 17 6 0
-24 -19 -11 0
6 -27 39 0
-31 28 16 0
12 -30 -18 0
1 -8 39 0
-16 12 27 0
33 -9 -37 0
-36 22 -18 0
24 -21 3 0
22 -27 37 0
6 37 -14 0
-24 -9 -2 0
-24 19 36 0
-37 -13 -11 0
16 5 -15 0
-25 35 14 0
5 -15 -6 0
19 -21 28 0
30 -3 38 0
-14 -10 36 0
-14 31 -16 0
13 31 24 0
34 -1 38 0
-10 -33 25 0
26 -33 -38 0
-30 -28 -9 0
36 27 -38 0
-26 4 -32 0
10 -12 -7 0
16 -19 18 0
-21 -4 -26 0
39 -38 27 0
-12 -30 -24 0
-35 -11 -7 0
-12 37 -10 0
-1 15 33 0
29 23 -16 0
31 -35 5 0
18 30 23 0
-3 -15 -36 0
-8 4 -1 0
15 21 7 0
11 25 3 0
-26 18 33 0
-35 18 -11 0
-19 -15 -16 0
7 -38 -32 0
31 -21 -6 0
37 20 -12 0
-7 -6 16 0
-35 -3 -22 0
26 19 -34 0
-12 -36 16 0
-37 2 -5 0
-28 -34 38 0
-23 -19 2 0
10 29 18 0
19 35 -12 0
33 37 -23 0
2 -11 13 0
-11 6 1 0
-32 -9 10 0
-30 1 26 0
28 8 15 0
24 6 15 0
19 -26 39 0
23 -1 -19 0
-34 13 -7 0
-4 25 14 0
16 -14 17 0
8 -11 -38 0
23 -29 26 0
22 28 5 0
-10 -6 14 0
10 -1 15 0
-1 14 -21 0
2 39 -11 0
29 17 -31 0
13 23 5 0
-3 -39 20 0
37 -28 25 0
6 -27 28 0
38 28 29 0
1 -29 -10 0
-29 12 21 0
-34 -33 20 0
30 -34 25 0
14 37 1 0
-31 13 -36 0
-16 -19 11 0
-5 -11 -10 0
-20 11 -7 0
16 -10 15 0
8 -11 1 0
39 13 20 0
-30 -9 35 0
-23 -32 36 0
-21 -20 -32 0
33 9 37 0
-34 -19 7 0
20 39 -12 0
6 -25 7 0
-28 33 4 0
-37 38 -6 0
-3 34 -14 0
-31 -11 3 0
-34 -29 28 0
21 -37 9 0
10 -27 33 0
-6 30 -37 0
37 29 -17 0
23 -31 9 0
14 37 16 0
32 -13 -31 0
28 -15 -35 0
9 15 -22 0
17 -24 27 0
39 -31 -14 0
-33 3 -36 0
16 19 37 0
21 -3 -4 0
-1 -20 -11 0
15 -17 5 0
16 -37 30 0
-5 -38 -22 0
-16 -2 35 0
7 29 14 0
-30 -2 -16 0
-5 28 22 0
34 5 30 0
38 35 -34 0
-1 18 -39 0
-28 24 -25 0
-30 20 -5 0
-36 35 2 0
38 -6 -39 0
-25 -18 16 0
16 33 -28 0
1 -37 8 0
-22 -26 -6 0
26 -18 39 0
14 -4 12 0
25 39 -8 0
31 35 -10 0
-32 -29 14 0
-7 18 3 0
-4 -24 -9 0
