p 82 349
61 43 -76 0
-78 -66 -25 0
-29 32 53 0
-48 14 19 0
82 -38 34 0
39 -8 58 0
-10 12 24 0
29 63 -61 0
40 -14 -23 0
-27 48 54 0
68 -31 -3 0
32 -37 23 0
-65 -24 -35 0
51 -5 41 0
-50 68 -14 0
-32 28 -25 0
-63 -74 -12 0
-31 47 -27 0
-16 -82 78 0
-69 53 -41 0
13 15 -35 0
8 55 -64 0
48 6 31 0
-77 65 -47 0
-46 81 -59 0
13 -56 63 0
-9 -76 49 0
-73 -36 -41 0
-19 -70 71 0
-31 72 -68 0
48 81 -72 0
-12 72 -82 0
66 24 82 0
78 44 -48 0
13 -65 -50 0
-53 49 -54 0
55 -26 56 0
-32 52 -47 0
-81 33 50 0
-53 -10 -65 0
18 -72 -77 0
-10 -27 -65 0
16 -14 45 0
-22 -59 57 0
-78 -59 -66 0
4 19 7 0
-50 -64 31 0
63 3 26 0
69 79 70 0
27 60 24 0
54 16 -4 0
-81 -79 -68 0
3 13 -71 0
-33 50 -53 0
48 46 -42 0
-81 69 73 0
-50 -40 -21 0
-47 5 2 0
57 -20 54 0
33 -7 64 0
-10 -71 -31 0
24 -8 6 0
66 31 -46 0
42 51 -56 0
-37 -58 43 0
-38 -30 64 0
-45 -16 -12 0
-33 -81 77 0
37 68 -13 0
50 64 -52 0
66 -2 9 0
78 30 18 0
39 36 70 0
76 62 -35 0
19 -22 -71 0
6 38 73 0
50 81 43 0
60 -24 81 0
-26 -79 75 0
69 80 -72 0
62 17 76 0
-51 -50 -36 0
-2 69 -17 0
54 -21 17 0
-22 70 20 0
-3 -63 67 0
52 -39 -73 0
62 -81 77 0
59 41 64 0
-27 -50 -28 0
-54 -16 -9 0
-82 -67 23 0
52 46 26 0
-71 -20 18 0
-61 39 -14 0
-23 -16 17 0
-59 -74 14 0
8 -67 74 0
-27 73 44 0
-59 11 -14 0
54 -46 -76 0
-19 -14 7 0
28 -78 -6 0
32 58 11 0
-21 14 -13 0
-61 -23 19 0
25 -29 17 0
-49 69 73 0
74 77 27 0
-16 10 54 0
18 -16 -72 0
21 -53 -11 0
-77 68 81 0
-48 33 26 0
-19 31 -51 0
-50 72 -68 0
-66 10 35 0
-47 -12 73 0
30 -52 38 0
-11 79 69 0
-10 82 -22 0
-11 42 -10 0
-60 -16 27 0
-67 -75 24 0
-67 51 -40 0
52 -53 35 0
63 62 61 0
60 55 -20 0
-9 36 49 0
51 65 -1 0
42 43 28 0
-36 -4 -18 0
82 1 27 0
14 43 -1 0
-37 -13 49 0
1 -78 14 0
57 74 16 0
18 -57 15 0
-29 -37 -34 0
-74 -29 -47 0
24 -76 43 0
67 -4 -47 0
-46 -28 33 0
41 -72 58 0
-69 -70 31 0
77 -15 20 0
-81 -77 79 0
-68 -11 50 0
52 46 -71 0
50 39 -30 0
-35 -9 26 0
-60 70 -21 0
59 44 -35 0
-7 79 -22 0
-16 63 -79 0
51 26 -24 0
-16 72 -56 0
29 -39 71 0
19 -59 -22 0
-80 -42 2 0
-37 -36 76 0
53 25 4 0
19 31 -82 0
13 -63 46 0
61 -47 -33 0
-17 -8 28 0
-71 -4 19 0
16 20 7 0
-45 -20 12 0
32 63 -65 0
65 -75 17 0
-70 -41 51 0
-73 -35 -27 0
15 80 -36 0
-39 46 35 0
76 -51 -22 0
24 -22 58 0
13 7 -65 0
-42 -57 34 0
74 25 60 0
-64 -45 -16 0
53 70 -20 0
37 12 -39 0
65 -19 -48 0
-82 48 3 0
43 26 64 0
48 -36 -2 0
11 68 -18 0
-74 16 -32 0
-71 12 -37 0
68 61 -73 0
-45 53 47 0
-27 -62 1 0
-58 71 43 0
-23 -22 -19 0
-4 -24 -61 0
63 19 16 0
25 43 14 0
-79 -81 24 0
72 -82 46 0
-62 -9 60 0
-68 41 -45 0
18 -9 29 0
82 53 -66 0
-22 -75 48 0
9 -11 -32 0
-44 70 63 0
77 -32 58 0
-12 49 -53 0
8 79 -70 0
-57 25 37 0
-32 -71 7 0
-44 72 71 0
49 -36 -55 0
71 -54 -1 0
-14 -20 28 0
-59 7 -50 0
33 -82 41 0
-3 13 7 0
-70 -6 56 0
-57 78 60 0
-50 21 11 0
-3 -75 -16 0
48 -30 -8 0
32 -58 22 0
-82 62 45 0
41 23 -16 0
-53 -27 59 0
68 8 -27 0
-16 -12 62 0
-32 49 -60 0
3 -55 81 0
64 -50 6 0
19 -18 -78 0
58 -62 -74 0
-48 64 -2 0
-70 79 38 0
28 -38 -25 0
36 -35 67 0
-79 55 30 0
-4 -48 -60 0
-68 -52 -81 0
33 -61 49 0
-59 55 57 0
30 7 20 0
81 62 -49 0
59 -17 53 0
-66 55 32 0
-61 7 47 0
-77 -26 47 0
-8 82 -28 0
78 -17 66 0
81 8 -82 0
-54 -60 -20 0
-36 -8 -6 0
59 13 23 0
-39 -57 -30 0
27 50 -53 0
55 -37 22 0
70 48 -78 0
-4 51 -71 0
-67 73 -21 0
-61 -10 5 0
-48 47 -3 0
3 -52 -31 0
34 15 80 0
-9 -7 51 0
6 -36 -82 0
-17 -53 1 0
-40 42 -5 0
75 54 70 0
-72 49 82 0
-18 -19 51 0
75 41 57 0
68 59 10 0
-3 10 35 0
-80 45 -81 0
41 76 1 0
-81 34 39 0
12 25 -53 0
64 79 -13 0
44 -58 21 0
-80 -10 -27 0
-69 58 12 0
-62 38 79 0
81 24 71 0
80 13 10 0
-35 -1 21 0
70 -65 -73 0
50 -49 7 0
-46 64 -68 0
48 76 -17 0
59 -35 14 0
-16 -28 40 0
-74 -24 8 0
-70 42 32 0
-11 45 50 0
33 -70 39 0
34 76 48 0
30 -82 -48 0
58 68 28 0
43 25 -74 0
49 39 -48 0
-5 50 -11 0
11 82 -69 0
31 9 33 0
-17 -13 -23 0
-48 -3 -23 0
-18 -62 -42 0
82 -40 22 0
1 2 -21 0
-82 -8 71 0
-30 -7 -71 0
63 78 -80 0
-35 -15 -6 0
-78 -10 22 0
-2 -77 -53 0
-13 71 24 0
-77 -79 54 0
60 69 -30 0
77 35 80 0
62 -60 50 0
-73 -68 38 0
-70 63 57 0
34 32 -78 0
36 3 64 0
-41 63 -6 0
-71 -4 11 0
-66 51 -54 0
64 6 -30 0
25 -9 37 0
-10 79 38 0
22 48 19 0
77 78 -73 0
6 -39 55 0
47 33 48 0
-54 -50 40 0
41 -56 -51 0
-66 -69 -40 0
27 2 -82 0
68 28 17 0
-82 -12 25 0
-56 -82 -73 0
41 26 43 0
51 -11 -45 0
64 -61 -16 0
47 -46 -42 0
21 -48 -39 0
-60 7 -19 0
