p 20 85
14 -10 -5 0
-5 -7 -1 0
17 -1 -16 0
3 -4 2 0
19 15 -18 0
-20 10 11 0
8 10 16 0
5 -4 -15 0
-12 -6 -18 0
14 5 -20 0
3 9 -11 0
13 5 14 0
9 12 7 0
-9 8 6 0
-11 17 -5 0
9 1 -14 0
16 12 7 0
-16 3 -18 0
-6 1 4 0
20 -16 -10 0
-14 2 13 0
20 14 -5 0
17 3 4 0
6 19 3 0
-11 -16 -12 0
14 7 9 0
-11 -14 12 0
-6 16 -13 0
-7 20 -19 0
15 -18 -13 0
-1 20 -10 0
-9 -3 -19 0
-8 10 -7 0
17 -14 -5 0
19 -9 12 0
-14 -12 3 0
7 -9 16 0
3 20 -18 0
-19 -16 -2 0
-4 -3 -6 0
14 19 11 0
-3 -16 -4 0
-4 -7 14 0
11 -4 -12 0
-10 3 12 0
8 -14 17 0
9 -19 -15 0
17 -19 20 0
20 9 -12 0
-17 -1 -19 0
4 -3 7 0
20 12 17 0
-15 2 18 0
4 15 -20 0
15 -13 -10 0
-12 7 -14 0
-18 16 9 0
-20 -15 -7 0
7 12 -11 0
-19 -10 6 0
3 15 -11 0
-5 -18 -10 0
19 -4 -13 0
7 20 9 0
18 1 -12 0
-20 -9 -14 0
-1 15 -20 0
-10 -18 13 0
18 -5 -3 0
19 6 7 0
3 -8 -12 0
11 19 9 0
6 12 17 0
-4 3 8 0
6 -17 -7 0
-20 -14 -10 0
19 -3 -1 0
-4 11 -10 0
-20 13 -5 0
16 -19 1 0
-12 19 -13 0
17 -11 4 0
-3 9 -8 0
-5 14 9 0
7 6 17 0
