p 48 204
24 4 30 0
-8 -48 25 0
-2 8 -10 0
11 -18 41 0
28 15 7 0
4 3 14 0
-12 17 21 0
-28 -24 -39 0
-21 22 4 0
-10 43 -30 0
33 23 40 0
-19 21 15 0
-32 -33 12 0
6 18 21 0
-22 -9 40 0
41 -44 15 0
35 -17 -37 0
45 -18 -16 0
-14 3 -8 0
6 46 -28 0
41 -21 -3 0
-2 -30 14 0
-9 38 -35 0
-11 45 -2 0
-14 -40 4 0
-31 -36 42 0
-9 -13 4 0
-3 -33 -22 0
19 35 20 0
5 9 -19 0
-46 -19 47 0
-46 -40 45 0
27 46 9 0
-8 38 -44 0
-31 16 40 0
7 -42 -19 0
-26 20 -33 0
8 3 12 0
29 5 -8 0
-39 -11 21 0
-13 -45 38 0
-36 27 3 0
-21 -13 17 0
21 11 -30 0
-21 28 12 0
-2 32 -3 0
19 -20 4 0
2 3 41 0
-21 -13 -20 0
20 -24 33 0
31 22 25 0
35 -8 4 0
-11 24 41 0
22 20 6 0
-30 41 -10 0
28 44 39 0
22 23 -37 0
-37 28 -29 0
-7 -41 -10 0
3 18 44 0
-5 30 1 0
23 -30 39 0
33 34 44 0
41 11 46 0
30 39 -20 0
13 7 -6 0
-17 25 3 0
47 6 13 0
18 16 31 0
-33 32 1 0
24 -2 46 0
46 -3 -40 0
-33 -42 -28 0
-29 47 -10 0
-11 -21 23 0
9 -8 -37 0
48 12 16 0
-47 1 37 0
15 -13 21 0
-45 18 -27 0
-18 -38 5 0
38 29 -30 0
24 -21 39 0
27 -17 16 0
36 -40 -41 0
22 23 11 0
-1 15 -33 0
34 44 13 0
-5 3 8 0
37 31 5 0
-29 43 -6 0
25 21 1 0
-45 22 3 0
25 11 22 0
26 29 -44 0
17 16 38 0
1 -10 -6 0
37 31 26 0
25 -12 -2 0
41 34 19 0
41 32 33 0
48 -18 -13 0
-43 -39 -23 0
10 38 26 0
33 11 -5 0
-39 26 -17 0
7 43 -13 0
17 14 -31 0
45 12 19 0
19 34 30 0
8 -38 -30 0
-32 -4 7 0
-45 -18 4 0
-47 33 3 0
38 -9 -18 0
-16 -36 -1 0
18 -48 4 0
7 3 -30 0
-33 1 19 0
-33 19 -4 0
18 14 -42 0
9 48 -45 0
11 -32 -35 0
1 -32 18 0
48 -42 1 0
-31 -43 12 0
24 -22 -21 0
-13 32 -35 0
11 -29 3 0
-26 37 9 0
-36 -4 -37 0
40 -28 -19 0
30 23 33 0
-11 -20 -40 0
-5 -38 -27 0
44 17 16 0
-27 -26 43 0
30 25 15 0
37 1 -36 0
41 3 -42 0
-32 -34 -40 0
-4 16 -44 0
13 48 15 0
37 38 33 0
-7 -35 -13 0
-8 32 37 0
15 -2 -7 0
-41 -27 -16 0
5 35 -36 0
16 14 40 0
-7 5 -45 0
1 -31 23 0
15 34 14 0
-6 4 1 0
-48 13 36 0
45 -26 24 0
40 9 27 0
-33 -31 -24 0
-16 -9 10 0
-47 14 -45 0
-8 -7 25 0
16 -11 14 0
7 26 -3 0
-48 -40 30 0
15 19 -22 0
-17 11 -20 0
30 -29 -45 0
-23 -39 -31 0
-33 25 -43 0
29 33 18 0
-17 9 30 0
-36 10 -3 0
9 -27 10 0
33 -38 24 0
-26 27 24 0
42 32 45 0
44 35 -2 0
-41 -43 -47 0
21 -39 -34 0
-12 -23 -21 0
-14 16 -8 0
10 37 29 0
-38 4 41 0
24 -21 23 0
-32 -3 -24 0
-17 43 -24 0
-44 36 23 0
-42 -46 -12 0
12 21 19 0
3 -17 15 0
9 36 17 0
-45 -23 36 0
29 -21 -39 0
-9 -2 30 0
-40 -24 -17 0
-25 23 11 0
-21 -43 -4 0
-33 -19 -41 0
-10 15 19 0
14 29 48 0
-23 3 -14 0
32 -22 44 0
-8 -6 -48 0
-35 -29 -2 0
