p 22 93
16 -8 11 0
-9 1 21 0
-16 -8 -17 0
6 5 13 0
-19 7 6 0
-5 -8 22 0
-1 12 -20 0
-20 15 2 0
-3 22 13 0
12 7 21 0
21 -6 22 0
-16 8 -4 0
-17 -14 15 0
17 -8 -20 0
-17 20 -16 0
16 2 -3 0
19 -5 15 0
22 -20 12 0
-16 7 10 0
-20 12 13 0
-1 5 -21 0
3 -18 1 0
3 -22 14 0
11 10 8 0
15 -12 20 0
-7 4 18 0
21 -18 19 0
1 7 11 0
-14 6 -15 0
9 -8 15 0
-18 -9 7 0
9 15 2 0
-3 20 7 0
-22 -18 -4 0
5 -10 6 0
-15 8 6 0
-22 6 10 0
-8 4 -14 0
-10 -14 1 0
21 -20 22 0
14 12 19 0
20 10 22 0
12 15 -6 0
-12 -22 -5 0
-7 -14 -4 0
-22 -7 -8 0
9 -12 20 0
-18 19 -21 0
17 -7 9 0
21 -16 6 0
5 -2 15 0
-18 15 7 0
21 -4 -2 0
20 -10 -2 0
7 -12 2 0
-13 -18 -8 0
6 -15 19 0
-22 20 -18 0
2 17 -3 0
5 7 -10 0
-17 14 -21 0
-13 -19 -20 0
19 -6 -22 0
18 4 -6 0
-7 -18 -4 0
-11 -6 9 0
-4 17 13 0
-14 -13 -7 0
-18 -5 6 0
-14 13 9 0
-4 15 22 0
-10 -1 -13 0
-2 -5 -18 0
6 17 10 0
1 3 6 0
10 -12 11 0
-1 -11 5 0
22 -10 -7 0
-22 -13 6 0
-21 15 -11 0
-7 22 -21 0
10 3 -2 0
18 -15 -10 0
19 15 -18 0
-18 19 5 0
-9 7 15 0
-20 -5 6 0
-13 17 3 0
-2 -13 -11 0
14 17 -3 0
17 10 8 0
13 -2 20 0
-15 -11 -9 0
