p 56 238
-14 33 -27 0
14 -41 -7 0
-37 -43 -54 0
23 18 -26 0
32 -18 53 0
28 5 -12 0
-35 -6 4 0
39 -37 -8 0
42 -24 40 0
27 -55 -3 0
55 -10 -31 0
-7 -1 24 0
38 -5 -4 0
9 -3 -51 0
-52 49 -16 0
-42 -34 -49 0
55 13 1 0
-53 40 -33 0
31 49 12 0
28 -33 25 0
-46 29 -8 0
18 42 11 0
39 -19 28 0
-53 -10 -46 0
8 -37 -27 0
32 -12 52 0
40 38 -1 0
27 -19 40 0
-27 -1 -41 0
53 -30 -36 0
-40 39 6 0
-52 6 7 0
43 -41 20 0
-28 26 -45 0
-52 48 28 0
43 2 -45 0
-8 -2 -40 0
-3 -18 -33 0
55 -3 4 0
14 42 -39 0
41 40 -42 0
-31 -6 39 0
-18 55 9 0
-22 25 -28 0
-23 51 -6 0
-5 -24 -19 0
-44 45 36 0
52 -16 -7 0
10 -16 -34 0
-29 40 31 0
-54 -28 37 0
-42 -39 -27 0
-30 46 12 0
-3 -46 -54 0
32 -52 -35 0
-38 5 43 0
-55 -3 36 0
-45 -15 -26 0
53 28 32 0
-6 34 10 0
31 -30 -42 0
38 48 -40 0
28 22 31 0
20 55 53 0
-25 -37 -3 0
-23 24 46 0
3 -15 30 0
-6 39 -17 0
-53 48 5 0
48 -9 19 0
45 -24 47 0
-30 -2 34 0
-32 -40 -1 0
41 32 -2 0
16 -55 10 0
26 41 -48 0
9 -42 6 0
-17 -19 -2 0
-56 -34 3 0
5 -46 45 0
19 -9 10 0
50 -12 -38 0
5 52 3 0
-44 55 16 0
-25 -47 49 0
6 30 -15 0
-15 25 -40 0
-44 -46 -22 0
40 -21 35 0
-6 17 35 0
18 34 10 0
-18 -44 -34 0
16 52 -54 0
31 53 -29 0
9 -42 -29 0
-45 14 17 0
29 -40 -56 0
-5 -24 36 0
-1 -14 45 0
20 18 -41 0
53 17 15 0
-35 30 -14 0
-25 49 52 0
-54 -20 -12 0
6 55 46 0
12 -8 -36 0
27 15 -19 0
-45 29 -52 0
33 -21 5 0
-39 1 34 0
6 49 4 0
-52 32 -8 0
-15 31 -39 0
27 -54 -4 0
17 -7 -51 0
-9 -45 37 0
-53 30 16 0
-47 32 54 0
-26 10 27 0
52 -30 7 0
-29 -6 49 0
-33 44 -1 0
20 10 -29 0
-48 44 -25 0
-27 6 19 0
-36 -53 -11 0
-52 40 -35 0
26 9 -33 0
-44 -37 -42 0
20 -12 -44 0
50 19 21 0
-44 5 33 0
-49 28 -13 0
4 30 16 0
-26 -48 -33 0
48 3 -46 0
-34 -44 -19 0
41 55 35 0
49 5 9 0
-14 17 -47 0
-10 -33 -53 0
-4 18 -31 0
-14 -38 11 0
-52 36 46 0
-13 27 -38 0
26 19 -20 0
-52 -56 48 0
-38 3 -11 0
-5 -30 33 0
14 5 -16 0
-40 -56 13 0
-43 39 32 0
-10 45 51 0
-50 1 -55 0
15 -14 2 0
11 -25 -1 0
-8 53 -15 0
34 54 33 0
31 -48 -41 0
-15 -3 1 0
-31 52 -16 0
46 -45 -53 0
31 24 -27 0
-56 18 43 0
-48 45 25 0
-23 4 -15 0
50 -29 -36 0
-21 -46 -34 0
45 8 42 0
29 -19 9 0
3 25 14 0
41 20 -45 0
-13 -36 -18 0
-8 23 54 0
32 3 -2 0
-48 29 -22 0
55 20 -23 0
46 -31 50 0
29 -28 10 0
54 -47 49 0
56 39 -18 0
33 38 45 0
36 23 32 0
-23 54 -46 0
-22 -3 34 0
-6 13 -37 0
51 46 -53 0
-23 -2 -13 0
26 -54 -22 0
-44 -31 39 0
-9 45 37 0
54 6 14 0
18 -3 43 0
27 -31 48 0
-46 -36 14 0
40 -36 47 0
19 -13 -55 0
-14 1 -44 0
-3 -10 -17 0
21 -29 -15 0
10 -26 13 0
16 -46 53 0
-38 -23 -41 0
21 41 -34 0
-4 -35 -28 0
-3 -27 -34 0
10 17 24 0
-48 33 27 0
53 45 -52 0
6 -17 10 0
11 -53 -22 0
11 47 -23 0
51 8 6 0
-22 33 -35 0
-45 2 34 0
-18 56 -35 0
-20 -1 14 0
-22 51 21 0
13 -42 50 0
-3 -19 50 0
26 -40 22 0
-39 56 6 0
24 -22 4 0
-9 -40 -41 0
43 -17 -42 0
55 56 50 0
50 -53 -20 0
-39 20 46 0
41 -20 -15 0
39 55 25 0
47 6 46 0
-1 -44 -2 0
-47 37 -42 0
-51 45 -43 0
2 -49 -19 0
-20 -40 10 0
-37 41 33 0
-5 -26 -38 0
