p 17 72
10 -3 7 0
-8 17 9 0
13 1 15 0
-15 -14 7 0
-6 17 9 0
14 9 -15 0
5 1 16 0
4 -3 1 0
-4 10 -15 0
6 11 -2 0
-15 10 -14 0
-3 -2 4 0
4 -9 -6 0
-12 -5 -9 0
9 17 14 0
-10 1 -16 0
1 -6 5 0
-6 -2 -3 0
2 -8 -3 0
12 4 11 0
-4 -2 17 0
-15 3 16 0
-11 6 1 0
11 -14 5 0
-3 -5 9 0
9 4 -6 0
16 5 8 0
-4 3 -17 0
-8 -3 14 0
4 -6 11 0
10 8 1 0
-8 14 -16 0
-4 -16 -8 0
-5 -1 -15 0
11 10 -4 0
-3 2 5 0
14 -4 12 0
-16 10 -12 0
4 5 7 0
7 11 14 0
6 -12 -8 0
10 -8 -2 0
17 13 -2 0
-11 16 -9 0
9 6 8 0
-9 -1 -11 0
-15 -4 6 0
11 2 -12 0
5 14 -1 0
-5 2 1 0
-15 -13 10 0
-4 -14 7 0
-17 -3 -2 0
3 10 -9 0
-13 -4 17 0
15 6 12 0
-14 5 17 0
13 -17 -12 0
11 4 -7 0
17 -4 2 0
-13 8 1 0
10 12 13 0
-17 -11 1 0
13 -15 16 0
-14 -8 11 0
-9 -14 12 0
2 15 -7 0
-5 -17 -9 0
-8 -16 -9 0
15 2 12 0
2 -11 -7 0
8 -1 -14 0
