p 63 268
-14 18 43 0
52 -56 51 0
34 63 58 0
63 22 44 0
-51 -61 14 0
46 -23 -54 0
-58 11 -38 0
-9 55 56 0
23 26 -35 0
-20 47 56 0
-42 -58 29 0
-28 13 -60 0
-53 -51 -52 0
-19 -38 28 0
-28 -42 -53 0
-63 -10 -42 0
-25 57 26 0
-38 23 -48 0
60 -53 59 0
29 -40 52 0
9 1 -20 0
-7 43 58 0
57 54 23 0
-42 -4 53 0
-40 -11 19 0
32 54 -2 0
50 -58 34 0
35 23 53 0
11 20 -63 0
35 32 26 0
-2 57 28 0
-14 20 -47 0
-33 48 42 0
26 13 -16 0
19 34 20 0
-9 58 -1 0
53 45 16 0
35 -45 -43 0
31 19 55 0
24 -45 39 0
42 -9 -37 0
42 -49 57 0
49 20 -51 0
-31 -55 39 0
10 -1 -34 0
60 33 37 0
31 -39 -35 0
-62 20 45 0
2 22 -6 0
-41 34 19 0
-38 -43 -61 0
-8 17 14 0
-57 32 33 0
53 10 -15 0
-55 54 -38 0
25 5 -37 0
52 3 -7 0
-18 -19 29 0
-13 -45 26 0
60 54 63 0
-17 54 31 0
-30 -37 3 0
-58 10 -55 0
11 -44 -31 0
-60 25 -17 0
42 -4 11 0
-38 -16 2 0
47 -59 -50 0
27 -34 -62 0
14 16 -34 0
12 15 57 0
16 46 21 0
38 47 40 0
-31 18 -42 0
-39 -59 32 0
-41 25 -17 0
5 15 62 0
22 55 -48 0
25 53 47 0
-7 -42 37 0
-25 -12 33 0
-36 55 -8 0
-37 5 -38 0
-51 -3 -45 0
31 52 -12 0
-20 60 35 0
12 -20 18 0
-11 -5 -52 0
-9 -26 47 0
-26 -20 53 0
57 -14 39 0
-32 -52 20 0
-53 23 -58 0
-9 -61 -15 0
19 -16 -53 0
-32 21 16 0
43 55 40 0
-27 29 49 0
60 10 61 0
26 18 17 0
59 22 -60 0
22 -14 -24 0
-13 -37 35 0
-25 -19 -12 0
-18 30 -13 0
-52 -37 21 0
17 -42 46 0
-59 -38 -62 0
28 21 49 0
-48 -29 44 0
-22 -53 -55 0
17 49 -4 0
58 32 55 0
-39 -28 -45 0
21 -7 -28 0
-13 -20 23 0
34 4 -38 0
-62 4 -20 0
-60 53 48 0
-63 34 31 0
-23 22 -34 0
-48 25 -35 0
9 -8 59 0
-52 45 4 0
-51 25 -61 0
-54 -17 -58 0
54 63 -27 0
-58 -62 -28 0
-9 -24 37 0
-8 -40 42 0
56 -8 43 0
10 30 38 0
-42 -37 -32 0
-45 50 33 0
-34 40 13 0
49 -50 -32 0
53 -52 26 0
-16 47 -34 0
10 -62 12 0
-12 -45 31 0
-12 -39 19 0
46 -15 -34 0
56 -40 61 0
49 36 -61 0
-11 -29 -22 0
-26 55 -20 0
63 -33 11 0
18 -8 -47 0
46 -29 -52 0
42 50 1 0
11 24 5 0
-61 -25 -5 0
-7 -13 -38 0
-26 45 -54 0
41 53 -38 0
38 56 21 0
18 53 -62 0
-18 62 -15 0
42 52 -37 0
-38 -42 47 0
-40 -28 -62 0
-13 29 25 0
-57 24 -46 0
-9 35 -18 0
-58 -43 -17 0
-29 6 -31 0
-31 22 9 0
54 57 -47 0
-37 20 38 0
6 -52 -15 0
-10 17 -6 0
-17 62 1 0
50 -21 31 0
56 2 -50 0
-35 -2 -33 0
47 15 29 0
60 49 40 0
-28 50 34 0
33 -14 46 0
-52 -1 -20 0
41 -20 39 0
-47 -27 -34 0
21 -53 -56 0
-44 42 21 0
-51 -12 -13 0
-59 -37 18 0
58 -25 61 0
45 48 -58 0
-30 -28 -45 0
52 58 -32 0
-51 32 -21 0
47 51 50 0
-20 62 -34 0
-9 26 -10 0
23 38 45 0
27 -5 -7 0
-19 53 -18 0
50 -20 -2 0
-12 32 -19 0
-57 7 46 0
-58 22 20 0
12 -30 10 0
30 19 7 0
18 38 3 0
-16 -54 -24 0
-9 33 43 0
-6 -49 -56 0
-44 -12 55 0
53 62 13 0
-20 -40 -28 0
25 -28 -12 0
-12 -17 -10 0
-49 53 -10 0
-29 -37 59 0
52 9 30 0
-50 -6 8 0
-40 44 62 0
7 -6 12 0
-12 32 29 0
27 -41 -44 0
-20 -13 -23 0
-7 -56 -1 0
-47 -2 1 0
-26 19 -38 0
-18 60 -55 0
-36 -29 18 0
16 58 8 0
-41 -18 57 0
17 37 59 0
57 32 -15 0
-26 3 16 0
23 -14 22 0
33 18 -2 0
-26 11 -35 0
56 -63 35 0
2 -62 -34 0
-54 -19 -27 0
40 -61 -20 0
-59 32 -45 0
2 -46 -61 0
-49 -37 -3 0
-21 -18 17 0
47 -37 -24 0
-53 -12 -39 0
-63 -38 -5 0
35 13 -42 0
-19 25 4 0
-35 -50 -19 0
5 42 3 0
-49 -18 46 0
-14 -31 -48 0
-55 36 -24 0
61 6 -29 0
-62 51 -36 0
43 -60 9 0
-57 -41 -34 0
-11 -16 53 0
-34 33 53 0
-23 12 -34 0
-59 -5 -63 0
17 62 -44 0
-60 -30 41 0
6 -40 41 0
-52 -45 -11 0
-57 -11 2 0
-42 40 21 0
-17 -21 35 0
7 8 -6 0
