p 99 421
6 -2 -87 0
91 79 20 0
-14 -17 53 0
-69 -29 27 0
80 -9 -35 0
72 -37 22 0
60 -22 66 0
89 -93 50 0
-54 62 13 0
53 7 -1 0
11 52 -97 0
81 -30 98 0
-65 -40 24 0
-24 74 75 0
-30 53 25 0
-85 76 27 0
-61 -52 82 0
68 -41 -36 0
11 -63 -40 0
-58 -19 59 0
-71 9 35 0
84 -67 12 0
-38 -77 80 0
78 -3 -86 0
19 18 -26 0
91 -62 -97 0
-21 -98 -45 0
2 30 -77 0
98 83 -72 0
63 99 20 0
-5 -1 13 0
-19 61 -57 0
-98 -97 66 0
60 -84 -42 0
-39 -21 -45 0
86 6 -52 0
-44 57 -99 0
-17 -96 72 0
13 56 -85 0
22 78 -3 0
-94 60 23 0
47 -6 13 0
-82 -62 -92 0
38 60 14 0
-11 -7 -98 0
91 -90 79 0
-2 31 47 0
11 -18 -75 0
47 -83 -33 0
-33 29 50 0
85 -16 -75 0
4 58 23 0
88 -91 13 0
72 -26 -84 0
-73 -58 36 0
32 -9 41 0
-46 92 -85 0
-72 -32 -81 0
90 21 -3 0
4 63 66 0
-83 7 -2 0
70 35 -36 0
-19 -55 -78 0
99 51 6 0
72 97 -45 0
-49 -20 99 0
-32 -26 80 0
-60 50 85 0
21 -96 -34 0
56 -48 -67 0
-58 -12 95 0
49 -10 95 0
26 27 -54 0
78 -27 -66 0
-40 28 -61 0
67 -94 26 0
-24 -69 -71 0
73 -28 -51 0
-68 69 -55 0
-92 -80 -11 0
86 -58 8 0
-87 -72 -51 0
-26 39 70 0
2 72 -10 0
-9 94 -78 0
59 50 79 0
-73 -17 -5 0
-51 -11 -1 0
-23 53 -49 0
-18 -73 25 0
-94 87 7 0
-96 94 20 0
66 54 -34 0
-66 65 -25 0
-85 -47 67 0
58 98 21 0
-52 -42 48 0
26 -96 -21 0
-60 -46 -50 0
15 -2 -12 0
30 -6 72 0
19 59 -66 0
-60 33 -82 0
-52 -63 -21 0
80 -32 -70 0
-2 92 -62 0
-25 -54 -51 0
-60 36 -25 0
8 16 99 0
-32 -2 75 0
-82 -57 -5 0
-8 62 70 0
-56 -46 4 0
3 96 89 0
40 16 -91 0
-16 77 -45 0
31 -11 15 0
-38 -90 49 0
-90 12 -35 0
-94 -63 -12 0
-61 -22 -59 0
-6 31 -50 0
-8 -92 -93 0
-36 -71 -26 0
-60 58 -51 0
23 98 -72 0
72 -85 -60 0
-54 56 53 0
90 30 64 0
-14 -51 -30 0
83 60 81 0
4 28 -14 0
-22 75 25 0
-49 -68 19 0
-92 16 -57 0
77 31 40 0
45 84 -3 0
-17 91 -34 0
-41 -93 -38 0
74 -47 -76 0
28 60 84 0
95 -77 89 0
73 -61 64 0
-37 22 99 0
77 -86 59 0
-90 92 -23 0
-76 -10 -87 0
48 18 -5 0
49 81 67 0
-28 63 -81 0
92 95 99 0
95 82 96 0
25 44 -59 0
67 97 -81 0
84 -51 75 0
85 -99 -68 0
-92 -40 -71 0
-49 62 47 0
-12 46 -34 0
-48 95 -50 0
-50 92 -34 0
19 -65 -24 0
-47 52 16 0
93 82 -3 0
-39 59 -93 0
66 -99 86 0
21 -14 63 0
-94 42 -31 0
70 5 -11 0
17 89 70 0
63 -27 79 0
-22 -69 32 0
80 -58 75 0
84 -49 -44 0
59 -49 -66 0
81 92 44 0
48 80 70 0
-41 62 47 0
-26 -36 32 0
9 77 35 0
58 32 18 0
-39 4 -83 0
67 51 -50 0
41 -46 -39 0
-74 -13 29 0
-92 84 2 0
27 -10 36 0
-29 -26 -93 0
-10 -18 -63 0
-99 19 -24 0
41 -39 -84 0
-90 40 93 0
3 -23 46 0
48 -92 -17 0
75 66 -48 0
-34 61 56 0
-80 71 60 0
6 -13 91 0
12 51 92 0
66 42 -90 0
2 -21 52 0
59 -65 -94 0
10 -85 37 0
15 53 70 0
85 20 -77 0
-31 69 -1 0
75 78 67 0
-5 -37 43 0
-87 5 44 0
16 4 55 0
22 79 33 0
-59 10 -8 0
81 -8 -55 0
81 -13 -99 0
47 23 -81 0
6 -9 -48 0
95 -68 86 0
-68 -3 12 0
-3 20 -48 0
-47 61 -27 0
13 63 -85 0
-62 46 56 0
84 -10 -48 0
-96 81 74 0
44 66 54 0
96 13 14 0
-93 7 28 0
69 98 60 0
-59 88 -71 0
-40 -24 34 0
-35 15 -61 0
-82 -61 11 0
70 41 31 0
-30 -94 -17 0
14 78 74 0
-42 28 -68 0
-23 20 -88 0
97 83 -10 0
-71 59 44 0
23 -93 -75 0
-55 -32 -91 0
56 72 -30 0
-19 80 67 0
20 48 88 0
85 75 -46 0
15 -34 28 0
7 -86 87 0
44 68 -4 0
65 51 -52 0
-25 -75 65 0
-39 -35 -58 0
68 -15 -26 0
88 -43 92 0
37 -44 20 0
-75 10 -67 0
69 -57 24 0
-85 60 16 0
-68 -71 88 0
-48 15 76 0
-20 28 30 0
57 -27 9 0
-75 -52 -53 0
-78 -82 -8 0
-1 4 -54 0
92 -4 -86 0
-15 -35 92 0
-81 -52 -13 0
-74 -70 27 0
-56 -71 50 0
48 17 57 0
26 64 -83 0
-84 -34 -61 0
59 -42 84 0
50 -74 51 0
74 -84 5 0
42 -4 49 0
22 96 -46 0
-47 91 -49 0
-60 18 -8 0
18 -56 -57 0
61 -4 -32 0
-12 -21 -91 0
-69 -19 -1 0
-44 -53 49 0
41 -85 58 0
-88 -4 79 0
-31 5 -23 0
49 -88 26 0
-3 -19 40 0
69 44 32 0
90 -6 70 0
-5 93 17 0
53 93 71 0
-92 -95 -20 0
-82 69 33 0
-42 36 7 0
-91 -44 -59 0
-42 -23 60 0
47 5 -30 0
48 -3 -47 0
45 33 -21 0
-82 26 7 0
36 30 -93 0
-77 -31 10 0
63 96 56 0
-21 -96 83 0
25 -42 -30 0
-43 -32 -20 0
-58 57 -94 0
-17 -39 -72 0
-96 90 34 0
-2 -42 -1 0
-13 -47 -8 0
84 -54 -51 0
48 -40 36 0
21 82 -49 0
-40 24 -68 0
68 60 29 0
43 20 64 0
7 -96 -75 0
31 -44 -86 0
-31 -38 -68 0
-13 -88 -1 0
82 -4 -45 0
-49 65 52 0
81 -52 18 0
50 30 -55 0
-3 -63 -78 0
-92 56 49 0
99 70 58 0
30 -35 -42 0
85 -43 54 0
-76 -11 -14 0
-13 45 -78 0
-16 60 -21 0
37 21 -16 0
1 -50 45 0
-20 -61 90 0
73 -69 65 0
-13 72 -37 0
82 -5 -57 0
-12 -51 37 0
-39 -35 -41 0
-65 59 -95 0
39 -43 27 0
1 -76 -6 0
-41 68 96 0
72 56 -68 0
-33 14 11 0
-22 -95 20 0
11 70 -73 0
-84 -27 -86 0
-15 -71 85 0
37 -39 57 0
49 -72 -39 0
25 52 6 0
71 58 -83 0
-61 22 16 0
-95 -8 -64 0
-31 -96 -30 0
47 52 -3 0
-47 -81 76 0
-61 68 43 0
-86 20 -93 0
-61 -38 -63 0
-64 62 2 0
71 51 -17 0
57 29 35 0
-86 63 -26 0
74 29 -89 0
90 95 -23 0
61 -48 -25 0
-28 -58 -42 0
-98 -17 28 0
-35 -28 -86 0
27 -91 40 0
-28 87 -27 0
4 74 -52 0
-22 59 8 0
-15 99 92 0
-15 87 35 0
6 48 -62 0
-17 -31 88 0
26 -36 16 0
-54 41 -5 0
72 21 94 0
-44 72 96 0
-86 -27 73 0
-82 -3 24 0
92 -40 77 0
-3 -6 -34 0
53 90 44 0
21 97 -68 0
3 -13 -88 0
-1 95 -35 0
-83 99 52 0
-22 64 73 0
-32 30 -50 0
36 -55 -89 0
24 4 -48 0
-97 -34 43 0
25 -53 35 0
66 18 -74 0
69 90 11 0
28 -55 -64 0
-15 -86 -59 0
11 45 98 0
-93 84 68 0
-25 89 48 0
19 72 77 0
45 27 -93 0
47 -39 -89 0
75 90 74 0
84 60 -53 0
33 35 -75 0
-49 -9 -53 0
19 -45 -37 0
-83 -46 19 0
-96 -77 -31 0
-32 -94 -33 0
-54 80 -36 0
