p 49 208
-19 31 43 0
-24 -40 4 0
-49 28 -12 0
38 -35 24 0
-15 -45 -48 0
43 -8 38 0
19 40 -16 0
-28 23 -19 0
31 -32 -21 0
-7 19 -14 0
37 -11 20 0
38 42 32 0
23 -3 -49 0
-9 -36 43 0
-31 15 -3 0
-32 -7 -30 0
18 -33 -38 0
-1 12 29 0
-18 -21 -10 0
10 47 -41 0
22 -2 37 0
19 -43 -18 0
-22 -1 -13 0
40 27 -15 0
48 8 -21 0
34 30 -45 0
2 -22 48 0
-17 41 8 0
15 -24 18 0
-26 22 -1 0
10 -22 20 0
-6 -36 8 0
3 44 -15 0
8 -29 37 0
-27 -40 33 0
28 42 -33 0
-1 -47 29 0
-29 -33 41 0
-38 -13 -36 0
-12 39 17 0
37 -34 33 0
30 -31 6 0
38 17 -49 0
35 -42 30 0
-35 -4 10 0
-24 -28 21 0
46 -35 -48 0
-41 30 29 0
31 -32 37 0
1 -41 40 0
30 17 2 0
-49 -2 -41 0
-39 -6 8 0
44 -4 7 0
-3 1 -34 0
7 -24 -28 0
-5 -3 41 0
-34 49 44 0
34 40 -19 0
3 20 12 0
6 16 28 0
-36 -25 15 0
44 35 10 0
-22 33 46 0
-32 22 -11 0
29 11 -28 0
-11 -44 -40 0
32 11 -22 0
-25 7 29 0
23 30 48 0
-22 1 -6 0
12 43 -8 0
36 -25 11 0
-20 -17 -18 0
-43 -13 29 0
-19 16 20 0
44 -25 -43 0
-11 -15 -38 0
12 -4 8 0
49 -6 -36 0
-12 29 -42 0
-22 -29 40 0
-18 7 -41 0
26 -25 -10 0
-2 -1 -7 0
-42 -1 19 0
12 -47 28 0
29 34 -30 0
-48 44 -4 0
2 18 46 0
-35 23 20 0
8 -43 16 0
-38 29 28 0
33 6 23 0
38 36 34 0
26 10 33 0
-30 2 1 0
38 -3 -44 0
6 2 49 0
-27 17 -6 0
4 -20 16 0
34 37 41 0
-34 11 -41 0
-19 -11 28 0
-17 15 -38 0
-6 -35 17 0
-33 -24 -18 0
-21 -27 -37 0
-35 -4 -10 0
47 -30 6 0
14 9 -40 0
-19 -17 1 0
-15 32 37 0
-5 -45 30 0
28 -9 46 0
-20 3 8 0
2 -23 5 0
26 37 -9 0
-46 20 -14 0
-3 -49 37 0
-14 -10 -49 0
24 -13 36 0
29 48 -27 0
6 47 1 0
17 2 27 0
-44 -33 -43 0
-16 38 -14 0
-34 -33 27 0
25 34 -8 0
29 47 -21 0
12 26 28 0
-10 9 23 0
21 -47 -4 0
37 44 -49 0
-38 -21 -24 0
13 -7 11 0
44 -5 40 0
-6 -45 26 0
30 -21 -1 0
-32 23 -9 0
35 -44 12 0
7 27 -3 0
41 31 -3 0
47 -27 -10 0
13 -7 17 0
41 40 28 0
31 23 -14 0
30 -1 22 0
-19 2 33 0
-15 -24 -11 0
-30 -18 -26 0
-2 14 -16 0
-46 -34 -29 0
1 -25 -39 0
-15 -31 -14 0
-8 6 -25 0
-24 -6 28 0
5 36 47 0
27 28 48 0
27 31 -25 0
-39 43 -4 0
-35 2 -4 0
49 -35 9 0
33 41 19 0
-6 7 21 0
-17 13 30 0
-49 42 34 0
-13 47 -35 0
40 15 -16 0
-24 -2 25 0
12 -49 40 0
29 -27 25 0
19 -48 -47 0
44 9 -45 0
-45 -26 -42 0
-47 -9 40 0
-2 -27 1 0
-28 -27 -17 0
-45 -26 -48 0
32 -7 36 0
-43 -11 22 0
-37 -16 39 0
22 -17 32 0
-6 35 -19 0
-23 42 13 0
23 -16 44 0
-2 8 -18 0
-31 -34 48 0
44 24 -12 0
-9 28 -33 0
-14 -44 26 0
27 -1 -47 0
-27 1 10 0
-11 -32 23 0
-23 -8 18 0
-48 -46 43 0
-26 12 40 0
33 -7 48 0
-17 -28 31 0
28 22 -1 0
-44 17 -30 0
-11 -1 -13 0
-9 -24 13 0
-43 -25 -17 0
34 -27 -41 0
-21 -2 5 0
-32 24 -23 0
39 5 -11 0
