p 64 272
-40 -6 -37 0
-61 -52 59 0
20 40 38 0
-1 -55 -48 0
-60 -16 47 0
45 -46 16 0
29 56 -22 0
44 22 -40 0
-17 11 31 0
-11 -53 15 0
-28 -50 31 0
-55 20 4 0
-4 39 61 0
-30 54 2 0
-60 -63 -41 0
56 -64 -29 0
-21 32 53 0
40 -61 -46 0
4 -24 37 0
12 21 23 0
-40 -31 -60 0
63 -1 24 0
-30 -14 -38 0
37 -48 34 0
-60 31 33 0
57 1 12 0
-11 -5 -12 0
-36 -31 -14 0
-51 53 -31 0
-53 -46 25 0
-48 29 -42 0
-1 31 -28 0
-3 -60 52 0
19 -4 -16 0
-56 60 -43 0
28 63 44 0
50 -55 -34 0
43 25 -14 0
11 28 -38 0
20 -54 9 0
31 58 -43 0
-31 -61 -13 0
5 -58 -25 0
11 45 10 0
-20 -50 -60 0
-22 29 53 0
56 59 46 0
38 -37 5 0
-32 -43 25 0
-55 -45 -8 0
-40 42 51 0
50 4 38 0
-7 -21 -26 0
31 -64 -16 0
-46 -20 26 0
-7 29 50 0
29 38 44 0
-60 37 13 0
31 57 30 0
-40 14 37 0
-1 30 -45 0
58 16 10 0
2 44 7 0
-11 57 -35 0
2 -45 -15 0
24 14 39 0
-61 -55 -51 0
56 -29 -48 0
45 -55 43 0
64 40 19 0
-64 -41 39 0
47 57 -48 0
17 -64 -5 0
-56 30 -41 0
32 39 -52 0
47 33 -1 0
45 -52 -19 0
-12 -43 1 0
-17 27 18 0
24 -30 40 0
64 -54 37 0
-1 17 -29 0
40 22 53 0
58 62 61 0
39 -9 43 0
-55 -18 -15 0
16 -3 -34 0
61 57 59 0
-11 -39 36 0
-57 -10 13 0
31 24 44 0
53 19 39 0
17 30 20 0
-38 -6 64 0
-19 22 50 0
-42 -46 -35 0
-42 -45 -5 0
30 18 -4 0
-22 29 28 0
62 50 24 0
-39 -33 10 0
57 -3 -37 0
-45 8 -30 0
-9 -64 51 0
-52 -56 64 0
5 -27 9 0
2 -5 7 0
4 46 -48 0
61 60 31 0
27 57 1 0
17 1 33 0
-9 -32 19 0
38 51 -9 0
-12 -29 -42 0
11 -44 18 0
56 -10 30 0
8 38 -2 0
-29 3 18 0
-13 -4 -2 0
26 -62 30 0
-32 -49 -61 0
59 24 -64 0
62 -23 57 0
-43 17 -7 0
14 -57 11 0
-9 -7 -34 0
9 4 1 0
-9 43 40 0
9 -3 -50 0
-24 11 -52 0
17 -37 -4 0
-28 -56 9 0
20 -50 46 0
-36 41 -55 0
5 -14 49 0
-24 -17 32 0
-49 -63 -41 0
-63 1 -48 0
45 -35 -38 0
43 -6 40 0
-37 -45 -62 0
27 38 49 0
52 -15 44 0
-36 -48 58 0
40 43 -50 0
-60 49 -55 0
-30 60 -51 0
25 24 35 0
52 -43 -15 0
63 17 59 0
-36 14 -30 0
60 -55 -63 0
-33 11 -4 0
60 -15 -9 0
64 55 6 0
-19 39 -58 0
-64 22 -42 0
-38 9 17 0
25 10 44 0
-7 41 26 0
-27 31 -8 0
55 -5 -6 0
-42 12 -6 0
64 12 11 0
-26 64 51 0
-12 -1 7 0
-60 61 42 0
42 24 1 0
13 -60 -62 0
53 44 23 0
42 -54 -60 0
32 47 -25 0
64 8 36 0
-28 -3 -12 0
-8 -2 -5 0
-54 -46 -27 0
-22 -5 -1 0
20 43 -40 0
6 8 -31 0
-52 5 8 0
16 18 36 0
18 -12 57 0
-30 -20 -13 0
-54 32 22 0
-40 2 -53 0
-38 50 -23 0
60 -3 37 0
51 -17 12 0
-11 23 49 0
-25 9 -55 0
19 24 17 0
49 -22 -30 0
5 -54 -51 0
-27 5 51 0
14 39 54 0
-11 12 -34 0
2 -56 -12 0
-15 40 31 0
-52 24 5 0
23 7 57 0
-47 -62 -64 0
3 9 -21 0
53 23 -38 0
41 -44 48 0
-2 40 14 0
-15 49 58 0
44 -24 34 0
-41 -47 46 0
-10 -16 -51 0
7 30 45 0
17 15 -63 0
-39 28 -33 0
62 26 30 0
-4 54 17 0
-3 -55 -13 0
50 27 6 0
-37 -32 36 0
46 -56 10 0
-41 -11 54 0
25 -19 40 0
40 -45 -60 0
47 27 37 0
48 -46 -3 0
-27 28 3 0
-6 -12 -3 0
-1 35 34 0
-38 6 22 0
46 -54 -11 0
-48 7 -45 0
12 -52 -59 0
64 -12 15 0
-32 -7 -17 0
-15 48 -21 0
-12 62 -34 0
46 -36 -34 0
-53 45 -54 0
22 48 4 0
-54 49 -63 0
-22 58 23 0
-10 -38 48 0
-55 22 -6 0
-50 46 -16 0
49 13 15 0
-31 54 33 0
18 -6 42 0
-29 4 -24 0
6 10 14 0
18 -34 -9 0
10 29 56 0
50 -20 31 0
-17 -41 -29 0
46 -55 -24 0
21 -11 15 0
42 -28 56 0
-18 -52 5 0
53 50 29 0
26 50 -47 0
-42 -56 43 0
-63 18 -17 0
-46 -55 -19 0
22 31 28 0
-41 29 -8 0
-35 -52 -2 0
-59 49 -52 0
20 54 -10 0
11 28 -29 0
9 -52 15 0
-41 -21 -53 0
47 25 -6 0
56 -63 -6 0
3 51 6 0
33 -9 57 0
