p 67 285
9 -27 -23 0
-7 33 18 0
49 23 -8 0
-63 38 42 0
-3 59 -38 0
-44 16 27 0
-42 -57 19 0
-37 8 40 0
66 -7 -30 0
12 -23 -8 0
58 -10 23 0
24 63 -11 0
57 -15 -42 0
-42 20 30 0
-40 14 -64 0
-28 -26 -43 0
10 50 -20 0
18 63 57 0
-19 36 -12 0
-40 -41 28 0
-10 -40 -37 0
33 50 -65 0
20 -4 -19 0
-5 -20 66 0
25 -35 -20 0
-8 30 -64 0
48 -50 49 0
-48 -37 38 0
52 21 10 0
62 -32 18 0
-57 17 32 0
14 -25 36 0
4 29 -38 0
-32 -2 55 0
60 32 -25 0
41 -33 -19 0
46 2 -56 0
-41 -51 -32 0
21 -49 -20 0
-63 33 -49 0
-31 58 -63 0
-47 14 -24 0
62 47 23 0
-35 -64 4 0
-22 -52 -57 0
46 4 36 0
-56 -10 48 0
-60 -7 12 0
-30 23 46 0
11 57 -16 0
20 -25 8 0
7 57 -62 0
65 -45 38 0
-29 15 43 0
-56 46 -1 0
-20 -59 -66 0
-21 65 -20 0
52 37 -33 0
-6 -62 -35 0
23 -3 -9 0
45 29 -15 0
46 51 -11 0
42 -6 -48 0
19 15 25 0
-57 59 43 0
-61 -60 67 0
24 63 14 0
24 19 59 0
4 -50 56 0
35 53 -51 0
-59 40 52 0
60 -9 45 0
42 24 53 0
-27 -26 13 0
-6 -34 64 0
34 45 17 0
29 -18 -2 0
62 42 5 0
34 -31 59 0
-5 -28 48 0
33 -19 51 0
-37 -61 42 0
53 -55 -67 0
-24 2 47 0
-21 -65 12 0
4 -3 52 0
-21 -28 57 0
-66 -47 10 0
14 -65 -58 0
-46 7 58 0
-14 -27 -47 0
-56 37 -60 0
12 60 -4 0
55 43 13 0
41 26 38 0
-40 -37 25 0
-57 -3 -23 0
13 64 -43 0
64 -59 56 0
-63 -4 -57 0
12 23 -49 0
-37 -57 -67 0
35 50 40 0
40 36 -6 0
4 -33 -49 0
27 -23 -37 0
39 4 -17 0
38 56 47 0
-58 -36 61 0
-67 17 3 0
-11 54 -58 0
8 14 -32 0
-8 -15 -25 0
15 17 -13 0
-50 -40 36 0
-34 -56 48 0
-50 -38 -52 0
45 5 -63 0
44 -19 6 0
27 -63 -56 0
30 44 62 0
-3 50 47 0
43 -13 40 0
8 -15 53 0
-62 37 5 0
20 -5 3 0
-51 15 43 0
-31 44 -63 0
63 -13 11 0
7 47 -62 0
-1 -55 33 0
16 -62 -15 0
-20 -7 -31 0
66 2 -40 0
52 -9 -47 0
64 66 -11 0
-4 -39 46 0
-46 -14 -15 0
57 28 -43 0
57 38 -19 0
5 -64 55 0
60 23 21 0
-37 -15 55 0
-58 -17 42 0
-11 49 -40 0
-7 67 -60 0
-50 43 49 0
39 -54 -67 0
16 -11 -50 0
1 -34 -38 0
37 8 27 0
-6 -56 -49 0
-64 55 53 0
-43 -35 16 0
46 8 29 0
15 8 -45 0
-15 -21 -43 0
12 -63 1 0
2 -37 -16 0
9 42 -53 0
12 43 -61 0
-50 21 48 0
42 36 61 0
44 -52 13 0
-31 -63 -14 0
32 63 -60 0
2 48 4 0
1 27 -30 0
-63 -2 -55 0
-5 -27 -67 0
65 -7 -58 0
26 61 43 0
-67 -19 20 0
11 24 -65 0
-36 58 -31 0
50 -27 60 0
9 23 -8 0
14 -18 43 0
52 12 -24 0
16 -61 47 0
-55 -18 60 0
-37 65 2 0
43 -54 -24 0
45 8 41 0
19 -22 62 0
-57 43 21 0
-26 67 -43 0
31 43 -56 0
-66 -49 -56 0
39 -18 67 0
-3 -54 32 0
-52 -59 65 0
24 -64 -5 0
9 16 63 0
49 -5 -50 0
3 29 -30 0
-53 -7 65 0
37 -41 13 0
28 -25 45 0
-43 -26 19 0
-19 -10 2 0
-23 35 51 0
17 -35 48 0
-61 6 60 0
-60 -31 55 0
23 -67 36 0
32 19 50 0
-59 63 -25 0
65 -49 -35 0
-26 38 27 0
2 -42 -65 0
-11 26 7 0
-5 -12 28 0
65 8 9 0
54 43 21 0
64 -59 67 0
50 -13 37 0
40 45 41 0
29 -42 -15 0
-46 1 -58 0
34 26 45 0
48 -55 -7 0
-1 8 50 0
51 -27 -46 0
-24 39 -36 0
36 -48 -19 0
7 -47 60 0
-43 27 -61 0
-25 -39 -64 0
63 59 23 0
-66 -41 -4 0
-5 -45 51 0
2 4 18 0
62 28 -21 0
49 58 26 0
10 -25 -52 0
-8 52 -36 0
9 64 11 0
10 52 5 0
-10 -43 49 0
-29 46 25 0
25 -12 -5 0
-34 36 -45 0
-19 18 58 0
-32 31 55 0
42 20 27 0
-9 -43 26 0
-25 28 66 0
30 45 -54 0
-37 30 33 0
-43 48 3 0
33 53 -48 0
58 47 10 0
-16 -65 -25 0
37 12 57 0
56 -48 -35 0
-3 50 -35 0
-34 -58 -31 0
-12 -39 24 0
-22 62 38 0
-34 4 -63 0
61 58 37 0
-41 65 -22 0
-26 11 -60 0
-40 5 -23 0
13 -62 20 0
-62 -48 -64 0
4 -54 -16 0
2 36 -46 0
30 49 65 0
27 52 20 0
-37 64 -62 0
4 -49 66 0
-25 -33 3 0
43 50 16 0
40 -30 26 0
-9 49 4 0
39 64 -16 0
-3 27 -60 0
-39 -22 -53 0
6 34 -58 0
36 45 1 0
27 -28 41 0
14 27 -32 0
-57 53 5 0
