p 44 187
-44 -36 -22 0
-13 34 27 0
32 19 16 0
-13 -7 10 0
-33 13 -27 0
-26 22 -30 0
-26 36 -38 0
-41 -31 25 0
-9 -6 17 0
34 12 38 0
-10 40 -4 0
-15 -39 -22 0
18 24 -34 0
-34 19 39 0
22 -34 -18 0
-34 -11 -41 0
-44 7 -37 0
-20 1 35 0
-31 -20 -17 0
2 -1 -19 0
-34 6 2 0
44 -42 11 0
20 -14 -18 0
-21 -11 -25 0
-36 44 -9 0
-1 39 5 0
-34 44 12 0
-41 11 -20 0
7 17 10 0
-39 23 38 0
24 19 40 0
30 26 -32 0
-37 -15 11 0
29 -26 1 0
33 -15 10 0
23 -5 13 0
-16 5 23 0
8 -6 -39 0
41 -27 16 0
11 24 -20 0
-33 -42 6 0
-30 -25 -28 0
-32 -19 16 0
-31 3 -43 0
-41 33 -9 0
-38 37 12 0
12 -16 35 0
-16 32 -28 0
-41 31 21 0
-38 -24 -17 0
-22 36 20 0
-22 -35 33 0
42 -5 8 0
20 -17 -2 0
-33 19 17 0
15 16 -34 0
-36 16 -18 0
-26 7 4 0
18 43 40 0
-7 -17 30 0
7 -24 -36 0
-7 37 14 0
37 11 3 0
28 -30 33 0
-5 -24 14 0
32 16 -24 0
-12 37 41 0
-40 39 30 0
-37 40 -7 0
29 40 38 0
-20 -14 3 0
-1 -40 13 0
-9 -39 -30 0
-13 15 40 0
-24 -39 -41 0
-44 38 -12 0
10 -37 35 0
37 -18 24 0
40 -44 -20 0
-36 34 38 0
-13 -44 20 0
33 18 1 0
35 32 12 0
12 15 -33 0
-7 15 36 0
-23 24 32 0
-11 40 15 0
-41 31 19 0
29 -26 8 0
-38 -15 -5 0
24 -32 -43 0
-42 29 38 0
-30 -22 19 0
-22 2 31 0
21 -33 14 0
39 3 -23 0
11 20 39 0
5 -15 -2 0
6 -19 36 0
-20 16 3 0
-3 16 -29 0
33 -7 3 0
30 10 -42 0
-2 16 40 0
-26 -18 17 0
17 -26 19 0
24 41 -37 0
-36 -23 -38 0
15 -6 -2 0
-11 -22 -13 0
-31 -23 32 0
13 31 -7 0
6 -22 -39 0
29 -19 -23 0
1 34 -15 0
5 -32 10 0
25 30 23 0
19 -36 -13 0
-38 21 2 0
44 -37 -27 0
-2 18 -17 0
-2 31 -17 0
37 -1 9 0
-5 -40 -30 0
-19 -9 -18 0
11 -39 31 0
6 -40 -35 0
-30 43 6 0
34 23 30 0
-7 4 -39 0
-15 11 27 0
34 -8 32 0
15 28 -9 0
-4 34 -40 0
-41 18 12 0
-6 -3 -1 0
-40 7 43 0
-30 34 16 0
15 -4 -17 0
-8 -42 12 0
-2 -30 41 0
10 -32 33 0
-1 42 -23 0
25 21 12 0
-2 -18 -28 0
-41 2 -32 0
15 39 -43 0
22 16 -3 0
-44 27 35 0
42 23 8 0
-18 31 -33 0
25 37 22 0
-42 28 -18 0
16 -38 -34 0
-41 -1 -8 0
-10 6 -35 0
-17 -5 27 0
28 -1 -38 0
-35 9 -8 0
36 -43 34 0
37 -26 -6 0
21 18 32 0
-28 -5 -32 0
3 32 -21 0
-5 -40 -33 0
-13 -26 30 0
36 -26 -6 0
36 -1 -23 0
24 -7 29 0
13 -29 3 0
-39 22 27 0
29 -11 27 0
-6 -26 -18 0
-32 -5 -9 0
-3 15 8 0
-43 -20 4 0
-14 -9 10 0
-12 5 39 0
33 34 -25 0
-37 5 -38 0
19 18 8 0
-12 -43 -16 0
26 -44 8 0
-18 -15 12 0
-3 -29 15 0
-24 -44 -39 0
-44 19 -32 0
