p 37 157
-33 9 23 0
-34 -17 -6 0
5 -31 11 0
18 -7 -8 0
8 33 6 0
-33 -20 5 0
15 -8 5 0
10 9 35 0
-26 15 -7 0
-11 29 8 0
8 -3 10 0
-11 -27 -32 0
-26 33 17 0
-33 -1 20 0
-14 7 -13 0
-17 -12 -2 0
31 32 29 0
-35 14 36 0
23 16 19 0
15 28 -22 0
31 14 -9 0
36 31 10 0
-7 -5 18 0
32 -25 -16 0
-11 -10 -36 0
-23 -17 -13 0
24 17 14 0
-20 10 -25 0
32 15 -3 0
-22 20 34 0
-4 22 34 0
11 -34 -37 0
-10 23 -13 0
-7 10 -34 0
-31 -35 -26 0
-22 -14 9 0
36 -8 -7 0
-36 -7 -3 0
-14 -21 -10 0
-3 26 -5 0
3 -4 20 0
-4 -6 12 0
-5 12 -4 0
-18 17 28 0
-8 30 34 0
4 19 25 0
-7 -5 -29 0
-31 15 -3 0
1 -19 -23 0
-20 7 -2 0
-24 -26 -7 0
23 -2 4 0
-6 -7 12 0
33 -26 27 0
-22 15 24 0
31 16 27 0
-8 17 32 0
2 17 6 0
-15 27 4 0
25 30 -4 0
-34 -25 -24 0
-34 3 -16 0
-6 -22 -37 0
35 24 -8 0
33 -31 -19 0
32 -15 3 0
13 -36 -37 0
-28 37 -11 0
-33 9 7 0
11 -13 1 0
8 11 4 0
-3 -29 21 0
-18 -32 -30 0
-27 8 1 0
-27 34 -31 0
-21 20 26 0
10 -3 1 0
-13 22 -32 0
18 25 -27 0
-33 -21 31 0
-23 -11 31 0
-37 -31 22 0
15 12 3 0
-21 31 28 0
22 18 27 0
-3 -13 36 0
-25 24 -9 0
-8 10 -23 0
-14 -36 7 0
8 14 -29 0
-16 1 -30 0
-30 -7 -31 0
-8 28 25 0
30 6 -14 0
-26 6 3 0
30 -1 18 0
7 9 5 0
-2 37 18 0
29 35 -2 0
33 -23 26 0
29 10 28 0
8 27 -17 0
22 -11 37 0
-22 6 10 0
-17 3 11 0
28 -30 37 0
3 -11 -7 0
-37 7 18 0
-10 3 27 0
37 34 -35 0
17 -19 23 0
-11 -35 34 0
5 -12 -26 0
35 8 -18 0
-30 -18 31 0
32 -35 5 0
-22 14 10 0
25 -28 -34 0
-25 33 -22 0
34 -25 1 0
-32 10 -11 0
16 -22 -10 0
15 7 -2 0
-22 29 -32 0
-28 29 -5 0
-14 22 35 0
33 -8 26 0
19 -14 33 0
-17 -3 -11 0
11 -3 35 0
36 -27 -22 0
16 -30 24 0
-19 6 29 0
-17 1 -29 0
-33 -6 -16 0
31 -15 19 0
-14 23 32 0
37 12 -10 0
37 -22 -5 0
-9 8 26 0
-27 -25 -15 0
6 -34 23 0
31 -11 29 0
-11 -31 -28 0
15 36 -18 0
20 -12 5 0
-9 8 -7 0
-3 36 4 0
35 -17 -33 0
-7 10 -20 0
-24 5 17 0
18 31 -24 0
-9 22 4 0
8 23 -29 0
23 -8 -26 0
20 6 -4 0
36 9 -37 0
