p 23 97
5 6 -9 0
-7 3 18 0
13 11 20 0
10 -3 -15 0
-17 3 10 0
4 -7 -17 0
-3 -22 -14 0
-12 -22 10 0
-8 -18 15 0
-14 5 21 0
16 -2 -18 0
-16 3 23 0
-10 -13 -16 0
-7 -22 -14 0
-9 11 8 0
18 13 20 0
-17 6 1 0
-23 -15 -7 0
10 19 -22 0
-13 6 22 0
-3 -12 -19 0
18 -9 -15 0
15 -5 17 0
19 -23 -22 0
-14 10 1 0
3 -23 -13 0
18 9 -4 0
-23 -7 13 0
17 -5 3 0
-15 -10 8 0
-4 21 -3 0
15 19 16 0
1 23 -19 0
-4 13 -22 0
4 -2 1 0
-5 3 -8 0
11 -8 -21 0
13 -1 20 0
8 12 17 0
2 -22 -12 0
17 23 12 0
-2 18 22 0
-17 -12 -8 0
-19 -3 -4 0
23 -20 12 0
-3 20 1 0
-12 -10 5 0
-2 -8 -10 0
-3 -14 -4 0
-22 15 10 0
11 6 18 0
-15 8 -6 0
14 -19 16 0
-4 23 22 0
-20 18 -5 0
21 -16 -4 0
9 2 -1 0
-21 -7 -10 0
-16 6 7 0
4 22 -10 0
5 15 -2 0
22 7 5 0
9 -7 23 0
5 22 -12 0
-18 -14 17 0
-15 -16 18 0
17 -15 -13 0
23 1 6 0
-17 -4 -2 0
-20 -19 23 0
-5 3 -6 0
-23 -11 19 0
4 -8 14 0
-3 -8 4 0
-10 -21 11 0
-3 -15 17 0
10 22 -17 0
6 17 -19 0
-11 20 -12 0
-13 -6 -1 0
-2 17 3 0
18 21 -11 0
-12 21 9 0
23 2 -6 0
3 -11 -13 0
23 -21 4 0
-13 10 16 0
-21 -23 -13 0
19 -2 -6 0
17 -22 12 0
3 21 9 0
-14 1 -17 0
7 -2 16 0
11 -7 -8 0
11 5 -1 0
17 9 -13 0
-14 -22 -9 0
