p 97 413
50 89 83 0
70 -19 36 0
-5 62 42 0
3 57 -27 0
-15 50 -17 0
-92 10 48 0
89 -11 -67 0
-34 -78 -51 0
-81 -89 -16 0
6 -50 78 0
-86 -70 -46 0
-8 -68 16 0
-46 -91 -20 0
28 30 -89 0
-31 92 -85 0
-66 14 -64 0
37 55 -2 0
-22 -20 70 0
39 -35 44 0
40 93 -50 0
-66 2 -96 0
-34 -35 -1 0
-51 87 -4 0
-9 -5 -2 0
-70 -46 7 0
48 37 41 0
28 -82 -97 0
18 -59 -95 0
19 37 35 0
-79 -12 44 0
81 83 5 0
26 -76 38 0
45 -2 -33 0
-11 79 -14 0
9 -62 -15 0
-12 95 -27 0
-38 33 56 0
-75 -60 53 0
66 -3 54 0
-97 29 -1 0
-80 -15 -51 0
-28 -73 5 0
85 22 72 0
36 21 13 0
13 -46 -59 0
-55 44 -27 0
-29 21 -74 0
-73 -41 37 0
-93 -16 47 0
-12 -73 -10 0
-14 21 49 0
8 58 -51 0
51 -96 -85 0
45 -15 -80 0
24 -48 14 0
-48 -73 -16 0
68 10 -92 0
73 -63 -89 0
-54 -25 90 0
-16 -73 -95 0
72 46 -44 0
27 -26 -68 0
4 44 32 0
-97 -81 -59 0
93 -15 -69 0
81 32 67 0
-27 45 58 0
-48 -31 43 0
-7 44 -83 0
-39 83 -2 0
15 45 73 0
-57 96 17 0
56 -18 60 0
61 68 -15 0
-6 -2 -68 0
23 44 -76 0
71 -79 47 0
57 31 -45 0
-3 -20 -90 0
-53 -10 -20 0
16 28 -87 0
-95 -89 60 0
-77 26 9 0
-15 3 -70 0
-9 -6 -74 0
-95 -93 74 0
12 1 50 0
-79 4 85 0
41 69 83 0
-90 -22 53 0
-11 -70 -23 0
9 40 -37 0
-6 -25 -32 0
-90 20 72 0
23 -97 -61 0
-54 -44 -48 0
-33 -58 -3 0
49 6 25 0
42 -79 76 0
-48 73 7 0
33 82 -55 0
-25 30 -12 0
23 21 3 0
-54 -43 -13 0
61 85 54 0
-33 70 -89 0
-16 55 21 0
72 89 -29 0
-96 -70 -69 0
-6 -75 -93 0
95 6 24 0
-8 86 -12 0
94 7 46 0
-4 -63 84 0
6 64 35 0
-10 -45 83 0
-60 -48 -47 0
62 61 -49 0
-74 -47 -61 0
68 -83 28 0
58 77 45 0
-59 91 -68 0
72 -35 -25 0
29 -34 40 0
-24 -38 -80 0
-87 78 -15 0
53 13 -10 0
-97 65 52 0
-93 -41 -47 0
59 -87 56 0
-10 49 63 0
40 -80 -37 0
60 -57 -23 0
-8 -73 6 0
51 -1 71 0
57 -85 17 0
65 -56 50 0
-91 -96 45 0
58 -52 -73 0
21 -57 80 0
24 -90 14 0
35 26 8 0
72 40 90 0
75 -12 -70 0
-56 2 35 0
48 73 93 0
-92 -14 75 0
-7 30 -19 0
53 -51 93 0
70 60 21 0
-63 24 3 0
53 27 41 0
-65 -26 -57 0
17 -78 -58 0
41 2 -42 0
53 97 60 0
58 -52 -45 0
-30 -55 20 0
12 -42 64 0
-2 86 37 0
51 40 58 0
-82 86 49 0
48 92 -74 0
-40 13 -31 0
-91 74 -38 0
-42 -31 -67 0
38 53 -10 0
12 67 31 0
-65 -53 -95 0
-31 47 -8 0
-83 96 5 0
-68 78 -40 0
-42 -32 67 0
59 5 -9 0
37 48 -22 0
71 -49 54 0
74 -40 -36 0
-70 37 -57 0
-60 18 -80 0
89 -94 46 0
39 51 85 0
64 -80 -60 0
43 55 -1 0
-2 -80 93 0
-16 6 -69 0
-55 10 9 0
-71 -7 -87 0
-73 89 86 0
-15 -94 -80 0
-69 50 58 0
23 7 -91 0
-80 67 96 0
61 -39 -10 0
93 -61 -91 0
51 -2 -35 0
-14 -78 36 0
63 12 -82 0
-41 15 -10 0
-46 -20 50 0
76 -34 -20 0
26 -21 28 0
-58 -53 66 0
42 41 71 0
83 91 -16 0
-73 -23 64 0
-25 -39 -14 0
20 -11 -1 0
-3 -57 -89 0
48 17 73 0
-54 94 -90 0
57 15 -43 0
-17 78 -36 0
67 -34 -39 0
86 -29 28 0
-82 -85 -78 0
-95 27 31 0
69 -30 6 0
-53 10 -73 0
-22 66 27 0
-73 14 44 0
-68 -14 -22 0
13 80 -66 0
15 -58 -33 0
-10 -56 -89 0
-17 -54 -69 0
-77 43 95 0
57 -71 -31 0
10 -93 13 0
-37 -74 -16 0
68 3 -52 0
-57 85 -41 0
-14 88 -63 0
64 -77 10 0
-59 68 27 0
34 73 -2 0
48 33 70 0
67 46 -78 0
89 -36 32 0
-37 -42 18 0
-71 32 -6 0
96 -70 -9 0
73 55 -46 0
-62 86 -84 0
-69 -72 -63 0
67 34 96 0
6 11 -77 0
87 29 76 0
-65 -32 -24 0
88 2 22 0
-58 -47 29 0
81 -29 20 0
-44 -24 15 0
74 50 59 0
-35 77 13 0
-56 -86 -24 0
-65 27 7 0
46 -35 93 0
-90 19 -35 0
-24 58 -72 0
66 36 97 0
83 6 -67 0
-65 -13 -6 0
13 -44 48 0
-17 36 15 0
64 -96 -1 0
-11 -22 -54 0
-5 -43 44 0
30 52 58 0
52 -61 -89 0
23 70 9 0
39 43 85 0
-49 -75 63 0
-39 -52 -55 0
14 30 -26 0
-73 -61 1 0
-53 19 -20 0
-30 -46 70 0
-46 97 10 0
-15 7 76 0
82 17 50 0
15 -69 -56 0
-44 31 -69 0
67 70 25 0
36 73 62 0
-60 71 -1 0
-86 4 5 0
15 -91 10 0
-95 -27 61 0
8 -34 -47 0
-56 24 -25 0
-82 12 -7 0
27 78 -50 0
-26 30 -70 0
41 -90 -39 0
-17 54 -35 0
70 -37 -92 0
-70 4 -38 0
33 -64 60 0
4 55 79 0
10 24 19 0
35 61 -10 0
-11 -69 58 0
-49 -89 -24 0
90 82 58 0
-22 -74 -84 0
9 -78 -8 0
-35 -52 90 0
-84 -41 -86 0
10 -2 -5 0
-67 80 -70 0
75 -54 38 0
-14 -83 -26 0
-25 89 33 0
-25 -19 -87 0
-23 -42 47 0
77 -56 14 0
51 -39 -71 0
13 28 -47 0
-83 63 -81 0
-7 -58 -73 0
68 -62 3 0
65 1 22 0
20 77 -36 0
-36 54 27 0
48 -88 -12 0
-89 66 63 0
10 -24 34 0
30 15 31 0
70 -42 -61 0
-95 54 46 0
85 9 63 0
-54 17 47 0
-39 41 8 0
8 -75 -51 0
10 28 -88 0
-45 -24 -71 0
95 74 92 0
-14 -29 -33 0
-38 -1 41 0
-59 -28 -75 0
6 -27 -96 0
-57 87 48 0
-64 -8 -94 0
-42 -7 -94 0
81 -57 43 0
-9 55 8 0
-47 84 -36 0
11 73 97 0
-34 -72 -63 0
-63 -85 87 0
-63 80 -96 0
-53 -92 56 0
-24 34 -7 0
-49 84 -31 0
-58 39 -4 0
44 -48 50 0
-26 82 -86 0
19 -3 -7 0
86 -37 -59 0
42 -64 -5 0
-27 24 57 0
-82 19 69 0
-90 -37 7 0
22 62 -71 0
28 -78 60 0
-62 -80 90 0
24 80 36 0
-90 40 27 0
90 17 -55 0
-74 91 -31 0
-53 82 -88 0
30 -55 -20 0
-26 43 -10 0
4 93 9 0
-76 -74 28 0
-35 51 -73 0
58 -86 91 0
97 33 93 0
57 18 -60 0
-12 -42 68 0
-37 -70 25 0
-86 37 -12 0
-63 -77 -25 0
-3 10 -44 0
84 57 -49 0
-1 26 20 0
53 59 -33 0
85 14 36 0
25 26 86 0
75 -40 30 0
-89 -66 -19 0
12 -42 88 0
-20 65 58 0
-77 -33 -30 0
-51 85 -16 0
41 -83 -30 0
-9 88 8 0
-85 9 -88 0
-78 59 52 0
41 -11 -19 0
-64 -87 -49 0
2 1 6 0
18 -84 43 0
-85 -94 48 0
-38 -70 2 0
-3 -4 -57 0
41 -2 -47 0
70 -23 -68 0
96 -5 -53 0
-35 56 80 0
-81 -7 -20 0
50 17 86 0
80 -26 -77 0
