p 66 281
26 -51 55 0
-15 65 38 0
53 52 45 0
2 -48 -12 0
-10 -14 -18 0
-57 -45 19 0
20 56 62 0
-22 -8 21 0
47 -64 27 0
-12 -59 1 0
-24 6 -66 0
48 64 -62 0
52 33 56 0
-2 -4 59 0
-21 -44 48 0
10 24 55 0
21 36 -53 0
-48 6 -51 0
57 -20 -34 0
-61 -30 -42 0
-66 33 23 0
21 -37 -65 0
-60 -19 -43 0
-16 56 -13 0
-40 36 -62 0
7 -18 -51 0
50 36 -15 0
29 -23 42 0
34 -19 -21 0
21 10 59 0
-31 24 -25 0
-40 26 32 0
37 -42 50 0
15 -40 -37 0
66 19 51 0
-42 -13 -8 0
7 -10 -2 0
-60 -31 14 0
-40 -1 23 0
-14 -54 38 0
-30 39 35 0
28 15 -17 0
22 -36 32 0
14 -61 -19 0
4 5 33 0
39 10 4 0
-43 -52 -29 0
36 -66 -41 0
48 -43 -26 0
-59 -31 41 0
36 -11 33 0
57 -19 15 0
40 -43 42 0
-25 -6 -11 0
-61 -41 -60 0
9 62 7 0
-7 -13 34 0
-5 31 44 0
-32 -59 -4 0
-44 -15 14 0
-46 13 -23 0
-18 -16 -19 0
48 -63 47 0
-25 56 -62 0
-23 -57 8 0
61 18 55 0
-29 38 -20 0
-17 -43 35 0
-30 -12 -5 0
-50 -8 -3 0
14 -19 -9 0
-10 19 50 0
-65 3 -29 0
-1 -27 59 0
-66 24 -19 0
35 23 -18 0
-52 30 -65 0
-22 41 36 0
52 38 63 0
-57 1 30 0
1 4 33 0
13 51 5 0
-19 49 59 0
-1 13 46 0
-15 51 56 0
-57 55 -60 0
26 -10 40 0
30 44 -6 0
66 -42 -41 0
-20 -47 -39 0
64 35 -37 0
-63 29 54 0
29 37 -34 0
-43 -3 35 0
3 -61 -62 0
8 15 4 0
12 -41 -40 0
28 -18 53 0
13 -23 -65 0
30 -35 18 0
14 -49 -47 0
-46 -53 7 0
-47 -54 -21 0
50 -7 38 0
49 -47 -50 0
-49 17 1 0
-35 -42 -2 0
51 -26 9 0
1 63 -23 0
24 40 -18 0
-65 41 -39 0
-43 56 -29 0
-4 -25 11 0
31 44 54 0
1 -65 24 0
-4 59 40 0
52 57 22 0
54 37 -53 0
28 51 -33 0
41 -44 -5 0
-25 38 -4 0
-59 -55 -12 0
41 -1 51 0
-60 63 54 0
-4 37 -33 0
-36 -55 12 0
-6 34 3 0
19 -13 -4 0
59 18 -37 0
-64 12 -28 0
-56 65 -15 0
1 48 -24 0
-58 -31 -23 0
-59 6 -33 0
-1 -35 -13 0
-60 55 -23 0
17 -32 -29 0
41 -9 57 0
-54 19 -51 0
-36 -40 -42 0
-2 -49 16 0
18 43 38 0
-35 38 25 0
-55 44 35 0
-48 -58 -43 0
-53 32 22 0
23 -39 61 0
8 7 -30 0
-64 -38 -45 0
-34 14 -35 0
-19 55 -11 0
23 -58 -59 0
-43 -61 -4 0
-49 48 13 0
48 14 -26 0
53 -28 -62 0
32 43 -65 0
-13 22 16 0
31 -4 9 0
26 -19 25 0
-31 -44 -62 0
66 50 -54 0
-4 -21 -37 0
-47 -54 -56 0
37 -2 -31 0
10 54 -4 0
17 22 -42 0
40 -39 -19 0
33 -23 -36 0
-64 -66 -38 0
-23 -51 -17 0
-23 -10 30 0
50 55 -27 0
-21 12 29 0
-43 39 -42 0
-39 5 -36 0
15 -49 28 0
21 20 28 0
-11 -25 -9 0
15 60 -40 0
-11 38 -7 0
58 -6 -63 0
20 -6 15 0
-49 9 -63 0
-38 51 -31 0
-28 -31 30 0
35 -17 23 0
-3 45 42 0
66 -18 49 0
-12 -60 58 0
3 6 48 0
14 -34 9 0
24 -19 -30 0
-37 -16 32 0
-56 66 34 0
-3 -44 6 0
-31 -49 -6 0
-11 -17 -4 0
-31 65 16 0
-20 25 -54 0
29 -50 41 0
42 5 -45 0
-9 -62 15 0
10 35 -52 0
47 55 -20 0
-63 62 45 0
-15 59 -60 0
27 23 49 0
-35 -2 -28 0
57 -65 -56 0
35 30 -14 0
14 57 -53 0
40 -14 66 0
-12 -6 62 0
7 -44 6 0
54 63 38 0
40 61 -46 0
-46 -65 27 0
45 46 36 0
22 -64 -29 0
-65 -21 -62 0
-31 -57 -13 0
-44 -61 30 0
64 23 -63 0
25 28 -24 0
-32 -47 -42 0
13 -62 -45 0
-26 57 -11 0
-19 22 4 0
7 -59 40 0
-36 -21 -3 0
-24 22 -40 0
-47 -25 6 0
60 15 -9 0
25 49 4 0
59 61 -1 0
20 6 66 0
53 34 -44 0
57 5 43 0
-42 48 -57 0
-61 -63 -22 0
59 -41 38 0
63 -14 -18 0
10 9 65 0
3 33 40 0
52 16 12 0
-21 -48 -11 0
-51 20 64 0
-66 -57 32 0
16 -8 -10 0
-36 -56 33 0
-45 64 -13 0
-12 35 61 0
-26 27 -23 0
-21 42 -36 0
-50 64 60 0
-55 22 36 0
28 51 36 0
-57 -41 46 0
58 -14 11 0
61 -3 22 0
35 -15 54 0
-3 11 -54 0
32 5 59 0
35 -44 -61 0
44 -34 -55 0
27 39 1 0
64 45 38 0
-23 -14 32 0
-32 60 66 0
-22 -45 7 0
-40 -46 -18 0
36 -55 -12 0
-43 -62 50 0
64 -65 -34 0
-50 21 2 0
44 27 -11 0
-14 -59 8 0
-25 -49 -47 0
-34 -21 -3 0
-53 54 20 0
