p 61 259
-3 -57 34 0
6 -28 -59 0
10 -25 50 0
25 7 -43 0
46 8 36 0
48 -19 43 0
-29 -15 17 0
13 -27 -35 0
-33 43 24 0
47 -46 60 0
-23 55 2 0
-30 -49 -35 0
-5 -20 38 0
-43 56 -54 0
36 43 35 0
36 -22 19 0
-5 -52 -9 0
10 -30 -4 0
-36 37 18 0
30 -29 24 0
2 4 -24 0
12 9 28 0
34 43 -61 0
39 -57 22 0
11 4 -22 0
-7 -37 -59 0
15 28 11 0
12 -57 44 0
-13 -9 53 0
46 -44 -20 0
40 55 -38 0
6 -28 -23 0
49 -54 36 0
-39 -6 24 0
15 35 43 0
-45 5 -23 0
-6 -16 42 0
14 24 4 0
-7 -32 -46 0
36 24 6 0
-58 53 -44 0
15 29 -10 0
23 57 54 0
-16 -14 -61 0
19 46 -27 0
-16 43 -15 0
-4 -48 -58 0
-27 49 43 0
-1 -43 32 0
22 47 -52 0
31 -30 12 0
-8 47 -50 0
-4 56 43 0
26 22 53 0
-11 -22 36 0
50 -58 -13 0
-38 37 52 0
28 -26 50 0
40 19 56 0
8 -15 3 0
-9 13 19 0
-33 39 -27 0
-5 25 -30 0
45 32 -38 0
-28 15 -13 0
-5 -37 -36 0
-52 -9 22 0
-2 -39 33 0
33 18 -26 0
43 -49 -15 0
20 40 -56 0
42 27 -30 0
-32 51 61 0
31 -7 30 0
-32 54 27 0
6 -45 -60 0
-45 -44 1 0
59 -54 50 0
30 8 -49 0
-5 -37 -48 0
41 53 -10 0
-32 -15 50 0
-24 -43 -42 0
54 -26 16 0
-24 23 -30 0
9 15 43 0
-32 -37 -15 0
-5 -32 -61 0
-53 30 38 0
-28 -10 -30 0
-57 -21 -42 0
-53 42 50 0
10 22 12 0
-35 48 54 0
-4 -20 11 0
-42 -33 -37 0
57 60 -49 0
-32 -47 -13 0
19 29 61 0
59 52 15 0
-49 1 -17 0
-40 -12 57 0
-23 60 -41 0
57 -36 -17 0
53 56 24 0
58 14 43 0
-38 -49 7 0
31 10 21 0
-54 -46 4 0
-29 35 60 0
-56 21 17 0
-45 57 -40 0
-5 -30 39 0
-52 50 46 0
-54 -9 23 0
-17 -44 -43 0
60 -3 25 0
-26 19 24 0
-60 -5 10 0
-7 -50 45 0
41 -58 -53 0
38 -7 -10 0
40 -22 58 0
55 -56 -34 0
39 -42 -28 0
24 36 -61 0
23 -48 -17 0
20 14 3 0
-46 32 57 0
6 34 27 0
6 -49 40 0
34 31 -30 0
-12 44 40 0
12 -33 42 0
-22 55 5 0
11 1 -2 0
-56 13 -8 0
-44 6 52 0
-54 -24 -1 0
-22 -44 -49 0
-1 -43 -4 0
-59 -39 -2 0
46 -16 -21 0
-7 -33 27 0
-55 -6 2 0
-42 -17 -10 0
23 -30 41 0
-33 56 -44 0
3 -41 37 0
55 -17 -38 0
59 44 -15 0
12 -29 -36 0
55 -44 -56 0
-34 -17 -46 0
43 -41 60 0
22 27 57 0
26 -16 43 0
-26 -20 -58 0
-30 37 -42 0
61 -16 25 0
31 40 56 0
-11 40 41 0
31 46 48 0
-5 12 47 0
-12 -49 43 0
30 -10 12 0
-59 -20 45 0
-25 -10 -60 0
10 -40 1 0
-58 -31 24 0
-59 -20 2 0
-58 -56 60 0
-43 -21 32 0
-46 24 -36 0
60 8 -2 0
33 -58 -7 0
-53 -8 -34 0
-8 18 -15 0
-41 -36 2 0
-23 -39 -31 0
-7 33 -49 0
-39 -43 -28 0
-22 51 -32 0
-12 27 -29 0
-2 -4 33 0
60 26 -43 0
12 24 3 0
6 47 -53 0
34 -37 -51 0
9 -24 -5 0
8 5 54 0
-58 40 -46 0
45 -7 58 0
50 -51 -48 0
5 59 14 0
57 13 -54 0
-17 -37 -3 0
4 60 48 0
2 57 -16 0
-7 56 -18 0
-39 -47 -27 0
-11 -56 -18 0
30 -34 -29 0
17 -15 46 0
-31 9 -40 0
-58 -12 34 0
-26 45 -23 0
43 14 26 0
23 26 2 0
-19 -50 -4 0
44 -50 -22 0
-17 -30 -52 0
42 8 38 0
10 50 -60 0
2 -41 -36 0
46 41 47 0
7 14 6 0
-30 18 -32 0
-56 19 29 0
42 -4 23 0
-8 34 7 0
-30 -52 58 0
60 -20 10 0
5 -59 -60 0
-43 25 -37 0
2 5 -10 0
49 -56 4 0
10 -9 -34 0
47 -24 -58 0
41 -26 -17 0
52 10 -26 0
-29 -45 41 0
-43 -45 -33 0
41 -60 -17 0
-36 55 31 0
-60 35 56 0
32 -11 -1 0
53 60 11 0
-22 30 -61 0
-8 -28 33 0
-29 50 -34 0
-53 8 -29 0
17 -8 -18 0
21 47 25 0
54 37 2 0
-12 4 -43 0
-47 -39 -30 0
-12 8 36 0
32 -14 -28 0
34 -61 5 0
30 35 -25 0
17 -57 -38 0
-21 -28 45 0
43 -53 -7 0
-7 24 11 0
51 -23 39 0
-49 -29 6 0
-4 -24 -44 0
-6 14 -58 0
