p 82 349
-41 -9 -43 0
68 63 -37 0
36 81 16 0
-44 66 22 0
-27 -39 17 0
27 64 -37 0
48 -4 -28 0
-12 48 69 0
-55 -77 61 0
69 -1 -16 0
-64 13 -2 0
-12 3 36 0
-68 11 -48 0
61 82 -76 0
62 68 -65 0
3 80 -10 0
-2 52 -13 0
-82 3 70 0
-21 38 20 0
-32 68 -69 0
-76 36 32 0
5 -41 -8 0
4 -71 18 0
-33 -41 -44 0
-10 43 -74 0
-51 -13 2 0
-14 3 27 0
12 32 67 0
-41 67 -46 0
-38 23 -27 0
-34 -3 -6 0
-39 58 51 0
76 -66 -48 0
-2 48 62 0
72 28 7 0
66 -50 -62 0
-47 19 27 0
-73 58 -75 0
35 -42 -67 0
-70 -80 -18 0
-40 -45 48 0
-4 -38 54 0
-5 -71 30 0
-34 -62 43 0
-74 52 14 0
71 20 -4 0
-45 -48 -41 0
43 8 76 0
-46 55 82 0
71 -1 68 0
75 -13 -67 0
73 -63 68 0
-31 9 -12 0
-71 -4 35 0
32 -54 38 0
-70 -64 -15 0
76 -40 -7 0
26 42 -39 0
78 30 66 0
56 18 77 0
58 29 45 0
-11 12 -33 0
65 -47 8 0
80 -2 -10 0
77 -59 34 0
23 45 73 0
67 -12 -44 0
-50 51 -30 0
-3 -56 47 0
-54 -28 15 0
32 48 -79 0
62 42 -36 0
46 77 8 0
73 -36 -26 0
-2 37 -18 0
-68 71 30 0
-5 -82 68 0
25 3 -67 0
-14 -59 -66 0
60 41 -76 0
-6 -12 -13 0
-49 -64 43 0
20 -3 -44 0
31 61 75 0
-33 -46 -29 0
6 -82 59 0
71 -68 -82 0
-60 12 -29 0
56 66 19 0
-7 59 44 0
1 16 -51 0
20 24 64 0
20 67 18 0
4 72 -71 0
18 -57 -59 0
25 -53 -64 0
40 5 -47 0
-17 -69 -24 0
-57 -61 -3 0
51 20 34 0
-29 7 23 0
48 13 -61 0
5 54 -9 0
-21 -3 -37 0
27 11 -44 0
-28 29 -78 0
-54 65 -71 0
66 30 32 0
-3 -59 -77 0
5 17 27 0
13 58 73 0
31 -6 5 0
-64 -77 30 0
-16 71 22 0
-47 -57 -39 0
9 64 -78 0
13 -1 -72 0
-74 -66 -4 0
8 -48 37 0
-26 76 -69 0
62 -70 -72 0
27 -15 -66 0
1 31 -41 0
16 37 -9 0
62 64 21 0
-55 34 69 0
-63 38 42 0
-78 29 -13 0
-53 -3 41 0
72 -79 45 0
62 -12 -22 0
-57 -22 43 0
15 51 29 0
-61 -56 -52 0
-22 -82 47 0
-27 -11 -52 0
4 -37 -24 0
24 32 -22 0
75 -51 -19 0
-4 40 19 0
69 -9 -47 0
74 -57 -63 0
38 75 47 0
-6 -15 14 0
43 23 -66 0
-46 76 -5 0
32 61 -39 0
-68 13 40 0
23 5 46 0
36 -49 27 0
46 18 -70 0
-41 -5 2 0
-49 -63 -78 0
7 -21 -49 0
5 78 -49 0
-26 31 -63 0
-82 9 -32 0
-8 -68 6 0
71 81 -56 0
-65 8 -30 0
-37 -38 46 0
-54 -66 76 0
-18 -14 -56 0
-79 46 75 0
14 4 -30 0
11 67 3 0
79 -38 -73 0
68 -69 9 0
1 -21 14 0
56 -68 -54 0
64 -14 -60 0
-11 32 -58 0
-74 81 -71 0
60 34 -47 0
18 -33 -1 0
66 -24 -54 0
-23 45 73 0
3 -73 25 0
-58 -60 20 0
61 -4 -10 0
-48 51 -7 0
45 79 42 0
67 -28 -3 0
-17 49 75 0
-47 -11 8 0
-79 45 -15 0
-75 63 -3 0
-69 5 -63 0
-33 -65 52 0
9 -79 47 0
65 9 71 0
76 80 -14 0
-70 -76 16 0
59 3 -69 0
19 43 -62 0
74 -22 1 0
-74 63 16 0
34 47 55 0
-26 -22 15 0
-69 45 -15 0
3 7 82 0
-24 58 74 0
-82 56 36 0
-42 -8 -15 0
76 -49 -60 0
61 66 -44 0
-80 -49 63 0
17 47 -6 0
64 -76 -42 0
-38 9 -80 0
11 66 -24 0
10 -16 -12 0
70 34 -82 0
-74 -67 66 0
-25 56 34 0
-82 -46 -66 0
47 -44 64 0
43 -44 32 0
70 -72 -1 0
-62 22 -39 0
28 65 41 0
-35 -19 73 0
-18 -17 -68 0
16 -5 -77 0
-60 -71 2 0
13 -47 -10 0
55 -33 -31 0
-73 5 -62 0
41 56 61 0
31 -28 -60 0
-66 12 15 0
-7 75 -21 0
-21 2 -5 0
-1 81 70 0
-43 37 77 0
16 24 -73 0
-54 -40 9 0
-37 57 -8 0
72 48 -12 0
-33 -64 -15 0
-61 -66 -75 0
40 17 23 0
-1 37 82 0
65 50 27 0
-40 67 21 0
-26 32 -11 0
-35 -60 -8 0
-38 -65 54 0
-53 1 -81 0
7 77 23 0
-17 -67 44 0
25 65 -34 0
-72 -67 18 0
-40 -31 29 0
81 10 -56 0
-61 -39 -76 0
-60 25 3 0
33 73 -65 0
43 -28 -55 0
-64 -50 60 0
74 -66 35 0
-57 -52 62 0
34 -10 25 0
-51 26 10 0
20 63 -81 0
9 -4 -46 0
-2 -30 -27 0
45 32 41 0
33 -80 48 0
-74 21 -14 0
-51 -44 -29 0
2 -75 14 0
-56 -9 64 0
59 35 -37 0
-7 81 67 0
-29 -60 34 0
41 11 -52 0
-46 78 -56 0
46 -71 -60 0
17 79 -43 0
-55 -42 33 0
63 -80 -20 0
-37 16 20 0
-50 35 -59 0
-13 36 -28 0
49 25 -20 0
35 32 -54 0
-35 3 19 0
19 -3 -6 0
14 -68 8 0
27 54 50 0
41 -56 18 0
31 -68 -71 0
-56 32 66 0
5 -26 -16 0
-47 -1 -80 0
81 -65 25 0
-7 29 -54 0
-34 72 13 0
-26 69 49 0
30 -54 -29 0
40 47 11 0
-25 23 52 0
-15 14 43 0
30 -46 57 0
-65 -12 -66 0
54 -7 -62 0
55 -82 -79 0
-64 19 52 0
8 78 32 0
9 -65 -53 0
-38 58 -41 0
25 64 -18 0
64 50 -12 0
-22 75 28 0
33 -53 -48 0
24 -47 -58 0
48 -62 65 0
-62 12 21 0
-65 -25 51 0
-34 21 43 0
46 -33 -14 0
14 -4 56 0
54 48 75 0
50 -31 42 0
18 -3 -42 0
-49 79 40 0
3 39 -54 0
72 -11 37 0
20 76 80 0
-6 36 53 0
-11 -73 52 0
61 31 -81 0
22 -40 -15 0
5 -58 63 0
1 77 45 0
21 81 -32 0
-78 57 11 0
-75 -4 28 0
-76 21 66 0
-15 -18 -21 0
-26 -20 -67 0
17 4 26 0
5 -30 72 0
-35 -75 18 0
-50 -36 -76 0
49 -18 39 0
-74 20 -37 0
6 32 -5 0
