p 15 63
6 3 10 0
6 -1 -4 0
8 7 -13 0
14 15 -1 0
3 6 11 0
-5 10 12 0
6 7 -4 0
-3 -1 10 0
12 -2 14 0
-11 12 14 0
-6 -1 -8 0
-3 -15 6 0
-3 8 2 0
-15 -11 1 0
10 -1 -4 0
1 13 -10 0
8 -1 -2 0
-8 9 7 0
-5 -14 -15 0
5 -13 -11 0
-5 4 10 0
5 -3 -6 0
5 3 -2 0
3 9 -15 0
-15 10 5 0
3 12 15 0
13 10 4 0
14 -2 15 0
-15 3 -7 0
-2 1 -10 0
-15 -14 7 0
-15 3 8 0
4 -13 5 0
2 -3 -6 0
5 -7 11 0
-2 -3 1 0
7 -5 -4 0
3 -8 4 0
-8 -2 -9 0
6 -1 -7 0
-4 10 6 0
8 -3 -2 0
10 15 12 0
1 3 5 0
7 1 -15 0
14 -8 4 0
6 10 -9 0
7 10 6 0
-12 -14 -6 0
14 7 -1 0
4 11 1 0
3 -9 -15 0
-3 11 1 0
9 -14 2 0
-2 1 12 0
-3 2 -5 0
-10 3 6 0
-8 -4 -12 0
11 -13 12 0
13 7 6 0
4 1 15 0
-7 6 -12 0
9 10 3 0
