p 53 225
31 -32 23 0
-4 -42 26 0
-21 -45 35 0
-48 -37 -12 0
10 32 -24 0
34 -29 -51 0
-27 -39 -1 0
-24 50 13 0
-26 -3 -15 0
1 23 -6 0
44 51 36 0
37 23 -34 0
35 32 52 0
-3 39 -26 0
40 -46 -34 0
42 6 53 0
-38 47 -20 0
-12 -9 -18 0
-33 1 3 0
25 15 -50 0
-33 4 -9 0
43 30 38 0
-7 -28 -20 0
-24 -4 -49 0
1 -34 -40 0
-14 -30 -22 0
-27 -19 -28 0
-10 31 -44 0
18 -50 -46 0
16 -52 10 0
-14 -22 1 0
-29 -5 -8 0
-28 24 13 0
-24 -4 49 0
-17 -4 31 0
-29 52 33 0
17 35 -36 0
-40 41 -30 0
-44 -1 -47 0
21 29 31 0
7 21 35 0
11 -16 21 0
43 -47 -23 0
42 -34 53 0
-21 17 -14 0
-42 10 -26 0
15 48 -45 0
26 -41 30 0
45 -18 -21 0
46 -8 -14 0
-15 -16 -13 0
-37 45 42 0
1 18 -51 0
18 17 34 0
-48 38 52 0
-19 -51 46 0
26 -38 -29 0
-4 -3 38 0
-35 12 38 0
-32 41 -47 0
2 -38 -17 0
2 -38 48 0
-30 -47 48 0
46 37 -4 0
24 -31 34 0
40 41 45 0
-1 -34 -19 0
27 39 -2 0
-53 -40 28 0
-47 25 38 0
-29 -13 15 0
-22 -7 44 0
37 -6 40 0
2 48 38 0
-2 42 -40 0
9 -29 -3 0
-30 -53 36 0
8 -33 11 0
-20 -11 -37 0
8 -26 -17 0
-51 -44 8 0
18 9 35 0
-42 -22 -26 0
19 25 -29 0
-12 -30 9 0
13 40 -50 0
-48 25 -23 0
-48 26 12 0
-46 -24 14 0
-23 -42 32 0
48 -34 -28 0
-7 -53 -31 0
9 5 -18 0
30 -35 15 0
-8 -32 -34 0
-10 -48 11 0
-49 -39 -37 0
32 -3 34 0
-18 4 36 0
-39 -34 25 0
40 48 -27 0
32 -27 37 0
50 -12 -11 0
53 -34 29 0
49 12 -18 0
21 36 -9 0
-13 -6 -34 0
14 -52 5 0
-46 -14 -9 0
36 34 -37 0
51 34 16 0
-14 22 -36 0
33 19 -4 0
12 52 -14 0
-46 -30 -10 0
18 -40 -33 0
-19 40 -17 0
-48 -4 30 0
47 34 8 0
-33 47 -29 0
13 -48 -31 0
51 -49 12 0
-46 42 27 0
-17 46 -35 0
15 11 -53 0
4 -33 29 0
-7 -34 -28 0
34 -49 45 0
-17 -4 38 0
25 46 -27 0
53 27 -16 0
-22 -13 -15 0
-39 44 -4 0
-22 -7 -9 0
53 -49 -50 0
18 2 41 0
28 37 -21 0
-28 -50 51 0
-12 37 7 0
-35 43 53 0
-40 -48 2 0
12 46 -40 0
50 42 3 0
15 -33 45 0
11 47 -18 0
45 30 5 0
-5 -14 -22 0
5 39 11 0
-20 16 -1 0
-46 -47 29 0
-8 22 -2 0
-13 37 25 0
-22 -24 -11 0
-7 -1 13 0
35 43 -21 0
48 20 3 0
44 -43 6 0
-28 27 51 0
-44 -10 -5 0
44 -1 -33 0
18 38 32 0
-25 -41 30 0
47 -46 39 0
26 -24 -52 0
51 -47 27 0
45 -4 31 0
-24 -13 -15 0
-11 31 1 0
-19 5 -46 0
-49 -28 -53 0
-15 -22 -24 0
-42 -34 -51 0
18 -11 36 0
-40 3 9 0
49 5 -12 0
-46 22 39 0
15 17 11 0
9 27 12 0
-9 -15 7 0
-53 3 28 0
19 -3 -41 0
-38 24 -39 0
40 53 -44 0
25 -23 10 0
-18 7 19 0
51 45 -50 0
9 21 29 0
39 -45 19 0
35 1 10 0
-39 -32 -28 0
41 -53 42 0
4 34 -53 0
18 26 38 0
50 28 10 0
13 -31 39 0
-26 1 47 0
-40 46 -22 0
-50 44 35 0
51 40 18 0
43 19 31 0
-13 16 -25 0
17 28 1 0
-35 -3 -6 0
18 39 -45 0
-47 -10 -26 0
-45 -38 41 0
-17 4 41 0
-52 47 -31 0
41 12 -45 0
-20 -13 52 0
21 -40 -50 0
-23 -5 25 0
-15 -25 -33 0
16 52 -1 0
-49 45 -22 0
36 32 27 0
52 24 -38 0
-30 -36 -53 0
42 8 24 0
29 8 -35 0
5 16 -47 0
16 4 -30 0
16 -45 26 0
-34 -42 20 0
19 -41 43 0
