p 21 89
15 1 3 0
10 -4 -13 0
-1 16 11 0
-10 7 -18 0
18 -15 13 0
3 15 20 0
-13 4 17 0
-21 14 -18 0
-10 -6 -17 0
-9 -3 -4 0
11 -7 13 0
-19 12 6 0
8 -12 -16 0
13 10 11 0
16 14 -6 0
12 11 19 0
-10 -20 17 0
-12 17 20 0
-19 16 -5 0
-14 2 -6 0
13 8 -10 0
2 -14 -21 0
-16 21 17 0
7 -19 -5 0
6 12 -20 0
-5 -9 -11 0
20 9 -12 0
-17 -3 -7 0
3 -4 -2 0
-7 -16 1 0
-15 -9 -4 0
-1 -11 9 0
-4 19 -20 0
-7 -14 18 0
-18 1 -3 0
11 -17 3 0
-18 17 -16 0
11 4 -20 0
21 13 18 0
-9 -20 -13 0
-6 5 4 0
-18 11 -19 0
-19 16 -1 0
-1 -7 -2 0
-15 2 1 0
-20 -12 -5 0
5 -4 2 0
-12 -15 21 0
11 -6 21 0
17 11 -18 0
-20 -13 -7 0
5 2 12 0
-12 -3 -7 0
-11 -13 -19 0
-4 13 2 0
-21 -20 -8 0
2 -21 14 0
-16 -21 -13 0
-6 -19 21 0
-8 20 10 0
-12 -14 20 0
-20 15 -17 0
-8 -15 -6 0
-20 -10 17 0
-16 9 -14 0
-19 20 -8 0
1 13 9 0
-17 -3 -6 0
6 -11 10 0
8 2 -17 0
9 -18 -2 0
13 19 6 0
-9 -7 -8 0
13 -10 -11 0
20 -15 -16 0
16 17 -4 0
16 -8 3 0
-14 19 -6 0
6 -5 11 0
19 12 15 0
-19 18 -1 0
11 10 -4 0
13 9 -6 0
3 -6 -12 0
20 -10 21 0
-16 -15 14 0
8 5 10 0
-13 -4 21 0
-13 -19 -10 0
