p 32 136
-32 17 13 0
-4 -7 -9 0
8 -17 -30 0
6 30 -20 0
28 22 -25 0
-1 3 -7 0
-12 -7 17 0
32 -21 26 0
21 -12 20 0
19 20 32 0
16 -9 23 0
17 -11 4 0
-25 -20 3 0
14 3 11 0
13 -1 -25 0
13 21 -17 0
-17 -12 -4 0
-12 18 -24 0
24 -17 -3 0
-27 -17 -19 0
-9 21 -1 0
-27 21 8 0
30 -17 26 0
-3 -30 18 0
31 7 -8 0
-19 -18 2 0
-5 27 -22 0
-25 11 -29 0
12 14 -29 0
1 9 -4 0
16 -8 27 0
-30 -23 -6 0
-22 14 -18 0
-11 13 8 0
31 17 22 0
-23 -15 30 0
25 -19 6 0
18 8 15 0
-2 3 26 0
5 -15 -4 0
-1 22 -8 0
-2 -27 26 0
-29 9 -6 0
-13 -12 18 0
31 4 5 0
-9 15 25 0
-17 -13 -24 0
-21 5 -1 0
-18 -14 28 0
-13 21 3 0
-26 28 20 0
-14 -29 -27 0
16 -20 -3 0
4 16 11 0
25 -21 -10 0
28 3 29 0
-26 -14 -8 0
20 -12 11 0
-26 -31 -14 0
6 16 7 0
-30 18 24 0
18 14 -13 0
6 -12 20 0
-7 -22 -10 0
-4 -17 -22 0
24 22 -7 0
2 -7 -30 0
28 11 -26 0
-5 -21 30 0
24 -25 -3 0
10 11 29 0
32 -23 -8 0
15 2 10 0
9 10 -13 0
-5 -8 27 0
12 -24 21 0
-28 -26 5 0
8 -18 19 0
-19 22 24 0
-11 -31 -3 0
31 7 23 0
15 -20 -7 0
18 -30 -20 0
22 5 23 0
-1 -27 -24 0
25 24 30 0
28 3 10 0
-21 -10 -23 0
-11 31 12 0
-7 5 -11 0
-26 20 3 0
-10 13 12 0
19 32 -14 0
-14 -31 -26 0
-19 21 -32 0
28 21 -3 0
26 7 -9 0
25 -7 -1 0
-31 -32 -16 0
-22 -12 -8 0
8 20 2 0
-10 29 12 0
-29 1 26 0
-1 27 -18 0
21 17 -12 0
-18 29 21 0
29 -24 25 0
-14 3 -32 0
3 -5 4 0
-16 -9 -22 0
15 -5 -26 0
-31 -8 29 0
12 4 2 0
30 -3 -12 0
-30 -2 -29 0
-24 -19 -30 0
17 18 22 0
23 31 -17 0
11 7 -10 0
22 -1 24 0
-30 -1 23 0
-5 -24 10 0
-22 4 -18 0
21 4 14 0
-30 -18 -4 0
-6 31 -27 0
6 18 23 0
22 11 27 0
20 -3 -10 0
32 26 -21 0
-13 25 -9 0
12 22 -32 0
-16 27 22 0
29 -9 -15 0
8 -9 16 0
-22 31 -29 0
