p 51 217
-18 -29 -41 0
1 50 46 0
29 -42 -40 0
24 -44 -13 0
17 -39 21 0
1 -24 5 0
40 4 1 0
13 -38 41 0
13 -25 -45 0
42 -50 -43 0
-43 -30 1 0
40 -20 -51 0
50 -44 7 0
-25 19 -16 0
48 2 49 0
18 4 -3 0
-4 1 47 0
-4 20 1 0
-45 3 -48 0
-49 29 -40 0
35 11 -39 0
-20 14 -2 0
28 -44 -19 0
-15 30 -47 0
8 40 -21 0
33 -50 -30 0
32 -15 -48 0
-33 -44 -20 0
-11 -20 8 0
25 20 -35 0
20 -3 -23 0
14 9 20 0
-4 -28 -3 0
20 -22 51 0
38 44 24 0
20 30 -12 0
44 45 22 0
34 -25 -19 0
-13 47 46 0
43 51 15 0
-10 42 26 0
46 24 -41 0
24 -49 16 0
45 28 -47 0
-28 4 -46 0
-24 36 -25 0
-13 -50 -33 0
27 35 -49 0
25 13 -35 0
3 -27 -46 0
17 -34 18 0
-24 29 -18 0
-25 -47 31 0
-21 44 -28 0
-5 -12 17 0
-28 26 -31 0
-26 6 12 0
9 -6 46 0
10 19 -29 0
27 40 -31 0
11 27 -31 0
38 -25 -34 0
-39 -9 24 0
6 24 -38 0
-35 -49 38 0
-30 -31 37 0
42 -51 34 0
38 39 15 0
13 -3 -7 0
35 40 37 0
51 17 9 0
4 42 6 0
-50 -19 3 0
-44 -46 -34 0
51 39 9 0
-45 -41 38 0
26 -24 -48 0
11 -38 -15 0
-6 22 -32 0
45 -12 -46 0
-38 18 51 0
13 8 6 0
-30 -41 -9 0
-8 -29 14 0
-11 -5 -22 0
47 -31 -20 0
21 39 24 0
-51 29 -31 0
-16 8 -43 0
-3 -50 48 0
-15 18 23 0
32 44 28 0
21 -14 -24 0
-38 -51 14 0
12 -30 10 0
-19 -23 41 0
5 -7 -29 0
21 30 9 0
19 -17 37 0
34 10 -47 0
35 14 -37 0
45 -28 32 0
-15 47 31 0
-24 23 51 0
17 -3 48 0
10 -28 -6 0
-11 -41 -17 0
-18 4 20 0
-49 38 -26 0
21 -28 34 0
21 1 19 0
-24 42 49 0
-23 -13 33 0
44 3 17 0
-33 -41 2 0
18 -45 20 0
-48 -40 37 0
38 17 -14 0
-34 -51 33 0
35 -31 -15 0
15 14 44 0
-4 -47 51 0
-9 23 -44 0
-44 -9 46 0
43 -47 3 0
11 24 -33 0
6 31 -13 0
-48 1 36 0
-19 -22 34 0
-45 -46 23 0
-14 -30 12 0
29 28 -31 0
6 -40 30 0
-48 -30 24 0
-13 -29 -9 0
-30 -36 -13 0
42 14 -40 0
22 -4 -19 0
-26 45 8 0
-37 27 -36 0
36 -15 41 0
-7 30 39 0
-2 -22 -32 0
-46 -37 -26 0
26 -28 -11 0
-28 -49 25 0
18 22 -20 0
44 -8 32 0
-48 -41 -49 0
13 41 -11 0
-47 22 41 0
-3 9 -6 0
-9 33 18 0
16 42 -20 0
-22 42 -44 0
10 -26 24 0
51 -38 35 0
15 -1 -31 0
-51 17 -5 0
35 -45 1 0
-20 -19 -21 0
18 -9 -43 0
-40 -12 -20 0
22 -8 4 0
14 30 -13 0
20 -9 -11 0
13 25 37 0
-4 -32 -40 0
-20 -23 32 0
-48 34 -46 0
39 -36 44 0
-4 11 50 0
48 -3 -29 0
2 8 47 0
-3 51 47 0
-42 -49 2 0
42 7 12 0
42 -7 48 0
-48 40 -49 0
38 -5 -13 0
23 -2 -5 0
-26 -28 -16 0
15 -12 33 0
-7 -17 -36 0
34 -19 -17 0
21 41 50 0
28 -29 -20 0
2 8 39 0
11 12 -2 0
-6 -10 21 0
18 -15 -48 0
46 -29 10 0
-14 -10 39 0
10 -49 -14 0
-24 -39 -13 0
14 -34 42 0
-27 46 -13 0
21 -8 5 0
-23 -47 -37 0
43 26 -23 0
23 2 11 0
42 -10 2 0
32 12 49 0
24 -41 -13 0
11 -4 44 0
28 -20 31 0
8 4 29 0
-46 -44 4 0
-20 18 12 0
13 -16 21 0
44 12 19 0
27 -7 16 0
14 1 6 0
-10 45 29 0
48 -6 -27 0
5 32 46 0
29 25 19 0
