p 13 55
3 -10 -8 0
-8 -13 -9 0
-5 2 -7 0
-9 4 1 0
-3 -12 -7 0
-12 -1 -7 0
5 13 8 0
-13 -3 -5 0
-10 7 -13 0
7 4 10 0
-12 -10 6 0
-12 -6 -11 0
-4 -9 1 0
3 11 13 0
-13 2 -5 0
-6 5 9 0
5 10 -3 0
-5 11 4 0
-5 -4 10 0
-7 -11 -6 0
-4 8 1 0
8 7 12 0
-10 7 2 0
9 -2 -1 0
-8 -3 6 0
4 -7 -12 0
7 -13 -2 0
-2 -5 -13 0
-8 -7 -12 0
4 6 3 0
1 -10 -3 0
-4 -3 -6 0
-2 9 -10 0
4 13 10 0
-4 5 7 0
11 2 -8 0
-13 -2 -10 0
12 9 -6 0
-11 13 -3 0
4 -2 -6 0
12 -7 11 0
2 -11 -12 0
11 -7 6 0
-3 4 -8 0
-11 7 6 0
10 -2 4 0
9 -1 10 0
-3 -4 -10 0
-6 12 13 0
7 -13 1 0
13 7 -9 0
12 10 -6 0
-9 11 -3 0
-13 -5 -1 0
-1 -4 11 0
