p 85 362
37 -41 40 0
-73 33 -2 0
-63 -44 -31 0
34 18 15 0
-2 -37 13 0
57 -20 -72 0
-66 31 -9 0
-16 -25 81 0
-8 54 -13 0
23 -18 28 0
41 -18 -40 0
30 14 50 0
61 57 21 0
-74 -48 -47 0
28 -12 -80 0
19 41 -42 0
-47 -25 -76 0
-74 76 -17 0
62 48 -84 0
-44 52 29 0
-41 -27 46 0
56 -60 -46 0
80 -78 -19 0
77 -47 80 0
-5 29 -67 0
35 84 52 0
-9 18 -24 0
-35 84 78 0
1 7 -69 0
10 31 59 0
84 -55 42 0
66 -28 35 0
-81 79 2 0
69 -21 -54 0
-34 -28 13 0
4 51 -6 0
24 -84 -83 0
-65 -64 -74 0
83 -64 -68 0
-40 -33 57 0
36 57 79 0
-64 37 83 0
-57 -12 6 0
-10 -20 59 0
-1 -36 -75 0
-8 -1 80 0
-83 82 60 0
79 68 -26 0
29 -65 16 0
21 -70 43 0
-52 -33 -14 0
16 80 44 0
38 -20 -61 0
-32 -30 -49 0
65 17 23 0
11 43 4 0
-46 19 -27 0
4 5 44 0
-83 25 -79 0
-23 39 45 0
71 -30 26 0
73 71 -27 0
-60 9 14 0
-11 -64 84 0
-34 -53 77 0
-48 -77 -42 0
-25 -56 47 0
13 59 14 0
62 57 79 0
-29 33 -37 0
11 -72 62 0
42 61 64 0
56 52 -12 0
37 45 85 0
-54 83 -41 0
64 41 -8 0
5 24 -55 0
22 20 -36 0
21 -30 -25 0
-83 51 -15 0
77 56 -29 0
-50 70 13 0
84 -35 19 0
-81 50 -66 0
46 -50 -51 0
13 -81 -74 0
-53 55 12 0
-29 -61 -63 0
74 -37 79 0
43 -69 -15 0
-61 -50 31 0
-42 69 -50 0
-36 24 -73 0
72 52 22 0
-52 -11 -22 0
46 55 73 0
15 26 -39 0
4 -81 78 0
-17 58 -57 0
-64 16 12 0
74 59 79 0
-76 -2 27 0
-64 45 -71 0
85 -22 -68 0
31 -41 80 0
73 81 -22 0
6 -33 63 0
-43 17 69 0
-40 85 -4 0
-21 -13 -49 0
50 -5 16 0
5 -40 -18 0
66 -58 48 0
58 -3 -11 0
21 51 38 0
70 -14 -56 0
-69 -18 75 0
-22 71 -30 0
7 -50 -46 0
84 -57 18 0
-15 -72 40 0
39 59 53 0
64 82 22 0
-30 -50 -41 0
-62 75 3 0
17 7 35 0
-19 48 18 0
13 15 -77 0
-6 81 -53 0
26 -21 82 0
-79 16 26 0
54 66 56 0
-53 -29 -13 0
81 -59 -83 0
-85 -70 62 0
12 71 41 0
73 79 65 0
-59 50 82 0
-84 40 -31 0
7 -70 -31 0
26 -56 -61 0
-5 53 -43 0
47 65 -44 0
-2 -81 -69 0
48 71 -21 0
48 20 -45 0
84 45 -79 0
9 -77 47 0
-60 -23 -53 0
48 -12 19 0
72 74 -63 0
-11 -26 85 0
85 -41 -59 0
-8 -50 67 0
-80 23 -48 0
-74 44 46 0
11 -75 53 0
67 5 41 0
40 -45 -32 0
-48 39 -74 0
-18 -61 9 0
51 38 78 0
21 -65 -53 0
80 70 17 0
-4 -74 65 0
11 25 -46 0
-23 85 -19 0
-84 4 10 0
-37 8 84 0
71 42 58 0
-14 16 39 0
26 35 -77 0
13 26 31 0
-43 -5 -75 0
-30 68 -28 0
-74 -23 -25 0
-30 7 36 0
34 -65 -46 0
58 7 -9 0
-62 -26 -78 0
-22 -62 -41 0
82 32 -17 0
47 -16 -38 0
77 30 53 0
-50 18 59 0
83 -20 66 0
-41 32 52 0
-85 -39 -45 0
43 50 -2 0
-47 -2 -75 0
-37 -1 -40 0
81 60 14 0
-73 -42 -53 0
66 -57 -79 0
-4 21 -60 0
-32 -28 14 0
14 54 -75 0
84 2 80 0
42 44 59 0
-77 26 -78 0
-49 -43 25 0
-27 -17 -72 0
-4 24 -60 0
37 9 69 0
-69 -3 76 0
-18 39 -63 0
-73 -21 63 0
-34 -31 20 0
17 71 4 0
18 5 85 0
77 -1 27 0
12 71 -75 0
74 -57 -36 0
-1 19 -83 0
-66 -52 -85 0
2 25 -62 0
79 23 -3 0
-28 -33 -12 0
-50 -32 -15 0
50 -58 -71 0
-39 59 -79 0
65 -8 19 0
-80 34 -19 0
31 34 28 0
14 59 -4 0
82 -54 -85 0
-17 19 20 0
26 63 69 0
-49 -60 57 0
-69 78 -64 0
-57 50 84 0
2 -3 -32 0
39 -33 37 0
-7 76 77 0
33 -13 -49 0
-43 -8 10 0
9 46 -29 0
79 -48 -1 0
-6 76 36 0
-64 -18 -75 0
-54 -15 82 0
-24 13 -3 0
-1 -83 52 0
-38 76 42 0
-83 -5 51 0
-11 29 66 0
75 6 33 0
-17 85 -84 0
-52 -9 65 0
-57 -32 -20 0
-33 53 24 0
27 2 4 0
23 -31 -21 0
35 -45 7 0
-39 73 11 0
1 16 -18 0
30 59 80 0
11 -81 12 0
-46 -67 -13 0
48 8 16 0
-5 -44 -2 0
2 67 85 0
15 -52 39 0
-50 51 -20 0
-84 48 3 0
-59 -13 36 0
-14 -47 -31 0
30 -74 -60 0
49 -36 -59 0
36 14 54 0
57 37 44 0
-21 -79 -83 0
4 71 57 0
15 -39 58 0
47 -2 56 0
-4 23 27 0
67 -76 -23 0
34 72 -9 0
70 29 66 0
-62 -5 -24 0
56 -57 68 0
-62 -19 -51 0
27 1 -34 0
-6 -63 -75 0
-32 -61 -83 0
2 62 15 0
79 -17 -32 0
-2 -6 51 0
57 -35 21 0
-80 28 -52 0
77 -64 9 0
5 -25 76 0
18 -58 -53 0
65 37 -44 0
-15 -12 9 0
-73 -42 -57 0
-23 -83 -59 0
85 -63 1 0
-80 30 45 0
-3 -82 58 0
-78 -34 67 0
13 -57 -43 0
75 22 -57 0
-27 -48 -25 0
-73 4 40 0
-46 82 9 0
-83 -84 44 0
-8 -42 -35 0
-20 -84 49 0
-19 61 -72 0
71 53 -46 0
-19 -2 -59 0
21 33 52 0
-29 81 -38 0
63 -65 -85 0
16 -15 47 0
65 73 -74 0
83 -16 -14 0
-76 -23 -42 0
-57 -56 -17 0
69 64 34 0
13 -44 24 0
43 25 40 0
-54 -23 -63 0
60 43 -41 0
42 11 -24 0
47 -26 -84 0
38 -2 -64 0
-16 -84 50 0
-31 -56 55 0
-80 -81 10 0
-37 -36 -25 0
58 75 21 0
-77 81 28 0
-43 14 -77 0
20 16 58 0
-18 19 -69 0
19 -25 85 0
47 -82 -35 0
-77 -58 67 0
59 54 75 0
72 -7 37 0
-30 -14 -26 0
24 -27 -52 0
-64 2 -58 0
19 -4 -83 0
48 47 75 0
-59 -58 -34 0
38 -60 -5 0
30 -43 44 0
-63 85 9 0
2 15 -11 0
-8 47 29 0
72 -64 38 0
-6 -58 64 0
-62 -28 -65 0
-64 -10 -29 0
-80 -17 -45 0
47 66 -53 0
75 34 20 0
-24 -48 78 0
-66 -84 85 0
