p 44 187
-40 -3 20 0
-14 -2 -38 0
23 -1 -32 0
-36 -44 31 0
-24 -19 25 0
-36 -13 38 0
2 20 -38 0
-26 -21 -43 0
-16 29 -2 0
30 -22 43 0
4 8 41 0
35 -25 -41 0
27 -39 19 0
9 10 44 0
25 43 -33 0
11 -30 20 0
8 35 38 0
1 -42 -25 0
23 -35 -39 0
12 36 -43 0
-4 40 44 0
17 44 -37 0
-10 6 -30 0
9 -13 32 0
23 41 -22 0
-20 -26 28 0
-9 26 33 0
-27 18 -37 0
24 -17 -2 0
3 4 31 0
-17 -5 10 0
16 -18 23 0
27 -22 20 0
-32 10 -44 0
-15 -42 1 0
-20 1 -43 0
12 8 -43 0
-28 -18 -24 0
-28 32 20 0
-40 42 5 0
1 37 24 0
20 18 -14 0
-24 25 36 0
-39 25 27 0
-26 -11 -7 0
-30 -4 -24 0
32 -15 22 0
19 26 -44 0
-44 -25 -34 0
15 1 17 0
-29 -30 -18 0
-16 -10 -41 0
35 -24 -14 0
8 -11 -27 0
12 20 -16 0
-32 -31 18 0
-3 -37 -26 0
-9 13 -30 0
-1 42 6 0
8 -13 41 0
31 -17 25 0
31 8 -33 0
-11 -25 17 0
3 23 -16 0
17 -4 30 0
2 -17 37 0
-9 -27 -17 0
-14 -20 2 0
-42 -34 -2 0
-3 19 -33 0
-26 1 -16 0
31 8 16 0
7 42 -15 0
35 30 7 0
-25 34 -23 0
25 6 -11 0
-33 29 34 0
3 6 -44 0
33 29 31 0
8 11 27 0
17 -37 20 0
11 -27 21 0
-13 -33 -20 0
-41 4 -33 0
6 -26 3 0
9 -18 -41 0
44 35 -9 0
-15 1 6 0
1 35 34 0
-14 41 19 0
-3 -25 26 0
31 19 39 0
8 17 33 0
20 -40 43 0
-11 14 -25 0
-15 -23 -42 0
-34 44 -39 0
25 19 1 0
-22 -25 -31 0
2 21 -28 0
-27 -18 22 0
44 8 21 0
-19 41 -27 0
42 9 -17 0
-41 -7 42 0
9 -5 -21 0
-36 32 26 0
-40 15 36 0
-40 41 34 0
28 -4 -38 0
1 21 -15 0
34 7 32 0
34 12 -15 0
21 -35 -27 0
-30 29 -3 0
-28 -1 -27 0
-21 -27 -40 0
-27 9 -11 0
27 7 42 0
-34 17 8 0
-35 12 -33 0
22 10 -43 0
22 6 -28 0
26 19 16 0
41 11 -22 0
-4 -25 41 0
7 44 -19 0
7 4 38 0
34 40 18 0
-31 27 -41 0
21 -18 -1 0
-28 -35 1 0
8 -7 -19 0
32 -21 -1 0
-20 33 -28 0
40 -27 13 0
-8 16 -32 0
-36 -44 -14 0
17 -2 44 0
24 25 -12 0
-2 1 17 0
-25 -40 -43 0
-43 -8 32 0
-38 44 40 0
8 30 -18 0
-33 43 -30 0
11 12 13 0
-42 -15 23 0
33 36 29 0
17 -6 21 0
40 -5 38 0
37 31 -26 0
-2 4 43 0
-5 -32 30 0
38 26 9 0
-23 -18 -37 0
9 -27 2 0
-4 -16 -13 0
-39 -6 -21 0
12 23 -18 0
-39 29 11 0
-11 -19 14 0
11 26 22 0
-34 43 1 0
32 -30 12 0
9 -26 5 0
-29 27 -12 0
-44 -10 26 0
31 36 2 0
-4 42 2 0
8 10 16 0
39 31 -19 0
44 -30 42 0
10 4 38 0
30 22 44 0
1 26 36 0
38 -42 9 0
33 8 13 0
17 -1 -24 0
4 40 -31 0
-23 -32 28 0
36 -26 -29 0
-26 25 12 0
18 30 -36 0
43 -15 -27 0
39 -4 15 0
-3 -19 -11 0
