p 45 191
36 34 4 0
-26 -18 39 0
32 -17 -40 0
26 -3 -11 0
-31 3 -9 0
40 -2 -4 0
17 14 39 0
35 -45 -27 0
30 28 -27 0
-20 -41 -27 0
32 21 -20 0
22 2 -31 0
-43 -26 40 0
-19 30 -37 0
-10 -41 37 0
41 -45 -30 0
32 10 -28 0
-39 -30 -7 0
12 7 -31 0
-22 10 15 0
-2 36 22 0
-24 -34 -6 0
-24 -2 33 0
-13 27 -45 0
5 25 43 0
22 -31 -21 0
39 -22 34 0
-5 -16 25 0
6 -29 39 0
-17 32 45 0
-44 -22 8 0
-31 7 -15 0
17 -43 38 0
-6 -4 16 0
-5 -21 -23 0
31 -25 45 0
1 6 -13 0
-7 19 -22 0
33 18 -12 0
20 36 9 0
-23 16 -22 0
-12 -35 -7 0
-16 -24 25 0
-30 -3 -40 0
19 -28 22 0
37 -10 43 0
-44 7 35 0
36 -12 -14 0
-34 19 -13 0
16 19 7 0
-13 33 -31 0
38 -40 15 0
-19 -43 -44 0
27 -15 20 0
-32 -16 17 0
-10 19 24 0
-30 -7 -24 0
-45 -33 -8 0
-33 15 27 0
20 -6 21 0
-41 -40 -30 0
21 13 29 0
4 21 31 0
-32 -33 -34 0
-9 25 -13 0
-6 32 45 0
21 33 35 0
-35 30 10 0
6 -45 -4 0
17 33 38 0
-6 12 -28 0
1 8 10 0
-16 -24 -43 0
33 -13 -40 0
-36 -40 11 0
3 31 -38 0
13 -19 14 0
33 -3 34 0
9 -31 42 0
17 -28 -19 0
-20 -30 -31 0
-8 18 -32 0
19 -25 -10 0
-2 -4 -41 0
25 18 15 0
-12 28 -3 0
45 -44 -17 0
-24 36 -8 0
2 25 -18 0
5 35 33 0
34 21 26 0
-15 41 14 0
14 -22 21 0
14 -28 -37 0
43 18 -11 0
8 20 14 0
37 10 38 0
-18 28 -39 0
43 -19 1 0
8 -22 -38 0
-6 -40 -1 0
-33 -6 39 0
8 25 17 0
18 30 33 0
-6 -43 27 0
21 -3 -35 0
-32 -28 -1 0
8 -26 19 0
-4 5 -25 0
-26 -6 19 0
29 10 -33 0
-38 -9 -11 0
30 20 27 0
-41 1 -15 0
10 21 33 0
34 -19 -14 0
43 -27 -45 0
-14 -34 42 0
27 42 4 0
22 24 -7 0
-14 -9 -38 0
-42 -36 -15 0
-39 -26 20 0
14 -22 10 0
36 -13 -35 0
31 -23 26 0
-25 -9 10 0
-1 41 -23 0
-23 -25 2 0
-15 -20 -24 0
-43 -39 -13 0
38 -3 -28 0
26 -35 -29 0
-30 29 -2 0
-44 -3 17 0
-1 36 -42 0
24 -30 22 0
-36 7 -25 0
19 -41 37 0
-12 14 42 0
-26 -32 -31 0
-38 -14 26 0
15 38 -34 0
25 29 16 0
-12 -22 -42 0
-12 -17 37 0
-37 42 -40 0
36 26 45 0
-31 -44 -22 0
1 -33 35 0
-30 -16 20 0
-32 -15 -41 0
38 21 -22 0
4 41 -1 0
-8 -25 11 0
-2 41 -6 0
-10 -27 26 0
-19 -40 -39 0
-7 12 21 0
40 6 -41 0
11 18 36 0
34 -25 -31 0
9 -42 28 0
-43 -25 -30 0
-41 40 -28 0
-8 -17 -14 0
-22 -6 -35 0
-12 6 -2 0
-6 -20 17 0
14 -12 -4 0
-27 -17 -38 0
38 14 2 0
10 -25 -22 0
30 -26 23 0
20 44 39 0
14 -34 -36 0
-28 30 -43 0
-19 -8 -21 0
19 -24 14 0
8 13 -40 0
-6 22 12 0
7 -21 -15 0
1 29 -6 0
-42 12 17 0
20 38 44 0
-40 34 -29 0
2 41 -20 0
-6 -42 17 0
-31 16 -37 0
13 -1 -35 0
36 -12 -16 0
