p 73 310
-30 33 -37 0
21 -62 51 0
-64 65 -13 0
52 -63 -57 0
-14 -32 -50 0
-70 -8 53 0
24 -21 -42 0
-64 25 57 0
-13 51 -2 0
39 40 23 0
-41 -3 45 0
-9 64 -62 0
-67 -18 11 0
23 9 -30 0
56 16 -29 0
-9 4 -67 0
-40 -62 -20 0
-8 -20 -67 0
-62 -21 48 0
1 -60 37 0
14 -46 -21 0
-63 -10 -34 0
41 44 -26 0
23 55 27 0
13 -29 -68 0
68 59 49 0
-4 47 9 0
3 -47 -70 0
11 -46 -57 0
-37 -70 -62 0
8 -13 -52 0
-68 27 44 0
-24 -45 53 0
-65 -6 -42 0
16 -31 12 0
60 53 -62 0
-71 -3 12 0
-18 -37 33 0
12 64 15 0
-66 1 35 0
17 26 -5 0
60 -23 55 0
-56 -38 58 0
-40 -31 -43 0
46 38 34 0
-23 -30 -3 0
37 60 70 0
13 18 29 0
-63 -42 -19 0
18 -60 12 0
65 12 42 0
65 31 61 0
39 -33 4 0
13 -72 -62 0
37 -53 -12 0
-4 5 11 0
-53 44 63 0
37 -69 -31 0
-27 -22 -6 0
-50 19 -18 0
20 39 2 0
-44 60 -19 0
-21 59 18 0
69 -47 -14 0
-2 36 -21 0
49 39 65 0
58 -29 53 0
17 -73 67 0
4 11 -48 0
52 -65 37 0
-59 23 7 0
72 -39 -24 0
59 32 -71 0
-68 -2 -14 0
73 -24 -61 0
-65 47 6 0
-44 -58 -70 0
-72 -18 46 0
-67 32 -69 0
6 -61 42 0
40 57 68 0
69 48 -71 0
17 50 1 0
38 -32 -58 0
54 32 37 0
-73 27 9 0
28 47 -66 0
-1 -5 -7 0
13 25 59 0
59 -53 22 0
73 40 19 0
-21 -19 48 0
16 63 -67 0
49 -60 44 0
2 -42 61 0
60 -33 -8 0
-60 55 37 0
-55 -29 -30 0
-70 -40 -21 0
-34 40 32 0
-22 69 32 0
-66 65 17 0
42 25 7 0
-59 43 -60 0
29 -32 53 0
10 71 13 0
-20 -16 3 0
9 -44 12 0
23 -25 52 0
50 -52 -54 0
67 -11 8 0
-10 -44 -49 0
-31 -55 21 0
53 45 17 0
-39 -2 -8 0
-27 1 52 0
-11 63 28 0
17 31 32 0
-73 57 -7 0
63 26 -73 0
-28 -72 65 0
46 64 12 0
54 -63 41 0
35 -44 -20 0
-32 -45 34 0
19 -55 34 0
71 66 -22 0
60 -25 63 0
-70 -41 49 0
56 -28 17 0
-20 -46 -73 0
-42 56 -44 0
16 46 -63 0
-63 -6 21 0
-21 23 56 0
56 -9 -4 0
18 38 -30 0
-12 -6 69 0
46 -56 19 0
55 21 66 0
-30 50 -55 0
58 47 27 0
53 60 -24 0
-54 59 -61 0
7 -3 55 0
-22 16 -46 0
67 -23 -6 0
65 -72 -52 0
22 58 57 0
37 -48 53 0
14 -42 -68 0
51 -24 -43 0
-43 -38 31 0
44 -26 -2 0
-41 16 60 0
14 25 -17 0
57 10 -7 0
-51 35 54 0
-30 35 -29 0
-67 -7 58 0
64 31 -9 0
28 10 66 0
18 44 56 0
41 -38 70 0
-37 3 15 0
66 -54 -29 0
-20 25 -50 0
-7 -45 -42 0
43 8 -7 0
-70 -60 -48 0
-55 69 -26 0
-11 46 35 0
-68 -27 67 0
73 -51 -44 0
12 -29 -33 0
51 -40 -43 0
-64 -65 41 0
10 73 -69 0
-18 64 -34 0
-28 -32 35 0
68 -36 37 0
1 64 -6 0
-15 16 66 0
60 24 9 0
-59 -16 10 0
-72 50 5 0
49 64 65 0
53 48 -34 0
18 19 58 0
-39 -38 37 0
-34 17 -29 0
-48 36 55 0
-6 -4 -53 0
-15 -72 -6 0
-8 58 -24 0
45 16 -60 0
-28 35 65 0
32 51 52 0
-26 5 -31 0
5 -44 67 0
27 52 -58 0
15 -46 -16 0
29 -28 -5 0
70 -68 -67 0
-71 -22 47 0
-69 11 -23 0
6 -53 33 0
-6 -50 -12 0
56 -18 -66 0
11 -69 -52 0
-68 -45 67 0
-35 30 66 0
61 -46 24 0
47 9 -33 0
-42 44 -36 0
17 15 19 0
-17 -54 -72 0
-70 42 19 0
-29 -49 18 0
12 40 -24 0
42 -47 67 0
-67 -71 -49 0
5 20 63 0
12 -26 -1 0
45 50 73 0
1 -57 -48 0
45 19 18 0
-9 -2 -43 0
-54 -21 -44 0
61 5 57 0
61 -14 -51 0
28 58 24 0
-22 -1 -6 0
30 45 -50 0
-60 40 -54 0
-25 16 15 0
27 9 31 0
65 -29 -61 0
27 -48 -5 0
27 -73 9 0
51 -39 8 0
43 -6 -56 0
6 56 -34 0
-70 68 -22 0
38 46 -4 0
-70 -59 57 0
-41 16 31 0
19 1 49 0
-14 -25 -5 0
16 -60 -7 0
-7 62 -25 0
-48 -38 -50 0
57 -4 -48 0
34 10 -29 0
-42 -65 27 0
-42 -2 -7 0
43 -21 -46 0
49 -51 48 0
-42 -59 23 0
-63 -64 -71 0
-67 22 1 0
5 35 -56 0
61 27 36 0
38 -71 -30 0
35 -25 -30 0
-9 -4 38 0
-68 -40 26 0
-64 -70 -42 0
8 -45 28 0
-7 40 41 0
58 57 14 0
-52 -33 28 0
-38 8 -61 0
-14 -48 45 0
62 -32 -7 0
-37 -18 35 0
-20 55 7 0
66 30 -58 0
39 19 53 0
-38 2 -26 0
-56 4 32 0
-10 4 -2 0
-49 10 -6 0
-71 -18 -68 0
-68 6 40 0
4 -5 -54 0
-51 -24 65 0
64 33 -5 0
19 2 54 0
-21 41 58 0
-63 -53 11 0
43 1 -7 0
43 -38 28 0
-48 21 -18 0
48 29 -28 0
-73 48 68 0
-1 19 39 0
-17 69 7 0
-64 -57 -58 0
-1 65 31 0
-49 -64 58 0
31 35 21 0
-32 -3 47 0
-29 -30 11 0
6 25 -15 0
-58 16 -9 0
56 20 -41 0
-12 42 25 0
17 9 -56 0
-28 -37 -61 0
