p 61 259
4 11 -17 0
61 -39 11 0
-57 45 -60 0
-58 -50 30 0
-43 -51 -52 0
-61 -33 55 0
-38 61 46 0
-47 3 40 0
3 5 -29 0
-1 -24 9 0
-29 13 -56 0
-37 29 -51 0
-34 -41 -9 0
30 -4 18 0
-40 61 -25 0
41 40 13 0
59 39 -5 0
-38 -2 15 0
35 29 21 0
-11 56 19 0
-27 57 -9 0
11 32 40 0
39 -38 -5 0
23 4 -58 0
42 16 -54 0
-58 8 40 0
12 -5 -42 0
-17 40 -4 0
-15 6 -33 0
-60 -41 -61 0
60 -34 45 0
17 27 39 0
-58 43 57 0
46 45 19 0
-13 -57 -21 0
-59 -57 23 0
19 1 -25 0
56 -47 -33 0
-60 -48 46 0
45 56 59 0
43 50 -33 0
30 22 -31 0
-22 4 8 0
33 -55 42 0
-38 -5 29 0
2 6 -60 0
-21 -56 50 0
32 13 60 0
-25 -58 15 0
-60 16 -32 0
6 32 28 0
-43 -55 40 0
56 -22 -40 0
54 18 -25 0
14 -52 -27 0
-19 -55 30 0
-52 -51 -34 0
-19 -40 -10 0
37 52 -18 0
-46 -22 -17 0
29 -22 24 0
19 -57 49 0
60 -30 -51 0
-20 15 27 0
45 -48 14 0
-43 17 -23 0
58 36 11 0
12 -27 3 0
50 -55 20 0
47 23 58 0
17 -52 -4 0
7 -13 -32 0
-25 18 27 0
-27 24 -38 0
17 35 2 0
4 -28 21 0
-59 -51 42 0
12 31 -22 0
9 27 54 0
18 -30 27 0
60 41 -3 0
42 -45 11 0
11 60 41 0
8 -13 -34 0
-23 -28 56 0
-20 53 6 0
7 -34 59 0
-20 44 21 0
37 -2 -14 0
-35 -50 4 0
34 30 55 0
60 -28 -59 0
36 -40 -54 0
34 -57 -2 0
36 52 17 0
-42 15 -11 0
7 51 39 0
37 20 -5 0
-49 -29 -31 0
7 -11 36 0
-55 -3 -41 0
-17 -41 -11 0
39 -51 59 0
-13 20 -9 0
-28 -12 36 0
41 -1 46 0
7 -20 -6 0
54 29 35 0
-30 -1 -57 0
-42 45 -23 0
51 61 -20 0
1 -10 27 0
37 58 -28 0
58 16 -40 0
-23 57 -22 0
32 3 7 0
56 -38 -12 0
13 -54 20 0
12 -30 -57 0
-8 51 13 0
25 51 13 0
7 14 60 0
-1 15 -28 0
-2 6 45 0
33 42 -12 0
-54 -42 13 0
47 29 21 0
26 23 13 0
-6 42 -48 0
-41 20 -47 0
-53 51 58 0
-35 -42 36 0
-38 6 25 0
49 41 -52 0
-12 -3 -32 0
10 -57 -52 0
-21 35 -17 0
20 28 60 0
45 -44 3 0
-30 -44 39 0
-45 -35 -4 0
32 -41 30 0
-59 23 -44 0
-6 36 24 0
51 -12 59 0
41 -58 -21 0
47 51 -20 0
-52 49 23 0
18 40 35 0
46 16 -28 0
19 -33 23 0
50 -25 39 0
5 -38 36 0
-2 -31 57 0
51 -52 -37 0
-34 56 13 0
-35 7 -20 0
26 -22 -12 0
38 -53 31 0
-28 56 -37 0
61 21 -6 0
-53 49 10 0
42 -12 -15 0
4 -42 22 0
-12 48 37 0
50 54 28 0
-55 59 2 0
-54 26 -24 0
47 38 39 0
42 61 35 0
-37 5 -42 0
31 -23 56 0
-24 23 57 0
-49 11 18 0
-43 -56 -31 0
49 14 25 0
-3 15 -18 0
12 8 32 0
37 57 29 0
21 -57 60 0
-5 -38 29 0
-3 -7 -61 0
58 7 -49 0
-8 -53 -35 0
-40 3 -52 0
-3 30 55 0
-28 -27 -1 0
25 23 -37 0
36 59 44 0
2 13 16 0
-23 19 -5 0
-27 -35 8 0
5 21 40 0
48 -14 -57 0
-46 18 5 0
13 5 -8 0
12 -3 -23 0
-15 16 -46 0
-11 -3 -41 0
16 -11 58 0
10 -35 61 0
45 12 36 0
-56 -51 8 0
-14 44 50 0
15 -54 -38 0
7 27 -42 0
-61 -1 -18 0
33 49 37 0
-52 -7 -38 0
-36 -42 -56 0
-8 -49 46 0
32 52 -44 0
13 -58 8 0
-3 -48 -17 0
21 9 32 0
-38 -45 -19 0
-24 -51 -3 0
19 -37 -57 0
-11 -24 26 0
-54 -39 -55 0
33 17 29 0
11 -45 -49 0
3 -30 -27 0
-46 -3 59 0
-25 -35 47 0
2 8 -37 0
-30 -26 37 0
43 4 -14 0
11 -5 60 0
43 48 58 0
-54 -33 -58 0
-18 21 -55 0
-11 37 -52 0
-19 -55 -17 0
-47 29 39 0
17 -51 18 0
25 50 10 0
8 26 -57 0
-27 -57 -48 0
-22 -52 17 0
47 -21 53 0
43 -46 58 0
-45 61 -5 0
41 34 17 0
-1 40 18 0
-31 40 -13 0
-54 -26 -53 0
-53 -31 59 0
-35 51 38 0
4 52 -10 0
-15 49 -50 0
-54 59 -47 0
-51 59 -40 0
-10 -50 35 0
28 11 -51 0
-52 -27 -38 0
49 -21 -54 0
-13 60 46 0
41 -43 11 0
