p 96 408
91 67 -18 0
-82 43 -52 0
-5 52 -50 0
36 -51 53 0
12 -10 -45 0
47 87 -66 0
50 -72 -81 0
-20 -49 -65 0
-58 -20 -31 0
30 3 -14 0
29 -94 46 0
-49 -6 -48 0
-31 51 -83 0
21 80 26 0
-68 33 -36 0
77 88 68 0
93 -30 48 0
-90 59 -75 0
96 73 -80 0
-39 -60 12 0
-46 89 93 0
77 -12 87 0
81 -39 82 0
-8 68 -5 0
14 -92 54 0
2 -87 36 0
23 -16 -29 0
82 -38 30 0
-21 -32 -25 0
33 -36 67 0
15 -45 91 0
-41 -31 63 0
72 47 -22 0
35 91 18 0
-13 -1 -27 0
89 24 -94 0
86 -74 34 0
92 86 -65 0
22 -44 -8 0
96 -51 -42 0
-70 -39 55 0
-25 -83 24 0
72 -77 -52 0
-63 -13 83 0
-69 31 -26 0
-22 88 71 0
-96 20 68 0
-39 -74 90 0
96 29 22 0
52 50 -27 0
-80 -74 -11 0
91 21 85 0
8 -29 -21 0
-18 -9 65 0
63 -96 5 0
-59 86 51 0
-49 -47 25 0
84 70 92 0
9 80 3 0
78 28 57 0
12 -3 -37 0
73 -25 -41 0
-6 38 -30 0
21 -62 50 0
39 29 -57 0
-67 -1 70 0
-81 -80 14 0
49 -96 4 0
36 13 -5 0
14 46 -51 0
-39 -93 3 0
-24 84 -44 0
90 -89 -74 0
-12 -18 74 0
-8 60 61 0
-82 -69 -13 0
26 -44 -68 0
-17 -55 -5 0
18 -60 -87 0
-64 76 -30 0
50 93 58 0
6 11 33 0
-14 84 73 0
-51 91 -19 0
-32 -14 -78 0
67 21 -77 0
46 -95 -67 0
-65 -78 94 0
-89 65 -59 0
5 60 23 0
-39 71 43 0
-76 20 47 0
-1 92 -42 0
70 -8 71 0
-75 -74 -64 0
-49 -80 45 0
28 -60 36 0
53 -66 -96 0
-79 68 62 0
58 33 46 0
93 -37 -36 0
7 2 -16 0
89 82 38 0
-35 42 17 0
-96 52 33 0
-92 86 85 0
45 82 88 0
-39 -10 -84 0
72 92 42 0
53 -48 82 0
56 -92 -40 0
-2 1 -29 0
44 -24 7 0
-83 56 -37 0
84 -6 -26 0
-31 -21 -86 0
55 -86 -82 0
-44 21 -85 0
77 14 -46 0
14 -90 87 0
43 -42 18 0
-70 -89 -17 0
67 10 -41 0
5 49 37 0
89 -79 -93 0
-78 -77 33 0
43 -61 70 0
37 -27 41 0
85 20 41 0
-5 43 96 0
67 -12 2 0
8 6 37 0
-89 -16 -12 0
59 -16 26 0
33 -55 -47 0
13 -90 83 0
-48 -29 14 0
-69 6 -63 0
-88 -90 65 0
-13 51 -60 0
-59 15 -83 0
-68 -82 31 0
6 74 62 0
-90 -36 10 0
-86 -1 63 0
32 7 92 0
38 -20 62 0
79 20 11 0
24 -51 69 0
-57 -72 66 0
15 12 -38 0
27 42 81 0
12 46 -27 0
3 -72 -6 0
50 -2 -7 0
94 88 74 0
36 24 -11 0
-87 -42 78 0
-36 -4 -23 0
-15 4 -71 0
-15 -53 -78 0
24 -37 58 0
-63 71 -41 0
-63 -16 -49 0
-59 -15 -18 0
81 90 30 0
-44 -66 17 0
7 -35 -45 0
-76 1 61 0
-92 59 -91 0
32 -79 25 0
51 -64 -88 0
3 44 -13 0
-16 -95 86 0
-93 -84 -36 0
89 19 -43 0
-42 -56 19 0
-60 -73 -14 0
-48 11 -14 0
-30 -88 43 0
-76 -3 86 0
-80 -10 37 0
87 5 -70 0
88 -8 64 0
-26 56 9 0
-61 39 -48 0
-46 -26 37 0
26 68 -71 0
-44 91 65 0
-10 -86 30 0
-44 -2 -39 0
-86 -91 35 0
-90 -39 85 0
83 -87 12 0
41 -15 -91 0
37 -24 48 0
66 -83 71 0
75 -77 -44 0
68 -22 -49 0
-61 -81 -91 0
51 -81 -10 0
54 -49 79 0
-27 -45 48 0
50 80 14 0
-22 -80 13 0
-38 -45 -71 0
-1 -42 45 0
-37 -1 72 0
75 -59 -14 0
-40 83 14 0
-15 -6 -48 0
-70 51 -53 0
-48 73 -17 0
96 -74 48 0
-76 -27 -29 0
43 -42 88 0
11 69 -67 0
-90 -74 -42 0
-89 61 -6 0
-82 -83 -68 0
-70 64 -61 0
-13 29 -20 0
-21 67 -78 0
19 -28 60 0
89 59 -57 0
22 57 38 0
54 -95 -46 0
-16 -5 50 0
-94 -18 -15 0
38 -11 89 0
1 88 39 0
-7 -94 11 0
-62 93 -42 0
-55 57 -26 0
-76 -9 65 0
-49 -12 80 0
7 73 2 0
-4 -53 -14 0
-27 -50 -8 0
-6 -29 2 0
77 19 25 0
7 80 -8 0
41 -21 -3 0
-58 84 54 0
2 65 -32 0
-33 63 80 0
14 63 -54 0
71 -5 -8 0
-7 10 56 0
-48 77 -30 0
-51 -54 -80 0
59 -23 1 0
-50 9 -39 0
-69 -7 -19 0
66 90 30 0
-40 57 -43 0
28 -6 23 0
-67 -27 -14 0
8 90 -89 0
-93 78 41 0
5 39 32 0
66 56 -95 0
-43 7 11 0
-19 -9 44 0
81 72 -40 0
29 5 -77 0
-57 75 -74 0
-26 3 -94 0
61 -83 -37 0
-33 74 7 0
69 16 -90 0
-6 -46 90 0
38 -71 -57 0
10 -41 55 0
80 -16 -25 0
-87 80 74 0
50 -17 15 0
82 -7 -6 0
40 -83 21 0
51 -55 20 0
-30 26 -47 0
-96 -4 92 0
-80 11 -48 0
35 -48 91 0
18 69 -58 0
-22 -65 81 0
93 61 28 0
77 -22 62 0
71 -73 24 0
26 -60 10 0
-84 -75 -21 0
-50 27 -38 0
-78 -68 -27 0
48 -88 -2 0
-80 18 30 0
52 61 -27 0
32 -61 -80 0
49 36 2 0
-75 -79 85 0
-32 -21 -82 0
64 47 -49 0
-58 85 1 0
-79 -75 -74 0
-67 49 -46 0
-68 77 -56 0
84 -80 -2 0
68 -79 -62 0
-46 -6 48 0
-78 -34 -46 0
74 55 58 0
-35 46 22 0
2 30 67 0
-77 30 70 0
-41 -45 -16 0
72 9 -52 0
-77 -26 45 0
-46 66 41 0
-87 -63 -27 0
23 95 -84 0
-3 -58 35 0
12 -65 47 0
21 -64 15 0
25 69 52 0
66 -58 -56 0
90 -61 -66 0
60 -58 43 0
92 32 -36 0
-71 -96 -32 0
-37 -39 -31 0
-25 80 73 0
-95 -68 -11 0
88 -80 90 0
-28 -32 -78 0
56 59 -93 0
90 34 -70 0
61 51 -14 0
87 -24 -92 0
57 -9 -1 0
4 64 78 0
-51 -25 9 0
-21 -6 -66 0
38 6 60 0
-40 90 -15 0
-40 44 -46 0
52 43 27 0
-17 5 -14 0
-47 83 22 0
-8 56 -92 0
95 57 33 0
-33 54 -23 0
-21 -94 73 0
-81 37 32 0
-53 23 -70 0
74 28 -66 0
-62 -93 27 0
-95 -21 -77 0
-75 -68 80 0
-73 86 30 0
-2 13 -89 0
21 -83 88 0
-22 -83 -51 0
-89 -62 -3 0
-22 41 36 0
91 -10 33 0
-60 -55 87 0
-85 -23 -41 0
-25 48 -44 0
-77 -85 48 0
-83 40 53 0
-16 -11 5 0
20 -82 23 0
20 58 -19 0
34 28 -51 0
85 51 -78 0
-76 37 -80 0
36 -23 -26 0
-69 56 -37 0
-72 24 -80 0
88 -94 -66 0
96 -82 3 0
27 72 59 0
72 -96 20 0
-6 -56 70 0
-36 -34 91 0
-27 31 -6 0
-58 81 -55 0
23 -55 75 0
6 -27 -56 0
-21 13 -40 0
-13 -15 70 0
61 -68 34 0
39 36 -37 0
59 -40 -63 0
1 -60 -48 0
60 -45 58 0
6 -9 39 0
7 -49 -94 0
38 77 -82 0
84 32 -80 0
-46 31 -39 0
61 24 -74 0
70 -49 38 0
41 -53 -54 0
-92 93 42 0
-21 52 -58 0
81 60 -27 0
17 83 13 0
16 19 -64 0
