p 66 281
-36 -28 -40 0
42 -31 -66 0
3 27 -37 0
-64 60 7 0
33 -11 -57 0
33 30 -44 0
16 -23 18 0
-66 -56 -16 0
-35 53 -49 0
42 8 -26 0
-27 -47 60 0
37 57 -21 0
-39 -36 58 0
53 60 63 0
-64 -6 -26 0
-64 -58 55 0
51 47 6 0
47 -31 63 0
30 38 -31 0
39 37 18 0
-51 -4 59 0
-27 56 -10 0
63 -23 32 0
-23 -58 62 0
-51 -13 24 0
-63 -42 -12 0
10 -54 26 0
-40 8 65 0
-8 46 -19 0
15 -11 8 0
7 -1 52 0
1 9 -39 0
63 37 55 0
-33 21 -38 0
-8 -41 12 0
-2 -22 9 0
15 -49 51 0
3 65 -25 0
-18 -28 9 0
-7 -44 3 0
17 -47 -38 0
56 -36 55 0
5 -33 15 0
23 -10 22 0
25 -35 -15 0
-19 -33 63 0
-53 43 -29 0
18 -53 62 0
-5 35 18 0
-40 -13 55 0
-45 -37 50 0
14 -53 18 0
8 -12 59 0
-22 -2 4 0
40 -11 -50 0
1 -34 23 0
-35 18 -53 0
42 -56 48 0
-49 63 -62 0
59 53 62 0
-24 -11 -57 0
-50 -58 -33 0
53 -51 18 0
-26 47 18 0
38 63 7 0
-16 9 22 0
53 -64 8 0
25 5 42 0
-63 28 22 0
-26 -1 -41 0
-62 -20 -21 0
-42 20 -25 0
16 52 64 0
-25 6 23 0
39 -38 -64 0
65 -43 -1 0
-56 -33 -58 0
31 52 17 0
-43 26 58 0
58 30 -41 0
58 57 21 0
58 14 37 0
-66 57 -49 0
47 -63 11 0
56 37 -52 0
-1 -34 65 0
7 43 29 0
60 -30 -32 0
28 32 22 0
-4 38 7 0
-11 -10 -59 0
-47 -64 -63 0
-30 6 -59 0
11 -17 -47 0
-11 -5 17 0
-41 47 58 0
8 -43 -42 0
64 -8 -30 0
-21 -17 19 0
-53 25 24 0
-21 15 -53 0
-53 -63 27 0
-21 23 -62 0
17 -43 -39 0
19 45 -1 0
-22 64 -55 0
-35 -39 -66 0
49 -17 2 0
27 -39 -56 0
-56 -57 50 0
13 45 27 0
29 -34 -10 0
-13 17 59 0
58 57 -51 0
-16 -13 -12 0
29 47 15 0
-24 -13 -36 0
16 47 7 0
-12 -32 -11 0
-40 52 -53 0
-40 2 -15 0
28 -46 -16 0
-60 -18 -30 0
15 39 5 0
32 62 -21 0
4 -16 41 0
60 -27 3 0
-34 11 -41 0
58 -20 -52 0
21 3 46 0
15 -48 -18 0
19 37 -64 0
6 29 -30 0
-59 -23 54 0
-30 20 52 0
9 -10 -62 0
50 23 -8 0
-46 -5 -17 0
16 45 -28 0
47 44 -27 0
-11 -29 -7 0
51 66 -21 0
54 -55 15 0
-2 -45 65 0
-31 -4 15 0
-44 21 -30 0
18 34 -60 0
33 -14 -50 0
63 -23 66 0
2 -25 -44 0
-58 41 51 0
-11 19 42 0
-5 3 40 0
53 -38 3 0
-26 50 -31 0
5 55 -53 0
43 -3 35 0
56 7 -60 0
43 -59 21 0
-4 -19 12 0
51 -34 10 0
2 60 53 0
49 64 1 0
-50 28 -65 0
-29 7 57 0
-61 1 -65 0
26 -1 29 0
-66 -4 16 0
-34 -52 -43 0
65 49 -24 0
-27 -38 41 0
-26 -10 -61 0
44 -4 16 0
50 32 -20 0
-45 49 -29 0
2 -39 -13 0
19 -32 38 0
-40 15 -10 0
-1 -11 -55 0
2 57 1 0
37 23 -40 0
-21 64 -55 0
-27 -50 -41 0
2 -59 46 0
-49 29 55 0
-57 64 -5 0
63 45 -2 0
35 21 34 0
16 42 -52 0
61 42 50 0
50 16 -33 0
-51 23 29 0
-52 -12 20 0
-19 -20 21 0
-43 59 4 0
-63 1 26 0
-40 -49 54 0
34 -32 38 0
-29 -46 14 0
39 64 9 0
46 -31 -49 0
57 -52 -44 0
22 28 14 0
29 -40 52 0
-24 -39 13 0
-3 -64 -20 0
-58 36 -48 0
-60 -66 -36 0
-17 -6 62 0
-64 -5 59 0
-23 29 -63 0
-14 -1 41 0
-23 -17 -66 0
24 37 -29 0
37 -27 66 0
66 -60 -4 0
-36 17 4 0
-42 34 35 0
66 50 -49 0
-12 26 -19 0
-56 28 47 0
-9 -57 8 0
-17 -11 37 0
12 -9 -59 0
9 15 -46 0
-28 34 3 0
36 21 55 0
-40 33 14 0
24 -9 39 0
45 6 -23 0
34 -36 49 0
-63 -51 29 0
13 25 -9 0
-38 -50 9 0
49 53 54 0
-22 -11 37 0
48 -24 62 0
-29 -17 -25 0
-39 -1 -18 0
-4 -62 58 0
26 44 38 0
-65 -45 -4 0
37 -39 14 0
-11 2 -40 0
-45 64 58 0
22 19 -13 0
-29 44 23 0
24 26 -12 0
-21 -28 -54 0
64 47 -21 0
-66 64 -39 0
47 -34 -31 0
-42 -21 -5 0
-29 -44 65 0
6 9 -26 0
16 -7 -59 0
42 6 43 0
8 15 56 0
54 44 -53 0
34 -46 -40 0
-58 13 66 0
-63 15 -32 0
-49 3 56 0
16 -39 -64 0
-50 36 -58 0
-27 19 42 0
-64 -17 -62 0
-6 -52 61 0
-24 -26 -46 0
-30 -65 -51 0
-5 13 -32 0
-44 -38 37 0
2 28 58 0
24 33 -11 0
-65 -24 33 0
-35 47 48 0
-26 -23 27 0
-32 23 50 0
2 51 -1 0
-23 20 3 0
13 -19 6 0
