p 89 379
-6 33 -39 0
33 -32 -52 0
-82 81 -11 0
-89 78 67 0
-45 -56 -8 0
39 -69 79 0
67 -50 -73 0
41 29 64 0
25 31 -23 0
44 -66 -48 0
62 -7 15 0
-78 -11 -62 0
89 -45 81 0
56 -82 -21 0
73 -67 -26 0
-58 72 33 0
-42 -3 -49 0
-6 -46 -40 0
-87 -68 50 0
62 51 48 0
82 -43 69 0
-78 -16 64 0
-27 23 25 0
50 -5 -70 0
-72 -64 -73 0
-26 -74 -52 0
60 23 -63 0
79 -87 69 0
40 66 88 0
-30 -35 -9 0
-64 -31 34 0
9 -86 63 0
-80 18 33 0
44 75 -71 0
21 -58 6 0
-56 62 2 0
-62 -10 -55 0
-45 8 -89 0
8 -18 -26 0
-64 -65 -81 0
43 -71 54 0
-80 -46 -81 0
24 45 -85 0
-54 -50 51 0
4 -25 5 0
18 6 89 0
-62 39 -57 0
59 -81 40 0
-54 -48 75 0
4 65 -64 0
-1 -50 -10 0
-21 -48 -28 0
-42 10 6 0
-69 -11 -73 0
-22 -2 -64 0
-77 -36 28 0
-1 77 -15 0
20 -27 5 0
81 -74 85 0
50 -80 11 0
-81 20 -2 0
-19 -42 -64 0
-77 86 -11 0
-1 -81 -57 0
-48 -88 -75 0
-48 42 -87 0
-60 -12 52 0
-69 51 -82 0
-36 24 77 0
-25 -12 -14 0
-14 -8 -39 0
-54 -89 25 0
-21 -72 -56 0
-54 -57 77 0
48 -60 -38 0
88 -20 4 0
-71 2 37 0
43 -85 -26 0
-58 -30 61 0
-64 19 3 0
-62 30 -64 0
-9 -30 -29 0
-18 64 -6 0
-62 81 -60 0
-62 -51 -13 0
39 -71 -50 0
-68 -74 41 0
-84 79 -49 0
40 70 -1 0
85 -53 -38 0
-30 -51 -68 0
-89 37 55 0
44 24 39 0
77 -38 -83 0
-13 31 44 0
42 -6 -62 0
-74 -1 -73 0
73 -67 40 0
-17 -36 -80 0
-26 -41 -5 0
83 17 -33 0
-63 -4 54 0
61 -46 36 0
32 -23 -28 0
-50 -52 -18 0
-37 -71 70 0
-87 -74 31 0
-12 -9 -35 0
-57 -67 -32 0
78 -87 -88 0
25 -82 37 0
53 -25 -46 0
10 88 -60 0
-79 -30 19 0
-27 48 65 0
66 -88 -6 0
46 11 49 0
16 48 59 0
66 -18 -87 0
-29 87 -84 0
-27 68 50 0
55 -70 66 0
-47 -65 -52 0
-12 -29 67 0
8 -47 -36 0
12 -24 56 0
-62 -21 -47 0
77 -49 60 0
-46 -33 60 0
87 25 21 0
-75 43 -79 0
46 -89 -38 0
-26 51 -5 0
-49 53 85 0
-27 -80 77 0
88 25 49 0
25 -80 -11 0
63 -65 -17 0
-58 63 -13 0
72 87 -59 0
19 -47 -35 0
-75 49 1 0
84 -66 34 0
9 23 -19 0
38 5 -82 0
-51 3 24 0
66 -24 58 0
19 -50 36 0
-75 -61 11 0
78 -76 -21 0
-81 65 -1 0
22 69 67 0
-46 -16 51 0
16 -63 -10 0
-5 -9 84 0
14 -75 62 0
-7 -19 -84 0
69 -8 -17 0
-58 -75 69 0
23 -63 -27 0
-61 34 28 0
-84 -68 25 0
-32 -50 -44 0
35 -24 78 0
-18 -84 -87 0
-69 38 -17 0
61 76 88 0
1 31 4 0
-28 -4 62 0
-71 -66 -52 0
80 64 52 0
73 64 -11 0
-63 -51 -32 0
-48 39 87 0
14 -11 -49 0
-34 10 61 0
48 -10 67 0
-71 -57 -27 0
7 -30 -37 0
26 -83 1 0
73 75 49 0
3 89 64 0
14 -46 63 0
-70 19 -37 0
-76 -40 -25 0
21 7 -69 0
-22 78 -36 0
-68 -31 -63 0
-31 -9 44 0
-49 -16 79 0
-85 28 69 0
-16 -57 -3 0
-34 35 80 0
-86 -31 -53 0
60 -19 68 0
-76 84 38 0
-11 -86 39 0
52 68 -72 0
-88 29 41 0
46 47 8 0
52 4 18 0
-69 -47 46 0
15 -67 -34 0
-41 77 33 0
82 -43 -8 0
-15 60 -2 0
-41 -83 61 0
29 -63 -66 0
5 18 77 0
-86 -11 -61 0
79 40 15 0
-69 -23 36 0
-55 -37 71 0
25 14 52 0
6 -9 31 0
-56 -61 -11 0
-34 -54 -29 0
61 -41 21 0
25 76 28 0
3 -53 -81 0
-4 42 69 0
-88 68 -83 0
3 -2 30 0
65 58 72 0
55 8 -71 0
-78 -47 -36 0
-33 1 -85 0
-13 73 11 0
-68 -48 -15 0
-28 -78 43 0
48 -6 33 0
32 25 37 0
-61 -30 -77 0
-77 -4 -51 0
71 -10 -76 0
60 -47 -80 0
4 13 -10 0
-43 -51 16 0
-3 47 32 0
-37 -45 27 0
54 89 49 0
41 32 -18 0
74 -59 -5 0
-33 -18 -26 0
1 -66 -84 0
49 -88 40 0
-22 1 44 0
-82 20 -7 0
-88 78 -45 0
-8 27 5 0
-15 -81 2 0
-49 45 -61 0
87 89 29 0
26 81 -41 0
49 -77 -70 0
-81 -40 -84 0
23 -43 -58 0
84 33 34 0
59 37 -45 0
-66 -7 14 0
13 -85 58 0
-23 75 84 0
-12 -45 38 0
26 39 29 0
-69 38 24 0
3 -83 38 0
69 51 -74 0
-38 81 -66 0
-81 -34 53 0
31 -33 -64 0
66 -39 -63 0
83 53 16 0
-53 57 -47 0
67 80 38 0
-76 -35 83 0
12 -20 -49 0
-31 75 79 0
48 -88 85 0
-25 -67 72 0
78 52 -43 0
-49 18 11 0
22 55 73 0
82 -44 -35 0
54 58 -63 0
-75 36 56 0
77 84 -27 0
-39 9 11 0
-51 -9 -26 0
54 -15 48 0
87 77 -13 0
-12 26 -5 0
1 -87 -58 0
29 2 -39 0
-46 -1 -85 0
-24 -32 23 0
-61 -11 68 0
-6 -12 73 0
-37 26 -69 0
-15 50 -32 0
26 -8 -4 0
40 10 -26 0
21 -54 58 0
14 -70 -86 0
3 70 -81 0
60 -45 -27 0
-29 27 -22 0
-58 13 -78 0
-50 -28 69 0
-50 24 56 0
-71 14 40 0
-80 77 -75 0
-2 -43 -60 0
-68 39 11 0
54 89 -74 0
74 54 -33 0
-82 -37 -83 0
-47 9 73 0
-7 67 -72 0
89 33 81 0
-20 78 73 0
71 64 -38 0
-43 85 -74 0
15 39 -25 0
84 9 -26 0
33 -70 10 0
67 53 4 0
69 -46 44 0
35 -43 -23 0
22 -30 -84 0
-61 36 -2 0
-60 -63 -16 0
72 -7 -36 0
-54 -10 32 0
29 26 64 0
-89 -84 38 0
-27 -70 -88 0
56 -32 36 0
-47 77 -74 0
-69 -28 76 0
-2 40 34 0
-33 -42 -87 0
-52 1 -57 0
60 20 6 0
2 30 40 0
66 -11 -52 0
85 -18 -48 0
-27 -3 -57 0
30 -55 73 0
-7 58 24 0
-59 -56 62 0
-16 1 26 0
53 30 76 0
10 -69 27 0
-60 28 63 0
79 48 19 0
43 -46 13 0
54 76 46 0
-33 -48 -83 0
-45 8 -11 0
68 14 -47 0
83 -72 4 0
-4 -53 20 0
20 -31 19 0
-35 58 32 0
-72 29 -51 0
34 -73 87 0
-62 -85 6 0
-27 2 -11 0
14 -67 -38 0
84 -79 15 0
6 -77 14 0
-64 -5 -52 0
25 70 -13 0
-80 64 74 0
-59 -70 -22 0
49 -85 24 0
-10 -27 21 0
-88 7 78 0
53 -63 -68 0
