p 76 323
-37 73 -23 0
-7 -38 -15 0
25 -5 75 0
73 -54 63 0
45 -71 5 0
-75 -51 43 0
-46 35 -12 0
-4 66 -65 0
47 -38 -33 0
-2 34 63 0
8 52 -2 0
26 -1 64 0
-56 -59 -25 0
63 38 71 0
72 -43 -20 0
53 -38 57 0
65 -12 62 0
35 60 -37 0
22 40 56 0
-5 36 25 0
-65 62 52 0
-38 10 39 0
49 -21 37 0
-5 30 -49 0
16 -56 -69 0
71 -5 67 0
31 -67 -11 0
-68 -43 -7 0
-33 -34 10 0
33 -60 15 0
65 -50 -49 0
52 -5 14 0
-5 -44 76 0
-12 13 -61 0
-66 67 39 0
-25 53 14 0
-73 31 15 0
34 61 -14 0
74 28 -4 0
21 17 34 0
28 30 43 0
39 73 -66 0
-51 56 26 0
-51 6 -11 0
-33 -70 -4 0
-76 -11 62 0
-72 -32 -21 0
14 -28 56 0
40 -65 55 0
-55 75 57 0
11 -72 48 0
-4 -2 -21 0
-73 -40 42 0
-51 -54 -39 0
-38 12 73 0
53 -7 -33 0
41 -43 11 0
-47 -26 19 0
-65 2 -62 0
49 -27 -12 0
-38 33 -41 0
-70 -69 -30 0
74 -5 13 0
-38 -4 8 0
-22 20 50 0
-2 54 -37 0
9 -22 -50 0
-59 1 42 0
39 -58 -72 0
-12 35 49 0
32 48 33 0
-59 55 8 0
-50 29 2 0
65 54 43 0
-69 -76 -53 0
-50 -71 21 0
12 73 22 0
17 37 -34 0
1 5 -34 0
74 -24 71 0
-34 -46 -66 0
-70 41 -50 0
-51 43 -66 0
2 -25 29 0
-46 -34 22 0
-44 -71 -73 0
-32 -48 -45 0
11 -45 21 0
-61 27 18 0
30 61 -45 0
12 -18 62 0
-18 37 22 0
-75 -48 -46 0
28 -52 64 0
-16 -41 -52 0
-4 58 6 0
9 70 -21 0
-48 -57 -63 0
31 28 41 0
-20 -71 48 0
-18 14 43 0
-42 2 -57 0
-19 -60 -66 0
14 72 -9 0
43 26 -17 0
-31 2 -3 0
-31 -74 -2 0
-67 -66 -28 0
-50 5 18 0
-34 17 13 0
-68 36 -8 0
-48 59 -71 0
63 61 52 0
-64 68 -34 0
15 -49 -17 0
32 2 -18 0
26 -46 -25 0
-23 -72 -41 0
-72 -59 29 0
59 -33 -75 0
-60 -33 69 0
-7 58 -10 0
1 -40 35 0
7 -43 10 0
47 51 -20 0
63 2 -36 0
-56 -23 -39 0
19 -3 -32 0
15 -70 -64 0
-71 63 1 0
55 63 5 0
56 -18 -50 0
-52 -12 -30 0
-40 -12 71 0
-22 72 74 0
-11 -54 -41 0
16 75 -27 0
35 -36 33 0
-4 -38 -31 0
-8 -39 9 0
-15 -32 56 0
42 -47 55 0
-2 -31 -26 0
-76 -37 -45 0
39 -1 -55 0
18 76 21 0
6 -55 -61 0
-13 -36 -76 0
-70 31 3 0
6 42 21 0
46 38 -31 0
-74 43 -58 0
54 64 17 0
-75 16 36 0
33 -45 21 0
-45 -46 36 0
-39 -36 64 0
-68 45 3 0
46 17 33 0
-29 -40 17 0
72 -44 40 0
-2 32 30 0
2 -37 22 0
-20 28 62 0
40 44 -55 0
-7 6 75 0
-66 49 -17 0
68 67 -30 0
-54 -39 -68 0
-15 -10 17 0
-45 -36 -39 0
27 -72 62 0
-74 17 -35 0
-15 -30 -69 0
76 66 36 0
41 52 -23 0
72 -65 44 0
-3 17 1 0
-31 63 54 0
57 -42 -15 0
50 -42 57 0
-49 35 28 0
8 63 -28 0
-16 -61 -51 0
2 38 76 0
-58 -25 67 0
-19 -29 -28 0
-74 14 22 0
8 -55 40 0
1 -71 -20 0
5 -44 -69 0
-14 -46 13 0
51 -69 -13 0
-14 62 60 0
-53 -25 49 0
-42 -28 -24 0
-61 -8 41 0
59 75 -22 0
-44 69 -40 0
54 45 73 0
2 32 -4 0
-50 -37 -64 0
18 5 -39 0
22 -23 -20 0
-33 -59 46 0
25 -35 -27 0
56 -31 -10 0
-63 -46 26 0
22 29 59 0
53 -9 34 0
76 -46 27 0
74 5 -72 0
-1 -2 26 0
-24 -23 -72 0
-61 2 -35 0
-69 16 -28 0
-14 -32 -16 0
-4 -18 52 0
-68 -4 -3 0
-22 -36 46 0
-65 73 -60 0
75 51 23 0
-61 24 70 0
-57 23 -26 0
-14 -57 -39 0
-66 -52 -65 0
26 20 -35 0
5 41 -42 0
-50 7 44 0
-31 -23 -48 0
74 -7 -13 0
75 66 -18 0
75 -36 -73 0
23 5 -56 0
-23 -45 3 0
11 -23 -56 0
-55 -61 21 0
4 -52 75 0
-10 -75 -13 0
51 39 -54 0
10 -31 21 0
-21 -53 -45 0
31 36 -43 0
-31 -71 5 0
65 -27 50 0
-68 20 -33 0
-42 21 -59 0
2 67 -76 0
-38 45 48 0
62 -53 63 0
-39 47 19 0
-59 -11 45 0
26 -16 -69 0
-32 73 74 0
72 -8 -18 0
-49 73 -76 0
-42 52 74 0
58 34 72 0
-76 31 -29 0
-62 -71 43 0
75 8 -73 0
-12 -21 -70 0
-23 -28 47 0
11 -71 67 0
-55 -7 -42 0
-31 -41 16 0
30 8 3 0
51 62 -13 0
26 50 29 0
-48 11 -39 0
-52 -11 24 0
-70 -15 -73 0
15 6 -23 0
43 44 68 0
-55 -60 3 0
-52 6 -40 0
-1 -31 60 0
-18 54 -48 0
24 -23 12 0
36 -69 76 0
-21 47 -46 0
58 -24 69 0
9 5 -74 0
-32 48 69 0
12 -66 54 0
27 44 -39 0
53 44 -71 0
-47 21 18 0
27 73 -32 0
51 -47 71 0
-4 33 54 0
52 -74 48 0
48 -28 68 0
55 -59 -43 0
-43 -75 -28 0
3 25 -39 0
-22 -45 -29 0
-67 35 -24 0
47 45 -15 0
2 -10 1 0
-54 63 -43 0
-29 74 -73 0
-6 36 24 0
-57 -68 -39 0
1 -8 -26 0
-15 -1 -16 0
-65 38 -34 0
-59 33 -34 0
7 -50 33 0
9 17 57 0
39 24 56 0
-69 -57 -72 0
-57 63 51 0
-50 23 -21 0
-27 -68 31 0
22 35 56 0
9 46 -51 0
51 2 -12 0
11 37 55 0
56 57 -62 0
25 -44 -46 0
-52 -23 34 0
-18 27 69 0
