p 38 161
3 25 23 0
1 24 4 0
-31 24 2 0
-19 -27 18 0
-17 -11 15 0
17 -6 -15 0
38 -26 -30 0
-10 -4 -1 0
7 34 -15 0
-28 10 -30 0
-34 11 7 0
-13 -3 31 0
6 16 4 0
36 4 8 0
36 24 -2 0
34 -6 28 0
-3 24 -28 0
14 -33 -12 0
-2 -1 -5 0
7 -30 -2 0
-10 -30 -1 0
-29 1 -28 0
-12 10 -2 0
36 -23 30 0
38 9 -5 0
-31 -29 21 0
25 8 -30 0
37 28 -27 0
-4 -9 -5 0
19 -25 -24 0
20 -26 -12 0
28 29 -14 0
31 10 32 0
7 -8 36 0
27 16 -11 0
19 -3 12 0
29 6 -32 0
-28 -20 31 0
-5 31 24 0
31 -28 -10 0
-24 9 -15 0
-5 14 16 0
-5 36 4 0
8 38 19 0
18 -33 9 0
26 8 -5 0
-18 -2 -8 0
30 -20 -16 0
-26 13 -27 0
32 -20 3 0
8 -15 3 0
30 -15 -35 0
8 13 -12 0
-38 27 11 0
-12 -38 -13 0
13 -15 -24 0
-8 18 -31 0
10 -3 36 0
33 -27 36 0
-35 34 -22 0
24 -27 36 0
-34 7 6 0
31 18 -20 0
-34 -28 -37 0
33 -36 34 0
-27 -20 -26 0
36 6 -1 0
-32 -12 -30 0
-4 -16 6 0
-8 38 22 0
-24 36 32 0
-13 -8 5 0
-10 21 -34 0
23 10 -20 0
-22 -4 18 0
-11 5 -19 0
23 -18 17 0
-11 -36 1 0
-14 31 27 0
-20 -13 -4 0
19 -3 -9 0
11 21 18 0
2 -34 29 0
-14 -1 -4 0
-32 15 7 0
9 -30 25 0
23 -13 24 0
-16 8 -10 0
-27 37 9 0
-26 9 29 0
-10 7 1 0
-13 -24 -3 0
12 -13 -19 0
27 36 -14 0
38 -8 17 0
-22 29 -36 0
-5 -33 -17 0
35 36 3 0
6 -36 -31 0
1 -19 -27 0
13 38 17 0
15 5 7 0
17 -7 22 0
-18 -4 7 0
-8 9 -32 0
-1 22 25 0
24 -26 -31 0
-31 -30 10 0
-37 5 -19 0
-3 6 -27 0
11 -5 -36 0
-13 15 -31 0
-38 -23 19 0
33 16 20 0
35 -9 -11 0
8 36 -10 0
34 -17 -23 0
-24 -22 -14 0
-17 -13 25 0
33 -36 25 0
-31 -1 -11 0
-22 14 25 0
-5 13 -38 0
-14 -23 -33 0
-34 17 12 0
-26 15 -2 0
17 28 -34 0
-28 -10 6 0
36 2 -17 0
8 -20 -9 0
-11 19 23 0
-13 -38 31 0
25 29 -18 0
18 -10 12 0
12 -21 17 0
31 -30 18 0
32 3 -15 0
21 -15 -28 0
-37 36 -4 0
10 -9 5 0
-25 13 -38 0
21 -30 35 0
-26 -3 22 0
-28 -14 -32 0
15 10 -34 0
35 32 -34 0
-33 38 3 0
28 8 -38 0
-38 21 -23 0
25 8 38 0
29 -2 4 0
-33 -20 -3 0
23 37 8 0
-9 38 24 0
-19 -14 -2 0
-35 -30 -3 0
-9 13 -25 0
38 6 -13 0
-18 7 20 0
-19 -28 -4 0
8 26 6 0
