p 97 413
-49 -74 -60 0
5 -37 65 0
39 -52 -71 0
79 -39 -10 0
-89 3 -24 0
-49 -79 -3 0
-64 50 -35 0
32 -84 -91 0
-4 -70 -22 0
-74 -22 -64 0
-85 84 -56 0
-89 -38 77 0
-89 14 4 0
-4 -5 -64 0
-20 33 60 0
-33 -6 85 0
-17 85 -94 0
30 64 -75 0
20 62 71 0
80 -9 -32 0
19 -32 23 0
69 91 -46 0
-32 -39 -46 0
-91 45 -72 0
-25 -80 -30 0
86 6 8 0
27 86 -62 0
79 31 -94 0
22 35 -53 0
69 -92 26 0
-12 -93 -9 0
29 -32 -62 0
-26 55 -86 0
-11 6 96 0
-63 24 34 0
-55 51 -41 0
40 50 -95 0
-50 22 -93 0
-19 45 88 0
-47 61 -17 0
77 37 -89 0
85 35 36 0
29 1 50 0
75 -24 -50 0
86 -83 -38 0
-79 -14 64 0
69 -72 -67 0
-56 -10 -83 0
-56 -76 -17 0
28 -86 93 0
38 -26 28 0
8 43 60 0
80 66 89 0
-19 43 74 0
67 -16 -22 0
-62 -16 -41 0
-6 51 44 0
-78 -37 -47 0
-71 93 -6 0
30 -38 -64 0
95 -80 11 0
-63 71 91 0
-69 86 -37 0
-32 -2 9 0
33 -36 -73 0
48 84 17 0
1 -24 17 0
21 95 -33 0
50 -85 28 0
25 -15 -95 0
23 38 -79 0
-81 -30 22 0
-93 -65 33 0
3 62 -72 0
82 7 81 0
97 74 -7 0
-54 52 39 0
-61 -62 -31 0
-60 94 59 0
-38 48 -49 0
92 95 -41 0
-40 -59 -34 0
-6 -87 42 0
-33 -76 27 0
40 -55 17 0
-67 48 92 0
73 -61 -3 0
-75 -59 57 0
-71 -13 -5 0
64 81 -13 0
95 63 29 0
-89 -54 84 0
-50 78 -87 0
2 29 -67 0
15 8 -46 0
77 -70 -72 0
84 68 -67 0
11 -59 -82 0
58 -31 34 0
-55 68 -76 0
49 73 62 0
-93 -52 63 0
-5 83 -37 0
-21 -19 -8 0
-28 15 18 0
-38 8 39 0
-19 66 40 0
53 90 -87 0
-20 -43 22 0
13 -57 83 0
-10 -71 6 0
-23 14 -89 0
-57 -89 4 0
51 -22 12 0
-87 43 -78 0
28 -35 30 0
55 34 71 0
-31 -43 81 0
56 -71 10 0
15 -14 -82 0
17 -77 52 0
-91 46 6 0
38 -6 19 0
31 -40 39 0
-97 -17 96 0
-75 -7 73 0
93 32 -84 0
36 76 -77 0
-93 -8 59 0
43 -55 -28 0
18 15 67 0
-65 -29 -17 0
79 -35 58 0
-9 23 3 0
-82 -57 80 0
-6 -12 -66 0
-72 35 1 0
-92 67 -75 0
36 -64 6 0
30 -68 -90 0
-65 -38 -95 0
-69 -85 -78 0
22 87 61 0
74 -27 67 0
92 -1 -47 0
92 -5 -63 0
67 -60 -45 0
57 97 -16 0
-60 14 -28 0
-71 -12 -90 0
49 19 18 0
44 91 -20 0
40 -85 88 0
80 -24 33 0
-70 89 39 0
-91 23 11 0
64 -58 28 0
62 -84 -91 0
26 72 -39 0
80 1 52 0
38 41 82 0
-30 3 -16 0
-67 97 87 0
90 -24 9 0
-75 87 -19 0
-55 -90 -84 0
-59 -4 46 0
-83 24 20 0
-60 -82 -73 0
-40 23 -73 0
67 -49 -97 0
1 -75 80 0
-42 -2 89 0
-13 38 81 0
-41 17 -48 0
-91 87 57 0
-75 -4 38 0
77 40 35 0
-66 -27 -72 0
84 -19 -55 0
17 -46 33 0
-79 -7 -94 0
8 57 -72 0
-6 -63 -89 0
-26 -85 70 0
-67 -9 -70 0
70 -96 -25 0
89 -87 -15 0
31 -40 94 0
39 66 76 0
14 -88 76 0
-91 67 -27 0
38 -92 -27 0
-7 6 -29 0
80 -93 49 0
-87 22 96 0
26 -23 44 0
93 21 -9 0
-54 56 10 0
55 1 -38 0
-59 -2 -29 0
-63 57 54 0
-18 39 61 0
-83 10 68 0
29 53 -22 0
-65 4 48 0
46 -84 -48 0
-52 25 1 0
-93 -45 74 0
16 -48 -7 0
-16 30 -92 0
5 -31 22 0
-21 -38 33 0
56 48 35 0
73 -44 70 0
-95 36 10 0
-93 -85 -29 0
-62 -37 27 0
50 62 -12 0
-83 18 42 0
54 -18 -61 0
22 -89 19 0
58 91 30 0
62 -66 51 0
68 -25 -43 0
67 -66 -93 0
-29 -11 89 0
-13 -57 -12 0
-34 -97 28 0
-66 32 67 0
-57 -6 -10 0
21 38 45 0
-90 88 93 0
49 -89 82 0
40 71 -25 0
-1 -11 -23 0
-59 24 11 0
73 -58 -17 0
-96 11 -21 0
66 -7 30 0
-90 5 94 0
26 -97 8 0
-28 -32 -45 0
97 -15 69 0
-84 -21 -48 0
31 -76 14 0
-50 -60 -11 0
-58 -39 86 0
-14 -79 42 0
-88 68 21 0
23 69 27 0
12 -50 55 0
-44 8 48 0
-92 67 26 0
3 -30 -86 0
45 -83 87 0
14 -81 36 0
-62 -81 37 0
19 90 8 0
90 41 -82 0
76 10 81 0
26 -5 41 0
61 22 69 0
-36 69 -4 0
-94 57 20 0
22 -27 -83 0
-26 -87 -17 0
94 -26 -25 0
38 -1 -25 0
-40 -29 -24 0
-88 -19 -28 0
-37 78 -10 0
9 1 95 0
-89 82 -22 0
7 -74 -30 0
-67 -50 -24 0
-16 -38 62 0
46 11 -23 0
-96 -26 33 0
-85 -65 55 0
20 -57 83 0
-52 76 50 0
88 26 -2 0
58 76 -84 0
75 -54 48 0
-76 32 2 0
5 50 79 0
18 -69 88 0
-96 -72 65 0
-5 -86 -82 0
-84 -77 33 0
49 41 -84 0
-2 84 -57 0
-67 -80 -7 0
-25 -2 55 0
76 -78 3 0
97 -53 49 0
-8 -93 83 0
63 -62 -37 0
-76 -91 33 0
85 -24 46 0
37 52 49 0
-43 -89 -51 0
-34 39 53 0
2 38 15 0
-51 60 -21 0
78 80 21 0
-59 68 -86 0
85 -23 -80 0
-38 -60 -14 0
5 56 90 0
56 57 -15 0
22 64 -39 0
2 -61 3 0
1 -42 -80 0
-40 -85 -5 0
77 -69 56 0
19 89 23 0
84 -48 -70 0
-51 32 89 0
-1 -29 13 0
24 -40 -35 0
82 -59 -76 0
48 83 17 0
-58 31 -56 0
87 57 45 0
43 92 -83 0
68 -14 -9 0
81 -46 48 0
66 -11 -85 0
70 -59 -46 0
59 -43 13 0
50 92 1 0
83 9 -70 0
-93 11 84 0
25 -89 -84 0
-95 69 54 0
-69 -77 97 0
-19 63 -5 0
71 -7 -47 0
-56 -68 11 0
52 -66 -4 0
-39 48 -44 0
39 73 -91 0
5 59 14 0
-43 1 -5 0
-82 41 -86 0
-15 -44 51 0
68 65 1 0
-63 -75 -37 0
57 6 71 0
69 -77 -1 0
-11 48 34 0
-64 71 19 0
-18 83 19 0
68 85 94 0
-4 -20 83 0
86 -53 -23 0
-22 -47 -27 0
8 -19 -43 0
-60 5 90 0
39 66 82 0
59 46 -74 0
-39 -61 -69 0
58 -25 -82 0
86 -80 32 0
-6 -44 94 0
67 -27 -40 0
81 -59 23 0
68 83 -9 0
-21 37 -8 0
-47 21 -24 0
3 -31 22 0
38 2 35 0
-89 -38 40 0
50 -81 -44 0
-87 20 25 0
40 -80 -6 0
-75 34 87 0
94 -44 47 0
-4 -93 -28 0
64 81 5 0
26 87 -24 0
-45 -57 -34 0
38 49 -14 0
-26 -29 13 0
-69 21 -62 0
6 38 15 0
-12 -44 94 0
-70 96 -10 0
6 -21 19 0
-25 -9 6 0
-53 83 87 0
-79 -28 -29 0
-26 90 -95 0
34 -76 -93 0
61 -6 16 0
-37 -21 -62 0
67 31 -40 0
-1 83 84 0
1 -50 17 0
-29 60 83 0
-49 -29 20 0
41 -75 -32 0
-69 59 -55 0
41 -45 -26 0
-8 -79 -94 0
-37 29 -60 0
-24 -81 73 0
-90 1 79 0
-6 56 -37 0
90 -67 -24 0
-86 -31 -59 0
