p 58 247
30 -22 53 0
11 58 -5 0
28 50 32 0
-14 -37 -16 0
-53 5 46 0
18 50 -10 0
-5 48 41 0
14 41 38 0
-5 -31 35 0
17 16 24 0
15 -17 -57 0
-50 7 37 0
38 36 -27 0
37 -2 11 0
-8 -4 1 0
-30 12 29 0
-3 -42 48 0
45 -31 -40 0
8 -2 -56 0
11 -43 -51 0
-51 33 -44 0
-10 46 -36 0
17 -37 46 0
-14 -36 -35 0
21 24 -37 0
-49 44 5 0
22 -3 45 0
-33 -17 23 0
40 4 -1 0
35 -41 28 0
50 55 -3 0
-42 -4 45 0
32 11 31 0
57 -19 -24 0
44 5 32 0
-5 49 -24 0
9 44 43 0
13 27 43 0
-17 -36 -25 0
17 16 45 0
38 -23 26 0
-22 2 -11 0
-6 16 -46 0
-33 52 1 0
-9 46 -28 0
-58 27 -48 0
-9 13 -39 0
-56 57 22 0
43 -13 -51 0
-51 58 11 0
49 -36 -53 0
26 -58 1 0
-46 -32 22 0
40 -44 29 0
-31 25 29 0
-28 -48 41 0
14 -17 -26 0
47 39 7 0
19 -15 39 0
-24 -17 -28 0
-48 -36 -22 0
8 -33 50 0
14 -45 38 0
-57 8 18 0
-8 -45 -24 0
-31 5 -54 0
-8 -54 46 0
8 -44 1 0
-29 18 12 0
-3 28 -11 0
16 48 -4 0
11 16 -10 0
-9 -30 -32 0
40 31 -32 0
3 -33 -41 0
46 48 -39 0
7 -57 -46 0
-7 44 -28 0
-42 -34 -35 0
-2 50 11 0
-7 36 41 0
45 28 12 0
13 -57 -35 0
-1 -56 -16 0
27 -35 54 0
-50 -39 2 0
-28 14 -12 0
39 -56 -14 0
-12 34 -18 0
56 3 -41 0
-41 -2 40 0
14 54 10 0
16 5 1 0
13 -37 54 0
-1 38 30 0
-50 -35 -16 0
14 -24 2 0
-5 25 51 0
21 -54 -53 0
25 24 -56 0
-7 28 3 0
1 32 -31 0
-32 -54 -36 0
-32 12 15 0
48 -46 37 0
19 -45 11 0
32 4 -5 0
53 -33 -26 0
-2 -1 47 0
49 -24 -13 0
-45 6 -21 0
3 43 -32 0
35 -54 -14 0
-16 -22 57 0
52 -21 24 0
9 35 -2 0
38 45 -6 0
30 -37 -10 0
3 52 45 0
35 -58 -17 0
24 -54 14 0
-22 45 30 0
18 31 39 0
44 -39 -34 0
55 -12 58 0
-47 10 34 0
13 -40 -36 0
-44 36 -9 0
-23 22 -46 0
-51 -45 -47 0
36 -39 -3 0
-53 38 27 0
-38 58 -33 0
51 49 4 0
15 -12 -44 0
30 3 -20 0
20 14 1 0
-18 -15 -17 0
-11 33 31 0
45 -56 -58 0
-20 -48 16 0
-31 42 33 0
7 -58 12 0
-50 -51 18 0
10 35 -6 0
-22 49 14 0
-14 25 27 0
22 35 29 0
-25 -40 17 0
11 13 -44 0
48 33 32 0
18 7 -56 0
-28 53 -15 0
-7 -14 -57 0
-16 3 -53 0
-1 36 3 0
32 -16 10 0
-15 29 36 0
11 46 -33 0
14 -16 37 0
8 -4 3 0
-37 -52 27 0
-53 17 -40 0
-38 -58 -30 0
16 58 25 0
52 -42 -6 0
-33 -7 -9 0
43 22 30 0
46 8 43 0
-32 29 44 0
-25 34 53 0
-13 -50 -20 0
24 48 -43 0
25 -44 41 0
-8 19 43 0
39 33 26 0
-53 -36 -34 0
25 -1 -18 0
-51 56 -6 0
-11 -14 -17 0
24 2 -18 0
-38 57 -11 0
57 58 -20 0
-15 54 4 0
-19 -33 27 0
53 31 -30 0
-22 -9 -33 0
41 -7 53 0
-16 -7 -54 0
-58 52 -7 0
24 -4 -46 0
-15 -10 -27 0
-52 -34 -5 0
19 52 -4 0
7 -41 26 0
44 8 -12 0
-10 -57 -18 0
40 14 36 0
56 41 55 0
-25 -8 49 0
33 -52 -48 0
-58 -22 50 0
-55 -58 32 0
-10 -37 40 0
53 -14 3 0
21 49 41 0
25 -27 26 0
27 -28 -31 0
19 -25 -48 0
41 8 -40 0
16 6 26 0
12 6 3 0
-39 -36 -45 0
-54 19 -35 0
-6 -39 3 0
24 -48 31 0
-23 44 13 0
-7 39 -5 0
-32 -8 -26 0
-42 -51 -30 0
-29 41 -53 0
8 48 -23 0
13 5 29 0
28 -53 21 0
-16 -35 39 0
-31 -13 40 0
-44 -58 52 0
30 52 4 0
-5 -13 -45 0
27 -38 -11 0
7 -51 -17 0
23 6 14 0
36 57 -46 0
6 11 8 0
14 17 -41 0
-40 -24 -30 0
24 -50 27 0
43 39 48 0
-8 -52 50 0
44 37 4 0
20 -31 41 0
40 26 -10 0
-45 -9 23 0
-53 -41 43 0
51 -43 -16 0
-44 -40 -37 0
24 -26 30 0
