p 81 345
-64 -47 14 0
-18 59 -26 0
-28 -30 5 0
48 -44 -69 0
-63 -17 37 0
-1 50 -69 0
-56 -3 -69 0
36 74 -80 0
33 -34 73 0
42 7 -47 0
-45 -49 -36 0
70 49 -66 0
62 -16 -58 0
80 -29 -19 0
-80 -74 -56 0
-32 -50 -53 0
-64 -17 24 0
14 29 -40 0
-9 27 40 0
71 32 -75 0
-34 -69 -37 0
26 -10 76 0
-71 43 53 0
22 50 -73 0
48 67 69 0
-46 74 -65 0
-79 -35 3 0
-23 -12 -16 0
31 -65 -37 0
70 -56 74 0
67 -41 11 0
60 30 59 0
-52 12 74 0
62 52 35 0
71 10 25 0
-46 53 13 0
-79 7 -50 0
-31 21 59 0
78 -79 57 0
36 75 -21 0
-2 -73 76 0
-8 29 -43 0
55 -13 -49 0
75 52 17 0
-79 33 52 0
63 16 36 0
1 -4 11 0
-3 56 58 0
34 2 -70 0
-20 -1 -19 0
-45 81 53 0
-42 -50 55 0
-79 -62 -10 0
-8 -1 17 0
-55 -28 -36 0
-6 -57 -11 0
32 -26 12 0
-4 41 22 0
-47 -51 15 0
-5 -62 -28 0
32 70 -11 0
-61 3 44 0
30 -41 44 0
36 23 -39 0
63 7 -26 0
53 81 19 0
-23 61 4 0
70 10 -55 0
49 80 79 0
-25 48 52 0
54 -77 -30 0
45 -74 59 0
-26 71 56 0
-68 57 -75 0
29 49 -10 0
-26 23 27 0
63 52 14 0
60 -51 -9 0
-57 20 55 0
62 34 80 0
18 -5 55 0
-14 -44 42 0
45 -25 -57 0
47 -4 28 0
40 -14 66 0
-47 -66 -46 0
-21 -38 46 0
45 -17 -1 0
38 -4 10 0
38 43 -39 0
39 16 -71 0
-50 -43 49 0
71 80 -23 0
-57 19 -47 0
4 70 -22 0
13 -24 72 0
-80 42 17 0
-33 -13 -73 0
45 -73 -23 0
-71 30 65 0
-7 10 -4 0
41 -55 -24 0
29 -14 -19 0
23 62 1 0
-20 -17 -64 0
41 -66 -65 0
-48 -22 47 0
25 63 7 0
-62 21 -81 0
35 26 -38 0
-71 -78 49 0
73 65 -5 0
-43 -27 -35 0
31 63 56 0
2 32 37 0
39 15 21 0
46 -30 -10 0
25 46 -43 0
47 37 13 0
-6 60 32 0
2 47 -4 0
15 20 48 0
49 10 2 0
-69 63 5 0
57 -23 -31 0
79 -14 39 0
-18 -20 -25 0
71 54 -3 0
22 -61 -34 0
73 8 -54 0
56 72 -60 0
78 -51 58 0
-6 -74 14 0
35 -9 -75 0
56 -49 -36 0
-24 29 -67 0
-81 53 42 0
37 -72 49 0
-44 -21 35 0
-71 64 15 0
49 50 56 0
42 -36 81 0
-49 75 -74 0
58 -76 -24 0
-60 -45 -25 0
-52 41 61 0
24 40 53 0
-2 -18 -14 0
-43 -1 -81 0
-26 -79 29 0
-63 -31 -25 0
69 -26 -18 0
-65 81 -22 0
73 79 5 0
14 65 54 0
-79 4 75 0
-56 -27 -19 0
-29 -78 -13 0
-46 38 -17 0
16 7 -64 0
-56 21 -69 0
-8 53 -26 0
72 -75 39 0
-23 -6 -33 0
16 17 34 0
-34 8 59 0
22 74 -65 0
75 26 64 0
54 -1 -25 0
38 -15 66 0
-4 -77 70 0
61 26 32 0
68 -71 28 0
36 -77 5 0
80 71 21 0
-51 -9 -41 0
-22 -48 -71 0
24 -64 -57 0
-72 -28 -15 0
-62 1 74 0
-20 -54 -58 0
-30 -65 -47 0
76 -62 51 0
-77 4 81 0
60 -37 -11 0
-67 -24 -6 0
61 15 49 0
23 72 -46 0
-73 -81 71 0
53 1 -42 0
2 -36 -42 0
45 52 23 0
-30 -22 -76 0
62 -77 10 0
65 -23 -80 0
33 36 30 0
-80 -30 -65 0
51 3 81 0
-5 72 -34 0
36 -53 -69 0
-43 73 45 0
30 -10 61 0
-36 -15 73 0
-69 -43 -79 0
28 -58 -47 0
44 13 -24 0
-54 5 -79 0
-35 -22 -9 0
-4 24 -76 0
34 45 -65 0
74 -28 46 0
39 -31 -27 0
65 11 -6 0
-29 15 -48 0
-50 -31 35 0
-21 -55 -76 0
-81 -26 9 0
-45 81 62 0
-62 9 -74 0
-23 -70 -3 0
45 43 -38 0
39 66 75 0
4 36 -11 0
56 60 23 0
62 19 -23 0
-50 -73 -6 0
47 -37 61 0
58 39 12 0
77 38 -62 0
74 19 -35 0
20 -56 -13 0
-42 50 76 0
28 39 59 0
-51 -55 -41 0
69 -44 78 0
38 54 69 0
7 -34 5 0
71 -24 -38 0
72 5 24 0
30 50 24 0
-12 60 18 0
33 63 47 0
-37 33 62 0
8 -36 11 0
5 -61 -37 0
-2 -52 18 0
81 47 2 0
-53 2 -26 0
66 -20 -76 0
59 -32 51 0
14 -11 38 0
-70 34 54 0
44 13 -1 0
35 19 -29 0
-52 6 -76 0
-28 25 2 0
71 -26 19 0
22 -33 12 0
39 24 -66 0
28 -68 25 0
-29 61 33 0
58 62 72 0
75 -27 35 0
-40 -50 -60 0
-8 65 -32 0
-3 13 -65 0
22 -51 -57 0
35 -11 38 0
38 24 -26 0
-56 -57 -64 0
-19 11 -7 0
-24 -40 66 0
-54 -67 10 0
57 55 10 0
-56 62 -35 0
-9 -15 -67 0
-40 -33 -6 0
-18 80 78 0
31 67 -6 0
-58 50 59 0
-13 50 10 0
20 -38 -55 0
-11 31 -21 0
63 -12 -28 0
41 47 -7 0
33 49 34 0
-11 -22 -28 0
76 50 35 0
-1 -36 -19 0
55 63 -70 0
76 -60 -3 0
34 -48 -52 0
76 -32 52 0
-77 68 58 0
37 16 -32 0
-64 -31 14 0
30 -33 39 0
-44 -16 -3 0
1 50 -63 0
20 -19 -72 0
-32 -20 -11 0
78 61 58 0
31 68 -61 0
75 -5 -38 0
-28 3 30 0
57 -16 60 0
-33 32 50 0
-64 8 -69 0
-53 -59 -13 0
71 -47 7 0
-71 20 -62 0
-34 63 42 0
39 -14 56 0
53 -27 -34 0
-20 66 -27 0
62 18 76 0
-46 -54 -3 0
-16 74 77 0
-80 57 -60 0
26 -4 36 0
41 -68 29 0
57 41 -76 0
-33 26 -31 0
44 20 -21 0
62 -67 39 0
-77 -79 32 0
4 -3 -46 0
44 -70 -17 0
2 -21 -48 0
-25 66 -59 0
-57 55 -54 0
-11 -61 -57 0
1 -78 -76 0
47 -11 39 0
54 16 24 0
8 58 -30 0
11 -40 4 0
-11 -6 59 0
-40 -63 -64 0
-77 15 43 0
81 70 -75 0
-42 -13 -57 0
-36 -13 -34 0
8 63 80 0
20 -46 17 0
