p 93 396
7 -93 11 0
-52 91 -87 0
3 74 -64 0
77 79 42 0
-3 -10 57 0
15 50 -43 0
-86 76 80 0
47 -37 -42 0
34 56 -72 0
4 -73 1 0
-79 54 -10 0
-29 48 -12 0
-12 -76 48 0
-28 40 11 0
34 24 -51 0
-29 -9 -62 0
82 -35 84 0
26 21 55 0
86 17 -31 0
31 -24 87 0
82 25 -55 0
28 -75 54 0
83 63 77 0
55 86 -92 0
16 12 45 0
17 -65 -11 0
-59 -88 -20 0
36 -37 -63 0
46 50 -72 0
51 68 -27 0
-20 -42 -54 0
7 53 44 0
-11 20 -36 0
15 37 -56 0
-67 -46 56 0
68 1 2 0
-72 56 50 0
-81 -2 84 0
-92 71 26 0
14 -80 23 0
-26 -45 -17 0
-69 -29 43 0
-38 80 -18 0
44 56 -67 0
87 75 -37 0
-22 29 -11 0
-87 -80 -46 0
-65 -75 62 0
19 41 -76 0
-40 85 81 0
60 87 55 0
-57 11 87 0
78 57 71 0
-76 -45 40 0
58 74 -11 0
52 5 42 0
-7 -1 62 0
70 11 38 0
-3 -48 -13 0
20 -59 -63 0
55 72 28 0
-56 43 3 0
21 -67 24 0
-35 8 -9 0
-66 41 30 0
-81 -18 91 0
-85 -29 44 0
-26 87 42 0
1 -10 -37 0
-41 -45 -6 0
-31 49 -24 0
-36 -30 50 0
-64 2 -60 0
-60 -5 54 0
57 18 80 0
-55 83 27 0
-24 -23 -56 0
45 -17 16 0
-40 -9 -36 0
-11 -92 -78 0
66 89 -34 0
-92 -59 -24 0
62 78 -81 0
-91 -92 44 0
-71 -22 12 0
-35 14 83 0
-34 -14 38 0
27 -25 79 0
-15 69 -78 0
68 -35 -26 0
-49 86 41 0
-52 -86 88 0
63 12 -86 0
86 -39 57 0
83 13 -41 0
-64 77 47 0
-9 -16 -8 0
69 85 77 0
-18 57 84 0
73 52 -76 0
38 -75 1 0
-23 -93 77 0
56 -18 -36 0
59 -48 12 0
75 -55 -50 0
-30 52 -49 0
80 -56 27 0
84 38 -67 0
-64 77 -70 0
93 68 89 0
-52 -85 -4 0
-22 -38 -57 0
-53 52 63 0
-33 35 31 0
55 4 -10 0
1 -26 61 0
37 -11 9 0
66 12 60 0
-21 71 -72 0
85 91 70 0
-88 85 -69 0
33 -70 4 0
-1 37 50 0
76 -19 71 0
81 -58 -71 0
-69 -28 -32 0
-67 -31 -5 0
-40 -13 -68 0
76 44 -45 0
82 39 28 0
86 54 -51 0
43 -1 -59 0
-9 15 -77 0
33 -35 -13 0
-36 79 77 0
-88 -31 -87 0
31 1 27 0
49 1 30 0
-58 -24 61 0
30 -45 -37 0
-8 23 29 0
-69 12 -40 0
-23 59 55 0
54 -40 -21 0
-51 28 -88 0
65 -29 71 0
-87 43 91 0
75 -71 41 0
41 -60 16 0
-18 23 11 0
65 90 71 0
44 23 5 0
4 19 82 0
19 85 65 0
50 26 -67 0
44 -71 -85 0
2 -37 76 0
34 48 17 0
-91 -62 77 0
56 75 -79 0
67 -32 14 0
11 47 -61 0
44 88 -27 0
65 48 86 0
21 -70 11 0
17 71 77 0
18 -53 -16 0
86 60 -33 0
22 39 -28 0
-25 19 -5 0
-88 -37 -79 0
53 80 82 0
65 -31 -54 0
46 45 3 0
12 -90 -9 0
78 -13 -64 0
-31 6 -70 0
-88 35 -41 0
36 -15 -47 0
33 75 -42 0
48 -68 45 0
-46 -75 68 0
-78 40 -19 0
-77 -24 -82 0
-15 89 -62 0
60 -4 -84 0
66 70 89 0
67 -85 63 0
60 -21 -11 0
-31 2 73 0
-74 8 -87 0
-5 47 -79 0
5 -9 81 0
-18 -29 24 0
-85 32 2 0
29 -65 15 0
-2 -80 -76 0
-81 -39 14 0
90 -5 12 0
38 57 -25 0
-6 -10 81 0
-93 83 -91 0
-14 -45 -88 0
-89 58 -84 0
-31 -9 -79 0
48 -29 -43 0
-58 -93 59 0
48 33 55 0
85 -53 -66 0
-50 52 36 0
-5 57 38 0
-43 -34 27 0
-89 -5 44 0
-67 7 25 0
62 -63 16 0
-82 -11 -14 0
31 38 -12 0
31 -83 4 0
-78 -74 58 0
8 -12 70 0
-8 -70 -11 0
23 -2 -74 0
-46 -87 20 0
41 18 -33 0
85 63 14 0
18 57 -88 0
69 -59 40 0
70 76 -88 0
3 -41 65 0
-88 -74 -67 0
43 55 -90 0
85 9 -74 0
-78 36 -3 0
-18 -38 36 0
26 -81 13 0
-88 -5 -60 0
-21 28 51 0
-78 -88 76 0
-35 46 -57 0
-29 32 -8 0
-2 -28 41 0
92 23 54 0
29 41 -82 0
-9 -74 70 0
-34 61 -16 0
-47 -71 -83 0
-54 -44 -81 0
-29 -34 -78 0
-37 47 -39 0
-92 49 83 0
75 -3 -57 0
-12 3 69 0
-6 23 32 0
74 10 85 0
-89 80 31 0
73 -87 -2 0
7 -16 86 0
-83 69 19 0
-46 17 25 0
5 49 -57 0
-37 30 88 0
-38 53 49 0
-54 -29 18 0
49 -27 88 0
57 -85 -88 0
-69 -17 -88 0
-24 -13 -36 0
-35 51 81 0
-81 -49 63 0
-57 77 -27 0
-21 25 -82 0
-9 61 -90 0
-63 -65 -9 0
23 68 -69 0
48 -5 72 0
-18 -59 85 0
-59 -38 76 0
26 73 -54 0
-73 28 30 0
-30 41 73 0
48 -3 -52 0
-13 -35 24 0
37 -67 -90 0
68 -93 49 0
27 70 66 0
-34 -38 69 0
-75 25 76 0
-16 15 34 0
-43 6 -76 0
87 -27 77 0
-58 -42 21 0
45 -61 85 0
69 65 -33 0
-29 18 63 0
-75 8 -3 0
87 67 -26 0
71 -44 2 0
78 49 -6 0
48 82 8 0
-28 70 -21 0
-26 50 1 0
29 35 12 0
57 31 4 0
8 -92 69 0
-34 24 -79 0
45 80 -51 0
-40 -6 -8 0
-3 73 -42 0
23 86 8 0
-64 -45 -92 0
-14 23 -87 0
-8 -45 41 0
31 -74 -3 0
-1 69 -70 0
-79 -4 -66 0
70 -8 -74 0
78 80 -72 0
20 -52 6 0
28 -30 -21 0
-19 48 -4 0
-60 77 -32 0
29 93 64 0
1 37 58 0
-59 38 66 0
12 81 51 0
92 24 77 0
-52 -17 -82 0
-35 46 87 0
82 54 -19 0
-23 -26 6 0
-48 -91 -17 0
59 -64 -87 0
13 69 11 0
77 58 -38 0
-67 -16 87 0
42 89 31 0
71 -55 84 0
16 13 75 0
29 84 48 0
49 -73 4 0
-75 -2 -49 0
-29 55 -37 0
82 51 -57 0
-3 47 -9 0
-32 24 -81 0
-28 -70 -60 0
-62 34 50 0
55 70 88 0
-28 -55 -86 0
36 -27 39 0
38 -68 44 0
84 -68 -28 0
-76 -69 72 0
90 26 -71 0
52 24 -78 0
7 55 19 0
49 69 -88 0
90 -13 -21 0
25 44 -76 0
6 22 -88 0
38 -92 -75 0
-70 -92 40 0
-7 -5 55 0
83 -8 24 0
-77 91 65 0
23 -21 92 0
87 65 2 0
22 -58 -3 0
-8 -19 9 0
89 12 5 0
41 35 26 0
56 -76 3 0
2 -63 -74 0
-6 -14 3 0
34 51 -36 0
34 -58 15 0
61 27 75 0
-89 4 -87 0
-1 45 -21 0
-4 -32 -70 0
41 -76 -16 0
46 -56 44 0
52 25 85 0
55 13 -17 0
49 -38 -79 0
48 -75 63 0
-52 21 -65 0
-55 50 -65 0
-7 8 82 0
-44 55 64 0
-53 -88 21 0
56 -59 23 0
81 10 -11 0
-55 19 14 0
-79 41 48 0
82 13 -28 0
