p 30 127
-27 14 4 0
2 -23 3 0
-7 -18 25 0
23 22 -6 0
25 5 -8 0
-19 29 16 0
26 -7 -10 0
29 15 -24 0
-1 10 17 0
-18 11 -24 0
27 15 23 0
14 -1 -11 0
22 -17 -6 0
-4 -20 19 0
18 -21 4 0
11 -21 -9 0
14 -27 10 0
16 -30 18 0
13 -19 11 0
17 -21 12 0
-27 25 -14 0
18 -1 20 0
29 -25 4 0
-14 21 8 0
-18 -5 6 0
18 24 5 0
-24 6 -1 0
24 27 16 0
19 20 18 0
-9 23 7 0
26 8 -29 0
-22 9 -6 0
7 14 8 0
-21 -20 -2 0
4 21 -17 0
22 19 26 0
18 -12 5 0
11 18 -30 0
8 -9 26 0
9 -25 20 0
-28 27 24 0
13 11 1 0
10 29 22 0
18 27 5 0
-7 24 -2 0
8 29 15 0
-1 -30 -5 0
-15 -11 20 0
-1 10 -30 0
-14 8 6 0
-24 7 8 0
29 -24 1 0
-23 -1 15 0
9 -12 -2 0
4 30 11 0
-10 -11 1 0
17 -15 14 0
26 5 -23 0
-16 -22 25 0
-16 -9 2 0
20 12 15 0
19 21 -26 0
29 -5 -28 0
-29 -12 13 0
-27 -3 9 0
9 10 14 0
11 -13 -6 0
-28 12 4 0
1 -28 -25 0
4 28 -22 0
26 16 6 0
19 -21 -9 0
-21 -10 16 0
-20 -1 -11 0
22 2 4 0
3 19 22 0
2 -5 -9 0
5 -7 -28 0
15 -28 5 0
-1 3 -13 0
4 -26 9 0
-27 -20 6 0
4 14 -10 0
-7 27 -25 0
21 -13 -24 0
-2 7 1 0
-25 -20 -28 0
-19 -21 18 0
6 4 -3 0
-11 -5 -6 0
-2 -22 -28 0
-20 3 -28 0
-21 -10 6 0
-25 16 10 0
10 -22 29 0
7 -18 28 0
-30 27 16 0
23 5 26 0
2 27 5 0
3 -24 2 0
-13 8 6 0
-19 15 -16 0
22 -2 5 0
-7 6 -27 0
18 -9 30 0
2 -21 -5 0
-27 26 29 0
12 -20 -13 0
5 -15 -3 0
-23 14 8 0
-18 -16 13 0
12 -26 11 0
2 10 1 0
9 1 2 0
18 21 28 0
-1 30 -3 0
-29 -25 -14 0
-28 -23 20 0
19 -12 20 0
-22 -4 -21 0
-9 22 7 0
-30 -18 12 0
-21 17 -22 0
17 11 -28 0
-10 20 -24 0
-22 13 25 0
26 -25 -30 0
