p 66 281
61 24 -47 0
-30 -54 39 0
-65 -59 -39 0
34 51 -7 0
-25 48 -7 0
-4 12 -56 0
5 -56 34 0
-3 -19 2 0
43 -12 -66 0
50 -20 -39 0
8 15 -65 0
57 -42 -4 0
-27 -5 36 0
-13 -48 -59 0
-7 -47 1 0
-52 -54 9 0
-62 65 -66 0
27 -3 29 0
-11 27 -33 0
-40 -60 55 0
-2 1 18 0
-30 -64 48 0
33 -56 -42 0
-12 45 28 0
59 57 -8 0
35 -50 62 0
-45 -23 -1 0
13 -63 -34 0
-59 35 -46 0
-22 53 57 0
16 -24 -27 0
-25 22 -62 0
-32 56 30 0
36 6 41 0
37 11 59 0
-31 1 -21 0
40 -11 61 0
44 -48 10 0
-65 37 30 0
-66 -25 4 0
-38 21 -64 0
28 33 -19 0
25 -50 -30 0
23 -11 55 0
-23 19 56 0
33 58 -37 0
19 13 15 0
-26 -3 -61 0
-1 47 -45 0
11 -45 -37 0
-36 27 6 0
-41 -20 -12 0
30 37 44 0
10 15 -42 0
17 64 -52 0
-65 8 49 0
-6 -59 -10 0
21 36 30 0
-39 -50 -15 0
8 -20 -55 0
5 64 32 0
-57 -47 -38 0
55 -13 -28 0
-14 19 -27 0
54 23 -52 0
28 -44 59 0
-17 -38 -7 0
-10 9 -46 0
44 35 42 0
-5 -9 56 0
31 -41 13 0
37 31 50 0
41 -47 -57 0
-10 29 -63 0
13 23 37 0
-38 29 17 0
-31 -9 -27 0
40 7 -45 0
-32 -36 54 0
-1 -11 -15 0
36 -21 -8 0
14 19 -30 0
18 38 46 0
26 -8 -44 0
-26 -30 -58 0
-63 -32 6 0
14 33 -46 0
-42 62 58 0
-41 -38 -33 0
43 -54 -3 0
59 54 57 0
19 32 64 0
-33 19 -13 0
40 -18 -10 0
-17 -10 -9 0
17 -65 -46 0
11 -41 39 0
-39 -54 25 0
26 -11 25 0
60 -28 -4 0
-5 -23 -24 0
51 25 -3 0
30 26 60 0
-22 29 50 0
-20 -59 -1 0
50 -48 -6 0
60 -56 54 0
64 -50 27 0
66 -1 7 0
-5 -63 -64 0
-26 56 -4 0
40 22 11 0
29 51 44 0
-57 60 -25 0
31 -54 64 0
-21 58 11 0
-53 56 -61 0
62 -2 31 0
-13 -46 -27 0
5 39 20 0
2 -57 18 0
52 -20 -12 0
-55 17 -48 0
43 66 19 0
43 -54 -15 0
-55 21 -34 0
-7 -34 44 0
-25 23 49 0
40 -39 30 0
31 -36 8 0
47 -42 -5 0
-44 -41 11 0
23 -64 -24 0
-1 31 -23 0
-66 42 -60 0
-20 -13 -35 0
35 -45 -31 0
-15 40 31 0
33 36 31 0
6 49 -50 0
-49 -40 50 0
-37 65 -5 0
-62 -64 -39 0
-56 49 58 0
32 -7 -20 0
27 -14 35 0
-4 24 11 0
-36 -63 -9 0
27 -32 40 0
-24 -62 -7 0
-66 -20 44 0
65 -35 22 0
-16 -35 -1 0
24 -44 15 0
-18 -15 19 0
-36 37 -31 0
-5 -14 2 0
-6 7 14 0
-55 -1 -30 0
-25 -37 57 0
56 -6 54 0
-40 12 -45 0
-15 56 31 0
-19 56 -63 0
39 43 -19 0
30 34 -21 0
-32 16 55 0
-6 35 -43 0
-20 49 29 0
-64 28 21 0
-2 30 -54 0
59 62 35 0
-18 30 -9 0
-28 5 48 0
21 -36 34 0
6 -56 -1 0
-58 23 30 0
33 9 41 0
-13 2 60 0
32 -14 -39 0
-39 36 -18 0
37 -10 36 0
4 -55 13 0
53 -29 44 0
29 56 16 0
-35 -38 17 0
38 -57 42 0
34 -20 -32 0
41 66 -22 0
21 10 -27 0
-36 -53 21 0
24 31 -6 0
-5 -37 -23 0
42 53 -4 0
-6 47 -36 0
-53 8 -3 0
-7 -45 25 0
-47 66 -64 0
56 2 -7 0
-57 11 17 0
-1 -51 3 0
44 65 32 0
-62 40 -52 0
22 17 48 0
-50 54 -15 0
-40 -44 -27 0
-36 38 42 0
-29 -60 -61 0
-39 16 58 0
-43 7 27 0
-13 19 -66 0
-40 -43 -47 0
17 -22 -52 0
55 1 -12 0
63 1 -25 0
-54 11 -41 0
-48 49 -44 0
-38 -44 -17 0
-51 -23 -31 0
-9 15 34 0
-45 -22 -56 0
-17 32 -1 0
-14 -44 -46 0
-30 59 14 0
45 -54 42 0
-18 -43 -66 0
-40 36 -55 0
55 2 61 0
-66 31 -28 0
6 27 -41 0
-18 -34 5 0
-64 -4 1 0
34 -18 -60 0
-28 -22 49 0
55 16 -6 0
-64 44 10 0
-3 -19 63 0
-26 31 5 0
59 -49 23 0
51 -37 -11 0
47 -35 -61 0
-56 -42 -7 0
-52 -53 35 0
49 -37 -39 0
-54 56 7 0
-39 27 21 0
32 55 -19 0
-12 -61 -65 0
-60 -4 -34 0
40 -66 -51 0
-40 -66 -44 0
-32 1 -55 0
-59 13 -7 0
31 59 60 0
8 12 29 0
66 56 -31 0
-12 60 56 0
32 17 59 0
-10 -41 -31 0
8 22 -45 0
27 -49 -25 0
22 31 20 0
5 -53 -63 0
-15 -65 -63 0
-30 -8 48 0
10 -20 -8 0
57 63 13 0
-24 48 26 0
48 -64 -31 0
42 60 29 0
-3 -41 -15 0
1 -21 30 0
-8 -53 32 0
-41 24 12 0
-21 -38 -46 0
-29 -51 5 0
18 40 -43 0
-48 42 51 0
-25 -23 -4 0
-43 44 -52 0
-24 2 33 0
