p 19 80
-6 4 -18 0
-2 -4 -17 0
-15 17 -16 0
19 17 -4 0
8 -10 -17 0
1 -19 -5 0
18 12 8 0
-7 -16 -4 0
5 -10 1 0
-2 -17 -11 0
-17 -4 11 0
-17 -14 8 0
12 7 -16 0
19 -9 16 0
10 -18 -15 0
14 -19 1 0
-12 -10 -3 0
-5 -6 -8 0
10 4 -1 0
7 -9 3 0
-14 -3 -6 0
-7 1 -14 0
-18 -9 16 0
-15 8 11 0
3 -4 -14 0
17 -2 -13 0
-8 -10 -2 0
5 -14 -12 0
10 -3 1 0
16 -15 -2 0
19 -1 -6 0
-18 -16 -15 0
-11 -12 3 0
-7 13 -15 0
13 16 -17 0
-12 7 -1 0
16 17 -13 0
7 19 -16 0
-6 -13 -15 0
12 2 15 0
11 -8 5 0
13 16 18 0
15 3 -8 0
-19 -7 15 0
7 -4 -8 0
12 -9 -14 0
-5 -17 19 0
10 18 -5 0
-15 9 -17 0
19 9 3 0
4 14 1 0
-9 18 10 0
-3 -4 17 0
6 14 -3 0
-1 -19 -4 0
-17 15 10 0
19 -10 -7 0
-2 12 5 0
-15 -2 -17 0
3 -14 7 0
-3 -4 -14 0
8 1 19 0
-11 -16 2 0
12 5 -17 0
5 -13 1 0
17 -8 3 0
-16 2 7 0
2 7 -12 0
-6 17 -1 0
18 11 17 0
-14 -7 -2 0
-13 -17 -16 0
18 3 19 0
10 5 -2 0
-19 -15 10 0
1 -17 -2 0
5 2 -16 0
15 -17 -8 0
-5 9 -14 0
8 -14 3 0
