p 78 332
67 18 38 0
-7 60 14 0
-16 -27 31 0
61 -39 -27 0
-1 56 20 0
78 70 -58 0
-7 -16 33 0
-68 -53 74 0
39 56 -4 0
49 65 17 0
-72 6 -18 0
31 -78 12 0
-37 -70 -57 0
-73 -14 -17 0
73 63 -38 0
-70 -62 48 0
-52 -1 32 0
-6 -52 64 0
59 55 73 0
-55 73 -30 0
-61 36 -9 0
67 19 53 0
-65 -15 2 0
-5 29 -27 0
-2 -64 41 0
-29 -52 -75 0
-48 -25 -26 0
-9 55 48 0
-27 -68 37 0
-17 -67 59 0
63 48 -9 0
67 -77 59 0
76 47 30 0
24 -43 37 0
-29 2 -23 0
66 19 17 0
31 57 73 0
-6 -5 43 0
-46 20 37 0
-76 69 -40 0
-15 -46 8 0
52 1 -48 0
23 45 -52 0
41 -9 -51 0
16 23 64 0
47 -14 66 0
-29 -70 48 0
-21 -68 -11 0
-21 -45 -14 0
2 -70 37 0
64 -8 -40 0
-1 67 -10 0
30 -2 -8 0
52 -20 10 0
40 -6 -78 0
-40 -7 -59 0
-3 -72 58 0
24 29 -74 0
20 -22 -35 0
55 48 28 0
76 -67 18 0
-35 16 -54 0
23 -65 -10 0
-31 -69 34 0
61 -19 -15 0
-67 25 -44 0
-39 -63 25 0
-35 -40 -34 0
17 -73 77 0
-21 -41 9 0
63 42 -22 0
36 21 54 0
26 -65 67 0
75 -72 2 0
-4 -73 -43 0
58 71 -64 0
-70 -38 -44 0
22 -25 46 0
-29 67 20 0
-59 35 55 0
-53 28 -51 0
19 -18 -61 0
-1 -9 54 0
27 -43 -8 0
43 8 63 0
67 -53 -8 0
71 10 7 0
36 39 -51 0
36 63 39 0
-76 40 28 0
-4 60 -27 0
-1 16 -42 0
-40 -66 -7 0
34 58 -57 0
10 -22 55 0
-15 -47 63 0
-13 -55 -28 0
-49 -5 64 0
48 16 -55 0
63 -4 56 0
53 20 38 0
-19 -68 -4 0
77 -76 -47 0
-26 -31 35 0
-69 6 -26 0
-52 72 21 0
47 -35 40 0
73 -42 -45 0
-72 58 42 0
40 -35 11 0
77 74 -47 0
-19 -28 13 0
-43 -12 -27 0
19 -77 54 0
38 25 61 0
52 55 -22 0
-43 -26 60 0
-67 45 -30 0
69 -42 53 0
-77 -7 6 0
39 30 -63 0
-34 -74 6 0
-25 51 -1 0
31 77 -55 0
14 6 -59 0
25 47 44 0
-76 57 -18 0
-36 29 58 0
46 -68 -11 0
32 -56 -17 0
-55 6 -75 0
40 37 -66 0
73 65 -42 0
73 -20 -77 0
65 67 -7 0
77 54 13 0
57 -72 32 0
-19 -20 -27 0
-45 69 59 0
26 -30 77 0
24 -28 44 0
-34 -45 12 0
72 54 35 0
-1 33 3 0
-66 -48 -32 0
-62 -50 13 0
77 -60 43 0
-73 -36 25 0
-52 -17 -15 0
-22 -67 -28 0
-1 -56 -24 0
-47 -38 -67 0
33 -72 -28 0
23 70 55 0
-22 61 51 0
45 53 32 0
-16 -65 50 0
-27 51 -3 0
15 -45 -43 0
-17 -27 77 0
43 -65 73 0
60 54 66 0
-36 -3 -26 0
-51 -26 -41 0
-54 -66 -30 0
58 67 -11 0
-2 16 41 0
63 -48 5 0
-4 23 -51 0
10 8 63 0
25 22 -51 0
-24 19 53 0
40 -1 -51 0
18 29 -73 0
9 1 -66 0
73 32 53 0
36 10 -55 0
-45 -8 1 0
68 -64 24 0
54 -2 -3 0
-20 -9 -30 0
-2 -44 75 0
-78 -62 11 0
73 -34 52 0
46 -14 -20 0
-24 14 51 0
-72 -64 19 0
16 26 -47 0
-53 77 -14 0
33 -13 -47 0
-28 -41 69 0
-12 19 -15 0
-76 -28 -60 0
56 -28 31 0
-26 67 -50 0
-28 55 2 0
12 -33 52 0
8 66 -14 0
-18 -7 13 0
-16 52 -9 0
44 19 -52 0
51 29 67 0
53 -17 -8 0
4 75 -38 0
-52 62 -31 0
77 -76 -69 0
20 -67 64 0
-77 34 25 0
-8 -34 53 0
-52 22 38 0
77 -9 -25 0
-29 -13 -67 0
-55 -57 35 0
-74 78 -52 0
-24 69 -17 0
-27 -21 -64 0
78 74 -57 0
-56 -57 -71 0
-20 4 65 0
-53 25 -3 0
-35 -28 47 0
-32 36 69 0
10 -69 -77 0
66 69 50 0
7 -49 61 0
-12 -51 55 0
-69 40 18 0
18 -22 59 0
-41 -17 48 0
-53 57 73 0
67 71 -57 0
-60 47 -56 0
-21 -9 -64 0
56 57 23 0
-67 -70 13 0
-45 21 -70 0
-37 -45 -47 0
17 -78 16 0
21 -63 54 0
-13 -24 34 0
-8 44 7 0
-48 25 -76 0
-73 3 42 0
45 -2 -69 0
-40 57 -58 0
-35 -13 74 0
-10 -63 67 0
-40 -49 -14 0
56 47 -61 0
-12 -4 7 0
43 50 -29 0
-38 61 72 0
64 -19 -6 0
-66 -42 36 0
62 38 -14 0
-3 39 15 0
-44 -42 40 0
11 27 69 0
-40 -10 -27 0
63 -44 51 0
-6 -34 -21 0
20 -15 63 0
20 -23 -78 0
7 -1 25 0
5 39 -38 0
-12 65 -16 0
-54 69 -72 0
-57 -66 -52 0
37 7 -36 0
34 26 67 0
9 50 59 0
54 -4 -31 0
37 22 -13 0
-68 15 33 0
-13 -14 -69 0
7 -27 75 0
-39 22 -51 0
58 -26 38 0
-17 12 47 0
-36 20 -47 0
-39 52 -16 0
21 -77 -60 0
-8 -66 -67 0
52 32 -61 0
-15 -40 72 0
29 42 -16 0
-56 -77 16 0
-29 51 -39 0
45 59 62 0
-15 -34 -8 0
56 -13 -36 0
-33 -54 23 0
-71 -62 -44 0
23 33 -67 0
-51 -23 50 0
33 -26 -64 0
-71 -40 27 0
-56 -75 15 0
77 -57 -4 0
50 -71 -3 0
-41 -63 73 0
54 -55 -4 0
12 67 -30 0
68 -46 51 0
-24 54 34 0
-74 -64 4 0
25 64 26 0
-5 13 44 0
-5 12 -39 0
46 42 -29 0
-16 -2 -38 0
18 -34 24 0
44 2 -22 0
-7 -24 22 0
24 -1 51 0
-44 76 48 0
-7 -57 -70 0
-40 22 65 0
-16 -70 19 0
35 -73 -78 0
-52 46 -63 0
-8 -60 53 0
28 -49 -36 0
-41 -64 -13 0
55 -56 58 0
-22 68 33 0
-70 -73 -4 0
73 54 60 0
-53 46 69 0
10 56 22 0
-41 -45 -24 0
-26 -19 -5 0
