p 95 404
25 -35 15 0
82 29 -38 0
56 58 -36 0
-51 -87 -35 0
46 -6 95 0
-94 93 -73 0
45 -88 -25 0
6 33 10 0
-1 22 -87 0
90 71 73 0
19 -20 -25 0
-60 -66 29 0
16 67 45 0
18 22 -19 0
37 12 18 0
10 88 -58 0
17 -24 -77 0
40 -89 -55 0
-27 43 -69 0
5 38 -2 0
-19 8 -83 0
23 63 -85 0
-91 -81 14 0
-76 31 -27 0
36 54 -84 0
-66 -1 77 0
-21 -27 -72 0
8 -41 -77 0
33 66 2 0
82 11 -48 0
-47 33 -5 0
23 34 -78 0
71 -42 -18 0
-30 -47 15 0
-15 39 -34 0
24 -95 92 0
93 41 -55 0
50 17 -88 0
20 93 91 0
-30 -37 18 0
-11 -85 62 0
24 11 69 0
32 42 -70 0
51 49 70 0
6 -81 -14 0
-71 -51 90 0
60 -28 90 0
-72 -92 77 0
-86 77 47 0
68 23 -65 0
-16 -87 63 0
71 59 -52 0
12 71 -58 0
-94 3 87 0
16 -44 66 0
2 5 3 0
-53 52 55 0
71 -42 -8 0
78 70 32 0
3 -68 23 0
71 -90 -55 0
3 -5 95 0
78 -44 -36 0
-7 -72 33 0
-66 57 13 0
15 44 63 0
19 -28 68 0
15 26 -34 0
-5 61 39 0
-53 -87 30 0
-73 5 49 0
-1 -39 -83 0
-18 -24 52 0
77 59 -12 0
10 -78 -61 0
-56 25 -70 0
-21 -72 -25 0
32 -18 -66 0
-36 -84 -93 0
-46 43 -66 0
17 -3 -37 0
74 93 -19 0
-49 40 -78 0
5 48 -46 0
-86 -85 -27 0
58 49 66 0
-29 17 -62 0
69 6 95 0
19 71 -54 0
-59 -22 -25 0
-68 -35 -14 0
8 -37 82 0
-93 88 12 0
-7 -56 -34 0
60 -75 90 0
24 48 -56 0
19 12 -4 0
48 -63 32 0
-32 7 56 0
-67 -33 -73 0
-88 -85 -29 0
-10 69 77 0
-9 -51 -71 0
-2 -90 48 0
-95 -47 -78 0
53 34 62 0
-62 -57 14 0
-27 90 -82 0
22 95 -65 0
19 56 -58 0
-75 37 -10 0
86 -22 35 0
44 51 -72 0
7 77 -66 0
-63 -44 -16 0
-44 77 -89 0
-60 -85 -87 0
66 -55 94 0
36 -27 45 0
-81 -63 -66 0
59 -82 55 0
50 57 22 0
62 -32 22 0
74 76 67 0
72 -51 -86 0
-79 -81 -47 0
31 25 -67 0
21 -41 86 0
19 -54 -5 0
-10 41 66 0
-84 -14 -95 0
-14 75 -69 0
-15 74 72 0
22 -83 68 0
68 -58 13 0
43 17 -45 0
21 62 -91 0
53 58 -32 0
19 -93 -51 0
85 -48 80 0
-84 2 -5 0
-58 -60 71 0
27 -29 -74 0
5 55 -37 0
30 -16 -92 0
-94 -84 -65 0
-36 -54 5 0
-12 -27 69 0
-2 -56 -65 0
57 17 -88 0
84 -40 35 0
-44 -75 62 0
-4 -79 -90 0
77 42 -57 0
51 3 8 0
-36 -35 -27 0
52 53 -75 0
-51 -26 -79 0
75 94 33 0
-38 42 -65 0
48 -25 -81 0
-50 -35 -65 0
71 -54 -26 0
-47 59 -60 0
-54 95 15 0
37 -67 -42 0
36 -15 84 0
77 90 45 0
76 -11 -66 0
-69 82 -32 0
69 48 -66 0
-8 18 -82 0
58 40 -27 0
53 33 35 0
19 -55 74 0
54 61 80 0
-44 32 -24 0
72 -95 -35 0
-52 -23 47 0
-41 -62 -9 0
-54 17 -82 0
29 49 -31 0
-7 65 11 0
53 -43 -65 0
93 -78 -18 0
-35 42 -87 0
34 -59 -50 0
15 -39 91 0
15 -44 23 0
83 -35 32 0
45 38 -48 0
39 36 -45 0
-15 62 65 0
-38 -83 82 0
54 20 94 0
-24 -30 47 0
-90 31 -55 0
-4 -77 79 0
9 -34 42 0
92 -61 -76 0
-46 -19 2 0
-44 -34 -23 0
-61 -82 -66 0
18 51 73 0
95 -70 53 0
-93 77 56 0
25 -84 -64 0
20 -46 -4 0
-83 87 82 0
37 -39 42 0
-32 50 79 0
54 -22 48 0
-63 1 -82 0
-17 42 50 0
17 8 -76 0
-41 -27 -45 0
-87 78 -19 0
59 -72 39 0
-85 79 73 0
62 -31 86 0
81 23 25 0
-83 -29 -1 0
37 -9 -51 0
-80 -94 -3 0
4 50 21 0
53 46 -43 0
-11 93 -91 0
-79 -91 -10 0
55 43 -94 0
51 -36 -53 0
-37 -31 -84 0
92 59 80 0
34 -76 55 0
-62 -52 83 0
-62 -79 46 0
-88 -10 -22 0
-93 8 -57 0
-36 -66 -27 0
67 65 -49 0
-82 -6 58 0
32 -23 -37 0
-25 28 5 0
92 -86 -13 0
-43 -18 -49 0
65 -22 41 0
-14 15 -57 0
-85 19 -68 0
-3 13 54 0
-2 23 -65 0
5 -61 -81 0
-52 60 33 0
1 -69 -89 0
-88 -36 -40 0
-65 -25 -43 0
-38 -8 89 0
61 80 5 0
43 -73 67 0
-15 83 -34 0
72 -94 76 0
76 92 -9 0
-33 -14 31 0
93 -6 -25 0
15 -85 -56 0
68 91 11 0
71 -76 -58 0
-82 -53 -31 0
-29 -51 68 0
-69 -24 38 0
-13 33 16 0
93 11 59 0
49 86 59 0
48 -13 -84 0
-56 -29 -93 0
-88 -3 50 0
-60 78 -59 0
-28 -40 67 0
4 95 -91 0
-58 54 8 0
-78 -66 19 0
84 -90 66 0
-91 94 83 0
-47 81 -21 0
47 -32 -18 0
82 21 -81 0
-92 89 95 0
15 -92 85 0
83 12 -84 0
-28 -42 64 0
-8 -38 -3 0
39 -88 75 0
-35 -76 86 0
-3 14 -41 0
90 46 54 0
-92 94 -89 0
47 6 -55 0
58 -18 84 0
56 37 53 0
2 31 8 0
-50 20 -73 0
-76 50 88 0
89 -92 28 0
6 40 87 0
83 -61 23 0
52 85 -21 0
70 -69 66 0
38 -28 45 0
-22 8 -4 0
-70 45 -82 0
28 -74 -4 0
82 -47 -31 0
41 -40 13 0
-65 27 -58 0
-37 -88 9 0
32 -72 -13 0
-23 81 1 0
18 -72 68 0
-66 27 -21 0
-90 19 32 0
80 -25 59 0
68 -20 12 0
3 -75 -79 0
-85 2 -17 0
26 -91 -50 0
70 -48 45 0
56 -1 52 0
-25 75 -83 0
-28 -40 68 0
-64 -63 -67 0
25 93 70 0
31 -89 69 0
64 -81 -24 0
53 70 69 0
-50 -21 -88 0
-47 92 84 0
29 -64 25 0
-78 74 -59 0
68 51 53 0
-29 68 66 0
-32 -42 13 0
-17 86 -94 0
54 -49 70 0
10 85 56 0
-65 -71 7 0
-90 -85 -67 0
-66 92 -10 0
27 67 35 0
45 -54 35 0
54 56 -63 0
-49 81 -61 0
-29 75 -46 0
92 4 -8 0
-35 -84 40 0
-14 28 -37 0
-43 18 95 0
12 -91 -79 0
52 -71 -46 0
-15 4 88 0
-36 -82 76 0
-5 -50 18 0
-9 42 32 0
-71 -5 56 0
-23 26 2 0
53 47 -13 0
-60 51 -61 0
61 -42 -55 0
-92 -91 85 0
13 42 90 0
65 67 34 0
-5 59 -55 0
73 11 -45 0
-70 -4 8 0
64 18 -86 0
54 62 40 0
-52 -29 -71 0
-1 57 -22 0
18 61 87 0
88 -74 -53 0
-28 -50 -93 0
50 66 93 0
11 -49 7 0
93 26 -69 0
-51 70 -13 0
-50 -75 -12 0
33 26 87 0
-53 19 -78 0
88 26 -63 0
-39 -42 9 0
90 -75 5 0
81 36 -19 0
20 -14 -17 0
60 55 47 0
-73 43 76 0
-55 -75 19 0
-30 83 27 0
-26 -79 63 0
-33 -75 8 0
-89 69 -29 0
-53 4 -40 0
53 -21 66 0
-70 20 27 0
4 -89 -63 0
-17 9 -65 0
-20 -93 95 0
-67 -74 -84 0
