p 61 259
-61 7 -53 0
-29 28 -42 0
-27 30 -2 0
26 16 -45 0
3 30 20 0
-13 -52 -14 0
23 55 50 0
-16 -40 11 0
49 25 -32 0
-38 9 -17 0
-56 -54 -5 0
24 43 -7 0
-47 45 -10 0
58 26 -36 0
-19 22 17 0
-43 36 -37 0
29 -40 42 0
40 -57 -52 0
-47 -9 -41 0
-12 -23 19 0
48 50 -42 0
-19 -37 -25 0
-7 -29 57 0
-6 50 -32 0
-3 -38 -53 0
-32 -46 -52 0
32 41 -34 0
-36 48 -56 0
-25 58 7 0
44 7 14 0
-49 -1 -35 0
-48 31 -20 0
-4 -40 -6 0
57 -41 33 0
3 -51 -35 0
3 -37 -49 0
3 16 39 0
-24 -47 35 0
-16 -22 -25 0
2 -19 -60 0
-33 -51 -8 0
-55 -27 31 0
-36 -4 47 0
-36 -25 4 0
-5 60 43 0
-32 -39 -18 0
-16 57 45 0
54 42 61 0
-54 -18 55 0
-44 -39 -3 0
39 54 18 0
53 37 23 0
45 30 26 0
33 25 29 0
-14 -52 -7 0
-39 44 20 0
-13 -5 -40 0
-32 26 -3 0
-14 -13 -34 0
-30 -24 60 0
-19 1 55 0
-45 -24 11 0
12 28 26 0
-18 -53 27 0
20 -8 57 0
44 -33 29 0
28 -52 -36 0
-37 -41 55 0
-32 -18 6 0
23 -38 -48 0
-42 -3 -33 0
7 -18 5 0
-60 34 57 0
-24 -23 -15 0
8 -59 2 0
15 32 -35 0
-33 -8 17 0
-50 -20 17 0
24 -5 9 0
5 52 -7 0
19 -58 -20 0
-17 56 58 0
11 -34 -40 0
-25 -29 -41 0
-16 27 14 0
28 10 -7 0
5 -18 11 0
-19 -39 -10 0
34 3 -37 0
-45 -7 29 0
-16 56 -24 0
31 -25 -18 0
-58 -19 8 0
13 -39 -1 0
15 -29 7 0
19 -45 20 0
-4 14 -33 0
-2 -36 56 0
53 -50 -38 0
8 -19 -39 0
17 -47 30 0
15 48 -24 0
23 -5 -60 0
-42 -43 -50 0
-40 12 -44 0
15 -60 7 0
43 9 -34 0
44 -38 -59 0
-45 -21 -47 0
8 55 10 0
13 -1 -28 0
56 -57 -26 0
12 -39 -14 0
-16 37 7 0
-19 -30 -16 0
40 14 49 0
16 -33 -52 0
-40 -25 -43 0
40 27 -34 0
-50 -61 -6 0
37 17 25 0
33 -17 -58 0
-33 12 -42 0
22 -56 -42 0
30 -34 58 0
49 33 -24 0
12 -54 -45 0
28 -39 -52 0
31 12 -51 0
-36 -29 6 0
-18 -21 4 0
22 41 -11 0
46 -30 50 0
-36 -35 37 0
-41 25 29 0
-51 11 5 0
-57 55 60 0
23 49 6 0
-34 25 -41 0
41 -26 -51 0
-40 -24 33 0
58 -3 6 0
-59 -60 25 0
4 23 -59 0
-25 22 -56 0
-61 31 -26 0
13 -45 24 0
42 -61 4 0
-48 -16 -35 0
2 -35 38 0
11 50 15 0
-10 45 15 0
-41 48 -43 0
-3 -49 -46 0
55 41 50 0
40 -53 33 0
2 23 -46 0
61 -8 48 0
26 15 11 0
26 -1 -32 0
50 55 58 0
47 56 31 0
56 -61 -46 0
-10 57 60 0
-40 33 50 0
60 -5 34 0
-30 7 1 0
24 43 38 0
47 -24 -39 0
-41 -32 13 0
-40 -31 2 0
-14 3 20 0
-46 49 43 0
-37 -36 -38 0
1 30 -18 0
-40 -31 48 0
-9 -19 -28 0
-24 -11 53 0
-58 -37 19 0
-17 7 -1 0
59 17 -19 0
7 48 -8 0
-59 14 -36 0
44 26 42 0
35 53 -24 0
55 10 -37 0
43 15 -50 0
-59 -34 19 0
-37 9 -61 0
-47 -9 -60 0
46 -43 -61 0
24 42 16 0
39 -24 -54 0
9 -61 -57 0
18 4 56 0
12 8 -14 0
12 -9 -51 0
3 11 2 0
58 11 17 0
-30 24 -52 0
3 50 39 0
51 -9 22 0
11 -48 12 0
-18 -55 36 0
11 28 -53 0
-2 19 55 0
-30 -21 -57 0
53 -14 -26 0
-11 16 -36 0
-19 41 29 0
27 19 51 0
-20 -56 53 0
-50 22 51 0
57 -5 6 0
30 -44 -24 0
43 45 4 0
35 -20 -21 0
23 -30 18 0
39 -6 -5 0
21 29 -58 0
44 11 -52 0
-27 31 -2 0
-13 5 39 0
30 -17 10 0
-39 -10 18 0
-3 -52 15 0
-32 -13 17 0
-51 55 -16 0
23 12 -30 0
36 -14 -17 0
-12 -41 -45 0
37 13 -8 0
-56 -26 -4 0
-9 -25 -59 0
-60 -28 -7 0
-39 40 -38 0
4 -23 14 0
-18 -3 -32 0
-36 -23 -5 0
-23 -58 -2 0
-17 8 39 0
-54 51 29 0
1 3 39 0
-16 -23 11 0
-14 -21 9 0
-37 -3 -41 0
-51 -42 28 0
-39 -16 -23 0
-34 37 13 0
43 -28 23 0
-4 -51 -42 0
7 3 -16 0
55 -49 44 0
-50 2 24 0
29 -44 -25 0
-41 -2 -31 0
-6 -49 -53 0
10 57 -3 0
44 -46 57 0
