p 95 404
84 56 -50 0
55 -44 1 0
-21 -53 -26 0
14 68 54 0
30 -58 -29 0
81 39 31 0
-42 -59 -35 0
12 -50 -18 0
-53 -90 -12 0
45 -7 89 0
34 21 38 0
3 82 -5 0
-93 -30 81 0
14 17 -26 0
88 5 56 0
44 88 -77 0
-52 73 -22 0
31 -85 70 0
58 85 42 0
-35 78 50 0
-29 -61 -82 0
-73 91 18 0
-4 -28 -43 0
-57 52 -66 0
34 84 65 0
10 -58 85 0
19 91 35 0
2 92 -20 0
86 43 -80 0
48 75 91 0
-80 63 -36 0
-48 64 -85 0
12 -49 61 0
-7 -32 -18 0
66 -37 -24 0
6 -36 43 0
18 61 65 0
40 -54 -73 0
92 65 -47 0
-17 -45 94 0
27 83 -94 0
52 -5 -59 0
7 -71 -37 0
-3 -46 81 0
-54 22 41 0
25 52 68 0
-3 -57 8 0
-60 63 88 0
91 -69 -25 0
-35 17 -44 0
53 -14 -15 0
-86 67 52 0
63 40 -31 0
15 17 18 0
-48 -84 -45 0
86 -89 61 0
47 36 46 0
-48 30 68 0
43 67 -88 0
-29 30 61 0
57 -94 30 0
-82 -84 -35 0
26 -20 -94 0
-16 -30 -37 0
-1 -42 79 0
89 -90 39 0
-79 -63 1 0
55 36 -93 0
-58 34 -89 0
-84 24 13 0
33 -90 -69 0
-46 43 23 0
-2 29 76 0
-54 10 2 0
26 29 -11 0
-58 13 -21 0
-20 87 -50 0
66 74 27 0
12 7 83 0
67 68 23 0
-52 -32 37 0
-81 6 -85 0
10 -27 -51 0
-28 -87 -57 0
-85 56 -94 0
41 83 -68 0
89 -38 -26 0
75 -10 -84 0
46 25 59 0
11 -25 9 0
-2 82 63 0
-74 42 -71 0
-6 48 -15 0
-9 -73 -92 0
56 -31 11 0
-10 70 19 0
42 -17 -59 0
-94 23 65 0
-20 -14 -2 0
-69 -33 89 0
-84 -60 -85 0
46 12 76 0
-80 -70 -76 0
-26 -23 30 0
58 17 81 0
-2 49 -52 0
63 24 -3 0
-22 -89 66 0
17 65 -8 0
-38 45 -17 0
-1 -40 25 0
-92 -56 43 0
11 30 72 0
-68 1 -76 0
59 -28 -37 0
71 -92 51 0
-51 -67 -32 0
-49 -25 65 0
-31 44 54 0
82 25 -62 0
18 63 -30 0
29 -33 57 0
-57 63 77 0
24 -77 -18 0
61 -47 -70 0
-32 -65 62 0
-83 91 57 0
45 65 -44 0
79 27 -7 0
-80 79 -40 0
88 -8 -72 0
62 -57 -27 0
-75 27 28 0
-10 62 78 0
15 57 27 0
-60 81 -75 0
-90 -20 34 0
-49 -33 65 0
-74 8 84 0
77 -80 76 0
77 -70 -49 0
-51 -68 -91 0
34 61 -86 0
74 27 -34 0
-46 -43 -74 0
46 -8 31 0
69 -86 72 0
-73 -55 -68 0
-76 -9 85 0
1 84 -31 0
33 -86 -46 0
-65 12 61 0
-62 -50 -25 0
33 41 -67 0
19 -26 -82 0
52 -84 46 0
-68 -39 87 0
45 -33 13 0
-5 74 -93 0
-84 9 -69 0
63 -56 22 0
2 49 92 0
82 58 -77 0
-94 24 -36 0
-61 40 -39 0
-76 -8 -30 0
36 30 64 0
32 93 -73 0
-79 4 42 0
-80 -79 -95 0
9 -52 -40 0
20 -43 -40 0
84 83 19 0
-53 93 -40 0
-40 -16 -28 0
-78 57 42 0
9 30 45 0
19 32 60 0
-40 -26 -82 0
-74 10 -19 0
21 86 12 0
77 -73 29 0
95 32 3 0
9 -63 -33 0
87 74 49 0
-75 1 -59 0
-37 -31 -50 0
-25 -19 37 0
-53 -88 -57 0
11 -94 -19 0
-18 -32 21 0
-61 -6 69 0
-52 -74 -17 0
88 22 48 0
16 -77 89 0
36 -21 19 0
14 26 -92 0
-65 -77 41 0
-45 32 16 0
13 -40 52 0
78 -53 -89 0
88 54 55 0
53 69 45 0
-40 46 -21 0
65 -1 -88 0
-29 -78 -76 0
18 -10 24 0
76 3 33 0
90 23 67 0
-28 -2 -54 0
94 -75 -11 0
27 18 49 0
59 -53 67 0
60 13 4 0
95 72 -85 0
-23 -14 -35 0
-41 -29 2 0
-94 30 89 0
-14 64 -1 0
45 -56 -46 0
-53 -80 95 0
-44 -47 -18 0
64 -30 77 0
68 -18 62 0
80 21 84 0
45 -10 -88 0
20 55 60 0
45 28 -34 0
-92 -66 85 0
48 -58 11 0
75 -63 -51 0
-60 89 86 0
74 -21 68 0
-62 39 63 0
34 75 -62 0
-89 71 81 0
65 -30 27 0
-6 -95 -86 0
-66 -68 46 0
77 40 -39 0
-51 -18 30 0
74 21 63 0
-51 -16 -38 0
-3 -2 -10 0
-68 -53 -46 0
12 -54 16 0
-34 -40 -8 0
87 84 41 0
29 -56 -69 0
17 34 -76 0
-72 48 -35 0
8 -50 52 0
72 -13 75 0
-15 85 44 0
-75 39 69 0
-91 -58 -93 0
50 44 21 0
-49 -62 74 0
-29 -83 62 0
-2 89 -10 0
84 45 78 0
-69 -35 -18 0
-2 81 70 0
72 -75 -14 0
-71 -67 22 0
-93 -46 55 0
-47 -37 44 0
59 -17 -25 0
19 -21 -20 0
28 -5 -93 0
27 58 -77 0
51 -92 27 0
-93 -38 -2 0
85 9 -23 0
-83 -23 19 0
-64 -67 -88 0
75 -5 -22 0
81 -30 52 0
59 91 -48 0
-76 -13 -61 0
-10 49 -48 0
8 -10 95 0
66 -18 88 0
10 -18 79 0
-65 -72 5 0
90 16 -82 0
56 -9 -59 0
42 -40 90 0
-36 80 -81 0
-22 19 40 0
-8 -17 15 0
14 65 -28 0
23 4 -37 0
-76 55 4 0
43 -2 -75 0
-20 -2 -78 0
13 80 39 0
4 28 -92 0
28 55 62 0
-25 -23 76 0
87 -62 -35 0
-26 86 -33 0
-11 61 -10 0
27 90 -22 0
-50 -55 -65 0
91 -23 1 0
-14 -37 59 0
-88 -80 -48 0
19 -45 74 0
90 3 19 0
-71 28 -80 0
-78 86 -76 0
73 -16 -50 0
63 88 -55 0
88 -60 27 0
62 -43 55 0
6 27 -95 0
77 -93 -29 0
58 72 28 0
-41 -31 66 0
66 85 -3 0
39 65 5 0
-50 5 -28 0
-20 12 -81 0
63 -49 -5 0
-8 -38 43 0
64 -21 -15 0
35 91 -6 0
20 -83 15 0
-45 -29 83 0
57 -92 -5 0
38 31 -49 0
-20 -19 -15 0
36 19 -54 0
12 -51 -18 0
65 -9 -51 0
-60 85 17 0
-30 -61 83 0
-89 17 66 0
74 76 -85 0
25 82 83 0
-58 32 -10 0
89 80 -5 0
-85 35 -72 0
-50 -30 -87 0
73 -53 79 0
12 -88 -92 0
-74 -63 31 0
-27 -72 -73 0
-50 -89 6 0
75 -41 -64 0
91 -40 -24 0
52 72 -48 0
27 -83 18 0
18 -72 -67 0
25 -42 -75 0
56 -53 16 0
21 -9 61 0
25 -29 12 0
74 -50 53 0
-26 46 -16 0
57 -50 68 0
91 -12 59 0
-27 -59 33 0
43 -14 -65 0
-29 -73 -41 0
61 30 -74 0
-40 -39 20 0
-3 1 -34 0
23 55 -87 0
35 -10 -44 0
66 -8 -78 0
-63 -35 76 0
-26 88 -41 0
15 -23 -7 0
35 67 90 0
39 -62 5 0
46 13 70 0
13 14 -41 0
-51 -6 14 0
40 -94 21 0
-91 11 -17 0
-40 -18 -61 0
80 -82 79 0
62 -9 -84 0
92 -70 75 0
-14 -78 -77 0
-9 54 -74 0
-17 65 32 0
23 46 -75 0
-80 -21 -45 0
-52 -86 -70 0
73 1 -60 0
-22 -94 -61 0
60 -16 -24 0
64 82 -3 0
-8 18 24 0
-53 -42 86 0
-71 -70 45 0
-35 50 -39 0
-76 85 -94 0
-56 92 -11 0
-12 -8 68 0
57 82 -79 0
