p 25 106
23 -25 -5 0
-12 15 -22 0
10 -20 -2 0
-12 -5 16 0
25 18 -13 0
-16 -14 13 0
7 17 14 0
-2 -16 -24 0
-2 24 9 0
-1 22 -5 0
20 21 18 0
-6 25 8 0
2 -8 -22 0
5 -8 -15 0
-15 -24 5 0
-20 -8 11 0
24 -2 -19 0
21 3 20 0
-23 -2 25 0
-15 -20 -7 0
21 -4 25 0
5 -9 -24 0
-16 -23 6 0
20 13 12 0
-5 19 10 0
-23 21 15 0
1 -9 21 0
11 -21 -22 0
11 -20 1 0
12 -22 -7 0
23 13 10 0
4 13 -10 0
-24 -21 -8 0
-4 14 13 0
-11 -10 -2 0
21 -10 -7 0
-19 15 -12 0
-5 -20 -21 0
-4 22 21 0
1 -9 -15 0
-16 -23 -17 0
3 -18 -1 0
23 -8 4 0
-3 14 -7 0
-22 -7 -1 0
15 -12 22 0
3 14 2 0
23 16 -8 0
13 23 -11 0
11 -22 21 0
5 -8 7 0
15 24 -14 0
-14 2 -17 0
5 -25 -4 0
-23 -24 -11 0
-22 24 11 0
-6 18 20 0
-16 6 -1 0
-14 2 -1 0
7 1 8 0
-17 1 22 0
13 -5 -20 0
-25 -16 -11 0
-20 19 -1 0
7 23 25 0
15 5 -13 0
22 -13 -14 0
-1 10 9 0
9 18 6 0
-25 -21 -2 0
21 25 5 0
13 -14 -25 0
-5 20 18 0
-20 -22 -8 0
21 -5 16 0
15 -5 13 0
12 -23 -9 0
12 19 15 0
2 -7 9 0
13 -22 -14 0
18 -22 25 0
-10 -19 25 0
8 -11 12 0
-25 -10 15 0
4 -15 -9 0
-5 -11 -22 0
-2 -10 -13 0
-14 -10 -6 0
16 -8 -10 0
-2 21 -1 0
-24 25 -1 0
15 7 16 0
19 1 9 0
-1 -4 -22 0
-19 -7 4 0
-17 -21 12 0
20 -5 -14 0
-21 -2 13 0
15 8 7 0
11 19 -21 0
-23 -12 -18 0
5 12 -2 0
14 -19 -16 0
-1 -22 16 0
3 -13 19 0
-25 -6 15 0
