p 43 183
-34 3 18 0
15 6 38 0
-39 -16 29 0
28 -23 -24 0
5 13 -36 0
7 -32 -29 0
-32 21 41 0
-23 -6 18 0
1 -27 -21 0
5 36 -32 0
-1 29 26 0
25 15 -6 0
-4 -15 13 0
21 -38 -40 0
9 27 -41 0
-15 13 -40 0
-16 35 27 0
-22 8 11 0
-40 13 -27 0
42 -5 43 0
6 9 -12 0
-2 -10 -21 0
37 18 23 0
-14 30 32 0
-13 -7 23 0
-7 34 -5 0
25 14 26 0
-3 -2 24 0
-37 17 14 0
-14 2 -35 0
-14 -30 -28 0
24 -4 15 0
26 -17 20 0
16 -8 -43 0
-17 -40 39 0
26 32 -14 0
-21 -8 -29 0
34 -37 22 0
25 27 41 0
-13 -38 -32 0
-20 29 -23 0
9 -2 38 0
20 -5 40 0
-11 8 34 0
-33 -40 -43 0
-35 15 -34 0
-8 -32 -23 0
35 -31 25 0
-13 35 10 0
24 43 -6 0
-23 -27 14 0
2 3 4 0
-42 -39 -15 0
-38 -3 -25 0
-42 28 29 0
-30 2 22 0
10 35 -16 0
20 41 -15 0
-8 -26 -43 0
13 25 -40 0
-41 36 -38 0
38 -31 17 0
1 8 31 0
-13 9 35 0
-37 21 -4 0
-35 10 29 0
-6 7 -15 0
-25 21 43 0
20 -16 17 0
22 -19 6 0
29 24 3 0
-25 -9 43 0
-26 -1 -28 0
-25 -27 39 0
25 -41 21 0
1 29 -5 0
-36 20 43 0
-10 -6 -29 0
25 43 40 0
34 3 -27 0
-1 40 -42 0
-19 -33 42 0
-6 23 -2 0
9 35 -2 0
-27 -25 -15 0
-25 43 -21 0
-27 14 -37 0
40 5 -13 0
31 7 27 0
-19 -33 -2 0
16 15 8 0
37 -21 11 0
-42 -6 36 0
41 9 -33 0
-14 -21 -11 0
-15 -7 -20 0
-38 41 -22 0
-10 23 35 0
14 -15 -27 0
23 -2 42 0
15 -21 -16 0
-6 -2 -1 0
-15 -35 -32 0
-37 -8 -14 0
40 -42 -19 0
14 15 31 0
-25 3 -37 0
-18 40 -22 0
19 9 39 0
-37 -33 -21 0
24 11 -35 0
-35 30 4 0
-33 14 13 0
39 9 -16 0
26 20 -4 0
36 -10 21 0
-23 -21 -32 0
43 -21 13 0
-1 -23 29 0
-26 20 10 0
21 -15 16 0
-40 1 -30 0
-27 -40 31 0
-22 9 -14 0
-21 32 -30 0
28 -31 -10 0
-8 36 -17 0
41 21 -34 0
-7 -4 -39 0
35 -40 -9 0
-22 9 -28 0
-40 29 -34 0
-19 -21 7 0
-30 2 -17 0
-32 -38 24 0
7 -30 -17 0
10 -22 32 0
-40 4 41 0
22 41 -11 0
-43 -12 28 0
34 19 35 0
29 27 15 0
16 -34 5 0
37 -20 2 0
-4 -3 -1 0
-29 17 -10 0
38 30 -19 0
30 -4 15 0
-20 6 10 0
33 -1 10 0
18 -38 -5 0
-10 6 33 0
6 42 -19 0
26 -29 -2 0
34 -30 23 0
-38 -42 -37 0
27 -20 4 0
4 -2 -6 0
-36 -26 33 0
29 18 33 0
29 15 -21 0
36 -38 -40 0
-5 9 13 0
-30 25 -39 0
34 -23 7 0
5 8 -4 0
-1 -13 -34 0
2 27 40 0
-19 7 -13 0
-4 6 18 0
43 30 34 0
-43 5 9 0
43 -30 -23 0
16 -4 22 0
13 -6 -20 0
31 -14 22 0
8 9 4 0
1 25 12 0
-29 -42 -18 0
-35 -26 41 0
-36 43 11 0
-10 -11 2 0
17 -24 39 0
