p 86 366
-26 42 17 0
15 -1 44 0
-55 -82 -23 0
-3 59 -25 0
51 -5 -25 0
-40 -35 46 0
-76 20 -79 0
26 42 68 0
85 -69 81 0
-78 -80 84 0
44 -29 -39 0
30 -66 70 0
17 -46 -35 0
-38 -66 -17 0
18 14 71 0
58 5 -45 0
9 -49 38 0
4 -1 -58 0
37 -33 -30 0
62 63 74 0
81 -25 69 0
-2 -43 -25 0
37 -20 -17 0
5 -19 -27 0
-18 -40 73 0
46 41 44 0
-55 1 -77 0
-69 -3 -74 0
46 13 -37 0
-43 -7 -35 0
38 30 59 0
12 80 27 0
19 -2 57 0
-58 45 -54 0
-5 83 -11 0
-34 -3 -28 0
2 -83 32 0
23 44 19 0
50 15 43 0
32 -15 11 0
-23 60 52 0
-4 -30 -60 0
1 49 -62 0
-41 -10 39 0
70 20 -74 0
11 -41 -8 0
17 -38 20 0
9 -78 -6 0
26 -19 60 0
-80 47 29 0
83 42 79 0
63 -30 -29 0
-54 -18 39 0
69 1 -49 0
13 25 -57 0
-15 -65 -8 0
-41 53 -73 0
-15 -82 85 0
-21 56 64 0
-53 -6 60 0
-84 63 79 0
57 52 72 0
-9 -32 -4 0
-4 64 -50 0
-32 72 70 0
34 -75 -49 0
16 -59 35 0
64 -76 -28 0
-25 76 -83 0
-32 -35 50 0
25 86 -17 0
-14 -53 -12 0
-31 61 -74 0
52 49 -68 0
-60 -19 -24 0
-26 -43 9 0
62 -25 -40 0
65 -74 -15 0
-16 -54 -17 0
70 14 40 0
-22 -21 -20 0
34 84 -36 0
-73 83 -69 0
68 -66 32 0
-12 48 -31 0
-46 -61 5 0
-42 -76 -18 0
-78 74 23 0
81 -4 -46 0
5 62 2 0
48 12 86 0
-17 -9 13 0
53 14 -38 0
-68 -9 -38 0
86 21 -19 0
-27 -19 -28 0
-2 26 -77 0
-86 55 62 0
41 49 -43 0
-37 -24 77 0
-85 -46 -54 0
-80 15 -7 0
-54 -1 -50 0
-38 -26 73 0
34 -1 -84 0
84 -41 35 0
-22 -51 60 0
-37 -22 39 0
5 30 -53 0
35 44 64 0
47 13 -28 0
-8 39 54 0
-20 -80 34 0
77 -47 31 0
-60 -30 -79 0
-27 -7 25 0
-83 -81 -63 0
37 35 -63 0
48 17 -83 0
-26 2 75 0
69 82 45 0
-71 36 60 0
67 3 44 0
83 19 5 0
46 26 45 0
-81 57 -71 0
-27 40 60 0
81 34 -50 0
73 13 26 0
19 55 8 0
27 34 -14 0
56 51 39 0
22 1 -59 0
-69 81 -47 0
-73 20 15 0
32 47 -59 0
36 -50 -42 0
60 -21 75 0
15 58 22 0
72 -24 62 0
-38 72 -6 0
48 -49 50 0
25 57 -32 0
-49 -46 -59 0
67 -42 27 0
67 -71 35 0
64 77 11 0
-16 52 -80 0
76 24 -4 0
44 -72 -77 0
-40 -31 57 0
-32 24 83 0
-70 19 -81 0
-21 -67 -27 0
-55 -30 23 0
-45 43 -17 0
66 -43 53 0
-46 -77 -57 0
84 -59 58 0
5 -35 73 0
57 8 1 0
45 -65 18 0
80 3 -37 0
-18 -30 -50 0
-54 48 -24 0
-78 -26 -83 0
-3 15 -7 0
2 -37 -75 0
-18 -26 -29 0
82 5 3 0
51 -23 -35 0
-35 8 -36 0
15 73 -78 0
64 7 61 0
-48 21 -77 0
-43 -12 13 0
17 -13 -62 0
-71 72 27 0
-34 -11 54 0
84 51 -45 0
23 -79 -86 0
11 -23 -33 0
62 -18 -65 0
-35 36 13 0
45 -10 -47 0
-24 -81 75 0
85 -75 -30 0
75 -64 -19 0
-74 -79 81 0
-57 14 -74 0
74 -59 64 0
15 44 -16 0
33 37 -62 0
-17 47 26 0
-15 12 -20 0
-37 80 -35 0
35 -57 74 0
-23 -76 -15 0
-29 36 -22 0
63 -55 -2 0
83 -22 -44 0
-51 -84 -26 0
17 61 32 0
-58 80 39 0
3 15 -84 0
42 53 -34 0
-34 82 -32 0
-3 -64 35 0
-50 47 -79 0
-15 -58 -47 0
81 -51 -21 0
37 -59 71 0
-26 -62 -79 0
-84 -65 47 0
52 34 -61 0
17 15 27 0
34 -32 -41 0
-2 86 27 0
63 47 -74 0
-67 -71 82 0
51 -65 -30 0
-7 29 71 0
-38 -84 -83 0
38 1 45 0
-35 60 -27 0
-57 -39 -40 0
63 70 -43 0
-14 12 65 0
47 -60 -27 0
-5 28 -6 0
-83 -15 -13 0
42 -15 54 0
-67 6 26 0
54 -86 -18 0
-19 22 -34 0
80 33 -22 0
79 37 -1 0
74 -84 -14 0
42 -50 26 0
31 23 2 0
-52 -24 85 0
-73 -75 -65 0
84 10 -35 0
-53 -42 -6 0
44 8 -21 0
-15 -3 -85 0
-76 24 -60 0
-42 34 74 0
-36 -30 -55 0
-6 43 -69 0
-83 -39 -82 0
-76 15 -47 0
-52 -48 -6 0
65 -44 -8 0
-59 19 -46 0
73 31 58 0
-86 54 -34 0
60 23 70 0
-38 -55 37 0
37 -67 32 0
4 -7 58 0
-19 -55 37 0
-12 -63 -54 0
78 40 17 0
33 48 73 0
-14 -29 1 0
-32 -9 -50 0
80 63 1 0
-10 -13 -46 0
1 54 -33 0
29 61 53 0
29 -43 81 0
41 -27 75 0
23 -42 78 0
-39 1 -41 0
-28 27 30 0
-10 -25 -44 0
-21 -44 -50 0
15 63 -7 0
-77 -37 38 0
-59 38 1 0
24 -10 -27 0
-15 13 42 0
79 -46 -23 0
9 62 -36 0
-47 -5 -66 0
47 16 7 0
-58 48 21 0
72 62 -32 0
-2 79 65 0
-32 -82 -7 0
1 -76 -74 0
-55 -54 75 0
43 12 83 0
2 -66 -78 0
56 -47 -49 0
72 -37 65 0
58 60 -13 0
-26 -6 -55 0
68 25 28 0
41 -84 -66 0
33 -49 60 0
-58 -14 7 0
-38 22 14 0
37 65 -48 0
18 -61 -17 0
-65 -51 -11 0
-56 64 -80 0
-47 -75 23 0
82 -12 -54 0
-25 -44 66 0
-49 -55 -48 0
26 38 18 0
-61 40 -42 0
-64 -28 20 0
-15 38 -75 0
-9 75 -41 0
44 -33 42 0
16 66 9 0
-72 -28 -5 0
-5 21 -12 0
-51 5 43 0
-67 39 -24 0
-63 58 34 0
79 25 44 0
8 -58 -53 0
33 -13 -84 0
-61 78 -48 0
62 -3 60 0
-67 59 -14 0
21 -35 40 0
3 -81 -68 0
-82 -42 24 0
58 -20 33 0
24 62 4 0
-78 19 31 0
18 -37 22 0
-72 64 -23 0
86 4 3 0
33 42 -45 0
46 -64 79 0
-53 79 -3 0
-57 21 65 0
-22 17 -54 0
-47 5 44 0
69 20 -26 0
1 -86 -17 0
-63 62 -20 0
-1 53 -38 0
47 -33 -17 0
-6 59 -40 0
-61 -37 -50 0
-24 50 -4 0
-70 54 40 0
6 77 48 0
-76 19 -49 0
-68 26 43 0
-24 -59 -67 0
68 43 -11 0
-71 -38 -25 0
82 42 -75 0
77 -10 28 0
-1 81 -30 0
28 71 -30 0
-2 -52 -15 0
13 -83 -62 0
