p 59 251
-8 44 31 0
54 11 37 0
-55 -19 -39 0
-33 -50 11 0
35 39 59 0
-20 -40 -18 0
-43 21 -5 0
42 38 33 0
34 33 12 0
6 -38 -7 0
-4 -50 -16 0
5 -57 -29 0
19 -57 1 0
-41 -22 -47 0
-51 7 41 0
-43 54 15 0
20 -46 23 0
42 -29 22 0
32 38 -8 0
-2 -30 56 0
-36 -41 -2 0
21 29 -38 0
23 14 30 0
-45 -23 -30 0
-11 45 26 0
11 24 13 0
-20 18 -59 0
-7 -51 -17 0
-1 -54 -45 0
56 2 35 0
14 37 -33 0
19 46 13 0
-55 17 -18 0
40 -11 25 0
40 -26 -45 0
47 -39 55 0
12 -57 17 0
10 -25 -54 0
37 11 -46 0
32 18 -51 0
-56 18 -53 0
24 -21 40 0
10 -19 52 0
-17 -40 34 0
51 -52 -46 0
-59 -7 -10 0
38 -50 -29 0
-2 47 -9 0
52 -44 -5 0
-23 -34 51 0
-35 8 -28 0
59 -57 29 0
46 -17 55 0
-3 -12 -42 0
18 5 -56 0
34 2 -42 0
-47 25 8 0
-44 -54 58 0
47 -46 -32 0
-4 -31 -5 0
-17 -24 -59 0
19 -22 44 0
-9 41 -3 0
44 -38 49 0
23 -4 18 0
-57 -2 -24 0
-47 -36 40 0
53 33 -51 0
-49 24 -35 0
51 -12 -36 0
-41 -12 38 0
-51 6 2 0
-13 7 8 0
16 -3 37 0
-3 -54 -19 0
-6 5 -42 0
-24 -5 3 0
36 6 -33 0
7 32 -18 0
-51 12 -16 0
-20 32 -58 0
51 -43 -47 0
25 7 -46 0
4 -54 -25 0
56 52 8 0
-4 50 30 0
-49 -45 51 0
-31 58 47 0
36 -49 -32 0
-38 -16 47 0
-6 54 -11 0
-34 3 -33 0
35 -58 53 0
-52 -6 -45 0
23 58 -49 0
16 -11 56 0
-39 -12 50 0
56 49 -7 0
-58 -3 16 0
-18 17 4 0
-52 5 27 0
-10 -50 -35 0
-39 26 -43 0
17 -14 -20 0
54 26 11 0
34 -8 -21 0
-14 -34 -17 0
50 49 -2 0
52 11 8 0
12 13 5 0
33 59 -27 0
10 58 -9 0
35 38 -2 0
1 32 -12 0
-46 -6 -3 0
-51 -59 53 0
22 -19 -39 0
-1 54 -3 0
-21 53 -43 0
47 -53 21 0
57 -47 8 0
30 5 54 0
-9 -45 33 0
57 45 -50 0
-56 44 -24 0
36 -43 -46 0
24 -15 33 0
52 49 20 0
38 51 -49 0
6 -29 45 0
-28 59 8 0
-23 -8 57 0
-5 2 37 0
-34 -37 59 0
51 34 -53 0
-11 37 35 0
26 -56 -33 0
-13 34 -36 0
-59 42 -53 0
29 14 22 0
33 19 29 0
-38 6 -8 0
-5 48 -47 0
-6 9 -54 0
34 26 -54 0
-8 -20 32 0
-36 -9 58 0
42 35 53 0
-30 8 -51 0
-27 35 -31 0
29 -46 6 0
26 -28 16 0
59 1 49 0
48 19 28 0
-1 51 34 0
6 58 -59 0
-47 -21 -39 0
15 30 -43 0
48 -53 -41 0
-58 -56 -52 0
59 47 -9 0
-8 53 -10 0
-41 26 39 0
33 6 40 0
41 17 28 0
-37 -15 -58 0
12 15 1 0
-14 -48 -1 0
25 -24 -59 0
29 54 19 0
-37 6 -45 0
10 -11 26 0
43 54 17 0
-6 18 -54 0
31 49 -10 0
-56 52 22 0
59 16 51 0
-22 11 17 0
46 22 31 0
-22 39 30 0
43 -59 -47 0
-28 -21 52 0
-33 53 19 0
-26 -15 49 0
18 -46 38 0
48 1 -15 0
-19 25 52 0
-36 12 -29 0
28 26 -7 0
3 -49 -31 0
52 -58 -50 0
37 -57 17 0
-7 -45 21 0
59 -24 50 0
-58 -37 -7 0
54 -16 -44 0
29 -50 51 0
-2 -38 9 0
8 52 36 0
-45 6 51 0
-48 -53 11 0
6 -7 -5 0
-46 44 -36 0
-41 -16 28 0
31 21 -37 0
42 25 21 0
-43 38 -13 0
3 17 32 0
27 5 -49 0
-5 -33 23 0
58 35 22 0
39 -22 -36 0
-57 54 39 0
-55 -53 -22 0
-59 -32 -44 0
48 -3 -15 0
-49 13 -45 0
33 -58 36 0
1 -56 28 0
-1 -12 -34 0
-14 -24 -56 0
31 -40 25 0
7 -38 -41 0
22 16 13 0
52 -29 33 0
-46 42 7 0
-57 27 -6 0
37 -39 -53 0
43 -25 -16 0
-30 34 49 0
27 -50 -11 0
-20 -58 -24 0
11 -47 -33 0
27 -15 -22 0
-33 48 -54 0
8 -35 -10 0
3 55 -28 0
59 -55 -3 0
-24 -15 33 0
-55 32 56 0
15 49 -9 0
-16 -23 14 0
21 15 -35 0
1 50 -22 0
19 -36 21 0
-3 29 7 0
-54 -6 16 0
-11 -22 -49 0
-23 -30 -25 0
-38 -54 37 0
-9 -53 -21 0
