p 97 413
-46 -19 -74 0
82 33 66 0
53 -74 -38 0
-56 49 23 0
13 -18 11 0
-42 17 40 0
-92 -62 66 0
53 -76 -21 0
53 -46 43 0
16 -22 -47 0
-57 -97 -2 0
84 23 87 0
31 -3 -2 0
41 87 45 0
-11 24 28 0
62 -52 -74 0
-57 48 19 0
-56 -41 25 0
-1 52 31 0
39 7 -13 0
31 -29 -50 0
65 84 -22 0
58 -8 63 0
-77 17 -6 0
-48 85 49 0
-14 -71 33 0
-2 -52 23 0
-26 -66 46 0
-50 37 -13 0
56 -85 -5 0
-86 -18 -23 0
-34 -7 9 0
49 52 67 0
44 49 -74 0
42 -90 -15 0
14 -3 -33 0
69 3 -12 0
-94 -51 -61 0
-18 -73 12 0
-74 -95 64 0
36 34 82 0
-24 25 -49 0
1 -8 91 0
43 -48 -77 0
29 -8 65 0
-81 -50 46 0
10 -69 -29 0
-84 -67 -49 0
-57 -33 -27 0
38 -45 -3 0
85 62 -82 0
61 47 -95 0
63 34 94 0
-14 -51 32 0
1 -9 28 0
35 -71 -77 0
-79 -60 -19 0
-16 -23 77 0
16 -26 33 0
28 -77 74 0
75 -81 8 0
13 -15 -27 0
-73 90 65 0
35 23 48 0
69 80 -58 0
1 -49 18 0
-54 22 42 0
94 -27 66 0
-42 32 -48 0
-95 26 -19 0
-22 68 -53 0
-66 68 -26 0
-12 -7 25 0
-90 -26 -19 0
-79 76 86 0
-76 60 -13 0
84 74 -59 0
41 -82 -16 0
80 -66 -63 0
60 35 -29 0
-49 37 50 0
-27 80 59 0
-37 65 -50 0
5 90 -32 0
-95 40 5 0
-73 22 -53 0
-80 -96 -91 0
-5 -38 13 0
-97 38 88 0
-15 36 -8 0
-44 -32 -52 0
-7 -20 46 0
21 -11 -71 0
-5 75 58 0
76 33 89 0
-26 6 -2 0
17 19 41 0
-56 -46 -55 0
-93 -95 60 0
41 -82 -13 0
-25 -90 -58 0
-4 -55 76 0
24 -56 87 0
50 38 -94 0
-22 32 -78 0
-90 -85 -72 0
-58 59 -49 0
-80 -7 -18 0
38 34 -77 0
45 -39 21 0
49 -77 55 0
41 -53 76 0
-16 15 13 0
57 93 -12 0
17 -19 -92 0
80 -39 -48 0
-28 53 -81 0
35 -84 48 0
7 -67 1 0
81 1 65 0
-27 51 -37 0
-4 -2 67 0
72 37 62 0
79 -12 51 0
-35 89 48 0
-47 9 -56 0
-30 25 78 0
-77 -93 -35 0
73 -95 -56 0
-22 -26 33 0
14 80 11 0
30 -63 97 0
-93 73 8 0
-35 8 -6 0
32 -4 14 0
35 65 38 0
91 -30 6 0
51 54 -57 0
-75 -1 -89 0
-43 92 21 0
-29 -10 -2 0
82 12 28 0
41 89 29 0
-39 -10 49 0
78 68 26 0
-36 -28 9 0
-56 64 -93 0
-76 -3 16 0
56 28 64 0
67 -63 -13 0
16 -81 73 0
40 -65 -12 0
16 68 -52 0
-11 49 -66 0
-20 56 49 0
-84 92 90 0
9 -93 29 0
-29 -85 -6 0
69 -56 43 0
-29 -59 48 0
17 6 58 0
-14 -43 46 0
21 -87 -38 0
-52 48 -78 0
-33 65 -80 0
-28 -3 -57 0
-60 -37 32 0
62 2 -25 0
-25 64 -88 0
85 -69 -10 0
19 -33 -36 0
-54 44 -71 0
46 -91 93 0
51 81 -69 0
-66 -60 18 0
4 1 13 0
36 -53 85 0
42 -95 22 0
-39 -81 28 0
-59 57 -18 0
32 -24 -70 0
31 -92 -94 0
-52 79 1 0
69 -66 26 0
8 -57 -84 0
-42 79 -25 0
-84 -49 93 0
49 -22 11 0
-84 -72 -29 0
21 -17 -91 0
-10 -33 -56 0
-23 -8 -86 0
-76 77 -21 0
-22 -56 27 0
-96 16 37 0
50 1 78 0
-13 -18 -67 0
-93 -75 92 0
-62 68 74 0
13 -97 -96 0
-93 -32 52 0
-22 76 -40 0
-19 -14 76 0
-6 40 -45 0
-7 -95 43 0
-26 58 2 0
-42 -90 18 0
86 46 8 0
-13 44 -67 0
90 97 -60 0
-71 54 -29 0
9 66 -38 0
59 78 -13 0
29 -33 -87 0
42 72 52 0
11 62 47 0
-5 84 4 0
7 -4 -73 0
96 -79 -18 0
68 40 97 0
-11 -30 -69 0
-14 59 -92 0
58 16 39 0
10 92 63 0
-46 -37 89 0
56 66 -93 0
-65 -58 -76 0
77 22 43 0
96 -40 -52 0
84 43 -68 0
-47 9 -28 0
42 -13 -88 0
-4 -71 -86 0
-75 71 11 0
-66 -10 83 0
78 -87 85 0
-37 -17 -67 0
-24 19 -3 0
65 -64 -68 0
88 78 -8 0
-33 23 1 0
54 33 18 0
30 -76 -55 0
64 -17 -21 0
-33 41 48 0
-88 9 90 0
-12 25 -18 0
-78 75 -57 0
7 -70 -88 0
94 45 -79 0
47 -59 -77 0
57 -83 -12 0
-91 -67 71 0
-68 -92 10 0
-65 -56 -35 0
19 66 2 0
64 -87 30 0
92 -26 -8 0
-87 -56 80 0
27 93 36 0
-10 -23 -56 0
74 64 12 0
-76 -8 -11 0
76 -20 25 0
88 35 89 0
-5 -37 -47 0
25 64 -65 0
54 -74 -56 0
31 19 -93 0
-82 51 78 0
72 -10 74 0
40 91 -32 0
13 20 52 0
-39 82 -64 0
-5 67 -26 0
-86 -45 3 0
9 -68 97 0
64 -58 -10 0
-22 -58 -37 0
-45 -65 96 0
43 -55 14 0
70 1 4 0
35 58 2 0
-4 74 -68 0
-34 40 -67 0
-39 -96 79 0
31 22 23 0
68 -47 -50 0
-68 78 83 0
-11 -54 35 0
76 39 64 0
84 -47 78 0
-2 51 62 0
-94 12 46 0
-64 -16 -52 0
-14 -47 -16 0
21 -25 -51 0
-68 -8 -28 0
-33 -25 46 0
-60 -59 33 0
76 -20 -4 0
63 94 68 0
-87 11 83 0
-42 -36 46 0
-63 22 -2 0
-72 37 81 0
-91 -3 -71 0
-59 14 -5 0
-62 64 -63 0
-19 -6 22 0
-63 -36 -79 0
18 -34 -48 0
35 -74 13 0
63 91 -33 0
-45 -73 11 0
24 -73 -62 0
86 77 -50 0
29 -16 61 0
-47 -65 13 0
71 48 -73 0
-36 -16 -28 0
3 56 82 0
-73 11 86 0
42 39 -8 0
46 2 38 0
76 -96 3 0
-1 -45 28 0
-12 -93 43 0
39 -96 -18 0
75 -26 -71 0
30 56 -3 0
90 20 84 0
-7 -30 66 0
93 68 96 0
81 67 63 0
-32 -10 15 0
-43 -17 -96 0
32 -89 -25 0
32 -9 -33 0
-11 61 1 0
69 -66 50 0
23 5 -79 0
-46 61 15 0
49 72 19 0
-13 -17 -37 0
63 -49 -56 0
35 18 10 0
-82 22 -94 0
41 75 -33 0
-77 -3 -9 0
84 66 -96 0
85 21 56 0
-29 32 51 0
-8 -68 87 0
-12 -29 -8 0
21 -72 46 0
-45 74 46 0
-57 -45 -17 0
-21 24 -77 0
-92 -16 71 0
32 -62 26 0
91 -57 -35 0
-64 4 -34 0
-18 -32 15 0
-48 -88 30 0
-47 -4 -39 0
-68 -70 -21 0
10 54 17 0
55 50 -48 0
28 -57 -51 0
56 -72 -67 0
-65 -61 46 0
53 81 -9 0
74 -92 18 0
-47 86 52 0
-77 -83 -54 0
-28 -22 -2 0
35 -87 -75 0
28 6 -92 0
91 -29 -92 0
-52 -57 73 0
-93 -91 -45 0
-89 15 48 0
16 -28 2 0
-87 -93 55 0
46 64 43 0
-89 -62 -61 0
-12 -66 32 0
-56 -86 84 0
15 72 16 0
-43 56 -29 0
-64 -57 93 0
40 28 -84 0
-22 27 -71 0
46 49 -25 0
65 -44 -5 0
-89 -28 -23 0
-75 17 65 0
57 -17 -80 0
59 -27 71 0
-96 -4 -15 0
-23 -19 -84 0
-73 1 -90 0
-6 84 -36 0
70 35 48 0
-31 8 -1 0
-49 -89 94 0
45 -21 -80 0
-97 -25 75 0
-81 -95 -94 0
76 -53 -56 0
51 92 34 0
-54 43 -55 0
