p 86 366
-27 -43 -55 0
64 72 60 0
66 -22 15 0
71 34 12 0
-76 -47 -42 0
2 -69 45 0
-31 38 -75 0
48 49 -35 0
63 52 -38 0
-7 58 -68 0
-7 -54 11 0
4 -46 71 0
3 -60 -41 0
11 69 37 0
-65 -74 63 0
28 64 -2 0
86 -55 19 0
-56 -10 79 0
-58 -86 41 0
-66 9 55 0
56 76 69 0
42 -35 77 0
-85 19 3 0
78 23 53 0
-80 -86 -57 0
26 -46 -58 0
-43 -14 77 0
53 69 -27 0
79 -37 47 0
-71 10 -46 0
-68 -35 69 0
59 -77 -63 0
-70 73 -36 0
-28 30 66 0
79 -5 -61 0
72 -79 19 0
34 -79 -59 0
65 3 -32 0
-7 82 16 0
82 14 -22 0
-53 -24 66 0
65 -74 1 0
70 -1 85 0
8 -83 57 0
-78 25 -46 0
-46 -54 52 0
13 15 -26 0
84 17 -31 0
1 -31 8 0
-22 -59 36 0
45 2 23 0
-9 -69 47 0
59 -17 22 0
-81 11 78 0
7 -59 -5 0
30 -81 85 0
3 55 82 0
-58 72 -28 0
17 -8 80 0
64 44 -52 0
52 51 78 0
4 -77 -67 0
71 18 7 0
-45 -47 -46 0
86 -66 -46 0
46 50 -62 0
85 60 39 0
13 54 65 0
-27 81 15 0
-60 30 -66 0
-20 25 40 0
85 20 73 0
65 -43 34 0
73 -13 59 0
-61 -83 -72 0
-19 52 51 0
12 -68 58 0
-35 57 -56 0
-6 -86 71 0
66 -16 33 0
63 -34 70 0
68 79 -1 0
34 45 54 0
47 3 -55 0
25 11 -39 0
-41 -37 42 0
24 -58 -36 0
19 -76 -71 0
-28 -8 60 0
53 -30 -61 0
44 60 -68 0
-26 -23 80 0
73 -41 77 0
6 72 57 0
6 84 -48 0
-36 -62 -32 0
83 -17 14 0
-27 30 47 0
-16 34 -2 0
45 -38 -84 0
40 -19 77 0
54 -40 -67 0
78 -19 83 0
-50 32 -45 0
13 -75 -24 0
78 50 34 0
4 -60 -30 0
23 11 -40 0
-73 -34 86 0
-60 -73 62 0
-22 -75 3 0
-55 70 36 0
8 46 -45 0
-7 76 20 0
68 -20 19 0
17 -41 -22 0
-68 6 73 0
-7 -6 39 0
50 -22 -28 0
-21 77 32 0
55 76 11 0
46 -64 2 0
49 -51 71 0
20 -62 -13 0
-2 48 19 0
-11 -72 -68 0
21 -71 76 0
50 -38 -58 0
60 56 79 0
17 -53 58 0
68 -83 66 0
84 -13 -10 0
64 -13 53 0
38 51 -59 0
31 35 -21 0
78 -22 -3 0
-23 52 -1 0
27 51 48 0
-3 45 -10 0
4 -77 -29 0
59 -60 -36 0
-57 49 82 0
9 -67 -36 0
-65 69 72 0
-20 -18 9 0
19 -72 -46 0
8 38 82 0
73 -83 -5 0
-23 86 -38 0
38 82 55 0
-19 70 42 0
-12 -68 -16 0
84 -24 -29 0
-31 34 -41 0
-65 47 -3 0
39 55 -44 0
78 -17 -54 0
65 -44 -18 0
13 5 -11 0
-63 -2 -52 0
41 -79 -68 0
51 10 -40 0
-31 19 -37 0
69 -53 -48 0
-36 51 -8 0
-54 -43 -14 0
-19 12 -37 0
63 -19 -54 0
41 32 -31 0
-19 -55 -80 0
-8 -67 -32 0
55 -36 52 0
81 -67 21 0
25 -86 -66 0
10 33 -14 0
-32 -56 83 0
-54 -64 35 0
-66 -28 31 0
-18 -20 -59 0
26 -57 70 0
70 72 -61 0
38 39 -73 0
3 2 -10 0
-43 -3 38 0
-50 13 -3 0
28 17 -75 0
-57 69 -72 0
-14 52 -86 0
-76 -21 -75 0
-54 48 14 0
47 49 -36 0
-58 25 -53 0
-45 -76 -15 0
-79 27 63 0
73 38 -59 0
2 -37 31 0
-84 60 25 0
68 -67 21 0
-80 -53 86 0
4 -24 -43 0
-28 -2 43 0
-85 70 -8 0
2 -62 51 0
55 79 62 0
-44 32 12 0
-28 -66 -32 0
-85 43 -29 0
30 -8 71 0
-1 47 59 0
75 -85 35 0
75 25 73 0
-80 -36 -74 0
70 -30 -82 0
71 -26 50 0
-51 -29 85 0
-21 2 33 0
-38 -76 24 0
-73 84 -36 0
-15 47 -41 0
-62 64 14 0
1 85 -5 0
-66 48 -39 0
-35 -32 70 0
63 -73 -5 0
-85 7 -37 0
35 41 -85 0
68 61 25 0
85 76 12 0
-5 -4 -19 0
-34 58 46 0
-30 37 75 0
43 49 -53 0
75 7 -5 0
5 73 54 0
62 37 -38 0
-85 50 -40 0
-30 -75 1 0
-16 66 -31 0
-53 -75 73 0
12 27 -25 0
-5 18 59 0
47 75 -45 0
-80 31 -51 0
3 -26 -11 0
51 26 -40 0
14 62 6 0
-82 33 60 0
-34 -46 -79 0
33 -47 79 0
-22 34 -52 0
3 42 -85 0
81 25 -5 0
-80 60 74 0
22 53 38 0
68 43 64 0
67 84 -26 0
-31 68 -66 0
-54 65 16 0
-15 1 -6 0
-74 57 -67 0
59 -45 70 0
29 -76 84 0
-65 78 -46 0
6 -58 -31 0
66 -80 51 0
35 60 -50 0
-25 -55 -59 0
-86 78 -12 0
-32 15 -58 0
56 12 83 0
21 11 -33 0
-38 -25 59 0
29 -32 31 0
68 -69 -67 0
-77 -73 66 0
-64 2 -86 0
-80 -76 -5 0
-23 55 -11 0
-44 59 -47 0
-37 -35 25 0
66 53 -45 0
-53 -45 -79 0
44 -5 48 0
-19 15 -28 0
-24 29 -3 0
-10 40 -57 0
-14 -71 69 0
44 -32 17 0
-86 -2 64 0
81 12 61 0
-19 42 -72 0
-8 -1 -21 0
-19 -64 -86 0
-70 45 37 0
-32 -24 70 0
-41 -20 50 0
-77 13 -33 0
-66 78 -24 0
26 56 15 0
-80 21 -58 0
43 -30 16 0
-13 82 -16 0
-86 -37 -39 0
-50 14 -30 0
62 50 -47 0
6 14 -36 0
-64 20 -84 0
43 48 39 0
38 -52 -30 0
-82 -5 46 0
27 -73 -3 0
-77 11 7 0
64 -71 -39 0
-21 38 -14 0
86 -72 2 0
11 -32 -73 0
-69 40 74 0
3 -29 -61 0
26 -53 -68 0
70 -58 -67 0
75 -78 43 0
-2 -74 -57 0
-13 41 -33 0
64 25 -48 0
-42 68 -20 0
35 42 78 0
-38 -79 -13 0
79 63 33 0
-14 -56 38 0
-24 -41 -53 0
-69 -86 30 0
-9 -79 39 0
26 23 -39 0
62 -80 -32 0
-33 -72 -7 0
-32 40 -86 0
-21 72 -79 0
-73 -35 69 0
-62 18 -30 0
-70 34 -10 0
-76 -44 -17 0
-37 -38 83 0
74 -51 -33 0
-29 60 63 0
-48 -42 84 0
41 47 -26 0
-67 -8 -48 0
-43 85 31 0
75 32 55 0
14 56 -29 0
52 -5 50 0
-25 -84 -17 0
39 3 56 0
-65 -50 -79 0
63 71 3 0
5 20 8 0
-20 -76 14 0
42 41 24 0
-30 -66 76 0
-30 -45 -55 0
-73 68 -67 0
-73 47 29 0
10 -48 -63 0
61 40 -4 0
49 15 -21 0
40 44 7 0
