p 81 345
-3 -41 -64 0
73 -69 35 0
-30 37 6 0
-15 -2 25 0
-10 -72 -39 0
-55 -59 -51 0
-21 7 56 0
40 -33 19 0
-72 -61 12 0
-51 -57 -61 0
-63 -59 6 0
-67 43 77 0
44 -68 -71 0
51 -28 -19 0
72 54 -70 0
37 -54 71 0
61 -64 35 0
-3 -66 72 0
-72 -67 -60 0
43 16 -14 0
-31 37 42 0
-28 -47 6 0
78 45 29 0
-41 34 9 0
22 10 56 0
-12 60 -78 0
3 -18 81 0
6 22 47 0
-22 -41 -69 0
-81 -68 39 0
-18 53 -68 0
-48 79 12 0
-19 53 54 0
-72 -42 29 0
-26 4 33 0
-37 61 -57 0
25 15 46 0
-3 74 -16 0
3 16 -62 0
36 73 -51 0
59 -47 74 0
41 -17 37 0
52 -78 -6 0
70 -34 -42 0
-24 22 51 0
7 -80 -44 0
35 71 -34 0
58 -46 8 0
-79 38 9 0
-8 -37 74 0
47 -43 -18 0
-32 52 59 0
-32 -74 -59 0
19 -14 17 0
-46 -68 1 0
-35 -47 -10 0
-53 32 -44 0
-25 66 -23 0
-48 -43 -1 0
69 -31 -37 0
29 -81 4 0
-2 -14 26 0
68 -8 17 0
-38 -79 45 0
57 69 -23 0
80 5 -79 0
2 19 -13 0
-39 7 47 0
-44 59 28 0
-52 69 23 0
-47 43 36 0
-11 75 -2 0
-66 -51 -26 0
-7 -72 -48 0
3 -48 -31 0
44 -13 77 0
-65 80 49 0
-53 -7 22 0
28 29 -58 0
27 -67 20 0
25 57 -17 0
42 56 47 0
12 34 70 0
16 -58 -26 0
-46 22 -73 0
-29 -45 -42 0
-42 -56 -55 0
24 -79 50 0
-5 52 -32 0
55 59 -52 0
34 47 45 0
-55 -4 81 0
-35 49 -5 0
-79 63 45 0
-69 -8 16 0
-42 -76 43 0
-8 -56 -34 0
-2 -33 -26 0
-33 26 -13 0
-47 35 45 0
-2 -80 71 0
-75 -40 64 0
69 13 51 0
-5 48 66 0
-36 57 -54 0
-63 -66 56 0
-17 -14 -10 0
-31 41 13 0
77 6 -60 0
36 -46 7 0
77 17 -42 0
-71 80 30 0
53 -15 76 0
-4 26 36 0
-14 49 5 0
8 -65 -48 0
54 32 14 0
-16 -25 63 0
-28 -1 73 0
-42 75 -60 0
-7 -9 21 0
54 47 48 0
-75 60 -47 0
-64 -31 17 0
-7 -47 73 0
-14 67 -5 0
-48 -55 -67 0
38 45 20 0
-24 -13 -63 0
76 33 13 0
-48 -39 47 0
-77 75 -49 0
46 -25 79 0
-40 54 -41 0
17 73 80 0
25 28 -41 0
64 21 -58 0
58 24 -25 0
-32 19 46 0
-41 -30 -18 0
81 68 -30 0
65 53 -74 0
61 -41 24 0
-5 -74 -63 0
-31 -45 50 0
-30 -47 48 0
6 37 -4 0
74 -55 1 0
-31 -67 3 0
-49 -65 -32 0
64 74 18 0
-10 71 19 0
40 49 79 0
65 -39 68 0
20 69 23 0
-24 33 38 0
28 -65 23 0
58 76 12 0
66 18 64 0
-52 -43 1 0
-45 -75 20 0
4 65 57 0
52 -46 5 0
62 59 46 0
60 -26 -57 0
-81 -22 -51 0
-79 -73 -72 0
-44 37 29 0
23 21 -9 0
3 59 35 0
-25 67 11 0
24 -4 -49 0
-81 -52 37 0
-60 -37 26 0
-4 61 47 0
-61 16 -56 0
2 -4 -39 0
53 73 65 0
79 -81 -26 0
-29 59 -80 0
-6 -52 -1 0
7 -60 65 0
-33 46 72 0
47 -74 -69 0
-31 43 9 0
-52 54 -27 0
-48 60 31 0
36 11 -2 0
21 -6 -22 0
3 -11 -38 0
-11 37 -30 0
-5 -55 54 0
58 -14 52 0
77 75 -32 0
14 -21 72 0
-14 -70 -2 0
13 64 -11 0
43 14 -16 0
-63 44 -59 0
-17 12 -2 0
-29 54 38 0
4 -22 -79 0
21 -80 -54 0
-15 -69 -7 0
34 -61 5 0
79 66 17 0
-13 54 9 0
-79 -60 -23 0
13 22 16 0
3 -62 59 0
-71 65 -57 0
-26 70 10 0
51 -61 -43 0
-60 35 -66 0
-70 -44 -42 0
-57 -77 64 0
-81 -30 -31 0
-20 23 -9 0
41 35 -66 0
-36 66 27 0
22 73 46 0
-19 -41 25 0
21 3 -14 0
-36 38 -51 0
-68 -30 65 0
72 -61 45 0
73 -21 -8 0
51 -10 -41 0
25 -45 11 0
-16 -50 15 0
-68 -81 78 0
-62 17 44 0
65 55 7 0
25 -63 49 0
56 -47 -33 0
42 -11 -1 0
-19 14 57 0
81 11 -71 0
-15 -70 -23 0
43 61 -66 0
-35 -81 -75 0
5 -16 1 0
36 30 -78 0
-3 -12 50 0
40 61 17 0
30 -23 -1 0
1 -63 32 0
31 52 -55 0
47 2 -15 0
-69 66 -2 0
22 -27 7 0
50 45 37 0
-11 -31 27 0
-16 -3 36 0
44 -42 -77 0
10 -57 -20 0
65 6 41 0
-79 -27 23 0
-28 72 15 0
-28 -13 32 0
-67 -36 17 0
4 -12 -52 0
-73 -67 32 0
78 -36 -11 0
36 73 21 0
-36 -6 -79 0
32 -42 -40 0
-28 65 78 0
49 41 44 0
24 79 -58 0
7 -79 -26 0
44 -46 18 0
-79 74 -7 0
36 -66 46 0
35 -27 11 0
20 58 -24 0
-14 31 -29 0
-48 -21 -71 0
73 9 22 0
68 -78 -56 0
-73 -35 -26 0
37 67 -71 0
20 -51 18 0
-55 32 12 0
73 77 63 0
-77 -52 61 0
76 59 -73 0
-53 21 54 0
-64 -39 -63 0
78 32 68 0
-40 52 72 0
-64 17 -50 0
52 -53 -25 0
-39 -71 78 0
69 -67 58 0
3 18 -75 0
-71 4 -72 0
49 -68 45 0
-50 -34 42 0
-60 9 40 0
57 -29 74 0
-66 -27 23 0
16 -49 -53 0
42 33 -39 0
-2 72 -61 0
14 39 38 0
64 57 61 0
16 -17 -73 0
30 -50 -31 0
-31 -38 7 0
79 -4 46 0
44 -27 80 0
65 -13 33 0
-50 68 60 0
-55 -38 -10 0
29 21 -54 0
11 68 -69 0
-81 39 -50 0
20 71 -79 0
-14 72 -36 0
-12 -43 45 0
-22 -3 32 0
-80 -25 -58 0
5 77 14 0
48 -2 79 0
-27 54 72 0
64 24 -33 0
71 -69 -70 0
63 58 -52 0
19 -52 -38 0
4 -77 26 0
62 74 26 0
1 15 48 0
75 21 74 0
2 -7 -26 0
-71 5 81 0
29 80 -67 0
67 -8 -70 0
42 33 29 0
-56 79 -6 0
74 2 -35 0
-14 28 68 0
64 -61 2 0
54 11 -6 0
-30 62 -37 0
