p 18 76
15 14 10 0
-8 -10 -9 0
-5 14 8 0
-1 -12 3 0
-5 6 8 0
-6 -15 -7 0
-16 8 -11 0
16 -9 -11 0
11 -2 10 0
-11 17 -18 0
-9 12 16 0
5 -14 7 0
2 -10 3 0
18 -3 -11 0
-16 -8 -1 0
15 -13 -11 0
3 2 -12 0
-7 14 -4 0
-5 11 2 0
-4 1 -6 0
10 7 -13 0
8 18 13 0
9 6 11 0
-4 -9 -8 0
11 -5 4 0
-2 -16 -9 0
-8 9 -4 0
17 -3 8 0
-4 -18 -9 0
-4 -7 14 0
1 5 -4 0
18 -2 -1 0
13 14 -7 0
-18 -5 -8 0
-9 -17 15 0
-9 18 8 0
2 15 -10 0
18 7 3 0
9 13 -10 0
-17 -15 16 0
6 -5 13 0
10 8 7 0
13 -7 4 0
13 -5 -11 0
-2 12 -13 0
-4 -16 -6 0
-12 18 4 0
10 13 -1 0
11 -8 1 0
14 -17 -1 0
-1 -15 -9 0
12 5 -18 0
11 13 -5 0
-2 5 8 0
-17 -12 -11 0
-12 -7 -11 0
9 10 -11 0
6 -5 -12 0
7 17 10 0
-8 -4 -6 0
-13 6 -9 0
-4 -5 2 0
18 -3 -12 0
17 18 -14 0
17 -1 7 0
16 -6 13 0
-5 11 4 0
-18 9 -14 0
9 6 18 0
-14 13 -4 0
-18 -12 -16 0
2 -5 -4 0
10 3 -14 0
6 14 18 0
-7 -3 18 0
3 -14 1 0
