p 16 68
11 6 -15 0
16 4 -5 0
-12 -16 -10 0
-12 -5 -10 0
-16 8 -6 0
16 -14 5 0
13 -8 -12 0
-5 10 13 0
-4 10 -12 0
2 -13 -5 0
-5 15 -9 0
-3 1 -14 0
9 -12 15 0
5 -4 15 0
-3 9 -1 0
-13 -2 4 0
-10 14 15 0
5 -1 -14 0
-6 -7 5 0
4 8 -3 0
14 8 6 0
-16 6 4 0
7 1 10 0
-6 -12 15 0
12 4 10 0
10 -1 -5 0
-3 7 -13 0
16 12 6 0
16 -14 -4 0
10 16 -13 0
14 -1 8 0
4 13 -7 0
16 -12 1 0
-3 13 9 0
-9 -11 -6 0
-16 -14 -3 0
6 -7 -9 0
15 13 8 0
-1 -16 3 0
10 -2 -1 0
8 -5 16 0
13 16 9 0
-14 5 6 0
-13 16 -3 0
-6 7 5 0
-10 -11 14 0
10 4 -3 0
5 -16 -8 0
-10 -4 -16 0
7 13 3 0
14 2 4 0
15 -16 -4 0
4 11 12 0
10 4 3 0
-3 6 -1 0
-6 -9 -14 0
10 4 -15 0
-5 16 12 0
-14 8 -7 0
-13 8 -7 0
5 4 12 0
-5 -6 4 0
7 16 13 0
1 5 2 0
2 7 14 0
-8 -3 1 0
15 12 -4 0
2 -7 -1 0
