p 43 183
-14 4 -40 0
33 27 13 0
-10 4 18 0
-6 41 -38 0
9 -11 -43 0
28 -1 -4 0
-10 32 -43 0
-33 41 -29 0
-7 27 33 0
-38 -8 4 0
-37 -30 26 0
6 -17 -5 0
33 19 -25 0
-9 34 16 0
9 15 18 0
20 23 39 0
-37 -20 -10 0
-9 26 23 0
-29 -24 27 0
28 -24 23 0
7 17 12 0
-15 -21 -20 0
-20 -3 21 0
41 7 -20 0
22 28 38 0
-13 19 9 0
-2 -17 30 0
-5 16 -1 0
24 16 -7 0
-5 -38 -32 0
31 -8 27 0
23 43 -8 0
-34 -3 -43 0
-15 -12 -4 0
-22 6 -5 0
-19 2 41 0
-38 -3 -29 0
38 17 33 0
34 31 9 0
7 28 -2 0
7 -36 25 0
24 7 -42 0
-9 -43 6 0
-26 5 -6 0
-27 35 -2 0
-4 1 -34 0
40 30 39 0
-31 -36 30 0
-11 27 1 0
-39 -31 -26 0
-39 -8 19 0
-24 35 9 0
39 -24 -18 0
-9 -41 -32 0
-5 -19 -34 0
-13 25 39 0
-19 -16 -11 0
43 16 -15 0
-32 -37 16 0
31 -20 33 0
-38 19 3 0
-4 -16 -20 0
-30 33 -3 0
21 -25 18 0
-18 27 32 0
-38 -1 -9 0
1 23 5 0
27 14 -38 0
-36 -19 -39 0
-40 25 15 0
-8 43 -38 0
4 39 -21 0
22 -4 -32 0
-35 -43 21 0
-27 17 34 0
38 -6 -20 0
-16 3 -9 0
-38 -8 20 0
-27 13 19 0
-16 -25 -24 0
6 -33 9 0
-13 29 -41 0
-12 38 13 0
29 -30 -32 0
-13 23 6 0
-26 -12 -15 0
3 29 -32 0
-24 30 10 0
-23 -1 -7 0
29 39 -32 0
-11 -38 25 0
12 23 -39 0
16 -5 -29 0
-32 -14 -6 0
30 -15 34 0
19 -31 34 0
-5 37 -17 0
-40 11 -4 0
39 24 -28 0
16 41 4 0
-20 -10 -43 0
35 -39 42 0
-17 11 -38 0
-32 -41 -21 0
-14 -34 -4 0
4 -24 1 0
-21 39 -25 0
-13 -42 29 0
-12 -2 41 0
38 -12 -37 0
36 -33 -40 0
37 32 39 0
22 13 -17 0
2 -4 -42 0
37 11 24 0
-14 -1 -39 0
-35 -40 -11 0
-35 -7 -40 0
-25 -41 33 0
2 -32 -26 0
-33 -13 40 0
27 8 41 0
6 -11 -4 0
4 -36 -5 0
-38 20 10 0
-17 -21 -6 0
9 -20 -28 0
-14 -10 21 0
-18 -25 -4 0
34 -7 -20 0
14 12 31 0
-32 5 -24 0
-26 -37 15 0
-17 35 34 0
34 8 3 0
23 -33 -43 0
-11 -34 35 0
13 -5 -12 0
-16 -6 20 0
2 39 -4 0
-20 -13 -35 0
-42 16 -26 0
-12 17 -25 0
-18 38 -26 0
-36 9 -38 0
41 5 21 0
-43 -39 -29 0
33 27 30 0
6 28 -18 0
-7 -39 -19 0
43 25 20 0
22 14 -25 0
-24 -26 38 0
24 23 -11 0
-33 34 39 0
-21 26 24 0
8 36 12 0
30 -42 23 0
-3 38 -20 0
5 -15 -22 0
-33 -42 22 0
-4 -2 -12 0
23 -9 5 0
10 -39 16 0
3 -39 17 0
-38 39 1 0
25 -6 11 0
13 -15 23 0
-18 -17 20 0
5 9 15 0
-38 28 -20 0
-15 -11 22 0
35 -27 -6 0
17 22 -27 0
28 22 18 0
18 -8 2 0
-14 -31 -10 0
5 41 -17 0
-24 19 33 0
4 -31 -3 0
10 18 19 0
43 -20 33 0
-11 21 2 0
