p 83 353
68 -31 41 0
3 -83 19 0
-79 22 80 0
77 28 46 0
-52 74 -15 0
-83 52 -64 0
17 32 83 0
-47 37 -13 0
68 82 -81 0
64 -63 26 0
-69 43 -45 0
-9 14 48 0
-39 70 -62 0
5 -50 33 0
-51 9 20 0
32 49 -12 0
-2 -75 -50 0
-2 3 -36 0
-49 -20 37 0
-20 15 40 0
13 -18 -24 0
-13 -74 -9 0
55 -8 36 0
32 -55 -18 0
52 2 -43 0
69 -48 44 0
51 -4 15 0
58 69 56 0
-25 -59 -39 0
32 47 81 0
-53 28 20 0
-14 -69 74 0
-48 23 4 0
-45 -81 37 0
-57 -50 21 0
-21 -28 -83 0
25 -43 -1 0
81 51 -39 0
-82 -8 12 0
6 -64 -55 0
9 -55 54 0
-55 21 67 0
7 -74 -6 0
68 36 -60 0
57 -18 -83 0
-12 27 -60 0
-34 36 66 0
-55 -52 19 0
19 80 68 0
-48 -6 -41 0
-72 16 80 0
29 -5 7 0
-83 -66 -46 0
-18 -60 -1 0
-56 74 18 0
-78 -34 -40 0
-47 -62 51 0
-27 26 20 0
73 -15 32 0
-42 74 4 0
-42 -34 -35 0
-22 -68 -70 0
66 26 -55 0
68 -80 -62 0
55 37 -66 0
-17 -9 -65 0
-9 64 -62 0
-68 17 49 0
24 11 -38 0
-32 34 -29 0
41 -5 63 0
46 -60 15 0
5 -23 12 0
-49 46 -64 0
-50 41 -56 0
-18 9 80 0
-40 -13 -8 0
-48 49 71 0
11 48 9 0
50 73 59 0
26 -81 49 0
-31 65 25 0
-33 -43 -58 0
-61 -19 -18 0
-42 40 -15 0
51 -58 -41 0
-37 48 -61 0
-68 -45 -9 0
-10 -28 26 0
-35 30 -39 0
-61 -50 -16 0
39 25 43 0
-62 -76 40 0
81 -80 68 0
2 -31 -76 0
9 -45 -69 0
24 -78 -76 0
66 -72 -8 0
37 80 12 0
-35 69 25 0
42 -35 -17 0
-64 49 17 0
79 51 19 0
62 49 66 0
35 81 -7 0
54 51 -56 0
75 -38 -36 0
46 54 -78 0
67 8 -14 0
-73 -67 41 0
59 -18 69 0
-73 23 -30 0
9 29 -49 0
19 82 48 0
76 -79 -58 0
11 43 62 0
-19 22 -77 0
16 -15 34 0
44 12 -6 0
-13 -6 -36 0
47 -45 11 0
-36 -48 68 0
-3 -67 -51 0
-44 -13 -20 0
-36 -43 -12 0
-77 -20 -48 0
79 73 54 0
31 -36 -79 0
10 13 -60 0
31 8 6 0
48 53 -4 0
9 2 7 0
-68 13 -81 0
-71 -56 59 0
4 37 -31 0
-5 48 -27 0
-58 49 -16 0
64 -70 39 0
34 11 55 0
30 -47 -29 0
-34 64 -41 0
50 73 42 0
56 -18 -71 0
-82 37 77 0
54 12 69 0
-10 64 29 0
21 -25 -30 0
-40 -66 -11 0
-48 -64 -51 0
-8 -22 -69 0
31 -72 30 0
-45 24 -15 0
19 43 -33 0
78 23 33 0
46 -48 -76 0
-47 62 72 0
-64 -10 61 0
73 11 48 0
43 -66 -81 0
68 8 -38 0
58 66 -53 0
38 -58 -30 0
83 6 -36 0
-64 -23 -81 0
81 -10 2 0
-10 -39 -42 0
47 45 -21 0
-52 -77 -37 0
-82 -83 -81 0
-15 -66 -13 0
-6 -61 -40 0
48 49 -35 0
-59 -3 72 0
56 34 80 0
-57 -77 78 0
17 -25 6 0
-66 -80 26 0
-6 -76 -46 0
70 -64 18 0
45 20 7 0
22 -27 30 0
-78 -59 12 0
5 -48 27 0
10 69 -64 0
-30 40 76 0
49 -23 -15 0
32 -25 50 0
30 -57 31 0
-13 71 37 0
59 -8 45 0
45 -11 -25 0
48 -65 4 0
-10 72 -44 0
63 -77 49 0
-59 12 77 0
-78 -22 -58 0
74 -45 -48 0
-69 -50 -31 0
66 53 -76 0
17 -19 81 0
66 17 -8 0
11 69 -66 0
-54 -4 45 0
-80 76 -54 0
17 -11 33 0
-4 1 -31 0
67 81 8 0
-55 -32 -54 0
-4 39 -7 0
-22 2 -65 0
73 -49 65 0
77 -1 5 0
-67 35 -43 0
-13 -34 64 0
79 -69 45 0
23 73 -42 0
73 -60 -27 0
-69 15 -7 0
-7 -26 -15 0
68 -29 -33 0
-15 -4 73 0
50 40 59 0
-56 -3 16 0
-27 -40 -57 0
64 23 54 0
19 12 -45 0
-72 -65 -60 0
-67 -47 -74 0
-18 -50 -78 0
-17 31 -77 0
-30 44 -70 0
-25 48 -77 0
59 41 72 0
-59 1 70 0
63 14 40 0
-55 -8 -41 0
43 12 75 0
19 -7 -63 0
-52 -49 -24 0
-7 44 -1 0
48 71 -52 0
48 -54 44 0
-55 -19 -7 0
-20 10 36 0
7 -83 55 0
40 49 52 0
-19 58 12 0
68 -81 26 0
31 5 -7 0
20 -40 -52 0
-72 -24 49 0
-55 -74 81 0
39 16 -53 0
-39 68 79 0
48 46 -14 0
62 -69 61 0
76 -58 -9 0
76 -12 30 0
46 14 68 0
21 49 9 0
-76 -55 25 0
50 68 -36 0
74 -69 26 0
7 77 66 0
-43 -24 67 0
-41 14 2 0
-68 3 13 0
66 49 -41 0
65 -8 -75 0
72 25 47 0
-38 -64 1 0
-35 40 -74 0
55 -34 70 0
-48 -7 78 0
-1 -38 14 0
1 -70 65 0
-10 -52 -78 0
12 -59 43 0
-16 -82 -2 0
69 44 36 0
25 -53 80 0
-54 44 1 0
22 -43 -52 0
18 -66 11 0
71 -74 35 0
-74 -21 -35 0
-42 -8 -19 0
60 -30 26 0
-28 -23 31 0
-80 63 -22 0
-75 2 -9 0
76 80 19 0
-13 70 -22 0
40 44 27 0
-42 -36 -33 0
69 28 -24 0
21 -8 -42 0
10 28 54 0
-74 69 68 0
-44 56 -12 0
-63 -34 -30 0
-31 56 -33 0
-56 -16 46 0
-2 33 72 0
-45 73 -51 0
-15 33 -67 0
-27 55 -12 0
50 -81 17 0
-83 55 -2 0
-69 41 80 0
-71 -65 -23 0
29 28 38 0
8 -83 -1 0
-64 19 37 0
-82 22 -63 0
41 -1 26 0
74 -33 83 0
-55 -14 6 0
-27 -68 -32 0
-12 64 68 0
-38 -49 -18 0
-34 -52 -25 0
-64 37 32 0
53 -77 -8 0
60 -21 4 0
47 -19 39 0
-29 13 19 0
60 -8 -55 0
76 -78 9 0
-48 29 -33 0
-16 -62 -5 0
-14 -43 79 0
60 -63 18 0
-13 -56 -24 0
8 72 -41 0
-23 81 74 0
61 40 46 0
-5 36 -42 0
39 20 -43 0
8 74 5 0
-47 42 -9 0
-3 24 -28 0
-14 46 -45 0
79 -36 -80 0
-74 20 -81 0
-56 -14 19 0
20 -65 55 0
20 18 -80 0
-45 -52 23 0
-79 35 -7 0
83 -60 -79 0
-19 69 -44 0
33 -45 17 0
