p 96 408
74 26 -10 0
-65 -94 -38 0
-85 77 -8 0
-18 -69 -37 0
71 84 -24 0
33 29 20 0
-70 71 -19 0
-96 66 47 0
-81 13 54 0
9 14 -28 0
87 -73 -30 0
86 40 -94 0
-86 67 53 0
-55 -58 72 0
-4 -95 96 0
-70 -77 94 0
79 24 46 0
-90 -89 -60 0
78 -22 -54 0
-8 28 -34 0
-73 -30 55 0
71 35 -83 0
-90 16 63 0
61 57 52 0
-84 -46 30 0
26 -59 -13 0
-42 -2 87 0
39 -57 40 0
37 36 45 0
-56 75 -25 0
58 -81 11 0
2 -6 -51 0
74 -73 28 0
3 -96 4 0
44 2 56 0
10 -84 -65 0
-71 15 -3 0
-39 -75 29 0
74 -29 23 0
76 -32 19 0
-58 36 -49 0
62 -69 22 0
39 -32 92 0
67 -35 84 0
45 31 46 0
-90 4 -61 0
13 22 -37 0
-57 31 65 0
38 94 58 0
-20 30 -45 0
22 34 -77 0
73 54 50 0
-87 -5 30 0
-10 -73 88 0
62 85 -80 0
-43 61 53 0
95 78 79 0
-54 -61 67 0
67 31 14 0
-10 59 -23 0
-63 30 42 0
-25 15 34 0
25 90 -95 0
40 90 -65 0
-78 -30 -1 0
-21 4 -83 0
-13 -64 94 0
-61 7 82 0
37 -21 65 0
-73 -94 81 0
23 -90 9 0
-8 73 32 0
-30 -43 -47 0
-37 56 64 0
15 -78 -49 0
-10 -40 32 0
-12 26 73 0
68 -54 -9 0
-36 29 87 0
31 67 -20 0
-86 89 82 0
-30 80 33 0
-14 -49 87 0
50 32 55 0
3 22 -20 0
-20 -23 77 0
-76 -56 -41 0
46 -16 87 0
-69 10 -87 0
29 83 -96 0
22 -47 -78 0
-66 89 7 0
65 -78 -39 0
-44 -15 14 0
-41 -35 58 0
7 69 -26 0
-45 19 11 0
25 91 34 0
56 96 -51 0
86 5 -84 0
-95 3 61 0
22 42 -35 0
-31 14 -61 0
46 -53 88 0
-60 -51 62 0
-85 -44 39 0
-57 -21 79 0
40 15 91 0
-36 -24 -96 0
-31 39 -92 0
79 64 -46 0
90 -31 -95 0
29 36 -50 0
-61 68 -77 0
74 1 51 0
-69 -8 -26 0
71 53 12 0
60 -29 43 0
63 -57 83 0
-32 81 64 0
-47 28 -7 0
-48 -93 -51 0
-42 75 11 0
-63 -3 52 0
-26 13 22 0
20 -25 -61 0
-48 -66 -64 0
-61 -67 -15 0
-77 -33 -13 0
62 -72 11 0
-27 -46 32 0
-72 -6 32 0
88 -87 69 0
-72 80 -52 0
93 11 56 0
94 6 17 0
-73 -15 62 0
-84 6 58 0
6 -79 -61 0
32 -51 -36 0
-78 -51 65 0
-8 -86 -5 0
-79 44 57 0
82 57 81 0
-73 76 70 0
21 -85 30 0
-81 -79 -78 0
-11 24 -65 0
-71 -14 7 0
-4 -56 -25 0
9 37 -43 0
-81 -29 -96 0
-85 50 32 0
92 -20 -10 0
26 -24 59 0
-76 -96 5 0
-33 26 35 0
-92 -91 -51 0
33 4 14 0
1 -95 8 0
76 -7 -9 0
83 86 -40 0
-35 -2 -46 0
-9 31 -62 0
-36 -89 -4 0
95 -89 4 0
26 93 -36 0
86 -37 90 0
37 -30 -53 0
33 -32 36 0
31 -55 -30 0
-87 58 -20 0
25 6 92 0
17 -19 -30 0
-78 79 92 0
6 -54 45 0
72 -4 -46 0
20 -95 49 0
13 -43 -85 0
-78 -17 -92 0
-65 96 -29 0
-69 1 -64 0
31 9 78 0
80 35 85 0
39 52 -87 0
-28 -80 88 0
-66 1 77 0
59 -73 16 0
-51 57 30 0
37 -33 -39 0
-78 -68 51 0
58 4 55 0
-20 -56 48 0
12 52 11 0
68 69 91 0
-29 -12 20 0
9 -81 50 0
29 -66 -48 0
-4 47 -5 0
63 62 -83 0
-21 -17 11 0
-89 45 -88 0
65 12 68 0
-57 -74 -8 0
-2 -74 -76 0
6 -64 73 0
64 66 25 0
15 31 -77 0
43 -68 -63 0
80 29 93 0
-90 13 45 0
-91 -69 18 0
34 -82 2 0
-50 46 -35 0
-92 -62 71 0
-75 72 -19 0
78 -35 50 0
-79 -64 47 0
-10 68 71 0
-74 46 -76 0
11 -20 -87 0
-64 48 -55 0
-15 88 -71 0
-82 -94 -4 0
68 -50 86 0
6 -19 -27 0
91 44 -8 0
-43 4 51 0
91 -90 -72 0
61 -37 51 0
34 -9 -55 0
4 13 -84 0
-66 -72 -7 0
86 59 -76 0
58 50 93 0
76 -49 42 0
-36 49 89 0
9 -56 -88 0
-56 -64 22 0
-43 -36 70 0
9 -30 -47 0
-22 82 8 0
-14 -23 -59 0
85 42 -46 0
-20 -90 50 0
48 -69 -52 0
74 -80 47 0
-37 68 67 0
-15 -68 -32 0
-57 -66 87 0
11 -31 -7 0
-82 -52 18 0
-49 82 26 0
-49 -74 -14 0
-75 -79 -60 0
-76 -67 -69 0
58 7 95 0
-79 26 -38 0
87 83 -28 0
-21 82 7 0
25 4 -39 0
22 52 69 0
8 66 24 0
6 -70 -7 0
-33 66 95 0
-7 -38 -75 0
-41 4 38 0
-73 -85 -54 0
65 3 22 0
83 -51 -59 0
-63 -9 24 0
-95 -64 15 0
21 50 -17 0
-15 7 -35 0
-11 -7 34 0
96 62 20 0
-64 -43 -63 0
-77 -4 -9 0
96 59 11 0
-84 82 -79 0
-62 31 32 0
93 -80 -67 0
-23 29 68 0
81 -37 -20 0
-48 38 93 0
5 -85 -60 0
35 -50 -67 0
15 -92 -35 0
76 24 -87 0
44 65 2 0
56 41 -72 0
60 -13 9 0
57 -72 3 0
-48 51 29 0
-19 -33 11 0
-45 -94 83 0
7 -16 64 0
20 81 -54 0
-49 56 10 0
50 -34 -52 0
-36 70 -55 0
27 -36 -87 0
77 17 -3 0
49 5 -17 0
-53 20 -24 0
42 -90 28 0
-89 18 69 0
50 -4 25 0
-5 -33 -90 0
90 92 77 0
34 -96 81 0
-48 -39 56 0
-27 42 55 0
68 -37 -82 0
54 -48 29 0
-52 -9 -80 0
-96 -94 75 0
17 -18 -40 0
-79 -53 -32 0
34 -77 -56 0
-8 11 -69 0
-22 61 59 0
-75 -96 -41 0
91 -47 -61 0
-28 -91 -45 0
48 -30 -43 0
-67 -81 -72 0
-55 -85 -63 0
17 84 25 0
35 38 4 0
-81 25 11 0
92 35 -54 0
13 87 -92 0
-95 71 26 0
-13 20 29 0
-50 85 45 0
32 -48 59 0
-45 -81 -38 0
-8 41 -77 0
-92 44 -42 0
48 57 -53 0
49 -40 -86 0
55 -6 -12 0
60 80 42 0
-49 12 -90 0
83 -84 -28 0
-2 -53 -42 0
43 -27 -48 0
-53 -92 33 0
28 -50 -18 0
-83 -77 5 0
-49 37 45 0
-42 93 -71 0
-30 -78 -26 0
14 8 88 0
-82 -31 88 0
-61 70 4 0
-76 41 4 0
12 57 10 0
-64 11 45 0
88 3 -83 0
73 -82 70 0
-89 8 38 0
-59 86 49 0
26 21 67 0
-35 74 -68 0
-61 -58 -42 0
46 58 60 0
5 -75 18 0
75 -55 30 0
22 -15 -49 0
-16 -65 -35 0
-2 80 16 0
42 75 51 0
56 -24 57 0
53 -54 11 0
87 10 43 0
20 1 -56 0
-90 37 -24 0
29 -95 -13 0
-45 27 -16 0
-1 -35 15 0
4 53 -71 0
-46 -53 -51 0
14 42 -5 0
-77 54 65 0
-70 -80 -3 0
-59 67 44 0
43 63 40 0
8 -52 40 0
-64 -83 59 0
32 63 -13 0
-39 46 40 0
-17 4 8 0
62 -9 -5 0
-71 -76 -60 0
-78 -66 3 0
90 -56 -15 0
-90 -94 62 0
63 52 -20 0
21 -64 -16 0
-53 1 45 0
-34 -32 -84 0
-81 -66 -88 0
-94 42 64 0
-69 -65 -44 0
52 82 -22 0
-9 -70 73 0
