p 98 417
-60 -18 25 0
17 -47 -78 0
76 19 -79 0
-92 -38 25 0
-65 51 57 0
-23 -98 63 0
-76 -7 -89 0
-89 -44 -41 0
6 -2 -31 0
14 -49 1 0
-52 -66 -12 0
-89 -44 91 0
22 -80 -79 0
48 42 55 0
17 -42 -81 0
-62 -70 95 0
21 59 -90 0
-12 -44 -70 0
-17 -92 29 0
-4 -64 54 0
-2 -67 5 0
92 -15 36 0
-57 32 -7 0
25 13 32 0
-36 64 39 0
44 -24 18 0
-81 65 38 0
-7 -93 -18 0
70 22 -44 0
43 8 12 0
29 89 48 0
33 -1 17 0
-82 75 -35 0
31 -29 19 0
-93 18 -52 0
39 -36 63 0
-73 -18 -51 0
-28 26 95 0
-13 69 -45 0
-16 -57 -26 0
44 -52 -8 0
25 44 -5 0
68 29 -3 0
-77 -11 -35 0
59 -61 -52 0
91 -12 60 0
62 6 -19 0
50 -92 -86 0
3 85 -98 0
-64 -53 63 0
-46 66 25 0
-89 -86 -44 0
-69 5 75 0
6 83 94 0
64 22 23 0
31 -89 -59 0
88 92 -10 0
86 -2 -62 0
-34 74 -9 0
-95 -7 70 0
32 11 29 0
10 -52 -31 0
-76 86 -23 0
6 73 -94 0
34 56 91 0
47 -92 -37 0
-26 -74 63 0
-28 -6 -38 0
-54 35 -60 0
-57 -90 82 0
28 -91 -74 0
-93 -19 -64 0
-36 11 -65 0
9 -51 -97 0
61 21 -37 0
68 -73 8 0
-16 45 55 0
75 30 -45 0
42 90 -84 0
-22 80 -20 0
-82 41 -20 0
15 -53 -85 0
-38 -3 59 0
-27 -13 16 0
-8 12 43 0
96 -37 89 0
-31 54 -67 0
51 55 72 0
68 -59 66 0
-25 75 -35 0
-55 -54 -12 0
-68 -2 72 0
-35 39 62 0
16 -28 27 0
-19 -50 -28 0
-4 -48 -96 0
-7 -96 77 0
65 96 52 0
15 -92 -64 0
11 -36 60 0
-82 18 53 0
98 -56 51 0
-61 1 -74 0
29 9 23 0
-39 23 98 0
-30 -7 24 0
-6 70 67 0
45 -23 -22 0
-26 -79 78 0
90 36 -46 0
-83 -63 -67 0
15 96 93 0
-75 39 10 0
53 78 -59 0
-96 -23 74 0
49 -98 46 0
43 87 -30 0
40 -75 -87 0
25 -21 -18 0
-1 -56 34 0
-44 -77 38 0
-49 -26 69 0
12 60 11 0
93 -54 32 0
-93 -70 -17 0
3 -35 23 0
81 61 -46 0
-89 -41 2 0
72 -77 -14 0
18 -52 -44 0
-73 -19 -90 0
9 -18 45 0
-86 35 -23 0
-95 56 -28 0
94 55 14 0
-62 -57 21 0
15 62 16 0
-32 63 -93 0
26 33 25 0
70 -38 -86 0
-42 -19 70 0
-7 -83 -49 0
66 -2 -37 0
83 21 -30 0
15 -24 -12 0
-25 20 -63 0
15 17 -59 0
10 86 -48 0
-93 57 -45 0
5 -20 -1 0
3 73 -24 0
49 -7 -72 0
47 40 25 0
-26 -56 40 0
-75 -44 -61 0
35 -39 45 0
87 65 -14 0
-36 29 -40 0
-48 53 89 0
-43 7 82 0
38 7 -54 0
6 28 51 0
-30 -77 40 0
46 -52 -69 0
-21 -88 -49 0
3 5 -65 0
80 -72 -94 0
80 -74 -52 0
30 -88 -33 0
6 -44 -5 0
74 -23 -18 0
35 54 93 0
90 29 -59 0
26 -31 -38 0
-1 96 -55 0
-41 1 71 0
-97 20 -13 0
68 -83 -25 0
20 -27 6 0
-93 91 65 0
78 20 -54 0
-76 -39 -60 0
2 67 -20 0
-30 -98 82 0
84 77 97 0
90 41 19 0
66 60 65 0
36 -43 50 0
40 96 -10 0
70 21 -68 0
-63 -20 11 0
81 -47 80 0
-25 77 -47 0
-20 64 49 0
23 79 84 0
-68 -76 31 0
26 -10 -1 0
-10 -71 40 0
82 -12 63 0
-81 -69 -80 0
-34 -90 -83 0
20 -97 86 0
-22 74 35 0
-67 75 -34 0
-29 43 -12 0
39 -98 78 0
-33 69 -84 0
-34 46 -60 0
5 -42 58 0
-57 56 42 0
-45 -95 -15 0
-51 -86 38 0
85 -35 83 0
81 -87 -88 0
37 -51 69 0
32 -10 12 0
-4 36 13 0
81 -7 -23 0
-45 -62 -59 0
80 -91 50 0
89 -56 -91 0
-95 -34 -58 0
-42 -9 34 0
34 43 46 0
2 -78 -89 0
77 66 42 0
35 61 -49 0
-86 -1 -98 0
-49 -72 -85 0
13 -88 -66 0
-93 -61 -30 0
96 -15 56 0
51 61 19 0
94 -80 -26 0
47 26 2 0
-8 83 29 0
-20 61 77 0
12 13 43 0
-60 96 -90 0
-71 81 19 0
-52 75 -9 0
-67 51 -81 0
-40 97 73 0
-46 -16 24 0
59 66 25 0
70 79 93 0
33 -59 -81 0
52 34 27 0
58 -45 -13 0
-92 43 -5 0
1 23 4 0
81 47 -53 0
17 -57 -59 0
-46 52 -68 0
-94 9 -40 0
24 -70 54 0
64 -39 -61 0
-18 67 60 0
-6 -86 74 0
-64 23 84 0
9 75 -19 0
-85 28 -56 0
-55 79 46 0
84 -48 -90 0
-93 -48 -91 0
85 -62 39 0
-85 -92 -22 0
85 -5 -94 0
16 -80 -47 0
-91 -10 -58 0
54 88 8 0
-85 31 94 0
-64 58 -57 0
-49 6 -54 0
70 -5 -15 0
-82 -78 -51 0
-81 -7 -21 0
-49 6 -44 0
87 -37 -22 0
69 87 -6 0
37 -32 79 0
46 13 17 0
-62 27 75 0
27 9 -42 0
28 -18 31 0
16 -1 56 0
-59 14 74 0
69 67 -5 0
64 62 -18 0
-75 24 56 0
-46 87 -17 0
87 -44 -15 0
72 -97 90 0
-74 93 26 0
91 54 39 0
-65 33 -1 0
-45 65 -60 0
-72 41 -97 0
25 18 -65 0
67 -41 -87 0
43 -15 40 0
24 1 72 0
35 38 -60 0
-64 -9 -57 0
1 19 96 0
-66 46 33 0
-75 22 -93 0
36 -73 -38 0
-75 82 -42 0
-79 -1 81 0
-40 19 -12 0
-27 58 -63 0
14 31 -63 0
-75 -35 -60 0
-74 -58 -6 0
-67 -60 81 0
59 17 -93 0
42 -74 41 0
72 5 71 0
-35 -87 10 0
94 -9 8 0
71 -97 -48 0
-65 -32 71 0
-66 -93 81 0
-97 -37 25 0
60 -49 -92 0
84 50 -10 0
66 -81 -60 0
46 16 -70 0
87 -45 -14 0
46 10 49 0
70 -93 39 0
80 58 -8 0
18 -12 85 0
95 -74 -46 0
-50 -44 90 0
53 -76 86 0
-32 -44 -56 0
-60 -51 -41 0
-82 -91 -41 0
12 20 69 0
39 -3 96 0
-58 30 2 0
72 47 -74 0
65 95 32 0
-58 -72 -64 0
7 85 65 0
-80 -53 -62 0
-15 8 82 0
95 -52 82 0
-50 40 -20 0
-49 -3 1 0
-69 91 -96 0
87 5 -33 0
1 -94 48 0
-79 -94 55 0
-12 65 -61 0
-80 19 86 0
-95 68 -98 0
-95 -91 73 0
-32 4 91 0
20 22 73 0
-31 -75 82 0
47 -84 69 0
84 9 92 0
-67 -3 -75 0
-71 -74 97 0
-10 43 -44 0
31 -28 88 0
-39 -63 -83 0
96 -46 -48 0
15 -34 95 0
48 -17 -22 0
-89 29 76 0
-21 95 70 0
-66 74 49 0
-30 -13 38 0
87 49 82 0
-91 97 41 0
-97 10 -66 0
-71 79 -76 0
78 -62 -75 0
-65 -39 -46 0
8 -98 46 0
90 -48 -79 0
-17 94 -76 0
9 38 -52 0
81 -77 94 0
47 -18 -53 0
-35 -68 -5 0
90 26 1 0
59 91 -34 0
-93 -94 -36 0
-6 -96 91 0
97 -16 -10 0
27 -16 22 0
-28 66 -57 0
3 -78 -56 0
-5 66 63 0
-60 -52 -48 0
15 37 70 0
-22 -54 62 0
15 -20 25 0
27 -67 24 0
66 93 -41 0
-97 -13 -39 0
34 -25 65 0
-75 -88 17 0
1 72 7 0
-50 31 8 0
38 3 18 0
-23 -76 -80 0
54 -44 7 0
-25 29 -36 0
-89 -55 -92 0
66 -52 -54 0
21 -76 84 0
