p 63 268
22 -59 -10 0
-49 38 37 0
-43 -63 -7 0
60 -57 11 0
-61 -63 53 0
-54 -30 24 0
42 -12 27 0
-1 25 -42 0
58 12 -13 0
-55 -59 14 0
-9 -61 47 0
12 1 51 0
-34 -48 25 0
33 -41 -54 0
-5 13 55 0
-50 27 63 0
-45 -60 -17 0
31 -60 -27 0
42 -54 -63 0
-2 13 16 0
-40 -14 61 0
-17 53 -31 0
-15 19 -28 0
54 -31 47 0
-58 11 -35 0
-44 -8 47 0
-1 45 32 0
-48 -26 12 0
63 -35 -23 0
1 -2 32 0
-37 1 -3 0
-25 -42 46 0
1 34 -53 0
45 -28 42 0
23 45 26 0
52 29 -42 0
47 -40 -18 0
12 -28 -56 0
51 -45 -31 0
-8 1 -18 0
-12 -22 18 0
63 61 -50 0
33 -30 -31 0
-3 -24 -61 0
48 -25 47 0
-36 -21 -61 0
-11 -45 16 0
47 -43 -24 0
1 -33 27 0
-34 -44 39 0
15 -31 59 0
38 32 -44 0
15 54 48 0
14 -27 -41 0
41 -42 3 0
-32 -47 21 0
-1 47 -5 0
12 57 38 0
-20 -50 -25 0
-39 -43 52 0
-45 52 34 0
18 3 -32 0
-62 -19 60 0
-10 5 39 0
31 -46 -22 0
-49 -25 -4 0
52 49 63 0
-9 -51 -39 0
-37 14 24 0
-38 -14 33 0
49 -57 1 0
41 24 10 0
30 42 18 0
32 48 25 0
-28 -24 -54 0
27 -57 -59 0
-26 -43 3 0
47 -12 30 0
-31 52 43 0
-17 -51 62 0
-36 -50 53 0
-43 -42 20 0
-30 -36 43 0
3 35 -31 0
14 54 38 0
-8 -1 -62 0
-24 -49 36 0
-32 39 23 0
-50 -45 -1 0
34 6 20 0
26 48 -43 0
22 -42 -15 0
60 -24 52 0
54 34 57 0
4 -48 37 0
-54 21 43 0
-20 54 13 0
59 27 -4 0
45 38 17 0
-33 -27 -21 0
-40 -58 -62 0
60 -28 61 0
-47 -38 -46 0
35 -9 52 0
25 -30 41 0
3 -54 -40 0
36 -7 -33 0
37 13 -24 0
-30 25 62 0
-49 6 -57 0
-48 33 2 0
-27 -17 -48 0
-62 25 41 0
43 60 -44 0
-19 -16 -27 0
-23 -31 52 0
-57 37 3 0
51 62 -2 0
-61 -8 -34 0
34 32 -15 0
-26 27 -43 0
-12 -4 28 0
4 6 23 0
-61 -63 2 0
-52 -40 11 0
14 15 52 0
37 -45 49 0
6 -34 -47 0
61 -17 -22 0
-24 -42 63 0
-49 -22 -10 0
-62 49 -57 0
16 -18 -27 0
17 40 18 0
-40 -7 26 0
-38 62 17 0
21 26 19 0
42 48 31 0
-60 -39 11 0
-34 35 52 0
61 57 5 0
16 45 -14 0
-63 -36 27 0
51 -40 -26 0
24 58 19 0
13 51 31 0
23 29 -51 0
-54 23 -39 0
-10 -63 46 0
28 29 51 0
8 -18 60 0
35 -30 -7 0
-63 -32 31 0
-37 2 17 0
34 -49 -30 0
44 -9 57 0
-22 18 33 0
7 -57 6 0
-6 -37 34 0
44 -4 8 0
30 -54 -32 0
-10 -51 -58 0
-52 33 46 0
-46 20 62 0
-20 38 42 0
-13 16 25 0
-35 47 21 0
56 63 16 0
56 4 -48 0
45 -28 -55 0
-53 -60 3 0
-59 5 28 0
-42 10 11 0
18 53 -12 0
-52 35 8 0
33 22 -10 0
34 -48 31 0
24 -18 30 0
-28 14 27 0
-33 48 -53 0
35 -50 49 0
-57 4 -6 0
-18 -27 36 0
22 45 -28 0
-41 57 55 0
-27 -52 55 0
23 -57 -35 0
-22 35 -30 0
62 -52 26 0
30 -23 54 0
38 32 7 0
12 -41 -14 0
34 -28 42 0
54 43 17 0
35 -3 56 0
13 26 -39 0
8 -4 -19 0
-58 -33 -16 0
57 35 25 0
-51 -13 42 0
33 12 -28 0
7 -11 -55 0
14 10 -28 0
24 -39 56 0
53 -18 -59 0
17 -52 -16 0
-32 -27 6 0
-37 -3 21 0
-45 51 11 0
-29 -32 -38 0
-31 -4 -9 0
42 -1 -49 0
6 -60 -37 0
-56 -11 -9 0
-44 23 -2 0
41 -24 -8 0
-50 -18 -53 0
20 -61 -63 0
-34 6 25 0
18 -56 22 0
-27 -35 40 0
45 63 35 0
47 27 -54 0
22 52 31 0
51 -7 -45 0
20 -63 -57 0
-20 -26 25 0
39 -5 20 0
-27 57 54 0
21 -53 -24 0
49 -44 -59 0
63 52 -41 0
-6 -50 -29 0
-35 42 48 0
-5 -58 -50 0
-23 -4 -22 0
-40 55 -62 0
35 59 9 0
-48 44 11 0
-1 30 -39 0
-28 22 11 0
39 -22 25 0
54 -26 -3 0
-22 42 -46 0
39 -44 18 0
32 -62 50 0
40 42 -23 0
-41 10 51 0
29 -24 -10 0
24 -36 -48 0
-1 4 5 0
-29 47 28 0
48 -44 6 0
40 22 -18 0
18 57 -8 0
-61 35 -22 0
30 17 51 0
-38 37 -26 0
-61 48 -53 0
4 15 -50 0
51 20 54 0
-21 -17 -34 0
50 -24 51 0
-34 -18 -54 0
31 32 -63 0
-42 -44 48 0
-40 -61 45 0
-35 15 -62 0
