p 88 374
-53 -78 -47 0
49 -30 83 0
88 1 49 0
-7 88 -34 0
-22 54 -50 0
-6 19 30 0
32 -66 3 0
-47 -8 -4 0
-10 63 75 0
-24 54 -44 0
35 9 64 0
-52 62 -54 0
-82 -51 -84 0
-66 -74 17 0
-57 -73 -21 0
-39 56 -80 0
-33 -54 -79 0
3 44 -34 0
-43 84 12 0
-54 22 19 0
46 -66 -78 0
21 -3 35 0
23 46 76 0
38 32 -59 0
53 28 35 0
-46 -34 79 0
36 55 5 0
-82 88 50 0
-11 -66 -45 0
-4 -54 86 0
-72 -56 -35 0
-55 42 -75 0
-47 77 -55 0
53 -27 6 0
25 26 -8 0
22 52 78 0
-11 -7 -47 0
-84 85 43 0
44 37 -71 0
34 1 -57 0
27 -12 -50 0
23 -57 21 0
-15 -16 -63 0
-78 53 33 0
-31 -32 -33 0
12 9 -14 0
59 -28 -54 0
65 57 40 0
25 -12 -80 0
59 50 -56 0
36 42 22 0
53 32 24 0
37 28 -8 0
-34 42 22 0
-70 29 -61 0
1 -62 -3 0
87 -49 8 0
42 24 33 0
13 -39 -5 0
41 -88 21 0
-81 65 -43 0
3 10 -12 0
-45 -83 -3 0
12 -68 36 0
-27 31 -35 0
-62 27 -70 0
-66 -58 -35 0
20 -41 14 0
37 82 -30 0
-61 48 80 0
-8 -44 -69 0
-32 -50 68 0
14 -30 66 0
80 19 75 0
-19 -2 83 0
26 -1 -58 0
44 29 30 0
-65 -74 -47 0
34 47 -23 0
-1 -25 -44 0
-6 28 -84 0
87 -41 51 0
30 -41 35 0
-32 55 -56 0
2 -40 50 0
-19 78 -61 0
-46 -67 56 0
31 5 -26 0
-27 7 -63 0
-54 43 75 0
48 -25 66 0
77 -76 -6 0
-27 15 -2 0
48 55 -82 0
36 -14 -15 0
20 -8 -70 0
-75 -4 66 0
-32 -22 47 0
15 -61 -24 0
-19 -10 83 0
1 44 -21 0
37 -88 44 0
27 3 40 0
63 -81 30 0
45 75 -6 0
38 7 13 0
-15 11 51 0
41 24 -71 0
-4 -17 -85 0
-57 -50 -17 0
-86 -58 -44 0
51 16 54 0
-56 78 -10 0
-79 27 -52 0
15 -38 -46 0
-34 78 -33 0
-48 57 -14 0
84 62 8 0
4 -68 -7 0
-14 18 4 0
-28 8 46 0
8 -42 -17 0
53 -2 -59 0
-78 -74 43 0
-35 61 74 0
58 52 67 0
18 -81 72 0
4 79 29 0
86 66 41 0
24 5 53 0
-1 21 -58 0
-53 29 -65 0
31 -4 -30 0
7 52 85 0
47 64 -22 0
-28 86 54 0
-52 12 9 0
23 -39 -46 0
-56 -69 -45 0
69 -85 -74 0
-34 38 45 0
-77 -20 -88 0
-46 -59 -29 0
42 22 -54 0
56 -11 18 0
-16 32 21 0
-22 34 -59 0
40 15 -34 0
88 73 -87 0
-48 17 16 0
12 -36 2 0
72 84 86 0
60 19 55 0
4 -28 66 0
-78 48 75 0
84 -71 13 0
10 20 -33 0
54 -57 -7 0
-39 84 68 0
84 -44 -18 0
36 66 -14 0
-9 -29 30 0
13 18 -69 0
4 -67 -8 0
-26 -4 88 0
-86 40 38 0
18 -7 21 0
-51 -26 8 0
5 56 -37 0
30 54 20 0
-84 64 -15 0
36 16 6 0
18 -35 -29 0
1 8 64 0
-14 -40 54 0
8 -72 14 0
-80 44 -70 0
-57 -31 -59 0
-63 -46 78 0
46 7 -29 0
-28 34 -84 0
27 -15 41 0
-62 27 43 0
78 -43 -20 0
-39 -49 -29 0
-48 -41 -21 0
-70 -24 -59 0
-46 -12 52 0
39 -4 -44 0
74 -70 -78 0
-10 78 34 0
-56 -84 -69 0
-48 -82 38 0
50 38 37 0
-36 -33 -8 0
48 -87 -46 0
-20 -22 -1 0
-51 23 -74 0
-52 69 50 0
-49 46 24 0
26 -51 28 0
16 18 -48 0
-53 -43 -48 0
9 27 16 0
-52 -69 -63 0
-72 -17 78 0
-70 80 31 0
-16 -55 72 0
-38 -44 -6 0
-72 33 -84 0
-23 65 -31 0
85 -17 -15 0
-36 -70 85 0
-35 -17 30 0
81 83 -27 0
42 72 45 0
-64 -13 -40 0
57 70 18 0
15 -21 -12 0
52 34 32 0
73 -53 -47 0
14 80 -63 0
-35 -25 -27 0
41 -62 -11 0
20 6 30 0
2 47 22 0
-22 30 -82 0
83 69 -34 0
34 24 -63 0
16 39 -88 0
63 27 9 0
51 -69 -11 0
80 55 -40 0
-28 48 -81 0
-10 -43 -19 0
-44 22 59 0
-45 -58 70 0
34 42 -41 0
-71 -51 -86 0
-15 -30 70 0
-17 -33 43 0
-38 44 -8 0
2 31 15 0
-40 86 32 0
-65 51 -24 0
51 15 -34 0
21 -62 59 0
54 -45 -63 0
-57 -56 50 0
1 52 74 0
22 -25 3 0
-85 -80 -15 0
-3 -34 -88 0
82 39 -68 0
-60 -10 62 0
-38 -66 14 0
-30 54 62 0
-72 12 -82 0
-25 -10 -41 0
26 71 -68 0
-33 -78 65 0
54 -64 -4 0
60 -77 57 0
-11 -25 -3 0
14 -38 -48 0
-11 20 88 0
45 -82 -10 0
64 11 -67 0
60 65 -45 0
-41 6 -40 0
69 -41 -22 0
5 -29 -6 0
23 -76 7 0
34 -26 -71 0
-70 8 -63 0
-21 31 -74 0
61 10 36 0
-34 29 43 0
79 -81 52 0
70 13 22 0
74 30 24 0
44 46 87 0
-65 -43 15 0
17 49 16 0
-74 55 87 0
-44 12 70 0
10 4 57 0
23 5 26 0
-32 -67 -38 0
-4 57 -18 0
3 53 63 0
-73 60 76 0
-17 11 -64 0
5 38 -86 0
-43 -48 -65 0
9 -71 3 0
-18 -70 -66 0
-69 38 -57 0
-54 -31 13 0
49 61 59 0
48 -67 9 0
-33 21 -54 0
-57 -85 -26 0
86 -43 -26 0
37 29 82 0
-48 -59 10 0
-26 -18 68 0
74 -14 -51 0
-82 -63 73 0
4 -43 -27 0
3 8 -28 0
-11 -1 88 0
-81 66 -4 0
-25 9 37 0
83 39 -17 0
-14 53 -70 0
-50 16 -59 0
14 35 -85 0
-21 -43 -4 0
-31 60 53 0
-20 86 -36 0
-56 77 -87 0
-28 66 -85 0
-33 -60 -45 0
-69 68 58 0
34 -17 -23 0
31 -39 -69 0
-62 -14 77 0
88 76 -9 0
20 -7 -83 0
42 -40 5 0
-68 57 -64 0
-37 4 -62 0
48 -85 -19 0
38 42 -63 0
-34 -1 33 0
69 28 -79 0
45 -35 54 0
-65 -14 -73 0
23 80 20 0
-10 56 77 0
58 -15 74 0
-75 -64 -2 0
75 65 48 0
-14 64 -6 0
-85 23 53 0
54 -71 -16 0
50 64 -6 0
-21 -53 3 0
46 33 -2 0
-7 -23 -63 0
-43 -25 42 0
-19 79 -2 0
45 -15 -48 0
15 -60 -36 0
-59 -78 -62 0
-17 73 10 0
-57 -39 -13 0
18 -22 -14 0
43 -71 -85 0
36 -32 44 0
-57 55 -13 0
-40 -79 38 0
14 -53 -3 0
-68 -14 -25 0
-14 25 -68 0
81 35 -41 0
44 -3 -66 0
-74 -46 80 0
56 -25 85 0
-29 -44 -35 0
-60 -15 -10 0
-62 -71 56 0
-15 38 19 0
