p 92 391
3 -51 48 0
-91 62 63 0
-10 57 -85 0
62 81 77 0
-5 -8 33 0
88 -53 44 0
26 7 11 0
-53 -66 16 0
-25 -40 46 0
43 89 7 0
73 -42 -88 0
57 27 1 0
-61 -69 -81 0
60 44 55 0
36 -46 -20 0
-23 -81 54 0
64 56 -45 0
-46 -42 34 0
18 69 -12 0
84 -22 -25 0
-62 37 42 0
63 73 -59 0
22 8 -1 0
73 35 -50 0
2 46 51 0
-52 -13 -74 0
85 40 90 0
19 -55 10 0
-26 -66 92 0
80 92 -9 0
-70 -1 -18 0
64 40 -82 0
23 -60 -22 0
-1 -26 -27 0
-33 41 3 0
84 -44 2 0
40 72 41 0
-40 83 47 0
47 52 25 0
59 28 -45 0
5 75 85 0
66 -67 -6 0
91 -88 -60 0
15 -8 35 0
-59 4 7 0
-82 -77 -46 0
20 -48 13 0
17 -11 53 0
-9 70 -51 0
36 75 44 0
24 -2 -60 0
-39 28 22 0
52 22 8 0
-14 -34 -11 0
-56 70 86 0
-7 -23 -40 0
-59 54 32 0
-21 25 -39 0
80 15 -53 0
86 64 62 0
-18 -45 62 0
-26 72 62 0
-4 -48 46 0
82 74 41 0
65 90 22 0
82 8 -40 0
23 -72 -84 0
12 37 58 0
83 25 -72 0
66 71 81 0
28 68 56 0
62 78 -52 0
16 -25 -39 0
88 3 -41 0
-14 -87 60 0
89 -57 20 0
-1 -73 55 0
34 -67 -35 0
-80 -38 -28 0
-88 69 -19 0
67 88 -56 0
-46 12 -59 0
50 78 -88 0
-79 -64 21 0
-79 -14 57 0
7 -38 -78 0
89 -73 65 0
-53 -87 -26 0
81 30 79 0
89 58 -80 0
-41 44 -29 0
37 -91 29 0
-15 52 -83 0
69 -24 -7 0
-26 -46 50 0
-84 -80 -72 0
78 56 -29 0
81 -23 -61 0
60 -66 26 0
-81 -82 15 0
-87 -59 61 0
68 43 -72 0
-27 69 -55 0
37 1 75 0
-3 -32 67 0
-18 -81 50 0
-37 -27 84 0
-26 71 36 0
-31 -13 88 0
88 11 85 0
-57 -37 81 0
70 -42 34 0
7 -37 74 0
-90 39 80 0
-36 3 -89 0
-29 -72 35 0
-77 -21 16 0
43 -67 -23 0
-11 -45 -62 0
44 18 -17 0
81 -54 18 0
-25 50 52 0
20 -57 -59 0
-79 73 -90 0
57 -10 42 0
40 37 71 0
-59 -13 -65 0
92 2 41 0
-56 -78 -43 0
42 72 78 0
-81 -65 -6 0
67 -83 -46 0
42 -88 91 0
-65 24 -48 0
80 30 -12 0
68 74 -66 0
-70 51 21 0
-8 73 61 0
41 -70 38 0
92 -55 -12 0
31 58 44 0
-27 -10 -4 0
-7 -90 -28 0
-21 -5 49 0
5 64 -16 0
44 -11 80 0
-46 51 -40 0
86 31 -21 0
-50 -62 -13 0
80 66 -85 0
-23 85 -4 0
65 -82 -64 0
-92 18 -20 0
76 39 -47 0
78 -84 32 0
25 34 10 0
-76 13 65 0
-13 56 -4 0
30 54 -60 0
-64 -23 -66 0
77 -85 -22 0
19 29 13 0
-14 -72 58 0
-63 -64 -33 0
-90 -85 17 0
16 -57 70 0
-61 -69 -85 0
57 50 46 0
-70 -45 22 0
-69 38 55 0
71 -66 91 0
48 -73 -68 0
-33 39 -38 0
-38 -60 19 0
-78 -51 -92 0
-71 -22 3 0
56 36 -50 0
-55 -88 69 0
-65 42 23 0
68 66 4 0
-31 -60 51 0
-71 -51 -82 0
1 86 -20 0
57 -42 -27 0
-70 80 -91 0
-9 -25 49 0
10 15 -3 0
40 -89 -39 0
-68 -28 -73 0
18 -57 -45 0
-35 -71 89 0
6 29 -21 0
-31 -45 84 0
71 59 53 0
-54 30 90 0
39 52 42 0
-65 -78 -63 0
47 -17 -56 0
-30 -68 -83 0
29 -19 37 0
75 29 55 0
-70 44 -86 0
62 23 -80 0
-85 -49 -78 0
85 -13 -42 0
62 -69 -19 0
75 80 27 0
-62 -20 50 0
-52 51 24 0
12 -69 -88 0
-75 78 20 0
-27 44 -61 0
-49 29 92 0
-31 -53 -8 0
18 34 12 0
30 65 -4 0
46 -29 72 0
57 72 -4 0
82 50 64 0
26 89 -92 0
82 15 -87 0
-59 26 24 0
57 70 -39 0
-88 37 -79 0
-70 -19 -76 0
44 11 -86 0
14 -83 29 0
49 9 -72 0
-52 5 -50 0
-7 82 49 0
5 -62 65 0
-49 21 31 0
-21 -17 -80 0
63 12 -92 0
-15 16 80 0
-82 -62 -11 0
9 5 -23 0
66 -59 -57 0
68 -33 19 0
-8 -38 81 0
-68 -8 67 0
54 45 6 0
89 -86 -78 0
-45 89 -80 0
-62 -29 -73 0
35 87 -39 0
61 -43 21 0
70 2 29 0
74 31 52 0
55 71 52 0
-25 -87 -36 0
23 48 69 0
34 -83 75 0
-18 43 -71 0
-36 87 -55 0
63 21 -91 0
78 87 83 0
-64 22 26 0
42 -8 -51 0
-46 73 -44 0
69 58 -43 0
-16 45 -66 0
4 61 59 0
-2 -90 72 0
-64 -35 58 0
79 26 -53 0
-75 -77 2 0
-42 -41 -11 0
32 24 34 0
44 -63 41 0
15 -77 -83 0
15 -67 40 0
33 -53 89 0
42 5 54 0
19 21 45 0
-72 11 54 0
48 -38 52 0
37 -10 88 0
-7 39 54 0
87 53 8 0
-10 15 -74 0
-85 4 32 0
-7 -67 79 0
35 -31 14 0
-63 86 -5 0
-23 58 -64 0
-11 56 36 0
-80 48 -75 0
80 65 -74 0
-48 54 -36 0
23 -50 -53 0
-20 9 -78 0
68 78 39 0
-75 73 30 0
-83 -19 -90 0
-91 -80 39 0
-37 88 33 0
-75 -73 81 0
-45 4 92 0
34 47 -18 0
45 20 60 0
-39 -6 19 0
-35 70 -11 0
-88 83 41 0
25 -82 -55 0
52 -19 -78 0
-69 -92 -90 0
44 -63 -19 0
78 -66 -33 0
-8 87 -91 0
-36 -69 -17 0
66 -41 -1 0
-77 -91 -39 0
-58 -23 -56 0
-24 -7 -18 0
85 -8 -24 0
-87 -75 -24 0
-51 20 59 0
-27 -46 -43 0
-66 79 -25 0
-73 61 70 0
-78 29 86 0
-91 28 -58 0
27 77 24 0
-89 70 -45 0
-63 -45 79 0
33 -86 65 0
60 -25 -55 0
49 70 60 0
65 74 -70 0
-69 -29 91 0
-64 -35 17 0
-12 83 16 0
-46 -80 -50 0
-9 47 -66 0
-25 -10 16 0
88 -61 -2 0
-60 33 -31 0
-56 67 3 0
-87 47 -68 0
-86 -14 -6 0
82 17 -19 0
34 -35 82 0
-71 -73 36 0
68 85 91 0
-82 12 33 0
41 58 21 0
38 21 91 0
-82 -69 90 0
57 -58 -34 0
30 -41 72 0
-73 -2 14 0
52 13 -44 0
61 -91 87 0
41 39 12 0
77 67 35 0
-67 27 -21 0
64 65 -76 0
21 -55 -9 0
70 -8 -65 0
-37 -33 -54 0
-6 -8 43 0
-42 71 -38 0
-39 -23 70 0
25 -87 91 0
69 53 50 0
-67 -75 13 0
-84 41 47 0
39 34 91 0
-34 -80 -22 0
59 -55 90 0
-76 -12 -84 0
-87 38 -72 0
23 53 92 0
38 35 73 0
-67 77 84 0
-12 64 77 0
-79 8 53 0
-35 14 56 0
86 58 -29 0
17 -74 16 0
56 -79 -67 0
-90 41 73 0
91 75 -58 0
-22 -37 -24 0
-90 -40 -92 0
-86 -88 52 0
83 13 -15 0
-78 -34 26 0
68 18 19 0
-63 -7 8 0
