p 26 110
-3 13 -19 0
21 -15 10 0
-14 -21 4 0
-1 12 -18 0
-26 -24 3 0
-20 -5 -10 0
-19 23 14 0
15 21 -8 0
10 -13 -6 0
-19 -14 21 0
4 26 25 0
-3 -5 16 0
-14 8 25 0
25 8 -26 0
3 14 1 0
15 -26 -14 0
3 13 5 0
-8 14 4 0
-17 16 2 0
-22 17 -5 0
-17 24 15 0
6 2 26 0
-8 21 -18 0
22 -18 -25 0
24 -11 -13 0
-17 18 -7 0
19 -23 -25 0
21 -7 -4 0
12 11 -25 0
15 23 -25 0
-23 8 -18 0
-19 -25 -12 0
6 22 7 0
-9 -22 26 0
5 -8 -7 0
5 -26 12 0
11 -16 18 0
-24 18 15 0
8 -11 12 0
-9 23 1 0
-14 23 -17 0
-19 25 13 0
17 25 -2 0
-24 6 25 0
-25 5 -2 0
1 -26 -25 0
25 19 -8 0
-24 -5 17 0
25 21 9 0
3 12 2 0
6 -16 25 0
23 -16 22 0
-22 -2 -21 0
5 16 -22 0
15 -17 4 0
13 -12 -26 0
-11 7 21 0
-6 22 7 0
-21 -12 5 0
-7 15 18 0
-26 20 -11 0
10 -22 -18 0
20 22 -25 0
-8 14 -26 0
-18 22 19 0
6 18 -14 0
-19 -6 25 0
-4 15 -26 0
13 -16 -4 0
25 13 23 0
24 9 7 0
-5 1 -17 0
-2 -20 -25 0
16 3 -14 0
8 -19 -12 0
22 1 -6 0
3 5 -24 0
25 -16 18 0
17 -10 -2 0
3 -13 16 0
-12 2 -11 0
9 -16 8 0
-10 -13 18 0
18 12 -3 0
-20 -19 8 0
5 -22 16 0
-25 -16 3 0
-5 7 20 0
17 23 25 0
18 21 11 0
13 1 18 0
12 23 7 0
18 -8 11 0
11 -26 25 0
-14 -11 21 0
16 8 5 0
4 -20 21 0
25 1 -18 0
10 -13 1 0
-19 -3 -15 0
15 -22 17 0
6 4 26 0
7 10 -6 0
23 24 14 0
1 23 10 0
4 -2 12 0
-3 -23 11 0
10 -22 6 0
-6 19 -12 0
-6 -10 -25 0
