p 20 85
-2 -12 3 0
2 6 17 0
-6 14 18 0
-20 13 -17 0
-20 -17 -19 0
-17 -5 -12 0
-11 -6 -13 0
7 15 -11 0
1 -13 3 0
11 -13 -4 0
-12 15 13 0
-17 11 8 0
11 1 -12 0
4 7 -17 0
-5 8 -15 0
18 -5 -14 0
-15 -19 -14 0
-13 11 -6 0
-5 13 -7 0
-13 18 -20 0
10 17 -4 0
17 -7 10 0
-9 3 -1 0
-18 9 -10 0
-2 10 -9 0
-20 -10 -1 0
14 3 -12 0
2 -17 -16 0
-14 15 -12 0
8 11 13 0
13 6 -2 0
-17 -14 -19 0
-19 17 -18 0
-7 14 2 0
-14 2 3 0
-11 -16 9 0
19 -11 16 0
10 -18 -19 0
-3 -12 1 0
-12 -14 1 0
12 5 7 0
13 14 -1 0
11 -3 -15 0
-2 8 10 0
16 9 1 0
20 -6 -18 0
10 -3 -6 0
16 -13 17 0
20 -19 5 0
15 -6 7 0
2 9 -1 0
-3 -20 -4 0
6 -8 13 0
19 13 3 0
8 11 7 0
1 7 12 0
-16 -11 15 0
-10 17 2 0
1 17 -4 0
-8 -7 -13 0
-17 -13 -6 0
-9 -8 14 0
-10 18 -13 0
9 13 -19 0
-16 -3 10 0
3 -10 -9 0
9 18 20 0
-6 -2 1 0
-19 6 11 0
-4 -20 18 0
-6 7 -12 0
-15 -12 6 0
14 -19 -3 0
12 8 10 0
-4 14 1 0
11 10 -16 0
12 -16 -1 0
1 17 -20 0
-13 -20 7 0
3 -16 4 0
19 -6 -13 0
-17 -4 -1 0
-1 4 14 0
8 -10 -19 0
-11 -7 -17 0
