p 96 408
88 -85 -5 0
-69 -24 91 0
-17 -34 64 0
95 30 -81 0
62 -88 -76 0
26 -59 18 0
-92 79 -38 0
-61 -69 18 0
25 -34 -43 0
-29 57 -52 0
33 52 -47 0
-77 86 -85 0
64 -94 39 0
83 8 7 0
-3 40 -35 0
-45 -27 -58 0
-73 41 79 0
-69 34 -52 0
-30 -7 -73 0
-58 9 -53 0
55 -67 31 0
-29 -27 -86 0
-87 35 16 0
42 -17 95 0
-16 -60 74 0
-12 77 69 0
-77 -66 2 0
-78 -66 -11 0
-45 25 -68 0
61 -1 -64 0
10 -14 59 0
-73 -89 -39 0
29 59 -62 0
25 44 17 0
1 -38 75 0
-82 -92 22 0
45 13 -92 0
-77 -94 -47 0
-60 29 15 0
41 25 -85 0
48 -75 66 0
24 17 57 0
24 -67 -36 0
74 -57 67 0
-51 60 -92 0
11 -62 90 0
-12 2 -7 0
74 32 -39 0
17 -53 -82 0
16 -77 -92 0
20 -6 93 0
-96 -17 -31 0
-49 -58 -23 0
-1 22 -40 0
12 -48 -3 0
24 72 -37 0
-41 86 -6 0
-3 -60 18 0
-22 75 -32 0
-48 -57 -47 0
-30 -52 11 0
63 64 30 0
-81 -73 58 0
-14 95 -53 0
10 22 36 0
-77 -85 20 0
-87 -64 12 0
80 -66 30 0
80 95 44 0
4 12 -71 0
-44 2 -4 0
40 15 34 0
15 -49 17 0
-92 -33 5 0
96 23 56 0
-70 -57 80 0
9 -72 -33 0
-55 -20 12 0
37 4 49 0
85 -4 79 0
26 -92 -25 0
21 72 -38 0
32 -75 -71 0
-89 -49 59 0
40 -62 96 0
-92 -74 -76 0
-82 12 -56 0
4 69 -55 0
-60 -87 -9 0
-75 25 55 0
-32 -29 44 0
-17 80 -72 0
-47 -50 -90 0
53 17 -66 0
13 -33 78 0
73 -87 -81 0
-43 -36 47 0
15 91 75 0
-24 -14 -77 0
-44 -33 57 0
-68 45 52 0
71 39 46 0
57 26 -54 0
30 15 -58 0
72 -86 -43 0
-24 2 53 0
5 28 51 0
48 95 80 0
72 42 -35 0
-62 60 -22 0
-37 -80 -12 0
-2 79 10 0
47 -76 56 0
94 -73 90 0
-46 23 50 0
-2 -42 48 0
-24 13 78 0
45 -93 47 0
60 -3 -4 0
95 20 -24 0
73 35 -58 0
69 -71 -44 0
-87 15 -34 0
89 21 -96 0
57 86 45 0
44 -78 -54 0
20 -25 18 0
-81 -64 13 0
-16 69 -71 0
22 44 49 0
-70 -35 -60 0
-31 39 83 0
8 -67 -13 0
-83 65 26 0
55 73 -58 0
56 -50 72 0
72 48 31 0
-73 13 74 0
88 17 -50 0
52 71 -62 0
-85 -39 -13 0
-61 -43 62 0
-7 -89 5 0
79 32 17 0
27 62 -61 0
-1 -53 -72 0
-57 -17 22 0
14 -96 -86 0
-42 -8 -53 0
-61 78 26 0
82 64 -80 0
-19 60 -28 0
20 63 42 0
71 3 47 0
15 81 36 0
-67 60 18 0
8 73 53 0
51 -16 66 0
41 -20 50 0
-60 41 70 0
2 82 -93 0
-94 30 -57 0
29 89 -39 0
77 -16 -30 0
-16 28 77 0
67 42 -32 0
10 -82 45 0
-10 64 -61 0
82 -47 -21 0
19 -50 46 0
-21 -3 -27 0
-6 84 -7 0
-73 91 -44 0
-81 5 75 0
-57 63 -90 0
42 3 14 0
-65 3 -54 0
-7 23 28 0
55 59 54 0
95 -51 -70 0
91 53 36 0
-65 74 18 0
-88 6 -21 0
64 -54 77 0
90 -13 -76 0
-6 22 28 0
93 59 -73 0
8 39 24 0
59 -32 -26 0
64 -47 -30 0
35 89 -32 0
30 -7 -28 0
4 -11 28 0
5 53 -79 0
-16 1 -74 0
-30 14 75 0
48 -5 -91 0
91 61 18 0
13 -74 -63 0
4 -86 -84 0
23 -52 26 0
-28 -15 93 0
-5 49 -95 0
-41 86 46 0
52 19 96 0
-86 48 53 0
-16 30 77 0
12 29 -86 0
93 19 -89 0
-6 46 -89 0
57 -43 -10 0
-48 -54 -16 0
-70 -95 -20 0
39 31 94 0
3 -31 79 0
-25 -59 -76 0
64 92 -79 0
3 83 -61 0
-82 -72 65 0
-83 92 46 0
10 44 50 0
-16 -65 -73 0
11 12 4 0
-53 -86 46 0
24 -63 -85 0
1 -21 73 0
-95 -86 -76 0
-54 -69 -2 0
-76 -2 -81 0
-46 -51 -93 0
-86 26 -44 0
-83 -95 -89 0
-5 36 -14 0
67 -88 -19 0
48 -77 -61 0
23 90 31 0
-84 -17 38 0
77 -47 -86 0
-32 14 75 0
13 80 55 0
-57 -96 84 0
85 -24 22 0
7 -29 -92 0
7 -87 -56 0
-65 -85 31 0
-28 -21 -62 0
61 83 39 0
-95 -43 -8 0
6 -52 -77 0
-47 69 56 0
76 -21 75 0
6 17 -79 0
-2 25 -4 0
-39 -22 -40 0
54 -1 -17 0
-46 -51 89 0
-86 -88 66 0
20 -85 21 0
-50 -88 -81 0
30 -70 21 0
37 87 -92 0
60 -71 -84 0
-61 75 4 0
41 67 23 0
-94 -8 95 0
5 -38 -42 0
38 -78 68 0
-5 12 -95 0
-39 -40 42 0
-92 -13 -60 0
50 94 4 0
54 -64 7 0
18 -88 -13 0
55 -3 6 0
94 -14 22 0
-19 -30 -83 0
-79 -87 15 0
57 4 -40 0
22 3 -21 0
31 27 -63 0
-75 28 -29 0
-16 8 82 0
71 -24 57 0
-43 45 63 0
-79 -95 72 0
17 -39 -35 0
27 87 96 0
-7 36 22 0
58 16 -13 0
-72 87 3 0
38 63 55 0
-90 23 -75 0
70 -35 72 0
-9 78 25 0
-29 68 51 0
-90 75 70 0
90 78 53 0
-90 27 41 0
57 12 -42 0
-59 95 2 0
24 45 92 0
58 -72 60 0
-42 69 -34 0
-70 25 -33 0
71 -91 87 0
37 -86 44 0
-88 -35 26 0
-35 -41 -7 0
49 44 30 0
48 8 -85 0
-64 -62 93 0
-23 74 -30 0
-5 -54 31 0
43 -8 -27 0
14 -95 28 0
-26 91 66 0
-90 -46 -11 0
-75 -3 67 0
57 36 48 0
-65 34 23 0
-22 64 -53 0
48 -28 31 0
-88 -52 -89 0
-22 48 -2 0
61 -67 80 0
-76 -82 39 0
92 -69 17 0
-72 8 17 0
86 -57 -18 0
90 83 -95 0
-44 83 -76 0
-24 74 -82 0
-58 -41 -52 0
62 8 -4 0
-83 -19 -36 0
16 -22 -83 0
-12 -61 -30 0
-10 43 63 0
-9 71 -46 0
83 -35 -94 0
51 13 -63 0
39 72 47 0
86 -65 -8 0
-6 10 -27 0
86 -26 -47 0
-13 1 -83 0
-20 -39 -75 0
-60 -76 69 0
22 -18 16 0
27 31 -54 0
-21 -1 41 0
-66 -38 -61 0
-77 33 -67 0
29 -37 -65 0
-9 -36 58 0
-27 -73 -77 0
88 44 -42 0
-60 -90 -13 0
52 -47 19 0
-80 42 -49 0
-69 78 -50 0
40 77 27 0
75 17 96 0
25 27 1 0
-83 -22 -7 0
-11 -12 -54 0
-51 53 8 0
-62 -39 -92 0
-34 -33 80 0
-44 28 73 0
-59 -33 -13 0
40 67 -93 0
35 84 74 0
43 11 -55 0
62 -91 96 0
-54 -91 2 0
-53 -58 -34 0
-63 76 33 0
-3 -29 52 0
7 -67 41 0
43 -52 88 0
66 -13 -77 0
86 -60 -29 0
-20 47 85 0
58 -15 4 0
95 93 -71 0
54 26 91 0
-62 -3 60 0
-1 29 -78 0
36 92 43 0
-74 -58 81 0
-33 -80 55 0
-30 -27 -59 0
50 -96 -28 0
70 56 43 0
-89 -11 -65 0
56 -15 92 0
77 56 27 0
29 15 45 0
-33 84 -44 0
-54 55 39 0
60 -89 -58 0
63 -3 17 0
-18 87 -42 0
74 4 -36 0
-40 -58 76 0
-42 -22 -27 0
-17 19 -88 0
