p 94 400
50 -77 -22 0
37 20 38 0
84 15 -81 0
24 84 4 0
-76 -39 13 0
6 -30 -87 0
-67 61 8 0
3 -18 -72 0
-75 42 77 0
-52 16 -46 0
-59 -70 -52 0
87 27 69 0
7 -78 49 0
-23 -53 -75 0
58 32 -92 0
-34 92 -9 0
79 73 -22 0
92 -47 -80 0
-12 -77 -13 0
81 88 65 0
-63 53 -65 0
40 -53 85 0
32 3 -57 0
-79 -40 -4 0
-53 22 -44 0
-79 -81 23 0
-83 53 8 0
-65 -45 74 0
85 -62 -86 0
73 71 -84 0
43 24 -25 0
14 90 -27 0
-84 4 89 0
-78 -76 -47 0
69 80 18 0
-71 54 17 0
4 -33 16 0
86 82 35 0
38 17 -89 0
-80 82 -20 0
-47 58 -3 0
-53 75 35 0
92 31 -90 0
31 -90 -11 0
-77 66 -3 0
8 -32 -57 0
79 -47 11 0
93 -82 -77 0
71 -69 4 0
-46 -75 12 0
-68 -72 54 0
-51 31 -19 0
43 -53 60 0
-26 5 -34 0
85 45 27 0
56 -19 -9 0
8 22 -84 0
-29 76 11 0
-36 30 -69 0
-76 92 60 0
-15 -66 26 0
-50 -31 -68 0
53 26 -11 0
93 74 -12 0
67 -5 -23 0
56 21 1 0
-10 37 -11 0
35 -76 -80 0
-29 -68 86 0
77 12 13 0
38 86 83 0
-10 -80 -25 0
52 -35 -70 0
19 21 70 0
27 -48 -55 0
14 -93 68 0
-62 -11 25 0
-34 -14 -89 0
33 -83 55 0
20 -84 -29 0
-53 51 -64 0
47 55 85 0
-32 -42 -93 0
-25 -14 11 0
77 -60 -73 0
-91 71 62 0
42 -37 7 0
30 63 78 0
61 -19 69 0
-45 38 72 0
-46 30 -5 0
43 10 44 0
-30 -63 10 0
74 -29 58 0
-83 -82 36 0
64 7 -84 0
-6 -92 -93 0
74 5 54 0
-78 -60 -84 0
82 -69 -86 0
-10 27 23 0
-14 -23 -56 0
-20 -88 50 0
-19 65 -11 0
59 -74 -34 0
65 -88 15 0
-57 -33 45 0
7 59 -81 0
-46 -62 -12 0
-76 -71 -82 0
33 -22 -56 0
-86 -78 -45 0
53 -7 -34 0
-59 22 1 0
-48 -54 -68 0
84 4 82 0
6 75 -92 0
-45 35 -71 0
-12 36 -86 0
-49 -94 73 0
73 65 80 0
85 -5 61 0
9 -71 81 0
-6 -15 56 0
-22 -64 26 0
-56 -92 -7 0
-31 28 59 0
42 29 -31 0
42 -73 -94 0
57 1 43 0
16 32 -62 0
49 58 -52 0
61 67 -3 0
54 -46 90 0
47 87 83 0
-20 -14 10 0
-78 93 -29 0
20 -7 24 0
86 -29 -91 0
49 -68 -2 0
41 -12 -91 0
-75 -70 -11 0
-11 -10 94 0
75 81 -11 0
15 -69 -8 0
-27 -54 -34 0
62 52 72 0
48 -5 -82 0
-3 5 -70 0
-41 36 51 0
-79 -40 -88 0
-26 68 20 0
88 -23 -91 0
-27 70 37 0
-20 23 79 0
-53 92 -65 0
7 -70 25 0
-55 83 2 0
-29 -86 -65 0
-49 -47 46 0
4 -11 76 0
-90 31 21 0
-94 92 -19 0
49 -21 -43 0
42 15 1 0
58 25 -16 0
42 2 64 0
93 91 45 0
-79 35 5 0
-79 -81 66 0
-63 94 61 0
-64 35 -31 0
67 66 -40 0
-13 -6 61 0
-85 -29 -68 0
58 -3 21 0
14 12 32 0
68 86 -67 0
14 -18 90 0
57 90 -6 0
-31 52 13 0
-5 -43 66 0
85 11 -4 0
74 -37 82 0
-59 81 -50 0
-30 5 -39 0
-29 27 -21 0
73 19 -39 0
13 82 16 0
-10 73 -16 0
33 69 -48 0
86 -69 4 0
-91 -31 -9 0
-10 -24 34 0
-83 -17 -89 0
-55 -13 17 0
41 -13 -73 0
38 -47 33 0
92 -83 -21 0
40 55 -53 0
91 23 -86 0
-58 79 -28 0
89 16 -5 0
49 -27 53 0
-72 -74 92 0
62 -8 54 0
-58 -40 3 0
-76 33 -14 0
51 74 -34 0
-27 -93 -78 0
-37 -68 -94 0
80 -41 24 0
57 85 -65 0
-19 36 -31 0
40 -92 58 0
34 40 -22 0
-15 90 83 0
6 73 14 0
33 3 86 0
-5 -68 -47 0
65 -58 -85 0
39 -72 -69 0
-56 21 -27 0
-54 -62 4 0
-68 -14 1 0
-70 -72 5 0
-92 49 -34 0
-81 -78 -29 0
-81 70 -64 0
54 -7 56 0
77 -63 -6 0
-59 12 -67 0
-14 78 -32 0
49 -46 -63 0
-44 -59 -42 0
42 40 -7 0
18 -57 -30 0
82 31 -65 0
-17 -37 35 0
-89 -7 -87 0
-42 -76 85 0
-84 -35 -87 0
84 20 -65 0
29 74 -38 0
70 38 -75 0
-82 -56 -94 0
-20 45 -84 0
17 69 -48 0
74 -38 -12 0
-7 -81 -70 0
-18 -32 -43 0
-39 -7 58 0
-67 25 65 0
-35 -68 -65 0
-86 -28 -71 0
90 -94 -81 0
29 -50 45 0
-23 82 94 0
-32 94 12 0
-19 -67 -37 0
39 65 -72 0
-81 -14 -7 0
51 -34 39 0
61 -69 -17 0
-48 51 -19 0
86 -48 -50 0
-61 39 23 0
-3 19 47 0
-39 85 44 0
75 22 4 0
72 26 -18 0
-76 -91 87 0
-38 -23 15 0
32 92 11 0
32 10 16 0
57 24 -59 0
-34 27 -46 0
9 93 41 0
-74 -36 -18 0
-58 -12 70 0
-65 -35 51 0
-30 88 -94 0
51 -75 -90 0
-86 64 -66 0
-20 7 87 0
89 -3 76 0
-69 83 -16 0
50 -7 35 0
38 -33 -36 0
15 13 -61 0
75 40 -28 0
33 -47 16 0
-13 -18 -44 0
-26 -68 79 0
19 -6 -83 0
63 -35 91 0
91 49 82 0
-15 -23 -56 0
37 21 -30 0
-21 62 -22 0
-3 -1 -6 0
26 69 77 0
-71 -29 -27 0
74 42 60 0
-80 6 90 0
32 -38 14 0
-83 38 67 0
51 -64 62 0
43 41 -91 0
2 -62 -40 0
-31 35 -65 0
-9 -68 -84 0
-4 -52 28 0
-11 -26 76 0
47 -52 -33 0
60 89 84 0
-74 45 75 0
41 -89 -39 0
-56 45 -86 0
-37 26 36 0
-45 37 -93 0
-68 -46 76 0
-71 52 -83 0
27 -53 24 0
-62 94 46 0
-66 32 23 0
-49 7 -11 0
78 23 92 0
-91 -16 -39 0
48 -29 32 0
55 49 -63 0
-12 51 78 0
65 15 -70 0
-25 -18 -52 0
-24 48 -38 0
-41 -72 -18 0
14 -80 -19 0
26 76 5 0
44 71 -94 0
-78 -92 5 0
-11 -78 77 0
-82 -50 -67 0
-20 -58 61 0
50 -36 43 0
76 -88 -21 0
40 13 59 0
55 -63 -49 0
-36 69 -87 0
12 90 34 0
-94 -46 8 0
84 56 -64 0
-82 -25 9 0
8 -79 42 0
83 -47 -34 0
-23 15 20 0
79 3 49 0
-36 -78 31 0
76 20 -62 0
32 20 -25 0
-27 89 55 0
86 34 -23 0
-79 -74 -86 0
-12 -39 29 0
-9 68 29 0
82 46 44 0
47 14 78 0
-23 29 -19 0
21 69 -51 0
64 28 -77 0
-94 14 32 0
-89 70 8 0
90 -13 12 0
78 -32 -87 0
-74 77 -39 0
-79 -37 -55 0
-67 42 12 0
-54 -82 46 0
-62 -7 1 0
-37 -85 59 0
23 -2 41 0
57 72 66 0
13 37 -25 0
-19 -69 -47 0
-63 -49 6 0
8 15 -33 0
-34 -73 5 0
82 -16 -85 0
-61 73 8 0
-83 -38 31 0
-25 -34 59 0
-69 -74 26 0
-81 14 -77 0
-83 62 63 0
74 69 -87 0
-6 -53 -50 0
-38 47 87 0
31 -49 15 0
79 93 -41 0
58 74 -85 0
-79 -91 70 0
