p 38 161
15 23 6 0
-13 -7 36 0
-24 -31 16 0
3 29 -36 0
18 -12 -22 0
9 27 20 0
-13 -10 -15 0
-37 -26 29 0
-12 -4 16 0
-10 -32 1 0
-21 -32 -29 0
25 -13 37 0
12 -19 31 0
18 -34 -17 0
30 31 24 0
33 -31 12 0
-5 -20 10 0
-19 38 -23 0
-6 20 -2 0
-16 -20 -25 0
-11 -26 13 0
28 -18 9 0
-2 -10 31 0
-31 2 -27 0
14 -29 -7 0
-36 -15 -20 0
-9 -21 -19 0
37 -18 -20 0
-29 15 -3 0
8 -35 -28 0
-15 35 -14 0
-16 1 10 0
-7 -19 37 0
5 28 -8 0
34 -23 20 0
-17 29 4 0
30 35 -11 0
8 -32 36 0
-17 14 27 0
-26 -5 -30 0
11 7 31 0
-30 36 19 0
-15 -10 7 0
17 10 11 0
23 34 -28 0
-23 -2 -38 0
12 -32 27 0
-5 -22 -32 0
-33 -18 28 0
3 -23 25 0
-38 -4 -31 0
18 22 -13 0
-19 -30 -13 0
-18 -9 6 0
28 10 -32 0
38 -30 -7 0
-37 12 6 0
2 -31 16 0
29 -30 -17 0
7 -27 -24 0
37 -15 34 0
28 -38 -4 0
-28 8 27 0
7 -24 29 0
22 16 -36 0
-32 11 6 0
-15 -31 -27 0
18 26 31 0
10 -21 -35 0
-37 -14 -25 0
25 -23 33 0
-8 -20 -7 0
8 -29 6 0
38 19 -5 0
15 -19 32 0
38 17 26 0
-24 25 -12 0
26 -19 14 0
1 -16 22 0
-8 -20 21 0
-1 -38 20 0
10 -31 -21 0
32 -16 -36 0
5 9 31 0
37 -13 -31 0
-8 14 12 0
32 -19 -23 0
5 2 -12 0
-25 -29 -31 0
2 -36 21 0
26 -18 19 0
-32 22 -4 0
-2 11 -31 0
1 26 19 0
-35 29 -6 0
-8 -11 -33 0
35 -3 -11 0
-4 29 9 0
-18 29 8 0
21 -8 -5 0
22 -21 34 0
-37 -33 2 0
-30 -5 16 0
34 12 -4 0
24 7 -21 0
-12 -30 -28 0
30 -29 -26 0
32 -38 37 0
31 32 -14 0
-32 -31 37 0
25 3 29 0
-5 1 -38 0
31 19 -6 0
1 -15 -10 0
35 -26 -36 0
11 -19 32 0
4 -24 -28 0
-5 -38 -4 0
9 20 -28 0
16 -35 -8 0
-33 38 -34 0
15 28 17 0
33 25 6 0
19 -24 7 0
1 12 -26 0
13 27 12 0
11 7 -5 0
-1 34 -7 0
-7 -21 -26 0
22 17 -25 0
9 -32 -30 0
9 -11 -16 0
7 4 -23 0
-11 26 -22 0
23 16 -36 0
-2 21 -24 0
7 26 -32 0
-28 12 -25 0
-21 -20 -3 0
-19 -34 3 0
-15 11 -8 0
-14 -19 25 0
-9 -35 21 0
16 20 -38 0
-21 -11 -9 0
6 13 22 0
-27 32 5 0
25 -29 11 0
30 -7 31 0
31 3 -8 0
-8 -5 30 0
-19 -34 29 0
4 -37 33 0
23 -27 -21 0
-19 -31 25 0
5 -10 -4 0
-31 5 -4 0
-29 4 16 0
36 -6 23 0
32 28 -24 0
-21 25 18 0
