p 29 123
-12 9 -26 0
-19 12 22 0
29 21 -2 0
21 23 -16 0
-22 2 9 0
27 -26 -20 0
-21 -6 19 0
27 -28 8 0
-29 27 -8 0
-13 25 -10 0
25 -18 -8 0
-11 5 10 0
10 18 19 0
11 10 -24 0
-12 22 28 0
15 -19 13 0
23 -26 -5 0
-21 -7 11 0
-15 6 5 0
28 7 2 0
4 -27 26 0
-23 17 16 0
8 29 -26 0
6 -25 5 0
-16 -19 -29 0
7 17 -21 0
-11 -24 -3 0
-29 19 -22 0
17 8 -26 0
-11 -13 8 0
-28 -23 -19 0
22 24 -9 0
12 1 -21 0
21 10 6 0
-4 -27 25 0
-6 -20 -9 0
27 -19 -28 0
22 -17 21 0
11 -10 -14 0
-24 -25 -1 0
4 -12 -1 0
13 15 8 0
2 -29 22 0
2 9 23 0
-1 4 2 0
-6 23 22 0
27 -11 -8 0
29 -8 26 0
-4 -11 -18 0
-25 -1 -6 0
4 2 -16 0
-28 -26 11 0
4 24 9 0
-27 14 6 0
5 2 -1 0
16 -13 1 0
-6 15 24 0
26 -17 28 0
7 -5 -19 0
-29 4 -3 0
-4 -2 27 0
24 -29 18 0
23 -25 -12 0
-9 -29 -6 0
2 -18 12 0
-26 -16 -14 0
-14 -5 16 0
-23 21 -11 0
-12 1 26 0
28 3 -2 0
28 -18 -2 0
19 -6 16 0
-13 15 -28 0
-22 19 -25 0
-13 -11 14 0
-18 22 -7 0
26 2 9 0
-24 10 -26 0
9 -4 14 0
9 -24 25 0
-9 -18 1 0
11 -7 25 0
11 15 -7 0
-26 19 -29 0
17 23 -10 0
-18 16 24 0
1 -28 20 0
23 2 20 0
3 1 2 0
23 3 5 0
20 29 26 0
-27 8 -15 0
-18 -3 -27 0
28 6 15 0
9 15 -4 0
22 -25 -6 0
-23 -24 -27 0
-13 25 15 0
-13 -8 -3 0
15 -8 -11 0
-13 -18 26 0
-28 11 2 0
-18 7 28 0
-3 7 10 0
-6 18 1 0
4 -27 2 0
22 -9 -28 0
-18 23 27 0
-27 18 -15 0
1 -16 -8 0
-2 9 17 0
23 -19 -3 0
18 4 -6 0
29 -16 2 0
9 -19 -23 0
-24 9 17 0
-6 3 15 0
16 20 13 0
-2 25 -3 0
-17 -8 -1 0
-24 -9 2 0
-21 -27 -12 0
13 -24 22 0
