p 21 89
21 10 7 0
-16 10 18 0
11 21 6 0
18 -14 -9 0
3 19 -11 0
19 3 -2 0
-9 -7 12 0
18 -16 9 0
11 9 16 0
5 21 -15 0
-6 17 13 0
17 5 -2 0
8 -17 -2 0
11 -10 -19 0
20 3 11 0
3 8 -11 0
21 8 4 0
14 -13 -12 0
-21 16 10 0
-6 13 17 0
11 20 -1 0
-14 -13 -16 0
-13 17 -21 0
20 -15 -10 0
-21 8 6 0
20 -21 -8 0
2 8 13 0
12 7 -20 0
12 18 -13 0
11 16 3 0
10 8 -1 0
-8 11 20 0
18 -7 16 0
-15 11 14 0
-11 -3 -1 0
17 20 -21 0
-17 15 4 0
19 21 3 0
2 -21 -17 0
8 -12 10 0
11 4 -1 0
9 -18 6 0
-6 4 18 0
6 -10 18 0
-20 18 5 0
10 9 1 0
7 -19 -8 0
6 21 -3 0
-5 -10 -14 0
-6 -5 14 0
17 6 -2 0
4 -8 7 0
-3 -15 -16 0
6 3 -7 0
-16 -11 7 0
16 -17 -7 0
14 7 -5 0
5 16 -12 0
2 -20 -14 0
-20 -9 5 0
6 -8 21 0
-21 -13 -8 0
16 21 18 0
-7 16 -9 0
1 -18 -9 0
3 12 -19 0
-18 -3 -7 0
9 -14 12 0
19 -11 -16 0
11 -20 -6 0
9 -11 -10 0
-17 -5 -1 0
10 7 15 0
1 5 13 0
-13 -15 12 0
-3 19 6 0
-11 3 -7 0
-1 10 15 0
-16 13 -21 0
-1 20 7 0
-10 6 21 0
14 13 20 0
-6 -8 -11 0
5 -6 18 0
-21 -7 -19 0
-6 -19 -15 0
-17 13 16 0
-21 7 -12 0
-8 21 7 0
