p 48 204
43 21 10 0
30 39 -21 0
10 25 14 0
-1 -43 -14 0
-32 39 -20 0
20 -16 23 0
31 17 -40 0
-4 -1 45 0
-9 23 -24 0
36 -30 -23 0
-7 -26 27 0
6 -39 -38 0
34 26 -21 0
13 17 16 0
39 -10 6 0
-31 3 12 0
-10 -24 -42 0
28 24 -30 0
21 -7 -43 0
36 8 -7 0
-31 12 -48 0
21 -42 4 0
-14 -23 8 0
-42 -28 13 0
-3 -8 37 0
47 -40 34 0
34 46 -18 0
-31 25 46 0
39 5 -32 0
-25 -12 23 0
19 -22 -8 0
39 27 -21 0
25 31 -9 0
28 15 2 0
48 -27 31 0
-45 47 -24 0
-5 -46 18 0
6 18 44 0
-43 -28 29 0
-34 -21 31 0
-17 -16 4 0
-40 -18 -17 0
20 -32 -28 0
-33 -22 -20 0
38 -2 26 0
-6 40 25 0
-29 48 24 0
5 29 -4 0
35 48 -3 0
-37 33 29 0
41 -13 43 0
-46 -28 17 0
40 -34 -17 0
24 -12 41 0
-26 -35 24 0
-32 33 -14 0
31 -8 25 0
-13 -35 -27 0
4 19 22 0
-11 47 -1 0
7 10 47 0
6 40 -1 0
-31 -32 8 0
-7 20 33 0
17 14 28 0
27 -15 30 0
-2 -20 46 0
-17 8 32 0
-46 12 -20 0
42 9 26 0
-28 6 23 0
47 -31 20 0
46 45 -14 0
36 -28 48 0
17 47 -11 0
8 -47 3 0
-29 -23 45 0
33 -47 6 0
37 -24 -10 0
-7 9 -43 0
-46 -31 37 0
-13 30 9 0
-2 40 -17 0
-27 23 31 0
35 -1 -9 0
46 37 7 0
7 25 -37 0
11 36 34 0
28 44 -43 0
1 16 7 0
39 -14 -23 0
-40 -44 33 0
-34 35 43 0
-29 34 40 0
-32 12 37 0
8 -1 14 0
2 23 17 0
-8 2 -31 0
-7 -20 13 0
-25 10 -27 0
-20 -38 -32 0
-10 -14 3 0
-13 -35 -8 0
-14 -36 25 0
-13 48 7 0
-9 -13 15 0
-11 -40 -31 0
23 -34 25 0
-3 30 48 0
15 32 25 0
-34 -30 -7 0
9 29 -42 0
43 27 46 0
14 -42 -15 0
-24 21 -27 0
-43 29 -40 0
-21 -45 -26 0
-41 -11 30 0
-22 14 44 0
-39 13 28 0
9 41 -4 0
27 12 -40 0
44 12 -23 0
14 -13 -12 0
-3 -21 -44 0
41 29 8 0
1 -35 -43 0
9 -16 40 0
-48 -7 -36 0
-27 45 46 0
23 20 -25 0
-24 -21 26 0
39 -17 -38 0
-14 16 4 0
-44 -27 9 0
21 16 38 0
-2 27 16 0
14 39 44 0
-23 26 31 0
-10 -11 40 0
-26 -29 4 0
14 -26 5 0
5 23 -43 0
-10 -9 -1 0
20 39 21 0
10 25 9 0
40 -10 -32 0
-6 3 -47 0
-47 28 37 0
14 -38 29 0
22 -4 46 0
-30 8 46 0
2 48 -13 0
9 -40 -14 0
37 42 25 0
23 -26 -36 0
29 43 -30 0
33 12 11 0
-37 31 9 0
-1 -4 -16 0
-5 1 47 0
13 -45 -18 0
36 31 -28 0
-26 -20 -23 0
-44 -28 43 0
47 -43 41 0
-29 -37 -5 0
-43 44 -6 0
29 -34 -7 0
12 -16 -4 0
37 -33 16 0
28 -18 22 0
5 -1 -19 0
30 -34 -8 0
37 30 31 0
39 23 -6 0
14 8 -20 0
5 17 -36 0
44 -10 -30 0
8 34 -1 0
21 -37 17 0
42 37 31 0
-41 -16 -3 0
-33 -37 -42 0
-2 47 3 0
35 -31 14 0
36 -42 -48 0
30 9 38 0
-27 4 -48 0
7 8 -3 0
34 -42 -38 0
6 -27 -42 0
-38 9 -27 0
21 13 31 0
36 -43 -44 0
-46 27 -1 0
-16 -4 26 0
-2 -5 39 0
-1 -25 43 0
45 -34 8 0
-15 -10 -29 0
-4 -13 44 0
-22 15 -45 0
4 -14 -28 0
