p 59 251
-55 -15 -22 0
-57 -17 41 0
1 40 33 0
-53 -7 -27 0
40 -27 -39 0
-7 14 52 0
-35 -29 32 0
-58 46 -23 0
-21 33 42 0
43 42 44 0
-51 36 -26 0
-39 -28 -44 0
28 50 38 0
34 -16 -59 0
-50 31 -38 0
-3 -2 -38 0
36 -24 12 0
-45 -11 -34 0
8 16 -6 0
-15 -39 8 0
-4 -55 -9 0
-54 24 -1 0
-30 -49 -59 0
-1 -48 -14 0
-42 -57 53 0
-28 59 10 0
43 -51 -57 0
-38 20 -52 0
19 10 -42 0
42 57 4 0
-55 -6 26 0
4 -10 23 0
59 -8 -32 0
58 -26 22 0
-48 14 -25 0
9 -23 31 0
29 46 -48 0
13 7 -30 0
-43 59 -45 0
-7 -43 -31 0
3 -23 -41 0
1 3 -36 0
19 -1 35 0
-8 -18 -57 0
16 -56 -50 0
-47 -55 1 0
-37 -43 5 0
31 14 -17 0
-38 54 -29 0
-43 -25 19 0
-37 49 50 0
-37 -33 -36 0
-41 -4 -20 0
1 29 38 0
47 4 36 0
-42 23 41 0
-39 11 -19 0
18 39 41 0
43 13 -26 0
59 53 37 0
-40 -38 -35 0
28 -44 -4 0
-17 49 10 0
-15 1 28 0
37 -15 11 0
-25 -34 41 0
-3 26 -45 0
5 2 50 0
47 -37 25 0
31 -49 -50 0
12 26 36 0
5 26 -6 0
-45 14 49 0
25 -2 35 0
-25 -9 -28 0
2 28 53 0
26 -55 -16 0
-5 57 -52 0
32 21 -28 0
33 -5 11 0
-20 52 33 0
-30 -48 -5 0
-2 -44 -27 0
-18 52 -29 0
59 13 26 0
23 -12 46 0
37 -54 -8 0
-33 35 46 0
34 -2 39 0
28 1 55 0
-43 1 38 0
40 5 47 0
33 -38 -23 0
17 41 15 0
-5 -16 -32 0
-44 14 -24 0
-33 6 -41 0
57 -31 -24 0
11 6 -23 0
40 -35 33 0
-46 -49 44 0
-3 36 -33 0
8 -20 -34 0
-39 59 -29 0
41 -3 -4 0
-57 -37 38 0
30 -59 8 0
35 11 -5 0
35 51 20 0
42 24 -53 0
48 -35 -53 0
25 7 -56 0
28 1 -19 0
-37 21 -43 0
-54 41 5 0
37 4 -26 0
58 43 -1 0
43 46 -32 0
26 -58 -48 0
-47 24 19 0
59 -44 55 0
-28 -53 -35 0
51 38 7 0
-4 -41 42 0
6 39 21 0
22 -20 -7 0
43 -54 -22 0
44 -22 -15 0
-49 20 -31 0
18 -17 46 0
17 38 34 0
52 33 5 0
-58 -44 39 0
18 39 33 0
35 10 19 0
59 18 -25 0
15 -33 58 0
-48 -54 -43 0
35 19 43 0
19 -31 22 0
37 58 16 0
-30 32 -40 0
47 9 27 0
22 6 -26 0
3 -18 -40 0
-43 18 41 0
27 14 26 0
-40 22 16 0
-5 -36 -1 0
-26 -54 -49 0
-26 -49 -28 0
31 -32 55 0
29 -57 -55 0
50 6 -28 0
48 27 -46 0
-9 24 -35 0
-57 14 19 0
-59 -15 -4 0
-38 -54 58 0
-48 -32 -43 0
-38 -42 -9 0
1 58 23 0
40 26 -41 0
42 -24 20 0
29 -45 -49 0
-21 -42 -25 0
-1 52 -36 0
-33 34 17 0
-14 -29 -55 0
-54 -32 -48 0
38 -10 -50 0
-40 -55 36 0
22 5 32 0
-55 -39 -59 0
-30 -3 32 0
-29 -36 31 0
-14 41 -37 0
11 -51 -36 0
11 15 -38 0
49 6 -19 0
1 -41 48 0
12 28 38 0
-56 26 46 0
15 -51 -5 0
4 -30 -51 0
25 -4 17 0
55 6 32 0
29 -33 57 0
-43 -36 58 0
-12 -18 40 0
-57 59 -54 0
12 33 5 0
-49 19 6 0
-10 -40 -17 0
24 -3 35 0
-57 -19 -45 0
44 15 26 0
-5 -13 -30 0
52 40 28 0
-26 -33 34 0
-45 -48 -49 0
46 -18 59 0
-47 -34 14 0
56 -36 57 0
-6 -45 43 0
53 -24 8 0
-6 -40 15 0
35 -4 43 0
-12 -27 6 0
44 -11 39 0
-38 -33 -30 0
-18 -58 -6 0
-31 27 15 0
-18 -52 -42 0
40 -38 -7 0
55 30 -7 0
-21 -23 -32 0
45 37 32 0
15 26 17 0
-24 -14 6 0
-20 8 56 0
21 -16 26 0
31 2 -55 0
-28 -40 36 0
10 53 -2 0
3 -23 6 0
-38 -43 -4 0
35 58 -32 0
45 9 35 0
16 -43 27 0
-51 -10 -24 0
22 -50 -43 0
-50 -11 -29 0
-5 34 -29 0
-27 -23 -37 0
-55 14 -48 0
-57 15 -36 0
25 -14 8 0
-15 47 41 0
7 59 -29 0
-35 -3 -14 0
-27 -3 -24 0
-18 -4 25 0
-37 -55 12 0
18 -40 -20 0
-43 -58 39 0
-50 27 23 0
-57 -40 -43 0
-32 -17 -5 0
-46 -17 20 0
12 -47 -13 0
