p 64 272
-62 -9 14 0
13 42 -50 0
-29 51 45 0
-46 54 -21 0
-31 28 26 0
-28 41 3 0
-55 -23 -5 0
53 -46 -28 0
33 30 3 0
7 -30 58 0
-39 -61 15 0
56 -34 4 0
-41 23 27 0
46 28 -12 0
31 -20 -53 0
-50 -20 17 0
2 -54 -59 0
-58 -39 -32 0
-64 42 48 0
-24 -39 56 0
-27 52 -39 0
-46 -64 58 0
-53 -1 -51 0
-2 16 62 0
55 -63 -41 0
-4 -58 -56 0
28 -12 1 0
8 -40 15 0
22 -14 -3 0
-5 42 60 0
52 -26 31 0
25 -13 43 0
-29 -60 -64 0
23 14 -42 0
54 -31 -52 0
44 11 -57 0
56 -43 31 0
15 -35 -29 0
-2 48 21 0
-38 -60 40 0
3 14 40 0
-39 13 -49 0
-28 36 63 0
3 56 -20 0
-23 61 -25 0
32 -35 37 0
42 -63 60 0
33 -22 13 0
-29 -14 -23 0
-39 -38 50 0
32 33 7 0
-19 -18 4 0
-34 43 7 0
-12 -44 27 0
-55 -43 -27 0
-3 -35 7 0
30 -28 -46 0
63 1 6 0
-41 -35 -19 0
31 57 49 0
61 9 -41 0
-40 24 56 0
46 -31 -14 0
-20 -48 -6 0
-53 9 -51 0
-45 -24 -56 0
57 -49 -8 0
-25 -4 -42 0
-3 16 34 0
22 -20 -42 0
-29 46 -6 0
20 -62 -10 0
64 37 -1 0
-19 58 -56 0
-34 49 -7 0
29 18 -59 0
-62 -43 -42 0
-31 30 -61 0
-36 56 38 0
17 33 -4 0
31 -51 17 0
12 42 50 0
12 59 38 0
47 45 55 0
60 54 64 0
47 44 -26 0
63 -16 14 0
-63 52 62 0
24 60 -62 0
40 -18 -51 0
-8 4 -43 0
-50 -38 62 0
46 38 23 0
6 57 28 0
62 39 -35 0
33 59 49 0
-37 38 11 0
-61 -62 -33 0
30 58 63 0
12 -50 61 0
-4 -21 10 0
30 -18 53 0
2 21 59 0
33 7 48 0
63 31 22 0
-27 59 -52 0
18 23 40 0
-51 37 53 0
3 -1 -41 0
-20 -49 36 0
-29 -15 -46 0
59 -24 10 0
42 6 -62 0
-39 -45 63 0
37 -56 -38 0
-17 21 -3 0
44 63 28 0
7 35 1 0
-15 21 54 0
-8 -38 -36 0
4 36 47 0
-39 -28 45 0
-57 19 36 0
-4 37 -25 0
30 -35 25 0
5 -3 -17 0
-40 -62 -49 0
32 -7 -43 0
13 -18 37 0
13 57 7 0
3 -23 -64 0
-11 -42 -3 0
60 -52 -29 0
-51 37 31 0
24 13 31 0
-43 54 -9 0
16 -11 41 0
-39 -32 30 0
-3 56 10 0
33 28 -26 0
-20 7 34 0
8 -2 13 0
-29 -34 -11 0
55 -41 -6 0
23 -24 -14 0
-34 -5 -10 0
7 -45 28 0
-20 46 34 0
-33 -59 -21 0
64 31 -29 0
-28 -31 24 0
-17 -2 -40 0
-49 -62 -14 0
40 -21 -10 0
-16 -13 -1 0
4 42 -15 0
-63 11 -38 0
6 -61 -1 0
-2 -8 50 0
58 -27 -60 0
-33 -55 28 0
-42 44 47 0
59 22 16 0
30 -22 37 0
-57 -23 -14 0
10 43 -26 0
30 5 -10 0
-39 -3 9 0
-49 29 16 0
10 -25 -39 0
22 -31 -25 0
27 -50 21 0
35 41 59 0
2 28 -38 0
-9 39 11 0
7 -26 43 0
-36 -31 58 0
55 1 -38 0
4 -43 -19 0
39 5 -16 0
-25 -34 -57 0
-25 47 -26 0
5 -40 8 0
-17 -5 -41 0
-47 36 -35 0
30 -9 49 0
-34 57 30 0
-62 -1 31 0
25 -41 -2 0
42 40 -10 0
-5 -51 45 0
3 11 -51 0
26 -17 56 0
-15 -64 36 0
-22 -31 -38 0
-5 -25 18 0
11 8 34 0
-48 57 21 0
34 -35 -51 0
-60 49 -5 0
53 -22 -30 0
15 -50 -22 0
44 35 -3 0
22 -18 -12 0
-46 -50 -19 0
18 54 -40 0
-61 -38 -50 0
2 36 56 0
20 -57 -30 0
45 60 20 0
-4 -29 14 0
3 -9 -56 0
16 -23 29 0
-57 -26 -32 0
58 -18 35 0
53 44 -63 0
-6 -62 -52 0
-12 -20 -31 0
51 -58 36 0
-61 -21 -56 0
-43 32 -6 0
21 7 17 0
-26 -47 -46 0
15 -50 -64 0
14 -13 -20 0
28 20 -31 0
33 8 -51 0
-55 -53 -6 0
-8 17 -10 0
31 60 -5 0
42 -27 -39 0
57 -24 -4 0
32 17 40 0
10 37 -16 0
18 -42 60 0
44 8 -33 0
57 -47 -17 0
-22 46 -60 0
45 47 10 0
-28 -19 -62 0
-40 28 -43 0
-7 2 59 0
43 34 -27 0
-52 -27 -19 0
12 21 36 0
17 -1 12 0
-6 60 -20 0
-42 18 -10 0
10 -58 -23 0
7 -31 -36 0
3 33 -53 0
-62 13 34 0
44 42 64 0
-10 54 28 0
12 -19 24 0
13 -58 60 0
-37 -2 43 0
64 50 42 0
46 -28 16 0
42 -16 -59 0
-45 -7 9 0
25 -40 -31 0
-37 5 17 0
-9 7 -51 0
8 -2 9 0
52 -64 13 0
-1 -60 26 0
-20 -61 -23 0
19 -35 41 0
12 -20 -49 0
54 -41 -5 0
-51 -3 -59 0
