p 21 89
-13 -19 -12 0
-21 -17 -14 0
20 4 10 0
9 -2 12 0
4 -13 -20 0
-18 20 9 0
-7 16 9 0
5 -17 7 0
-12 -16 -7 0
-21 15 14 0
8 14 -3 0
-13 -6 -16 0
13 -10 -16 0
-10 13 -11 0
15 13 -17 0
12 -2 8 0
-11 21 1 0
12 3 -1 0
-8 9 20 0
-2 10 6 0
17 9 -7 0
20 -13 19 0
-5 -18 -13 0
-1 -11 -6 0
-14 10 -11 0
-16 -5 2 0
-9 12 -15 0
9 13 14 0
19 -3 -4 0
18 21 16 0
12 14 -17 0
-10 21 7 0
2 -9 -14 0
-19 10 -13 0
5 -16 3 0
-17 -9 -8 0
10 4 -17 0
-2 8 -15 0
5 -11 16 0
17 -8 18 0
11 4 -12 0
9 14 -15 0
18 -1 -11 0
-8 19 4 0
-17 11 -2 0
-12 -3 -5 0
-21 7 11 0
-11 -4 21 0
14 -6 10 0
-7 9 -16 0
11 7 9 0
5 -1 6 0
16 -7 13 0
1 -18 -20 0
-8 3 14 0
-13 -9 12 0
-15 8 3 0
-20 13 8 0
2 6 10 0
19 -6 3 0
13 16 2 0
-11 -3 -4 0
5 -11 6 0
-21 -19 -15 0
-16 19 -20 0
11 -19 -12 0
17 15 12 0
-15 -4 12 0
21 13 -7 0
1 15 16 0
-16 18 1 0
-3 -12 2 0
12 -14 -6 0
-2 20 8 0
21 -17 3 0
-2 5 4 0
5 -10 6 0
-6 17 11 0
-20 -18 -15 0
-13 10 -4 0
-16 20 -8 0
-13 17 4 0
17 4 -14 0
-2 9 16 0
11 7 15 0
6 -10 -19 0
12 -16 20 0
9 -16 -12 0
-18 4 13 0
