p 63 268
27 40 28 0
62 -30 -12 0
-39 -56 5 0
2 -7 -28 0
-15 1 20 0
30 28 49 0
-57 -29 -41 0
40 9 42 0
50 -13 42 0
-15 3 30 0
-32 -56 41 0
-18 24 -31 0
16 26 62 0
59 -7 34 0
-10 2 50 0
28 53 -24 0
52 -8 50 0
-52 -60 20 0
-31 38 -60 0
-11 -15 1 0
28 -20 -3 0
-43 -11 -37 0
-62 -36 -55 0
2 7 -48 0
-35 -7 32 0
-50 6 -15 0
-32 -8 42 0
-54 -48 33 0
-54 -35 -5 0
18 -59 -25 0
-25 -33 -22 0
-44 -35 -25 0
-61 58 -31 0
-61 -19 21 0
42 -57 -18 0
21 37 -22 0
29 2 -27 0
8 54 -13 0
-57 22 -61 0
-34 -45 39 0
-22 49 9 0
24 -14 -35 0
24 56 58 0
-5 47 -46 0
-27 -44 -34 0
-24 -34 -25 0
6 -40 21 0
-58 14 -25 0
38 36 -24 0
15 -62 1 0
13 9 -1 0
-46 53 -45 0
24 43 -26 0
-23 35 -25 0
61 -49 8 0
57 45 -8 0
-43 42 41 0
63 16 -39 0
-54 63 -37 0
56 23 -61 0
-38 -8 28 0
41 2 60 0
-60 -38 51 0
14 62 -4 0
5 -38 54 0
-7 45 -33 0
29 -61 44 0
-30 28 -25 0
-37 -8 -43 0
51 49 48 0
-40 -41 -2 0
31 11 3 0
37 36 -16 0
-39 -11 16 0
33 28 -57 0
-14 -24 61 0
32 22 -21 0
13 39 -47 0
20 61 -1 0
-59 -14 44 0
-61 -51 4 0
10 63 -45 0
-11 19 -7 0
-43 -52 49 0
1 27 -3 0
56 25 -48 0
37 44 50 0
55 -38 21 0
-4 10 21 0
32 -10 -51 0
32 47 -44 0
29 -17 59 0
25 -46 -6 0
16 7 -14 0
-21 7 -60 0
26 11 47 0
-30 -56 7 0
-25 -14 40 0
-54 -12 -60 0
49 27 63 0
8 33 -18 0
27 -40 8 0
61 -1 55 0
-54 20 61 0
59 56 40 0
-37 -46 -12 0
-8 -19 -6 0
-5 -13 38 0
-26 -49 -46 0
43 -45 9 0
-24 -45 -25 0
-37 38 40 0
20 18 -53 0
51 15 -13 0
-25 -40 9 0
9 -55 39 0
26 6 57 0
-11 46 -58 0
11 -27 9 0
51 44 14 0
5 -24 36 0
1 -40 -38 0
7 -13 60 0
20 -35 17 0
55 49 -61 0
51 -52 -31 0
-31 36 -29 0
-16 48 -27 0
-41 -36 14 0
47 22 8 0
-42 12 40 0
-40 -30 -9 0
-60 50 -20 0
-57 40 60 0
15 -28 23 0
51 -13 46 0
34 7 -55 0
44 -24 42 0
55 -11 -62 0
43 18 -17 0
58 6 -26 0
22 -10 18 0
34 12 62 0
-6 43 -49 0
-56 -48 9 0
11 -47 12 0
33 48 29 0
10 -47 2 0
60 20 51 0
32 -34 11 0
43 -19 42 0
-51 -24 -12 0
55 31 -2 0
7 29 59 0
-45 -57 5 0
-48 -33 37 0
-45 1 -46 0
14 -3 -62 0
44 39 -16 0
58 -24 -5 0
34 -4 -39 0
34 -26 15 0
-19 43 40 0
39 -30 -4 0
5 50 33 0
-50 33 -51 0
40 3 59 0
7 -51 -57 0
-14 -2 -55 0
19 -52 -24 0
56 -63 59 0
-1 -47 -4 0
-59 4 51 0
-50 53 59 0
8 -25 -57 0
-54 -3 61 0
-49 14 -63 0
48 10 -27 0
-28 -22 -7 0
57 -10 -23 0
-15 45 35 0
-41 35 -53 0
52 -16 54 0
-51 58 -33 0
31 -27 -4 0
-9 12 57 0
-60 -5 -10 0
52 22 -16 0
-44 -12 -39 0
-44 38 -61 0
31 -51 32 0
-49 -58 -41 0
57 31 34 0
54 53 25 0
26 -45 -61 0
-39 24 61 0
39 38 26 0
-42 43 -55 0
-10 -60 -46 0
25 -54 37 0
-24 35 53 0
-9 -59 44 0
10 -34 -12 0
-41 -19 20 0
-12 -33 61 0
-39 -50 -40 0
-3 5 -41 0
-57 -55 34 0
2 -9 -59 0
32 39 -24 0
8 44 15 0
38 -22 -48 0
19 -53 44 0
-59 -53 3 0
58 22 -43 0
61 2 -49 0
22 -37 -14 0
-20 -27 -33 0
-27 -24 -26 0
32 -7 51 0
-9 13 58 0
13 19 -44 0
-27 18 42 0
39 -52 25 0
10 51 -29 0
-61 -23 -39 0
-42 -59 63 0
1 11 -62 0
19 -38 20 0
-30 59 37 0
-62 16 -46 0
28 -37 11 0
43 -18 7 0
57 -50 8 0
3 7 -42 0
-20 48 -29 0
-49 50 -4 0
7 19 47 0
32 14 56 0
-20 39 -31 0
-17 -29 33 0
48 9 -13 0
-53 27 18 0
9 -18 42 0
4 38 55 0
58 35 -11 0
38 -9 -16 0
-37 -10 -43 0
-9 19 53 0
16 -29 -60 0
-44 -51 5 0
33 -10 3 0
37 5 -19 0
-1 48 -12 0
-24 -59 -4 0
-43 -60 -27 0
-42 15 21 0
-58 -34 -41 0
-30 -47 9 0
47 38 8 0
18 20 -47 0
-51 48 56 0
20 -61 -3 0
7 -9 -51 0
-8 -15 6 0
19 31 -11 0
18 26 -17 0
-48 30 63 0
