p 36 153
-3 -25 -36 0
-1 -21 -26 0
-21 -12 -13 0
34 -7 -4 0
-2 15 5 0
-9 -29 6 0
2 -24 29 0
23 34 -27 0
14 -30 31 0
-18 36 -22 0
7 -9 15 0
-34 -24 13 0
30 23 -32 0
23 16 -5 0
-36 20 -14 0
-34 -24 -18 0
30 -2 36 0
-19 -14 4 0
10 -9 30 0
-21 -27 -10 0
-20 -2 -33 0
-34 -16 12 0
-15 14 22 0
-11 -6 3 0
28 -34 32 0
-32 -8 30 0
-33 -11 6 0
29 30 -7 0
-32 13 -3 0
-10 -24 -11 0
18 19 -29 0
18 1 23 0
23 24 12 0
34 -20 -3 0
26 16 -31 0
29 2 28 0
-17 23 15 0
31 4 -20 0
13 -15 1 0
35 29 -5 0
-29 -33 21 0
-14 -28 19 0
-15 10 23 0
-20 -30 32 0
12 10 25 0
-30 -34 -14 0
-21 -12 -8 0
-30 -1 -12 0
30 36 29 0
28 3 20 0
31 10 34 0
-7 -35 8 0
9 21 13 0
36 -21 11 0
-16 -15 10 0
13 35 5 0
-27 -12 3 0
-24 10 -4 0
-26 22 -31 0
7 -9 16 0
-20 8 13 0
-32 21 -31 0
23 36 17 0
27 -22 -5 0
9 -35 -17 0
8 -20 -22 0
-27 33 -19 0
-29 -14 18 0
-36 19 21 0
12 -27 6 0
-32 -27 9 0
-36 18 23 0
32 11 23 0
-9 -31 16 0
5 18 -26 0
17 11 -23 0
-23 -4 7 0
-36 -17 15 0
-4 30 -23 0
-27 13 3 0
1 29 -34 0
-28 14 -29 0
-5 21 29 0
-15 -23 14 0
30 7 -28 0
20 -14 25 0
-21 26 9 0
-22 23 34 0
31 25 -4 0
21 -10 -26 0
30 -2 -11 0
-33 -9 18 0
1 -26 -30 0
32 -34 14 0
3 34 16 0
-21 8 -3 0
36 11 1 0
-27 -18 33 0
-13 20 -32 0
34 -8 -3 0
5 -13 33 0
-2 -29 -7 0
22 35 -7 0
14 17 -24 0
-3 18 -19 0
14 10 23 0
-23 -5 -35 0
12 20 9 0
-28 -16 31 0
-27 6 34 0
-2 -19 -3 0
-19 6 11 0
8 23 29 0
-32 -20 1 0
-20 19 -25 0
29 12 36 0
13 6 -22 0
-11 18 -33 0
3 -32 33 0
-15 22 29 0
-35 -21 8 0
-28 -23 31 0
35 -1 -17 0
-31 10 13 0
-19 17 -10 0
11 27 -34 0
5 2 23 0
-31 19 28 0
6 19 1 0
7 16 -9 0
-27 -33 29 0
35 -4 9 0
35 -4 30 0
-24 9 17 0
-19 35 22 0
-24 -36 -33 0
12 -14 -23 0
4 -5 -25 0
12 -35 -17 0
-22 -36 -31 0
-15 -8 -16 0
15 -32 12 0
-2 -20 -26 0
26 -10 -13 0
-21 29 -2 0
5 -20 -3 0
-7 14 31 0
15 -2 26 0
10 13 6 0
32 14 23 0
15 -2 36 0
-32 -3 -17 0
-8 9 -12 0
