p 99 421
54 -28 2 0
-21 26 -43 0
61 88 34 0
37 -65 27 0
-69 -41 -82 0
-38 -94 -82 0
-45 -21 -49 0
6 39 82 0
-24 -16 43 0
15 -56 -75 0
-34 -82 27 0
68 64 -88 0
-34 -69 -67 0
19 -93 39 0
-13 21 -85 0
-18 -64 29 0
-61 4 -78 0
-64 -62 -35 0
41 -6 50 0
5 37 -92 0
-43 -8 -47 0
-96 -72 -89 0
63 -36 92 0
-2 90 56 0
-39 -16 -82 0
83 -59 12 0
48 79 -30 0
-13 -23 24 0
55 70 16 0
33 62 97 0
26 5 38 0
-88 21 26 0
-7 3 20 0
-68 -52 30 0
20 -92 95 0
-21 -68 38 0
-68 -59 44 0
-17 -18 -46 0
11 31 26 0
84 -12 48 0
-19 93 1 0
-54 -93 66 0
-65 74 1 0
-64 -78 -61 0
-89 69 -2 0
-70 -87 97 0
-42 -40 24 0
-38 48 44 0
-57 -21 30 0
53 -79 3 0
5 -41 4 0
61 -1 92 0
94 40 -20 0
-61 10 -66 0
55 -48 16 0
34 -57 92 0
21 -47 -99 0
-51 92 56 0
-60 92 -74 0
38 -54 92 0
-12 22 15 0
11 -82 21 0
6 37 -79 0
-96 -35 -31 0
1 98 -2 0
-40 -85 67 0
10 45 60 0
-48 97 -1 0
6 33 -73 0
-77 -21 -90 0
-85 -25 -61 0
59 -91 82 0
-45 -9 -29 0
85 -43 73 0
-68 -97 -79 0
-63 53 52 0
45 -29 -87 0
-81 -80 -91 0
97 64 54 0
51 48 31 0
95 -6 -21 0
-1 71 52 0
66 4 -71 0
-21 56 -13 0
-34 -98 -61 0
-41 22 -59 0
-75 77 -42 0
12 66 3 0
33 -22 66 0
11 -30 -69 0
33 53 -30 0
63 -46 -75 0
-34 44 78 0
-24 78 89 0
83 19 48 0
-83 62 85 0
5 -59 63 0
-4 36 6 0
15 -29 -44 0
-50 83 78 0
-97 -18 42 0
79 -31 17 0
-68 -25 -64 0
-54 -58 -44 0
97 -6 -72 0
9 -58 42 0
39 11 -63 0
26 78 -39 0
72 -59 25 0
8 -19 -14 0
-80 -11 78 0
-41 -52 -83 0
66 45 -72 0
-28 -70 51 0
-34 49 73 0
66 24 10 0
79 -71 -81 0
35 -5 -50 0
-44 85 73 0
-18 59 96 0
-87 -46 22 0
24 95 -32 0
75 -72 43 0
-75 38 12 0
50 21 -57 0
-69 79 33 0
50 17 59 0
55 -5 16 0
-82 35 86 0
-11 -96 -85 0
84 -39 45 0
-77 -11 75 0
-85 34 -74 0
-60 -42 33 0
42 -95 24 0
-5 -44 53 0
-33 93 -69 0
-63 29 -49 0
-77 -29 93 0
62 88 -56 0
-68 -52 -27 0
59 -62 20 0
-85 23 -17 0
36 -86 96 0
-50 -37 -69 0
85 -22 64 0
6 -11 13 0
-17 -95 -55 0
-37 70 -3 0
-97 54 37 0
-77 -51 28 0
39 -36 -61 0
9 -20 -98 0
54 -63 67 0
-74 -76 32 0
-58 43 95 0
70 9 56 0
86 11 -29 0
-18 89 -4 0
74 -6 -50 0
28 32 -61 0
98 8 57 0
-71 -79 22 0
31 -9 75 0
-4 -3 -81 0
35 -79 -65 0
-70 -38 8 0
68 -19 -99 0
-81 -34 60 0
-42 71 47 0
-26 4 96 0
14 -18 88 0
8 -10 26 0
-24 65 48 0
56 -94 78 0
-28 -23 -54 0
-29 -32 94 0
-83 -3 -30 0
77 -3 72 0
-38 25 -77 0
-45 -11 92 0
-76 46 92 0
-21 -67 60 0
88 -57 39 0
-50 79 -33 0
61 3 -93 0
5 -12 -90 0
-43 -1 -21 0
66 -7 -69 0
-41 89 -88 0
72 -48 37 0
-85 -13 -4 0
-6 63 13 0
72 5 51 0
-97 -81 87 0
-5 -93 30 0
50 58 -48 0
11 -13 76 0
84 52 -4 0
29 53 -30 0
-57 -78 -96 0
50 46 30 0
-22 64 41 0
-32 68 -41 0
21 66 87 0
-31 -22 -9 0
-43 78 -96 0
53 49 -3 0
99 -23 -19 0
49 -73 66 0
-47 40 46 0
18 95 47 0
-76 50 19 0
2 27 6 0
-12 -46 -20 0
-94 34 -73 0
35 75 -66 0
-39 -5 -53 0
-66 1 -65 0
-40 55 26 0
-91 -61 -19 0
86 53 -56 0
-75 66 28 0
77 -92 -4 0
26 -96 88 0
-80 63 -68 0
-40 84 22 0
-77 10 60 0
-99 27 -14 0
10 -43 61 0
19 29 61 0
-51 89 -17 0
59 -12 -55 0
-99 -26 -28 0
17 55 -88 0
32 -82 -54 0
-17 99 -93 0
-61 -6 21 0
91 -38 -52 0
99 30 -75 0
-47 -22 -62 0
-39 38 13 0
67 68 -55 0
64 22 53 0
76 -41 94 0
-64 17 39 0
-94 29 -26 0
-95 -16 3 0
11 91 -78 0
-70 80 -84 0
27 -1 26 0
13 64 -35 0
-5 10 -81 0
-88 10 -86 0
-39 -3 46 0
95 87 -65 0
52 93 -16 0
56 23 -28 0
-35 -11 12 0
70 82 29 0
-49 -1 -55 0
67 -6 59 0
42 -36 19 0
85 -93 -46 0
79 -92 45 0
50 90 -26 0
40 12 -18 0
73 64 23 0
91 -5 -9 0
12 66 92 0
-58 -61 -15 0
52 44 5 0
-94 -49 -39 0
-4 -61 69 0
-55 -72 73 0
99 -42 -27 0
-78 26 88 0
-43 45 -29 0
95 11 26 0
72 -73 -20 0
6 -32 16 0
-14 59 62 0
59 -16 -62 0
-88 25 52 0
70 21 -73 0
51 26 72 0
-98 93 85 0
-46 77 -81 0
94 83 -3 0
-66 -20 -29 0
91 76 20 0
-20 -47 -22 0
-6 29 7 0
54 -95 73 0
39 71 -81 0
59 -41 -17 0
-77 -78 55 0
-87 85 -53 0
-30 21 -7 0
7 6 -95 0
28 -92 -83 0
-55 -4 10 0
-86 -56 18 0
5 69 40 0
73 71 -8 0
-11 -39 -16 0
78 -84 93 0
-62 2 -4 0
-17 -87 16 0
-78 -40 65 0
-29 50 -99 0
4 -61 -27 0
63 73 79 0
27 -25 76 0
51 90 28 0
8 -76 11 0
-29 40 98 0
84 -6 -44 0
21 14 60 0
-3 -46 -49 0
-8 -88 20 0
-46 -95 30 0
-47 48 27 0
-38 88 48 0
49 22 86 0
-43 -9 -57 0
-89 93 71 0
-32 40 -73 0
57 30 36 0
25 42 -54 0
25 13 -33 0
-59 -27 33 0
-20 6 -64 0
16 91 -93 0
-7 39 63 0
-32 96 38 0
94 23 3 0
-51 -57 73 0
-67 -87 -86 0
-80 -86 66 0
-76 -6 -95 0
-48 92 97 0
-85 34 36 0
-27 -85 -19 0
-18 -27 -72 0
17 45 29 0
26 -48 88 0
68 -53 24 0
79 -56 -11 0
24 -56 -76 0
48 -32 14 0
-8 39 -31 0
-25 36 -35 0
-69 -82 36 0
56 -57 30 0
-81 -3 -71 0
-13 -15 47 0
45 -9 43 0
-41 51 39 0
73 41 -89 0
39 94 -33 0
26 92 18 0
94 -29 -6 0
-16 72 4 0
-36 29 -72 0
83 98 2 0
-67 32 7 0
-12 -53 -95 0
25 -4 -84 0
-29 -93 -4 0
-57 92 -64 0
-73 60 12 0
-39 70 40 0
90 -70 15 0
28 -50 -32 0
83 6 33 0
28 77 40 0
-90 92 -73 0
-44 2 -29 0
-5 75 -64 0
-23 -53 58 0
-15 65 -89 0
-93 54 47 0
16 -91 -13 0
-51 -13 -31 0
-71 -61 -30 0
92 43 -53 0
65 36 -6 0
64 -80 61 0
45 -40 -79 0
-42 -81 35 0
7 -15 59 0
18 20 24 0
72 56 -15 0
20 -99 -31 0
-83 11 77 0
-71 -79 65 0
-68 -99 -58 0
-62 -5 15 0
30 -9 -96 0
-44 -12 -26 0
-36 1 51 0
18 27 80 0
-32 -48 91 0
77 59 -42 0
36 38 2 0
-8 -62 71 0
-93 -31 -46 0
99 75 41 0
-16 72 5 0
-66 -61 -3 0
-74 82 -50 0
-24 -47 98 0
-22 13 -35 0
-4 -48 83 0
71 7 72 0
3 21 -34 0
4 -67 -63 0
-38 -16 -4 0
-4 -60 -73 0
37 6 -9 0
