p 41 174
32 -34 2 0
-33 17 23 0
34 41 -37 0
10 20 -37 0
-21 10 -3 0
-31 -19 -28 0
23 -36 11 0
-19 -40 38 0
20 -30 -38 0
-22 -4 -1 0
36 33 -12 0
-6 -19 -10 0
30 -29 3 0
10 37 3 0
-12 -34 21 0
31 12 -38 0
-30 24 -27 0
-1 20 -37 0
1 -8 9 0
6 8 40 0
-15 35 -21 0
16 1 -2 0
-37 -41 36 0
32 31 10 0
-23 -20 19 0
28 -15 -22 0
19 7 3 0
-1 -28 -38 0
32 -22 -33 0
31 13 -22 0
-27 36 -25 0
-26 -17 5 0
20 -37 -39 0
14 -19 -2 0
13 35 7 0
19 -24 25 0
-15 -41 31 0
6 -18 36 0
-24 -17 31 0
10 -21 -24 0
32 19 -12 0
-40 -35 -1 0
19 25 22 0
-31 -4 -33 0
-9 -3 12 0
-39 -34 7 0
40 21 34 0
28 15 3 0
-29 3 -14 0
12 -15 -27 0
23 36 -38 0
34 24 31 0
-17 -29 14 0
6 -18 -26 0
-17 23 -15 0
-20 -19 -9 0
-25 14 9 0
-28 -7 22 0
27 41 15 0
22 10 -35 0
10 -36 -3 0
-16 21 -12 0
37 18 -36 0
35 -37 -21 0
-21 -16 -40 0
-36 -21 -39 0
19 26 17 0
-19 7 6 0
33 -17 37 0
-14 -11 -15 0
18 5 -9 0
-41 32 36 0
-27 26 11 0
35 -40 -14 0
27 11 9 0
2 20 14 0
-14 -23 19 0
-4 31 -20 0
41 25 -15 0
5 40 27 0
-26 -19 -1 0
10 9 -39 0
41 14 -27 0
14 -34 2 0
38 20 -33 0
10 39 29 0
-10 32 -6 0
-34 -21 -39 0
-19 23 32 0
28 -29 8 0
6 -18 -39 0
-31 -2 1 0
-32 21 -2 0
33 21 9 0
9 12 -17 0
24 -27 -36 0
21 -27 -36 0
-16 -2 -22 0
-4 -19 29 0
-11 28 10 0
19 -38 -21 0
35 33 38 0
-37 8 -29 0
8 -11 16 0
-2 41 16 0
36 -9 -34 0
16 -11 -26 0
-2 -26 -25 0
-16 17 12 0
-18 -11 -34 0
-16 -39 38 0
6 -21 -8 0
7 -8 22 0
38 9 31 0
36 -38 -6 0
20 29 9 0
-20 3 -19 0
14 -22 -25 0
22 -21 -14 0
-34 -32 -40 0
40 3 -20 0
-28 27 19 0
-5 25 -8 0
-26 9 -25 0
41 26 31 0
-1 7 2 0
-40 -9 -33 0
-6 -1 -30 0
-35 41 -36 0
38 -9 -10 0
-14 18 -17 0
-34 -8 2 0
-14 -15 12 0
-13 -8 -6 0
-37 -7 -12 0
-28 -26 -39 0
41 -3 33 0
36 -15 26 0
3 26 -23 0
-16 -27 10 0
1 -23 35 0
-36 -10 23 0
-8 -32 -12 0
-29 40 27 0
-36 7 -27 0
-25 3 28 0
3 4 18 0
37 8 -35 0
37 -27 -4 0
-38 28 -27 0
-18 9 12 0
7 13 2 0
41 30 -2 0
-31 36 -40 0
-3 13 -17 0
4 -21 24 0
28 6 -24 0
22 -24 6 0
-24 -35 -34 0
-17 -15 40 0
-4 -15 -10 0
1 -30 -6 0
4 -18 30 0
-34 -10 -7 0
15 1 21 0
23 -19 -11 0
-25 9 4 0
32 -30 -41 0
-9 -15 29 0
-29 13 6 0
33 -16 3 0
-2 -9 7 0
29 -13 -18 0
-29 -15 -16 0
