p 95 404
94 78 63 0
-35 66 58 0
-34 79 80 0
-73 -91 -65 0
-89 25 -28 0
95 -19 -86 0
30 17 -93 0
-44 81 -6 0
32 -60 -6 0
-86 -4 8 0
-93 -54 63 0
-48 -24 -10 0
-74 39 80 0
-2 -84 -5 0
-56 -34 -20 0
25 89 17 0
56 -20 70 0
-48 54 16 0
69 -27 -28 0
88 -66 -20 0
-52 -90 85 0
-16 -12 18 0
66 10 54 0
-46 -50 20 0
91 -67 -51 0
11 77 -49 0
63 8 39 0
12 80 -55 0
-60 -66 61 0
-63 36 -37 0
70 -91 59 0
-39 36 46 0
-35 -8 10 0
9 71 -43 0
-30 -39 56 0
-67 39 -10 0
94 73 33 0
-79 -60 43 0
-49 62 12 0
4 -67 -83 0
25 34 -54 0
57 40 66 0
-46 -4 -12 0
87 -6 45 0
69 -22 82 0
81 8 -42 0
-8 -4 87 0
-45 44 72 0
-33 71 79 0
66 -52 -69 0
93 66 76 0
-24 5 17 0
-23 18 -73 0
-87 -33 -46 0
-10 47 -16 0
18 91 27 0
-6 51 54 0
73 52 24 0
-30 76 22 0
-29 11 80 0
57 -62 -95 0
-65 -23 50 0
-42 -51 -44 0
-61 16 91 0
90 -1 65 0
-2 69 -70 0
38 18 61 0
11 -31 66 0
43 7 12 0
-47 -10 62 0
-20 72 63 0
-76 32 54 0
-73 32 -68 0
-65 -30 70 0
-50 -78 48 0
-95 85 -69 0
-81 -19 -36 0
-62 84 -89 0
39 -64 36 0
83 -43 4 0
-32 -74 93 0
54 -23 73 0
75 68 24 0
91 59 73 0
-84 -50 -71 0
80 74 47 0
-72 78 94 0
57 42 64 0
14 -44 70 0
29 55 -39 0
-23 -89 -10 0
-6 33 5 0
52 -95 6 0
-74 -85 41 0
73 43 58 0
91 -17 7 0
-42 -85 40 0
-32 -73 13 0
58 80 17 0
33 -27 -91 0
-80 36 -94 0
25 -22 70 0
-25 -63 -90 0
-66 83 61 0
94 -77 -41 0
44 -30 -65 0
-30 -8 -94 0
-69 -9 10 0
4 -18 -92 0
76 -72 -85 0
-4 94 78 0
-50 32 88 0
-85 15 93 0
40 -65 -8 0
-32 76 -44 0
-85 60 -65 0
-23 95 -87 0
-77 -4 -8 0
-84 -52 -23 0
-91 -2 -5 0
86 70 -52 0
-36 42 -39 0
10 81 59 0
-24 -72 -6 0
49 77 -53 0
-9 -80 50 0
94 67 -16 0
-64 21 -29 0
-49 -41 79 0
14 88 -38 0
30 49 -15 0
-12 86 61 0
77 -64 23 0
-85 -8 20 0
-49 -77 -60 0
-42 -52 43 0
91 5 76 0
-95 -68 73 0
78 86 -3 0
-19 -76 -77 0
60 -23 -89 0
-34 70 38 0
-48 -81 34 0
46 51 -58 0
73 80 -23 0
84 7 -54 0
-39 -80 -17 0
-45 78 -32 0
3 37 27 0
-54 53 -87 0
-55 -3 18 0
8 94 -29 0
47 -71 87 0
-65 69 -40 0
65 94 -78 0
80 -82 -19 0
40 -72 -31 0
-43 2 68 0
37 9 30 0
-22 2 -11 0
-31 -68 14 0
64 -19 83 0
60 65 26 0
-17 -22 74 0
70 46 -68 0
3 -94 49 0
95 47 -18 0
-74 -8 -58 0
94 -64 30 0
-64 33 54 0
43 66 41 0
23 48 -18 0
38 -60 46 0
-59 36 -81 0
78 26 -61 0
-27 -33 43 0
10 -26 60 0
-70 81 -2 0
20 -78 -52 0
11 -54 -76 0
82 -34 22 0
82 -5 23 0
50 40 -63 0
-75 45 -79 0
-43 65 67 0
74 -60 -24 0
84 -34 23 0
-7 -17 95 0
-70 94 64 0
44 -20 -8 0
92 -25 -41 0
48 5 86 0
24 -11 -59 0
92 -46 -38 0
-29 62 -72 0
80 -60 33 0
-75 84 -1 0
94 -63 -57 0
-90 58 83 0
88 66 73 0
-89 18 -38 0
-81 4 -33 0
18 -6 47 0
-55 -5 87 0
26 -42 91 0
17 7 53 0
-65 -81 16 0
-60 28 76 0
-26 -78 -1 0
26 -77 -78 0
-23 88 57 0
92 -41 -64 0
92 24 -51 0
46 -4 34 0
65 40 -83 0
2 -83 -15 0
-12 -5 76 0
63 -76 -8 0
91 74 76 0
39 64 10 0
-51 -73 65 0
-14 6 -83 0
-81 -40 -61 0
60 -56 95 0
25 19 32 0
-54 -22 -80 0
16 -95 -75 0
-27 -78 -54 0
-67 42 -4 0
-3 -72 82 0
-36 -84 -15 0
-87 -44 82 0
91 57 -79 0
-78 87 5 0
18 41 45 0
-73 26 -38 0
66 51 -32 0
25 53 94 0
93 -9 -27 0
-73 42 -66 0
-35 -64 -24 0
-93 21 -67 0
95 51 47 0
21 57 86 0
70 22 57 0
87 -84 24 0
-58 4 -63 0
93 3 54 0
-42 -8 -57 0
18 38 28 0
-36 -46 21 0
-78 94 13 0
-76 12 -40 0
-1 -56 -71 0
94 18 -28 0
-35 -30 -18 0
62 68 -5 0
81 62 -50 0
-89 -63 20 0
18 79 54 0
-9 52 -91 0
53 -93 -85 0
-26 -83 -62 0
71 87 13 0
34 1 41 0
73 -59 86 0
-14 30 5 0
85 50 67 0
92 66 -89 0
44 68 -39 0
-78 70 92 0
-15 -88 36 0
42 26 -20 0
-83 1 -82 0
-20 -8 35 0
45 26 -85 0
51 88 -14 0
-76 -8 92 0
-31 46 72 0
-93 -14 -66 0
-36 -56 26 0
56 -33 -51 0
-64 -16 -27 0
2 46 88 0
-35 19 -65 0
-40 -16 89 0
28 82 -52 0
42 76 -73 0
-75 73 28 0
-59 72 71 0
-31 63 50 0
-5 87 83 0
-26 -34 -62 0
48 -6 62 0
20 -56 66 0
44 36 -93 0
40 -19 -78 0
-39 -20 -36 0
-89 75 54 0
43 -46 -89 0
44 53 -29 0
-85 55 -29 0
18 36 -38 0
53 -72 16 0
-55 37 -62 0
-35 -44 50 0
45 -68 46 0
-40 29 -92 0
9 92 -43 0
-43 41 21 0
56 -61 -52 0
61 7 -85 0
59 -43 -92 0
4 67 -85 0
-7 -83 64 0
14 -51 58 0
37 58 -31 0
78 -19 -39 0
-48 -34 3 0
7 65 28 0
-8 -75 -82 0
8 2 86 0
-50 -89 -62 0
12 87 -78 0
-63 -46 -22 0
-38 -64 -31 0
-87 80 83 0
4 -72 -42 0
90 32 -30 0
-50 28 47 0
-1 -54 82 0
-28 -24 88 0
69 48 5 0
88 29 -70 0
-7 -95 -54 0
40 -85 72 0
65 -58 -60 0
-45 -53 -34 0
-72 69 -84 0
15 19 -80 0
-71 69 -25 0
-22 35 55 0
88 49 -19 0
-28 -36 -48 0
71 67 -55 0
-15 -52 -69 0
43 16 44 0
53 -46 2 0
-48 49 75 0
38 11 -45 0
-24 78 36 0
12 69 -57 0
-86 -27 -2 0
-90 -68 -86 0
61 58 5 0
-15 93 1 0
72 -84 -18 0
31 87 -51 0
16 84 -35 0
32 44 -47 0
34 -26 72 0
-38 7 59 0
32 81 10 0
-88 -38 64 0
-80 -4 9 0
72 43 81 0
-2 -3 -19 0
-15 72 -29 0
63 -64 -26 0
-27 -42 84 0
20 -74 7 0
-43 56 -6 0
31 65 -37 0
-12 16 49 0
-45 -70 -72 0
59 -79 10 0
-72 -75 -21 0
79 5 10 0
-23 -61 -72 0
70 94 -82 0
41 -88 53 0
-40 -76 79 0
-32 21 -28 0
-49 83 -79 0
-93 74 53 0
62 80 -95 0
-76 -52 -3 0
11 28 44 0
50 -76 -67 0
-65 21 71 0
-66 -10 -33 0
60 -5 57 0
-57 -74 -68 0
94 -36 78 0
-11 -21 78 0
-58 35 32 0
-62 -15 -41 0
26 -84 -7 0
80 -45 88 0
12 -80 93 0
38 56 -44 0
-3 69 -2 0
-64 -95 -67 0
56 -48 88 0
