p 43 183
40 -28 -8 0
-33 -43 13 0
-25 2 -13 0
-34 -36 43 0
8 -19 12 0
-29 -25 -31 0
24 23 32 0
7 -40 -19 0
41 -23 -26 0
26 -32 -17 0
-1 20 4 0
-30 28 1 0
5 13 -4 0
-21 23 20 0
-33 -5 -1 0
24 -3 29 0
29 14 -25 0
15 -8 -39 0
-18 20 -25 0
6 -34 -20 0
-20 35 12 0
20 18 19 0
19 -31 -30 0
15 14 3 0
-43 -11 -22 0
3 26 -24 0
-22 -16 7 0
-5 -25 -1 0
28 12 4 0
-8 -7 32 0
6 -14 -43 0
18 -19 -25 0
-23 -3 -24 0
-16 13 8 0
14 -11 -25 0
33 35 -19 0
-40 36 -8 0
-4 -19 -14 0
1 19 -31 0
-25 15 -24 0
8 14 43 0
-29 8 7 0
21 13 -5 0
-21 20 -15 0
37 -13 -4 0
21 -6 18 0
-25 29 11 0
-3 30 32 0
-39 29 12 0
-17 41 -38 0
-34 -2 -30 0
-19 -4 36 0
6 26 41 0
24 30 -15 0
34 21 18 0
-20 11 -36 0
10 11 -39 0
-29 -24 -36 0
-14 -21 7 0
38 40 -11 0
-16 22 -13 0
-3 -23 22 0
3 26 -40 0
-9 -4 -36 0
36 -39 9 0
30 18 43 0
-5 -21 19 0
-28 19 -16 0
-34 22 39 0
36 -5 -40 0
13 33 -12 0
-36 -9 -28 0
10 13 -18 0
37 -13 -7 0
21 -5 18 0
-41 14 16 0
26 43 -29 0
7 -29 -42 0
22 2 37 0
-3 4 -11 0
12 -1 -14 0
15 24 -1 0
-34 41 -35 0
-39 35 14 0
39 -33 40 0
-12 -25 -35 0
-8 -18 17 0
2 -7 -12 0
-38 19 -10 0
43 34 7 0
-31 -42 24 0
-14 35 6 0
-7 35 -18 0
-17 27 -13 0
26 -40 -43 0
21 -6 -32 0
6 -7 -25 0
-18 31 23 0
4 16 -8 0
27 13 21 0
7 39 -26 0
-8 -40 -3 0
-37 27 19 0
25 -18 -28 0
25 -8 38 0
43 1 42 0
-22 -30 19 0
3 19 32 0
-38 11 31 0
27 33 -19 0
23 -41 26 0
-38 29 -39 0
31 -39 -20 0
20 15 -43 0
-37 29 35 0
6 -1 14 0
29 -18 -28 0
35 36 -16 0
-14 15 24 0
-10 -37 17 0
40 -37 13 0
12 40 -15 0
22 -9 4 0
10 6 5 0
40 29 27 0
-11 29 -6 0
-29 40 -20 0
16 -39 -12 0
-12 35 -27 0
31 -15 -30 0
38 -40 16 0
20 -5 -6 0
37 -2 -6 0
-9 -40 -31 0
-39 36 -6 0
-12 -25 -31 0
29 8 -1 0
-40 -28 31 0
-42 30 29 0
-3 -10 -29 0
-10 30 -41 0
-10 -13 -6 0
24 7 -32 0
-12 2 26 0
16 30 29 0
-24 -6 -29 0
-41 -36 30 0
-40 38 -9 0
11 -9 24 0
41 -2 -36 0
-42 -37 -33 0
-36 -19 39 0
-12 43 -22 0
22 -38 -34 0
-24 22 -4 0
-14 -23 -3 0
15 21 19 0
-2 -7 -35 0
-20 -6 21 0
32 -10 43 0
9 6 -19 0
-35 26 -15 0
35 -38 -10 0
-11 20 -22 0
3 -10 -16 0
-11 -23 -34 0
5 32 6 0
-33 -43 24 0
-13 28 32 0
3 -25 17 0
-33 -4 28 0
35 -25 32 0
14 29 -5 0
5 25 32 0
8 -15 -12 0
-11 -28 -23 0
-10 -34 -38 0
21 -19 8 0
-34 -10 -19 0
6 -19 -17 0
-20 5 14 0
15 -26 19 0
-34 1 -15 0
