p 77 328
-58 -24 -70 0
-70 48 -44 0
55 56 13 0
41 -52 -10 0
10 44 18 0
64 67 -76 0
47 35 46 0
36 35 41 0
57 -2 3 0
-35 40 30 0
77 -20 -55 0
-25 -74 -41 0
-64 24 70 0
-29 -76 -60 0
63 -21 42 0
-39 -57 -13 0
-43 -51 20 0
5 -74 15 0
69 64 50 0
54 -48 76 0
4 -16 -70 0
23 -17 16 0
63 -74 71 0
-29 -44 6 0
17 -6 25 0
-66 31 30 0
-52 -69 68 0
-13 -7 40 0
-59 69 -32 0
2 -46 -38 0
76 -68 15 0
-71 43 -63 0
3 15 -20 0
50 -76 -8 0
-29 -5 63 0
38 51 -25 0
-45 46 -61 0
-24 52 57 0
-17 -46 -22 0
65 -34 -17 0
-43 48 -54 0
51 -48 -45 0
-52 -48 64 0
44 73 40 0
-46 27 54 0
66 -35 -8 0
-29 -1 -73 0
-49 16 59 0
-44 31 63 0
-14 31 38 0
-43 -13 -1 0
60 -57 -45 0
58 -59 -26 0
76 11 -58 0
33 72 -18 0
-37 -39 -47 0
15 -61 25 0
-39 -31 -72 0
-12 49 -67 0
12 59 -55 0
-26 -2 -8 0
-49 -67 9 0
1 77 -33 0
-17 -39 45 0
-38 55 -2 0
29 -38 28 0
-74 46 -8 0
-65 59 -20 0
-29 12 -7 0
-60 70 2 0
-58 57 29 0
2 -58 -20 0
69 46 61 0
-21 11 -36 0
-67 63 38 0
-73 -33 5 0
72 -4 26 0
77 -15 -31 0
70 -44 -21 0
41 -15 -13 0
-38 -71 55 0
-76 -4 52 0
65 21 62 0
-13 4 44 0
-61 -38 11 0
-9 42 6 0
55 -54 -66 0
63 -28 69 0
43 -65 7 0
26 54 55 0
-21 23 26 0
-12 7 68 0
-71 10 -57 0
14 54 45 0
34 -13 62 0
-14 -34 -42 0
23 36 -67 0
35 10 56 0
65 -22 -63 0
-28 15 -1 0
67 -20 22 0
-13 -20 5 0
-34 30 46 0
-11 8 -5 0
-59 32 -41 0
11 23 -71 0
44 30 -63 0
-74 61 44 0
11 -57 21 0
-47 -24 2 0
-70 30 -57 0
29 71 44 0
42 -43 77 0
-42 -29 -30 0
-34 19 9 0
57 34 -14 0
8 34 -42 0
-50 -74 -47 0
16 61 -75 0
-47 52 -60 0
76 53 25 0
-49 69 -38 0
-19 10 71 0
-41 -20 -25 0
-58 -45 -77 0
-51 42 66 0
-11 -9 33 0
48 -33 21 0
-20 -23 6 0
4 38 -19 0
-9 29 -40 0
54 -68 -60 0
-75 -51 57 0
50 15 -52 0
22 -64 3 0
-25 -66 -59 0
-31 -53 27 0
17 -66 -16 0
-67 25 -16 0
59 53 -62 0
64 -13 -28 0
20 77 17 0
44 29 -77 0
-30 -6 -31 0
-22 40 -4 0
-1 77 26 0
-58 33 -40 0
-2 -47 -16 0
-33 -26 -9 0
-29 34 -53 0
4 3 75 0
-56 -15 76 0
22 24 -57 0
-43 -32 -33 0
-64 -28 27 0
36 -21 -70 0
-19 58 -8 0
1 -66 60 0
29 -71 50 0
-18 13 7 0
77 7 -58 0
50 69 -18 0
-42 40 63 0
-50 -34 53 0
-22 25 -16 0
57 45 -5 0
2 60 -59 0
-72 69 60 0
-50 54 28 0
51 69 -54 0
-53 -68 -72 0
-8 -11 49 0
-44 51 -7 0
-15 -71 16 0
43 -20 35 0
62 32 25 0
-37 -30 -72 0
4 12 -28 0
68 8 -69 0
-75 -16 -19 0
35 -27 51 0
49 58 -40 0
58 -9 45 0
50 32 19 0
56 33 -39 0
33 20 70 0
27 3 -36 0
-12 30 43 0
-61 74 6 0
9 33 26 0
-31 -44 1 0
-77 -47 -32 0
71 -12 -73 0
45 63 76 0
-5 -41 61 0
59 -14 -77 0
68 14 66 0
55 -38 -48 0
-52 27 49 0
47 -68 -39 0
-20 -10 71 0
-67 49 32 0
-65 -45 52 0
39 60 -6 0
64 -41 -63 0
-62 7 14 0
-36 70 -28 0
63 -11 -18 0
8 -37 34 0
-27 21 66 0
58 59 -48 0
-29 15 -72 0
-40 -6 55 0
-37 -36 2 0
5 26 24 0
59 30 5 0
-30 -53 -54 0
20 60 -23 0
-27 44 23 0
-19 -49 70 0
5 -25 -76 0
-69 -31 60 0
-53 32 -38 0
45 76 -43 0
12 48 -55 0
-70 -48 44 0
-3 69 -30 0
37 48 -40 0
-1 61 20 0
-49 64 -22 0
7 -20 -16 0
2 68 14 0
-47 -22 -21 0
34 -62 57 0
27 -76 -31 0
-17 27 -14 0
17 9 3 0
-74 31 -49 0
-51 -34 29 0
23 -68 -7 0
-57 -62 -11 0
-3 59 71 0
18 -66 62 0
-63 37 77 0
14 23 25 0
8 32 65 0
40 -20 51 0
27 59 -55 0
42 -14 -23 0
-52 66 39 0
44 -17 -30 0
47 -55 58 0
-3 32 9 0
54 72 -66 0
-11 -12 68 0
-20 -21 40 0
-55 11 -49 0
-29 -71 -27 0
59 33 -69 0
56 10 -69 0
-22 32 -52 0
39 77 -45 0
36 -42 -47 0
-32 -58 -29 0
-6 -7 23 0
-44 57 19 0
24 63 -45 0
-21 48 -20 0
23 32 -30 0
-39 -73 -11 0
-18 8 33 0
-9 22 -4 0
37 -26 13 0
-14 -74 17 0
70 11 -10 0
-45 -56 18 0
-54 -3 63 0
-76 77 27 0
-64 20 -1 0
-56 1 -49 0
48 11 -50 0
48 -74 -76 0
-47 4 43 0
22 -10 4 0
45 66 -3 0
-69 -61 -36 0
2 -15 22 0
-63 6 -40 0
-51 62 -26 0
-35 33 -24 0
42 -34 -59 0
12 54 -43 0
-65 64 9 0
24 33 -47 0
-19 -34 16 0
-42 -23 53 0
71 62 11 0
-51 -58 64 0
76 -23 -49 0
48 -36 40 0
-74 -53 37 0
19 -37 -15 0
-46 19 12 0
-50 13 -7 0
4 57 -31 0
-2 58 -68 0
28 45 68 0
18 -40 66 0
10 -11 -40 0
7 -19 53 0
-40 21 -29 0
-8 -3 72 0
28 -71 69 0
68 74 2 0
-43 -47 6 0
-73 -48 31 0
61 66 54 0
-77 -67 55 0
-13 35 33 0
46 -64 38 0
-48 73 16 0
59 -2 73 0
54 -77 14 0
12 -32 -38 0
-13 66 -20 0
22 -56 -59 0
9 53 57 0
28 62 52 0
