p 31 132
28 -6 -29 0
-10 -6 -12 0
22 -23 20 0
14 24 -29 0
26 1 -18 0
9 15 26 0
-18 2 3 0
-14 18 23 0
-24 -12 29 0
-25 18 -23 0
15 -6 -31 0
14 18 -7 0
24 -25 19 0
21 26 20 0
-30 23 -8 0
-27 -24 -23 0
22 -16 18 0
-29 16 -10 0
-17 -27 29 0
23 28 25 0
31 10 23 0
-30 -13 -22 0
9 16 22 0
-10 -8 -18 0
-5 -29 20 0
29 13 -31 0
7 16 26 0
-5 -29 9 0
-23 -24 18 0
-28 -20 12 0
-9 -25 19 0
-23 -9 22 0
-10 13 -5 0
8 -1 -26 0
-22 29 -24 0
-11 -8 -6 0
-23 -22 2 0
-28 16 -11 0
-23 -31 -19 0
11 13 16 0
2 -19 28 0
11 -2 -31 0
-17 -23 15 0
-23 -13 -4 0
-6 -7 4 0
4 -19 22 0
-2 -31 -20 0
-15 -16 12 0
-22 2 4 0
27 22 -2 0
-17 -27 -23 0
29 -24 18 0
-31 -30 2 0
-5 -31 -29 0
-8 -17 -20 0
2 3 -6 0
-22 -20 -12 0
20 22 -25 0
-22 4 9 0
11 10 -26 0
22 29 3 0
-16 -29 -12 0
-23 29 -11 0
4 -25 21 0
-12 22 7 0
21 -29 -13 0
17 18 13 0
-3 30 -16 0
-3 26 -23 0
6 -20 29 0
19 -24 15 0
-26 22 -19 0
-20 -17 -26 0
-30 19 -3 0
16 26 -2 0
30 -6 18 0
-7 20 6 0
-27 23 31 0
-19 -30 25 0
13 17 -28 0
23 -30 -15 0
31 3 -24 0
-14 -18 31 0
-10 27 29 0
13 -31 -23 0
-24 8 13 0
-13 -8 -24 0
18 -5 26 0
4 -20 -22 0
-6 -22 9 0
-27 -16 -19 0
-14 18 27 0
20 -13 -27 0
-4 25 17 0
21 20 15 0
26 30 22 0
-6 9 14 0
5 15 24 0
5 16 11 0
19 24 -23 0
9 -28 3 0
-25 -29 6 0
12 13 4 0
25 19 -23 0
-5 -6 1 0
26 -4 -7 0
-19 -20 13 0
10 16 5 0
-2 -15 7 0
4 -15 -9 0
6 -30 4 0
24 -16 15 0
-30 26 7 0
10 -14 -1 0
-30 11 -20 0
-18 26 -13 0
27 3 26 0
-10 28 -31 0
2 -26 9 0
11 -7 22 0
-5 -20 -9 0
20 18 -19 0
-30 15 26 0
-19 8 5 0
30 -24 18 0
-17 -31 7 0
13 4 -16 0
-12 23 -11 0
8 -20 -27 0
11 -3 -29 0
-19 -20 1 0
24 22 -29 0
