p 19 80
2 -4 6 0
14 12 9 0
6 17 11 0
-5 -14 13 0
9 -16 -17 0
1 19 -15 0
-17 18 -12 0
-18 -11 -13 0
-16 13 -12 0
16 -15 -17 0
12 3 18 0
17 11 1 0
-12 10 -5 0
-7 18 2 0
3 12 -17 0
-18 3 15 0
2 9 15 0
-14 -3 -1 0
12 -13 1 0
-7 -18 -13 0
4 13 17 0
-1 -15 3 0
-15 -5 6 0
-13 6 -3 0
-18 7 9 0
-16 19 -2 0
17 -7 -19 0
7 9 5 0
-3 17 6 0
18 19 7 0
-19 6 18 0
4 16 14 0
-10 -15 18 0
-17 11 -9 0
4 -12 7 0
-19 -7 -17 0
-15 -9 7 0
8 -3 -14 0
4 16 8 0
13 -12 -3 0
4 -16 15 0
5 -6 -11 0
-7 -5 -14 0
-16 -18 13 0
6 17 -14 0
-16 2 19 0
2 -15 -8 0
19 -13 10 0
-17 4 7 0
18 8 -15 0
-1 5 -18 0
18 10 11 0
3 17 11 0
-8 2 7 0
8 -3 -11 0
11 -4 8 0
15 -4 16 0
19 2 -18 0
-9 5 -18 0
18 2 7 0
-19 9 14 0
-5 -14 4 0
-5 13 19 0
3 -11 7 0
10 8 16 0
-6 5 -13 0
-18 -15 10 0
-10 -6 -16 0
-13 2 14 0
-7 15 -6 0
13 -16 -7 0
4 2 -15 0
6 17 4 0
-14 2 -17 0
-2 11 -16 0
1 10 -15 0
-7 -16 -6 0
6 -3 -19 0
-7 -6 -17 0
-18 -4 11 0
