p 86 366
1 27 -55 0
-54 -64 80 0
69 -24 -30 0
73 33 29 0
7 -1 -24 0
-10 -75 26 0
37 13 81 0
-29 -5 -65 0
-73 20 70 0
-38 5 -28 0
45 47 -78 0
19 57 70 0
2 75 -25 0
-4 -12 -15 0
-15 -46 59 0
15 54 79 0
71 -38 53 0
70 -15 -29 0
-22 35 33 0
-43 -53 -24 0
42 59 -4 0
-38 81 21 0
-78 45 -46 0
63 -77 -36 0
-14 59 24 0
-65 -23 31 0
-28 -13 -63 0
21 -9 -57 0
-79 73 33 0
61 -22 35 0
-61 35 -1 0
-3 -18 -1 0
50 44 -43 0
2 67 62 0
78 63 -56 0
-29 83 -64 0
-31 44 -10 0
-38 -18 -46 0
30 22 -32 0
-40 -42 -56 0
-18 -46 23 0
-51 25 -39 0
-59 29 57 0
67 72 2 0
-60 75 -79 0
-80 5 71 0
59 -41 74 0
-65 51 47 0
21 -45 52 0
-5 78 79 0
-79 30 33 0
83 -67 76 0
-36 71 -73 0
-60 53 1 0
-65 -9 73 0
19 -34 -24 0
57 -75 -22 0
67 2 76 0
9 -53 49 0
83 68 69 0
73 -74 -34 0
-6 -32 10 0
82 -27 -50 0
65 -55 85 0
82 36 46 0
73 -29 72 0
-51 -41 -12 0
-39 37 -42 0
54 -3 34 0
-55 51 49 0
-52 31 -16 0
46 40 34 0
-27 48 -47 0
-58 69 -38 0
-75 -42 -8 0
-3 57 70 0
42 79 35 0
-15 27 -53 0
-48 -78 -53 0
-61 -39 72 0
-25 62 -51 0
-19 -77 63 0
-85 86 41 0
-16 -85 -59 0
-80 43 -76 0
86 -42 59 0
51 9 -76 0
-83 -23 34 0
21 -30 -41 0
-26 60 7 0
2 16 55 0
-83 -57 29 0
-86 78 41 0
82 -34 -62 0
43 -69 48 0
12 61 74 0
-44 81 72 0
58 66 -70 0
-41 60 -19 0
-19 2 -30 0
-60 41 28 0
45 -50 41 0
35 44 -81 0
-14 -58 15 0
-45 3 -54 0
5 -38 -43 0
-78 14 -54 0
-73 23 -24 0
43 9 20 0
-27 17 -40 0
49 64 14 0
-64 -48 45 0
-62 -22 -69 0
24 -68 -15 0
48 -76 -7 0
-47 12 77 0
54 36 86 0
14 -28 32 0
79 -75 -85 0
-85 -78 -72 0
82 -44 62 0
-45 74 -30 0
-34 -54 -48 0
5 42 -44 0
-5 28 -29 0
66 -3 13 0
59 -42 41 0
79 -19 43 0
39 11 -84 0
7 5 -6 0
11 72 59 0
78 -69 25 0
-1 77 -84 0
-58 71 -15 0
-61 58 -1 0
-78 -3 -40 0
-7 74 -53 0
-23 26 75 0
7 42 4 0
-47 -56 35 0
2 1 29 0
-39 -71 37 0
61 -31 36 0
-27 -75 34 0
-25 -46 30 0
85 20 75 0
21 -56 17 0
85 -30 24 0
-26 -60 40 0
-26 -28 -84 0
-73 36 -7 0
24 47 9 0
-39 53 3 0
36 18 -44 0
-15 -13 82 0
61 -38 32 0
-8 4 -10 0
-78 -51 5 0
47 38 -12 0
12 -15 -53 0
-59 65 4 0
56 -3 -26 0
-78 -49 7 0
-61 42 -68 0
74 -64 37 0
-81 25 -28 0
-12 15 20 0
30 -80 66 0
-31 -3 -33 0
-12 -11 -67 0
-1 85 26 0
76 -70 51 0
-27 -2 50 0
42 -44 63 0
-9 4 -34 0
-56 -60 74 0
-33 -23 -34 0
38 -47 -85 0
3 -50 -55 0
3 -41 -43 0
9 80 21 0
-23 -57 -68 0
-43 78 53 0
-79 -34 -55 0
-56 -34 -69 0
11 -80 84 0
71 -65 -40 0
82 -19 32 0
-58 59 45 0
-55 -46 73 0
10 64 -45 0
14 52 -48 0
-11 65 -64 0
-9 55 33 0
70 9 21 0
-84 -74 -32 0
17 -3 -38 0
60 23 -2 0
8 -4 19 0
-81 11 -82 0
68 -59 -41 0
-86 61 5 0
-7 -6 40 0
42 -71 -85 0
-63 -45 -60 0
35 53 31 0
72 -6 -43 0
-57 -32 36 0
44 34 -54 0
59 -53 -35 0
-47 -12 -37 0
-64 24 -46 0
12 -11 -38 0
22 -60 43 0
72 -83 1 0
-68 -42 -64 0
-85 -83 -4 0
-52 -84 -25 0
78 10 -14 0
3 70 -73 0
30 25 -82 0
78 -17 -84 0
4 50 33 0
72 -1 68 0
3 65 -34 0
40 -5 -73 0
-9 -39 -35 0
-63 42 -24 0
27 14 -67 0
-50 30 -74 0
-58 80 42 0
27 59 20 0
-25 68 -47 0
-78 86 50 0
-42 -62 57 0
52 -60 -58 0
28 69 48 0
38 2 74 0
-36 79 52 0
-42 66 -23 0
-54 24 2 0
33 -43 28 0
-79 -81 -21 0
-74 25 19 0
-45 -11 83 0
-12 -54 79 0
-44 -86 -24 0
43 19 56 0
-16 11 65 0
56 55 -41 0
1 -28 10 0
-33 -64 -18 0
-8 -86 -67 0
-24 13 -17 0
73 62 59 0
-2 -7 41 0
70 71 59 0
2 -65 17 0
23 -36 59 0
-58 -66 73 0
-33 74 10 0
-29 -75 9 0
-37 -38 59 0
35 13 -53 0
-28 -16 7 0
77 74 -45 0
-28 -55 -18 0
-27 -38 33 0
-16 -43 -85 0
-74 21 33 0
-65 -72 54 0
-57 54 -59 0
-25 80 -20 0
-18 -29 -37 0
-71 -8 -37 0
-22 -15 -58 0
44 53 -1 0
15 53 38 0
46 5 4 0
32 83 -56 0
36 41 79 0
-76 -9 61 0
57 17 32 0
49 79 82 0
39 1 53 0
-61 52 66 0
14 19 82 0
-76 12 50 0
-59 12 32 0
-37 -10 68 0
-45 19 -51 0
-55 -71 -67 0
-68 -50 -82 0
-23 68 78 0
-70 27 33 0
75 62 -40 0
-83 17 -8 0
-47 -64 39 0
-67 75 -1 0
-35 32 73 0
-16 -46 62 0
83 25 86 0
-8 -64 75 0
36 -24 -1 0
-13 51 67 0
48 35 -11 0
-17 -35 77 0
81 66 74 0
74 -14 -27 0
-10 -57 36 0
10 31 -78 0
-7 29 18 0
-6 -1 74 0
-27 8 48 0
-29 -28 -59 0
32 -21 47 0
18 73 -47 0
52 73 16 0
-73 86 -60 0
-85 6 -75 0
-28 -76 -26 0
-85 67 5 0
63 -49 -76 0
-52 81 71 0
-63 60 -24 0
64 61 -62 0
2 53 -52 0
-35 -25 58 0
-3 11 -78 0
-31 -63 -14 0
-7 14 -58 0
70 -8 -11 0
36 -71 -52 0
23 3 -58 0
48 -69 55 0
-17 -56 -36 0
85 -49 -23 0
68 58 65 0
-6 29 38 0
-52 67 18 0
-11 -42 60 0
6 68 -81 0
-42 60 14 0
-66 -15 46 0
69 -49 -18 0
-38 82 22 0
-38 -54 -9 0
-54 -72 -47 0
27 4 46 0
22 84 -3 0
79 -13 -21 0
21 -33 -10 0
64 -84 34 0
-5 53 -84 0
29 27 -64 0
-30 -69 59 0
-8 31 61 0
25 8 47 0
-64 -10 -21 0
-49 -85 -6 0
-44 67 23 0
26 -41 7 0
39 -65 59 0
-24 -79 81 0
43 48 27 0
51 -69 -63 0
