p 23 97
18 -8 23 0
9 -14 -21 0
12 -5 -6 0
20 -22 10 0
20 -17 8 0
-19 17 -14 0
4 -10 -23 0
-17 13 -15 0
-18 14 -1 0
4 -14 1 0
14 1 21 0
-19 2 1 0
23 -15 -17 0
3 -8 14 0
-11 -8 -9 0
-17 13 8 0
15 -21 -1 0
-9 5 8 0
-21 -2 11 0
9 -14 22 0
22 -10 2 0
13 3 5 0
23 -7 -19 0
-6 -19 -2 0
21 -18 14 0
-19 21 -7 0
20 -18 9 0
12 -8 -17 0
-23 -1 -13 0
3 -19 -5 0
-8 -21 -12 0
14 -16 -19 0
-20 -18 22 0
-2 -10 4 0
-5 -7 -12 0
-9 3 -17 0
16 11 17 0
5 -18 -19 0
-14 12 23 0
4 6 -10 0
-13 -12 -11 0
-9 -13 3 0
-3 15 17 0
22 2 -14 0
-22 -6 -17 0
9 6 -8 0
-20 15 -14 0
8 -11 -21 0
-13 -23 19 0
22 -13 1 0
10 12 18 0
11 -6 -5 0
14 21 20 0
-17 12 -22 0
-17 -5 -8 0
5 22 -3 0
12 -5 -2 0
-8 6 -1 0
-22 -9 21 0
17 -18 -16 0
-12 -13 7 0
1 -12 -2 0
2 -12 -10 0
-18 -11 3 0
12 -4 -22 0
22 -16 10 0
6 16 -23 0
-16 -19 -15 0
-3 18 -5 0
20 -19 -13 0
-9 2 21 0
1 -6 -2 0
10 -6 19 0
3 -14 -5 0
13 -19 3 0
-2 5 15 0
-18 -23 20 0
19 16 -12 0
-9 13 -19 0
2 8 20 0
-8 14 6 0
-3 11 -17 0
20 3 7 0
-19 3 -8 0
-11 -22 -14 0
9 7 -20 0
18 9 -17 0
-5 -2 -14 0
-1 12 13 0
10 -13 7 0
14 -18 12 0
14 -19 -23 0
7 -19 -4 0
6 -12 10 0
1 -20 6 0
-18 6 23 0
22 12 -6 0
