p 12 51
2 -1 9 0
-8 7 -10 0
11 9 10 0
-4 11 -6 0
-2 7 6 0
1 -10 3 0
4 3 -10 0
-5 1 8 0
9 2 -7 0
7 -11 3 0
8 -1 -9 0
-2 -10 -6 0
2 -1 3 0
2 3 -10 0
7 -5 11 0
-5 9 -10 0
-3 -2 -6 0
2 11 8 0
10 9 -6 0
-8 -10 -4 0
3 7 -2 0
6 -8 7 0
10 -9 -4 0
3 -2 -5 0
-10 -4 -12 0
-10 1 3 0
-3 4 -9 0
-7 12 -8 0
5 -11 8 0
10 -9 -12 0
-1 5 9 0
-3 7 1 0
-5 -12 -9 0
-7 5 10 0
8 7 1 0
-11 -7 -1 0
-9 2 7 0
-1 -6 5 0
5 -2 -6 0
2 -3 -6 0
-11 -1 3 0
12 -6 -7 0
-12 3 -5 0
5 7 -8 0
2 -10 12 0
10 -1 -12 0
-7 -9 11 0
-11 4 5 0
-4 2 8 0
-10 8 11 0
-1 -11 -3 0
