p 81 345
-59 50 -43 0
11 7 -1 0
-65 -33 -61 0
69 -42 6 0
75 -44 -21 0
-55 -67 -10 0
76 -75 -44 0
-61 -35 51 0
-79 30 -7 0
-12 27 -1 0
-74 -59 -13 0
-35 -33 -67 0
-18 -59 -27 0
-7 -33 42 0
53 -39 -22 0
-6 -2 -7 0
-73 -46 40 0
-60 59 -8 0
-77 -45 -19 0
-32 14 64 0
16 28 -52 0
56 -32 3 0
-33 -69 34 0
-62 -10 70 0
-40 -56 -57 0
20 24 -13 0
19 80 -32 0
3 -29 -39 0
64 55 -71 0
70 -44 -17 0
70 14 6 0
75 -60 10 0
-2 19 67 0
57 58 -66 0
-21 -47 -6 0
50 74 -25 0
-12 -31 -77 0
44 18 67 0
-51 61 63 0
61 -11 51 0
-23 81 -62 0
-20 -79 74 0
38 22 -15 0
-41 -20 -12 0
51 -27 22 0
-31 -9 12 0
32 -53 65 0
-34 -21 48 0
-5 -79 28 0
-28 3 -32 0
63 48 -58 0
2 19 69 0
18 -68 21 0
-29 21 -17 0
-19 75 80 0
-21 -7 -42 0
-29 -62 -58 0
25 75 34 0
81 60 31 0
-7 -44 -62 0
-34 -58 53 0
60 -40 49 0
12 -42 -39 0
11 -34 -9 0
71 51 -52 0
-14 80 -76 0
-79 56 -62 0
32 65 53 0
14 78 -40 0
-41 68 -55 0
-15 42 -13 0
42 61 24 0
-69 47 75 0
49 24 -80 0
77 9 -6 0
-46 6 55 0
76 -17 -63 0
-42 -63 -10 0
-2 42 -81 0
-65 11 48 0
-3 1 -78 0
44 64 60 0
-58 15 62 0
32 -19 30 0
60 78 -56 0
76 34 -39 0
-31 25 -32 0
18 66 -5 0
-68 -72 -52 0
-7 -33 12 0
-73 -28 -24 0
-20 9 -58 0
-21 -72 29 0
-68 -51 77 0
46 -52 -66 0
51 -19 71 0
38 18 45 0
-20 60 38 0
-33 -4 -53 0
66 -7 32 0
64 6 75 0
-5 23 -22 0
80 71 -72 0
19 -22 78 0
20 62 -19 0
-69 -39 -64 0
15 -4 -17 0
75 66 -45 0
67 -16 61 0
-53 61 66 0
-59 -81 68 0
-51 11 -54 0
-46 -26 27 0
37 20 55 0
36 39 -57 0
40 -37 -52 0
46 5 38 0
-55 -23 -59 0
-36 -66 41 0
34 -9 -20 0
62 26 48 0
-42 -5 37 0
33 -14 2 0
-72 -47 26 0
80 -28 -77 0
32 31 -67 0
7 26 -56 0
24 48 -7 0
-46 -39 -81 0
-20 -50 71 0
61 8 52 0
34 -72 70 0
-13 54 61 0
-33 5 -29 0
66 -75 1 0
25 77 -74 0
80 -52 -61 0
38 -67 -45 0
49 65 -11 0
-18 26 17 0
39 -28 -4 0
38 72 -33 0
67 -3 8 0
22 9 78 0
37 64 -59 0
-20 -79 11 0
35 64 23 0
-81 -5 9 0
-52 -36 63 0
79 54 63 0
-56 -49 64 0
31 -49 14 0
-4 59 -27 0
-13 54 26 0
-4 30 -10 0
-7 64 -50 0
51 4 6 0
18 -79 -1 0
-41 16 31 0
42 -74 -18 0
49 -47 -60 0
16 12 -33 0
-80 44 60 0
61 31 -2 0
-16 -55 9 0
-36 24 18 0
-52 -48 24 0
59 34 -56 0
-16 32 76 0
-33 -26 -36 0
24 -30 -31 0
81 -40 -26 0
30 -81 76 0
67 51 77 0
10 -43 -71 0
52 59 -80 0
9 49 41 0
-79 21 58 0
76 -1 18 0
-47 -26 -29 0
-70 2 9 0
-30 -29 53 0
-32 34 17 0
26 -68 -54 0
-36 -28 34 0
41 55 24 0
-50 44 -80 0
36 51 -59 0
70 -44 -30 0
-31 21 -79 0
53 76 4 0
-20 -22 -55 0
37 -12 24 0
-8 36 64 0
-71 -55 3 0
23 -2 -21 0
14 74 42 0
40 -37 55 0
7 -68 -67 0
48 -21 67 0
26 74 13 0
-34 -9 46 0
60 -27 81 0
-1 -10 74 0
17 -79 3 0
33 7 -46 0
-15 79 72 0
-80 55 -61 0
-75 -40 -59 0
-38 1 -52 0
9 24 48 0
-76 -30 43 0
-24 -41 -43 0
-47 72 -71 0
-48 -55 -53 0
-54 -42 40 0
-17 15 40 0
45 63 -42 0
-55 53 -42 0
-22 39 38 0
23 70 -1 0
34 -41 -31 0
-27 -61 -32 0
-9 -76 35 0
-72 31 -71 0
-25 46 20 0
59 -49 65 0
38 -1 -69 0
10 35 -34 0
-55 29 75 0
-73 40 7 0
-79 -28 -15 0
-78 77 37 0
-72 -25 58 0
-54 -38 -35 0
36 -25 -19 0
59 75 42 0
28 -9 4 0
-13 -71 -41 0
-18 21 -9 0
22 -31 13 0
64 -35 -16 0
-80 60 -4 0
-48 47 58 0
-76 64 -9 0
75 -12 7 0
-45 23 57 0
-54 -5 -71 0
4 7 -68 0
3 -15 52 0
-56 -29 -28 0
22 31 -59 0
-72 11 30 0
39 53 -37 0
20 -15 -71 0
-37 -36 -55 0
4 -61 53 0
69 -7 -14 0
-16 58 -42 0
-67 17 78 0
-33 -43 54 0
52 43 21 0
58 22 -3 0
10 -62 73 0
-54 35 -30 0
61 -23 68 0
15 -46 -52 0
24 40 23 0
-80 39 -51 0
69 -64 19 0
-36 63 29 0
-63 -31 -8 0
-43 23 -79 0
-32 59 -7 0
68 25 53 0
55 44 41 0
-38 58 -67 0
-46 7 32 0
22 -39 -18 0
-60 -18 -10 0
-79 24 77 0
2 -59 -45 0
-2 49 -55 0
28 -1 -60 0
26 -29 56 0
-42 44 -47 0
14 19 57 0
-16 -49 -79 0
19 -26 -53 0
55 -16 49 0
23 11 53 0
33 -6 76 0
-6 -42 -21 0
-26 40 -65 0
-2 -50 61 0
-38 23 -42 0
61 -17 1 0
22 -67 41 0
-59 -17 81 0
81 -74 46 0
37 -19 63 0
-45 42 79 0
-68 42 4 0
-28 65 -41 0
2 1 77 0
-75 9 71 0
-53 -70 74 0
-27 75 56 0
65 -2 34 0
-12 -21 -38 0
-23 77 -36 0
3 1 -81 0
40 -63 -59 0
-78 -27 39 0
55 -69 -32 0
64 -81 -60 0
-38 -79 -6 0
-10 75 81 0
-47 62 23 0
44 30 13 0
23 24 54 0
-50 39 -3 0
7 54 64 0
26 -48 65 0
-20 -5 34 0
-70 -41 73 0
73 -25 72 0
11 -15 -54 0
-61 -51 -36 0
-11 -56 34 0
77 67 -15 0
64 42 46 0
31 -58 23 0
-28 -38 72 0
-41 24 -37 0
32 4 -36 0
69 -48 -75 0
-31 -53 43 0
-74 3 -81 0
50 -45 24 0
61 64 15 0
4 -43 3 0
27 -26 60 0
-27 -74 21 0
39 11 -76 0
