p 57 242
14 -34 -12 0
33 -18 -35 0
-40 -17 15 0
-6 -12 41 0
-54 -31 -13 0
-14 -9 35 0
16 13 52 0
35 53 -42 0
3 23 22 0
39 -43 -11 0
4 -36 -13 0
-51 -45 38 0
29 42 55 0
7 49 5 0
33 -9 22 0
21 40 56 0
5 39 -21 0
-22 -51 31 0
-8 1 -13 0
-49 9 -17 0
-1 -42 -4 0
-38 -14 27 0
-49 30 -15 0
30 -4 49 0
14 -30 -19 0
55 51 -47 0
19 20 11 0
-39 48 -7 0
42 22 46 0
-24 -20 -39 0
-22 -47 18 0
3 -5 57 0
-52 -46 44 0
41 -9 -35 0
-55 -16 46 0
-40 5 44 0
-17 -35 33 0
-43 -1 -32 0
-25 49 41 0
-31 -45 -22 0
-24 30 -31 0
38 -49 52 0
-21 -2 47 0
17 34 -26 0
30 -13 45 0
-52 -20 -9 0
57 51 53 0
-44 -50 -23 0
-12 38 -2 0
24 49 7 0
51 -55 36 0
-53 -47 -22 0
-27 -29 -23 0
30 45 -37 0
45 16 14 0
-9 -38 50 0
-22 54 -38 0
18 -34 56 0
-13 51 -33 0
55 8 1 0
-3 -21 -18 0
47 29 -18 0
-15 20 -4 0
1 37 42 0
6 10 52 0
-14 16 26 0
41 -46 -43 0
-36 18 44 0
43 -57 -5 0
54 -36 37 0
30 35 8 0
-29 13 -26 0
-56 37 44 0
14 34 -48 0
-13 1 -5 0
36 44 14 0
52 3 -11 0
43 48 47 0
-56 -1 40 0
54 -5 -11 0
37 55 -13 0
9 26 -19 0
4 33 36 0
-54 -3 -55 0
24 48 -21 0
-38 55 -28 0
19 -28 -11 0
-28 -43 21 0
-14 -28 42 0
-25 -27 49 0
34 -13 45 0
-5 51 15 0
-36 57 -2 0
-8 7 10 0
-21 27 -45 0
15 53 52 0
11 18 -31 0
46 18 45 0
-35 42 -32 0
33 -23 5 0
-46 -55 -34 0
41 -24 16 0
20 34 48 0
14 -21 35 0
5 8 -28 0
10 44 11 0
-30 -42 -33 0
6 2 56 0
-6 39 -46 0
19 -7 -1 0
36 -16 33 0
-8 -33 -52 0
45 -40 -7 0
32 -11 1 0
47 23 22 0
-15 11 -42 0
-21 29 -37 0
-17 11 37 0
-11 50 -2 0
-45 24 26 0
-52 -18 51 0
-40 14 -2 0
17 -50 -43 0
48 17 55 0
52 42 22 0
19 -30 33 0
-28 26 41 0
-1 45 -19 0
-53 -33 -45 0
46 32 34 0
32 29 46 0
-18 -26 -1 0
52 8 26 0
-26 -54 30 0
43 37 -16 0
-13 52 -42 0
-40 25 6 0
-53 20 3 0
-55 9 -28 0
36 -50 -25 0
18 -49 15 0
-55 -12 -21 0
-18 -42 49 0
49 -54 -47 0
-47 -3 51 0
38 47 51 0
32 36 -15 0
30 -16 39 0
54 13 34 0
-3 -26 11 0
-15 -36 -12 0
-48 -13 -39 0
-3 -13 -4 0
41 17 -32 0
12 14 25 0
34 10 47 0
-24 54 -11 0
-34 -22 56 0
41 13 -31 0
28 -9 -4 0
15 48 -16 0
-43 -20 33 0
12 -3 -20 0
-51 -46 -11 0
-33 -55 34 0
11 36 39 0
-39 11 -47 0
7 -3 32 0
21 40 7 0
9 -12 52 0
-13 -2 21 0
8 16 -44 0
-13 16 3 0
12 26 24 0
-5 28 42 0
-24 26 22 0
-27 -24 -39 0
-46 -26 8 0
-11 -47 -3 0
-37 32 -48 0
24 18 2 0
-15 -27 -11 0
-36 50 -33 0
-24 -21 -34 0
-35 -26 57 0
33 6 3 0
7 54 -4 0
14 -42 -13 0
25 44 -46 0
-13 37 -19 0
12 2 44 0
28 -22 37 0
-3 47 -36 0
33 -44 54 0
18 39 -54 0
-9 22 -28 0
-18 10 -23 0
41 -54 38 0
12 27 -1 0
-41 27 29 0
-35 -53 12 0
55 -35 23 0
-6 36 -32 0
-40 7 -32 0
11 37 -54 0
-7 -6 -35 0
-5 50 55 0
-46 -33 32 0
38 51 -49 0
18 -21 49 0
-54 24 37 0
-40 14 4 0
-3 33 -56 0
9 37 -7 0
-40 -15 -53 0
24 -3 -40 0
-1 45 37 0
-24 10 29 0
9 38 -13 0
28 26 36 0
-20 -23 -26 0
56 21 -14 0
42 18 20 0
28 -23 -50 0
-39 -37 -49 0
21 -33 -4 0
56 5 9 0
8 -22 -5 0
51 9 -23 0
-54 51 -34 0
7 10 -27 0
-36 34 -11 0
-12 -36 -49 0
-44 15 -27 0
-21 -2 25 0
43 -17 52 0
7 27 -23 0
52 -37 -35 0
-19 48 16 0
-48 18 38 0
2 46 -12 0
54 -33 51 0
