p 14 59
13 2 8 0
14 -11 2 0
-3 11 -14 0
-7 -4 14 0
7 9 6 0
8 13 5 0
-12 -2 -5 0
13 11 9 0
12 -2 -14 0
8 -7 -9 0
9 7 5 0
14 7 10 0
9 11 14 0
5 2 -8 0
2 -3 8 0
10 14 7 0
13 -12 -4 0
-14 5 9 0
12 -5 4 0
-13 -8 14 0
5 -7 -2 0
14 7 13 0
-3 10 11 0
9 -12 -8 0
-6 -1 -7 0
2 -4 14 0
5 10 6 0
11 12 -1 0
-1 8 -10 0
11 13 -12 0
-13 1 -14 0
-6 2 9 0
-11 -6 -4 0
14 -7 9 0
1 10 8 0
-10 -5 13 0
10 -7 -1 0
11 -8 5 0
4 -10 13 0
8 -6 5 0
-8 14 -2 0
13 -14 -11 0
8 -3 -4 0
-14 -8 3 0
-8 -2 -11 0
1 -7 -10 0
-4 -2 -1 0
14 7 -2 0
3 10 -14 0
7 6 -11 0
14 -13 3 0
3 4 6 0
2 -8 1 0
11 7 -6 0
13 6 -1 0
-11 -13 1 0
6 -11 -9 0
1 3 -4 0
-6 10 -1 0
