p 80 340
61 -5 -30 0
33 25 15 0
-60 -77 71 0
-76 -34 -40 0
-47 -55 32 0
23 38 -18 0
36 80 8 0
54 -1 32 0
45 -18 79 0
9 -49 -16 0
3 33 -43 0
-24 8 31 0
63 25 46 0
-58 28 62 0
-45 -60 -25 0
4 35 46 0
46 -20 -25 0
-25 62 -5 0
56 46 60 0
-54 -57 35 0
43 -49 -26 0
-41 -21 54 0
-19 -20 -46 0
80 4 -51 0
27 3 -58 0
-2 -25 -64 0
23 -76 11 0
47 -46 26 0
68 58 -43 0
-8 -21 -55 0
-28 17 32 0
-33 27 -61 0
16 -42 58 0
13 60 -53 0
-9 -32 35 0
29 41 -35 0
-41 60 61 0
39 -6 12 0
37 25 2 0
50 78 -73 0
2 75 -73 0
-76 5 28 0
-45 -43 -5 0
32 41 25 0
-56 11 76 0
-77 -15 74 0
45 35 -62 0
-67 33 46 0
-44 -32 -18 0
-51 12 -29 0
-38 -75 42 0
68 27 -45 0
-49 5 13 0
75 -45 -35 0
-59 -33 43 0
-53 -28 41 0
26 -41 31 0
-32 -63 -72 0
48 -26 59 0
-39 -54 69 0
60 -34 -19 0
-71 35 -5 0
42 -4 -46 0
-56 71 20 0
-6 24 -20 0
-67 -59 64 0
-6 -73 -50 0
-39 -52 -46 0
-78 46 28 0
56 64 -45 0
47 17 -74 0
37 52 -54 0
-62 38 39 0
80 22 3 0
-78 -19 66 0
-45 38 -56 0
-58 -64 13 0
-46 -74 61 0
66 -25 -68 0
-23 -76 -40 0
-63 -78 69 0
78 80 65 0
38 7 4 0
-66 31 33 0
8 -54 19 0
32 44 43 0
16 -31 19 0
-35 28 79 0
-1 38 10 0
-11 66 26 0
-55 -79 -26 0
19 49 -68 0
59 38 78 0
67 54 5 0
10 -11 -9 0
-4 -70 -30 0
58 79 -42 0
-13 -63 -66 0
28 -78 44 0
-9 35 -29 0
43 -38 -76 0
-31 -39 -13 0
29 17 -11 0
-45 12 -29 0
-7 -30 53 0
24 32 61 0
-71 57 -15 0
-20 -33 44 0
61 -75 -35 0
34 -67 41 0
77 -23 -4 0
-72 -33 -80 0
62 -27 34 0
-46 26 36 0
-59 16 57 0
8 55 3 0
-67 63 19 0
-43 75 -80 0
19 26 6 0
-46 21 -66 0
37 20 -52 0
4 -21 8 0
44 17 73 0
-47 -20 71 0
44 25 78 0
16 12 65 0
-54 2 -41 0
17 -41 69 0
-5 11 8 0
-19 -75 -15 0
-43 -35 -58 0
-68 80 19 0
18 34 63 0
58 -29 53 0
-4 22 60 0
-51 57 58 0
-57 50 -32 0
35 23 -37 0
-39 21 37 0
-40 34 73 0
-33 -8 -54 0
55 26 -39 0
-77 -37 1 0
-52 -73 -26 0
-5 -28 -2 0
67 -32 58 0
-54 19 -20 0
-77 -11 -66 0
39 -2 70 0
-68 54 -70 0
19 -70 40 0
-18 -21 -79 0
14 -23 10 0
-38 77 64 0
36 19 55 0
71 -5 32 0
5 -12 1 0
-7 61 68 0
33 76 -57 0
51 -27 7 0
-55 39 -4 0
68 60 -46 0
37 -36 50 0
-24 -52 64 0
-19 57 -7 0
-75 -18 39 0
-47 23 46 0
74 56 -53 0
-78 73 12 0
-28 12 38 0
30 -35 53 0
-69 -13 -41 0
-72 30 17 0
-27 5 -2 0
51 54 12 0
35 18 -73 0
-6 -13 76 0
21 4 -47 0
55 -74 -14 0
-51 50 -60 0
1 -31 -30 0
11 -34 32 0
22 -2 51 0
22 58 56 0
19 2 -30 0
79 -62 20 0
-62 -24 5 0
-52 -12 -4 0
-48 54 -71 0
-42 -79 28 0
26 60 -46 0
37 -59 53 0
-19 -1 -36 0
40 -7 10 0
58 -31 63 0
-67 42 19 0
-21 -27 14 0
-71 -73 -3 0
-17 74 -54 0
-8 -63 75 0
46 -23 11 0
-79 72 32 0
34 25 -30 0
75 -73 -9 0
37 29 -69 0
-2 -21 -39 0
78 -2 -54 0
-41 76 35 0
66 -58 -9 0
-36 55 -64 0
14 -19 26 0
-64 22 -24 0
-55 -13 -47 0
4 -37 19 0
-2 -60 58 0
-60 36 -10 0
-34 72 -35 0
38 -37 70 0
76 -67 17 0
-61 55 43 0
47 -34 1 0
-41 -58 -61 0
-44 42 -57 0
-72 -41 -70 0
72 13 49 0
58 33 45 0
36 64 9 0
73 -79 -57 0
9 -76 -4 0
62 -23 -75 0
39 47 41 0
-39 21 66 0
-51 59 -2 0
-21 -2 67 0
-72 74 65 0
56 45 39 0
-25 -23 -28 0
-53 -21 -40 0
51 -34 -1 0
-47 -1 -3 0
-30 20 -43 0
-41 23 -49 0
43 67 45 0
-40 -49 -16 0
-36 -77 -19 0
-63 -27 -62 0
45 28 -10 0
-21 60 -17 0
-41 -57 -55 0
-22 -36 30 0
-62 12 -48 0
41 -5 -33 0
72 23 -48 0
67 -54 -43 0
14 -36 59 0
37 -61 73 0
-80 -1 67 0
46 39 -55 0
-20 -16 -57 0
-65 -36 -46 0
31 65 75 0
1 -46 -18 0
-61 -44 3 0
20 59 -61 0
-36 18 52 0
21 53 -28 0
80 7 43 0
-80 -75 -35 0
-17 -54 5 0
-56 -61 68 0
31 23 -78 0
-34 -3 -13 0
-22 -53 -56 0
51 7 1 0
-6 -12 41 0
33 36 -74 0
73 26 35 0
64 1 -78 0
-14 28 36 0
-16 60 -7 0
66 -52 53 0
44 -48 25 0
-5 -11 -1 0
46 5 -70 0
-31 -12 -14 0
-52 16 -46 0
34 16 59 0
-1 -7 32 0
-31 41 40 0
13 -71 64 0
-36 58 43 0
-62 6 -58 0
33 -72 78 0
74 60 -6 0
-1 -37 -38 0
-58 25 -44 0
52 19 -10 0
-79 -15 51 0
-75 -66 -30 0
65 36 77 0
46 78 -2 0
71 39 -80 0
17 65 71 0
-54 2 47 0
34 76 45 0
-55 76 -37 0
24 -25 -41 0
-29 -80 -39 0
76 -62 -48 0
-21 76 -56 0
72 -32 73 0
69 -74 -55 0
-51 64 15 0
-46 38 -8 0
-69 11 45 0
-76 -31 -55 0
-16 -7 -30 0
-71 16 -18 0
-78 49 34 0
-8 -78 -25 0
66 70 -40 0
17 -24 61 0
61 -54 56 0
63 25 53 0
62 69 23 0
11 4 47 0
-60 -14 -62 0
-3 72 59 0
-31 38 -77 0
55 50 -10 0
-2 -36 65 0
-41 39 -58 0
-78 48 24 0
-68 -46 37 0
-21 -52 -72 0
2 -12 41 0
-39 -47 -56 0
-9 -36 -34 0
78 -56 15 0
47 29 -14 0
