p 69 293
-1 67 -60 0
-36 21 -53 0
10 7 41 0
-23 -9 62 0
48 -44 68 0
-62 -58 -63 0
9 33 15 0
-5 37 14 0
-41 28 56 0
40 -56 11 0
-12 49 -22 0
64 -18 7 0
16 -30 -52 0
-65 -40 -55 0
47 -56 -57 0
-44 -19 41 0
-26 27 -11 0
16 38 -8 0
40 -32 -68 0
-46 -17 -42 0
-21 -45 -15 0
-11 35 61 0
48 -39 42 0
-2 -39 35 0
49 3 -47 0
-25 -67 -55 0
-52 65 63 0
21 -14 5 0
-20 -27 -1 0
55 59 38 0
25 -1 11 0
-66 33 -45 0
-25 48 49 0
47 -35 52 0
-20 -14 16 0
-40 -46 11 0
69 -57 -40 0
-51 -58 -28 0
-6 -16 -57 0
-55 -36 38 0
54 -8 -35 0
-60 -68 28 0
4 -42 -37 0
-2 -60 -68 0
-5 29 -45 0
-12 2 -45 0
31 -5 -61 0
-17 43 44 0
-65 -33 -54 0
-42 31 -69 0
-24 -53 -5 0
67 -8 14 0
40 46 -69 0
-57 -18 32 0
-38 30 41 0
23 55 56 0
-4 -28 -55 0
32 55 47 0
35 -11 -34 0
-61 -45 48 0
63 -15 45 0
22 -30 -45 0
41 29 9 0
-34 66 29 0
16 49 -26 0
52 64 -12 0
-63 6 1 0
-23 -11 46 0
39 59 -22 0
64 22 -33 0
52 -15 -9 0
38 -52 -68 0
-66 -27 69 0
-45 19 -31 0
39 64 19 0
-32 -67 60 0
63 -35 -65 0
-39 59 52 0
-16 -15 -59 0
-69 63 34 0
-31 -69 -30 0
-30 -12 -25 0
58 -29 -39 0
-10 24 21 0
49 31 13 0
51 15 61 0
53 1 60 0
-30 -61 -24 0
1 26 -17 0
-22 53 -17 0
27 5 -52 0
-5 -68 -4 0
-60 -35 -22 0
56 -25 -68 0
57 -7 -68 0
40 1 -6 0
49 -41 -43 0
33 20 43 0
63 1 65 0
68 19 2 0
23 62 47 0
54 3 -1 0
27 38 -47 0
61 14 10 0
-59 1 69 0
26 -50 -61 0
-33 -50 46 0
39 45 -33 0
-55 -50 13 0
-11 -36 47 0
61 -48 -2 0
-37 -19 -46 0
-60 -15 -65 0
57 31 -35 0
49 53 -5 0
2 15 -16 0
-59 3 33 0
18 -21 61 0
37 10 -5 0
-6 -12 22 0
-34 65 37 0
-61 64 4 0
63 -23 48 0
54 2 -23 0
59 62 18 0
-37 14 40 0
-53 41 -43 0
25 49 -36 0
-20 -37 32 0
-21 -29 51 0
-45 -21 42 0
3 -22 -64 0
19 40 45 0
-17 58 -10 0
-2 37 7 0
49 19 65 0
19 53 -20 0
-25 -48 -52 0
4 -30 21 0
-53 -34 -2 0
32 29 -27 0
-43 64 -46 0
12 32 31 0
-8 -20 68 0
4 -36 -32 0
19 60 63 0
-15 -16 21 0
-29 -21 -69 0
32 61 -30 0
-40 56 19 0
-27 20 3 0
-53 35 -24 0
51 -38 63 0
-10 11 46 0
-31 -55 -15 0
-45 46 -31 0
-43 9 61 0
-53 -33 57 0
37 -3 7 0
47 25 12 0
27 55 46 0
-69 -55 7 0
-25 58 31 0
45 19 55 0
31 -19 33 0
-60 21 66 0
-40 -65 24 0
-29 45 19 0
58 -1 54 0
-10 -28 -38 0
48 22 39 0
-6 57 -51 0
-14 7 -35 0
-3 -38 27 0
60 40 58 0
-34 35 2 0
34 29 -37 0
64 -38 -13 0
33 -60 -9 0
-61 68 -62 0
61 19 57 0
-26 29 -28 0
13 51 45 0
-67 -44 51 0
-39 41 -12 0
50 32 57 0
16 -21 66 0
-37 -10 -54 0
67 29 -63 0
5 57 -41 0
36 -42 9 0
16 -43 -37 0
-69 -56 -57 0
60 12 56 0
40 -50 62 0
13 9 -39 0
57 -27 -11 0
11 -18 23 0
18 -9 -4 0
-26 5 -22 0
11 12 16 0
-1 4 62 0
-18 37 -68 0
-4 52 -21 0
-6 -45 12 0
-57 40 -38 0
57 -17 -49 0
-5 -2 -47 0
-40 -10 -31 0
46 -58 -54 0
-64 65 27 0
5 -52 23 0
-18 40 -69 0
35 44 -51 0
-68 -35 -62 0
-7 -66 69 0
-21 -36 59 0
22 -15 67 0
62 -33 54 0
33 -57 -30 0
14 -49 65 0
31 27 6 0
6 1 33 0
62 -38 33 0
-42 46 -14 0
-32 -27 -54 0
43 -61 -25 0
69 13 18 0
-49 60 -39 0
-46 69 -49 0
-1 35 60 0
-63 10 -22 0
-36 64 -23 0
36 -51 -57 0
51 6 58 0
61 13 -16 0
59 -47 25 0
31 38 -1 0
-12 10 -6 0
-10 -13 -34 0
27 4 -7 0
-28 33 50 0
26 -64 41 0
-16 31 -11 0
-3 -26 43 0
-56 9 -51 0
-59 -58 48 0
-3 -7 -37 0
54 -16 -57 0
3 -50 -21 0
16 31 63 0
48 35 63 0
48 43 -24 0
11 19 -55 0
10 41 38 0
-18 31 5 0
6 52 38 0
-35 -45 26 0
49 56 53 0
-61 -11 5 0
13 41 -36 0
-21 -54 -12 0
-69 -47 53 0
67 23 -35 0
49 -10 3 0
-54 17 -66 0
49 -22 10 0
46 -28 -66 0
2 55 30 0
-4 -59 -9 0
-19 -26 -45 0
-18 -15 32 0
22 -4 -26 0
-57 6 12 0
28 59 -23 0
31 -69 23 0
-18 25 9 0
-25 -16 -56 0
-24 -6 38 0
-29 50 -61 0
59 19 -29 0
-23 13 -15 0
-29 43 -53 0
-48 -43 27 0
51 66 -8 0
26 -63 49 0
26 7 -38 0
22 -61 -58 0
16 -54 -41 0
-59 65 -16 0
45 66 -63 0
-50 -58 37 0
-21 1 -65 0
