p 41 174
-33 18 -12 0
13 -41 38 0
27 -13 6 0
8 35 2 0
-2 16 -17 0
22 -13 7 0
-16 34 -2 0
39 24 2 0
39 -28 12 0
4 34 2 0
28 33 35 0
5 -38 27 0
27 -35 22 0
-5 4 36 0
-17 10 -7 0
3 -31 4 0
9 6 -12 0
-16 11 20 0
-20 35 7 0
31 -23 -29 0
-31 37 35 0
37 20 9 0
8 -16 -33 0
-24 -32 29 0
-19 -38 -14 0
36 -39 12 0
10 18 -23 0
8 11 40 0
-24 31 30 0
35 -27 33 0
3 35 -32 0
29 1 -17 0
27 -37 -33 0
17 -28 -22 0
9 18 3 0
-5 16 -3 0
-2 -38 41 0
26 27 -24 0
-10 13 24 0
13 2 31 0
-6 38 -29 0
-37 2 22 0
2 -26 -18 0
-32 15 -28 0
-3 -38 5 0
-18 14 12 0
33 -41 12 0
-4 3 10 0
31 -27 32 0
-34 -20 -16 0
-40 -5 -12 0
-2 34 41 0
1 23 40 0
37 -25 20 0
-5 -25 -28 0
1 20 23 0
-22 30 9 0
15 8 -5 0
11 -18 -16 0
40 -16 22 0
40 -29 20 0
-21 -37 -18 0
22 12 8 0
31 -20 25 0
31 -19 -2 0
19 38 -18 0
6 1 -17 0
-5 -25 -41 0
-40 13 -21 0
-40 10 -14 0
36 -5 -15 0
1 -36 -40 0
26 -34 -6 0
-19 -6 -41 0
19 1 -25 0
8 -29 -34 0
15 -12 -25 0
20 41 -34 0
35 17 -18 0
25 15 1 0
11 20 28 0
-20 13 23 0
-39 37 -18 0
-24 -28 -9 0
8 -19 -20 0
-16 -17 -24 0
35 -11 28 0
-28 27 29 0
-41 36 11 0
33 -12 13 0
-40 -23 3 0
-11 14 12 0
18 -26 -12 0
11 15 -22 0
28 -4 -12 0
1 -15 16 0
-29 36 -26 0
-35 9 40 0
18 -3 40 0
-15 35 -3 0
7 -41 -38 0
4 -39 -26 0
3 -6 -20 0
3 -19 -16 0
37 -29 -25 0
-8 11 -35 0
11 15 -13 0
-4 17 14 0
-29 -6 19 0
-25 -5 -38 0
-6 -3 4 0
7 21 -9 0
-15 -24 6 0
24 -1 -22 0
6 14 30 0
31 -32 -27 0
33 -18 -37 0
18 13 7 0
15 18 22 0
-24 9 34 0
11 -4 -19 0
-13 -20 12 0
-38 -14 -33 0
31 -7 -24 0
3 39 33 0
8 4 -3 0
-7 -22 13 0
19 6 36 0
28 33 -20 0
-16 -37 4 0
-32 17 -27 0
-8 9 21 0
-18 4 -13 0
26 1 35 0
9 -12 25 0
37 3 -39 0
28 27 -2 0
-2 32 -24 0
-41 -39 -26 0
-23 12 11 0
6 -11 2 0
-2 -32 27 0
3 -20 -10 0
-38 23 -28 0
-30 19 -37 0
2 28 6 0
39 -20 -9 0
-22 23 32 0
31 -38 35 0
-15 40 -32 0
-25 3 -32 0
-6 -14 -24 0
-5 -29 -8 0
33 -15 29 0
-3 8 32 0
-35 -24 41 0
30 -33 -19 0
-26 -2 40 0
11 21 -5 0
33 1 15 0
20 11 -29 0
20 16 38 0
6 21 -38 0
-25 21 -35 0
16 -7 1 0
-5 7 3 0
-24 -32 1 0
41 17 13 0
30 -18 -12 0
25 29 14 0
-26 -28 -14 0
-7 9 -5 0
19 -6 23 0
-3 -21 12 0
