p 68 289
55 32 7 0
2 37 38 0
-37 34 56 0
59 45 -54 0
48 2 60 0
-45 23 21 0
-11 -33 18 0
-3 -29 31 0
-27 9 15 0
-28 -57 -59 0
2 30 -3 0
47 61 -43 0
64 -50 39 0
68 31 -29 0
-7 48 -29 0
-45 48 64 0
2 33 -43 0
-42 3 -59 0
-51 -31 7 0
-31 -40 -37 0
60 -67 24 0
63 -32 54 0
46 -62 -44 0
-55 -41 -27 0
-56 -40 -44 0
-68 -62 -35 0
-49 48 55 0
-52 2 -37 0
64 -68 -8 0
-19 68 62 0
-28 53 58 0
37 41 8 0
30 -1 -56 0
-15 4 -27 0
57 -52 37 0
21 47 5 0
-47 -62 -59 0
14 30 56 0
-61 49 -38 0
-28 -44 -12 0
63 -68 41 0
-45 -32 -40 0
-13 59 65 0
-64 -60 -17 0
15 -25 61 0
35 -40 -48 0
-45 3 25 0
37 -49 15 0
-37 1 -7 0
-62 -68 -2 0
-15 -6 -61 0
-57 17 -14 0
56 8 -20 0
-53 48 -51 0
37 -43 -1 0
23 -3 35 0
-15 -46 55 0
37 -27 50 0
11 -48 29 0
56 30 -13 0
-54 64 -26 0
-37 -21 20 0
-24 47 57 0
-31 32 -7 0
28 1 -3 0
25 12 -67 0
-28 50 -61 0
-13 2 -46 0
2 -17 62 0
65 -57 -25 0
-40 -9 -7 0
29 -2 -54 0
-10 -30 40 0
-2 -18 29 0
-7 -29 61 0
9 27 18 0
-17 9 -21 0
35 55 -3 0
-61 -38 -53 0
-41 -26 -37 0
-48 5 -51 0
-10 60 54 0
28 33 -26 0
19 34 18 0
6 38 66 0
-62 1 56 0
28 24 -19 0
29 68 57 0
-5 35 -51 0
32 25 40 0
7 -63 38 0
62 56 -19 0
48 33 -8 0
-66 55 -41 0
-20 18 2 0
-17 -7 19 0
-56 -9 25 0
-17 -32 24 0
50 65 42 0
41 20 12 0
-12 -30 63 0
-57 61 11 0
-58 42 -17 0
18 -32 -10 0
59 -48 45 0
51 67 56 0
42 -37 44 0
46 1 63 0
1 37 -55 0
-35 -9 -28 0
-17 15 -66 0
-8 -14 -16 0
-59 -14 49 0
-37 22 58 0
29 59 -34 0
3 48 -52 0
-49 52 -62 0
42 35 20 0
-33 1 -2 0
13 60 -45 0
-30 3 -41 0
31 -48 -37 0
-57 -10 58 0
-62 55 52 0
-32 58 23 0
-54 -34 -18 0
-20 -28 -46 0
-32 -47 -58 0
-9 37 56 0
-61 -50 16 0
-60 -45 28 0
33 9 -50 0
-7 24 66 0
5 -65 -29 0
-17 32 54 0
40 -38 -2 0
37 10 -45 0
-48 -58 27 0
32 -27 38 0
41 -60 -16 0
-28 11 2 0
-46 3 -34 0
-42 -23 62 0
-47 -49 -29 0
-8 9 -47 0
22 20 68 0
-30 21 -16 0
25 7 4 0
-3 45 44 0
22 57 63 0
-60 -22 27 0
-44 7 68 0
-65 39 20 0
7 -26 3 0
-39 8 6 0
-30 58 9 0
-52 27 -51 0
6 -29 -39 0
55 12 -52 0
66 -63 50 0
-21 -33 -20 0
-1 24 57 0
-10 -16 -31 0
52 5 -17 0
46 -65 3 0
-54 -20 -66 0
49 -28 67 0
-38 -36 62 0
36 3 -22 0
-5 -31 -45 0
-34 43 51 0
-46 -9 57 0
2 -19 21 0
63 -31 49 0
-13 -26 27 0
-57 31 15 0
39 30 -25 0
10 -19 6 0
-59 50 -9 0
50 38 56 0
-39 48 -7 0
-47 -58 -39 0
-60 -27 -54 0
-41 14 -13 0
10 -58 43 0
41 45 11 0
-63 -11 -64 0
46 -2 30 0
-36 49 67 0
6 22 -5 0
-13 59 20 0
-41 -35 20 0
47 25 32 0
-4 55 -6 0
-9 -57 -63 0
4 -25 19 0
63 49 -18 0
25 15 -8 0
20 -41 -21 0
24 -27 -56 0
7 33 -38 0
29 -40 27 0
34 -38 -28 0
-45 -1 -12 0
-18 30 -42 0
-3 59 63 0
-64 -20 46 0
-39 41 -68 0
-61 57 46 0
16 -24 60 0
8 51 47 0
50 -41 -57 0
31 -2 53 0
19 -34 50 0
-27 23 -6 0
40 3 -36 0
10 -45 3 0
-21 -32 53 0
-41 -15 21 0
45 12 48 0
46 32 50 0
-9 -2 49 0
44 25 2 0
-43 44 56 0
16 50 -62 0
-11 37 -12 0
36 -23 -52 0
-15 4 38 0
7 5 54 0
-58 34 51 0
-11 -13 19 0
-42 64 -52 0
15 -13 -26 0
-16 41 47 0
22 60 67 0
1 -67 -53 0
-11 15 22 0
-22 59 -67 0
39 51 24 0
-35 67 46 0
59 -43 25 0
-47 -52 -3 0
-39 -37 -34 0
53 -67 57 0
10 -36 -19 0
43 -19 -25 0
30 -8 -54 0
-28 52 -65 0
-62 3 -42 0
22 20 -46 0
-16 -65 46 0
-12 -63 -38 0
29 -20 17 0
18 55 -68 0
1 -2 -25 0
-37 7 -8 0
-66 -12 37 0
31 38 11 0
-61 -64 67 0
-17 1 42 0
19 57 -23 0
47 51 -13 0
27 -13 -11 0
67 42 46 0
36 9 -55 0
-25 -49 37 0
57 3 46 0
-43 50 -49 0
-10 61 55 0
-19 15 -6 0
-34 -37 -50 0
-19 -54 18 0
64 -8 51 0
57 65 -26 0
5 -3 -57 0
43 34 -25 0
-41 -31 16 0
45 -59 4 0
-67 60 -25 0
-25 22 13 0
51 3 62 0
-48 4 40 0
-46 6 -28 0
47 -68 -43 0
-2 25 18 0
-34 32 -8 0
28 -21 -11 0
8 -58 68 0
46 -33 -21 0
