p 57 242
-18 -1 -5 0
9 -10 -12 0
34 38 24 0
55 -27 18 0
26 -46 28 0
17 44 27 0
-36 -26 49 0
-2 30 -19 0
54 -55 44 0
-27 -25 10 0
50 -51 43 0
-42 -52 -34 0
27 14 -57 0
-23 17 -57 0
35 -29 3 0
9 -5 -21 0
54 -21 -22 0
47 54 53 0
-45 49 -22 0
15 42 -50 0
-43 -21 9 0
-8 12 -26 0
-33 -36 13 0
43 54 55 0
46 40 38 0
24 -31 -4 0
36 -42 44 0
-15 36 -17 0
-57 -52 9 0
-10 3 -11 0
-30 -50 -1 0
-22 54 -26 0
-48 -45 -49 0
-22 -19 -52 0
32 -25 -11 0
1 21 53 0
-54 40 26 0
54 56 -20 0
40 17 20 0
-17 -48 37 0
-18 -46 -37 0
-1 35 -9 0
-4 -50 36 0
53 28 -56 0
8 44 5 0
-13 10 -5 0
-47 -24 -33 0
8 5 -7 0
-31 -9 -29 0
1 5 -29 0
26 19 36 0
57 8 11 0
32 -38 7 0
-53 -20 55 0
-20 -26 54 0
-2 -53 -14 0
-1 -44 48 0
39 -53 -55 0
-25 -24 -57 0
51 4 54 0
34 21 -5 0
42 33 38 0
-40 -57 54 0
-51 33 24 0
6 15 37 0
-29 18 -3 0
-26 -13 7 0
44 53 -7 0
49 2 56 0
-27 26 21 0
-43 -40 -24 0
4 57 24 0
15 -11 -16 0
23 45 -7 0
37 10 26 0
46 49 13 0
25 -45 34 0
13 18 -16 0
-57 -12 -28 0
-21 31 26 0
40 -3 33 0
51 43 -14 0
-38 -53 5 0
51 -21 -44 0
-46 1 -31 0
-32 40 43 0
35 -20 -44 0
-17 -6 24 0
4 21 41 0
55 -38 44 0
53 1 24 0
-22 -6 25 0
49 2 -12 0
45 30 21 0
51 22 21 0
41 54 -9 0
53 -55 -31 0
-5 18 -32 0
50 -15 28 0
-14 -57 -43 0
53 -57 49 0
-49 56 -13 0
-25 -48 50 0
-55 -18 48 0
56 40 8 0
-29 10 31 0
-11 -51 48 0
-10 34 32 0
53 42 18 0
25 -46 7 0
-12 -2 -29 0
-30 -7 -48 0
-15 1 41 0
57 -46 16 0
33 -26 40 0
13 -19 -33 0
55 49 3 0
33 30 34 0
-28 30 -56 0
-47 45 -10 0
20 17 8 0
49 51 -53 0
-44 6 -35 0
-54 18 26 0
-33 44 -38 0
-7 50 6 0
-9 -46 57 0
4 -26 -19 0
38 2 -24 0
-54 -47 52 0
-53 33 -37 0
-43 -51 -31 0
-54 -7 -1 0
17 -7 -2 0
1 -44 -35 0
-9 -14 -52 0
38 -29 22 0
11 41 -16 0
-11 7 -38 0
57 43 46 0
-52 16 40 0
36 45 -50 0
-38 -23 43 0
3 48 -21 0
33 -51 -36 0
-40 -54 50 0
33 27 -29 0
55 -4 44 0
30 -21 -17 0
47 -23 45 0
-40 27 -13 0
15 -21 -47 0
-18 -44 33 0
-55 -45 31 0
-31 -47 -24 0
-11 -55 -57 0
-37 33 -47 0
47 32 42 0
6 -27 -33 0
49 12 36 0
-38 -40 13 0
-27 55 33 0
-23 44 -34 0
46 -53 -29 0
-17 16 28 0
1 44 -12 0
16 -8 -36 0
-5 52 4 0
-43 -45 21 0
-12 -49 41 0
47 21 6 0
22 -35 27 0
2 -54 -49 0
42 -49 -53 0
49 51 19 0
-48 35 19 0
-12 13 -33 0
-25 -9 -55 0
-53 -27 29 0
37 -15 -13 0
-55 8 -11 0
40 -35 -45 0
-4 -21 -10 0
57 55 -21 0
10 -42 6 0
-47 -4 -25 0
-24 -20 -50 0
-56 35 -24 0
38 -1 26 0
-22 -45 6 0
-9 51 -25 0
-14 45 -35 0
42 20 32 0
-36 -41 29 0
33 56 -4 0
-29 -8 2 0
-5 12 -51 0
-55 53 46 0
42 32 11 0
-50 41 -32 0
3 -5 -32 0
-17 -45 -32 0
3 6 20 0
32 -19 10 0
15 22 56 0
-16 20 9 0
44 10 -31 0
-45 2 -7 0
-16 -8 -23 0
52 -9 30 0
-6 42 39 0
37 -11 -45 0
-28 27 51 0
-22 -19 49 0
57 -3 -32 0
-55 6 -26 0
41 -23 -31 0
49 -4 30 0
-13 42 -34 0
-49 -8 30 0
-22 -31 46 0
-50 26 -33 0
21 -43 -3 0
-41 -39 -21 0
-27 57 56 0
39 44 23 0
48 -9 -22 0
-54 15 32 0
-28 -5 -22 0
54 22 -38 0
-30 -53 -25 0
27 52 44 0
-37 -28 -43 0
-27 -30 25 0
39 -7 32 0
-20 40 -42 0
-37 44 -42 0
-52 49 43 0
-15 -16 6 0
-24 54 53 0
35 11 -10 0
8 19 -2 0
