p 82 349
-62 53 -8 0
7 -15 12 0
-77 -21 -24 0
-73 12 -63 0
82 -47 38 0
-9 64 -21 0
-6 -69 61 0
-38 -71 -45 0
-73 -21 9 0
75 -36 31 0
-22 82 -48 0
-82 3 -80 0
-27 -80 63 0
-23 -68 65 0
43 -73 45 0
19 17 -58 0
-10 -57 -80 0
78 -67 -11 0
-81 65 38 0
61 -59 -39 0
7 -16 -21 0
2 64 -50 0
-76 17 10 0
49 34 -50 0
-10 49 -53 0
-80 -48 33 0
7 -63 16 0
82 -70 60 0
-44 65 -8 0
25 -2 51 0
-63 -17 23 0
-41 -48 -43 0
-71 -66 -15 0
-31 52 -58 0
11 -51 -3 0
5 31 56 0
-45 68 7 0
48 -73 80 0
44 -11 -50 0
-25 44 43 0
-80 -42 -65 0
-69 62 -12 0
-30 58 10 0
-49 13 -50 0
-35 2 -32 0
62 -39 -30 0
-1 48 -55 0
71 38 -49 0
58 -19 -25 0
-21 6 16 0
41 13 -15 0
54 21 -33 0
-71 55 5 0
-72 81 -36 0
-40 -34 -76 0
53 -20 17 0
-38 -3 36 0
14 -26 -34 0
55 -81 8 0
1 25 42 0
-8 -10 60 0
-80 -19 -41 0
-25 -2 -64 0
-32 -72 27 0
73 65 -29 0
39 -74 -23 0
-34 -55 -1 0
-62 -67 -55 0
-38 -71 -82 0
81 32 14 0
34 -24 -63 0
-3 -74 21 0
-65 -25 77 0
27 -64 -34 0
-76 -1 -18 0
46 26 20 0
-54 -75 -4 0
-55 17 7 0
-56 43 6 0
15 -55 56 0
-45 -9 38 0
-47 27 5 0
57 -66 -10 0
-36 80 -66 0
62 64 -59 0
80 24 -42 0
-25 47 -6 0
-27 -82 -47 0
49 10 68 0
-12 -46 -16 0
-58 62 27 0
-82 67 -13 0
-37 18 58 0
37 25 14 0
-22 -3 -79 0
62 52 -40 0
-35 63 68 0
-78 -67 -65 0
21 37 -28 0
-35 -32 14 0
45 -48 69 0
-1 -29 82 0
17 43 -58 0
12 39 68 0
58 -13 -22 0
72 -63 -75 0
-44 -22 -21 0
63 53 76 0
-18 28 69 0
12 -51 30 0
39 -62 21 0
-58 -19 11 0
30 72 -52 0
-65 24 -68 0
-18 -11 -63 0
51 53 -10 0
10 58 -20 0
40 -50 -13 0
-57 72 -48 0
45 4 -22 0
-33 81 9 0
33 36 76 0
-20 35 49 0
-10 -37 44 0
-80 46 41 0
14 -4 13 0
45 71 -7 0
-59 29 -23 0
49 -1 71 0
5 -14 8 0
-11 -72 -27 0
63 -46 -70 0
-9 59 51 0
52 -20 -56 0
-21 47 -67 0
3 -27 18 0
46 36 -73 0
-2 -57 -33 0
-27 67 44 0
44 33 -8 0
-26 -74 -19 0
72 -7 50 0
-11 -22 -15 0
-41 -46 58 0
-34 48 -37 0
-77 -76 -16 0
-1 77 48 0
22 -64 -55 0
-53 57 80 0
-29 57 -19 0
19 -53 -21 0
-54 36 34 0
-76 82 -72 0
-44 49 19 0
-74 -14 -72 0
27 -19 35 0
52 -57 -38 0
-68 -14 -31 0
-45 14 61 0
-55 43 -20 0
-50 82 -64 0
-14 -77 75 0
20 -5 39 0
-13 -50 -48 0
82 16 -22 0
53 -8 -82 0
12 -43 -24 0
61 20 80 0
-36 -29 68 0
57 80 5 0
42 -59 74 0
76 -33 40 0
19 17 -47 0
28 57 38 0
12 -77 -65 0
52 -24 36 0
-7 -38 -60 0
-80 55 9 0
61 -58 -31 0
-80 64 31 0
80 -68 33 0
60 -30 -38 0
67 13 -15 0
-33 76 46 0
44 -13 -64 0
-78 -50 26 0
-11 52 3 0
9 -80 49 0
10 44 7 0
10 25 8 0
66 14 80 0
-14 21 -7 0
67 -78 50 0
-73 -16 45 0
-52 49 -50 0
69 60 -45 0
-57 -73 -68 0
-67 -35 -45 0
59 -34 -63 0
66 -56 62 0
73 -12 -39 0
-67 21 66 0
-14 -80 -42 0
-76 -18 14 0
65 -29 -78 0
25 1 -73 0
-80 66 23 0
-59 2 16 0
66 72 48 0
-31 -7 -18 0
-63 -16 -60 0
18 -32 -24 0
79 -43 30 0
-15 53 46 0
-73 -6 74 0
-37 76 81 0
-41 -55 56 0
-77 47 44 0
-40 -53 -37 0
76 -77 -19 0
19 -74 -9 0
-35 71 -61 0
-33 40 69 0
64 -59 -21 0
-71 51 -52 0
-50 -64 3 0
43 4 -2 0
71 -27 12 0
60 13 34 0
-35 46 25 0
3 -56 31 0
-24 20 63 0
-14 41 1 0
-44 -42 -52 0
-69 -39 68 0
-34 -43 -25 0
52 20 4 0
-62 22 -33 0
74 -69 47 0
-51 -70 62 0
-74 -13 42 0
53 57 -44 0
-12 -35 -30 0
44 10 -9 0
66 23 15 0
-50 78 72 0
62 25 28 0
-69 -80 23 0
58 37 17 0
-18 -56 -63 0
-59 -65 -8 0
82 40 80 0
25 -71 -81 0
49 11 -34 0
-10 -80 30 0
-32 -79 -25 0
-28 -58 -5 0
-57 40 67 0
58 -35 17 0
-30 17 -64 0
50 81 41 0
-31 6 -62 0
-2 7 51 0
-68 -50 9 0
5 -64 35 0
3 6 -35 0
2 76 -42 0
50 -60 -57 0
-33 22 64 0
-25 31 -70 0
-73 69 -49 0
15 27 75 0
3 -24 -47 0
14 -37 -33 0
-18 2 67 0
75 53 -67 0
-23 58 13 0
-19 35 -30 0
37 -43 57 0
73 60 -61 0
-3 14 -75 0
26 -33 36 0
31 40 -44 0
8 36 -15 0
-24 1 37 0
-30 2 -14 0
46 -75 -35 0
-39 -71 28 0
20 -11 -37 0
46 -54 29 0
47 50 -8 0
-41 73 -40 0
59 -75 52 0
21 -44 -47 0
-60 64 -49 0
20 -69 -9 0
-22 -19 54 0
-35 76 -69 0
68 -42 17 0
23 44 -12 0
39 22 58 0
69 33 72 0
4 56 39 0
51 -46 7 0
-40 -46 -41 0
-69 -14 55 0
-48 -11 29 0
3 45 42 0
14 -63 79 0
-57 49 -8 0
-9 17 -21 0
72 -8 17 0
-20 58 -41 0
-73 -26 -46 0
-54 81 21 0
2 81 35 0
81 -33 -31 0
-71 -72 -14 0
-75 -68 19 0
-39 -10 61 0
-12 67 -26 0
-7 -14 -49 0
-15 -3 -43 0
35 80 -57 0
-19 -44 -4 0
-40 36 -66 0
-58 -79 67 0
65 25 -66 0
-52 -59 36 0
47 76 7 0
63 -10 72 0
74 -72 -60 0
-11 -34 -37 0
-32 -49 -63 0
-71 43 -79 0
-23 -53 31 0
-7 -54 37 0
-79 -67 46 0
-6 50 -35 0
-22 2 -54 0
-67 -3 -73 0
-27 -44 -26 0
-79 -11 -45 0
36 -7 35 0
74 44 2 0
80 38 70 0
3 -24 46 0
-18 4 77 0
-61 -67 -4 0
