p 66 281
6 52 -18 0
-6 -1 26 0
21 65 7 0
-43 -33 -18 0
-51 -32 -38 0
-65 -51 -52 0
-65 57 22 0
-41 7 26 0
-28 27 -33 0
-15 59 45 0
62 31 -14 0
-1 4 -20 0
29 -55 -6 0
-28 19 37 0
-18 31 59 0
-5 11 57 0
24 14 -25 0
57 -12 -17 0
-22 -25 63 0
64 -18 -51 0
-21 -16 -50 0
-59 -29 -6 0
-40 66 -3 0
19 38 -40 0
11 -58 -13 0
22 48 -65 0
28 3 30 0
42 44 -55 0
4 -53 66 0
-38 -11 -44 0
21 7 35 0
-48 7 6 0
-43 -28 4 0
32 25 -33 0
-15 -17 8 0
4 52 35 0
-11 -36 -40 0
-1 57 -33 0
46 -5 -61 0
-38 -45 -12 0
-12 -47 8 0
27 -16 64 0
10 44 65 0
38 48 -19 0
23 64 -27 0
-14 -12 15 0
-50 13 5 0
-24 -22 4 0
8 -12 3 0
-48 2 -19 0
23 -16 -54 0
-40 32 18 0
-63 52 42 0
-18 -31 -36 0
-20 -46 10 0
32 45 28 0
8 -4 25 0
-62 65 -38 0
-20 43 44 0
22 34 -3 0
-51 -48 15 0
-66 -54 6 0
43 -56 21 0
-66 11 55 0
53 -25 21 0
-43 17 -11 0
5 -66 -24 0
-35 -56 -29 0
28 55 58 0
-18 57 3 0
26 -52 -6 0
10 -18 13 0
44 -3 -48 0
25 -7 -54 0
-2 -39 11 0
-56 -8 22 0
-19 -42 -13 0
36 -27 -11 0
-34 43 17 0
-56 61 31 0
17 21 22 0
7 -27 12 0
6 -56 -63 0
-60 -46 -22 0
-11 -32 -12 0
-29 -31 -33 0
24 34 66 0
-61 55 -59 0
64 -26 -31 0
-66 -28 -9 0
6 -28 -60 0
53 58 34 0
42 59 61 0
40 -17 -7 0
3 -7 1 0
-37 15 6 0
47 -63 7 0
53 -47 56 0
-59 -31 -42 0
64 -53 -33 0
-9 -11 -57 0
59 -11 7 0
-9 -1 11 0
-20 -66 56 0
-59 -46 1 0
26 47 -21 0
-64 -34 -27 0
-37 27 51 0
-5 55 23 0
-11 -19 58 0
-66 9 -32 0
20 -14 -9 0
48 -11 39 0
-5 44 -4 0
-26 53 -60 0
-47 57 -28 0
-29 53 -43 0
-37 -36 -34 0
-6 30 -14 0
-64 52 44 0
28 1 -43 0
-35 3 -45 0
-2 -34 -64 0
51 -49 17 0
30 48 57 0
-52 49 -40 0
30 15 -14 0
43 50 60 0
5 -30 40 0
22 41 -42 0
36 52 35 0
14 12 -7 0
38 -27 43 0
-20 2 -32 0
-57 5 -51 0
21 43 -12 0
-27 -17 26 0
-7 -30 54 0
-34 -64 33 0
-18 20 -48 0
-46 62 -16 0
-43 -30 -50 0
28 58 1 0
39 -44 4 0
29 57 -25 0
63 40 -55 0
-34 53 45 0
30 -55 -47 0
-57 -54 63 0
-12 -53 -52 0
32 13 -10 0
41 -34 -44 0
-25 24 44 0
2 17 39 0
44 -24 -50 0
-12 -50 35 0
64 15 -40 0
-60 -39 61 0
27 -29 -51 0
49 -47 -38 0
-9 52 64 0
23 43 21 0
-56 48 -22 0
-51 11 1 0
26 47 23 0
-37 58 -50 0
40 -51 56 0
-21 44 -2 0
27 -53 -30 0
6 -65 -18 0
-2 -33 -15 0
29 32 49 0
20 -32 56 0
7 -21 -11 0
17 64 -41 0
-12 60 -7 0
38 35 5 0
35 2 13 0
46 -66 48 0
-44 -32 -42 0
27 -9 54 0
30 16 57 0
-53 -7 12 0
63 16 -61 0
-65 -22 -6 0
-28 -65 47 0
-31 -16 -20 0
20 -45 -10 0
9 35 -43 0
-9 26 13 0
-17 22 27 0
-7 32 -53 0
-34 -11 54 0
-38 55 41 0
-57 38 9 0
40 38 15 0
23 18 -32 0
-4 -36 -49 0
-15 6 37 0
-23 -57 11 0
37 66 -22 0
41 -31 -39 0
-29 -32 64 0
35 -8 1 0
20 -1 -24 0
-62 -64 -63 0
-19 5 -25 0
46 56 -1 0
-29 47 27 0
-17 -43 33 0
-9 -45 36 0
65 30 -49 0
-54 52 59 0
-29 43 23 0
58 -65 66 0
-41 54 -7 0
27 59 28 0
46 -23 -16 0
34 25 19 0
58 -20 64 0
49 -12 -13 0
48 45 -60 0
-63 37 24 0
-33 14 51 0
-60 28 -35 0
-17 36 42 0
-51 35 -15 0
-56 -43 -36 0
-30 -38 -56 0
9 25 37 0
15 -43 58 0
14 6 -35 0
-25 -64 59 0
-26 39 58 0
-21 -46 27 0
58 -4 1 0
-4 52 50 0
37 35 -7 0
15 62 -9 0
-55 60 50 0
-57 30 9 0
-41 -10 -5 0
-55 57 -4 0
23 41 -36 0
54 -9 -16 0
5 46 6 0
-14 13 10 0
2 10 65 0
-49 15 60 0
48 -58 -19 0
-64 45 -29 0
25 -19 -60 0
-1 -15 -25 0
-4 -2 -9 0
-36 31 66 0
47 -20 40 0
-32 55 58 0
43 -19 -21 0
57 30 25 0
-27 -28 11 0
46 34 38 0
-16 39 51 0
-38 20 42 0
22 20 11 0
54 -33 -30 0
27 8 -5 0
48 21 -33 0
-35 -39 -8 0
-34 60 -17 0
27 -42 -48 0
-19 -53 45 0
27 65 -4 0
45 -48 -28 0
31 -51 -55 0
59 -8 -21 0
-44 30 64 0
-31 17 -36 0
-61 -38 50 0
-42 -19 -7 0
-64 -29 45 0
22 -12 66 0
