p 75 319
-61 -42 -1 0
-9 -54 26 0
-64 -42 48 0
23 55 -22 0
-63 -49 54 0
50 -64 -32 0
75 26 17 0
-9 47 -42 0
55 -72 56 0
75 6 26 0
61 -48 71 0
35 -68 -48 0
4 16 -26 0
12 65 -73 0
-9 -53 24 0
-57 10 17 0
-29 60 74 0
-15 63 70 0
-45 21 -12 0
-64 37 5 0
17 54 65 0
-26 52 -72 0
31 20 43 0
32 3 -59 0
-10 11 14 0
-72 -61 17 0
50 59 -58 0
-38 23 -28 0
53 30 48 0
-17 11 -35 0
74 -27 69 0
-74 18 -24 0
37 16 13 0
-46 -69 24 0
-72 -7 49 0
-49 32 -64 0
-47 -41 -66 0
64 -19 -55 0
5 -18 -4 0
17 -38 34 0
62 -23 -73 0
11 51 -25 0
12 -55 53 0
54 74 51 0
55 -50 -9 0
73 -35 -45 0
57 50 -13 0
-16 31 -23 0
-46 3 -55 0
3 -32 61 0
7 -68 -12 0
-23 -10 55 0
51 54 52 0
-60 62 -32 0
39 -32 -31 0
31 49 45 0
54 31 72 0
-64 8 1 0
-4 38 -59 0
72 4 -7 0
-44 55 -37 0
53 -18 -73 0
36 -65 -70 0
-36 33 25 0
-11 -18 -65 0
-63 72 61 0
-17 -19 -39 0
23 22 33 0
-62 34 -29 0
-21 66 -64 0
60 51 39 0
-63 -52 4 0
50 -32 -75 0
-12 -35 -63 0
52 75 40 0
56 -10 -12 0
-49 69 -45 0
33 -71 51 0
21 50 61 0
12 -66 45 0
64 -54 47 0
-74 12 57 0
-56 -54 7 0
72 15 1 0
73 53 -62 0
19 -2 32 0
61 -63 65 0
71 30 -23 0
11 -12 64 0
-33 -68 -14 0
51 49 -14 0
22 23 -11 0
70 -12 -47 0
45 -67 -29 0
-12 6 46 0
58 40 11 0
5 19 64 0
-55 16 -2 0
69 -34 -74 0
-32 34 -45 0
-19 -43 58 0
-62 -30 6 0
-20 38 17 0
-21 8 -31 0
-68 -60 33 0
-9 -67 53 0
-65 -48 45 0
25 74 -57 0
2 -46 37 0
12 47 -52 0
-17 75 15 0
21 -70 -23 0
-7 30 -2 0
9 23 -70 0
36 -49 -19 0
-73 -49 -74 0
73 -28 5 0
-34 -19 50 0
-42 -6 5 0
20 -50 1 0
-32 -39 -34 0
-36 -64 11 0
-73 -53 -3 0
-36 -46 -38 0
-57 48 53 0
21 -48 46 0
-15 16 -40 0
12 58 -7 0
-58 33 -15 0
-33 -63 51 0
62 18 -6 0
71 -51 -15 0
41 6 15 0
-7 43 -32 0
8 42 24 0
-56 3 -22 0
-52 22 73 0
-40 -9 -48 0
-44 36 28 0
56 -58 -52 0
72 -53 -22 0
66 -45 33 0
3 32 43 0
58 73 64 0
-60 -45 15 0
-13 21 -53 0
41 -48 -62 0
-22 3 54 0
36 23 -55 0
5 43 -28 0
52 -4 -24 0
-50 -72 -24 0
6 -14 -35 0
-61 -16 62 0
-58 33 24 0
-22 -74 43 0
-71 -39 -7 0
-75 30 21 0
-59 -18 -25 0
-4 -48 -45 0
54 -58 -10 0
16 -33 -70 0
3 30 1 0
-8 -21 -61 0
-72 24 25 0
50 47 68 0
-18 -44 13 0
-6 7 56 0
-71 25 16 0
-32 -23 65 0
-70 -10 -26 0
-19 73 -16 0
67 -17 18 0
29 -11 -42 0
37 7 -61 0
-61 -22 17 0
-56 29 -28 0
29 21 11 0
-18 36 40 0
-32 72 5 0
-1 -8 -10 0
-67 55 -19 0
-20 -60 37 0
-30 53 -45 0
-25 13 -43 0
32 -71 63 0
-72 -31 1 0
69 10 -68 0
-20 -59 -22 0
15 39 13 0
-2 20 34 0
-70 -63 -56 0
-32 -74 5 0
23 -62 66 0
42 40 17 0
19 -15 -30 0
11 -60 -61 0
-11 18 70 0
26 -44 16 0
-22 -9 -67 0
54 -23 39 0
-31 72 -56 0
-16 -1 60 0
-27 -63 -48 0
25 -9 -38 0
-13 -74 -73 0
-61 25 -67 0
18 14 -23 0
33 54 -48 0
31 -59 48 0
-31 -71 46 0
-60 -46 37 0
23 54 -50 0
-44 -22 -37 0
65 13 -12 0
-72 62 -1 0
-67 15 23 0
65 42 -29 0
67 9 -41 0
60 4 54 0
-50 -4 64 0
-14 8 -53 0
49 2 -9 0
-51 46 75 0
-9 34 30 0
48 -12 41 0
-40 70 15 0
10 -32 -23 0
13 -64 2 0
-44 37 8 0
-49 -28 15 0
62 -35 -44 0
65 57 -48 0
36 -4 -43 0
45 75 25 0
24 -7 44 0
-5 -74 25 0
27 -3 -46 0
10 -31 48 0
-4 -64 47 0
35 23 8 0
-29 -39 28 0
8 10 -72 0
-44 -41 60 0
48 -72 4 0
65 39 -29 0
62 -12 55 0
-27 -64 -57 0
51 -25 -36 0
-61 -66 54 0
43 32 -64 0
51 75 20 0
65 19 -41 0
56 2 62 0
-25 62 -14 0
72 -40 -14 0
3 50 33 0
-49 -72 -4 0
-73 -14 58 0
56 -43 60 0
5 -24 18 0
59 -18 -67 0
-44 -58 -33 0
75 44 -49 0
38 -22 30 0
53 -13 16 0
17 45 -41 0
-74 -66 18 0
-66 22 68 0
36 -24 -33 0
28 -37 40 0
-38 4 63 0
-74 39 3 0
-56 -53 -12 0
-47 -53 -71 0
63 -21 75 0
20 27 24 0
-49 -11 -24 0
-70 71 53 0
-71 -41 -46 0
-54 -18 22 0
9 14 -64 0
-15 -33 65 0
73 54 5 0
-26 4 -15 0
63 -48 -18 0
34 49 37 0
41 6 21 0
-8 -21 -51 0
23 -13 -14 0
-15 12 18 0
-64 -61 -73 0
-31 -53 -48 0
-67 22 30 0
46 62 -67 0
69 62 33 0
-23 -40 -69 0
-61 -23 33 0
49 61 -59 0
54 -63 -4 0
48 47 -58 0
63 -49 -44 0
-60 -58 16 0
-15 22 7 0
68 -59 15 0
18 -21 15 0
21 37 60 0
-64 25 32 0
-5 22 -6 0
-70 16 3 0
34 -30 48 0
-35 47 54 0
9 -8 7 0
-26 -4 -18 0
35 -8 51 0
8 -10 73 0
-52 41 -16 0
-28 -21 -8 0
72 73 21 0
