p 78 332
32 22 54 0
28 20 52 0
-32 -51 -40 0
-14 30 11 0
2 10 13 0
76 -73 -74 0
38 -72 -64 0
40 -61 16 0
38 -15 -50 0
37 7 61 0
14 28 6 0
65 50 23 0
-2 42 -43 0
-42 -65 33 0
50 -59 -24 0
75 30 31 0
5 22 -38 0
-30 -44 -77 0
30 28 69 0
76 -22 -4 0
-63 -67 14 0
-59 12 2 0
6 8 -16 0
-72 54 18 0
11 -59 17 0
6 68 16 0
1 62 50 0
5 -68 49 0
44 29 35 0
56 -3 -12 0
-26 61 -52 0
-4 5 34 0
-21 -34 1 0
2 75 -63 0
35 69 -25 0
-30 -67 -13 0
29 -47 -41 0
-47 18 50 0
-77 25 32 0
-1 -7 73 0
-41 64 -27 0
74 9 50 0
77 -10 63 0
65 51 -1 0
-29 -50 41 0
-37 -13 76 0
-41 64 -19 0
52 -39 2 0
77 59 50 0
-78 -73 -72 0
-78 16 -14 0
-51 -14 -59 0
-24 3 -19 0
-38 9 26 0
36 -56 -31 0
18 43 -11 0
-21 31 68 0
-42 63 24 0
-23 33 39 0
3 75 -74 0
-65 72 14 0
1 8 46 0
48 -60 58 0
-56 -70 62 0
42 54 -47 0
-4 -63 -53 0
46 45 -13 0
75 52 31 0
8 -35 -44 0
49 1 -12 0
50 -12 -8 0
71 56 57 0
-56 -15 75 0
35 -73 -42 0
-63 -10 60 0
-66 70 -75 0
26 63 7 0
26 35 46 0
-24 78 42 0
-25 -61 55 0
-55 -63 -70 0
44 17 -27 0
-60 -23 28 0
76 -9 21 0
32 51 75 0
-17 63 -75 0
28 55 -41 0
8 -47 -74 0
1 9 -77 0
46 -35 -52 0
33 59 52 0
27 29 26 0
-45 -50 26 0
-24 -35 -42 0
-48 53 47 0
14 76 45 0
-55 -76 2 0
-70 35 37 0
32 -58 -37 0
-13 18 62 0
70 63 58 0
-38 -35 78 0
-38 -74 13 0
-15 20 -56 0
-1 -77 -12 0
-37 22 -51 0
2 -31 -45 0
-58 37 22 0
-35 -21 19 0
57 -36 4 0
61 56 30 0
-75 -52 -44 0
-32 -67 72 0
-6 -54 60 0
55 24 -47 0
-37 -53 60 0
-23 -33 21 0
54 -8 -17 0
-4 74 2 0
-33 47 52 0
-33 -54 -23 0
7 68 -41 0
23 -6 63 0
48 76 -54 0
71 3 57 0
8 61 -21 0
69 57 12 0
-21 51 -12 0
-71 18 -41 0
-2 76 60 0
-3 -56 -65 0
32 -69 -43 0
-23 35 -17 0
-72 43 -3 0
47 -64 -37 0
-8 -77 -72 0
52 -41 -42 0
43 5 62 0
69 74 41 0
72 -64 59 0
5 49 28 0
-61 69 39 0
-34 29 -60 0
11 16 -23 0
-66 17 -14 0
-36 -55 -17 0
-46 64 -74 0
64 -73 72 0
15 -51 -45 0
-21 63 16 0
46 -54 -42 0
-16 60 75 0
-70 17 26 0
-62 60 -16 0
20 -38 13 0
-60 -4 59 0
-1 66 46 0
-21 -25 -20 0
26 49 -70 0
66 -33 52 0
-39 -18 40 0
71 55 -75 0
-4 -60 69 0
43 73 12 0
76 54 69 0
67 -37 38 0
-59 2 27 0
-22 -48 -32 0
-18 -4 21 0
45 -61 -56 0
-6 69 -56 0
13 21 3 0
73 -57 35 0
31 -26 50 0
26 20 -49 0
75 40 -4 0
-46 42 -75 0
28 -26 -62 0
-3 19 -22 0
-46 75 19 0
-61 -22 59 0
27 66 7 0
66 -59 69 0
23 -49 -1 0
-71 -24 4 0
67 -47 5 0
50 -68 -64 0
-51 2 -15 0
77 57 -20 0
71 -62 -4 0
21 -51 65 0
9 53 16 0
-68 -34 51 0
43 -8 41 0
-7 -37 -41 0
-53 -54 -69 0
8 -17 78 0
-69 -54 -66 0
-9 67 -2 0
-18 69 31 0
34 63 -6 0
-7 74 -25 0
42 -71 15 0
-18 -21 63 0
-66 -23 38 0
39 -53 -55 0
33 -24 41 0
36 60 24 0
-64 -72 -32 0
40 17 76 0
20 -6 35 0
74 2 -54 0
64 -13 -68 0
-43 -20 -51 0
23 -10 62 0
22 -38 -74 0
-20 -11 41 0
-63 58 -60 0
-31 -54 -15 0
62 -17 48 0
-35 -65 -77 0
74 34 14 0
12 -62 6 0
-64 -4 -28 0
-36 -51 48 0
35 30 -58 0
-68 -63 65 0
44 53 12 0
-67 -15 -35 0
73 4 -10 0
-63 57 -33 0
52 67 -37 0
13 -75 -63 0
60 43 57 0
-41 -35 -68 0
-3 73 1 0
-7 41 28 0
-43 32 14 0
-40 -15 -27 0
-15 74 -56 0
-2 -10 8 0
-39 -51 48 0
-47 -53 -18 0
77 48 -30 0
-26 -45 12 0
-16 -69 71 0
40 49 -62 0
-23 -63 78 0
21 -45 -46 0
14 -6 -50 0
-66 78 63 0
-24 -17 25 0
-11 66 -37 0
64 10 -14 0
-57 -37 -61 0
18 -22 -41 0
-25 -42 -76 0
-6 -58 -51 0
5 -3 7 0
54 20 76 0
1 73 72 0
-26 74 43 0
-71 -12 24 0
32 54 -1 0
-68 -12 -3 0
7 -61 -49 0
-75 -1 25 0
-7 -36 -56 0
27 35 -19 0
-56 38 36 0
46 -32 27 0
65 -10 27 0
10 49 -59 0
-74 69 -46 0
-50 -75 -1 0
-37 28 -67 0
31 38 44 0
-41 62 -6 0
34 -65 -61 0
-30 65 -64 0
-78 41 -42 0
-4 -70 -64 0
34 67 -28 0
-6 49 41 0
44 -72 4 0
-69 30 28 0
22 -12 -46 0
-11 49 5 0
7 -47 9 0
6 -62 64 0
10 37 -78 0
-30 -17 29 0
-78 -69 30 0
15 -20 -67 0
1 -74 -37 0
33 40 -37 0
68 -32 -16 0
72 -76 27 0
26 -37 -39 0
53 22 36 0
-12 -77 -74 0
11 47 -49 0
36 -39 34 0
-12 -47 8 0
-76 33 -35 0
67 64 -50 0
-78 -61 -57 0
-33 -28 32 0
-43 -72 57 0
-44 -38 -77 0
-10 24 -4 0
-21 -78 19 0
-21 -38 54 0
-37 4 -36 0
-25 39 -28 0
27 -71 -34 0
43 32 -30 0
8 -22 -1 0
-1 -30 -69 0
66 -33 8 0
73 -35 -40 0
11 -29 -37 0
15 70 -7 0
-77 -30 54 0
22 42 -32 0
30 -26 16 0
-67 -78 -72 0
-60 40 50 0
-71 43 -76 0
-28 70 22 0
-63 15 42 0
2 -74 40 0
