p 50 213
9 38 -40 0
34 44 -29 0
44 -20 -38 0
33 26 19 0
-20 -36 17 0
-23 -43 -2 0
-45 29 30 0
39 13 -34 0
-7 20 42 0
30 -4 -27 0
16 7 -13 0
50 30 -18 0
-9 -12 21 0
-38 -36 31 0
29 -7 50 0
-50 -23 4 0
16 11 -29 0
44 23 -3 0
-44 12 9 0
-7 4 -25 0
-17 26 -8 0
5 18 -19 0
-43 -39 32 0
19 -13 43 0
46 16 -7 0
-41 -7 12 0
28 -11 -19 0
-24 22 -4 0
13 -48 -1 0
-34 14 -30 0
-10 7 -1 0
-49 22 1 0
-44 39 -19 0
22 -19 -8 0
12 28 44 0
37 -34 -16 0
15 -50 -3 0
-4 -12 23 0
-15 14 35 0
-18 -43 33 0
16 4 23 0
-22 -42 31 0
-35 17 -26 0
-35 26 -50 0
17 -45 44 0
8 -20 29 0
24 13 40 0
47 -35 -29 0
12 -22 32 0
-7 -10 -26 0
12 -39 5 0
-48 1 21 0
49 48 -6 0
-30 13 24 0
-38 21 28 0
23 11 7 0
-25 36 40 0
45 -33 43 0
-34 -1 -36 0
-33 -39 -37 0
-38 -11 16 0
39 -10 35 0
-21 27 -39 0
10 -46 -15 0
-11 -42 -23 0
-50 -12 -6 0
40 -46 25 0
44 -3 -4 0
-48 37 -47 0
19 6 -30 0
27 49 -2 0
-27 -4 19 0
44 -19 37 0
39 -18 8 0
-26 29 48 0
2 -30 -43 0
5 6 -50 0
-13 9 24 0
41 -30 3 0
20 -36 -46 0
-8 35 42 0
-34 -6 41 0
-50 16 -8 0
26 -39 27 0
-48 29 -33 0
31 27 5 0
8 -17 23 0
25 19 39 0
31 -17 7 0
27 45 -10 0
-29 -43 27 0
27 16 38 0
21 -11 -13 0
44 36 -12 0
37 -18 -3 0
18 16 -28 0
-6 2 -10 0
-48 9 12 0
-48 -4 -24 0
-36 3 1 0
-22 -9 26 0
13 43 -26 0
46 -50 -21 0
24 11 9 0
16 -24 49 0
-37 -16 48 0
26 -25 -10 0
34 22 -23 0
-26 42 17 0
-21 -6 -47 0
20 28 -24 0
-9 17 45 0
22 50 -5 0
-3 -46 -10 0
-27 -23 33 0
-5 49 -37 0
-45 -8 -10 0
18 22 -1 0
-5 -41 -23 0
-41 -33 -19 0
-6 2 -19 0
45 13 11 0
33 7 35 0
-19 -41 -33 0
27 9 21 0
-27 6 8 0
-30 25 14 0
49 16 12 0
22 -33 25 0
-38 4 -3 0
-40 -12 -44 0
12 -13 33 0
-24 -4 -19 0
20 -50 40 0
6 15 37 0
16 18 29 0
-19 -3 39 0
-14 -16 -6 0
-35 11 6 0
-36 43 28 0
25 33 -35 0
36 20 -21 0
28 -26 31 0
32 39 48 0
-48 42 2 0
-4 43 -46 0
25 -7 34 0
38 47 46 0
-28 35 14 0
-16 -31 17 0
28 15 -7 0
28 -30 20 0
-44 13 -42 0
39 28 -10 0
5 -21 -14 0
47 12 -34 0
-17 -27 29 0
-14 17 -47 0
-20 -19 -38 0
44 -49 -37 0
7 -10 2 0
48 2 1 0
-1 11 -47 0
-11 38 47 0
-12 19 -10 0
-37 16 21 0
31 -41 -33 0
15 36 -19 0
14 -42 43 0
44 7 8 0
-14 45 -1 0
-17 -8 -20 0
-20 -16 5 0
6 20 -32 0
37 25 40 0
18 14 3 0
-24 28 -5 0
-19 -4 -5 0
24 9 -12 0
-21 -32 38 0
-33 -32 -47 0
5 -10 47 0
-10 -36 13 0
-28 -29 18 0
39 -21 31 0
-50 -6 -21 0
39 -45 -50 0
16 -28 -35 0
14 26 -22 0
-12 1 -18 0
-4 8 -39 0
47 -3 -4 0
34 46 22 0
39 -28 -18 0
17 20 -16 0
-38 -48 7 0
-27 34 -48 0
-2 -21 49 0
-25 27 -48 0
-48 22 43 0
35 15 18 0
34 -39 14 0
-50 -23 -35 0
3 19 45 0
-35 -5 -24 0
-16 -1 42 0
44 49 50 0
-29 3 -45 0
-32 -26 -16 0
-2 -45 13 0
-15 -42 14 0
-33 -35 -4 0
45 12 -3 0
