p 32 136
23 6 -3 0
23 22 -32 0
19 23 21 0
27 -13 3 0
-8 -2 17 0
-13 27 32 0
-25 -5 -22 0
22 -12 18 0
25 -2 29 0
-24 -28 16 0
-6 1 7 0
-5 26 -23 0
-12 -18 -32 0
-17 14 32 0
25 -3 -17 0
-15 27 -25 0
7 -30 25 0
14 -22 13 0
-22 12 -25 0
29 -21 28 0
-11 9 -3 0
23 16 -8 0
13 2 -14 0
8 19 30 0
-14 -13 28 0
20 -19 -8 0
-26 1 29 0
2 8 -28 0
-14 32 24 0
3 15 9 0
-12 19 24 0
-19 22 5 0
-9 13 -6 0
-9 24 26 0
29 -28 -16 0
20 -28 27 0
-2 1 14 0
3 20 -17 0
-9 -16 17 0
-22 -15 -29 0
-26 -28 1 0
3 -27 7 0
1 31 2 0
-9 -4 11 0
-30 -14 17 0
8 10 30 0
-18 -27 -2 0
-9 -12 25 0
-10 23 -28 0
5 -12 1 0
-15 5 19 0
15 25 -18 0
-2 -4 -10 0
17 15 -22 0
27 -28 -13 0
-8 22 21 0
29 10 -30 0
-3 6 22 0
-28 30 29 0
-32 -25 -10 0
-15 5 -1 0
10 -6 7 0
29 14 -10 0
-5 -19 28 0
-6 -10 -31 0
-28 -9 -20 0
8 11 -31 0
1 17 -21 0
14 -3 -24 0
7 -10 25 0
25 9 -11 0
19 -25 27 0
-30 21 32 0
-22 -10 13 0
-18 15 9 0
-17 26 -1 0
-15 31 13 0
1 -23 -25 0
8 26 -19 0
-4 -1 -29 0
-3 -10 29 0
-27 -10 -3 0
-24 -23 18 0
-8 28 24 0
26 10 15 0
-3 11 2 0
-27 23 -11 0
-15 -29 13 0
-24 9 21 0
4 11 -32 0
-15 -17 3 0
14 -27 -31 0
23 30 -16 0
11 20 25 0
21 -3 5 0
-26 -12 29 0
-25 12 -6 0
29 22 -32 0
-9 3 -27 0
29 8 3 0
-8 -25 -12 0
32 7 -10 0
22 -4 -27 0
-28 -7 -27 0
-27 3 25 0
20 28 16 0
22 -14 -13 0
-3 -10 7 0
1 22 4 0
16 11 -20 0
-1 -9 31 0
-23 -7 -18 0
10 25 -4 0
16 -26 -1 0
-10 -13 9 0
-9 12 -28 0
17 24 23 0
-26 14 1 0
-6 25 13 0
19 -10 20 0
14 13 -27 0
21 28 11 0
11 31 10 0
20 11 -9 0
-2 -32 19 0
17 31 -32 0
28 -8 20 0
-32 28 -4 0
16 7 11 0
-28 -18 2 0
5 16 -27 0
17 6 2 0
-27 5 23 0
-18 -21 7 0
25 -18 -23 0
-21 -25 5 0
