p 71 302
68 50 20 0
-7 55 28 0
-46 57 -28 0
-51 9 8 0
14 22 -11 0
16 48 44 0
60 59 39 0
25 -19 -61 0
-33 14 -23 0
21 -66 -55 0
39 42 21 0
35 62 -14 0
66 29 -48 0
46 18 -2 0
-62 -43 -65 0
-45 1 59 0
-55 45 32 0
22 8 -46 0
-68 -65 29 0
50 36 62 0
43 -54 -47 0
-71 22 -5 0
65 8 -32 0
-47 2 8 0
60 11 -41 0
36 25 -68 0
18 42 -63 0
39 -16 -47 0
-71 22 33 0
37 24 3 0
22 -60 -39 0
64 34 -50 0
-46 35 -37 0
52 17 -10 0
34 66 21 0
-4 28 67 0
11 8 26 0
29 25 -32 0
64 -46 62 0
-46 69 21 0
19 29 -54 0
15 -7 35 0
-6 -28 67 0
-33 37 -39 0
-62 61 -67 0
-16 -30 38 0
-13 49 44 0
55 26 -44 0
-66 71 16 0
45 33 -22 0
-24 68 -59 0
-39 -59 -30 0
-20 -48 31 0
4 71 -22 0
31 -46 3 0
-58 -30 5 0
8 -40 -47 0
-40 -28 -67 0
53 -28 61 0
19 -5 -2 0
-44 -33 -1 0
30 -59 -57 0
56 60 34 0
29 -42 31 0
3 34 -27 0
-27 16 39 0
60 -38 -2 0
59 -14 -54 0
56 43 66 0
-37 58 3 0
-7 -33 18 0
-28 -1 -13 0
51 50 -28 0
-65 -2 44 0
-41 47 -44 0
-22 2 -36 0
-56 -57 46 0
24 16 -11 0
34 6 -25 0
-61 -65 41 0
-30 62 -40 0
51 -24 41 0
-23 38 -62 0
61 -66 -48 0
70 -8 64 0
45 -48 -11 0
-14 20 -36 0
-66 -30 -69 0
42 -62 47 0
13 -45 48 0
-34 31 -15 0
-60 -37 -34 0
-69 12 38 0
57 -69 -29 0
12 18 -37 0
-15 41 29 0
-57 33 -10 0
-60 4 -71 0
-31 -55 -26 0
64 -56 35 0
1 -62 -10 0
-65 -50 -28 0
43 -32 -59 0
-23 -13 22 0
5 14 19 0
-64 71 -62 0
52 -69 -34 0
-41 16 -30 0
-61 -46 -40 0
60 69 -47 0
-67 -22 52 0
-2 -3 -54 0
-47 7 27 0
16 35 -8 0
-32 57 41 0
12 34 71 0
-7 2 30 0
66 33 -59 0
1 -16 -4 0
-21 -13 15 0
-11 18 50 0
-62 -25 52 0
51 39 29 0
-24 -42 26 0
36 66 -13 0
-12 -5 57 0
-65 -42 66 0
25 23 52 0
-22 -55 64 0
35 5 -56 0
-23 52 -41 0
-61 -15 -22 0
-35 -24 57 0
28 13 66 0
60 44 -56 0
-40 13 61 0
-56 -66 23 0
-26 2 48 0
60 -18 55 0
54 -33 -22 0
35 -50 12 0
-25 11 12 0
65 -25 66 0
10 -63 30 0
49 -67 39 0
-53 -55 47 0
11 -52 -39 0
-23 19 20 0
20 -29 14 0
-2 -13 -60 0
10 51 -8 0
-52 -5 -16 0
48 -27 18 0
-47 4 -66 0
3 14 30 0
-71 52 17 0
26 -21 36 0
34 -44 68 0
29 -14 28 0
32 -2 -62 0
8 45 -63 0
-14 -3 -27 0
40 -69 46 0
-70 -46 -15 0
-27 -8 9 0
56 50 -8 0
27 -22 -32 0
25 2 37 0
30 -68 40 0
-30 3 52 0
-16 20 40 0
-20 35 6 0
-55 41 11 0
-69 -5 -52 0
-17 -1 8 0
61 -57 -70 0
-62 -16 46 0
-52 58 -4 0
14 63 3 0
-43 -1 54 0
-38 49 -5 0
-41 29 55 0
13 -8 -44 0
46 10 65 0
-41 -55 -50 0
-67 -20 26 0
-7 -56 55 0
-46 21 26 0
12 -37 43 0
-65 54 -48 0
-33 38 11 0
-13 -9 -27 0
-56 -9 1 0
66 63 -64 0
-32 -52 38 0
-37 27 -21 0
18 -21 71 0
50 18 40 0
55 21 -1 0
30 34 59 0
16 -17 -23 0
10 -41 43 0
1 -44 -13 0
6 53 54 0
5 61 26 0
-64 59 -15 0
-50 -55 -54 0
-53 23 9 0
41 -71 27 0
-47 17 22 0
-46 7 18 0
-31 -36 -3 0
-41 38 -23 0
-1 51 34 0
-14 36 -18 0
33 17 -32 0
59 -53 14 0
47 -26 -28 0
-50 -51 18 0
-6 -58 51 0
-5 32 24 0
11 56 70 0
-51 65 1 0
-39 64 -37 0
6 27 51 0
-7 -16 -18 0
-42 25 -13 0
-63 -34 -45 0
59 28 -55 0
-59 16 15 0
-47 -21 -46 0
-62 -60 57 0
-12 23 4 0
-10 24 25 0
18 -59 -64 0
29 13 46 0
-30 53 -59 0
-20 -47 -16 0
25 66 3 0
9 -65 10 0
-69 55 -42 0
-63 -71 27 0
-46 -6 -5 0
-50 -64 -34 0
59 -22 10 0
34 -69 -8 0
59 -35 48 0
-6 17 21 0
56 -50 -45 0
21 51 -5 0
-66 -8 11 0
25 2 3 0
27 48 -23 0
35 -50 18 0
-64 -47 -23 0
-52 -30 -9 0
-55 -18 23 0
-70 -26 71 0
-9 35 19 0
39 58 49 0
1 -56 -63 0
31 -71 52 0
-70 -62 46 0
-45 -60 -42 0
-47 -44 21 0
12 55 47 0
-9 -27 -25 0
-62 -27 36 0
1 -69 -4 0
70 -35 60 0
46 -1 12 0
-67 28 71 0
55 -17 -18 0
53 30 3 0
12 -37 36 0
66 -45 -70 0
-21 55 20 0
-20 -16 69 0
24 3 -38 0
36 -24 50 0
-31 52 19 0
63 18 8 0
1 -59 51 0
36 -48 -63 0
-31 -24 -37 0
-12 -48 -64 0
23 -48 -4 0
1 -22 -60 0
-51 -13 -62 0
61 -41 -6 0
-51 39 -46 0
-66 21 37 0
-9 16 -52 0
66 69 -38 0
-47 45 29 0
-68 -25 -46 0
57 37 -46 0
-46 -65 -26 0
-54 65 52 0
46 -2 -63 0
-35 51 -63 0
14 -29 20 0
