p 67 285
57 31 -16 0
-18 -2 48 0
18 36 19 0
54 30 -49 0
-36 23 -15 0
2 32 -46 0
41 -36 -46 0
-26 33 58 0
26 9 -33 0
3 26 -1 0
53 -38 -64 0
-21 -2 38 0
4 -41 -61 0
44 -21 33 0
13 26 55 0
35 26 28 0
-66 5 22 0
33 -1 -21 0
32 48 53 0
-47 42 -17 0
-5 63 -49 0
28 66 -48 0
22 55 53 0
43 -30 41 0
-40 -6 -65 0
-39 30 -35 0
4 61 -32 0
-9 46 59 0
-19 -33 14 0
47 -55 42 0
-41 -10 27 0
-10 41 -56 0
30 -31 11 0
-48 -41 9 0
-13 -38 26 0
-46 40 -10 0
-34 42 31 0
-43 45 -33 0
13 1 -14 0
2 -62 14 0
-32 -36 -54 0
35 51 63 0
9 -5 1 0
34 8 -61 0
58 -57 64 0
-17 37 23 0
-40 -10 30 0
-26 -55 28 0
7 -63 -45 0
57 -38 63 0
-28 4 51 0
41 55 -43 0
-53 9 -22 0
-1 -44 -23 0
-37 -54 -60 0
2 -44 47 0
-1 -49 64 0
-17 -13 -34 0
-17 -53 65 0
-58 62 22 0
51 60 -43 0
60 2 51 0
-52 34 -20 0
-28 6 -41 0
-45 -20 39 0
-35 -22 -64 0
-45 -5 40 0
33 -16 -50 0
-44 -33 -28 0
24 -61 -25 0
30 20 -60 0
55 32 30 0
31 -66 34 0
-18 -49 38 0
-45 6 15 0
59 -39 -22 0
-4 -15 45 0
7 -63 64 0
5 20 -1 0
-47 -31 -53 0
51 -39 42 0
-61 24 -23 0
48 41 -59 0
-38 -20 36 0
-55 2 48 0
-39 -61 -67 0
25 26 5 0
43 -10 -11 0
-38 49 -18 0
51 18 10 0
-8 -20 -34 0
47 -28 -43 0
49 37 -12 0
30 39 12 0
4 64 -12 0
-25 33 40 0
-51 63 13 0
41 -58 -32 0
-2 -6 -30 0
47 63 28 0
-65 -7 -63 0
-40 1 -65 0
25 20 53 0
39 -18 -19 0
-17 -53 31 0
22 -61 -11 0
-41 54 -19 0
25 6 -30 0
46 -43 -18 0
11 -2 -55 0
36 -64 33 0
-21 -28 58 0
-41 10 -5 0
18 -41 -42 0
60 37 -6 0
-24 -65 -53 0
-63 65 -61 0
-42 -52 27 0
50 58 51 0
66 -46 39 0
11 17 42 0
-64 10 57 0
42 4 -15 0
44 -54 57 0
44 -48 52 0
-65 -36 -25 0
-3 11 -9 0
-35 33 -32 0
-37 -46 -21 0
-34 13 22 0
-37 -56 -24 0
11 17 34 0
19 17 53 0
-41 39 -60 0
13 -9 57 0
65 -2 66 0
55 -15 39 0
-42 64 -16 0
-12 8 24 0
-56 -64 13 0
4 7 62 0
-17 48 58 0
32 -25 -51 0
-23 -5 -8 0
34 60 -2 0
-11 -62 -48 0
10 -41 -15 0
3 -67 14 0
56 -5 60 0
50 60 36 0
-34 6 58 0
65 24 -47 0
-10 49 22 0
34 -57 -51 0
-41 -34 57 0
27 6 34 0
20 -64 5 0
-9 -48 64 0
47 5 36 0
-35 58 -51 0
-1 -59 19 0
-3 67 62 0
3 52 -45 0
42 -41 66 0
6 23 65 0
-20 53 21 0
-7 -46 -26 0
-48 -15 34 0
37 5 48 0
-11 25 39 0
42 -61 -37 0
-19 34 -5 0
-53 65 42 0
-17 -40 7 0
-36 -62 -2 0
-14 -46 -13 0
-58 1 -67 0
-32 4 -33 0
38 11 66 0
26 40 10 0
30 -60 42 0
-37 -59 3 0
55 -41 -49 0
9 -59 52 0
34 -45 -16 0
56 60 -47 0
-64 19 -9 0
-38 -44 -49 0
-30 5 -55 0
26 18 36 0
-31 26 57 0
-28 -24 45 0
-42 13 -4 0
32 62 -25 0
-60 -35 66 0
6 -21 -19 0
53 -52 59 0
55 -14 4 0
-33 24 -67 0
-14 62 20 0
44 60 -45 0
25 -45 1 0
-53 -33 -12 0
43 29 -38 0
63 44 -13 0
-14 -8 -53 0
-4 65 -13 0
-5 31 59 0
-56 -24 46 0
47 -29 -59 0
-30 26 50 0
-33 -3 26 0
-29 58 35 0
11 21 -12 0
24 57 62 0
11 41 -34 0
28 -48 40 0
-10 14 29 0
-32 56 16 0
40 -39 -52 0
-4 15 62 0
6 56 61 0
-56 -66 47 0
58 -34 41 0
27 -24 36 0
-54 -6 55 0
23 -16 -24 0
50 -57 -28 0
-23 59 -9 0
-61 66 26 0
29 52 8 0
-57 33 23 0
7 60 12 0
58 38 -63 0
62 -14 38 0
-2 39 -32 0
-46 36 -27 0
33 -20 -10 0
13 -59 33 0
31 47 25 0
-33 -61 8 0
-62 -50 -66 0
31 -52 21 0
-54 -20 -38 0
28 62 -67 0
61 60 -24 0
-57 -11 48 0
17 -58 51 0
44 53 49 0
-43 -52 20 0
-49 23 56 0
63 -56 43 0
54 48 43 0
-56 36 -38 0
-12 -45 -10 0
45 -11 37 0
-25 14 -9 0
59 -50 -4 0
-44 -14 -20 0
40 -58 62 0
-48 24 10 0
-24 -14 -40 0
43 -21 63 0
-67 65 -18 0
6 18 32 0
-27 37 -46 0
-65 24 7 0
6 -2 -11 0
-25 11 -30 0
-60 54 -8 0
4 -61 -16 0
-20 47 -23 0
-31 32 -49 0
-28 -37 36 0
-51 -36 -48 0
43 50 -38 0
-9 27 66 0
-67 -50 -39 0
-28 -31 -21 0
-48 2 -42 0
-67 19 10 0
-11 -65 4 0
24 -25 -48 0
49 62 -56 0
-17 3 -27 0
