p 66 281
-17 19 4 0
22 -52 -62 0
-37 -31 33 0
31 55 -46 0
42 -44 -33 0
-23 -46 62 0
7 55 65 0
-17 -55 -53 0
-6 39 -19 0
-9 -37 -14 0
3 -62 23 0
18 55 -41 0
-20 34 -40 0
54 58 -1 0
-24 59 -30 0
-39 -17 -41 0
-33 -25 39 0
-53 -28 -16 0
-53 23 -61 0
31 -36 -47 0
-57 -38 36 0
28 -43 2 0
-30 -4 -62 0
48 -25 -64 0
12 -52 42 0
-22 -28 -50 0
51 44 14 0
-6 17 -4 0
-5 -21 42 0
56 -5 -58 0
21 33 9 0
11 42 -20 0
-35 -64 10 0
-33 -64 -45 0
-58 -49 -1 0
52 14 -61 0
53 -32 35 0
45 64 -26 0
30 52 10 0
22 -20 59 0
-23 -66 -24 0
12 19 -41 0
57 -33 25 0
-49 -18 -46 0
33 18 -37 0
-55 41 -26 0
53 -40 -28 0
-46 60 62 0
5 13 -63 0
59 -21 -13 0
16 53 -52 0
30 -11 61 0
-2 32 17 0
-45 -27 20 0
29 3 7 0
22 49 35 0
3 -27 -46 0
32 15 -55 0
63 50 11 0
-31 -56 5 0
61 -13 43 0
25 -16 50 0
-39 -9 29 0
49 -54 -45 0
55 -56 8 0
-19 -59 -60 0
40 -47 24 0
21 -54 -26 0
-39 -13 25 0
64 -35 -46 0
7 -17 -39 0
-29 23 -66 0
-15 -7 -43 0
12 -50 -47 0
-16 -36 41 0
-40 35 23 0
36 17 -28 0
-1 -50 9 0
57 -44 -14 0
-31 -19 39 0
38 31 -21 0
-18 -15 47 0
-5 50 54 0
63 -51 -10 0
-30 -56 59 0
15 30 18 0
-1 -9 -34 0
65 30 -57 0
15 -16 17 0
46 52 -60 0
-31 -45 -26 0
12 -40 66 0
39 -65 -38 0
35 56 18 0
2 -45 -3 0
57 -16 -10 0
59 -18 46 0
-3 -30 51 0
45 -17 -32 0
-1 25 -36 0
-43 19 3 0
-38 18 22 0
-64 -38 54 0
-13 -49 -62 0
-46 59 10 0
32 58 17 0
32 -29 37 0
-22 -41 -29 0
-6 36 57 0
-5 -22 -13 0
38 -35 45 0
-11 -56 -54 0
-26 -51 14 0
38 61 -65 0
25 -48 -18 0
4 56 27 0
-33 63 -37 0
50 18 -23 0
-55 -4 -45 0
-7 46 2 0
40 16 -35 0
35 47 20 0
45 -27 62 0
34 -4 10 0
41 33 -54 0
39 56 47 0
-64 23 -30 0
38 5 44 0
-22 34 -61 0
-64 51 66 0
27 -45 28 0
-36 -46 50 0
-32 -47 -36 0
15 -26 -22 0
-60 -40 -15 0
2 4 -46 0
-6 9 42 0
-56 66 10 0
62 42 19 0
-35 51 -33 0
-43 -39 -48 0
40 -62 -61 0
65 -25 32 0
3 38 47 0
-50 -45 -42 0
14 32 48 0
2 1 -3 0
-18 -1 -16 0
-18 32 19 0
-13 -46 18 0
-53 32 -60 0
4 31 -29 0
-29 -53 -10 0
-30 9 -38 0
56 -43 21 0
16 18 -13 0
-8 -31 -24 0
37 -55 -34 0
43 -24 36 0
14 10 -41 0
-49 -6 -61 0
-28 -26 54 0
46 -1 -38 0
47 -8 59 0
24 -57 -39 0
16 7 50 0
-63 -9 -33 0
60 -20 55 0
-38 20 -54 0
8 -57 -64 0
-37 51 5 0
20 3 -25 0
11 33 -54 0
-66 55 62 0
25 -6 -18 0
47 54 -25 0
19 3 36 0
50 64 27 0
-29 -46 -49 0
66 55 31 0
62 -16 30 0
56 57 55 0
-52 -19 -27 0
-56 49 60 0
21 41 61 0
42 -54 39 0
-54 40 -61 0
-47 34 -40 0
3 31 21 0
-16 47 -26 0
-53 -42 -4 0
3 -8 -36 0
-10 -55 -49 0
-42 -61 6 0
30 1 63 0
19 -28 -33 0
23 -48 59 0
-28 -64 61 0
-3 -6 -40 0
-60 -34 2 0
-7 -21 46 0
4 -37 -16 0
-27 47 23 0
-13 -22 57 0
-22 30 -4 0
62 -15 -14 0
-26 35 -13 0
50 13 59 0
41 -19 -66 0
-4 63 -14 0
2 35 21 0
53 -13 47 0
-49 -19 -24 0
-60 16 -62 0
36 -48 -4 0
34 22 63 0
22 30 37 0
49 -10 -1 0
-25 -43 -47 0
-46 50 -27 0
-42 -24 -9 0
-5 -34 -22 0
-48 -50 -13 0
-46 19 -60 0
-16 -66 44 0
54 24 -63 0
-51 -8 -11 0
4 37 63 0
-60 30 -1 0
19 44 62 0
-64 31 -49 0
43 12 54 0
31 -32 5 0
37 54 6 0
31 -19 36 0
56 -27 -48 0
29 -21 -37 0
47 64 -31 0
-15 27 -21 0
-51 -14 -60 0
-36 -63 -42 0
-32 44 12 0
-62 5 -35 0
25 47 42 0
32 49 -46 0
54 55 21 0
-7 2 17 0
-24 3 -44 0
-52 2 36 0
-22 -24 -39 0
-50 -65 -18 0
-8 41 23 0
-55 25 -54 0
6 32 -45 0
59 55 -23 0
29 19 -42 0
59 42 44 0
59 61 -52 0
-60 -39 -42 0
-7 42 37 0
-29 23 -48 0
-1 -35 -34 0
24 4 17 0
-11 -48 -18 0
-53 -57 -29 0
44 -60 -45 0
26 -7 -30 0
57 53 36 0
35 -30 21 0
59 38 -9 0
-3 -13 -46 0
-31 10 -46 0
61 -46 -37 0
62 -5 31 0
42 -14 -43 0
-60 55 32 0
57 28 -18 0
-34 39 11 0
-17 -33 -39 0
15 18 -33 0
-37 -28 -25 0
