p 61 259
-42 46 14 0
3 -13 9 0
-31 56 13 0
14 -48 -11 0
-30 -21 37 0
-53 55 -61 0
8 -3 45 0
56 -41 9 0
18 38 43 0
-22 -52 -14 0
-58 29 20 0
49 -14 18 0
48 -53 -54 0
11 -48 35 0
42 -7 -46 0
-49 -54 50 0
33 -37 19 0
17 -51 34 0
-61 29 24 0
41 -26 -21 0
20 -38 32 0
-60 29 -24 0
56 4 -19 0
58 47 -44 0
-13 -45 41 0
-16 36 20 0
-10 59 39 0
15 61 -34 0
-29 31 -52 0
61 -5 -60 0
-52 -48 57 0
-39 -56 32 0
39 42 16 0
30 10 -2 0
-36 -13 -40 0
-24 12 -25 0
51 -26 -55 0
20 44 61 0
-25 -26 -24 0
60 58 22 0
-38 19 54 0
19 -44 -53 0
-20 -15 21 0
60 33 -38 0
26 18 47 0
-58 51 25 0
37 -30 -9 0
-26 50 -16 0
20 32 37 0
-15 42 1 0
46 -34 -49 0
23 -13 7 0
-24 -43 -13 0
34 -23 41 0
29 25 47 0
32 -7 53 0
36 -55 -58 0
-20 14 -39 0
-50 47 45 0
-25 23 -32 0
-3 -59 18 0
-37 -12 53 0
-53 -45 55 0
-47 33 -46 0
-51 54 3 0
-55 60 20 0
21 39 58 0
55 -56 -34 0
33 43 -60 0
-61 21 -2 0
-55 13 -40 0
-59 6 60 0
-30 53 -56 0
-16 -23 -47 0
38 -49 -42 0
-11 28 -27 0
-10 19 51 0
51 34 -61 0
-30 -14 48 0
-7 4 -41 0
50 -46 -33 0
38 -22 -26 0
58 -6 12 0
58 48 -52 0
-56 -4 37 0
21 53 -1 0
-23 59 10 0
50 43 20 0
-39 -46 -29 0
43 46 -59 0
-52 -13 -37 0
-18 27 14 0
48 -9 33 0
-26 -8 21 0
-59 30 -42 0
45 -15 -26 0
-41 26 55 0
21 -33 55 0
41 51 -35 0
5 -25 13 0
20 -36 14 0
32 24 11 0
-31 -37 -6 0
8 61 -16 0
-58 15 -33 0
40 -22 -59 0
-34 58 -12 0
9 35 -42 0
19 36 33 0
26 -22 -60 0
-39 -33 -15 0
60 26 51 0
-35 14 15 0
33 -10 -32 0
14 1 48 0
22 -8 -54 0
-31 -17 55 0
-39 41 -42 0
40 -2 16 0
32 7 53 0
-26 -24 -44 0
24 -7 -14 0
-26 -48 -47 0
30 52 -53 0
26 60 -8 0
5 -49 -32 0
48 -6 3 0
-16 -28 3 0
-43 -52 -55 0
-60 -5 -21 0
-30 61 45 0
23 31 17 0
-57 52 -16 0
17 -28 54 0
-19 33 -14 0
29 -43 32 0
-19 -8 36 0
57 -45 52 0
-9 -29 61 0
44 57 -3 0
48 1 -50 0
20 37 -50 0
27 18 -46 0
-53 16 -18 0
-4 -41 51 0
-41 -48 -4 0
-43 -21 34 0
-9 -44 56 0
-40 -46 23 0
-2 24 -16 0
-57 -14 48 0
17 34 -39 0
-38 -50 -39 0
36 25 -16 0
57 -23 -8 0
-20 27 -22 0
34 45 -9 0
1 25 8 0
-3 36 -43 0
-30 -4 52 0
27 -19 -28 0
-25 -12 31 0
25 29 47 0
59 55 8 0
-23 17 -39 0
1 -5 -24 0
-14 40 -19 0
-31 -38 34 0
-51 -47 31 0
-48 38 50 0
1 49 -6 0
33 -5 27 0
-55 60 -34 0
14 -10 47 0
60 24 5 0
-32 41 -59 0
-28 -41 -50 0
-28 44 -21 0
36 12 29 0
40 45 -14 0
-44 -2 -53 0
-44 -55 27 0
45 55 -6 0
46 -26 60 0
-60 37 41 0
-49 -4 -17 0
42 -10 -17 0
27 -18 -55 0
-43 57 16 0
29 61 -44 0
17 -48 3 0
-42 43 -19 0
-61 -34 19 0
-29 -60 -54 0
3 -11 -24 0
-38 3 31 0
23 -54 -45 0
17 -16 -2 0
-57 -40 -34 0
-50 37 -31 0
16 -41 33 0
6 44 13 0
6 -56 61 0
-22 -38 -3 0
-16 -22 36 0
19 23 -8 0
-24 -9 -16 0
-32 -17 -16 0
-17 21 -46 0
-49 -13 19 0
45 19 -25 0
-34 49 36 0
-12 30 15 0
59 -49 -7 0
-52 23 12 0
55 11 -43 0
15 24 -41 0
-30 -9 -38 0
-43 -10 41 0
23 22 -28 0
23 -51 -52 0
-42 -33 -55 0
-1 58 -10 0
14 -29 -19 0
-12 34 -20 0
-23 -21 -43 0
51 -27 -34 0
-10 -60 -21 0
41 57 55 0
-33 35 -23 0
-30 59 32 0
59 36 -49 0
-29 27 22 0
61 38 20 0
38 -51 -2 0
56 -16 44 0
-31 11 46 0
31 30 -1 0
37 61 16 0
-29 -12 -39 0
-4 31 37 0
29 58 11 0
30 -23 -33 0
26 -23 32 0
3 -28 33 0
-35 59 49 0
4 -34 29 0
-60 -22 -28 0
-52 3 -25 0
45 -46 49 0
-58 47 -55 0
24 -31 46 0
-18 23 15 0
22 33 -7 0
17 2 57 0
41 -3 45 0
48 31 13 0
-56 52 -11 0
-15 -22 -53 0
