p 39 166
-9 -20 36 0
-10 31 15 0
25 -28 2 0
-30 -27 -9 0
-5 18 -7 0
-31 -3 -32 0
25 -33 37 0
-9 -17 19 0
20 12 -26 0
-16 15 24 0
-39 36 -24 0
-11 2 -23 0
31 -29 -19 0
22 -24 38 0
31 -39 2 0
30 10 -9 0
-15 6 -25 0
27 -34 -25 0
20 -12 -38 0
-22 20 -34 0
29 32 17 0
3 -24 17 0
11 -8 19 0
22 14 -19 0
-4 18 6 0
-12 -4 -16 0
5 -31 3 0
-1 -14 16 0
21 -1 -27 0
25 26 5 0
-16 -38 -1 0
25 -10 19 0
-25 4 1 0
10 -39 22 0
15 -30 -3 0
-29 -30 32 0
14 -30 -37 0
-3 16 18 0
-7 -38 21 0
38 5 -25 0
25 -13 -38 0
-13 8 -29 0
39 -1 -36 0
-33 -8 -31 0
29 -19 11 0
-15 9 -37 0
-7 -15 -28 0
17 21 -15 0
30 29 -10 0
-27 -8 17 0
38 21 34 0
13 -26 -36 0
37 -30 38 0
-18 2 22 0
-16 -27 30 0
1 20 -24 0
-38 -29 31 0
11 -29 12 0
8 15 2 0
-16 -36 -18 0
1 -35 -34 0
16 -14 -7 0
36 13 5 0
4 1 -13 0
-11 -21 -7 0
-9 38 34 0
-36 -3 -20 0
-8 39 -16 0
-4 9 21 0
-10 -34 15 0
-27 -26 -8 0
-26 -21 15 0
-10 -33 -24 0
26 19 25 0
-23 11 -1 0
-22 30 16 0
-8 31 -35 0
8 -14 2 0
-3 29 22 0
36 3 -30 0
-3 32 -15 0
7 -19 18 0
35 19 23 0
17 -4 29 0
-10 -31 22 0
-1 24 -14 0
-27 8 6 0
1 -14 -22 0
-32 -21 -27 0
5 -3 14 0
-24 23 12 0
7 36 31 0
-18 -36 30 0
31 -4 -34 0
37 32 -21 0
38 -10 -32 0
-2 28 -34 0
-5 1 7 0
-5 -29 17 0
-29 -28 -33 0
11 2 -5 0
-15 29 26 0
-33 -39 16 0
2 -22 -8 0
-10 12 17 0
-3 1 31 0
15 -6 -36 0
31 8 -39 0
31 -38 -25 0
36 -19 -9 0
-29 -5 3 0
-39 -18 2 0
23 -11 33 0
18 5 -3 0
-34 14 30 0
16 4 -15 0
-29 -13 -28 0
12 33 -15 0
-27 34 -21 0
30 12 -36 0
1 31 -34 0
15 31 -14 0
11 2 26 0
11 35 -1 0
30 -10 -17 0
12 3 -1 0
31 22 25 0
37 2 -10 0
34 19 -4 0
-8 15 33 0
-1 -35 -7 0
-15 20 10 0
-24 39 15 0
-6 -39 -31 0
-39 -37 -17 0
22 15 24 0
37 -17 5 0
-8 31 -30 0
-29 -12 -21 0
5 8 1 0
11 -23 12 0
11 18 8 0
-38 19 11 0
31 6 19 0
2 33 -9 0
24 -1 -38 0
-12 -4 39 0
12 6 28 0
-27 -16 35 0
-27 -24 -32 0
-1 29 -34 0
22 6 -9 0
1 19 -25 0
-32 21 20 0
8 19 -11 0
4 -11 -21 0
24 8 39 0
-24 25 -13 0
17 20 37 0
20 -5 36 0
-36 -11 -31 0
16 -6 -2 0
-26 -10 -2 0
-38 -10 -1 0
-17 28 23 0
-35 -18 27 0
