p 96 408
59 43 41 0
-23 -71 13 0
43 50 -51 0
-59 3 83 0
18 -73 41 0
-26 27 -13 0
64 69 -92 0
42 51 -27 0
58 -15 -78 0
-60 95 55 0
-15 13 -64 0
61 43 -16 0
87 32 -10 0
72 -86 -48 0
-6 -96 50 0
80 70 61 0
-18 -8 62 0
79 -81 86 0
-70 31 18 0
-52 -92 41 0
27 44 -18 0
23 -26 -22 0
-14 -93 -80 0
56 74 -69 0
-6 68 3 0
63 80 9 0
2 -60 59 0
-21 -62 96 0
62 80 49 0
-67 93 16 0
-60 81 43 0
87 14 -59 0
1 -62 11 0
-90 -80 -34 0
-38 3 -50 0
-42 48 -76 0
-21 74 -13 0
64 40 68 0
-71 -47 10 0
55 42 69 0
-26 -94 -51 0
38 78 27 0
61 90 -6 0
31 52 -71 0
-39 68 29 0
-33 70 -38 0
-32 25 -23 0
-90 -23 28 0
33 -91 -1 0
-58 25 55 0
-60 -26 -30 0
-72 19 94 0
-44 -28 33 0
-69 -95 -24 0
-82 27 -23 0
28 14 -69 0
-72 -63 -7 0
-30 92 -44 0
-71 49 79 0
94 -14 8 0
59 19 50 0
13 -26 35 0
23 -2 -33 0
-76 -85 40 0
84 1 44 0
42 2 55 0
-92 -89 -1 0
63 -67 37 0
84 58 -47 0
55 -93 -60 0
63 23 71 0
88 -31 53 0
-85 -92 -76 0
-84 -78 -45 0
-60 -7 -37 0
55 -15 -21 0
2 -70 -90 0
-82 3 -22 0
73 -5 -18 0
29 -75 -45 0
-85 -2 54 0
95 17 31 0
49 54 -66 0
-50 -34 78 0
56 5 8 0
30 -48 -17 0
76 -1 13 0
29 -92 31 0
66 -72 -7 0
-65 95 -51 0
31 -37 15 0
-50 95 -45 0
-25 -82 -43 0
-77 49 -75 0
53 -69 -23 0
-3 70 74 0
-43 15 92 0
-52 -2 26 0
-87 -7 -24 0
17 87 -62 0
45 -13 77 0
-60 61 82 0
-41 36 90 0
96 46 -65 0
-57 79 -36 0
3 -32 -59 0
70 -73 90 0
69 -57 -51 0
6 40 5 0
78 15 75 0
92 -30 33 0
-61 52 13 0
3 56 -9 0
-73 87 -96 0
79 -48 88 0
42 4 3 0
-76 -11 -58 0
48 -9 84 0
-29 -58 73 0
26 37 71 0
75 -93 88 0
-75 -71 73 0
90 85 -58 0
20 30 64 0
39 83 -1 0
44 91 33 0
52 63 60 0
-48 2 74 0
-28 -81 -14 0
64 -43 -27 0
-52 73 -77 0
55 12 -51 0
-36 -67 -42 0
85 43 -38 0
48 74 44 0
-33 74 6 0
51 24 76 0
-85 5 93 0
18 87 46 0
31 45 -90 0
17 -16 87 0
6 -56 22 0
-77 53 27 0
-23 47 -68 0
80 55 30 0
37 74 63 0
46 89 42 0
81 74 86 0
66 -72 59 0
95 73 -52 0
92 -19 38 0
-46 -3 92 0
-86 6 -65 0
-94 6 38 0
-62 -25 -13 0
12 22 30 0
69 -61 52 0
18 48 94 0
27 -64 53 0
27 -76 -53 0
-80 -39 23 0
-40 -54 -24 0
-19 -28 -85 0
-9 75 16 0
-95 96 -57 0
77 -42 -78 0
-62 -64 -47 0
-62 18 -6 0
-68 -3 -54 0
46 81 56 0
-34 -51 77 0
71 62 -56 0
38 67 -85 0
32 65 -88 0
-39 77 23 0
-22 -16 58 0
-34 -51 29 0
59 -84 -74 0
18 -39 37 0
39 -56 -96 0
-12 70 15 0
-46 -45 -49 0
-87 69 26 0
44 -10 29 0
35 -67 56 0
8 -48 -94 0
12 -28 -41 0
25 29 81 0
51 10 -40 0
70 31 -77 0
87 79 -55 0
-15 -56 31 0
5 -78 72 0
28 94 -57 0
47 4 9 0
1 26 59 0
10 -8 90 0
57 -35 90 0
-22 15 -19 0
11 19 61 0
-49 -69 -71 0
42 -50 -62 0
-56 -32 50 0
-90 -62 85 0
-17 58 -47 0
-58 -28 -57 0
-60 -73 -87 0
-1 56 68 0
90 -82 -46 0
-13 77 -80 0
11 20 73 0
72 -73 -15 0
-18 -53 -8 0
48 21 26 0
-76 -22 -89 0
57 33 88 0
-7 -23 17 0
-26 45 -51 0
84 63 40 0
-93 -17 16 0
12 41 -15 0
-71 5 54 0
94 72 -86 0
50 16 85 0
-63 20 -80 0
72 -80 41 0
-78 91 68 0
49 -69 -25 0
-43 2 -37 0
32 5 -45 0
18 -34 96 0
-16 -61 72 0
-79 -75 54 0
-74 -16 -13 0
64 25 22 0
18 -73 -22 0
-89 10 83 0
-30 -74 29 0
92 71 -47 0
-35 -96 24 0
86 3 53 0
24 -92 -83 0
-57 8 -61 0
-37 -22 59 0
-67 -71 -85 0
25 16 6 0
-67 -20 40 0
-80 -13 96 0
35 -21 -46 0
-23 -74 -41 0
19 -39 -54 0
71 44 20 0
66 -23 77 0
9 -39 -74 0
-82 78 83 0
-57 46 11 0
-39 -63 -91 0
-67 -54 -88 0
36 11 -29 0
66 -67 79 0
54 35 -53 0
86 54 -65 0
41 64 -49 0
12 50 61 0
-8 -56 -31 0
-64 -90 -76 0
-6 -54 68 0
29 -64 61 0
-81 24 8 0
-2 67 54 0
-74 -40 33 0
-23 46 -16 0
-67 -15 11 0
-30 -10 -29 0
-45 81 76 0
-23 -78 13 0
-83 56 -7 0
-27 -88 24 0
76 -83 -47 0
36 78 -2 0
-17 84 -69 0
96 2 16 0
14 48 5 0
7 36 80 0
23 -53 13 0
86 5 40 0
-51 -73 23 0
69 -66 -76 0
-74 -92 -35 0
3 44 27 0
-6 -8 68 0
41 -57 -71 0
6 76 13 0
93 -16 55 0
-79 28 -70 0
-34 -26 -11 0
90 15 65 0
32 60 -66 0
5 -35 -21 0
86 94 -61 0
44 69 68 0
55 -48 32 0
92 -26 -40 0
-54 33 -22 0
70 -44 -54 0
27 -18 50 0
-89 -43 67 0
-54 8 15 0
28 -62 -30 0
-95 -5 -17 0
70 50 -43 0
-3 -1 -60 0
-76 -29 49 0
-44 -23 -70 0
28 19 -26 0
42 -7 58 0
-93 60 40 0
-5 -9 63 0
15 18 -46 0
79 68 -31 0
66 -21 -7 0
65 -4 -86 0
30 -29 -66 0
38 21 6 0
52 -62 -17 0
8 48 -34 0
61 2 25 0
-34 -48 -18 0
45 -34 93 0
54 70 21 0
-43 -76 96 0
6 82 57 0
7 -6 44 0
-11 -2 -24 0
-72 -39 11 0
72 8 -21 0
78 67 -54 0
53 -76 50 0
-38 -60 -89 0
-66 -35 12 0
22 75 -62 0
3 54 -29 0
-18 13 4 0
4 22 -18 0
-34 56 -96 0
-35 21 -56 0
-28 38 -56 0
13 -96 -80 0
8 -24 -72 0
67 -73 48 0
-7 -52 61 0
35 -59 14 0
-30 -7 -74 0
15 54 -85 0
-51 71 31 0
-16 47 81 0
-61 -81 35 0
-37 -9 90 0
-23 75 37 0
58 -95 54 0
-17 -81 58 0
26 51 24 0
-52 -73 64 0
24 68 60 0
12 -60 -32 0
-69 79 -24 0
11 -74 -81 0
83 64 -84 0
34 -21 24 0
-1 -18 15 0
34 78 55 0
3 50 27 0
-54 95 38 0
-4 -1 11 0
23 -7 -67 0
-25 31 6 0
41 10 28 0
67 -35 -59 0
84 48 94 0
63 -45 -89 0
22 92 48 0
38 -35 37 0
87 94 -74 0
8 69 16 0
-48 26 -19 0
-37 -48 63 0
-84 90 80 0
-59 28 75 0
-21 -25 -30 0
12 71 -21 0
76 20 -89 0
-46 -28 -36 0
32 -74 -10 0
44 -37 19 0
-11 -94 -79 0
68 67 53 0
93 26 80 0
-81 74 5 0
-65 52 -16 0
17 -74 65 0
-11 -3 -2 0
-68 -92 -82 0
-11 42 75 0
-44 -68 -34 0
-54 93 1 0
-40 16 -9 0
1 -5 81 0
19 22 77 0
