p 79 336
47 -5 6 0
41 -35 -65 0
43 -30 -21 0
-57 15 5 0
-32 -48 -25 0
-37 -72 -63 0
-21 -1 -75 0
10 -27 -14 0
40 29 35 0
-1 20 57 0
-41 -67 48 0
-57 -6 22 0
-35 74 -10 0
-29 -13 25 0
22 34 30 0
-38 47 -30 0
48 78 -77 0
-29 -9 27 0
12 -62 38 0
47 20 58 0
18 47 1 0
-39 -27 -63 0
62 -17 -79 0
-7 44 4 0
58 46 -20 0
63 10 -3 0
-60 -53 22 0
-28 52 51 0
-5 61 -18 0
13 -49 78 0
2 19 -59 0
26 -56 -37 0
-31 -59 15 0
-20 41 -46 0
63 45 6 0
30 64 32 0
-40 -59 -12 0
-55 53 -4 0
58 -53 -72 0
22 -33 -13 0
30 -34 65 0
1 28 12 0
21 15 38 0
-72 9 76 0
43 45 63 0
-68 62 -3 0
43 -38 72 0
-36 -53 -33 0
47 -28 44 0
-28 -29 40 0
-18 47 45 0
65 70 -25 0
-71 31 -42 0
-67 -28 -38 0
44 72 -19 0
35 45 65 0
17 -35 61 0
25 75 -79 0
28 6 23 0
-12 -69 63 0
69 25 54 0
-70 -61 -48 0
-78 42 -56 0
18 -52 -53 0
-70 -74 3 0
59 -54 51 0
-36 -74 70 0
12 -40 -52 0
-46 -58 -51 0
-35 -53 -66 0
6 39 72 0
-70 7 13 0
42 -43 45 0
77 26 17 0
48 67 25 0
-20 -26 17 0
-68 73 -14 0
72 -61 -17 0
44 -68 -47 0
18 40 -52 0
-59 17 -73 0
40 66 38 0
22 -66 9 0
-75 60 -65 0
50 68 -34 0
64 -72 -47 0
38 -48 -39 0
15 -9 -72 0
25 -46 9 0
-6 43 -70 0
5 1 -53 0
14 -59 -76 0
-7 -51 32 0
18 27 -25 0
-73 24 19 0
-28 -42 17 0
18 -50 -11 0
6 -79 -17 0
79 -14 5 0
8 75 -51 0
17 33 -67 0
2 -17 70 0
-12 -50 -19 0
27 -54 74 0
-66 -8 -39 0
-15 24 64 0
41 78 -7 0
44 -55 38 0
-29 -21 23 0
70 27 9 0
55 -64 60 0
30 -4 65 0
-26 7 49 0
-13 -38 79 0
-38 -65 60 0
-78 -35 -72 0
-56 53 48 0
-53 -44 -67 0
-53 24 67 0
-17 -30 69 0
-35 -44 -71 0
29 30 -67 0
24 20 -49 0
1 -26 67 0
-24 -42 -45 0
-41 29 69 0
-49 44 25 0
60 -37 -42 0
68 -45 64 0
-9 -43 -69 0
4 72 48 0
75 27 41 0
3 -44 -45 0
-25 36 -75 0
62 35 -49 0
-17 -46 -63 0
29 -62 60 0
-5 63 72 0
-54 -19 -57 0
-43 -67 45 0
-68 -79 -28 0
-21 61 -27 0
69 22 -24 0
56 -58 52 0
-55 41 76 0
-16 -53 65 0
-9 -25 -27 0
-59 -74 61 0
43 28 -6 0
60 -58 24 0
-57 -54 -33 0
-48 -22 -32 0
-20 -14 -41 0
-57 -73 13 0
53 -23 -24 0
-31 -38 -28 0
-27 -67 14 0
-18 25 9 0
-11 21 15 0
-78 -40 -63 0
-10 58 44 0
30 20 -44 0
55 -14 -78 0
78 65 -79 0
-77 6 -59 0
46 -21 56 0
63 -15 72 0
-71 -8 -24 0
55 -69 -6 0
-34 40 -20 0
-70 66 -20 0
-51 -28 -10 0
63 -73 69 0
71 43 -78 0
-2 7 22 0
-41 -35 7 0
30 -49 17 0
71 -25 43 0
14 43 35 0
39 -45 -21 0
-75 -16 60 0
59 -47 2 0
55 58 -40 0
23 24 26 0
-39 6 -26 0
62 -31 42 0
8 26 75 0
40 -74 -33 0
61 33 56 0
41 -33 -53 0
-46 -79 -8 0
-7 -19 23 0
55 -6 -7 0
-76 -61 -32 0
-58 27 54 0
-55 -64 -44 0
49 1 51 0
21 20 11 0
26 24 -70 0
2 -65 21 0
-48 -22 7 0
36 30 10 0
-56 -61 -46 0
6 -78 77 0
77 -27 -12 0
30 3 61 0
-78 -39 -35 0
-64 -8 27 0
25 20 52 0
-64 -41 12 0
-61 -36 72 0
39 -24 -36 0
-78 -2 65 0
-75 27 59 0
-41 43 -6 0
59 32 -64 0
-76 -26 -51 0
-4 41 40 0
49 -6 63 0
-74 77 -78 0
-25 -53 -36 0
-38 17 65 0
64 -8 -63 0
-22 60 -7 0
66 -19 57 0
-11 -40 -16 0
-76 54 -59 0
-42 41 54 0
24 -54 -65 0
67 23 29 0
-2 74 47 0
79 -61 11 0
-25 -4 32 0
43 -16 -19 0
41 8 63 0
-36 -17 -60 0
-37 -36 -13 0
60 -42 -41 0
-48 -23 38 0
-52 -40 -65 0
8 -63 -36 0
47 55 29 0
-29 -75 -10 0
70 -4 8 0
40 79 55 0
-63 -68 -77 0
8 -11 65 0
55 16 8 0
15 18 -72 0
16 77 -11 0
-55 64 -40 0
66 73 -63 0
-47 1 70 0
73 20 -68 0
36 -38 12 0
46 -60 -34 0
-19 -76 39 0
75 79 -69 0
-74 27 66 0
7 -23 37 0
40 -24 -77 0
-77 59 -46 0
-53 38 -10 0
42 30 -51 0
-68 -44 12 0
46 -76 -34 0
18 8 -57 0
60 -31 -71 0
-11 2 -15 0
-12 -2 72 0
38 30 -59 0
-41 46 37 0
63 -3 66 0
-68 -79 11 0
-54 33 66 0
72 -49 -5 0
38 72 33 0
25 -48 53 0
77 61 -55 0
-24 14 47 0
67 -44 27 0
46 -75 57 0
-34 -50 57 0
-64 45 18 0
-29 -40 34 0
22 62 13 0
-35 -40 70 0
5 -14 49 0
-28 -21 -20 0
-15 6 55 0
59 43 39 0
-61 -65 -28 0
-57 36 52 0
-64 43 -56 0
33 2 13 0
-17 40 -35 0
72 6 34 0
7 47 -54 0
30 -42 -45 0
39 -79 27 0
-9 -58 65 0
52 34 -60 0
-35 -46 -78 0
-17 -79 38 0
-43 -5 56 0
-44 -21 48 0
42 57 17 0
7 -33 -26 0
-10 -55 77 0
-63 18 48 0
67 69 21 0
12 -70 -7 0
-47 -28 -41 0
-9 14 -41 0
64 -35 -16 0
-60 20 -15 0
58 -77 45 0
75 62 5 0
30 45 -75 0
-76 -78 -56 0
39 63 29 0
-39 -60 54 0
45 20 -38 0
-41 26 48 0
75 53 -65 0
-14 56 9 0
45 -34 40 0
-49 -6 -54 0
60 49 4 0
31 38 -17 0
-42 -46 -54 0
19 -37 76 0
-60 20 75 0
55 46 63 0
39 70 7 0
42 75 76 0
