p 19 80
-12 -18 -19 0
-1 -16 -2 0
-2 -10 1 0
8 -16 -4 0
14 6 -2 0
-9 -10 -12 0
6 1 -7 0
-18 -4 11 0
9 11 -10 0
17 -1 -4 0
7 18 13 0
-14 9 1 0
4 7 13 0
10 16 -13 0
-4 -5 2 0
-9 -4 -16 0
5 -15 11 0
-15 -19 -3 0
-14 -2 -18 0
-5 -11 -8 0
16 7 -18 0
8 -12 11 0
-15 -19 5 0
16 8 19 0
5 -10 -1 0
17 3 10 0
-12 13 19 0
-7 -1 12 0
14 13 -4 0
10 9 -16 0
16 1 19 0
-5 11 10 0
19 9 4 0
-15 -7 6 0
13 7 -8 0
-16 19 13 0
-18 16 -14 0
-5 -4 -12 0
14 1 -18 0
-12 -18 -13 0
-2 -1 -18 0
13 -12 -4 0
-13 6 -17 0
6 3 13 0
-18 13 5 0
-17 9 19 0
7 8 -1 0
5 -9 -7 0
-12 3 -17 0
13 -16 -6 0
12 -3 -6 0
-13 -18 6 0
-5 15 9 0
19 -4 -8 0
-13 11 -5 0
10 4 3 0
-9 -18 -15 0
-15 -4 14 0
9 18 4 0
-12 9 2 0
-17 -4 -9 0
-14 8 19 0
8 5 10 0
5 17 -10 0
-9 19 -10 0
-17 1 4 0
1 11 6 0
8 4 -17 0
11 3 9 0
-17 -19 15 0
3 18 -8 0
3 4 -5 0
-4 15 9 0
14 -13 -6 0
18 -5 -17 0
1 7 4 0
7 4 -19 0
2 14 -4 0
-14 -11 -16 0
3 -12 18 0
