p 41 174
28 6 -36 0
-1 -11 10 0
-24 2 8 0
-20 15 -25 0
-16 9 -25 0
37 -40 -30 0
26 28 9 0
-13 -37 32 0
26 39 34 0
2 -9 -14 0
-4 18 -3 0
-24 34 -6 0
-18 -20 25 0
-28 23 18 0
-13 8 -3 0
-3 1 15 0
-24 -5 3 0
29 21 -28 0
16 -2 5 0
18 19 -2 0
-34 7 32 0
41 -39 -14 0
22 -13 -33 0
-5 -7 -28 0
25 -29 -1 0
40 35 37 0
10 -37 11 0
-8 16 3 0
-21 5 3 0
-13 7 38 0
-8 30 18 0
5 -27 -17 0
35 20 4 0
-23 -2 13 0
-35 -17 24 0
8 -12 -21 0
3 2 -31 0
30 21 -1 0
5 12 38 0
2 -33 39 0
37 -3 -10 0
4 39 1 0
34 40 -31 0
14 -15 9 0
27 -38 -11 0
-3 40 37 0
35 -4 -30 0
-9 27 17 0
39 15 -12 0
26 35 9 0
-11 -17 21 0
-20 36 -6 0
-36 -5 16 0
5 37 41 0
-27 34 -8 0
-2 25 -6 0
2 -10 15 0
-17 12 -7 0
-5 -33 -7 0
-5 -34 -12 0
31 33 24 0
33 28 38 0
26 8 33 0
17 -21 -29 0
-41 23 2 0
12 -36 -26 0
-31 -13 22 0
11 9 36 0
9 21 40 0
8 15 -9 0
35 -12 25 0
-16 -28 6 0
-34 14 -18 0
-23 24 8 0
40 -41 -33 0
-26 -33 8 0
-35 37 -23 0
-7 -39 -32 0
21 26 18 0
-14 38 6 0
36 1 31 0
16 -4 33 0
-21 6 7 0
11 -14 -22 0
1 33 -21 0
-25 16 2 0
-17 -21 8 0
-38 12 -39 0
32 -25 10 0
15 34 -13 0
-8 13 6 0
29 1 -18 0
-15 30 -31 0
-15 9 18 0
-26 -10 6 0
-32 -16 -6 0
16 13 -23 0
23 -17 35 0
19 -33 29 0
-4 -36 41 0
9 -32 -8 0
-18 17 -14 0
2 35 34 0
-13 10 12 0
-21 23 12 0
-5 22 14 0
-3 24 -27 0
33 -32 -5 0
-39 19 21 0
-28 -7 33 0
-12 31 38 0
26 25 34 0
28 4 30 0
34 -24 39 0
3 41 -12 0
-2 -39 -13 0
-16 -29 6 0
-18 28 33 0
11 14 -36 0
-13 27 9 0
33 20 19 0
-30 -23 -37 0
-29 39 1 0
20 31 36 0
-8 1 -38 0
37 -2 11 0
31 -38 -25 0
8 -9 29 0
15 30 19 0
1 -8 -38 0
19 -33 -3 0
40 -34 -32 0
38 4 -11 0
-16 2 10 0
-22 -33 -9 0
-21 -27 22 0
37 21 1 0
33 -23 41 0
-20 38 -41 0
13 -16 23 0
24 3 -13 0
-19 -7 -27 0
-8 -32 -15 0
26 -30 -15 0
-29 -2 -33 0
-18 -16 37 0
-2 11 39 0
9 18 -2 0
-10 27 38 0
37 -28 -41 0
30 -35 -28 0
-24 14 30 0
-22 -1 -11 0
-6 20 -17 0
23 -34 -18 0
15 31 -5 0
-36 -7 -4 0
-40 16 23 0
-41 9 -7 0
36 -21 41 0
-8 -21 -19 0
32 -14 35 0
39 -21 -6 0
31 15 -16 0
11 -24 -4 0
-23 5 3 0
-41 -10 -1 0
8 28 -15 0
30 26 -18 0
-22 7 2 0
1 -24 9 0
20 -8 -41 0
-15 -16 6 0
-20 34 17 0
