p 14 59
-4 -7 11 0
14 1 -12 0
5 -12 -10 0
-3 -1 4 0
-12 11 1 0
-2 11 -3 0
-2 14 -9 0
11 7 -6 0
-7 13 3 0
6 -2 -3 0
-13 -8 -3 0
-6 2 -10 0
-12 -2 10 0
1 6 14 0
6 1 -14 0
3 -7 4 0
8 -11 2 0
10 11 -3 0
-12 2 3 0
-3 4 12 0
-3 -1 10 0
-2 -13 -9 0
-6 -7 -10 0
13 -10 3 0
4 -1 14 0
-6 2 7 0
5 -4 -7 0
12 -3 13 0
8 14 -10 0
-4 11 14 0
8 5 6 0
9 13 7 0
-7 3 8 0
-11 -7 -2 0
13 -11 9 0
2 -8 11 0
-8 -9 10 0
2 -14 4 0
13 -4 3 0
13 -12 7 0
-13 4 2 0
-13 10 -4 0
-1 8 9 0
13 9 10 0
13 -2 10 0
7 -4 -12 0
9 -12 7 0
-7 -2 8 0
-10 7 5 0
-3 -11 -13 0
-6 -10 2 0
10 1 -7 0
11 6 -12 0
13 -11 -5 0
3 -5 6 0
-2 -11 9 0
2 -8 12 0
-5 1 11 0
9 -13 1 0
