p 12 51
-2 10 8 0
-5 6 -1 0
-2 -8 1 0
1 8 4 0
5 3 -6 0
12 -3 -2 0
-8 -6 9 0
-4 6 1 0
-4 8 10 0
1 7 2 0
-2 -10 -4 0
12 10 -8 0
5 -8 -1 0
11 1 3 0
8 11 3 0
8 -5 -4 0
5 -2 6 0
-11 8 -6 0
-11 -10 4 0
-4 6 7 0
4 -11 -2 0
-12 11 -9 0
-4 11 2 0
-1 -7 -12 0
-1 -11 2 0
-2 1 12 0
11 -6 -3 0
2 12 5 0
10 8 -11 0
7 -12 -5 0
8 11 -9 0
-9 -7 -3 0
12 5 2 0
4 -10 -6 0
-7 6 5 0
-6 -4 3 0
5 9 10 0
-7 8 9 0
11 -9 -3 0
-10 -9 3 0
-8 -2 4 0
8 -4 5 0
2 -12 -9 0
-3 -4 -2 0
3 8 -5 0
-1 -8 11 0
3 -8 -7 0
-5 -8 1 0
-7 12 -9 0
4 -6 9 0
-6 -8 -11 0
