p 19 80
-4 -3 19 0
2 14 3 0
2 19 14 0
-6 -4 13 0
-3 -6 -12 0
16 -15 -1 0
10 1 17 0
19 -11 1 0
15 -5 -6 0
-3 -17 -5 0
-13 -7 15 0
-18 8 -6 0
1 7 -14 0
-18 14 6 0
-3 17 19 0
-15 -4 14 0
18 4 9 0
19 -18 -1 0
-3 -14 -10 0
9 4 10 0
-5 14 1 0
-4 -2 16 0
-7 10 14 0
-1 -3 6 0
7 18 -8 0
-8 15 9 0
-18 16 11 0
17 -7 8 0
-16 19 9 0
15 9 2 0
-6 -3 -4 0
6 -11 1 0
-9 -6 5 0
11 8 6 0
13 -3 -14 0
-10 -12 4 0
11 -12 -17 0
-12 -18 17 0
3 13 18 0
-6 -19 7 0
-8 15 -12 0
-13 -18 -10 0
6 10 -14 0
-4 7 -8 0
2 3 -9 0
-5 3 15 0
3 9 -5 0
2 18 -12 0
1 16 3 0
9 11 17 0
-7 4 8 0
-16 11 -4 0
13 -17 -5 0
9 1 5 0
-18 -3 16 0
4 18 11 0
17 8 -4 0
-10 4 -3 0
10 -9 -17 0
-9 -13 -4 0
-10 -12 8 0
-16 12 -5 0
5 -9 16 0
-1 -11 -18 0
-6 4 -19 0
-4 3 -17 0
14 -6 -8 0
-17 -18 16 0
14 -3 -5 0
13 -8 11 0
1 15 -11 0
1 9 -7 0
-3 18 -14 0
19 1 -16 0
-15 8 14 0
6 -16 -5 0
16 4 18 0
7 2 -17 0
-2 19 7 0
1 12 17 0
