p 32 136
11 -10 16 0
-30 -12 -3 0
25 15 5 0
21 30 14 0
-14 -11 -23 0
12 14 -29 0
-15 -24 -5 0
-31 -26 19 0
8 -32 27 0
21 29 -25 0
24 26 14 0
23 -25 -5 0
-29 -13 -5 0
26 -19 6 0
-20 -10 -27 0
-15 24 16 0
-32 4 23 0
-12 -7 26 0
18 -10 -27 0
-31 6 -28 0
-2 -4 14 0
-22 -20 -4 0
10 15 20 0
29 -17 22 0
-21 4 12 0
14 12 32 0
18 9 8 0
25 -30 -2 0
24 21 16 0
-16 31 -13 0
-10 24 -31 0
-15 13 -2 0
24 9 8 0
-14 5 -12 0
-8 -13 -20 0
15 9 -23 0
-7 -22 14 0
32 -5 2 0
-12 -22 19 0
-4 5 -23 0
2 6 30 0
-2 -26 31 0
-29 19 -7 0
-16 22 -9 0
-25 -17 2 0
-6 10 2 0
-8 21 -32 0
-32 -17 -7 0
-4 15 -19 0
29 -8 -7 0
22 -7 20 0
-14 -29 -23 0
9 -6 -25 0
-4 17 8 0
4 -15 -22 0
-14 27 13 0
4 8 -11 0
-22 -23 16 0
-15 7 29 0
6 -20 10 0
-16 3 -10 0
11 9 -15 0
28 30 -4 0
31 29 28 0
-7 -11 32 0
-21 -3 13 0
9 26 -19 0
4 6 -23 0
-10 27 -25 0
20 1 15 0
-1 5 -22 0
-13 30 3 0
-22 9 -24 0
17 -27 1 0
2 -7 23 0
-26 -31 17 0
27 14 -1 0
23 -24 8 0
29 -2 -25 0
-18 -6 -1 0
12 32 -15 0
-5 -1 -22 0
-24 27 32 0
24 7 -31 0
32 -19 6 0
-26 -13 -27 0
-2 -12 8 0
21 10 31 0
-24 27 1 0
1 -25 -19 0
-20 9 10 0
25 -18 10 0
27 6 29 0
6 -13 21 0
31 25 -4 0
12 32 -5 0
-6 -29 18 0
32 -14 -26 0
-5 -30 -17 0
6 -30 29 0
-27 -2 1 0
-29 21 -11 0
30 -7 3 0
27 28 -29 0
-11 -29 1 0
15 11 -13 0
-2 -23 28 0
19 18 -24 0
27 6 26 0
-3 -8 -26 0
6 -17 -3 0
-12 -25 -19 0
-9 -21 -28 0
-18 9 7 0
-1 -32 11 0
-22 -13 -15 0
4 9 -32 0
-14 31 13 0
-13 16 -14 0
26 11 21 0
18 17 27 0
19 -4 -12 0
30 31 1 0
19 -18 4 0
-14 -19 -28 0
18 4 -12 0
2 16 28 0
30 -15 -13 0
9 -11 -14 0
6 -10 21 0
-5 6 17 0
-19 -3 -15 0
14 -13 22 0
25 23 4 0
-22 25 13 0
-11 6 -23 0
