p 30 127
5 23 30 0
-11 -20 -1 0
-16 -9 4 0
-26 15 25 0
-13 -16 8 0
-20 -2 -17 0
-8 11 -23 0
-27 4 15 0
6 -14 26 0
16 -26 -23 0
29 -12 27 0
-10 5 24 0
-27 -18 -15 0
-28 -10 -3 0
13 17 -23 0
4 -16 -5 0
1 16 13 0
12 -24 -27 0
2 20 11 0
27 11 26 0
11 9 26 0
-29 10 -30 0
18 -8 24 0
-3 15 -7 0
-13 30 -20 0
-6 21 -12 0
-2 23 -3 0
25 -24 -21 0
9 16 28 0
-10 -14 2 0
-13 20 -9 0
27 22 24 0
5 30 -1 0
22 -20 19 0
24 16 -2 0
7 30 28 0
13 12 9 0
-6 -26 30 0
15 16 30 0
26 17 -25 0
22 -27 -12 0
-27 -20 30 0
-11 -21 4 0
-3 -26 5 0
14 -12 -15 0
-20 -3 -15 0
6 -27 9 0
-26 -23 21 0
22 11 18 0
-1 -17 21 0
5 27 18 0
23 29 1 0
19 22 -23 0
6 19 12 0
-18 -8 1 0
6 28 -7 0
20 -7 -10 0
-6 16 -3 0
-4 -30 -8 0
25 11 28 0
20 12 -10 0
-22 -26 -19 0
3 -8 13 0
16 12 -10 0
14 19 12 0
-28 -23 22 0
20 17 -24 0
-7 -11 17 0
27 -18 -28 0
-24 -1 4 0
15 29 -12 0
-21 5 2 0
-8 17 -1 0
-24 28 -17 0
-17 -11 3 0
30 2 -23 0
1 8 30 0
6 11 -26 0
-7 -3 28 0
-29 -9 20 0
4 8 -12 0
19 25 13 0
11 16 17 0
-2 24 23 0
29 -6 -24 0
-8 -29 27 0
-22 -25 20 0
-30 13 -12 0
21 -25 27 0
-4 -17 12 0
20 -11 1 0
30 29 -19 0
9 -13 -3 0
7 -15 -27 0
-9 -17 -22 0
3 7 30 0
-22 3 21 0
-7 -15 -11 0
22 -18 -4 0
22 20 -15 0
26 16 21 0
10 -11 -21 0
17 7 6 0
15 -28 -30 0
-22 -6 10 0
-21 24 26 0
16 -28 26 0
7 4 30 0
-1 26 8 0
1 22 9 0
24 13 -17 0
-28 10 -3 0
13 5 -9 0
-22 26 9 0
-9 27 8 0
29 -9 22 0
25 -10 -17 0
9 25 16 0
-15 -10 -17 0
20 14 22 0
23 19 -3 0
-16 15 17 0
28 27 13 0
3 -23 8 0
-5 -13 -4 0
6 -15 12 0
26 -28 -11 0
