p 42 178
16 -15 -3 0
36 -38 35 0
10 -5 1 0
29 -11 28 0
41 -7 -28 0
-4 15 32 0
-40 5 -3 0
17 10 35 0
-20 -36 5 0
-16 -26 27 0
-22 33 -12 0
-10 36 37 0
22 -26 28 0
36 10 -14 0
-22 -20 19 0
-33 38 -31 0
-18 41 29 0
1 -3 6 0
-29 15 -36 0
-37 -12 -25 0
27 37 7 0
16 20 18 0
30 -41 3 0
-10 1 -3 0
2 -9 -6 0
20 -25 4 0
-34 41 -30 0
-42 -12 32 0
9 -28 -13 0
-41 -26 -36 0
4 -2 34 0
37 39 16 0
37 22 -2 0
-37 -29 -27 0
-28 -31 42 0
-17 18 -38 0
-5 18 -14 0
17 1 -32 0
14 19 -31 0
-19 -41 -11 0
-36 -41 -42 0
8 5 -17 0
-40 4 15 0
-31 -24 29 0
-10 28 5 0
-16 40 13 0
-42 23 -18 0
11 -25 29 0
-1 32 25 0
19 -30 -15 0
-9 20 -6 0
19 30 -13 0
38 11 -22 0
-38 -33 -24 0
-27 -21 35 0
11 -22 9 0
17 15 8 0
-35 13 -6 0
41 24 8 0
-29 -8 1 0
-28 -8 -13 0
-25 40 -36 0
30 -11 13 0
8 -16 7 0
-19 -1 -42 0
-1 -29 20 0
-11 -33 15 0
-22 -8 30 0
-17 -25 -21 0
39 -12 -3 0
40 -25 -23 0
-30 -33 41 0
1 -38 -40 0
23 -12 22 0
-13 27 -11 0
-2 23 4 0
37 31 40 0
35 34 1 0
8 -42 -14 0
-32 28 -35 0
-24 -22 -34 0
-26 32 -1 0
-7 -10 -4 0
16 14 -3 0
17 2 21 0
-5 21 28 0
-30 41 6 0
37 2 -25 0
-32 1 -21 0
-14 28 21 0
14 7 31 0
22 -13 -9 0
25 21 16 0
-13 32 8 0
15 -19 -11 0
11 21 -22 0
-38 36 42 0
-25 41 36 0
20 22 39 0
31 -23 -39 0
-31 30 -24 0
-1 38 -31 0
-42 40 -32 0
-4 -27 39 0
-11 23 35 0
-40 -19 -37 0
17 -2 -1 0
29 -7 -23 0
29 1 -36 0
-13 -14 -17 0
-14 24 -28 0
-39 -37 -20 0
19 6 -38 0
-38 23 3 0
-39 1 35 0
-26 11 -38 0
8 38 26 0
-16 -33 -41 0
29 37 36 0
3 -32 2 0
34 -10 -13 0
9 -17 33 0
-38 -5 -41 0
-8 34 -10 0
23 -29 16 0
42 -36 24 0
-1 6 18 0
7 38 19 0
41 -32 -25 0
-25 16 39 0
-40 -8 -36 0
8 -4 33 0
34 20 -26 0
32 -9 -6 0
-4 -7 21 0
31 1 -37 0
11 37 21 0
41 -19 -20 0
5 -21 27 0
-39 4 -29 0
-31 30 -17 0
-30 -11 2 0
4 -24 -7 0
-40 19 -13 0
32 29 31 0
-22 38 31 0
39 42 -5 0
25 23 14 0
14 -6 -13 0
-30 -8 16 0
-26 19 -22 0
-24 -35 40 0
-11 7 -18 0
-39 -16 25 0
-18 -24 2 0
32 35 -34 0
-11 -12 28 0
-42 36 16 0
-16 -13 6 0
-30 7 18 0
-29 -26 35 0
16 40 -13 0
39 -26 -15 0
39 10 17 0
-27 -42 -37 0
1 23 35 0
17 -19 29 0
11 -41 -38 0
12 36 -7 0
-22 41 10 0
-10 23 -24 0
-21 32 30 0
-33 -28 -36 0
-2 12 -24 0
-35 -14 -32 0
9 2 30 0
-27 -13 -35 0
25 -29 -36 0
