p 63 268
-4 55 -36 0
45 -42 38 0
30 40 26 0
15 21 36 0
-3 -45 -44 0
39 -62 -34 0
37 -55 1 0
-6 27 -1 0
-34 47 -41 0
44 -52 -41 0
29 20 -13 0
11 28 -38 0
29 -27 6 0
37 -25 -24 0
-63 7 -31 0
17 1 -55 0
53 12 10 0
28 -53 -16 0
-33 -62 48 0
-18 53 -25 0
-38 24 -50 0
-55 -26 -31 0
35 12 -58 0
-59 41 -50 0
44 -38 -11 0
-23 -58 -6 0
-17 -25 -14 0
18 20 45 0
-10 17 7 0
26 62 -42 0
-50 -13 60 0
14 4 -3 0
17 38 -43 0
43 59 63 0
29 54 -24 0
-34 38 -60 0
-23 -46 48 0
62 24 -44 0
-25 -21 38 0
-49 -45 20 0
26 -14 48 0
-33 15 14 0
45 -42 -11 0
-43 -23 41 0
-36 11 -38 0
-12 53 16 0
50 -42 -36 0
-49 48 -55 0
-8 -61 -59 0
40 -32 24 0
26 32 -34 0
47 4 -39 0
46 -6 44 0
-42 -37 32 0
58 -25 -6 0
-33 -17 -11 0
-53 -18 -39 0
5 -25 32 0
59 -62 32 0
-42 -54 -30 0
33 21 19 0
2 -40 55 0
-49 -58 19 0
10 9 1 0
8 53 -17 0
-17 32 -5 0
49 35 27 0
32 -46 58 0
3 15 6 0
14 52 29 0
-8 6 -63 0
9 52 -34 0
9 -6 -24 0
-28 -57 -14 0
40 -32 -45 0
-61 26 43 0
-29 -14 -19 0
-48 -32 19 0
61 41 -19 0
-55 -23 46 0
-37 -47 -2 0
29 36 -9 0
9 48 1 0
-14 -34 -15 0
-4 -10 26 0
44 -24 22 0
23 -40 9 0
-6 37 -49 0
-35 8 4 0
-50 63 -61 0
-17 11 -13 0
18 9 49 0
-16 -12 56 0
-22 28 -29 0
-61 -23 -50 0
-19 31 12 0
22 9 -60 0
10 21 16 0
26 31 -52 0
4 50 -6 0
-16 -9 13 0
-7 -3 41 0
43 24 62 0
29 35 18 0
-31 -46 -51 0
48 -43 26 0
-24 -47 43 0
-48 43 28 0
-47 -25 17 0
34 -45 9 0
-48 52 -25 0
-13 -49 -42 0
50 21 -27 0
-39 -1 17 0
-55 -21 -46 0
-23 -22 56 0
-24 26 10 0
41 -22 28 0
-42 49 -32 0
31 43 27 0
49 3 39 0
62 2 -25 0
43 -10 53 0
42 -46 -55 0
-35 12 -63 0
60 -54 3 0
-42 -34 -29 0
-30 -41 34 0
-28 24 -34 0
-48 -16 -4 0
-12 4 -3 0
-39 4 -14 0
56 -50 -51 0
-47 -40 -45 0
18 -19 -4 0
-62 9 20 0
18 15 33 0
13 53 22 0
29 55 -35 0
-17 -56 -1 0
-51 46 -52 0
-58 -49 37 0
33 10 -57 0
-60 -12 20 0
-2 52 -46 0
-36 -63 3 0
29 19 -12 0
-19 -60 -6 0
60 -8 -36 0
-29 56 17 0
56 24 23 0
-30 -16 29 0
13 14 -16 0
28 -23 51 0
33 56 50 0
7 22 -31 0
44 -11 -9 0
41 -44 63 0
-46 18 29 0
20 21 -62 0
-26 22 -1 0
19 -25 36 0
16 61 45 0
24 -54 43 0
-12 -19 32 0
19 -37 32 0
-34 26 32 0
-10 -4 17 0
2 -3 54 0
-29 -1 62 0
-61 29 -22 0
-22 29 57 0
56 30 35 0
16 61 14 0
-2 -24 -48 0
54 -27 61 0
53 40 -42 0
-25 -46 -7 0
-36 34 58 0
3 -47 7 0
38 22 -30 0
-38 48 5 0
33 16 62 0
7 -6 -12 0
-57 -34 38 0
-42 -32 35 0
-45 -35 11 0
15 8 -3 0
47 26 -34 0
-20 19 61 0
-16 44 -62 0
-6 -26 51 0
-21 -47 19 0
-32 -15 29 0
-19 -59 -52 0
46 60 5 0
23 19 -41 0
-23 -41 -51 0
60 -59 -56 0
20 -54 52 0
46 -24 -9 0
23 -46 -1 0
53 56 -28 0
-6 40 10 0
-41 8 -60 0
3 -18 11 0
-30 -43 -1 0
-63 20 -49 0
10 -37 -49 0
35 13 -59 0
16 -55 -31 0
-22 -15 23 0
40 2 -8 0
-52 53 39 0
-29 19 30 0
41 52 -14 0
-40 -26 9 0
47 -16 -56 0
-27 -24 28 0
16 -59 -9 0
14 -47 11 0
-58 30 27 0
-20 -2 -9 0
24 -40 -43 0
-63 55 36 0
24 -46 -9 0
-32 -26 -7 0
-62 -60 57 0
14 23 -24 0
13 36 -46 0
-38 -63 -10 0
23 -36 3 0
36 -28 -6 0
-52 -30 16 0
62 -40 -52 0
25 -63 -35 0
13 -54 -7 0
-24 21 -16 0
53 -16 -58 0
55 21 -24 0
-45 17 27 0
19 -63 -18 0
-15 -39 29 0
53 30 -28 0
56 60 12 0
-47 2 42 0
-42 -46 51 0
-58 -50 -31 0
-33 13 2 0
-1 -55 -10 0
-16 -21 35 0
-63 9 40 0
62 41 -46 0
-13 -59 27 0
40 -61 17 0
22 58 36 0
-20 -53 -62 0
48 53 33 0
44 -62 12 0
-9 -12 14 0
-41 -1 -17 0
-51 -42 22 0
-2 44 4 0
11 7 10 0
50 56 27 0
38 59 -16 0
28 -44 -1 0
-51 48 -59 0
