p 92 391
-67 23 -61 0
-88 -66 13 0
45 27 -56 0
-91 -1 -5 0
33 7 -15 0
13 19 49 0
-41 -73 -66 0
-54 24 -80 0
-73 -9 -84 0
-34 72 35 0
-2 -64 47 0
-92 70 67 0
-91 -85 -46 0
-24 -69 51 0
67 25 45 0
51 -13 -90 0
86 43 33 0
-28 25 79 0
65 92 85 0
43 -28 -26 0
52 82 -31 0
88 -89 34 0
60 62 -47 0
-20 71 -63 0
-39 58 1 0
-26 89 24 0
-52 -3 -23 0
-38 44 -63 0
42 36 -80 0
65 69 -13 0
54 -46 10 0
9 44 -76 0
-82 52 -10 0
91 83 62 0
65 -1 -71 0
-41 50 68 0
-64 67 34 0
34 -1 -10 0
80 5 52 0
-88 55 19 0
77 69 -87 0
-6 -61 -44 0
-28 18 -8 0
64 -39 -49 0
-43 -47 -10 0
-88 -90 -34 0
-22 -52 -31 0
58 -74 52 0
-56 47 12 0
-40 81 25 0
40 -11 52 0
-90 4 44 0
65 -15 -68 0
57 -51 -60 0
-68 27 80 0
5 -43 -47 0
62 -59 70 0
86 12 -57 0
-76 41 -25 0
57 9 -78 0
33 -88 -22 0
-37 28 88 0
-48 43 -81 0
-28 -85 24 0
72 68 -60 0
-82 -18 -68 0
56 24 68 0
92 -78 -59 0
29 -36 -6 0
-22 10 40 0
-69 90 -46 0
-4 -47 -26 0
-80 50 65 0
-30 -12 -24 0
-75 91 -30 0
38 65 -82 0
82 22 16 0
-38 -74 -57 0
-86 92 -34 0
27 -76 -50 0
-57 -47 -29 0
-44 -21 -77 0
-14 -77 -66 0
59 -32 31 0
17 70 57 0
-60 47 68 0
41 59 -80 0
10 -12 19 0
-3 68 90 0
8 84 -68 0
-17 44 5 0
-86 68 15 0
44 -37 19 0
56 27 65 0
74 -23 -26 0
-17 -18 -73 0
-25 15 -84 0
88 68 87 0
12 54 18 0
65 35 8 0
-66 73 89 0
-38 83 34 0
92 45 -49 0
-11 -83 -28 0
24 -92 86 0
60 -50 90 0
49 -15 24 0
-21 32 90 0
-50 82 -12 0
-64 85 77 0
30 -59 10 0
77 24 -2 0
22 -72 59 0
81 -33 66 0
72 68 -92 0
-38 78 -47 0
3 -41 -63 0
82 69 -89 0
-53 55 -13 0
53 35 -67 0
-71 86 27 0
-66 26 50 0
18 -52 19 0
72 58 5 0
80 61 54 0
4 -47 -70 0
53 62 -3 0
-72 86 -51 0
48 -23 -7 0
-91 51 -6 0
-50 -75 61 0
-16 -77 36 0
54 23 -52 0
-60 77 71 0
25 -10 -19 0
-58 -13 -47 0
-47 13 39 0
-22 -44 5 0
69 -53 -75 0
2 84 -43 0
-67 -14 63 0
61 -4 -53 0
-19 -41 79 0
84 -73 87 0
-36 -12 -56 0
-15 -32 -74 0
-37 6 -54 0
80 36 -24 0
-36 29 22 0
53 8 89 0
-82 25 -16 0
-75 -88 66 0
77 -57 30 0
-30 81 61 0
-13 14 -40 0
62 46 -41 0
68 -43 -40 0
57 58 71 0
11 85 52 0
-55 50 33 0
88 -24 87 0
44 -18 -81 0
12 35 40 0
39 -11 50 0
-65 59 -37 0
81 -69 12 0
-13 59 32 0
36 46 -3 0
-78 52 79 0
91 -12 -78 0
61 -10 -65 0
59 -4 16 0
83 -16 -64 0
77 58 69 0
92 8 39 0
88 -26 -14 0
-63 79 52 0
48 -52 13 0
-27 -25 -2 0
-36 -33 -55 0
-7 -35 19 0
-31 -37 -45 0
47 -38 -61 0
-53 27 -65 0
63 -12 54 0
-31 -21 41 0
-22 62 8 0
-6 -23 -47 0
-21 14 -51 0
58 23 -36 0
71 -2 -21 0
-90 10 14 0
-46 57 -7 0
67 -49 89 0
83 -7 55 0
91 -11 -43 0
12 -87 67 0
35 -54 40 0
-15 -38 -75 0
37 26 92 0
34 90 88 0
67 -20 -36 0
55 -33 53 0
22 91 -44 0
-33 52 91 0
-14 41 29 0
-92 81 16 0
-67 -39 -73 0
77 50 17 0
-4 -41 -92 0
65 19 -62 0
-46 54 -65 0
-23 67 -83 0
-64 49 -90 0
58 60 56 0
29 21 -70 0
-15 35 -47 0
-67 -11 -80 0
-59 77 -40 0
-40 23 52 0
-84 -34 11 0
-5 -34 40 0
64 53 -67 0
17 15 -12 0
-82 -86 -29 0
-6 26 -57 0
3 4 -27 0
79 -82 -90 0
-51 44 91 0
71 -16 -80 0
64 -63 -89 0
25 32 -77 0
47 -22 89 0
-89 -49 54 0
-92 85 20 0
54 59 -66 0
41 -67 2 0
84 39 64 0
-27 -46 -7 0
32 89 -36 0
45 79 82 0
-48 -76 8 0
45 -91 60 0
-30 86 64 0
61 -44 -47 0
46 65 -33 0
-46 -59 19 0
1 79 86 0
-60 -55 35 0
-83 11 4 0
-12 23 88 0
10 17 79 0
-40 -61 76 0
42 86 -82 0
34 -44 82 0
82 83 -63 0
-34 -47 37 0
68 37 -75 0
90 84 16 0
85 60 6 0
-40 24 77 0
12 -19 -23 0
46 -51 38 0
-13 53 -29 0
-3 60 82 0
-59 -42 -6 0
-44 34 -4 0
46 80 23 0
59 80 26 0
-82 57 -75 0
-32 88 2 0
9 -79 91 0
-78 12 38 0
-77 -42 -72 0
-18 12 -76 0
15 46 30 0
-13 23 -82 0
70 56 75 0
6 81 -55 0
92 51 73 0
59 -11 -81 0
-88 -14 -24 0
-33 91 35 0
-49 -59 9 0
3 -85 34 0
-24 30 51 0
-46 -47 -29 0
-23 21 -33 0
5 -8 -40 0
-69 83 -56 0
-92 34 -85 0
-85 -82 -36 0
4 -79 -72 0
-34 10 49 0
-92 85 75 0
56 52 6 0
81 -5 -61 0
53 -75 -24 0
-49 74 23 0
-69 75 -86 0
54 -18 68 0
-39 -5 30 0
66 26 85 0
-35 -67 -25 0
-44 -8 23 0
61 38 7 0
-62 -48 51 0
53 -25 19 0
57 -75 -59 0
8 -4 44 0
68 85 39 0
34 -57 45 0
77 3 -35 0
68 92 -63 0
91 -86 -21 0
53 65 7 0
9 -27 -82 0
-18 9 -68 0
91 -73 7 0
-36 -19 -42 0
47 -20 -71 0
62 85 -54 0
-52 -62 28 0
-31 -46 68 0
91 -72 -7 0
74 84 -76 0
-42 -7 -6 0
-55 46 -90 0
72 -23 -7 0
-87 50 33 0
54 -35 52 0
10 47 -91 0
-77 -82 43 0
31 59 -41 0
-92 -67 73 0
41 27 40 0
51 17 -2 0
-50 68 -60 0
65 -84 -71 0
75 37 -41 0
73 -11 -78 0
-14 -46 20 0
-30 26 89 0
80 46 -20 0
-19 55 -78 0
-12 -64 21 0
-39 51 65 0
43 32 16 0
-36 33 68 0
11 58 47 0
-62 -79 90 0
37 -75 31 0
82 -39 44 0
-38 22 -17 0
10 -33 -45 0
74 -12 -81 0
87 15 -89 0
2 -14 37 0
-22 4 -50 0
43 56 -37 0
-61 -71 66 0
-35 1 65 0
11 -37 -36 0
-36 -23 -44 0
-16 88 7 0
-63 -51 68 0
27 11 -28 0
35 71 46 0
12 -8 60 0
33 -75 55 0
21 31 -63 0
14 21 59 0
-14 -87 -29 0
26 -42 82 0
-24 30 -84 0
31 49 32 0
-57 -5 82 0
63 50 34 0
-69 -56 54 0
-88 -80 23 0
-84 81 17 0
11 13 -3 0
39 63 87 0
-25 -40 -71 0
-12 88 -70 0
21 -70 -14 0
-70 25 40 0
79 54 76 0
-91 -37 31 0
-25 -28 77 0
-88 -6 37 0
