p 94 400
51 79 49 0
18 88 35 0
-75 73 5 0
60 79 -88 0
-53 50 -66 0
69 77 -15 0
-40 -80 -79 0
-21 -91 77 0
32 64 40 0
7 10 89 0
-42 -12 82 0
61 33 88 0
-83 67 -88 0
-93 66 14 0
-4 -35 80 0
44 32 70 0
93 -43 56 0
-61 -88 18 0
8 53 36 0
28 -26 -70 0
-47 84 -14 0
-6 22 9 0
-12 -82 -13 0
39 -64 -73 0
-36 41 7 0
22 -20 64 0
-81 44 92 0
33 29 -63 0
11 59 46 0
47 59 -33 0
16 -82 43 0
-45 -59 63 0
-89 18 -56 0
-9 -60 -1 0
-43 -78 -48 0
6 -88 72 0
11 49 -90 0
-16 87 25 0
25 36 -2 0
-29 -9 -89 0
-5 -15 -45 0
-68 15 36 0
-31 69 67 0
18 86 9 0
91 88 13 0
-71 -12 16 0
23 -59 20 0
-29 49 45 0
-39 45 -33 0
7 15 -12 0
52 -42 19 0
-40 -29 -11 0
40 26 -84 0
8 7 74 0
79 -55 -14 0
-77 51 94 0
77 -84 80 0
-38 -52 73 0
4 -68 -7 0
-63 1 -13 0
69 -41 35 0
-17 40 62 0
-72 16 52 0
-84 -5 -25 0
-27 65 83 0
44 73 6 0
-18 -20 -4 0
81 28 -46 0
85 16 -55 0
67 -30 -74 0
43 -68 61 0
-86 17 -7 0
74 93 -82 0
72 -14 74 0
64 11 9 0
92 66 90 0
-65 -45 7 0
-44 50 -55 0
-92 63 -50 0
-8 73 24 0
-60 -90 -47 0
75 -4 66 0
-24 -12 9 0
-39 52 -72 0
-35 -4 65 0
31 48 57 0
67 -90 -7 0
77 -52 8 0
-21 -77 89 0
-27 82 25 0
-77 -45 20 0
37 41 -79 0
38 -11 19 0
1 90 -81 0
65 70 88 0
84 -77 10 0
-27 44 87 0
-11 53 -30 0
88 -18 -14 0
-1 -69 41 0
-49 -19 -81 0
59 74 55 0
-10 -82 -77 0
-73 67 -18 0
20 -12 -24 0
50 -55 -25 0
-25 41 -91 0
36 -44 53 0
-71 82 -52 0
34 67 37 0
4 -35 85 0
89 -10 -14 0
-41 54 -53 0
78 33 44 0
-54 29 40 0
14 37 -16 0
-32 44 -11 0
-93 -23 34 0
84 -37 74 0
-68 -34 85 0
34 82 -67 0
-43 90 84 0
11 -94 -87 0
32 -4 14 0
-49 -93 -91 0
1 88 69 0
88 -55 -91 0
91 -10 -25 0
86 -90 2 0
56 -28 30 0
-23 -57 -86 0
82 8 -44 0
-42 94 -92 0
-81 -38 -22 0
6 40 -35 0
43 19 31 0
90 24 92 0
15 -73 14 0
13 57 -40 0
49 67 -70 0
-57 -68 51 0
-88 58 -20 0
35 -74 34 0
-43 44 -90 0
8 38 -85 0
86 46 -79 0
-81 62 85 0
27 -67 -94 0
-36 55 48 0
93 -83 -62 0
18 78 80 0
80 13 -64 0
59 64 -60 0
-7 -37 64 0
67 46 80 0
-3 60 77 0
73 21 -61 0
26 -52 69 0
74 -51 -38 0
-49 25 -12 0
13 59 39 0
63 36 -3 0
14 6 48 0
-53 -74 -14 0
-6 -35 -81 0
40 69 -36 0
18 44 -82 0
-37 -68 -76 0
56 -61 37 0
-86 -4 -51 0
-76 21 69 0
-61 43 15 0
82 84 51 0
-24 84 23 0
13 38 69 0
67 -80 -65 0
22 38 -79 0
39 36 -9 0
-32 82 42 0
-88 19 -79 0
-13 60 -45 0
90 57 46 0
37 -75 -11 0
-74 -87 79 0
-53 20 -51 0
-76 3 5 0
32 -10 -51 0
80 -83 -18 0
-19 -46 20 0
-42 93 70 0
-50 -57 3 0
-88 24 -19 0
31 69 -70 0
36 -62 -53 0
-38 59 6 0
-7 -73 89 0
-71 80 15 0
-42 -59 20 0
-59 58 66 0
40 -71 -37 0
59 63 -62 0
4 -6 71 0
80 -33 -38 0
3 79 43 0
-48 -83 1 0
18 -3 86 0
90 8 15 0
-86 52 82 0
43 -68 73 0
94 20 37 0
-52 -20 54 0
-74 -7 37 0
-3 -23 -73 0
24 31 -37 0
-78 -91 8 0
-81 -16 71 0
22 8 30 0
-5 2 -19 0
53 -33 89 0
-13 -94 79 0
-48 -57 26 0
65 -49 12 0
21 -50 -78 0
-53 91 -39 0
9 47 79 0
9 -52 68 0
33 -13 92 0
-11 72 -18 0
15 68 45 0
25 24 44 0
81 -76 67 0
72 -55 31 0
-75 -28 79 0
53 -30 -36 0
23 -63 -13 0
-64 -53 83 0
48 10 -30 0
32 -62 60 0
12 81 -51 0
38 -73 43 0
-10 72 81 0
-69 23 12 0
-86 13 65 0
-83 46 -94 0
69 -16 70 0
63 61 -69 0
-32 69 80 0
23 -49 65 0
76 18 -84 0
92 25 35 0
-91 73 -65 0
-30 47 36 0
-44 -84 -23 0
52 21 18 0
24 -5 -79 0
-16 -54 -46 0
14 88 40 0
43 -25 33 0
58 -32 -43 0
-67 -28 60 0
73 43 -79 0
-70 42 57 0
93 49 66 0
-4 -16 80 0
78 -76 -11 0
67 -50 74 0
-46 -16 84 0
65 -30 -52 0
-13 -91 -49 0
34 -5 16 0
28 26 8 0
11 -25 53 0
-8 75 39 0
86 -62 -1 0
-64 -29 -2 0
-75 93 -3 0
-20 28 -6 0
30 -92 56 0
33 19 -42 0
-65 64 67 0
-32 49 45 0
-73 87 -3 0
87 -6 -85 0
-13 -44 -32 0
30 39 85 0
-35 -63 -47 0
41 82 -88 0
77 -1 -58 0
91 -85 78 0
-24 -2 -10 0
45 30 33 0
46 87 2 0
49 -47 -88 0
-79 -51 22 0
-46 -52 27 0
-52 54 57 0
-46 90 -29 0
88 -39 79 0
-37 16 50 0
6 82 26 0
2 -35 7 0
4 75 30 0
22 -91 45 0
51 -24 -31 0
44 37 -56 0
51 14 -3 0
22 58 36 0
90 37 2 0
54 -11 14 0
15 17 74 0
-22 -94 36 0
-60 36 -37 0
22 52 30 0
-35 27 40 0
73 52 -93 0
61 -13 -94 0
73 -54 84 0
-34 -52 2 0
-39 -35 60 0
48 54 49 0
28 65 3 0
-61 23 -24 0
-27 85 1 0
85 -25 10 0
55 -50 -8 0
-27 -53 -36 0
59 -39 30 0
48 -1 -26 0
28 17 54 0
69 38 -67 0
-69 93 21 0
-25 23 84 0
28 49 -48 0
-4 36 -65 0
-87 -50 67 0
-88 8 -75 0
-11 -2 -53 0
44 -2 -41 0
64 -15 -54 0
2 88 45 0
63 32 -70 0
-37 67 11 0
63 -21 13 0
44 -6 92 0
39 72 -65 0
92 -21 -77 0
-51 64 38 0
39 -65 9 0
-79 -49 34 0
48 4 65 0
-91 -41 36 0
11 -9 -39 0
-21 34 -19 0
41 50 -93 0
-40 -32 30 0
-59 23 80 0
45 -79 -59 0
48 91 8 0
39 76 -43 0
-60 -34 -92 0
27 88 -40 0
-35 7 17 0
84 -62 87 0
42 -80 72 0
20 -76 44 0
2 33 -29 0
-19 22 -59 0
5 -93 -52 0
-24 66 17 0
51 31 72 0
-5 -94 -1 0
-78 15 23 0
-94 -92 26 0
56 -42 -10 0
10 -12 63 0
86 -65 82 0
-52 92 -46 0
27 8 -12 0
87 82 33 0
94 31 89 0
21 57 -56 0
-56 94 -34 0
22 -3 21 0
77 -31 -82 0
85 48 58 0
-73 48 92 0
-36 88 -22 0
44 56 28 0
-70 77 -19 0
-41 -52 -34 0
82 -32 -68 0
-46 70 45 0
35 -71 -58 0
-94 -60 -20 0
54 -94 52 0
63 48 -78 0
-50 -90 -69 0
39 4 -17 0
94 81 65 0
-17 -9 -21 0
