p 98 417
85 -45 93 0
-27 -85 -19 0
72 -45 -14 0
-21 88 -65 0
86 -75 -5 0
74 -94 -76 0
-84 34 -39 0
-21 33 95 0
-53 5 68 0
-75 -90 17 0
-13 89 -88 0
-21 38 41 0
-35 8 67 0
-34 71 -83 0
-96 92 91 0
4 65 7 0
-11 -20 -39 0
-98 24 33 0
-81 -10 65 0
-15 -59 85 0
54 48 22 0
70 -95 -47 0
1 -3 -60 0
-13 -93 -7 0
-46 32 -6 0
-23 38 70 0
-85 41 39 0
40 -63 83 0
39 -20 43 0
25 44 54 0
18 14 60 0
-91 24 49 0
-6 -22 -80 0
-52 49 8 0
-40 12 -30 0
64 -15 20 0
96 -43 17 0
61 33 16 0
-34 -62 -60 0
-7 38 -70 0
-94 88 64 0
10 24 -81 0
-52 -1 96 0
-14 -59 76 0
-70 -45 9 0
16 -53 70 0
20 11 26 0
-14 38 -10 0
-19 -54 85 0
51 59 -30 0
68 -97 -76 0
-75 -72 -64 0
54 5 76 0
-25 62 85 0
70 -31 48 0
-31 -49 88 0
49 -11 -73 0
-49 -52 -48 0
-57 3 -71 0
88 33 -75 0
70 23 16 0
12 -63 -39 0
87 -30 -50 0
-89 -36 90 0
-61 -15 6 0
-34 -45 50 0
42 -38 47 0
96 88 -69 0
-29 -42 49 0
-68 42 -76 0
-89 -49 13 0
-50 19 -53 0
-32 15 11 0
-17 12 1 0
58 44 -91 0
23 -16 -48 0
38 58 70 0
6 -72 -25 0
-76 -45 -60 0
-47 -39 -86 0
45 -47 -64 0
-13 -73 12 0
11 21 -58 0
30 -46 6 0
-43 -27 15 0
-46 6 -95 0
-54 -88 35 0
67 15 31 0
49 85 29 0
-68 58 -69 0
-66 3 53 0
71 -65 -39 0
-66 50 62 0
12 19 -46 0
70 49 93 0
-42 46 -8 0
54 -94 -61 0
-25 67 7 0
-21 7 -24 0
-20 37 -85 0
-89 -84 -76 0
55 13 63 0
-34 25 26 0
91 15 97 0
45 -94 7 0
-60 -29 4 0
44 95 36 0
3 -12 -68 0
-76 -30 -21 0
33 -57 28 0
-76 42 -39 0
-1 -33 45 0
79 54 38 0
-98 -45 2 0
86 75 58 0
-62 75 31 0
-41 -64 33 0
8 -36 18 0
72 46 47 0
96 -87 81 0
39 16 52 0
-73 -6 23 0
-14 27 -72 0
-86 -98 2 0
12 -74 -76 0
-14 2 -18 0
72 -76 21 0
58 -63 -70 0
77 -61 11 0
-17 -74 35 0
-87 66 -49 0
-60 84 94 0
96 25 15 0
-35 61 -15 0
-6 -95 67 0
49 -93 41 0
-93 -82 -18 0
7 -4 -25 0
72 51 -63 0
-79 69 75 0
58 35 -16 0
-41 -29 -22 0
1 -17 76 0
-32 34 -31 0
68 53 -52 0
-72 -59 -30 0
-1 89 78 0
-91 -74 83 0
55 3 -57 0
74 -51 19 0
52 76 96 0
95 -34 -48 0
-12 -42 -65 0
22 72 -18 0
33 68 -27 0
41 7 88 0
-46 4 34 0
-80 -78 88 0
28 78 -90 0
48 27 84 0
-72 -15 -34 0
-80 42 -49 0
94 -7 11 0
33 87 42 0
-31 38 89 0
-27 82 13 0
-24 -14 80 0
51 40 95 0
89 -83 82 0
21 -45 -53 0
-38 -9 66 0
-95 8 55 0
-66 51 96 0
-9 25 6 0
-28 -86 98 0
91 -59 57 0
59 -16 22 0
-63 -90 -49 0
18 63 -75 0
64 14 9 0
-69 50 60 0
83 -10 -56 0
2 -94 48 0
-24 43 -33 0
73 1 -45 0
-35 29 -91 0
-29 -90 16 0
-50 60 2 0
3 -8 -83 0
-73 -7 18 0
-11 76 -98 0
-87 93 40 0
45 -87 -44 0
-93 73 -10 0
-57 -12 -18 0
-20 51 50 0
41 19 -2 0
72 -94 78 0
-48 55 31 0
80 53 19 0
-72 -42 -81 0
58 -20 23 0
52 -95 -61 0
49 98 -67 0
-4 33 -1 0
-21 69 43 0
38 94 16 0
-78 70 51 0
-90 -43 -19 0
25 -15 42 0
-73 -66 53 0
60 -58 -96 0
78 16 87 0
-15 -97 -86 0
-9 19 -31 0
15 -80 -98 0
-74 -55 31 0
46 -45 -78 0
87 68 8 0
-78 1 -31 0
59 10 -19 0
-23 34 5 0
84 -25 2 0
37 55 18 0
41 -81 -14 0
-40 -1 49 0
-29 10 35 0
28 -5 73 0
-76 96 17 0
-23 40 15 0
-4 73 78 0
-1 70 -76 0
45 -51 52 0
79 34 -49 0
55 -45 49 0
29 -30 -34 0
25 -2 -80 0
18 46 97 0
2 -83 43 0
-78 -37 48 0
22 -59 -15 0
-11 -82 66 0
36 -4 67 0
27 -71 89 0
-9 5 94 0
41 -94 -12 0
-49 40 -7 0
78 -1 45 0
-61 -73 -72 0
77 -27 -13 0
-44 -96 13 0
44 96 64 0
-17 28 32 0
28 89 -65 0
-45 -84 -82 0
-41 -21 32 0
-3 -9 40 0
25 84 -4 0
-36 -31 -63 0
-39 37 -59 0
-83 48 60 0
17 77 -54 0
-39 -52 -15 0
-22 66 -2 0
-74 -51 -35 0
-58 -83 -86 0
-86 -72 75 0
90 -23 32 0
-20 -90 85 0
-68 77 -30 0
-72 24 -64 0
-90 42 -58 0
84 82 98 0
-15 16 53 0
-23 68 91 0
11 -93 -29 0
-6 33 19 0
-7 43 28 0
2 -52 37 0
13 -40 87 0
-13 35 10 0
-94 -82 -30 0
-87 21 32 0
57 -72 40 0
53 38 -15 0
-54 46 -56 0
-95 80 81 0
-47 -83 10 0
57 80 8 0
76 71 -40 0
24 -11 -96 0
-1 -79 71 0
-22 85 -47 0
-28 83 -41 0
7 50 74 0
68 -35 50 0
-57 24 92 0
1 -49 45 0
24 21 58 0
-57 -22 75 0
78 17 -54 0
47 24 45 0
-91 3 -49 0
-85 -26 -27 0
45 -57 -20 0
48 35 -79 0
-36 19 -80 0
-77 -64 -62 0
-34 -60 3 0
-50 35 18 0
-55 -67 -19 0
85 42 -9 0
-73 71 -65 0
-2 -73 91 0
-23 83 -45 0
-80 -8 -14 0
-71 81 -65 0
-7 -51 -89 0
60 70 -82 0
-23 29 -97 0
-70 -51 -57 0
93 27 -49 0
-2 92 71 0
-53 51 -28 0
-37 3 28 0
-14 -46 77 0
1 79 16 0
-90 46 -6 0
-10 -8 -24 0
68 -6 16 0
53 -93 3 0
-83 -62 -9 0
-37 -23 52 0
9 23 5 0
21 14 -29 0
-91 -97 -33 0
89 -48 37 0
-63 -18 -86 0
-89 -49 -31 0
87 58 69 0
-83 21 -79 0
54 40 92 0
-88 73 -47 0
19 85 -52 0
47 -18 24 0
6 73 49 0
-91 71 26 0
-65 -13 -41 0
22 83 -56 0
-12 -63 -6 0
-33 -3 22 0
68 -22 -81 0
97 -12 -7 0
35 -11 6 0
60 4 -37 0
78 -32 68 0
-68 -78 73 0
1 -94 84 0
-55 29 34 0
13 -78 15 0
-14 35 76 0
-39 -25 7 0
-92 -84 34 0
-8 1 -98 0
12 1 -65 0
-70 58 -46 0
64 38 59 0
-7 51 31 0
-87 11 13 0
88 -26 -97 0
-33 60 -26 0
-96 -81 63 0
25 15 -39 0
49 77 94 0
4 -46 -6 0
-83 -85 -32 0
-1 95 -56 0
-22 93 21 0
91 -39 -76 0
63 -6 -40 0
84 -45 96 0
79 -68 -70 0
40 -21 63 0
-46 68 38 0
-86 38 -43 0
-74 6 -48 0
-38 50 91 0
-59 -84 79 0
91 -38 76 0
65 -88 82 0
-27 -25 -81 0
-31 -85 77 0
-5 -12 96 0
64 -11 4 0
32 89 94 0
-48 -38 -22 0
-27 95 -64 0
-73 33 80 0
-14 35 76 0
48 -21 -23 0
15 14 -23 0
-9 78 -11 0
-85 1 -95 0
45 11 61 0
-64 26 -85 0
76 -52 49 0
-31 -17 -44 0
75 -85 38 0
-41 -63 9 0
36 -81 -35 0
-39 44 28 0
65 64 -45 0
-3 61 -24 0
98 66 -52 0
-8 53 68 0
-86 -51 -49 0
-62 76 -88 0
