p 81 345
-50 -79 65 0
-45 -16 -4 0
36 -13 11 0
-34 -30 -14 0
35 39 -29 0
9 -47 -32 0
-26 74 -6 0
59 49 12 0
-68 -71 33 0
-77 -80 -32 0
43 44 11 0
52 11 61 0
51 -55 61 0
37 17 -47 0
-41 24 4 0
-56 -31 -73 0
28 -78 62 0
15 7 -62 0
50 -26 61 0
31 -74 11 0
36 -12 51 0
47 59 18 0
-27 10 13 0
20 32 -74 0
-34 73 -18 0
-55 50 -13 0
-28 -2 27 0
-48 29 6 0
-26 -42 -78 0
-17 3 59 0
-69 54 21 0
21 75 43 0
-16 29 14 0
-12 -47 9 0
43 60 28 0
-2 -56 -46 0
33 -36 11 0
-6 44 12 0
47 19 -75 0
-19 -70 5 0
-45 69 -36 0
48 -60 78 0
50 80 18 0
-17 -78 8 0
32 -67 -49 0
24 -22 12 0
-74 38 9 0
-32 -76 -77 0
2 -80 64 0
-43 -60 -54 0
55 -20 -67 0
32 26 -24 0
-32 -18 48 0
35 24 31 0
6 38 52 0
-26 35 8 0
60 62 26 0
61 -77 -9 0
10 -49 -40 0
61 75 15 0
-35 -70 -3 0
-4 18 26 0
76 -61 65 0
71 -76 50 0
-58 -63 9 0
-66 -29 -49 0
41 -9 73 0
-62 -33 46 0
-45 -17 68 0
-12 14 24 0
17 15 -70 0
44 14 -34 0
53 65 81 0
-76 -36 -70 0
-12 -5 10 0
26 46 -16 0
-18 -44 6 0
-77 48 -61 0
-35 56 17 0
-74 51 1 0
69 22 61 0
-3 -12 -46 0
-29 -14 59 0
47 51 -78 0
28 5 26 0
8 -29 -72 0
79 58 -40 0
21 22 74 0
29 -3 -31 0
41 79 27 0
-8 -46 58 0
-33 2 18 0
-23 -10 27 0
36 -6 61 0
-11 70 36 0
67 4 70 0
-17 -14 -21 0
-5 -54 77 0
45 -26 13 0
-66 74 3 0
6 13 -12 0
-3 26 53 0
55 -2 18 0
-42 -15 27 0
-7 40 -24 0
-28 13 -54 0
76 -11 -48 0
-27 -10 -30 0
-18 -51 -57 0
-80 26 11 0
-28 -38 -52 0
6 -7 50 0
34 -4 47 0
51 22 -40 0
-81 69 55 0
-7 40 53 0
60 -49 -21 0
-14 -58 30 0
26 -46 -9 0
77 46 23 0
9 58 13 0
47 -27 -73 0
-6 59 71 0
10 74 59 0
37 76 -77 0
79 -4 2 0
-16 80 -17 0
47 17 -23 0
15 -61 2 0
-33 -28 -41 0
11 73 27 0
22 80 69 0
28 62 -51 0
75 -5 38 0
-30 73 54 0
-15 -10 33 0
-43 37 -32 0
7 -75 -52 0
-14 26 -73 0
31 -73 -46 0
-76 64 77 0
58 12 43 0
76 7 20 0
7 11 -60 0
-11 -77 67 0
13 51 -40 0
50 -8 -61 0
53 -23 -75 0
-18 72 36 0
69 59 -76 0
-17 -62 72 0
-24 12 -28 0
78 4 24 0
10 -6 -32 0
-21 -54 47 0
-75 -78 22 0
27 26 -81 0
34 -28 -41 0
44 10 -13 0
4 -33 77 0
-79 -69 -7 0
-20 -31 -8 0
-35 -78 -80 0
49 -41 62 0
34 26 -63 0
76 48 -64 0
-44 -77 37 0
-71 -45 24 0
-51 -35 -42 0
-36 43 30 0
-35 10 6 0
-13 9 -33 0
80 -26 -60 0
-71 -57 70 0
-15 80 -16 0
65 -55 -18 0
70 -53 6 0
-31 13 -79 0
73 28 -36 0
29 60 -79 0
-19 -37 -13 0
-25 37 60 0
-74 75 78 0
-45 -19 21 0
71 -29 -59 0
78 43 58 0
47 -74 -14 0
-76 10 40 0
-80 -9 60 0
-19 -33 34 0
16 33 -73 0
24 -23 70 0
22 60 -74 0
-27 -50 48 0
-13 -22 -58 0
-29 19 -79 0
-34 -74 -46 0
7 -26 63 0
53 43 -75 0
16 -1 21 0
-50 53 -35 0
-13 -44 -12 0
-31 70 68 0
80 -49 -37 0
-70 43 36 0
-76 -64 -5 0
48 32 3 0
-77 -73 62 0
-62 -65 -25 0
-27 72 64 0
50 -35 -41 0
71 73 -50 0
-1 53 35 0
-60 81 -75 0
-64 14 75 0
42 -57 -65 0
-14 -30 -55 0
-46 30 70 0
53 -21 -19 0
-57 48 -65 0
4 80 50 0
15 25 60 0
32 -74 -20 0
67 70 33 0
-20 1 10 0
-69 44 -42 0
33 -31 77 0
-50 62 52 0
-70 55 48 0
54 -29 -10 0
38 12 -41 0
75 -21 -36 0
44 -10 72 0
-36 52 -46 0
-12 10 23 0
-71 27 9 0
74 -65 -30 0
75 -68 -43 0
-40 43 57 0
33 -53 27 0
-65 3 -81 0
-68 42 -6 0
-28 -60 -65 0
5 31 64 0
60 61 -18 0
-79 76 36 0
-76 37 81 0
75 -31 -53 0
-55 -58 23 0
71 56 17 0
-41 -72 -11 0
-23 45 -73 0
-77 -49 35 0
7 54 -70 0
50 2 5 0
-70 67 -8 0
4 -43 -71 0
74 43 67 0
-76 -25 75 0
-57 39 16 0
-4 38 -2 0
45 23 17 0
-50 42 -14 0
-49 53 -58 0
-72 26 5 0
44 -6 -27 0
-78 68 -63 0
-57 -21 -42 0
-17 -8 15 0
16 37 -30 0
65 -79 -43 0
-26 -78 39 0
42 -43 29 0
31 32 77 0
-60 -44 67 0
-55 50 -78 0
12 68 32 0
80 22 -37 0
25 -8 -26 0
-17 -13 45 0
80 40 -62 0
-56 34 76 0
72 -25 58 0
78 8 65 0
-29 -66 2 0
20 38 -56 0
-7 20 -12 0
54 -21 -62 0
-28 -20 48 0
-52 -60 81 0
77 15 10 0
-25 61 39 0
-79 -37 12 0
-48 -51 -12 0
49 -46 29 0
-6 59 -62 0
6 -55 -58 0
-72 52 -6 0
-29 2 21 0
62 -68 44 0
33 -77 -72 0
-38 75 74 0
-48 1 68 0
75 -52 59 0
-28 59 -69 0
54 -62 64 0
66 8 -3 0
34 72 -70 0
30 69 13 0
42 -4 67 0
-65 -74 29 0
45 8 40 0
15 63 49 0
74 -49 75 0
59 -69 51 0
-74 -43 21 0
31 30 -24 0
41 -29 -21 0
-2 38 -27 0
70 -21 12 0
15 -24 -7 0
-52 -32 39 0
-79 -61 1 0
-81 58 -66 0
55 17 62 0
44 18 12 0
-21 16 -58 0
-62 74 -14 0
54 52 17 0
-65 -16 -38 0
-10 72 21 0
48 -61 67 0
-37 58 -2 0
63 -64 -27 0
52 -44 63 0
-6 -13 -1 0
-14 -54 -47 0
29 76 67 0
-26 18 45 0
-40 -21 -24 0
-4 -60 55 0
38 -76 -7 0
69 31 36 0
64 7 68 0
44 45 -53 0
