p 30 127
-1 -14 -12 0
-4 -22 16 0
29 12 -6 0
10 4 29 0
-19 27 13 0
13 24 4 0
-5 -19 1 0
-12 29 -3 0
-21 25 12 0
-1 4 26 0
25 -28 9 0
27 14 -30 0
-16 -7 13 0
26 -25 -14 0
-25 -2 -3 0
-22 6 12 0
13 9 2 0
27 -22 -10 0
-28 5 6 0
16 -7 -3 0
-22 -2 5 0
-17 -23 6 0
-13 -24 -1 0
1 -13 6 0
15 7 -4 0
-21 2 18 0
16 -28 5 0
8 29 -2 0
-25 1 -17 0
3 29 17 0
8 -11 30 0
5 -27 19 0
3 26 27 0
-22 11 -19 0
16 5 -30 0
-3 -21 -5 0
21 23 -9 0
3 22 9 0
3 -11 -5 0
-21 -7 -24 0
-20 25 8 0
9 -28 4 0
-15 20 -10 0
-29 -17 -13 0
-9 -27 18 0
-27 -13 24 0
-30 6 -3 0
10 6 9 0
27 -16 13 0
-17 28 24 0
-7 -4 26 0
-10 2 20 0
21 30 7 0
-9 -25 10 0
-27 -3 -13 0
18 6 -8 0
6 25 -15 0
-26 -27 -13 0
20 12 -7 0
26 -19 -17 0
-3 6 -14 0
24 -10 -1 0
22 -17 20 0
22 -6 11 0
16 27 -2 0
8 13 5 0
-21 3 25 0
2 12 15 0
21 2 -18 0
12 14 -1 0
-24 19 -21 0
6 -12 18 0
30 21 -26 0
17 -13 9 0
-18 -1 10 0
23 22 24 0
18 25 -7 0
26 3 28 0
28 -14 -18 0
3 30 16 0
26 7 17 0
11 -29 -9 0
-8 -3 14 0
18 23 2 0
4 -27 -13 0
15 -21 12 0
-23 -25 -19 0
10 29 -25 0
30 18 16 0
25 7 -1 0
-9 -29 -5 0
-28 14 -22 0
23 -13 22 0
-9 3 -27 0
-30 27 -25 0
-21 -18 10 0
-13 6 4 0
27 6 -17 0
28 23 27 0
24 5 -16 0
-15 4 -17 0
-25 20 -24 0
2 20 1 0
19 15 18 0
-19 9 -5 0
-12 -20 -4 0
11 -6 3 0
-17 -9 21 0
-24 2 22 0
11 -29 -24 0
1 19 -24 0
29 5 -17 0
21 13 -20 0
18 -4 -8 0
9 -30 -4 0
-6 12 -24 0
-22 10 -30 0
-26 5 6 0
-3 -21 -7 0
10 24 -23 0
14 13 7 0
15 27 -12 0
-23 -25 13 0
-28 1 -5 0
15 -6 -9 0
-29 -9 -24 0
10 -14 -8 0
