p 60 255
-59 41 -33 0
24 -18 25 0
-27 28 -52 0
-11 36 -59 0
-31 -46 37 0
11 48 40 0
33 -6 -36 0
34 24 -8 0
-33 3 19 0
16 32 -40 0
1 -40 -24 0
42 5 -58 0
30 43 -5 0
-59 48 -22 0
-27 -16 41 0
38 -55 19 0
8 31 -2 0
-29 -49 12 0
-30 -45 29 0
3 15 1 0
-43 19 4 0
32 -60 -2 0
-37 47 10 0
-35 37 8 0
-7 -49 1 0
-4 14 -9 0
-33 -25 -55 0
-4 58 20 0
-33 -9 -5 0
-38 -4 15 0
15 28 10 0
16 27 -20 0
-30 -19 -35 0
41 -5 20 0
-12 -3 6 0
46 -1 -60 0
16 -45 14 0
53 22 12 0
-14 26 -2 0
57 -58 40 0
-50 -44 -6 0
47 35 60 0
6 -39 -59 0
28 19 -56 0
-9 -18 -4 0
33 29 47 0
-53 20 -16 0
38 7 24 0
-29 36 44 0
11 48 -28 0
-46 -56 9 0
-57 6 35 0
-38 23 17 0
-8 -44 -9 0
-37 44 45 0
2 49 26 0
33 48 22 0
25 57 33 0
-26 -52 -58 0
28 7 22 0
-44 56 27 0
28 4 8 0
-32 -1 -31 0
-50 26 -29 0
31 20 13 0
-48 9 50 0
-20 32 -21 0
-15 -27 -56 0
-3 -55 21 0
-15 -22 -10 0
-28 -31 18 0
40 24 -19 0
-16 -30 37 0
15 13 -49 0
-39 4 6 0
23 36 -16 0
2 -34 -4 0
12 -13 26 0
-32 7 -35 0
-25 9 29 0
28 -45 -16 0
-8 -12 -13 0
42 60 18 0
-12 1 52 0
-49 -55 39 0
29 -33 46 0
1 -29 32 0
6 -42 -19 0
8 37 -34 0
16 -60 -22 0
-53 -41 3 0
28 24 -6 0
-48 38 -28 0
-27 -8 -40 0
-33 -2 5 0
-6 -11 26 0
-54 -13 -44 0
-49 -22 28 0
47 -43 55 0
-22 59 -40 0
36 -59 51 0
1 -51 -59 0
-32 -27 9 0
-10 -38 27 0
7 21 24 0
-55 34 12 0
-35 -47 -11 0
-14 -22 -18 0
55 -27 40 0
58 -31 25 0
42 23 -5 0
35 -60 50 0
-26 -31 -1 0
53 -6 -15 0
-54 -57 49 0
30 -44 -9 0
54 -21 -7 0
-26 -3 23 0
-35 42 -8 0
-16 -41 8 0
-5 27 21 0
-8 22 -13 0
-16 39 36 0
40 11 -31 0
-58 5 19 0
43 54 -31 0
-45 2 -32 0
-57 -54 29 0
22 -34 -12 0
-55 -31 47 0
-1 8 6 0
-48 13 23 0
-47 -39 -58 0
26 6 -33 0
18 -38 36 0
-51 -22 -15 0
50 46 27 0
-22 -10 -2 0
36 38 -28 0
9 -33 -10 0
-43 -60 -22 0
11 -41 -34 0
47 -7 2 0
36 60 -44 0
15 -12 13 0
-56 -43 -18 0
-37 10 7 0
8 17 23 0
-47 -20 -6 0
58 36 -46 0
22 -42 -31 0
-50 4 -60 0
18 43 -21 0
25 13 3 0
-30 -35 -22 0
54 -9 -23 0
-53 20 -45 0
47 -8 -58 0
-34 3 41 0
43 13 40 0
49 27 60 0
-48 57 -22 0
31 54 -48 0
34 -27 -29 0
31 36 -45 0
3 -29 -9 0
-25 53 -29 0
-48 49 35 0
-55 36 52 0
-8 17 51 0
37 -36 -40 0
-3 -51 -45 0
16 -32 -8 0
4 -52 -31 0
-26 34 -18 0
-3 59 24 0
47 24 -19 0
54 -27 -33 0
-42 11 48 0
-48 26 14 0
-60 22 49 0
-48 -11 -53 0
-21 -1 -37 0
-39 40 34 0
-16 43 55 0
12 -33 59 0
41 -25 18 0
24 55 18 0
42 -45 -58 0
-43 -41 18 0
-59 -52 -2 0
-47 13 52 0
25 6 22 0
35 13 -32 0
-53 20 33 0
-32 43 -37 0
-3 -23 -25 0
3 -16 -33 0
16 -25 42 0
2 -37 12 0
29 -10 -2 0
26 8 -42 0
-52 -4 21 0
42 36 -40 0
-3 60 -31 0
-59 50 -21 0
58 -59 -53 0
-37 -49 4 0
34 -36 29 0
-60 -57 -39 0
29 -2 1 0
59 -16 -6 0
37 11 -53 0
41 23 1 0
4 -9 -58 0
48 -60 54 0
-18 -42 25 0
-7 -1 3 0
-21 -37 32 0
23 43 -41 0
57 -43 -3 0
-6 -15 -25 0
-42 -39 -57 0
-40 -5 -34 0
-57 40 56 0
7 -10 4 0
28 6 -38 0
-56 6 31 0
-12 -11 39 0
-46 -14 51 0
33 31 -35 0
56 12 -7 0
51 42 26 0
-1 -28 -24 0
-3 18 25 0
27 41 26 0
-44 -11 -28 0
-46 52 -8 0
17 20 -42 0
-6 -33 34 0
-9 -19 -51 0
-13 35 -45 0
-58 -34 8 0
40 32 35 0
44 54 36 0
6 -60 39 0
12 55 -51 0
9 -7 38 0
-18 -46 27 0
-6 -9 25 0
59 38 -44 0
-56 8 33 0
14 53 -11 0
-30 -32 7 0
-18 -42 29 0
