p 73 310
50 -55 -49 0
-28 -72 -4 0
-66 -10 14 0
-36 -8 -34 0
16 9 44 0
48 -54 -29 0
59 -17 -50 0
-49 -66 31 0
24 -20 -17 0
65 38 22 0
72 13 -34 0
-1 -12 46 0
54 22 -4 0
-36 -5 -8 0
54 21 29 0
59 31 -60 0
7 -61 -41 0
36 27 -10 0
16 -25 -10 0
5 -13 29 0
2 6 -28 0
-38 -31 1 0
67 49 62 0
-40 -6 -59 0
-1 39 35 0
-25 -5 -42 0
55 20 -56 0
-66 -47 16 0
-72 -14 -9 0
43 -15 -16 0
-33 -49 -3 0
29 -42 -68 0
-65 -47 -17 0
24 -18 71 0
61 -47 63 0
9 19 -60 0
48 25 31 0
48 42 -25 0
-10 -36 49 0
51 -11 7 0
-60 -27 -47 0
40 -29 -34 0
26 -56 4 0
-57 4 12 0
-29 -55 -64 0
-19 -60 26 0
72 -52 32 0
57 -11 17 0
50 2 16 0
67 -50 3 0
5 -20 -62 0
-16 15 -27 0
19 -45 64 0
-31 49 -67 0
-24 -35 -63 0
-42 -67 73 0
-23 53 48 0
18 55 -22 0
31 -52 37 0
-58 -27 -20 0
-11 -6 -38 0
62 -40 69 0
-19 32 -21 0
32 -44 -13 0
29 62 50 0
-23 -15 -27 0
-40 -7 50 0
59 -41 -45 0
-9 -64 -28 0
43 68 -73 0
9 -62 15 0
-69 -30 60 0
59 50 31 0
57 2 71 0
28 -17 -45 0
69 61 -66 0
-7 -19 -31 0
-55 15 16 0
-70 72 13 0
73 7 29 0
1 -65 6 0
60 17 21 0
-19 10 36 0
-6 -58 -8 0
37 40 -4 0
28 10 19 0
-44 -41 -20 0
-43 -50 -18 0
-21 -42 -41 0
64 71 47 0
-2 66 19 0
-67 -22 -52 0
36 41 -68 0
29 17 64 0
68 57 7 0
58 29 53 0
-30 -55 -4 0
25 17 54 0
49 -9 24 0
31 34 -54 0
15 45 53 0
45 23 26 0
49 -70 -17 0
15 49 -29 0
33 -28 11 0
26 59 4 0
-42 44 56 0
46 33 -12 0
-47 3 48 0
-63 62 48 0
-43 -57 62 0
-46 28 8 0
5 57 -26 0
-48 -45 24 0
-62 -37 16 0
-57 -47 -54 0
49 61 30 0
71 47 6 0
-69 20 -7 0
-33 -55 -48 0
18 -25 -41 0
52 22 -70 0
-9 -47 -48 0
-45 -25 50 0
55 -43 -70 0
23 -35 -16 0
-1 32 -59 0
51 49 -21 0
-31 -22 -45 0
26 -28 -73 0
44 -48 -11 0
16 29 20 0
-46 45 21 0
16 61 3 0
-66 -57 23 0
18 -59 -58 0
54 24 -66 0
17 64 61 0
59 8 61 0
43 -5 27 0
-32 71 73 0
56 68 52 0
-7 -17 34 0
12 60 -46 0
-28 73 21 0
-68 -57 -17 0
-25 51 -49 0
10 65 -19 0
4 -31 43 0
48 -60 -68 0
45 -42 23 0
26 65 21 0
-50 14 69 0
69 16 68 0
25 -48 58 0
73 43 -56 0
-22 -51 -8 0
32 -29 13 0
33 -61 -55 0
72 -48 -67 0
49 -71 -39 0
-16 33 -2 0
41 18 -19 0
-31 55 -1 0
43 -42 61 0
-49 34 -67 0
-12 33 23 0
-56 62 -33 0
-67 -3 53 0
-15 -2 -24 0
17 -60 18 0
60 54 43 0
52 40 14 0
-57 3 -40 0
12 -16 -19 0
29 45 16 0
-63 -6 -23 0
13 -34 -73 0
62 -2 9 0
-58 -28 69 0
-49 -3 -43 0
-71 -1 35 0
-4 -10 -5 0
-46 21 -37 0
-72 37 36 0
-8 -58 -65 0
65 -44 -20 0
-18 -41 30 0
55 24 -51 0
22 21 59 0
35 31 52 0
12 -20 11 0
-22 -56 -11 0
-36 70 62 0
40 -26 -8 0
-32 -59 8 0
16 -61 -55 0
-64 -55 54 0
-5 20 55 0
-58 -69 -11 0
37 -7 -47 0
45 20 -72 0
45 38 -35 0
-26 55 24 0
-30 -7 40 0
-55 42 58 0
66 -9 19 0
60 9 49 0
10 -45 50 0
-12 42 -62 0
71 -37 -52 0
12 55 5 0
59 10 -58 0
-56 65 21 0
-72 13 -8 0
44 18 -35 0
59 -54 26 0
-49 -15 -63 0
-5 -24 61 0
-70 -62 -73 0
11 -62 58 0
-63 -9 20 0
-62 -14 53 0
-72 52 55 0
-41 -54 -65 0
-6 -32 -41 0
70 73 53 0
70 30 -47 0
37 -51 49 0
7 5 17 0
8 -7 47 0
22 17 -12 0
-71 -46 -35 0
-44 -72 -34 0
49 41 48 0
-24 -70 43 0
-55 43 33 0
8 9 23 0
-42 10 -68 0
-59 -27 -35 0
-44 -10 -46 0
17 13 25 0
-5 -48 -16 0
-26 35 62 0
37 17 -43 0
-41 23 73 0
-67 -28 9 0
-13 -72 -66 0
29 -34 6 0
-22 21 -40 0
-18 -68 -36 0
49 -7 -25 0
72 -11 42 0
55 46 -19 0
-61 -32 65 0
14 -48 31 0
49 -44 2 0
-73 -13 -48 0
40 45 73 0
37 -38 47 0
-49 62 53 0
14 37 -67 0
-60 -2 58 0
-5 8 40 0
43 61 7 0
66 37 -15 0
44 16 -45 0
-47 -42 16 0
36 25 -35 0
25 68 49 0
57 -26 20 0
-73 -45 -10 0
29 -40 -2 0
-33 -69 -13 0
44 -64 3 0
34 21 31 0
-5 54 -34 0
8 9 47 0
-12 52 -23 0
-68 63 -15 0
-64 7 1 0
14 -7 66 0
9 42 -35 0
37 48 -22 0
21 27 60 0
43 5 62 0
28 -29 -52 0
68 -39 15 0
38 37 34 0
42 24 66 0
33 47 -60 0
20 -67 -2 0
-64 -20 53 0
65 47 72 0
-69 -66 18 0
8 -33 29 0
31 -29 -2 0
-54 31 61 0
7 61 60 0
-59 11 25 0
-64 37 26 0
-29 -73 21 0
55 -8 64 0
19 -1 -21 0
4 -47 73 0
-15 73 40 0
-57 -19 -54 0
-20 -8 31 0
-70 26 -71 0
-41 -11 62 0
