p 72 306
-29 71 68 0
65 21 -13 0
27 7 -40 0
-5 23 -30 0
-11 -66 16 0
-11 5 -62 0
-58 26 31 0
22 -57 28 0
-25 -38 -10 0
41 6 -61 0
58 43 27 0
18 1 -24 0
46 68 -24 0
-25 -36 -27 0
-62 46 65 0
-65 61 -27 0
66 -70 -3 0
-48 -7 59 0
-19 -26 -18 0
-45 44 69 0
-56 41 -20 0
40 27 -18 0
-61 -29 71 0
-37 -35 33 0
-59 -62 28 0
58 -12 -38 0
-58 -1 71 0
-34 9 -67 0
-52 -50 -16 0
-27 17 18 0
23 44 47 0
16 65 35 0
51 -60 53 0
-24 -61 -23 0
68 5 11 0
-67 -44 45 0
-56 -16 -32 0
54 -57 43 0
-68 14 12 0
-45 10 24 0
66 6 14 0
-41 16 23 0
-67 71 58 0
64 -5 -37 0
-69 -70 -42 0
-25 -33 -50 0
-45 9 60 0
-72 30 55 0
13 -37 -21 0
-10 -63 3 0
-14 -23 -3 0
-57 8 -29 0
27 42 29 0
-13 -47 -33 0
12 -20 -65 0
-21 27 44 0
-2 68 41 0
-35 69 62 0
18 55 47 0
62 -50 -69 0
-23 53 8 0
44 -22 -35 0
-4 22 1 0
54 9 -3 0
1 -56 64 0
-1 18 -50 0
-50 -25 -15 0
-53 26 -27 0
9 12 44 0
-24 -12 25 0
-24 66 21 0
-72 45 37 0
42 -16 45 0
69 25 3 0
-65 -31 -62 0
50 70 48 0
3 69 -71 0
14 -38 16 0
-31 -22 61 0
-64 22 69 0
-13 -70 49 0
-24 -72 -7 0
10 49 18 0
2 39 -22 0
-21 55 -13 0
-42 -14 -28 0
53 61 -6 0
-51 -35 -29 0
-9 -44 -53 0
-62 36 30 0
-11 -60 67 0
-23 7 -52 0
-15 -5 41 0
43 -47 3 0
-31 -40 -22 0
41 48 64 0
52 56 -41 0
-66 51 -5 0
-55 13 -60 0
-70 58 -25 0
63 25 -55 0
47 44 -8 0
13 60 16 0
-37 -46 39 0
-63 31 11 0
-17 28 11 0
17 -19 -22 0
61 9 49 0
61 57 -71 0
-24 6 -9 0
14 -39 2 0
15 -5 -1 0
-13 23 19 0
-52 -10 51 0
-14 40 64 0
-59 -2 15 0
31 13 -36 0
-49 -6 19 0
44 -72 -69 0
-61 72 -1 0
-72 19 -59 0
44 66 -49 0
-1 42 -50 0
69 47 -65 0
-12 -16 7 0
-19 12 57 0
-48 -10 -56 0
5 -54 -40 0
-43 -13 16 0
-26 -69 5 0
14 26 -63 0
28 50 -11 0
58 54 49 0
25 26 49 0
-21 -67 5 0
44 40 17 0
5 54 -71 0
-25 7 11 0
-4 -60 -26 0
-55 -3 -21 0
-57 -16 40 0
-27 66 25 0
-29 51 3 0
-39 37 -11 0
7 -36 -57 0
-67 -27 -6 0
-19 -6 -40 0
60 -13 -55 0
1 -44 36 0
66 -54 52 0
62 13 -38 0
-69 65 -57 0
-39 41 -22 0
-15 40 -2 0
-38 58 51 0
12 43 36 0
-31 69 46 0
-49 4 -48 0
54 35 19 0
9 -49 40 0
-35 -23 -50 0
6 57 -23 0
25 -72 62 0
-3 67 -56 0
62 -43 1 0
8 48 -50 0
55 -12 -57 0
-9 14 27 0
43 61 39 0
8 41 -72 0
67 37 18 0
-52 -4 -70 0
62 34 4 0
10 60 50 0
-69 -61 46 0
4 -30 -68 0
-22 1 11 0
61 46 27 0
-41 33 55 0
54 -48 21 0
46 -5 29 0
-2 8 12 0
16 47 72 0
54 -19 -57 0
-41 -28 -43 0
32 -61 -70 0
70 -26 -25 0
-26 -8 -42 0
33 14 -5 0
-32 -8 -38 0
-52 -50 -68 0
-33 1 -35 0
35 -20 18 0
53 -67 55 0
72 13 10 0
30 -58 -45 0
-15 -39 -66 0
70 -27 -62 0
36 -61 -29 0
-27 39 7 0
64 20 -25 0
-17 -11 -54 0
57 -72 -63 0
-17 64 -13 0
-62 19 3 0
-13 67 46 0
5 -41 38 0
60 -26 57 0
9 -29 12 0
-47 -25 72 0
-7 54 33 0
-57 22 43 0
-22 -62 -66 0
2 14 8 0
49 -54 -13 0
-68 -67 30 0
-10 -48 -45 0
59 -71 -21 0
11 -48 -39 0
-6 50 45 0
18 47 72 0
-58 -52 22 0
62 -3 1 0
-35 -45 -24 0
-34 56 61 0
-37 12 68 0
-31 63 -14 0
-42 50 -53 0
-16 -15 10 0
-56 47 -10 0
71 32 -43 0
-2 -44 -48 0
11 13 49 0
71 -2 42 0
-36 14 27 0
8 -17 -1 0
32 -7 -59 0
49 -35 -67 0
-21 23 -19 0
-28 15 -24 0
2 -58 23 0
-59 25 -63 0
-42 18 -23 0
21 -55 -35 0
36 -3 8 0
-54 -31 23 0
72 26 -37 0
43 70 -62 0
-44 33 -21 0
49 26 -56 0
-33 6 -48 0
-28 -32 -16 0
49 57 14 0
-70 51 21 0
63 17 -32 0
32 -23 29 0
-17 -11 41 0
-50 -42 13 0
16 53 48 0
5 33 59 0
-63 11 7 0
-14 -42 -60 0
-54 -35 17 0
-6 33 7 0
14 20 -3 0
12 34 49 0
54 29 -22 0
63 18 -6 0
45 -19 -67 0
30 -5 24 0
-69 19 20 0
57 -69 -15 0
72 -69 -39 0
-28 8 41 0
-28 -46 57 0
-41 -68 -46 0
-65 25 -16 0
6 34 4 0
11 40 42 0
-1 29 -17 0
-7 -10 4 0
-69 -67 59 0
15 41 -60 0
-16 -6 -49 0
18 -58 9 0
-50 17 61 0
22 36 -31 0
-11 64 41 0
14 36 -28 0
-5 72 37 0
65 66 4 0
49 -40 -64 0
-20 -40 -36 0
72 11 59 0
29 -50 -8 0
-20 -7 3 0
19 8 -62 0
25 -7 40 0
-34 -28 55 0
-44 -65 -50 0
33 31 -40 0
8 -12 61 0
68 -35 71 0
44 31 39 0
48 -9 -38 0
-22 -72 -20 0
