p 82 349
65 64 -61 0
18 39 -36 0
64 -10 49 0
-55 -38 17 0
51 -19 9 0
-72 71 -76 0
38 -27 -15 0
29 -19 56 0
51 -23 -3 0
-13 6 24 0
65 -67 -28 0
-42 -9 31 0
-57 -26 -23 0
-31 -72 67 0
-28 -36 -12 0
-68 55 36 0
61 -73 -2 0
32 47 22 0
14 -40 -55 0
2 44 20 0
-39 49 -13 0
-27 -81 -56 0
-72 64 -75 0
-15 2 3 0
26 -24 -38 0
-52 75 69 0
37 20 40 0
-61 -80 43 0
8 56 70 0
26 70 57 0
-7 25 -5 0
50 -68 -82 0
-53 39 7 0
9 13 -48 0
-13 -57 -11 0
-75 -34 36 0
-78 -7 -30 0
-49 65 48 0
10 42 61 0
-2 24 -65 0
54 -51 -26 0
72 -29 -27 0
-34 -69 -71 0
9 -82 -69 0
-63 32 -21 0
57 -32 -33 0
-76 -26 -16 0
-3 -8 -39 0
-49 26 -24 0
-35 58 14 0
-10 -23 -43 0
73 -14 65 0
-69 35 71 0
11 -40 65 0
-64 -70 13 0
76 -26 -52 0
56 59 69 0
36 66 -27 0
-50 -37 7 0
-54 -48 81 0
-22 69 -82 0
37 -19 7 0
47 -34 11 0
-78 -20 -21 0
-16 75 29 0
-69 7 54 0
30 70 -81 0
40 47 26 0
-13 -56 -3 0
68 -33 -23 0
76 79 13 0
21 13 51 0
6 -75 25 0
-74 26 -22 0
25 27 -10 0
35 33 -7 0
-42 -33 74 0
-77 -2 69 0
45 -4 47 0
-9 -12 -48 0
58 -19 63 0
72 -26 -12 0
-49 42 -39 0
15 -10 37 0
26 -34 -81 0
21 49 -56 0
-9 -81 43 0
-40 78 -5 0
-82 -46 -13 0
60 -79 -68 0
-70 26 -71 0
29 -8 67 0
-14 52 -77 0
-65 47 73 0
-19 -21 -5 0
62 -31 -39 0
-69 -68 -77 0
-73 37 -39 0
-61 65 22 0
15 -51 65 0
79 -49 -54 0
3 -53 21 0
-58 -44 70 0
-65 34 77 0
71 73 46 0
35 58 -55 0
23 29 -42 0
-57 31 -11 0
-22 73 -60 0
-82 -76 25 0
-5 65 31 0
-41 -2 -24 0
-25 -67 -35 0
-19 -37 33 0
24 1 -29 0
51 -55 -40 0
47 -39 -75 0
-52 -23 72 0
65 -76 39 0
-39 25 -58 0
-69 -63 -26 0
-32 30 -71 0
32 63 17 0
-62 75 -21 0
-13 -20 -40 0
74 35 -43 0
47 -65 5 0
26 60 -68 0
-10 -33 -38 0
31 41 65 0
-1 -12 60 0
-52 -43 -60 0
12 58 -59 0
-82 -56 -59 0
-57 76 -67 0
65 61 -75 0
-38 79 54 0
48 -63 -40 0
-25 -52 71 0
-78 -14 7 0
30 -56 77 0
-66 -75 15 0
-21 -47 42 0
80 55 -46 0
-31 68 -77 0
32 -16 52 0
-7 67 6 0
57 -36 -18 0
3 38 23 0
35 -24 -77 0
-44 -78 73 0
10 23 -82 0
19 65 75 0
-23 -69 55 0
-34 16 -9 0
-7 38 44 0
76 3 58 0
47 16 33 0
-42 -16 82 0
-15 -39 33 0
73 -78 -71 0
12 -26 51 0
13 57 55 0
60 -27 -42 0
13 -29 -7 0
-76 -22 57 0
-32 56 -27 0
-11 16 73 0
77 66 -80 0
-1 13 -68 0
42 38 81 0
-60 -42 9 0
39 -22 -69 0
-68 23 -60 0
28 -44 34 0
-66 62 -36 0
69 -47 61 0
-23 -72 32 0
13 49 -28 0
-80 3 58 0
21 -42 36 0
-64 -50 -18 0
-11 33 -81 0
24 -68 -34 0
7 51 -64 0
22 -7 23 0
-11 -8 50 0
-17 14 50 0
-49 -76 69 0
40 15 -37 0
-7 22 47 0
63 -50 42 0
-34 62 -55 0
24 -13 2 0
71 46 17 0
-82 -74 -57 0
-75 -9 37 0
12 -78 29 0
60 -43 -15 0
-38 -76 27 0
44 -47 -35 0
17 -53 54 0
-50 -67 -35 0
-53 71 65 0
-56 -73 4 0
59 30 -81 0
-78 64 -70 0
42 -28 21 0
-6 -77 -61 0
25 -49 -41 0
53 46 -21 0
-63 -12 -31 0
-73 56 -60 0
-19 -31 -74 0
-53 -29 58 0
29 -64 -46 0
-30 -36 75 0
-9 -27 68 0
17 -24 64 0
64 79 40 0
9 33 -64 0
-37 11 69 0
54 24 -63 0
61 -41 56 0
12 -78 52 0
76 82 -51 0
20 -19 -26 0
-74 44 -26 0
37 58 47 0
41 -56 26 0
65 -33 20 0
-74 68 -65 0
-36 10 -56 0
64 -82 59 0
-55 20 17 0
-18 -72 -61 0
-76 46 -34 0
14 -54 82 0
-48 53 24 0
-13 -82 45 0
-70 3 -1 0
65 16 29 0
-60 -22 -8 0
-34 53 -26 0
-14 -45 -13 0
-71 -19 2 0
-80 39 31 0
-15 -21 52 0
-65 55 -19 0
-5 -59 15 0
38 46 13 0
-6 30 20 0
-31 66 17 0
-50 79 -5 0
-44 -16 -37 0
-13 61 68 0
46 3 -36 0
62 -2 -10 0
61 56 8 0
-3 -63 16 0
34 70 59 0
3 51 -74 0
-41 17 -75 0
21 -28 -7 0
14 -23 -2 0
79 8 -34 0
12 81 -36 0
-32 -29 -62 0
75 -31 56 0
-36 72 -31 0
-12 43 -41 0
79 56 -43 0
-40 -22 57 0
-56 -16 72 0
24 23 -1 0
-57 -56 -73 0
-82 52 10 0
65 22 7 0
-21 -71 29 0
-30 50 52 0
-17 41 78 0
19 -61 20 0
-18 52 -10 0
-15 19 49 0
62 13 -67 0
60 -27 -32 0
14 13 -62 0
-64 -81 -36 0
-24 -28 7 0
49 80 48 0
-47 -15 -17 0
64 24 26 0
65 78 64 0
43 7 -78 0
38 -45 42 0
19 1 -43 0
77 41 -54 0
80 -8 20 0
33 13 35 0
-38 -5 52 0
-47 -49 -52 0
-77 -81 67 0
71 62 66 0
6 1 39 0
-36 -66 -13 0
-63 -52 81 0
1 -56 67 0
-6 -80 -27 0
-71 27 -39 0
53 10 -81 0
60 -82 -76 0
46 1 -3 0
-69 -29 -59 0
-35 -44 -56 0
68 63 -44 0
50 -79 -45 0
-42 -64 -15 0
4 68 -42 0
-5 26 49 0
-27 -2 37 0
-28 -37 -20 0
-30 61 18 0
74 -20 -64 0
68 65 -17 0
-15 18 -55 0
3 -66 -82 0
-7 -31 -50 0
44 20 -48 0
10 -33 -52 0
40 -65 -56 0
68 -6 -42 0
-31 43 76 0
3 38 79 0
46 75 -58 0
-62 -67 18 0
45 72 -46 0
41 -68 19 0
55 -11 51 0
-62 -54 -34 0
53 -50 62 0
-75 80 -29 0
-18 8 -25 0
-81 -70 -69 0
-51 -38 -79 0
-18 82 -16 0
-82 -6 -34 0
69 17 -43 0
37 22 -62 0
-69 47 68 0
