p 45 191
13 40 1 0
19 -33 -37 0
-22 -27 20 0
9 18 42 0
18 -22 23 0
-10 -2 -16 0
-17 13 1 0
10 -38 22 0
30 -26 -21 0
19 -35 45 0
-3 -23 37 0
-9 14 -15 0
-20 38 -34 0
-45 -8 14 0
32 9 36 0
5 12 1 0
-10 31 34 0
-24 -41 45 0
45 -38 16 0
1 -23 -6 0
-38 -10 8 0
-5 29 42 0
-18 35 17 0
10 -29 23 0
12 43 27 0
19 -2 17 0
8 -37 -26 0
-31 28 25 0
28 -19 -2 0
-25 36 -11 0
45 27 26 0
-23 40 -32 0
-45 -41 6 0
-38 -37 -28 0
16 -35 -26 0
11 -34 36 0
-37 22 -39 0
-3 5 -39 0
-37 27 -35 0
30 24 -45 0
-20 33 18 0
-29 -23 33 0
-9 11 18 0
23 31 -33 0
29 6 -17 0
42 32 -27 0
-35 43 38 0
-14 29 -45 0
23 -5 35 0
8 17 -31 0
19 -31 -13 0
40 32 19 0
35 -10 31 0
18 -10 37 0
14 -42 28 0
31 37 42 0
30 17 45 0
41 -32 -17 0
-3 -32 -4 0
11 7 38 0
-39 -29 -32 0
7 -15 2 0
5 38 36 0
34 38 3 0
-31 -7 19 0
-8 42 6 0
6 -3 -21 0
-12 -20 2 0
-17 -37 7 0
-41 17 38 0
-25 -36 -30 0
37 34 -31 0
-4 -35 34 0
-16 -43 -30 0
31 -38 7 0
28 -24 10 0
36 -32 -39 0
-23 16 -12 0
9 -16 -45 0
6 11 -21 0
15 22 -11 0
-37 12 -38 0
40 -34 -16 0
41 26 -15 0
3 24 44 0
39 14 -5 0
-33 41 -7 0
-25 -39 -44 0
-39 -36 -25 0
-27 38 4 0
28 26 11 0
29 17 43 0
-22 23 27 0
-32 -25 24 0
-14 -44 -4 0
-25 -27 -11 0
-3 39 4 0
5 24 -15 0
-18 -42 35 0
43 -39 -28 0
37 -25 -16 0
28 -13 25 0
-4 1 -38 0
-14 42 38 0
-41 4 38 0
27 14 -36 0
9 14 10 0
-10 -38 -3 0
11 26 -16 0
6 8 28 0
-12 27 9 0
21 -36 12 0
-30 -25 33 0
-23 29 -26 0
-17 -15 -21 0
2 -20 -7 0
-29 21 18 0
29 31 -30 0
-6 1 -4 0
-41 7 -43 0
45 -35 -28 0
32 -10 -39 0
9 10 -38 0
31 25 -36 0
-25 -15 -42 0
-23 19 -26 0
1 28 30 0
32 12 -15 0
31 -2 -33 0
25 -37 26 0
42 -37 -15 0
36 -17 -19 0
4 -31 -22 0
-15 17 13 0
2 17 18 0
14 -23 -29 0
14 -43 42 0
9 33 42 0
-26 6 14 0
17 7 -27 0
-35 30 -29 0
16 15 12 0
30 28 39 0
25 45 39 0
1 -24 25 0
-11 -12 14 0
32 22 21 0
-35 -9 10 0
41 -14 42 0
20 25 29 0
26 -8 43 0
23 -7 2 0
8 27 -4 0
39 41 -17 0
-9 4 -11 0
-6 -5 4 0
-17 -43 -40 0
-1 9 15 0
-1 35 -15 0
28 41 21 0
-7 31 -34 0
-26 -6 -17 0
-13 5 -33 0
-18 21 27 0
-6 16 -38 0
13 37 -12 0
10 -33 41 0
20 5 -12 0
-5 29 -14 0
-4 38 -6 0
-9 35 40 0
24 -25 26 0
37 -25 2 0
26 43 14 0
-31 -7 40 0
-22 33 37 0
-25 44 35 0
33 37 43 0
-22 38 -39 0
-21 41 4 0
36 -18 -42 0
-8 22 -33 0
-14 -37 40 0
4 -16 -9 0
33 -44 39 0
-16 34 44 0
-39 30 27 0
36 20 9 0
-2 41 8 0
-22 -30 12 0
39 -43 7 0
