p 21 89
-15 5 -12 0
21 17 10 0
6 8 -11 0
5 -16 -19 0
-7 -2 -1 0
11 2 -7 0
9 -2 16 0
1 -16 6 0
3 -5 6 0
-13 21 -10 0
11 4 -12 0
5 -11 -15 0
-16 13 -9 0
12 21 -5 0
-18 10 8 0
-5 -6 -3 0
21 -9 -18 0
16 20 -8 0
-20 14 11 0
-5 4 -6 0
-16 -4 -12 0
-8 16 -20 0
3 -21 -19 0
7 11 4 0
-3 -8 20 0
-12 -13 -3 0
9 -4 13 0
19 16 -17 0
-17 10 21 0
-8 4 -21 0
20 9 -19 0
-17 -13 -16 0
5 -21 -1 0
2 4 21 0
-6 -9 10 0
-18 20 12 0
-4 17 19 0
-1 15 11 0
-19 10 -11 0
8 7 4 0
16 -20 -19 0
-19 -1 -8 0
-19 17 -21 0
-6 1 -4 0
-14 -8 6 0
-10 -1 -3 0
7 9 16 0
5 -11 3 0
7 -19 -4 0
17 -4 20 0
-4 8 -17 0
-17 1 3 0
-12 8 -3 0
-1 15 4 0
18 5 17 0
1 6 8 0
-8 20 7 0
-13 -4 8 0
-2 -8 -14 0
13 -10 3 0
-5 -13 11 0
7 -9 19 0
-9 -20 -17 0
5 16 -14 0
-3 -20 4 0
4 -15 -1 0
15 -16 -7 0
16 15 19 0
-13 21 -15 0
-17 -14 -19 0
-19 6 -17 0
10 14 15 0
-2 5 11 0
17 11 -4 0
-10 -15 17 0
13 10 -7 0
-4 15 -11 0
-21 14 -10 0
12 14 -16 0
5 11 -19 0
-12 -7 17 0
-10 -21 19 0
21 -20 13 0
4 9 21 0
-1 -14 -4 0
5 -19 10 0
-17 -21 15 0
3 -19 -20 0
19 15 -18 0
