p 39 166
-27 -13 -7 0
15 32 -16 0
1 11 -36 0
27 34 -25 0
-25 3 -14 0
17 -23 5 0
-15 29 -8 0
27 -26 -1 0
-12 39 -33 0
22 -8 28 0
-11 25 22 0
-32 -33 30 0
28 27 -31 0
26 17 22 0
-36 -2 -7 0
32 -24 39 0
-7 -2 -3 0
-17 -39 13 0
2 35 36 0
-27 -34 -14 0
14 15 30 0
-35 -4 6 0
14 -37 -28 0
-7 -15 32 0
-35 14 -26 0
-5 7 -6 0
-7 2 31 0
15 -38 -13 0
-18 20 -6 0
-29 -26 12 0
39 26 -2 0
8 -15 1 0
6 -20 1 0
-28 -15 -30 0
-30 -32 -23 0
-5 -31 11 0
11 14 -9 0
6 38 -7 0
32 34 28 0
-29 -12 22 0
28 14 36 0
30 -39 38 0
20 4 -2 0
8 -24 4 0
-1 36 35 0
-29 -24 31 0
2 -20 28 0
-25 -21 20 0
-38 -1 5 0
-31 -39 -38 0
23 -2 -31 0
13 36 -17 0
-1 -28 2 0
3 -38 34 0
-33 13 16 0
-29 -36 -6 0
17 9 -31 0
-23 36 -27 0
5 -27 -20 0
37 -7 15 0
-19 29 -34 0
33 -36 2 0
16 19 -4 0
-8 -25 3 0
31 36 27 0
33 -23 32 0
37 13 30 0
10 -25 3 0
-36 -1 12 0
-26 -29 27 0
-6 36 -23 0
30 33 -14 0
7 25 -3 0
-6 4 25 0
36 -29 -39 0
23 26 -27 0
-37 32 25 0
26 -37 33 0
-38 5 -29 0
-31 19 30 0
-19 -4 17 0
-8 -1 32 0
-29 -21 11 0
18 -19 -38 0
-21 30 15 0
1 -4 -15 0
-7 -21 -36 0
-37 22 -39 0
17 8 33 0
18 -27 23 0
20 -26 -22 0
39 30 -9 0
-15 25 36 0
-11 -7 17 0
34 -6 27 0
13 39 3 0
-16 -25 -38 0
37 -16 -22 0
-27 8 38 0
11 16 39 0
36 19 29 0
37 2 13 0
-20 37 -27 0
34 22 -23 0
13 -9 7 0
-21 -35 39 0
-29 -26 -7 0
25 -14 -31 0
-25 38 37 0
-1 -38 -28 0
-36 -34 15 0
-1 11 35 0
1 -17 26 0
27 -14 13 0
20 36 -2 0
-39 -34 -23 0
-12 14 -29 0
-4 -14 30 0
-35 -26 -20 0
23 17 -20 0
-20 -9 24 0
6 -24 11 0
-5 -14 38 0
21 -36 -30 0
38 -13 20 0
36 34 -7 0
22 -13 -21 0
-34 37 -26 0
-39 -37 -14 0
29 -22 -26 0
27 11 -3 0
-31 -32 21 0
-8 -25 20 0
-30 18 -13 0
36 -29 -19 0
19 5 25 0
-37 -32 -19 0
-36 34 19 0
-21 -24 -2 0
-39 -18 7 0
4 -39 -23 0
5 36 -14 0
-21 -17 -19 0
-7 -11 28 0
-35 -19 30 0
17 26 27 0
2 36 34 0
32 -29 -14 0
38 -1 -2 0
-14 6 -20 0
-9 28 33 0
27 6 1 0
23 -4 22 0
-9 -8 -12 0
-11 -19 25 0
-3 -22 -16 0
29 -2 32 0
-38 -6 29 0
22 -32 3 0
31 4 -7 0
36 32 9 0
36 2 -12 0
-24 5 -2 0
-20 -11 6 0
32 -6 -19 0
19 -21 -37 0
