p 65 276
-62 43 -14 0
32 -31 -27 0
15 -1 56 0
9 3 23 0
32 -58 23 0
42 55 11 0
-43 58 -52 0
47 -18 -32 0
-63 -31 44 0
-31 51 -43 0
64 4 19 0
2 -47 17 0
-65 25 41 0
34 50 -52 0
13 60 42 0
58 -60 -7 0
58 -51 -39 0
35 14 -15 0
39 2 -24 0
23 -2 64 0
-36 14 -62 0
-59 -40 -6 0
34 -10 -55 0
-14 9 -39 0
63 -60 49 0
17 -63 20 0
-33 30 1 0
-9 -28 -17 0
54 55 22 0
-56 29 42 0
5 41 21 0
-55 37 -38 0
48 -44 -54 0
-14 -12 27 0
-19 18 54 0
-33 -46 8 0
-28 46 16 0
-35 -10 -53 0
-26 -2 -5 0
19 -4 60 0
-4 -15 10 0
65 38 -39 0
-42 6 -65 0
-8 40 -35 0
42 33 3 0
-27 -32 -38 0
-47 2 -20 0
-13 44 60 0
-20 -48 52 0
1 -48 -11 0
-15 -63 -19 0
-21 -43 -5 0
-29 -33 34 0
40 57 -34 0
28 -49 21 0
60 64 22 0
-4 63 -1 0
-62 -53 -31 0
54 39 10 0
-17 64 23 0
-52 17 -28 0
26 37 21 0
16 47 6 0
3 -28 -2 0
-43 -57 61 0
11 -49 -7 0
7 -52 65 0
58 -13 -21 0
5 -48 -26 0
12 60 -41 0
4 -32 -8 0
15 -65 -7 0
-32 -64 -17 0
-8 -24 -19 0
53 2 -47 0
-56 -24 -33 0
-25 -19 59 0
46 19 -45 0
32 41 -6 0
-36 50 -47 0
47 -37 -43 0
-20 59 13 0
-58 17 -37 0
-48 6 42 0
-58 5 35 0
52 -42 -40 0
28 -22 -24 0
-2 -8 -38 0
37 -4 41 0
-41 39 -8 0
52 -12 54 0
11 -23 -26 0
-52 -38 -33 0
-48 13 57 0
-58 -50 -22 0
-2 34 64 0
1 47 -11 0
-24 -18 23 0
-25 56 37 0
-64 -12 -1 0
60 -39 -12 0
60 61 -30 0
-14 46 6 0
62 31 56 0
23 -4 25 0
-59 -27 -11 0
37 -65 7 0
-19 25 16 0
-64 2 -42 0
10 3 23 0
-23 46 -45 0
40 -7 -1 0
21 44 14 0
9 -3 -16 0
-43 46 37 0
65 -13 62 0
46 -5 -29 0
52 48 54 0
36 -57 34 0
-5 -40 -22 0
-36 -3 22 0
-13 50 -6 0
-39 1 -5 0
-10 40 -17 0
-38 -16 46 0
18 9 34 0
46 -51 55 0
-11 17 -46 0
-58 62 -56 0
27 -59 21 0
13 64 -11 0
35 -42 -48 0
33 59 -45 0
-62 13 -6 0
35 37 -54 0
35 -56 23 0
13 5 1 0
12 16 18 0
-56 -36 14 0
38 -48 16 0
62 -54 -14 0
12 14 7 0
30 32 48 0
10 55 8 0
-1 -54 15 0
-28 -63 29 0
17 15 -36 0
58 47 36 0
-35 -23 50 0
-1 65 9 0
23 -46 41 0
-25 29 55 0
60 64 52 0
23 -34 10 0
63 -59 -39 0
-53 58 30 0
-7 59 45 0
-39 22 43 0
-14 45 -20 0
51 -47 -10 0
39 63 -29 0
-43 53 -61 0
-13 -35 -59 0
-26 -59 60 0
16 44 -55 0
14 15 -47 0
-2 -7 17 0
39 11 47 0
42 48 25 0
-22 46 -59 0
59 -30 -38 0
39 10 37 0
29 -52 -42 0
-42 -60 19 0
-21 57 45 0
53 1 -17 0
-49 -56 -15 0
19 -50 9 0
-27 -45 23 0
-4 34 10 0
63 3 56 0
35 59 48 0
-27 -22 -38 0
36 -31 16 0
-38 59 5 0
4 55 -31 0
-63 -13 50 0
-29 45 18 0
-64 -46 -55 0
1 -55 7 0
64 -7 58 0
28 35 -40 0
-31 36 21 0
-6 33 -46 0
-19 33 -17 0
33 -2 24 0
54 24 -50 0
-21 -23 37 0
14 -39 11 0
63 -6 41 0
10 8 4 0
-29 -44 -20 0
26 -30 -12 0
14 -10 26 0
-37 -19 38 0
6 -62 32 0
65 -48 -10 0
-41 12 -4 0
30 34 56 0
23 5 13 0
9 15 61 0
-14 -8 37 0
42 -12 58 0
15 42 -59 0
-30 14 5 0
-7 -36 -1 0
-53 -44 -6 0
-52 34 63 0
10 29 32 0
56 23 -35 0
35 -29 42 0
58 54 63 0
-55 44 -23 0
-37 -41 1 0
33 -62 -52 0
16 -61 -26 0
18 -40 5 0
5 4 -55 0
36 -43 12 0
37 6 47 0
-65 -5 -57 0
46 44 43 0
-51 28 12 0
62 -11 -21 0
-5 15 21 0
30 -26 11 0
-8 -20 -51 0
-53 -30 25 0
26 57 -8 0
18 -13 19 0
62 12 -42 0
32 -17 41 0
-37 42 -48 0
57 -61 22 0
56 -37 23 0
-29 -36 63 0
-3 8 23 0
-60 -13 41 0
-11 -4 -61 0
64 -8 -22 0
53 -49 -26 0
-55 -58 -24 0
57 -7 64 0
-31 6 -30 0
64 -29 55 0
-55 45 -35 0
-37 65 22 0
-53 -12 -21 0
-27 -20 33 0
-47 53 45 0
-57 -40 -55 0
52 -2 -11 0
-48 -32 -33 0
-34 -14 7 0
59 -13 61 0
-46 12 -30 0
32 -64 19 0
62 -7 31 0
-5 -32 -56 0
-21 -12 -8 0
-9 -13 56 0
-49 36 -18 0
-13 -44 -52 0
37 -29 -61 0
57 60 54 0
-16 -6 12 0
