p 29 123
10 26 19 0
11 13 10 0
-25 23 13 0
14 -17 10 0
16 -24 -12 0
23 -11 -22 0
-5 29 -2 0
21 17 -16 0
-6 -13 16 0
7 27 -1 0
-19 -6 -11 0
22 14 9 0
8 -19 -29 0
14 28 -7 0
-25 -24 1 0
-7 23 8 0
17 5 23 0
-23 28 9 0
8 9 -25 0
-4 12 25 0
-13 16 -26 0
-7 8 19 0
-29 24 14 0
-6 -13 19 0
16 9 -17 0
3 26 20 0
-18 23 -29 0
-9 -14 -10 0
-5 -29 8 0
6 13 9 0
-16 -18 -7 0
5 -22 -25 0
-2 10 -19 0
-5 10 18 0
9 -19 22 0
-4 -19 -8 0
2 3 24 0
27 19 -15 0
-15 3 -29 0
-15 20 7 0
-22 24 -9 0
-28 17 16 0
10 12 13 0
7 28 17 0
17 -10 1 0
28 -17 7 0
26 -3 -2 0
13 -27 7 0
4 -27 16 0
17 20 19 0
11 -10 5 0
-20 12 21 0
13 29 -22 0
-14 25 -5 0
-16 9 -24 0
11 -1 22 0
3 -18 17 0
-14 2 3 0
-22 3 -1 0
-5 14 -24 0
-27 29 -6 0
4 -13 -20 0
-11 7 -1 0
15 -28 -25 0
23 9 29 0
-25 20 9 0
13 -21 12 0
29 -28 17 0
-20 -17 22 0
11 12 10 0
-16 -8 25 0
-15 24 -27 0
-22 17 -27 0
-1 27 10 0
28 -9 6 0
1 -4 -6 0
-6 -28 2 0
18 8 9 0
12 20 -27 0
7 -18 -26 0
6 26 11 0
20 -19 12 0
-21 15 -19 0
5 -23 7 0
-29 -15 25 0
7 -26 6 0
1 -16 4 0
18 -17 16 0
29 -16 22 0
20 2 -6 0
22 -28 -5 0
-1 -5 29 0
19 -26 -21 0
-6 29 22 0
-25 24 -21 0
25 10 -28 0
-24 -7 -22 0
25 -1 4 0
14 -3 -27 0
11 -20 -4 0
-5 1 3 0
-17 -9 1 0
17 3 7 0
12 6 1 0
-14 3 -23 0
3 12 -7 0
-25 2 -26 0
-12 -22 -10 0
1 14 -18 0
24 -2 -14 0
28 10 14 0
18 -4 16 0
-12 -13 -25 0
-4 -19 -15 0
1 -2 25 0
26 -20 -11 0
-17 -8 21 0
-15 14 -23 0
-10 24 20 0
9 4 13 0
26 -12 8 0
-12 -11 3 0
15 -14 17 0
