p 67 285
-20 -39 -49 0
-12 -44 -20 0
-59 -12 1 0
7 13 -9 0
62 -8 16 0
13 -60 3 0
-6 -62 -3 0
5 -62 35 0
50 -51 32 0
-40 -8 -41 0
-43 2 -12 0
-67 -3 -35 0
45 4 -32 0
21 -42 -30 0
5 -67 15 0
-67 58 48 0
-42 17 -49 0
6 49 -17 0
2 3 -64 0
3 -56 -27 0
63 42 9 0
-62 64 59 0
-1 -36 41 0
-9 11 -18 0
-45 -37 -38 0
-10 -35 -6 0
-50 57 -44 0
-50 19 10 0
45 -9 47 0
-61 40 -22 0
20 -6 27 0
38 29 53 0
-1 -60 38 0
53 -52 23 0
51 1 -31 0
9 -13 -28 0
34 -59 62 0
28 23 -9 0
64 5 -43 0
60 9 -20 0
48 -50 -26 0
19 -5 9 0
41 -48 -56 0
-43 -33 -45 0
63 -18 52 0
-40 26 -54 0
41 40 -2 0
-67 66 6 0
42 48 3 0
24 58 -34 0
13 46 -10 0
44 32 25 0
13 19 36 0
-25 -64 63 0
-37 -65 -18 0
47 -60 -36 0
-41 -65 -15 0
7 54 -58 0
59 56 24 0
-64 51 65 0
-56 27 49 0
42 -16 -55 0
37 29 16 0
11 -42 -44 0
-29 -35 -41 0
-60 -17 1 0
-40 -15 3 0
-31 62 34 0
36 51 25 0
-67 -31 -7 0
7 63 37 0
-7 -20 -59 0
38 -6 7 0
-50 -10 17 0
-16 28 61 0
14 -48 62 0
-6 65 1 0
-59 37 -1 0
-37 -43 27 0
-25 43 -51 0
-1 -15 20 0
-64 -21 37 0
-9 10 -59 0
-23 -28 -61 0
1 6 38 0
-56 -17 67 0
25 -21 47 0
67 17 36 0
38 -40 -21 0
37 46 -42 0
51 -60 -56 0
40 34 19 0
15 55 -41 0
15 64 -33 0
-29 -63 -65 0
-3 44 64 0
-63 18 -42 0
8 16 -3 0
-11 64 20 0
-2 -29 65 0
-64 -40 -59 0
-59 12 -30 0
61 -11 -53 0
-45 -67 24 0
65 -59 60 0
61 5 20 0
-30 -12 -39 0
-61 -20 28 0
6 18 -20 0
36 13 -49 0
32 -28 -20 0
31 7 58 0
67 -37 -30 0
37 30 -14 0
2 31 29 0
-63 64 9 0
39 -32 58 0
52 20 66 0
49 6 45 0
-66 -28 -4 0
-42 55 -58 0
-10 -34 2 0
-18 40 -41 0
24 1 -34 0
29 48 28 0
47 -14 58 0
31 -42 -17 0
41 58 -17 0
-42 19 22 0
-62 19 -23 0
-43 -46 10 0
46 -19 58 0
-3 -19 -61 0
-54 -18 59 0
38 -36 13 0
44 63 -30 0
-33 -1 5 0
-25 -19 36 0
39 33 -22 0
53 30 60 0
-60 -62 67 0
-63 1 -2 0
26 31 -35 0
26 -37 -22 0
-23 60 14 0
33 -57 11 0
55 -63 37 0
-34 -38 7 0
39 -14 37 0
67 -19 -6 0
-19 -11 31 0
-10 32 -55 0
-25 38 -46 0
-46 40 -54 0
22 43 -6 0
-6 -60 61 0
56 6 18 0
12 43 4 0
66 -31 11 0
40 67 22 0
-19 -42 -17 0
35 55 -25 0
-27 -1 43 0
5 -23 60 0
-6 -52 -11 0
59 14 -26 0
64 -63 48 0
-34 -63 65 0
30 3 -28 0
-56 -12 44 0
-3 48 61 0
-28 43 -12 0
-8 42 -54 0
-25 -65 66 0
8 47 -32 0
17 2 28 0
-41 -63 49 0
37 40 61 0
-9 -40 -48 0
6 -31 39 0
41 45 -36 0
4 -9 -65 0
64 47 -45 0
-65 48 17 0
-63 -6 62 0
-45 60 48 0
-63 -40 -15 0
-67 30 -15 0
-58 27 -61 0
38 66 -27 0
-24 -3 57 0
-28 58 -37 0
-3 20 29 0
53 -18 -41 0
-20 -17 41 0
-52 22 -56 0
-66 -2 -61 0
-24 -60 -57 0
2 10 29 0
5 30 -2 0
-10 -9 -34 0
65 5 46 0
-5 8 21 0
15 39 19 0
34 -58 12 0
15 5 -29 0
36 4 66 0
-49 35 -44 0
-32 52 -44 0
-8 37 -16 0
30 -51 -5 0
-34 40 25 0
52 64 -26 0
43 13 -23 0
-16 -5 18 0
-25 45 -41 0
12 25 31 0
-1 18 -5 0
-25 56 -57 0
46 -3 -60 0
9 -13 -45 0
-19 -20 -18 0
30 -56 -12 0
-30 -36 48 0
-48 3 60 0
-5 -23 -49 0
-36 -10 52 0
38 -63 -4 0
32 60 -48 0
52 -59 31 0
65 -23 24 0
6 -52 -14 0
-32 -63 -62 0
-6 62 -8 0
-2 -52 -58 0
-4 -49 -25 0
-24 42 38 0
-27 -54 48 0
48 -51 -20 0
-53 64 48 0
32 -61 -1 0
-50 52 19 0
39 44 67 0
56 47 -31 0
28 9 -43 0
35 7 36 0
33 8 11 0
-30 -25 52 0
-45 -31 36 0
46 20 51 0
49 -5 -2 0
7 -39 19 0
53 26 -1 0
59 64 29 0
16 -65 1 0
-42 49 -33 0
20 50 -41 0
53 57 -59 0
-20 50 33 0
58 -67 50 0
53 -19 16 0
49 -6 15 0
28 35 -20 0
17 -24 34 0
10 -47 32 0
-55 -10 57 0
-49 -24 -60 0
38 16 -23 0
46 -67 18 0
-18 21 -55 0
7 -46 45 0
-41 -19 -3 0
-42 -44 29 0
29 -8 11 0
18 63 -2 0
-46 -62 52 0
32 10 33 0
-41 8 35 0
22 -1 30 0
-55 -59 -51 0
13 56 -45 0
-62 11 -67 0
-38 16 -55 0
2 51 -15 0
-53 -48 -24 0
