p 46 195
-24 40 -3 0
-42 -15 -40 0
-6 1 9 0
-45 -24 -25 0
-27 21 -42 0
16 -36 -40 0
15 -46 -29 0
12 24 -29 0
22 19 21 0
6 22 13 0
32 -2 -22 0
-20 40 30 0
13 -34 -40 0
-9 35 -3 0
-5 -19 -21 0
-16 43 5 0
29 39 -19 0
-4 -28 19 0
-11 2 42 0
-39 -1 -14 0
44 -43 45 0
2 -36 -44 0
-16 29 37 0
7 -16 42 0
3 27 11 0
-40 33 -30 0
44 -42 -45 0
-45 -3 -33 0
-29 35 26 0
20 -4 -9 0
-12 -8 11 0
-39 45 -12 0
-32 -25 -8 0
41 -44 46 0
-34 7 -45 0
17 38 26 0
2 18 32 0
-41 22 10 0
-45 -21 -3 0
32 -5 -1 0
17 26 -29 0
16 20 34 0
-18 4 -33 0
-10 -1 25 0
-23 16 -35 0
37 -5 4 0
-9 -40 39 0
16 46 -37 0
-27 31 17 0
38 8 9 0
-40 3 -35 0
12 33 19 0
-15 -13 -5 0
3 38 -15 0
23 -9 -38 0
-13 43 32 0
-8 -13 -5 0
-39 43 6 0
36 31 13 0
-3 12 -41 0
11 -2 -37 0
36 22 -46 0
-7 44 -13 0
-27 40 -10 0
5 46 45 0
-40 -46 42 0
-27 -7 1 0
-18 -39 16 0
46 6 -22 0
-19 31 -27 0
42 2 -6 0
30 -27 -31 0
36 -14 -9 0
39 36 -44 0
-28 -9 -26 0
5 36 -30 0
-40 -26 46 0
-41 -29 45 0
45 -36 35 0
10 35 39 0
19 -44 -11 0
-36 4 6 0
17 -6 40 0
-1 7 -34 0
34 33 18 0
-29 -46 28 0
27 -37 -13 0
19 -3 10 0
15 -19 7 0
-39 1 -16 0
-12 -29 -23 0
19 18 -1 0
-41 -20 31 0
29 27 14 0
25 -12 38 0
-5 20 16 0
15 12 11 0
27 -24 -19 0
28 -23 -12 0
1 -8 -35 0
6 15 -18 0
34 36 5 0
-11 -20 -40 0
35 38 -28 0
-13 -15 -19 0
3 -36 26 0
24 34 -12 0
31 25 -26 0
-6 -13 -18 0
-5 9 34 0
-34 19 -7 0
28 21 -24 0
36 -20 -6 0
-6 -7 -29 0
26 11 25 0
-3 -25 37 0
-33 21 25 0
-34 18 -11 0
33 46 17 0
-38 10 20 0
-30 -10 33 0
-14 -24 35 0
8 34 42 0
41 36 19 0
-20 44 7 0
-9 14 22 0
30 -23 4 0
7 31 -4 0
36 40 20 0
-25 -35 13 0
-34 -10 -1 0
25 32 -45 0
35 29 27 0
34 7 33 0
25 6 -3 0
-38 -6 -14 0
-24 -3 7 0
2 -3 -4 0
-16 23 -29 0
-10 -12 13 0
-15 32 -18 0
-23 37 28 0
44 -26 28 0
11 -30 -15 0
40 14 -8 0
-25 -35 -4 0
41 13 -44 0
18 4 2 0
15 -32 -36 0
-6 30 10 0
-29 -38 17 0
40 -46 32 0
42 25 41 0
-31 -25 17 0
-29 -36 38 0
-8 -46 20 0
3 45 -42 0
-2 -4 -14 0
-13 4 8 0
-28 37 30 0
27 -45 19 0
-11 -14 30 0
-36 18 -34 0
6 -13 -7 0
37 -4 -17 0
-19 -11 29 0
-31 -9 -39 0
8 18 -26 0
-43 -1 -42 0
-2 16 -36 0
13 -19 29 0
12 40 36 0
15 -24 10 0
1 4 -26 0
23 9 -5 0
43 21 -6 0
-25 -8 -35 0
-18 37 2 0
-45 23 9 0
-3 46 -19 0
1 40 33 0
-14 -30 25 0
21 41 4 0
43 -30 33 0
28 20 22 0
43 17 40 0
-45 29 10 0
-38 5 31 0
-30 -8 40 0
-46 -22 -29 0
21 31 -33 0
34 -14 -30 0
15 31 -21 0
-11 45 -37 0
-8 24 -42 0
