p 89 379
-23 -73 50 0
-43 -21 74 0
-82 71 84 0
-36 23 -46 0
21 39 -80 0
-60 -65 -49 0
32 -69 4 0
-31 -46 -10 0
6 -26 -71 0
-37 88 21 0
11 -53 -77 0
-64 22 35 0
-32 -41 -33 0
-10 81 49 0
41 73 -71 0
56 41 -46 0
-86 -56 27 0
81 28 -48 0
7 -61 80 0
3 -68 10 0
33 57 66 0
-20 36 66 0
37 -40 43 0
44 -58 6 0
-41 -17 33 0
56 8 45 0
-75 -30 -52 0
88 21 -41 0
75 26 -49 0
3 -60 -46 0
-25 64 86 0
55 45 35 0
-5 11 -36 0
-40 66 -68 0
73 9 -42 0
-57 56 59 0
-7 23 71 0
78 62 -25 0
-49 -3 -18 0
19 10 5 0
-56 17 43 0
62 -59 73 0
26 9 -85 0
13 -46 -32 0
-25 -7 87 0
65 -37 35 0
-68 -85 -48 0
-60 59 53 0
41 -5 -7 0
69 -15 -19 0
-28 81 13 0
-80 27 43 0
-63 76 -19 0
-23 83 -30 0
62 54 -24 0
9 69 -4 0
78 52 81 0
-47 42 61 0
-3 83 -52 0
-49 46 4 0
-14 -29 -17 0
66 -41 -20 0
-62 -47 57 0
-16 12 -83 0
5 -18 -71 0
-3 36 -83 0
68 -6 51 0
59 -64 -6 0
54 -86 28 0
87 -17 -78 0
-72 -4 40 0
-59 -4 -50 0
-17 -53 4 0
29 -66 -78 0
46 -7 -70 0
39 17 30 0
-7 83 66 0
-20 45 -57 0
-45 -4 3 0
-19 60 -67 0
13 -7 -4 0
47 -58 -1 0
-29 -4 27 0
-54 85 11 0
-58 -1 -89 0
37 45 58 0
-48 87 -58 0
-76 17 36 0
33 -66 -3 0
43 -71 13 0
41 -4 -47 0
-34 53 -49 0
-70 -79 55 0
-77 -66 1 0
-43 -57 42 0
-38 71 -10 0
-15 37 -11 0
10 66 -28 0
40 -78 37 0
-49 -81 72 0
60 57 -23 0
-70 36 -23 0
-19 -17 -69 0
40 45 43 0
-60 -26 46 0
-74 -47 -22 0
89 5 -77 0
44 59 -34 0
59 -48 -8 0
66 -52 16 0
73 37 -78 0
43 -25 -86 0
-7 -45 -53 0
-24 50 -71 0
-86 -24 -62 0
29 22 -34 0
-39 84 9 0
-69 70 62 0
57 -87 68 0
-26 3 89 0
20 26 -71 0
-65 -24 12 0
52 -64 40 0
-16 25 -70 0
-42 -46 -34 0
60 26 -40 0
79 36 -33 0
-11 56 18 0
-21 -9 -88 0
-50 -48 27 0
55 -56 -68 0
-71 -53 -18 0
-71 74 -31 0
64 -20 -58 0
82 2 -52 0
-82 -80 -31 0
62 -64 44 0
-28 48 -33 0
45 2 -88 0
89 79 52 0
-11 76 19 0
-66 13 32 0
-25 35 -79 0
10 -76 48 0
-26 61 -63 0
-28 -64 75 0
43 78 57 0
12 -59 69 0
7 59 58 0
-10 76 -52 0
33 -71 72 0
54 -13 -61 0
-25 31 -55 0
6 72 12 0
-80 76 -46 0
66 34 60 0
79 -62 -51 0
-33 34 -80 0
-36 -3 20 0
36 -17 42 0
7 12 6 0
-66 63 42 0
-1 78 68 0
28 24 72 0
-35 43 -66 0
-45 -54 -81 0
53 72 2 0
27 30 -22 0
27 -22 42 0
-12 33 -18 0
78 35 -43 0
-35 15 -4 0
-13 -63 82 0
-81 -57 -83 0
31 47 19 0
71 78 -13 0
72 -45 43 0
-25 -52 -26 0
31 11 -5 0
-15 -29 -39 0
2 -5 -83 0
79 33 12 0
-10 -59 -70 0
-39 48 -57 0
-11 75 38 0
88 -40 5 0
-43 -80 64 0
-27 37 77 0
43 41 -45 0
-57 -30 -31 0
44 35 3 0
36 46 86 0
-15 -80 -69 0
85 19 -33 0
18 6 -77 0
-57 77 -78 0
46 -86 -76 0
-89 -49 14 0
69 89 1 0
-53 9 -19 0
77 -36 -58 0
-64 -15 -46 0
-43 -18 -19 0
71 -54 28 0
-19 17 87 0
11 53 88 0
86 59 52 0
-1 35 85 0
-61 -81 -17 0
68 1 38 0
-43 -58 -14 0
66 -48 -45 0
20 34 -72 0
57 50 -31 0
60 -17 65 0
-20 40 -69 0
44 75 -77 0
-61 73 -27 0
53 -64 -23 0
48 56 46 0
-30 -63 -11 0
-19 -35 84 0
27 -34 51 0
-51 16 -5 0
82 -78 -29 0
-46 -60 -76 0
77 19 -73 0
-14 -69 32 0
21 -50 -65 0
4 63 -32 0
-33 20 -80 0
53 -63 74 0
47 42 -81 0
-30 -51 58 0
19 -21 53 0
39 41 -79 0
13 -59 -82 0
8 86 64 0
-3 82 -43 0
-40 -21 24 0
-10 -70 -83 0
-52 74 59 0
-42 11 57 0
-56 -70 68 0
-19 17 -63 0
34 22 38 0
-64 87 52 0
85 17 74 0
37 58 73 0
30 -17 89 0
77 -37 17 0
-54 29 32 0
-52 70 -51 0
48 -85 7 0
-31 59 52 0
-61 -50 22 0
7 -75 -35 0
-13 -15 53 0
4 65 16 0
49 69 70 0
4 -8 16 0
-18 60 58 0
-63 59 57 0
42 -39 -58 0
-29 25 7 0
-36 -87 -21 0
-57 -34 18 0
-36 -8 -25 0
44 -19 76 0
-1 -89 69 0
-20 -29 13 0
-67 -23 -53 0
62 -78 23 0
74 -84 -76 0
20 34 -56 0
-42 53 -54 0
-89 -12 -67 0
-50 -17 11 0
59 4 -60 0
4 -69 -77 0
38 -79 89 0
-64 45 42 0
-4 9 -41 0
41 82 40 0
-51 48 -24 0
56 20 -58 0
-1 -60 -13 0
-27 16 -72 0
65 -56 -38 0
6 -82 80 0
-30 -65 79 0
-39 52 -61 0
-19 77 74 0
-45 -22 89 0
34 -40 67 0
20 50 35 0
-45 -59 -26 0
-66 -68 -70 0
-19 -21 -73 0
54 46 -62 0
-75 -84 59 0
19 21 4 0
-66 80 42 0
11 -71 25 0
50 -51 -70 0
36 42 65 0
-3 -47 74 0
-41 82 -89 0
-46 -7 -43 0
-4 63 15 0
-17 -19 66 0
-37 -61 -69 0
-10 5 18 0
81 19 5 0
45 85 8 0
67 -47 84 0
-9 -10 31 0
61 82 78 0
-44 -9 16 0
-44 -72 4 0
-39 26 -43 0
-53 77 17 0
12 -60 85 0
69 20 -56 0
-26 74 47 0
-49 -25 -30 0
77 48 -32 0
21 5 80 0
-42 7 37 0
51 -58 -17 0
-31 74 44 0
-38 14 -49 0
60 59 -26 0
28 34 69 0
44 -50 -71 0
71 56 82 0
-31 -10 33 0
59 -77 65 0
77 14 -4 0
43 72 -19 0
50 -29 47 0
57 51 -60 0
-50 34 41 0
57 80 -68 0
34 -43 61 0
64 39 -31 0
-63 -50 -30 0
54 88 48 0
-67 80 69 0
5 78 17 0
32 30 -69 0
-13 35 37 0
-9 -59 86 0
-46 57 -69 0
-38 -22 -23 0
38 12 -58 0
-23 13 9 0
-61 78 47 0
33 80 57 0
25 45 6 0
-73 52 18 0
-59 -37 73 0
-51 62 -33 0
-42 17 -29 0
-71 -34 28 0
23 37 -47 0
22 -83 -16 0
65 -39 43 0
1 13 46 0
81 15 43 0
86 35 9 0
84 -9 41 0
2 13 -69 0
85 63 -52 0
-64 -47 -85 0
-78 46 -73 0
63 -50 24 0
-52 10 2 0
37 -53 -18 0
