p 64 272
-24 14 7 0
33 31 -6 0
-13 -33 -26 0
-27 -57 -19 0
52 -15 -47 0
36 4 -57 0
36 59 34 0
-57 -45 -27 0
9 32 15 0
60 -51 -56 0
-37 -57 -21 0
6 17 -22 0
38 3 -41 0
40 52 21 0
51 -47 42 0
39 -28 11 0
21 -29 -31 0
-35 -55 18 0
-12 -64 38 0
-18 46 25 0
39 -4 1 0
51 14 53 0
17 14 -3 0
11 -36 31 0
15 31 50 0
-5 11 -38 0
5 61 30 0
34 63 31 0
51 -6 -45 0
-24 52 -37 0
28 -33 45 0
-64 -14 -17 0
36 -16 20 0
-32 31 -34 0
-28 -10 -52 0
-13 46 -39 0
33 26 -60 0
46 -26 -21 0
-29 45 4 0
-63 36 6 0
-61 -13 -48 0
-8 -20 21 0
6 -50 -40 0
49 3 43 0
-18 -33 -21 0
-6 14 -48 0
14 -3 9 0
2 62 -42 0
6 10 18 0
-6 -47 -12 0
-56 52 19 0
24 -48 -41 0
-57 14 -13 0
-48 18 -20 0
-52 -15 -49 0
31 56 -22 0
12 -20 -7 0
40 -55 36 0
-15 -57 -44 0
9 -17 -43 0
-45 49 33 0
-59 -11 -2 0
37 -33 2 0
40 1 5 0
-54 8 -38 0
-21 14 -15 0
-57 -26 18 0
24 -17 -43 0
25 -32 59 0
-60 -64 55 0
14 47 -20 0
46 -4 -2 0
-1 38 -32 0
-44 -52 22 0
39 58 55 0
50 -22 28 0
21 -10 12 0
22 5 45 0
6 57 -28 0
-46 -45 -24 0
48 3 -32 0
-17 55 -43 0
-21 51 -29 0
38 50 5 0
28 -21 32 0
-58 7 46 0
9 39 -23 0
41 -6 -29 0
21 61 -32 0
-41 3 53 0
-63 60 34 0
-62 51 33 0
7 -47 4 0
8 19 -50 0
-7 53 -35 0
-28 62 -14 0
24 22 21 0
-14 5 4 0
59 -6 -24 0
-48 -56 58 0
-62 27 53 0
55 11 47 0
23 8 1 0
-55 -4 54 0
-27 -55 21 0
-7 38 15 0
-37 64 -58 0
46 -8 -45 0
-14 -34 -23 0
16 -19 -37 0
-13 -43 -7 0
19 -41 -60 0
-37 50 12 0
-1 -32 53 0
-3 -29 -15 0
53 -14 -23 0
31 -41 -17 0
31 11 18 0
60 62 64 0
-13 -26 -60 0
62 60 59 0
-54 15 -59 0
1 29 50 0
-19 -32 -18 0
56 -43 -31 0
64 -36 -5 0
-55 -47 22 0
-29 27 51 0
58 -7 -20 0
-36 -61 -64 0
-6 1 35 0
49 -16 -9 0
-41 -46 30 0
39 8 1 0
-24 11 -57 0
30 -59 1 0
41 -31 -19 0
36 32 -10 0
33 56 -53 0
30 39 -40 0
-46 -64 -27 0
25 -35 -33 0
-19 55 52 0
-28 39 -27 0
-20 -42 61 0
12 -23 45 0
16 61 45 0
-40 4 8 0
-24 51 -35 0
-29 8 -37 0
-25 40 19 0
-60 49 28 0
18 4 -63 0
32 4 27 0
13 39 16 0
-25 -19 -57 0
-38 -6 -28 0
11 17 -44 0
-53 58 -51 0
-58 -47 60 0
-49 -50 35 0
22 42 58 0
-50 34 -59 0
44 -7 -4 0
-48 -28 -37 0
45 58 6 0
23 51 -22 0
-15 -40 -45 0
-43 -37 -53 0
50 -58 -19 0
34 6 37 0
-53 12 -34 0
28 20 39 0
21 4 11 0
12 -45 -53 0
58 -60 48 0
10 -17 61 0
54 23 59 0
-2 25 -5 0
-29 -4 -60 0
-8 31 -62 0
12 -42 -51 0
54 -47 -16 0
54 -27 -58 0
-30 -12 60 0
-55 53 -15 0
-24 -38 56 0
-21 -54 -38 0
-23 -63 40 0
-16 56 52 0
-19 -2 30 0
7 52 34 0
59 -7 30 0
36 38 -25 0
56 15 -62 0
-47 26 10 0
-54 -23 6 0
51 20 54 0
60 -15 24 0
20 61 -27 0
-12 31 44 0
-53 63 50 0
-47 36 -56 0
-58 12 35 0
-2 -12 -47 0
29 10 33 0
-62 -15 56 0
28 -43 -33 0
27 35 22 0
34 -12 46 0
-43 -11 -48 0
-2 33 1 0
-16 -55 -30 0
-47 -55 54 0
-4 -57 -46 0
42 23 34 0
-40 3 -23 0
-44 -29 -2 0
-40 51 -12 0
55 26 -56 0
39 18 -49 0
29 -60 54 0
44 -19 -24 0
33 47 -35 0
16 -20 -37 0
-60 -40 38 0
59 -35 19 0
-37 8 60 0
22 16 -56 0
63 -13 -62 0
-14 -62 -10 0
-6 -53 35 0
-58 30 -64 0
-54 -56 24 0
5 -14 -40 0
12 62 34 0
60 48 -49 0
18 -30 -27 0
-58 41 53 0
37 -35 -10 0
-47 13 25 0
58 26 48 0
32 17 -37 0
15 8 17 0
-49 43 4 0
36 24 39 0
-22 -33 58 0
-46 17 22 0
-42 -55 -12 0
56 29 -62 0
-58 63 -22 0
-44 -35 43 0
8 46 2 0
39 4 -5 0
39 29 37 0
-56 27 -54 0
10 44 64 0
-15 -49 -47 0
23 -55 52 0
6 -1 26 0
37 -30 -12 0
-62 -64 -3 0
50 -29 -3 0
26 -31 -52 0
-51 -57 -46 0
54 3 -53 0
20 12 64 0
-30 -27 53 0
35 50 -24 0
-8 -47 21 0
48 -58 -61 0
-40 -49 -48 0
