p 41 174
33 -31 26 0
-20 -6 -5 0
-18 -22 26 0
19 35 30 0
14 15 23 0
-17 5 -38 0
35 10 14 0
-24 -4 -40 0
3 27 -23 0
-14 40 -38 0
28 -38 -22 0
13 11 28 0
7 11 -24 0
1 25 35 0
-22 5 -11 0
5 32 38 0
8 18 -11 0
-10 -39 3 0
-31 -38 -15 0
8 -2 13 0
3 4 -12 0
-29 8 2 0
21 16 34 0
-23 -38 24 0
38 14 -6 0
21 41 -24 0
1 -6 -10 0
1 36 -13 0
1 25 -22 0
18 37 41 0
-8 -41 -27 0
36 5 -8 0
-9 -19 1 0
-9 13 -2 0
40 -20 11 0
-25 -37 -33 0
-20 10 36 0
-3 -4 -39 0
-25 -8 34 0
24 -16 6 0
27 -11 -25 0
-18 17 -19 0
31 38 3 0
-17 -27 40 0
-5 -8 19 0
10 19 9 0
-1 -23 20 0
-36 5 22 0
-19 -22 4 0
-9 -35 -26 0
-12 -1 -30 0
38 7 22 0
25 -24 22 0
41 -40 -18 0
-8 3 -2 0
-41 -21 29 0
-34 15 4 0
-14 -31 -33 0
-31 13 16 0
-3 35 -12 0
-22 -29 -28 0
-18 -28 -7 0
-27 40 6 0
-19 -12 29 0
16 27 1 0
-11 -8 40 0
-40 41 19 0
20 40 17 0
12 25 5 0
-28 35 26 0
39 -4 -24 0
-34 -31 -38 0
36 -16 31 0
2 16 38 0
25 17 8 0
39 26 30 0
28 10 -24 0
-14 1 -19 0
-5 -11 -18 0
-19 10 -14 0
-22 -5 25 0
18 8 -2 0
11 -37 41 0
-23 10 11 0
37 22 38 0
3 4 -1 0
-16 -10 33 0
36 30 -8 0
8 -26 19 0
-18 23 37 0
-19 -16 28 0
26 -22 7 0
20 26 3 0
-17 -38 -10 0
23 35 -29 0
18 39 -21 0
-17 -18 -41 0
26 -22 -33 0
29 15 8 0
-12 -27 2 0
23 9 16 0
-10 -30 -1 0
-11 4 -13 0
-34 17 8 0
36 17 -14 0
11 -32 -17 0
-13 39 -20 0
38 26 -31 0
40 -2 11 0
-10 15 37 0
2 24 28 0
32 -39 -33 0
-29 18 20 0
-34 -3 -6 0
-21 -11 26 0
-15 3 -8 0
-23 1 -32 0
-17 11 -28 0
2 18 -9 0
-25 26 -6 0
30 -13 2 0
30 -17 -23 0
20 15 -2 0
-14 21 -31 0
15 41 11 0
-5 33 12 0
3 -11 -1 0
30 -11 -23 0
41 32 23 0
-10 12 -6 0
-2 -39 -28 0
27 15 -3 0
-18 27 -34 0
-6 -16 34 0
-32 -5 -15 0
38 -30 35 0
31 38 -18 0
-15 -6 -19 0
19 29 39 0
-28 4 21 0
35 37 -10 0
26 -2 -22 0
-13 41 2 0
22 -4 -6 0
-2 -13 -30 0
26 -41 34 0
14 -26 -39 0
-5 -27 2 0
15 -40 20 0
-13 -29 -38 0
19 3 37 0
-26 -25 -31 0
36 4 17 0
-20 -12 19 0
-11 34 39 0
23 -3 -35 0
39 20 -25 0
-25 21 -38 0
-10 36 -19 0
-14 13 -15 0
-30 23 28 0
27 -1 21 0
39 16 29 0
-40 2 -25 0
-18 3 16 0
15 -21 36 0
40 -18 3 0
-28 18 -32 0
17 -21 -8 0
4 -9 -26 0
8 22 32 0
-19 29 -36 0
27 24 -23 0
32 39 19 0
