p 86 366
76 -43 -84 0
29 -25 -75 0
61 15 -29 0
68 -46 38 0
84 54 -7 0
-12 -75 -24 0
62 5 74 0
65 22 -36 0
61 -34 -33 0
-81 37 -9 0
69 73 -25 0
16 -33 32 0
30 -61 -44 0
6 77 35 0
68 -59 -48 0
-41 18 82 0
3 -31 -60 0
75 34 -72 0
-79 -76 84 0
-21 -83 48 0
-24 11 76 0
58 -65 -53 0
64 6 20 0
78 -10 85 0
60 -32 -63 0
-73 78 72 0
-75 18 -40 0
78 -38 76 0
33 70 45 0
35 -80 21 0
-68 12 70 0
26 30 -74 0
-24 76 -82 0
85 14 -8 0
-26 23 52 0
13 -23 85 0
1 -36 -44 0
68 -30 -35 0
12 36 66 0
11 7 31 0
-28 22 -86 0
-62 -57 6 0
33 41 -22 0
69 29 51 0
81 25 78 0
83 31 75 0
44 17 -72 0
70 -65 7 0
79 24 -26 0
36 53 -24 0
-43 42 -76 0
-64 -1 -70 0
79 76 -28 0
-85 -60 47 0
20 -36 2 0
40 73 -22 0
-36 -73 -56 0
45 81 57 0
21 10 -29 0
84 -63 -24 0
-38 -16 -80 0
-77 -14 2 0
72 -28 36 0
-70 76 23 0
-4 -76 32 0
7 5 -62 0
-70 -27 -44 0
-41 -67 53 0
56 -50 -3 0
82 -43 -83 0
-21 33 -56 0
15 76 26 0
30 -55 -29 0
-37 76 -57 0
-68 -35 -2 0
-35 -43 86 0
24 -65 -10 0
70 -78 6 0
48 -46 37 0
63 72 -49 0
-74 -49 -44 0
36 1 21 0
51 -27 -40 0
-9 -42 35 0
36 79 71 0
57 46 24 0
53 -70 -85 0
-9 85 8 0
-23 -69 10 0
-36 -23 -15 0
-76 -55 -58 0
-47 34 -45 0
-22 6 -29 0
74 -62 11 0
68 -46 -78 0
83 -42 -51 0
-39 56 28 0
4 -10 -19 0
-45 61 -33 0
16 -6 -74 0
-72 -48 65 0
14 57 86 0
-65 49 -39 0
35 53 76 0
17 83 -84 0
-47 -39 27 0
34 -47 -67 0
21 -66 85 0
3 -86 42 0
5 35 -59 0
33 -7 -45 0
2 -29 74 0
62 41 -4 0
6 -19 -39 0
34 -40 43 0
71 -79 -39 0
-76 65 -86 0
11 53 -60 0
-78 -4 21 0
-58 77 -63 0
-39 -19 -12 0
62 46 26 0
21 32 -5 0
73 63 68 0
-13 -3 -27 0
-86 -26 64 0
35 -72 29 0
-62 -66 -63 0
27 68 1 0
-22 -13 -67 0
-36 -55 1 0
73 -37 44 0
60 10 -84 0
85 -56 -27 0
-22 -13 67 0
59 -53 -38 0
-46 24 78 0
51 -16 25 0
44 80 52 0
55 -30 84 0
64 -44 -47 0
-23 -5 -49 0
42 -63 49 0
73 -61 -66 0
-11 72 -57 0
-15 -50 -8 0
7 9 -86 0
-41 1 42 0
-31 29 -12 0
63 45 11 0
-11 -65 -6 0
-69 -42 68 0
11 43 -51 0
-16 -20 25 0
-66 -68 39 0
-16 -38 -54 0
6 -33 15 0
-31 -67 -81 0
63 26 -17 0
-51 77 -20 0
20 -28 -38 0
8 84 -81 0
-86 -34 83 0
46 78 -22 0
-40 38 -34 0
76 -71 21 0
-35 22 6 0
-20 85 1 0
30 -3 57 0
26 -85 -40 0
27 -10 73 0
50 -69 58 0
-25 -15 21 0
64 -44 1 0
-15 77 -25 0
-80 -71 51 0
-5 -61 65 0
-2 6 -58 0
61 79 -26 0
-35 79 -14 0
80 30 -64 0
-83 -85 39 0
5 -13 -80 0
-77 36 -79 0
-50 48 68 0
-67 -30 -64 0
20 -52 -51 0
4 48 58 0
20 -4 9 0
16 28 -69 0
77 -43 33 0
53 -33 -32 0
-3 -15 16 0
-36 -41 29 0
13 -24 -36 0
32 -80 -46 0
-70 -72 84 0
-16 83 32 0
39 46 17 0
-2 56 -55 0
-24 -48 82 0
23 -6 68 0
14 -18 -8 0
79 3 -85 0
17 -77 30 0
57 30 -6 0
-58 -18 -64 0
47 -5 -72 0
-13 -15 1 0
-47 12 -54 0
52 57 -82 0
36 -47 -82 0
72 60 86 0
-5 -6 8 0
-40 -70 -68 0
-16 64 49 0
74 -28 -8 0
-45 17 31 0
-6 -42 62 0
-54 53 -65 0
-48 38 50 0
-12 22 32 0
-58 -1 -76 0
80 -57 78 0
5 -23 26 0
-78 -44 -15 0
-73 11 -31 0
-65 -45 -8 0
48 61 7 0
58 82 -56 0
-57 -67 -77 0
64 23 -32 0
3 61 -11 0
-47 51 -52 0
33 -65 -57 0
28 16 42 0
43 -86 24 0
-85 -54 53 0
22 45 61 0
-16 -18 34 0
-22 41 11 0
-45 -37 39 0
-67 85 -74 0
73 -55 -79 0
77 20 -41 0
-75 29 53 0
-80 -32 63 0
-27 -30 58 0
-65 73 62 0
-43 -15 -17 0
6 -4 41 0
23 8 14 0
61 23 6 0
-23 -59 63 0
-74 61 -12 0
29 55 73 0
-23 -27 -81 0
-85 50 -35 0
59 -78 80 0
-78 -20 -37 0
69 -78 86 0
-80 78 -36 0
-69 -35 15 0
55 -20 22 0
-66 -25 76 0
-47 -52 9 0
73 23 8 0
-51 -46 -80 0
8 12 -68 0
67 -9 -4 0
40 -51 77 0
-58 -27 10 0
-81 -53 -45 0
-48 54 -60 0
-6 -61 32 0
-70 -22 -20 0
40 -66 41 0
-85 -48 22 0
54 74 -72 0
32 69 21 0
23 -61 -19 0
-40 50 -74 0
85 -20 74 0
5 26 -9 0
-56 22 47 0
39 4 82 0
-65 54 -15 0
63 -80 -11 0
62 38 37 0
-58 22 3 0
16 23 -67 0
-80 -27 72 0
-47 26 -57 0
5 11 -66 0
75 -17 76 0
-80 8 74 0
81 -19 32 0
63 31 -40 0
60 -74 -29 0
9 -85 -24 0
-48 77 -82 0
9 37 -7 0
-4 1 11 0
16 -57 -73 0
40 -1 71 0
86 38 -1 0
-30 84 82 0
-32 -84 10 0
53 -22 73 0
27 66 -28 0
80 -14 35 0
-38 -68 50 0
62 60 85 0
58 -16 77 0
-18 -5 -30 0
-49 -9 10 0
43 -3 42 0
-49 -19 -4 0
68 59 -35 0
-86 8 -48 0
86 -56 62 0
49 83 28 0
26 -49 58 0
38 -77 -47 0
51 -40 -43 0
66 -79 15 0
61 -25 -48 0
13 -70 37 0
-21 33 -69 0
52 -71 75 0
-78 69 62 0
-74 20 77 0
-53 -9 4 0
59 -47 45 0
-70 -65 54 0
-29 35 69 0
80 -13 -37 0
2 46 -62 0
77 23 84 0
61 41 67 0
-67 -39 -29 0
78 37 -41 0
43 -13 -12 0
68 72 29 0
-33 -50 22 0
29 63 -74 0
-16 17 -63 0
-51 54 -34 0
-38 29 77 0
73 72 5 0
-4 -33 -29 0
-85 82 -54 0
-44 -77 24 0
-16 -69 13 0
-80 16 33 0
-11 -34 63 0
70 37 -5 0
-19 86 -29 0
14 1 -55 0
-86 -33 -64 0
-47 18 -12 0
84 -7 80 0
-62 -26 64 0
76 -57 -37 0
17 -11 -55 0
81 -38 65 0
