p 49 208
-24 1 22 0
42 -16 7 0
-26 46 -10 0
-35 -14 41 0
-28 -48 -39 0
32 43 37 0
-43 31 28 0
-27 -35 9 0
27 -42 -14 0
-4 38 48 0
12 -30 22 0
-16 -45 -46 0
4 -9 -37 0
1 35 45 0
-14 -27 25 0
43 -19 -25 0
6 -43 -32 0
39 43 -34 0
-7 -32 -2 0
-37 -15 28 0
-49 -17 48 0
38 -34 9 0
-9 -25 36 0
-16 -27 47 0
30 10 -27 0
2 -24 -3 0
-27 14 24 0
42 -30 -11 0
-49 -7 -29 0
-30 -21 31 0
-27 26 15 0
14 18 21 0
-6 -9 -32 0
-15 -2 24 0
-31 6 44 0
-1 -20 30 0
25 1 -10 0
1 41 25 0
10 35 -27 0
37 39 49 0
-49 -36 -38 0
44 -41 -2 0
-3 15 28 0
-32 4 44 0
-17 -34 -44 0
29 3 -47 0
-46 -24 -37 0
20 -42 -26 0
36 -16 -38 0
-24 -3 -41 0
48 32 -25 0
49 5 37 0
6 1 27 0
7 -25 9 0
-15 39 -43 0
28 -35 22 0
-45 47 -1 0
44 -13 42 0
-35 -14 -42 0
26 45 29 0
5 -41 43 0
2 45 22 0
-15 31 -6 0
-15 42 -45 0
-7 36 -32 0
-27 46 41 0
12 44 -9 0
-34 10 20 0
39 -33 5 0
-45 -21 26 0
41 14 -46 0
7 14 27 0
-11 20 -25 0
-10 29 15 0
9 -37 -3 0
-22 17 -49 0
39 43 -4 0
26 -5 -23 0
37 41 -47 0
-8 -10 -2 0
-7 23 -34 0
37 -17 29 0
44 -11 -6 0
35 31 -4 0
1 -3 -13 0
23 -1 -15 0
-16 19 -22 0
-40 9 2 0
-29 -27 -34 0
21 12 43 0
-39 30 27 0
-30 -45 -18 0
-32 -1 7 0
9 -48 5 0
-46 14 -41 0
43 48 38 0
36 48 -23 0
14 19 26 0
-19 36 46 0
28 34 -13 0
-36 16 -34 0
24 -15 29 0
-38 30 -42 0
-37 -3 -31 0
49 36 -34 0
20 -4 33 0
24 -43 38 0
36 48 -31 0
4 7 -21 0
24 14 35 0
3 10 -1 0
-1 -23 47 0
1 25 -4 0
-17 38 -10 0
-28 36 3 0
-15 -33 -30 0
44 -46 40 0
19 37 5 0
-31 -41 26 0
29 5 -10 0
-3 -41 -14 0
35 -16 -33 0
11 -24 15 0
18 -32 -44 0
28 -7 42 0
-47 48 -5 0
-10 40 41 0
25 29 37 0
-25 21 16 0
-27 -44 40 0
48 -5 -41 0
49 45 -7 0
-18 -13 12 0
9 -1 -37 0
12 -32 2 0
15 -3 -44 0
-3 -47 -5 0
-44 -19 17 0
28 10 2 0
-29 -37 -38 0
-8 -31 49 0
19 32 6 0
-16 -4 -23 0
30 13 -23 0
6 -25 20 0
16 -42 -47 0
-41 -25 38 0
-4 13 -16 0
28 23 -11 0
13 16 25 0
-22 2 5 0
14 31 -13 0
-40 5 32 0
41 -39 -29 0
-1 6 -19 0
10 31 29 0
-34 -16 47 0
-5 -20 40 0
46 -11 7 0
19 -16 -46 0
9 16 -32 0
-46 7 10 0
-49 45 26 0
-40 4 25 0
-32 1 -33 0
-33 21 45 0
31 -1 9 0
43 -44 25 0
-42 27 11 0
38 42 -47 0
-12 10 -22 0
6 27 -4 0
15 42 17 0
14 8 -25 0
21 -7 -40 0
-5 23 12 0
-43 42 -11 0
25 -13 31 0
-27 26 12 0
10 -33 13 0
41 -49 12 0
-25 -34 16 0
38 6 -40 0
47 -45 15 0
46 25 8 0
-3 -33 49 0
24 -32 -7 0
2 46 34 0
48 11 -7 0
14 -19 -41 0
-33 27 -35 0
37 29 46 0
6 -23 -32 0
41 -43 -29 0
47 -17 -9 0
-20 25 35 0
-6 25 -1 0
11 12 -27 0
11 49 -24 0
-14 19 48 0
46 40 -9 0
-29 -12 33 0
-2 15 36 0
-42 27 32 0
-34 -5 24 0
27 -24 25 0
-11 15 47 0
40 26 19 0
