p 86 366
-40 84 -24 0
13 -69 -73 0
74 57 -79 0
82 36 10 0
-85 -75 74 0
74 -69 73 0
-26 -84 -5 0
18 -9 -80 0
62 65 -59 0
29 16 21 0
52 -18 -57 0
46 19 -47 0
24 -7 53 0
45 -79 -41 0
70 14 9 0
-76 65 -24 0
60 49 12 0
-75 -36 -40 0
-5 86 -39 0
-56 74 67 0
-78 -43 44 0
-31 25 70 0
-65 44 70 0
-21 -72 -49 0
-6 -12 66 0
10 -20 -43 0
48 -59 64 0
65 -11 86 0
-80 81 -53 0
61 -60 46 0
6 -1 -30 0
60 -25 -16 0
-47 52 -78 0
65 7 -80 0
-28 -44 -21 0
14 -49 -28 0
11 -27 29 0
62 39 84 0
-81 -71 20 0
19 13 42 0
-82 25 -54 0
-74 -33 -52 0
85 -84 30 0
-24 13 -83 0
-67 68 53 0
55 -13 62 0
-83 45 53 0
80 20 -86 0
-83 -49 11 0
62 52 -10 0
32 -24 -56 0
43 26 -38 0
-27 19 -67 0
70 13 72 0
-14 -12 -73 0
17 -23 -8 0
-49 6 43 0
22 33 -86 0
9 -7 66 0
-60 31 -64 0
42 -82 -41 0
82 46 -42 0
-44 2 -58 0
53 64 36 0
-14 -9 -30 0
-41 -85 73 0
32 53 74 0
-38 63 -27 0
-64 -80 63 0
-38 74 -63 0
66 3 -74 0
21 63 -57 0
63 35 -68 0
63 -70 19 0
30 -42 50 0
21 -56 -77 0
12 -70 -47 0
-41 30 -11 0
-24 50 54 0
64 79 66 0
38 -11 1 0
39 -46 52 0
51 28 29 0
18 -36 -51 0
6 69 -73 0
-63 -47 -9 0
-63 -33 43 0
-67 -43 -32 0
-30 -45 13 0
-49 19 3 0
-55 -81 -29 0
-5 -64 -49 0
12 -33 -10 0
-58 -59 24 0
-55 -56 -30 0
-12 46 35 0
-70 10 -82 0
-58 -21 39 0
74 -26 17 0
48 -20 -51 0
-43 -11 -70 0
65 -3 26 0
-15 58 7 0
9 86 -55 0
4 74 38 0
-63 -19 -45 0
-14 69 -9 0
68 -29 80 0
6 60 72 0
1 55 30 0
-56 -75 3 0
10 14 35 0
62 57 74 0
11 -77 76 0
61 36 -71 0
79 -78 5 0
-26 -8 -1 0
2 43 5 0
58 -82 39 0
18 41 14 0
77 -35 -31 0
7 35 65 0
-49 2 -13 0
-62 -33 4 0
84 85 6 0
-14 -28 10 0
-12 14 -33 0
70 -19 36 0
-38 -4 73 0
-4 78 86 0
37 -56 38 0
-14 24 -28 0
15 -33 44 0
-4 -43 -70 0
-27 65 33 0
-73 22 -24 0
-54 -43 -25 0
-4 -70 -69 0
-48 40 -22 0
66 70 -13 0
-58 -74 -62 0
-72 -62 13 0
24 25 53 0
27 62 -47 0
60 5 17 0
-1 -78 59 0
-42 -36 31 0
7 58 3 0
-50 -58 54 0
-20 -63 60 0
59 -38 44 0
-33 -34 77 0
-59 74 -2 0
3 14 6 0
24 21 -67 0
68 -51 -64 0
23 -21 42 0
60 80 -35 0
85 -51 -59 0
57 -74 -20 0
-61 28 25 0
-57 45 -11 0
-83 20 -80 0
78 51 81 0
30 -68 61 0
21 73 65 0
55 -38 -78 0
47 74 -66 0
-40 29 72 0
-16 81 57 0
-48 -50 79 0
-41 -19 -51 0
81 -80 43 0
75 -5 1 0
-75 56 -20 0
58 -53 59 0
24 -3 -44 0
-74 53 76 0
64 73 52 0
-63 -35 61 0
30 32 61 0
-41 -23 78 0
17 -64 15 0
-85 45 57 0
26 81 69 0
52 -51 -14 0
59 4 78 0
-24 -50 55 0
85 54 56 0
46 8 50 0
-22 53 -79 0
-59 -24 84 0
-52 39 26 0
-84 15 58 0
-2 21 -48 0
64 5 33 0
-80 34 -29 0
-7 -10 -72 0
-68 -78 -58 0
-42 35 70 0
-72 -68 -19 0
67 -78 -64 0
-49 22 -75 0
-76 -53 -33 0
-5 -36 16 0
-61 -83 11 0
-15 16 54 0
19 78 -51 0
35 67 20 0
-8 27 37 0
65 6 2 0
-76 52 80 0
10 40 62 0
-58 32 -72 0
-74 72 -51 0
36 -24 66 0
71 -59 -64 0
-18 -49 62 0
-45 86 -69 0
-47 43 -59 0
22 21 70 0
4 24 8 0
-61 77 -10 0
18 71 -38 0
-86 64 -5 0
-75 60 -35 0
-61 -81 -40 0
11 -23 34 0
75 11 -16 0
-11 7 -35 0
35 66 23 0
-67 -11 39 0
37 -67 -54 0
-32 -7 10 0
59 62 -66 0
13 53 -62 0
11 -71 -73 0
27 -30 71 0
-60 -54 74 0
69 -46 84 0
66 -27 -58 0
-19 77 23 0
-79 51 -63 0
-10 -36 -8 0
5 40 33 0
29 66 38 0
81 -26 -74 0
-1 83 41 0
11 9 51 0
-23 -25 -69 0
-9 52 79 0
61 -49 -28 0
18 -73 -51 0
80 -43 -31 0
76 54 75 0
-66 1 26 0
-22 -73 -20 0
-26 34 78 0
66 72 -43 0
-85 -17 -23 0
81 21 -51 0
-68 63 -76 0
39 -77 22 0
-35 55 -12 0
-47 -21 -24 0
63 57 -43 0
43 39 -14 0
33 -54 63 0
18 80 48 0
11 -44 41 0
68 17 14 0
-69 6 50 0
78 74 -16 0
64 -25 47 0
18 20 -39 0
28 52 -23 0
8 -69 54 0
-75 -52 28 0
-80 -79 -19 0
-73 -65 61 0
2 81 69 0
39 3 -85 0
-46 -81 14 0
-30 61 -14 0
86 -16 -60 0
70 -2 66 0
44 7 40 0
45 28 -73 0
3 -79 -67 0
82 38 37 0
83 21 57 0
-60 -43 20 0
36 -29 -21 0
-54 -67 -12 0
29 -5 -33 0
-33 -44 11 0
86 29 -82 0
4 -6 35 0
24 -7 -26 0
-40 -58 44 0
30 7 56 0
-75 82 86 0
67 -33 26 0
-86 -67 -17 0
-13 4 54 0
76 -38 40 0
75 -47 -41 0
-22 -76 -6 0
-22 -46 -79 0
-72 -46 -48 0
39 21 -73 0
-77 -1 85 0
7 52 44 0
28 -70 -67 0
-79 20 -31 0
85 -64 41 0
62 -46 -70 0
8 -27 64 0
73 -79 19 0
-54 72 -17 0
46 35 -61 0
75 -73 -57 0
-76 -47 -21 0
-18 27 -42 0
-30 77 -59 0
-57 -82 -78 0
9 56 -13 0
-28 -37 38 0
-29 -23 -80 0
-48 -44 -22 0
-32 49 -70 0
45 -27 -25 0
34 -7 -16 0
-7 -36 -8 0
-34 12 81 0
-53 -42 7 0
-84 -10 56 0
-79 -25 -28 0
53 -59 55 0
-61 42 -56 0
-38 -2 45 0
-2 30 -19 0
-32 68 -31 0
40 72 -1 0
84 -81 -28 0
-41 59 -20 0
-62 -2 -74 0
17 -42 -83 0
79 -18 34 0
-3 -55 31 0
1 86 85 0
50 83 -84 0
83 10 -62 0
-20 -24 -64 0
-84 47 -72 0
27 61 82 0
-83 19 39 0
-31 -76 18 0
36 -72 48 0
76 68 66 0
28 -31 -79 0
-43 44 -5 0
47 -77 61 0
17 -15 68 0
-28 -29 -19 0
-55 30 83 0
