p 99 421
46 34 -12 0
26 -30 -12 0
-52 -35 -13 0
-9 -38 -58 0
74 12 82 0
75 58 5 0
-86 52 77 0
97 -61 37 0
-16 54 70 0
-49 22 -21 0
64 -53 -11 0
-19 -79 86 0
92 -67 56 0
-16 -4 47 0
52 9 -69 0
-17 -41 -38 0
91 -4 -90 0
63 55 92 0
-53 33 6 0
-92 51 78 0
67 64 31 0
-32 -20 31 0
99 -39 -89 0
72 -73 -31 0
9 99 -53 0
18 -42 -58 0
77 -74 -51 0
-36 68 -52 0
91 15 87 0
84 27 68 0
30 77 -27 0
48 51 -49 0
12 97 82 0
-86 -24 8 0
43 -38 -41 0
-6 -92 -42 0
-83 66 37 0
-4 -18 32 0
-53 -55 62 0
40 41 -77 0
38 39 -60 0
-46 99 -18 0
-30 16 -83 0
88 -66 70 0
44 -6 27 0
-42 -5 -61 0
-37 -79 52 0
-2 -39 -81 0
-51 96 -8 0
-89 72 -57 0
-12 52 50 0
-4 36 -44 0
-39 -43 -15 0
-34 -65 -40 0
-52 -78 -39 0
-12 -5 68 0
70 86 28 0
-40 -41 -76 0
36 13 -46 0
-4 -77 -49 0
-50 -97 37 0
-36 -27 -65 0
19 -30 -77 0
-16 -64 43 0
-57 -6 -27 0
75 41 -23 0
45 -51 44 0
-93 -6 11 0
-11 16 -12 0
86 29 -18 0
21 67 -5 0
12 16 -10 0
-56 49 -94 0
65 35 55 0
33 66 -24 0
-59 45 32 0
26 -34 -58 0
-95 -73 66 0
-17 9 84 0
-51 87 -22 0
-78 -93 97 0
-60 -72 -47 0
-43 -25 -84 0
95 15 47 0
-13 -24 32 0
-3 71 96 0
90 48 19 0
86 -39 14 0
-64 -21 -84 0
53 27 -83 0
-80 -30 45 0
-90 99 53 0
93 -49 -67 0
34 47 37 0
93 -18 -53 0
20 -23 -13 0
28 77 -6 0
94 -79 88 0
-91 -61 -20 0
-53 62 -22 0
-73 23 -39 0
-39 65 21 0
-64 -45 -29 0
-75 -62 -68 0
-48 -93 32 0
98 99 -48 0
-25 77 -76 0
90 75 43 0
60 -40 3 0
-12 -71 -28 0
23 -36 86 0
-68 -18 -50 0
43 -42 16 0
-43 6 4 0
54 -37 13 0
71 50 -23 0
-16 92 20 0
48 -13 -77 0
-82 60 7 0
50 97 49 0
47 91 -74 0
-53 -95 20 0
15 -32 7 0
-12 -81 30 0
-42 -3 -99 0
94 -6 -45 0
-25 19 -88 0
64 63 -50 0
-76 -67 -77 0
96 -23 75 0
-6 -57 -12 0
55 -74 -10 0
-25 95 86 0
-72 7 88 0
97 -2 -10 0
13 37 57 0
-84 -21 -95 0
-81 5 58 0
-33 30 -81 0
-76 36 -5 0
99 -19 18 0
-35 -19 -43 0
-40 41 -78 0
-82 7 -48 0
-94 54 -13 0
10 48 82 0
56 66 -5 0
36 -74 -75 0
70 23 -96 0
38 98 -33 0
-79 -98 -59 0
34 -39 3 0
-37 13 -68 0
66 -10 1 0
57 -96 1 0
30 72 88 0
-83 23 -98 0
-26 87 -13 0
3 12 -39 0
-51 64 -55 0
-59 56 27 0
23 -38 83 0
-32 -77 12 0
-82 -59 -56 0
-3 44 80 0
-14 -92 -25 0
18 62 -82 0
-16 34 24 0
35 -34 59 0
42 -97 -40 0
7 42 25 0
-17 49 -41 0
30 65 -3 0
-77 57 76 0
-44 79 10 0
66 93 -43 0
-62 -58 89 0
69 99 36 0
-32 -14 20 0
31 -71 10 0
-84 -86 13 0
49 9 -36 0
84 -46 92 0
24 -76 26 0
47 90 -20 0
23 17 31 0
-11 -77 -54 0
14 88 -63 0
22 38 95 0
-42 -39 40 0
49 42 -24 0
-44 -18 -6 0
-41 8 -26 0
81 18 94 0
-81 96 71 0
41 -15 73 0
-42 -74 -55 0
-39 40 12 0
37 68 -92 0
-58 49 17 0
-9 -70 -17 0
-52 48 -18 0
-54 -13 3 0
-53 -35 41 0
34 -38 -33 0
62 -84 73 0
6 -46 26 0
67 81 28 0
-14 86 27 0
60 -67 26 0
-71 28 30 0
-58 -34 90 0
-43 -12 4 0
53 -42 95 0
3 -95 -91 0
15 -62 -27 0
-87 -55 11 0
-31 33 80 0
-66 30 -67 0
-44 36 -85 0
-25 37 75 0
74 -94 -6 0
39 18 90 0
61 -34 -87 0
-98 -16 -3 0
-65 -92 83 0
45 -25 -19 0
-12 4 61 0
53 -26 -33 0
24 36 -45 0
42 46 65 0
-61 -25 -89 0
39 -34 55 0
34 -91 -52 0
-77 -20 18 0
-18 -32 -25 0
-65 -99 45 0
53 -50 -3 0
-26 -75 93 0
51 -57 -33 0
-23 -98 -69 0
-78 57 24 0
87 8 84 0
78 61 -10 0
-68 92 4 0
52 20 -3 0
88 46 26 0
17 23 -58 0
-31 -30 16 0
-90 -86 -34 0
-31 5 70 0
-77 86 -15 0
-8 20 -55 0
62 29 -70 0
-39 97 69 0
-28 88 32 0
73 -20 58 0
-8 72 80 0
87 -91 73 0
92 -67 69 0
88 98 37 0
36 -55 -29 0
-15 -89 -72 0
-3 -74 -19 0
-51 -22 -90 0
89 -13 71 0
-90 -66 69 0
78 42 76 0
20 -23 -45 0
64 -93 31 0
57 59 36 0
31 -47 -56 0
-62 -75 98 0
81 -37 36 0
21 -2 29 0
46 14 9 0
36 -91 -34 0
89 -33 68 0
-84 28 -99 0
-80 28 -90 0
97 -65 7 0
34 -41 -53 0
-52 -63 -24 0
48 -22 95 0
-48 -83 93 0
-19 4 -41 0
16 -81 -53 0
-30 99 17 0
94 -25 29 0
-14 80 -96 0
-52 -34 -19 0
-3 -45 61 0
-36 -92 37 0
54 21 26 0
42 -63 57 0
96 19 -98 0
-39 44 56 0
-54 89 78 0
-76 48 10 0
-44 45 80 0
-81 -28 -19 0
3 26 -32 0
-85 82 97 0
43 64 24 0
-99 -79 -21 0
75 -94 60 0
-84 42 -96 0
-89 -47 -65 0
98 2 24 0
88 16 -17 0
95 -39 -81 0
-19 -50 32 0
-22 -15 28 0
-97 -56 22 0
98 -1 84 0
26 -59 -32 0
-27 48 37 0
65 33 -24 0
-4 -63 -87 0
-84 -63 9 0
-23 89 -92 0
-74 48 17 0
15 83 -39 0
36 -59 -44 0
-26 -38 -72 0
78 30 61 0
-51 6 -50 0
-58 84 -35 0
-6 31 98 0
-24 27 9 0
-33 -38 -70 0
-99 -38 -87 0
78 -24 -32 0
71 10 -39 0
-73 -95 49 0
97 65 -19 0
-68 -54 -23 0
55 -31 42 0
-62 -97 -5 0
-14 61 -78 0
-16 15 -32 0
99 16 45 0
-39 31 30 0
63 98 -68 0
36 86 60 0
1 -97 25 0
8 -12 -91 0
-14 65 -24 0
95 -89 -51 0
76 67 -7 0
-77 45 -20 0
-57 -49 96 0
21 67 -73 0
82 -9 93 0
-29 -82 58 0
-25 75 -3 0
-76 -77 -8 0
75 17 -32 0
-33 -21 -32 0
30 14 45 0
72 -17 73 0
-36 1 -79 0
79 9 51 0
-85 1 57 0
-42 59 -66 0
-64 34 73 0
-38 -76 22 0
-34 67 -3 0
-60 -96 16 0
30 74 88 0
-79 -81 95 0
60 36 -56 0
29 3 28 0
14 48 96 0
81 -44 -74 0
98 -17 42 0
96 53 72 0
-38 -24 19 0
8 -20 81 0
-86 40 -50 0
-22 47 -40 0
-78 89 36 0
78 65 19 0
-87 38 -48 0
-29 -84 5 0
83 9 -75 0
-22 -25 15 0
-27 -29 -71 0
71 -85 -12 0
-47 -87 -5 0
45 -71 1 0
-39 -12 -25 0
-32 75 -83 0
-59 -16 70 0
98 1 87 0
5 4 -33 0
-94 46 -10 0
-39 63 32 0
20 58 63 0
-20 24 -18 0
63 3 -95 0
-8 -80 -6 0
44 -39 55 0
-83 97 -86 0
11 80 58 0
79 -80 -14 0
-37 -7 -11 0
22 20 77 0
54 16 -55 0
-40 95 46 0
26 -86 74 0
-51 -40 -44 0
64 -2 72 0
29 76 -83 0
-92 18 -44 0
-24 41 11 0
52 15 -46 0
23 24 -97 0
73 -49 -53 0
-1 18 60 0
-49 -23 -34 0
