p 40 170
11 -40 30 0
35 11 27 0
33 -19 -5 0
-31 17 -36 0
-12 -30 40 0
-20 -6 17 0
37 18 -12 0
-27 -39 11 0
-6 21 12 0
-32 33 -34 0
11 36 -26 0
31 -4 -12 0
14 -38 -12 0
-24 -7 -5 0
4 -8 -39 0
-30 -15 -21 0
8 11 -30 0
-34 16 36 0
-14 -26 11 0
32 26 12 0
20 -25 21 0
17 4 19 0
22 7 29 0
-26 8 -23 0
-25 38 22 0
-34 -10 -15 0
-11 22 31 0
-6 -40 25 0
-22 5 14 0
-3 -12 38 0
-19 -28 24 0
19 -8 20 0
37 19 25 0
14 -22 33 0
-32 22 -27 0
37 -29 26 0
-34 29 11 0
-9 33 -18 0
-7 -11 35 0
39 5 -36 0
-40 -34 12 0
-1 -8 25 0
37 8 30 0
2 31 -27 0
-34 19 -20 0
30 1 25 0
-39 9 20 0
-23 26 38 0
-25 12 -16 0
-7 1 -30 0
26 1 4 0
-9 34 2 0
19 -39 25 0
12 -27 26 0
-14 6 -9 0
14 -27 23 0
38 -23 -24 0
-14 -33 -27 0
-16 -38 28 0
-6 -33 3 0
-30 -13 -6 0
19 20 -11 0
-30 5 -1 0
23 10 37 0
12 -9 27 0
-20 -17 -33 0
8 -35 26 0
40 17 -15 0
-34 3 22 0
35 -25 -9 0
-26 -33 25 0
-33 8 17 0
30 21 22 0
4 23 35 0
-12 -40 -4 0
23 -32 29 0
-6 -9 2 0
30 -33 4 0
1 -5 -37 0
-11 26 33 0
-33 -11 23 0
9 3 -31 0
-39 -34 9 0
-39 -5 -23 0
-14 -38 34 0
7 21 30 0
-38 -29 -40 0
-11 -16 32 0
28 -19 -7 0
30 -26 3 0
-6 34 -9 0
-28 -35 31 0
-38 24 -7 0
21 26 10 0
-11 -33 5 0
-12 -16 -39 0
-39 -13 15 0
30 -29 -23 0
-15 21 9 0
-26 21 -38 0
6 19 -23 0
-18 -20 -9 0
6 -11 -33 0
-33 -19 14 0
-34 -32 19 0
-40 -26 32 0
1 -40 -22 0
13 -31 -1 0
23 -27 -33 0
-3 23 -4 0
-32 -2 4 0
17 1 -4 0
1 -12 -6 0
18 11 16 0
3 -24 -31 0
-27 7 -23 0
-5 -17 -29 0
23 31 -27 0
-31 29 -18 0
-39 7 22 0
-39 -35 -2 0
-10 31 39 0
27 -33 -28 0
-7 34 5 0
14 22 -27 0
7 -29 11 0
-37 36 -29 0
-39 -19 -26 0
20 35 34 0
-7 37 20 0
29 -36 -31 0
36 30 -5 0
-23 -20 25 0
-30 6 38 0
-28 -27 -24 0
-7 20 29 0
-11 -16 39 0
4 28 -2 0
3 7 35 0
12 27 -13 0
2 -8 -10 0
20 37 -10 0
24 20 5 0
-10 -9 29 0
6 -34 11 0
12 28 35 0
-35 -1 38 0
-34 -9 -11 0
25 -21 11 0
12 -33 -40 0
26 33 10 0
2 19 -21 0
-30 -32 -15 0
9 21 36 0
-33 -8 -28 0
-18 25 -1 0
-21 -36 -32 0
-34 22 -1 0
-21 40 -34 0
-39 -2 33 0
-13 -28 8 0
-14 3 16 0
-40 -1 -32 0
10 -33 30 0
38 -30 32 0
4 -3 -26 0
-24 -25 -15 0
-37 -7 -28 0
-38 -25 2 0
20 21 -34 0
