p 13 55
9 -1 13 0
8 2 -5 0
5 -12 -2 0
-11 2 -4 0
-5 1 6 0
13 -5 -6 0
-8 -9 4 0
-8 2 -7 0
11 -5 2 0
10 -6 2 0
6 8 12 0
3 -12 8 0
6 5 -10 0
10 5 -6 0
3 -12 4 0
3 -13 -5 0
-4 -6 8 0
5 11 2 0
8 -6 -9 0
12 -3 13 0
4 2 -8 0
-1 8 -5 0
-9 -6 -1 0
2 -10 4 0
7 5 6 0
-10 12 -13 0
13 4 6 0
12 8 13 0
12 -7 -8 0
-10 4 -6 0
9 1 12 0
9 10 -11 0
4 3 -8 0
5 1 7 0
-7 1 -12 0
4 -9 12 0
-12 1 -7 0
6 11 7 0
-6 8 12 0
11 2 1 0
-10 -11 -4 0
-1 9 -2 0
6 5 -4 0
-4 -8 11 0
-4 -1 8 0
-5 -11 6 0
10 6 -4 0
-9 -2 -8 0
-2 -11 1 0
8 -6 -5 0
-13 -11 -8 0
-11 -12 -5 0
-6 -7 5 0
4 8 13 0
-4 1 3 0
