p 36 153
32 -6 9 0
-6 2 -27 0
2 -1 31 0
-17 -21 -1 0
-9 -11 -8 0
7 -25 27 0
6 5 -7 0
-26 -36 -28 0
35 11 -14 0
-33 2 17 0
19 31 1 0
-19 13 -10 0
-23 -24 22 0
17 -1 -31 0
18 -17 -16 0
-9 -25 -30 0
20 14 -26 0
15 19 -30 0
7 15 -3 0
-11 33 -6 0
-24 8 23 0
-13 36 -14 0
32 -1 22 0
28 33 26 0
14 29 12 0
-2 3 -8 0
-5 18 33 0
-17 28 29 0
23 -16 -34 0
-2 31 -26 0
31 -33 11 0
36 -18 -14 0
34 2 -14 0
-22 -33 15 0
1 20 35 0
4 -3 14 0
4 -9 28 0
-10 -6 -2 0
-8 -6 31 0
31 22 10 0
-3 6 -1 0
-4 -32 27 0
-12 -27 26 0
-34 -2 31 0
18 6 24 0
5 32 -13 0
23 24 13 0
-9 23 28 0
34 8 -24 0
28 -31 24 0
-30 22 -6 0
3 35 1 0
21 35 -27 0
-14 21 11 0
15 28 -22 0
23 32 -24 0
9 23 -4 0
-33 -36 3 0
-20 -18 -3 0
5 27 -20 0
-12 9 24 0
3 -36 -2 0
-24 -19 12 0
-8 35 -14 0
-25 -20 -12 0
-19 -18 16 0
33 -3 25 0
28 2 -32 0
30 -16 -18 0
23 -31 2 0
-13 31 28 0
30 9 -1 0
2 -11 26 0
-26 -24 33 0
12 -14 18 0
31 11 -25 0
36 5 17 0
-12 36 19 0
25 -2 21 0
-4 -2 20 0
-3 11 27 0
-36 21 20 0
5 -25 -7 0
-12 -15 14 0
-18 -35 -4 0
23 -8 21 0
-22 -30 -12 0
17 20 13 0
-16 -8 -36 0
-30 5 -24 0
13 -32 -16 0
-33 -18 11 0
-22 25 -18 0
-15 -33 -36 0
-34 22 27 0
18 -29 -25 0
-30 32 35 0
-14 28 19 0
-25 4 -20 0
-36 9 -10 0
-36 -12 3 0
21 -35 -28 0
8 6 4 0
23 6 16 0
-12 18 33 0
-35 -7 12 0
24 -7 13 0
-9 4 27 0
-6 -16 13 0
-34 23 -18 0
26 -27 30 0
11 21 -12 0
-22 8 -13 0
10 -34 4 0
3 -31 -9 0
8 -2 -10 0
-12 -26 -17 0
-6 -12 -3 0
7 24 -3 0
-9 -11 -12 0
-18 8 -35 0
9 -6 17 0
8 5 -11 0
19 -9 -21 0
12 -7 -5 0
18 13 12 0
17 19 26 0
7 3 22 0
-11 -28 23 0
-25 4 35 0
23 1 7 0
35 12 -19 0
34 24 32 0
-3 -18 -33 0
11 -32 14 0
-22 15 -8 0
34 17 -9 0
-14 -16 -24 0
-21 -14 26 0
9 -10 -34 0
-8 4 11 0
-36 -25 -4 0
-36 -31 -20 0
-28 -4 30 0
4 30 -24 0
-23 32 30 0
22 -15 -21 0
-19 -2 -16 0
-14 -19 31 0
-34 -25 32 0
36 11 -17 0
5 -4 7 0
-22 1 -5 0
