p 75 319
-31 -1 7 0
-54 -32 38 0
34 52 39 0
-32 -27 -10 0
65 66 -62 0
44 -75 -16 0
-31 -69 66 0
34 8 14 0
15 53 -5 0
-3 -22 24 0
-24 -71 36 0
-15 -52 -61 0
56 54 8 0
34 -70 -69 0
-34 66 -10 0
-38 31 -37 0
34 -46 -64 0
17 40 23 0
-68 30 72 0
19 -58 63 0
-40 -68 52 0
49 9 -52 0
-15 -65 29 0
14 42 -62 0
-60 -12 -7 0
-45 61 42 0
10 -47 -36 0
12 -59 -35 0
-19 36 -54 0
20 -60 -22 0
43 -50 -23 0
7 27 59 0
3 -48 -73 0
-4 23 -56 0
41 -16 46 0
-24 -70 -63 0
-3 -65 -28 0
-4 40 50 0
26 -74 -53 0
68 60 12 0
-2 70 -9 0
-44 -66 -75 0
37 26 -36 0
-75 -34 -52 0
69 -34 -51 0
-42 -21 -53 0
55 58 -7 0
64 55 26 0
-70 -69 -58 0
62 -51 -10 0
-9 22 -58 0
41 -63 -48 0
52 -74 42 0
-64 61 42 0
58 44 49 0
-39 -59 -8 0
-16 -61 -3 0
-54 -45 28 0
50 -26 -38 0
-52 -35 71 0
29 8 -27 0
29 60 10 0
49 -9 40 0
-73 45 -53 0
8 -40 -11 0
60 29 -42 0
71 -33 62 0
4 -69 -48 0
-64 -63 -5 0
40 43 55 0
17 74 -43 0
61 -47 -32 0
-7 -31 -44 0
-51 19 5 0
-20 27 -69 0
41 -39 69 0
-43 26 -63 0
60 -25 71 0
64 73 20 0
47 -21 23 0
48 16 -65 0
-39 -13 -66 0
-34 33 37 0
-74 -54 -9 0
47 58 -57 0
-60 -67 25 0
40 -29 -18 0
-27 -52 1 0
-46 -59 29 0
26 -51 -40 0
-69 -30 -23 0
-71 67 33 0
9 -18 -1 0
44 -64 -21 0
25 -62 -44 0
54 17 -5 0
58 24 67 0
57 69 9 0
-72 -68 -25 0
-20 50 1 0
-31 3 14 0
20 -53 27 0
-17 -39 28 0
-54 23 -68 0
-72 -65 -6 0
-37 -68 72 0
-46 71 28 0
41 12 -20 0
5 -40 51 0
13 8 14 0
-14 50 1 0
30 73 -2 0
-44 16 25 0
51 -18 70 0
-3 40 69 0
-54 2 9 0
-73 45 8 0
46 -51 65 0
-27 -32 -63 0
-51 -31 2 0
-39 62 10 0
20 23 -29 0
-25 43 -23 0
2 71 8 0
-47 54 -6 0
54 -51 8 0
-39 -7 -32 0
69 -63 11 0
67 -62 -65 0
-44 31 72 0
-31 -6 -36 0
-15 27 50 0
43 65 -66 0
-43 -7 74 0
-10 49 6 0
30 6 73 0
30 -22 -47 0
10 -23 -46 0
-35 39 43 0
57 -62 63 0
-28 45 -4 0
49 -21 13 0
-11 64 -58 0
50 28 61 0
-62 -52 8 0
4 -53 -71 0
-69 68 43 0
69 -61 -26 0
74 -11 71 0
-22 -15 -1 0
38 44 -17 0
-28 52 -17 0
58 10 54 0
-12 -6 -36 0
-8 -61 -45 0
4 -15 60 0
62 -43 -22 0
21 -11 31 0
58 -45 -27 0
54 -5 -40 0
-12 -51 -71 0
7 -49 62 0
64 -74 -75 0
-45 61 -66 0
27 -30 -21 0
-4 32 44 0
48 -56 -52 0
-8 -54 -66 0
-31 32 -27 0
-27 -42 22 0
-62 -50 -20 0
-46 -24 -70 0
1 -43 -34 0
7 -75 -24 0
42 -73 -63 0
55 46 70 0
-14 -50 65 0
-23 -12 -14 0
43 -4 52 0
68 -5 -73 0
-32 26 -74 0
-73 17 10 0
66 -40 36 0
23 67 57 0
22 -36 15 0
-45 -16 -63 0
-39 -26 43 0
-48 73 -38 0
-53 -20 -46 0
-21 14 -73 0
-47 66 -20 0
-74 55 67 0
-75 2 31 0
22 -24 36 0
35 -38 -53 0
40 -67 -49 0
64 71 -14 0
-32 65 50 0
-32 38 -49 0
7 45 16 0
-4 -45 -15 0
-35 3 67 0
59 44 9 0
-18 -51 -4 0
-25 -38 45 0
-37 -71 47 0
-34 -48 61 0
-50 -3 -56 0
52 68 -4 0
-16 39 21 0
64 33 -72 0
-45 -44 -49 0
-65 72 -22 0
43 -65 -19 0
72 -56 31 0
-35 -37 -26 0
7 12 6 0
6 46 63 0
-47 -41 65 0
-18 32 36 0
-14 36 8 0
-48 -10 -19 0
-6 67 -30 0
41 -29 -65 0
-26 40 -31 0
4 62 12 0
-15 -75 60 0
-15 67 -27 0
-51 -9 -6 0
-48 -65 12 0
-75 -33 71 0
34 -23 -69 0
20 -13 19 0
40 -38 33 0
-2 -74 -48 0
36 -34 12 0
34 -5 15 0
-55 74 31 0
30 21 -46 0
57 27 73 0
75 -19 -49 0
-40 -45 19 0
48 21 -20 0
-27 -66 -65 0
-65 -37 -21 0
70 38 10 0
-40 -34 74 0
-58 -20 -56 0
51 8 53 0
-14 19 -22 0
-25 -5 -38 0
53 -36 17 0
-50 -6 15 0
-56 -14 -66 0
48 3 -53 0
-26 43 28 0
30 15 59 0
-9 30 75 0
44 -24 45 0
-60 28 73 0
-39 -73 -55 0
-34 -2 -10 0
37 40 71 0
50 -73 58 0
9 -2 70 0
48 33 3 0
-57 -62 -61 0
-35 -6 -67 0
-49 -23 -18 0
-35 -29 73 0
10 67 -34 0
62 54 25 0
15 -27 -8 0
36 62 -34 0
-63 52 -67 0
-37 65 59 0
14 57 69 0
38 -61 -26 0
-64 -21 40 0
-7 31 48 0
46 26 48 0
-51 8 -30 0
-24 18 66 0
47 67 -57 0
-15 57 45 0
64 10 1 0
-45 -52 -59 0
61 72 -64 0
18 -61 55 0
-33 11 71 0
68 -51 -71 0
-7 26 -37 0
-24 -38 -50 0
32 5 13 0
-21 74 -55 0
11 -68 -4 0
-23 -29 -7 0
73 13 62 0
14 -58 -69 0
-41 -68 -14 0
41 -19 -68 0
9 39 49 0
54 -17 1 0
-47 -53 35 0
44 19 -53 0
-27 -19 3 0
61 36 13 0
-22 68 -12 0
-28 18 47 0
4 22 39 0
-32 -55 -40 0
-61 73 -20 0
-35 74 20 0
63 42 57 0
-32 11 -9 0
14 30 -20 0
-61 13 -75 0
-15 -35 -56 0
-1 23 -7 0
