p 36 153
4 8 9 0
-29 3 25 0
2 15 -14 0
9 -23 10 0
-24 -13 30 0
13 -25 -15 0
1 4 20 0
36 21 30 0
30 3 20 0
12 34 -35 0
16 15 17 0
26 -20 17 0
-23 19 26 0
4 24 30 0
24 -12 27 0
-30 15 -7 0
3 -8 36 0
27 5 28 0
21 -16 -9 0
35 18 17 0
-9 12 20 0
-33 31 17 0
-26 -7 -1 0
-24 -9 23 0
7 16 15 0
-11 20 17 0
27 -11 -3 0
-36 -26 -34 0
22 -17 34 0
27 -17 -8 0
30 32 29 0
35 12 -23 0
-27 -24 -34 0
-6 30 -23 0
-34 5 -11 0
29 15 -17 0
-36 28 11 0
-1 30 5 0
10 13 5 0
8 -5 -30 0
-32 34 15 0
-21 -27 -29 0
35 -8 9 0
13 -36 23 0
22 19 -10 0
-2 -24 6 0
-20 -36 -25 0
7 -18 1 0
-21 18 -23 0
28 -9 -16 0
20 10 -24 0
23 19 12 0
-4 22 14 0
-7 10 -22 0
10 -28 19 0
-30 34 17 0
29 -7 2 0
3 22 -12 0
-28 14 21 0
25 -27 1 0
-28 29 20 0
15 13 -22 0
-29 25 36 0
-16 30 -19 0
-27 -23 16 0
19 -7 -12 0
-20 -1 -31 0
-29 -25 -1 0
27 8 4 0
10 12 6 0
-33 -28 -18 0
-20 25 -22 0
-1 27 36 0
3 26 17 0
-15 -1 -23 0
-10 -29 25 0
31 36 16 0
6 -19 -2 0
-34 -25 -3 0
-29 -25 -17 0
26 1 -7 0
31 -4 -24 0
-1 -35 36 0
24 -23 -18 0
-18 -24 16 0
-16 17 22 0
30 -7 1 0
4 -21 36 0
30 -16 -21 0
23 14 -24 0
5 -15 -13 0
-4 -12 11 0
9 -6 33 0
-22 27 -18 0
-19 -33 7 0
15 -36 31 0
1 6 -28 0
-30 16 -36 0
-7 14 3 0
10 -15 22 0
-7 3 11 0
16 1 18 0
-1 15 29 0
6 22 -17 0
-30 12 7 0
26 1 23 0
28 -9 -11 0
26 -22 9 0
36 -33 8 0
33 14 -5 0
-21 14 -29 0
-35 20 -17 0
-3 -5 20 0
-24 3 -26 0
32 -16 29 0
-11 -28 33 0
31 36 1 0
-17 21 26 0
5 17 -27 0
33 -36 -24 0
11 -25 32 0
2 4 -6 0
28 26 36 0
34 -9 -14 0
-23 -18 -27 0
21 31 -27 0
-5 28 -23 0
-11 -36 -16 0
8 -4 17 0
-27 24 4 0
-23 -20 -36 0
5 6 -7 0
-13 9 -6 0
-36 -7 20 0
-4 7 25 0
14 20 -2 0
-32 -23 -8 0
18 19 -9 0
-31 -25 -17 0
18 -28 -10 0
-8 1 9 0
31 -9 -12 0
-1 18 -10 0
19 -26 -33 0
-29 -15 6 0
-20 16 2 0
2 -26 17 0
9 -35 11 0
5 -15 -36 0
4 25 -35 0
22 -28 -35 0
-2 6 22 0
17 23 24 0
