p 13 55
-13 -11 2 0
-13 7 2 0
-7 -9 -8 0
-4 7 -11 0
11 -1 -8 0
-7 -11 -13 0
-8 -9 -6 0
4 -1 -11 0
-7 4 -11 0
5 -12 -3 0
4 6 5 0
2 13 -8 0
13 -12 11 0
-5 -13 4 0
-4 -7 -12 0
9 -12 -5 0
-1 5 -12 0
7 8 11 0
9 -2 -10 0
-3 11 -5 0
12 -4 10 0
1 13 -11 0
4 -9 2 0
-9 -4 2 0
6 9 4 0
11 -7 -13 0
1 -11 -8 0
1 8 12 0
-1 11 5 0
4 -6 -9 0
11 -8 -7 0
9 12 3 0
-11 -9 10 0
-12 10 1 0
-12 -9 8 0
-13 2 12 0
-4 -11 -6 0
-3 -11 13 0
-3 1 7 0
1 8 4 0
-8 -9 3 0
12 5 4 0
-7 1 -10 0
5 12 -2 0
-4 -2 -10 0
-12 -4 -6 0
-10 -6 2 0
6 -8 13 0
-5 7 -9 0
-6 -5 12 0
4 -11 9 0
-13 -12 9 0
8 -12 -7 0
-8 4 6 0
3 -13 4 0
