p 51 217
-28 4 -33 0
9 46 48 0
-44 -23 32 0
43 31 51 0
-27 -31 -13 0
-33 5 -24 0
-47 24 23 0
-48 14 -25 0
22 -14 7 0
-5 -24 2 0
46 16 8 0
-9 -22 -19 0
6 30 42 0
-15 50 -12 0
13 31 45 0
-7 -26 -23 0
45 22 -47 0
44 19 1 0
43 24 -27 0
45 1 15 0
2 44 -13 0
-8 38 -32 0
31 46 -11 0
-48 -51 -11 0
48 -4 38 0
42 -30 -2 0
34 6 13 0
-12 -15 -42 0
-17 24 -11 0
-33 -37 -19 0
-24 -50 -16 0
-21 16 7 0
-50 -26 -5 0
8 50 -40 0
-5 27 -9 0
32 40 -21 0
-28 -23 41 0
1 -12 11 0
-10 -18 -8 0
44 47 7 0
-31 48 -15 0
-50 -32 1 0
-41 -26 -42 0
46 -35 3 0
44 25 42 0
-13 -2 50 0
-10 -3 -39 0
12 -28 -15 0
11 -22 47 0
28 32 -20 0
-17 47 -11 0
43 12 5 0
-39 44 22 0
-7 18 17 0
35 12 24 0
23 -13 -17 0
-11 -42 34 0
-44 45 27 0
19 42 44 0
-16 -10 -19 0
50 -18 -27 0
-8 -13 36 0
25 46 -3 0
9 38 -30 0
-34 -28 -31 0
-51 -48 8 0
14 19 38 0
-19 -41 9 0
-46 47 -37 0
17 44 -18 0
-42 48 -23 0
-15 -20 -47 0
-5 -8 47 0
-51 15 -3 0
23 -11 6 0
10 14 16 0
-3 10 -7 0
-14 -46 -45 0
-39 5 49 0
-45 -42 -35 0
-30 33 -13 0
-43 42 -26 0
40 -2 28 0
37 -1 50 0
-33 -40 -36 0
31 40 50 0
46 -35 51 0
32 -1 -29 0
18 -41 -42 0
23 22 48 0
-48 40 37 0
5 -25 -37 0
38 5 47 0
14 34 -17 0
50 -24 22 0
-43 -15 -14 0
-18 10 -7 0
-51 17 -25 0
35 6 2 0
45 27 18 0
41 -46 51 0
-10 3 -26 0
-18 1 25 0
-18 43 -46 0
-10 -9 47 0
19 -35 28 0
-50 51 -18 0
-4 28 -14 0
23 -47 22 0
-7 -37 -5 0
41 25 -33 0
-21 -31 44 0
-12 51 -32 0
44 -8 -36 0
-31 13 24 0
-32 -36 -44 0
-50 -10 23 0
13 12 -44 0
22 -45 9 0
13 41 -27 0
18 -21 33 0
46 28 -18 0
-14 -46 -40 0
-4 -1 25 0
11 38 -13 0
-45 16 -39 0
42 -14 38 0
-14 1 -20 0
43 -11 10 0
50 -33 -30 0
49 28 42 0
-41 42 2 0
-6 -18 13 0
-50 22 29 0
-34 47 -24 0
18 -8 31 0
-2 -8 -19 0
-9 -4 28 0
-50 27 2 0
-9 -46 -38 0
38 -5 12 0
7 -45 -14 0
9 -12 18 0
27 41 -1 0
-5 38 23 0
7 -13 25 0
30 -42 -46 0
-17 20 -21 0
21 44 -38 0
20 41 7 0
-21 -3 2 0
-19 -42 -37 0
46 -45 -51 0
46 33 7 0
-16 -15 -13 0
43 49 -3 0
-11 30 40 0
47 2 -25 0
-41 29 37 0
39 -33 -30 0
9 -19 47 0
-33 -36 -18 0
-8 -20 45 0
-33 11 -12 0
27 -23 -29 0
-44 22 -37 0
32 2 -28 0
-17 20 5 0
-34 -11 46 0
28 -7 45 0
16 -40 5 0
33 -30 8 0
22 28 46 0
-20 -30 -44 0
4 -32 15 0
-7 -22 11 0
34 -27 -49 0
5 9 -16 0
2 -15 -27 0
-29 -39 -2 0
27 17 -18 0
26 -23 11 0
-5 37 -43 0
-31 -50 7 0
-48 -5 2 0
-4 27 -14 0
-10 49 -33 0
44 -1 -34 0
31 46 -9 0
-11 -20 39 0
-26 -29 44 0
46 41 12 0
8 -7 -37 0
-15 -23 -4 0
-23 -32 -11 0
45 28 7 0
25 -28 21 0
40 -32 -8 0
-37 -8 -32 0
-31 -45 -13 0
-37 -15 -49 0
32 50 43 0
49 4 -37 0
-44 36 -3 0
-31 40 8 0
-17 -50 47 0
22 -10 -28 0
34 -42 38 0
-13 -50 -24 0
25 30 -20 0
-29 2 30 0
-11 2 22 0
-15 23 48 0
-36 -51 30 0
24 41 -16 0
42 -4 -43 0
-34 17 7 0
