p 62 264
6 -51 -28 0
55 -7 62 0
14 -10 27 0
16 -32 28 0
28 -18 -3 0
-43 -21 49 0
-54 -45 -18 0
-48 -24 -41 0
37 5 27 0
30 -14 11 0
-8 58 17 0
20 -42 -4 0
-55 35 -62 0
26 -33 62 0
22 36 19 0
61 30 -21 0
-11 -28 -61 0
-35 28 5 0
-27 -29 -4 0
-47 -44 -50 0
-59 10 -14 0
55 14 32 0
29 -49 -6 0
-28 -5 19 0
22 -11 26 0
3 45 -59 0
31 45 -55 0
42 17 12 0
48 -4 29 0
27 43 23 0
-21 -33 -56 0
-34 -15 -21 0
17 -28 -33 0
-60 -36 37 0
-42 -6 -26 0
10 -32 -59 0
-28 -2 -15 0
29 -14 -28 0
49 -19 32 0
19 -44 -55 0
-61 52 -59 0
48 -32 -24 0
-21 -59 -5 0
-32 33 -4 0
9 7 -2 0
34 44 -40 0
-39 17 24 0
53 47 -15 0
-24 -44 -11 0
-35 13 21 0
43 24 -27 0
-27 -18 -30 0
-34 15 3 0
-8 -59 57 0
57 13 -9 0
-53 -44 -7 0
-38 -1 -29 0
8 -53 26 0
-31 46 23 0
-27 -18 32 0
60 -26 -36 0
36 49 -62 0
-41 42 -57 0
-51 52 54 0
-20 -7 -49 0
-56 -32 -19 0
-58 -54 49 0
-35 20 -1 0
-32 -25 6 0
-49 -15 -13 0
36 26 59 0
-1 -32 5 0
51 37 -2 0
18 44 -46 0
6 -37 -38 0
-16 -33 -56 0
-13 60 17 0
17 -20 29 0
22 45 -40 0
-55 -16 45 0
44 -2 -56 0
48 -49 -26 0
-3 21 -49 0
-52 60 -27 0
-60 -30 -1 0
46 -49 -15 0
48 36 1 0
49 7 33 0
-57 20 41 0
30 18 -22 0
-29 -44 -31 0
10 -12 3 0
2 45 10 0
58 -25 -23 0
6 30 -1 0
48 -40 30 0
29 -34 -58 0
25 -55 16 0
-58 -39 3 0
20 -4 -55 0
32 14 -20 0
17 -59 -25 0
6 -22 -21 0
-5 -39 -24 0
42 5 39 0
-12 51 22 0
-55 -40 -13 0
-15 -62 1 0
40 -61 53 0
23 25 -5 0
13 -3 1 0
-53 48 10 0
-32 -16 -51 0
5 6 -34 0
-46 25 4 0
-31 -21 -18 0
49 -11 -38 0
-61 6 -13 0
28 -5 41 0
18 60 1 0
-58 -28 -41 0
16 -3 -31 0
10 -29 -38 0
-35 59 47 0
-15 59 43 0
31 43 -39 0
-23 -54 -24 0
32 24 23 0
1 -23 -38 0
-4 60 10 0
-28 49 47 0
21 57 -43 0
-59 61 -62 0
56 -21 41 0
-11 60 27 0
51 58 52 0
-8 -38 -35 0
7 51 -38 0
-58 53 -44 0
-61 -52 -13 0
20 9 12 0
-16 -25 -10 0
-49 -36 6 0
44 -22 36 0
60 3 -47 0
-61 39 17 0
40 -56 -28 0
29 51 52 0
7 -2 21 0
47 -7 -28 0
-39 -28 -26 0
-41 28 -43 0
-38 -4 -53 0
12 -50 47 0
-7 -58 1 0
-6 26 2 0
7 -13 22 0
-55 39 25 0
-25 52 -43 0
-58 -51 -17 0
-51 -53 5 0
-40 24 33 0
-14 5 -31 0
-51 42 -54 0
53 48 -25 0
-16 47 48 0
54 -50 -48 0
-61 33 -24 0
-40 26 -17 0
58 44 -62 0
43 -46 16 0
-26 -44 -53 0
42 3 22 0
-17 -7 -46 0
1 62 -55 0
13 61 55 0
31 -41 -62 0
46 59 53 0
33 30 -10 0
11 19 39 0
-21 -13 -54 0
-59 -60 -5 0
54 -1 48 0
-14 24 44 0
53 8 -27 0
-20 -54 41 0
-36 -45 17 0
61 -5 -47 0
38 -18 -60 0
-17 -11 -40 0
-42 -14 -9 0
-59 -55 -54 0
-39 44 -33 0
24 18 25 0
22 14 -11 0
-45 -5 -32 0
37 13 -49 0
22 -32 36 0
-29 13 -46 0
-51 -26 -33 0
-48 -38 30 0
-57 3 29 0
-19 22 8 0
55 22 -5 0
40 7 59 0
55 47 -62 0
-15 -34 60 0
55 -31 -24 0
13 -8 -57 0
-51 57 -26 0
27 30 40 0
-55 50 -36 0
-31 38 23 0
-8 -55 61 0
-35 -12 2 0
-33 27 -19 0
-46 21 -11 0
-44 6 -60 0
40 16 -50 0
18 53 -15 0
-37 -10 22 0
15 39 -14 0
-57 37 7 0
60 35 -17 0
-51 -29 -5 0
-30 -39 25 0
19 -23 35 0
-20 -1 62 0
-29 -40 -24 0
20 -56 -48 0
10 -52 -61 0
-59 -55 -47 0
13 48 -8 0
50 -12 -61 0
-24 15 -9 0
16 -17 -21 0
-20 -18 -49 0
-46 48 53 0
-37 -3 -51 0
43 38 -23 0
-15 28 -25 0
19 -6 39 0
-7 28 -16 0
-53 -51 57 0
-24 13 -52 0
-45 20 1 0
50 -52 -44 0
12 45 -17 0
44 53 33 0
-18 10 9 0
8 26 -57 0
-61 -8 -27 0
32 29 22 0
-60 -8 34 0
-14 36 -41 0
8 -6 30 0
-16 61 -9 0
21 -41 -46 0
-7 28 52 0
-55 37 -20 0
48 -16 39 0
30 53 -35 0
56 -28 -23 0
54 18 31 0
