p 23 97
18 -22 1 0
21 -9 -1 0
13 -15 -17 0
21 11 -19 0
19 -14 4 0
-21 -7 -6 0
-13 -15 6 0
-22 -9 3 0
2 -10 -20 0
9 -11 4 0
4 -8 14 0
-13 -1 8 0
-13 -6 -9 0
11 -18 2 0
-23 19 -1 0
-10 13 5 0
-19 -13 -21 0
8 21 -4 0
-1 -22 -23 0
3 8 19 0
10 16 5 0
20 -22 19 0
13 -6 -5 0
-2 -16 -14 0
-7 -20 18 0
16 14 10 0
22 7 9 0
-18 21 11 0
-14 -9 -4 0
-5 -17 9 0
17 -20 9 0
4 -3 10 0
4 20 22 0
-4 -1 13 0
-9 -4 23 0
15 11 1 0
-11 7 16 0
-13 1 -2 0
6 16 8 0
-6 3 -2 0
-11 -18 20 0
4 10 23 0
-14 -2 -19 0
-1 12 13 0
17 20 21 0
-22 -4 2 0
10 -13 -21 0
8 -2 15 0
-13 1 -14 0
14 15 -19 0
12 -8 -1 0
20 -8 -2 0
9 8 -22 0
21 -6 -17 0
11 -5 -6 0
-15 -3 22 0
-10 -8 -12 0
-13 -17 -20 0
-4 16 14 0
12 8 -11 0
-21 -3 -11 0
-6 -15 -13 0
2 22 20 0
19 17 -14 0
17 1 5 0
10 -6 -23 0
4 5 -12 0
16 -8 17 0
-23 -12 -17 0
12 -17 -4 0
-11 -4 3 0
-3 9 -1 0
13 -3 8 0
-8 -12 18 0
19 -22 -4 0
-16 9 -21 0
1 22 -11 0
11 -5 12 0
-12 -16 -8 0
6 4 -5 0
-15 -23 -13 0
5 19 18 0
-3 -8 -13 0
12 8 23 0
9 -6 3 0
7 -14 -18 0
-16 10 -12 0
16 -15 2 0
-6 20 -18 0
2 -4 13 0
-11 -17 19 0
-13 -4 1 0
17 16 1 0
-14 -18 -3 0
-7 -11 -1 0
-5 18 -13 0
14 23 -9 0
