p 80 340
-59 73 51 0
-15 28 22 0
-2 78 7 0
22 -78 68 0
22 -3 74 0
-70 -29 71 0
14 -36 -19 0
-46 -40 69 0
-78 -40 11 0
-70 -77 -48 0
-54 -21 18 0
56 63 -36 0
-69 -15 37 0
-33 16 8 0
-41 76 -24 0
39 -22 48 0
69 -64 -15 0
58 31 -73 0
22 -52 32 0
-37 -62 57 0
-60 4 -61 0
-11 50 53 0
-74 -68 50 0
-51 -36 -19 0
-67 -6 -58 0
42 -27 -21 0
-7 27 -80 0
7 11 6 0
44 -42 -77 0
-51 1 67 0
67 -11 79 0
34 -52 -74 0
39 -11 -65 0
74 -45 -44 0
-11 -3 -14 0
32 -17 53 0
-26 1 -49 0
-59 47 30 0
54 42 -13 0
27 -6 15 0
57 -61 50 0
-52 54 -15 0
-76 3 17 0
-52 27 -17 0
56 2 -18 0
40 -54 -31 0
60 -8 61 0
30 24 36 0
4 -9 26 0
-43 -54 -60 0
-15 16 -7 0
-15 47 25 0
60 -18 17 0
10 75 43 0
80 -78 69 0
23 -19 12 0
25 7 67 0
62 25 31 0
56 -21 -65 0
-7 11 -69 0
-30 76 31 0
4 35 36 0
11 -54 -63 0
4 62 -72 0
-19 1 -80 0
49 -40 -35 0
-28 -55 12 0
18 70 63 0
-71 79 13 0
-60 27 23 0
39 34 64 0
-38 67 61 0
80 54 31 0
53 -76 -64 0
-1 -34 -27 0
-19 11 38 0
-75 -58 73 0
-61 -71 -66 0
69 -47 -72 0
-31 -78 -70 0
79 -5 76 0
-38 78 46 0
-37 -1 -42 0
64 -19 -71 0
49 5 15 0
-13 3 -14 0
35 -28 58 0
-48 32 7 0
33 80 37 0
-39 -42 46 0
69 -9 -71 0
40 -36 -23 0
-25 -53 9 0
-52 -60 62 0
21 -12 49 0
-41 66 18 0
-4 -25 -15 0
-13 76 36 0
-36 25 -78 0
18 33 4 0
-79 24 -17 0
-62 13 -8 0
-20 67 -30 0
26 -39 -70 0
66 54 70 0
59 3 6 0
-2 23 -72 0
64 14 -53 0
-50 -47 -72 0
55 70 75 0
61 18 -68 0
71 73 32 0
73 -24 46 0
7 61 -9 0
60 51 -32 0
24 78 -27 0
20 -1 -30 0
26 78 22 0
61 -23 -65 0
12 -46 -1 0
-63 61 -32 0
-63 -78 -57 0
51 -62 18 0
-53 79 -55 0
-13 1 66 0
-43 33 31 0
-15 49 48 0
64 -76 55 0
62 -60 -79 0
39 -27 16 0
64 -9 11 0
4 59 9 0
68 -28 -38 0
47 -22 30 0
-63 -22 -66 0
42 -25 -4 0
34 -41 -73 0
-71 12 25 0
-30 29 54 0
-46 -18 56 0
32 13 55 0
-66 -58 -39 0
-24 -69 -65 0
55 13 80 0
42 29 -76 0
-28 15 -39 0
47 34 -16 0
-6 54 -28 0
55 -20 68 0
57 -79 71 0
4 -29 -8 0
16 66 10 0
-27 -23 17 0
65 -63 -4 0
68 -57 64 0
-56 -21 1 0
-25 26 58 0
-7 -30 -58 0
65 -51 -4 0
20 -9 -42 0
-29 34 76 0
27 -2 -38 0
-67 73 -50 0
-14 -31 9 0
41 80 24 0
-32 54 -9 0
2 -56 -32 0
-71 52 30 0
49 40 12 0
-56 79 50 0
-77 -46 68 0
1 -43 47 0
-36 4 38 0
-21 77 -64 0
31 57 28 0
-74 -16 7 0
-32 38 -1 0
-31 -53 80 0
-74 -77 26 0
57 9 4 0
54 -23 -28 0
-16 12 6 0
23 59 64 0
-32 -14 -26 0
49 -55 -68 0
-72 -76 -18 0
-12 -79 -17 0
-74 -30 80 0
68 56 41 0
-21 -73 -34 0
-64 -38 45 0
-47 22 46 0
63 3 -11 0
40 29 -62 0
36 -48 73 0
-28 -40 75 0
-36 -61 72 0
-68 18 65 0
-54 40 -23 0
-24 33 -7 0
67 33 -25 0
1 -19 -47 0
11 33 -7 0
55 -3 17 0
4 -54 -23 0
35 43 59 0
67 13 55 0
15 -53 -66 0
-46 39 -2 0
43 -27 5 0
-35 41 78 0
-47 53 -1 0
-44 -46 58 0
-72 69 45 0
23 3 64 0
77 -9 45 0
-15 -31 52 0
-60 12 3 0
-62 -4 23 0
-34 -57 -17 0
-68 -26 2 0
-32 25 70 0
-64 49 -31 0
-70 49 -76 0
47 12 21 0
-33 74 -73 0
42 -72 -4 0
57 -43 -41 0
33 60 -43 0
-33 40 54 0
-44 -73 21 0
6 -21 69 0
8 26 24 0
20 4 45 0
66 14 -22 0
33 20 -55 0
-69 36 -23 0
59 -39 -16 0
68 56 13 0
37 -77 2 0
-78 -74 53 0
-17 9 -18 0
43 29 -41 0
10 76 -78 0
53 30 -72 0
-18 -43 -67 0
-34 1 -39 0
-51 -19 45 0
-69 -76 -58 0
16 -12 32 0
25 -44 15 0
-58 -49 -69 0
-23 -55 -67 0
48 -77 -45 0
67 -71 -69 0
54 -56 -17 0
-48 66 27 0
-10 -34 -72 0
-49 -11 -42 0
-6 -9 -59 0
-30 55 42 0
-5 -21 32 0
77 -30 -51 0
32 66 -30 0
-21 -5 -25 0
-76 62 77 0
-48 70 -60 0
-9 20 -14 0
-10 27 38 0
62 -15 -43 0
57 63 -7 0
-20 -8 26 0
44 -67 80 0
-52 57 16 0
14 52 30 0
13 36 26 0
-80 -45 -41 0
7 -67 5 0
-57 -69 -78 0
44 52 68 0
46 23 -75 0
65 13 -62 0
-78 12 66 0
37 59 -35 0
-31 -21 28 0
-71 -15 -12 0
3 -56 -28 0
68 44 -41 0
-8 -40 -74 0
27 -61 -29 0
8 -33 -39 0
71 -17 -6 0
-76 -58 51 0
-28 45 -61 0
-13 -15 -78 0
-80 -66 39 0
49 48 44 0
22 31 71 0
74 14 12 0
58 20 16 0
-1 -17 -6 0
-40 44 73 0
-43 -23 51 0
27 -16 43 0
50 1 54 0
50 16 -41 0
-8 24 78 0
67 -39 37 0
-12 -27 80 0
-9 -16 -60 0
-55 -41 77 0
47 39 -79 0
37 63 26 0
-38 55 23 0
42 48 -29 0
4 -71 -12 0
-51 8 -43 0
29 -17 79 0
-68 -59 -25 0
-62 26 -65 0
27 -59 33 0
11 -7 -69 0
-21 17 -75 0
-4 -74 33 0
-42 -45 -30 0
43 -73 -4 0
-70 69 -16 0
65 -70 47 0
-55 -58 56 0
-58 -26 70 0
-8 -20 54 0
-35 -70 11 0
34 66 -19 0
61 -34 66 0
27 -5 11 0
-49 -10 -39 0
27 -79 9 0
23 27 -13 0
-8 -75 41 0
52 -16 -50 0
