p 58 247
-1 39 40 0
14 15 -47 0
-24 -16 48 0
24 4 -58 0
37 -36 24 0
15 16 13 0
-9 14 27 0
-53 -30 24 0
-31 -1 -27 0
-17 -49 -26 0
-6 -29 25 0
16 54 -26 0
-28 25 9 0
37 18 -57 0
-13 36 -24 0
15 45 -57 0
-51 -58 28 0
22 31 -10 0
28 -37 20 0
8 1 5 0
-45 -19 5 0
-53 -16 -13 0
-1 -38 16 0
-10 26 -53 0
-52 -58 -21 0
4 -32 -9 0
58 -24 -51 0
24 -10 57 0
-32 -7 57 0
18 28 43 0
1 -6 -58 0
12 57 17 0
-16 56 43 0
-19 56 38 0
35 56 25 0
-50 -36 -57 0
19 20 -23 0
5 43 -6 0
-17 42 43 0
19 -48 -16 0
-40 56 -16 0
45 1 -57 0
40 -39 -32 0
38 -39 -34 0
16 -22 -42 0
-5 30 -3 0
-12 -25 -48 0
50 -36 2 0
20 -58 -21 0
-13 41 -25 0
2 58 -4 0
33 -54 43 0
36 -12 18 0
-15 -21 17 0
-12 -17 46 0
23 -7 15 0
51 -53 -6 0
55 20 -26 0
37 54 10 0
-36 -22 12 0
-33 -16 43 0
28 -54 38 0
39 49 -17 0
-10 -38 -55 0
3 -38 -48 0
-40 35 27 0
4 43 30 0
30 -51 28 0
-2 -19 3 0
-18 -20 -22 0
-49 12 -3 0
46 40 -12 0
-37 -3 29 0
-38 -40 -42 0
44 -11 -30 0
-45 -46 54 0
-23 -47 18 0
1 -31 -2 0
7 2 -45 0
-24 44 -58 0
49 -5 -8 0
-23 2 13 0
53 -21 49 0
7 54 28 0
34 28 20 0
25 -31 -45 0
9 40 19 0
-44 -24 -19 0
-17 -25 39 0
-25 56 -52 0
5 40 29 0
11 -21 4 0
7 19 -26 0
43 6 -28 0
-21 57 -42 0
-51 -16 11 0
-37 1 30 0
9 -14 7 0
-29 -47 -32 0
26 37 -47 0
26 7 -29 0
-29 -22 -45 0
39 33 14 0
37 6 39 0
-7 55 -58 0
-44 -25 -10 0
-58 16 -12 0
46 33 -26 0
-27 -17 28 0
-15 -47 -12 0
-57 -36 -54 0
57 54 19 0
57 -48 3 0
-5 -24 -53 0
32 1 -19 0
48 20 18 0
-4 33 35 0
11 -56 43 0
51 -46 -18 0
11 45 23 0
38 -4 -5 0
-6 21 57 0
1 9 13 0
17 -37 38 0
20 37 -31 0
-15 4 -7 0
24 19 -1 0
-54 -13 23 0
-19 35 50 0
14 -5 2 0
-57 9 -22 0
20 13 -3 0
1 -17 37 0
-36 -46 23 0
-25 -46 57 0
-18 43 54 0
-42 -24 -17 0
-28 -31 54 0
-34 -16 11 0
22 -14 -12 0
56 37 -35 0
-55 15 -24 0
2 -16 -30 0
31 -19 -7 0
46 -6 49 0
-24 -21 -22 0
-45 52 -8 0
-45 37 54 0
8 -57 -13 0
-47 -7 4 0
30 -51 43 0
-39 24 29 0
49 -52 -15 0
-45 -58 5 0
-41 -26 -31 0
-10 -41 6 0
32 -26 -40 0
-8 50 -10 0
4 -58 -45 0
51 58 15 0
-17 -25 19 0
-35 -42 -48 0
-27 -30 53 0
30 23 -54 0
-43 27 7 0
25 47 38 0
-48 -3 6 0
-25 -33 50 0
21 43 20 0
-37 7 -35 0
-3 35 44 0
15 36 56 0
-37 -14 -2 0
-31 3 -37 0
22 -8 58 0
6 -58 -41 0
-20 -7 1 0
-30 -42 6 0
5 22 -34 0
53 26 -15 0
-30 -27 24 0
26 46 40 0
24 9 16 0
15 22 -20 0
15 37 -2 0
-27 4 24 0
51 -1 -45 0
-20 -19 1 0
-49 -58 -25 0
-14 8 -27 0
-4 40 -54 0
17 52 43 0
-54 -7 17 0
54 1 26 0
5 -38 -13 0
-36 39 14 0
56 23 33 0
-46 -54 -11 0
36 19 23 0
-30 10 -19 0
9 -31 37 0
30 -29 -11 0
15 42 17 0
52 17 -30 0
-24 37 -55 0
-57 -35 -36 0
-49 8 -39 0
-44 4 -14 0
-26 8 28 0
-24 -58 32 0
-51 -35 -23 0
16 22 4 0
-5 -50 -52 0
6 1 -44 0
21 -11 -53 0
-39 30 32 0
-15 -11 -50 0
40 -38 56 0
-43 3 -17 0
21 -7 22 0
32 49 3 0
-17 31 -24 0
20 47 -26 0
52 -15 -14 0
11 -47 -49 0
32 -24 8 0
-52 28 -18 0
-15 34 -41 0
-25 -32 31 0
29 14 11 0
9 -13 5 0
26 21 -36 0
-6 14 -50 0
46 21 51 0
-15 -3 -10 0
3 -1 -11 0
-33 32 50 0
-26 2 -43 0
-48 -22 2 0
15 9 14 0
48 -54 15 0
10 1 -21 0
51 -19 4 0
58 44 -51 0
-40 53 34 0
4 52 54 0
-1 -31 56 0
