p 73 310
-68 20 -60 0
-28 -23 26 0
-12 -34 -13 0
5 2 63 0
-5 -7 51 0
-23 26 -15 0
-72 58 -46 0
42 30 -60 0
-60 57 -25 0
7 -18 -20 0
37 43 46 0
35 58 69 0
-64 -6 21 0
68 -32 -16 0
-37 69 25 0
-19 -4 -10 0
-33 67 27 0
23 31 62 0
-24 -50 -13 0
-17 15 19 0
-11 12 -21 0
42 -66 47 0
-61 64 -26 0
37 -25 19 0
-22 47 12 0
-42 -25 29 0
-71 -65 -48 0
-51 -19 -69 0
21 23 -29 0
16 42 -18 0
35 -2 65 0
54 51 49 0
-8 64 -38 0
-56 -20 -65 0
12 42 -43 0
11 30 -56 0
33 -25 21 0
-68 -55 5 0
59 -13 18 0
-44 -39 -51 0
38 4 22 0
4 68 9 0
8 -38 4 0
-66 15 21 0
-39 -26 -54 0
72 56 -34 0
33 63 41 0
-18 -38 31 0
-65 -42 -2 0
64 -58 49 0
36 -47 -58 0
43 -66 35 0
-9 46 55 0
-9 52 -12 0
9 -27 29 0
-35 -64 -21 0
-1 65 -60 0
28 -67 35 0
-33 6 -73 0
-31 -36 40 0
-57 -16 50 0
43 30 -62 0
53 -3 19 0
-6 54 16 0
63 -35 -37 0
59 18 30 0
-22 -45 37 0
-14 -70 62 0
-28 36 72 0
-8 -1 44 0
-73 17 54 0
-5 -33 46 0
53 49 1 0
-13 -32 59 0
69 -43 -50 0
-65 21 18 0
26 -52 28 0
-66 72 17 0
-44 3 -50 0
-72 -53 1 0
-16 -32 36 0
11 5 1 0
-47 -32 52 0
-45 -14 40 0
-33 27 -11 0
-49 19 10 0
41 25 46 0
6 -23 -37 0
-33 -26 50 0
-21 48 12 0
65 13 39 0
-37 50 -61 0
-22 -6 -36 0
-33 57 -1 0
-71 -47 -4 0
-33 53 52 0
35 -66 -69 0
24 68 -71 0
37 59 67 0
-69 30 -59 0
-71 2 11 0
-5 -7 59 0
57 -46 9 0
-60 -53 -54 0
-65 60 39 0
32 17 -10 0
40 -68 14 0
-73 52 13 0
31 28 -51 0
5 -12 -33 0
-67 59 -41 0
54 63 59 0
52 11 -33 0
20 -7 -51 0
53 -21 -14 0
-68 13 53 0
9 50 62 0
60 -52 -32 0
-25 5 -7 0
65 45 68 0
39 19 66 0
-65 -70 -56 0
-41 4 39 0
22 -30 57 0
-30 -24 -53 0
-44 -21 -22 0
23 -27 57 0
-2 -25 11 0
15 4 14 0
-14 53 16 0
-62 -7 -39 0
54 14 48 0
-22 66 -6 0
27 -11 71 0
31 67 -69 0
-46 -69 -34 0
66 65 -14 0
-66 62 61 0
73 71 62 0
-2 -24 4 0
-33 -40 42 0
26 -46 -30 0
71 5 23 0
-2 -58 46 0
6 -17 1 0
-48 -38 -32 0
6 32 4 0
31 41 -53 0
-60 19 -53 0
47 -41 -33 0
47 23 -55 0
16 72 -39 0
8 21 66 0
-58 38 29 0
-21 13 -62 0
18 -36 -10 0
-48 19 67 0
69 66 1 0
2 65 36 0
-52 45 25 0
27 5 -40 0
-38 -69 -24 0
54 -14 41 0
-16 -9 -43 0
46 -20 -23 0
-11 34 26 0
62 -48 66 0
33 -6 -14 0
26 -12 27 0
-6 27 -26 0
-4 59 66 0
16 -15 55 0
-28 -67 -38 0
-27 -6 -66 0
26 -52 22 0
-39 73 50 0
-13 -17 44 0
-23 -32 -25 0
-22 56 -20 0
68 -3 -62 0
-70 61 -37 0
-63 -34 8 0
-26 -50 -24 0
-49 -4 -9 0
-50 -61 -37 0
46 48 2 0
54 2 31 0
45 65 -67 0
61 -15 -6 0
61 5 2 0
27 36 -62 0
-41 11 -21 0
11 -45 -39 0
55 69 -45 0
-1 -6 69 0
15 64 -56 0
-69 20 -14 0
-56 -11 2 0
38 -7 39 0
-54 -46 -28 0
33 -8 2 0
-42 -18 -53 0
-9 -4 -17 0
-33 -43 11 0
-18 -67 19 0
43 -4 12 0
-20 23 -36 0
32 -40 -11 0
67 42 -11 0
-5 20 -9 0
33 20 -52 0
-37 38 66 0
-12 -66 -7 0
-18 72 42 0
-33 64 54 0
17 -11 -65 0
-34 -47 61 0
51 -53 -17 0
41 46 -51 0
58 42 5 0
-29 -62 -1 0
55 48 -9 0
70 -15 36 0
-17 48 -9 0
-15 -62 32 0
-72 -32 -56 0
-1 -24 -17 0
-32 -50 -65 0
52 -72 42 0
-54 -9 19 0
53 -4 32 0
-36 25 4 0
-60 49 37 0
-41 -39 6 0
-57 -73 -50 0
17 58 9 0
69 -65 13 0
-65 42 46 0
-10 -37 -4 0
-27 -36 -59 0
-22 -35 11 0
41 -17 -43 0
18 56 26 0
34 51 70 0
19 60 -13 0
38 35 25 0
-57 -27 49 0
-71 38 -31 0
10 -9 -60 0
67 47 -53 0
10 68 64 0
71 12 -19 0
-13 -70 60 0
71 16 -11 0
-70 71 16 0
-57 43 -41 0
55 28 7 0
-54 -15 -59 0
-72 -4 -18 0
42 58 -20 0
69 4 25 0
68 46 -26 0
64 -22 -39 0
20 -32 10 0
-22 -53 49 0
-6 -29 -3 0
70 -58 23 0
-65 -24 48 0
20 -52 -58 0
71 -73 -37 0
6 69 -72 0
-15 -28 -4 0
-68 16 62 0
-26 -13 47 0
-43 42 -44 0
15 16 -19 0
-11 -73 5 0
59 -25 69 0
-65 40 -18 0
-61 -66 -12 0
-47 38 -14 0
-48 -70 -55 0
-57 -30 -69 0
30 -3 1 0
40 7 -29 0
-8 29 -32 0
-33 -73 -36 0
-51 21 71 0
34 -20 7 0
3 -72 38 0
47 17 15 0
49 1 18 0
21 18 -3 0
-24 -43 -13 0
32 -36 -66 0
-64 20 65 0
-18 16 40 0
-5 -28 14 0
58 -12 -49 0
-59 64 -6 0
-47 8 35 0
42 65 -70 0
61 -11 9 0
-64 1 -24 0
37 50 -65 0
8 -36 -18 0
-47 -18 63 0
21 -20 54 0
-33 42 49 0
36 -15 -34 0
