p 14 59
2 14 -3 0
8 -4 -5 0
-12 9 8 0
-9 -6 5 0
8 1 9 0
-12 1 8 0
6 -12 11 0
-6 3 -8 0
8 13 -9 0
13 11 -5 0
8 -5 -1 0
-13 8 3 0
12 -10 8 0
-5 8 -13 0
11 -5 -14 0
-11 -5 -14 0
-7 -2 -4 0
-13 -12 11 0
-6 2 -1 0
5 13 6 0
-10 -7 -4 0
12 -7 8 0
10 -3 -5 0
12 -8 -3 0
-3 -2 -12 0
7 -6 -11 0
-1 5 8 0
-1 -14 10 0
-8 -14 9 0
-6 13 8 0
6 -3 -1 0
-10 -4 -12 0
-3 4 -13 0
-12 6 4 0
3 -9 14 0
2 -7 -13 0
5 -12 -10 0
14 -13 -2 0
9 -7 13 0
-2 1 -8 0
6 -13 -12 0
10 -7 2 0
11 12 -8 0
11 -10 4 0
-2 14 -9 0
-1 4 -3 0
2 5 1 0
-9 10 -12 0
-12 9 -4 0
-8 -14 9 0
-13 -7 -3 0
14 9 -5 0
5 -14 3 0
-8 -14 -6 0
13 11 9 0
-13 -10 -4 0
-8 -10 12 0
-2 8 -6 0
12 -14 3 0
