p 91 387
66 -64 -24 0
38 -53 20 0
52 45 -7 0
85 75 -13 0
-76 -86 -8 0
37 -29 -11 0
71 3 -5 0
31 -88 57 0
78 66 83 0
44 61 -28 0
74 90 -50 0
52 -28 35 0
-16 -25 26 0
-8 -54 -89 0
-20 -67 71 0
-31 -56 54 0
-18 36 -63 0
41 80 42 0
55 -6 34 0
11 -69 1 0
-33 -81 -87 0
1 -57 -20 0
12 29 -27 0
44 23 -74 0
-61 1 -82 0
37 26 49 0
-19 51 -32 0
-86 -21 -15 0
-1 -28 -21 0
-41 -55 43 0
-45 -7 86 0
79 -57 -8 0
-61 -2 78 0
70 -73 83 0
-67 26 75 0
-46 77 -37 0
68 -35 41 0
-14 34 -54 0
75 -46 22 0
20 57 -83 0
41 -42 67 0
-46 -40 -36 0
52 69 38 0
23 26 38 0
70 -36 1 0
-54 -87 -67 0
64 83 -23 0
15 31 -7 0
-44 30 5 0
-86 -77 37 0
89 44 -32 0
-12 -17 -72 0
70 57 37 0
79 -39 -6 0
10 53 -87 0
-39 -44 -10 0
-16 80 -53 0
-88 -38 -79 0
-86 -48 -19 0
-66 -17 -31 0
-4 -40 63 0
57 -87 67 0
21 64 9 0
-79 -51 -59 0
-31 78 14 0
-33 86 -12 0
-58 56 82 0
-79 7 82 0
49 -61 -68 0
-49 28 -64 0
16 -41 -3 0
-36 27 -77 0
-80 -85 54 0
-71 54 26 0
-44 -43 -16 0
50 -28 12 0
-9 40 -12 0
1 32 -35 0
73 82 -56 0
-34 -16 87 0
32 83 84 0
58 3 -69 0
-55 21 -28 0
81 -88 51 0
-77 55 75 0
47 -34 -86 0
-7 -60 -48 0
91 -45 61 0
72 -63 -85 0
32 -35 -38 0
-22 23 40 0
-17 -56 -37 0
90 -18 -75 0
-32 81 25 0
29 13 -57 0
81 4 56 0
-49 54 -91 0
59 -62 34 0
44 -72 30 0
-37 -69 -18 0
-88 35 -50 0
-85 -56 33 0
-78 87 61 0
-32 -40 -75 0
-11 72 -7 0
75 -30 21 0
50 21 69 0
83 64 24 0
-86 -31 -78 0
-66 -28 79 0
-70 -35 -9 0
-75 8 -88 0
-61 -70 83 0
-75 -68 -5 0
52 14 -81 0
10 83 -22 0
7 19 -45 0
-31 -89 81 0
-55 -81 19 0
25 27 -67 0
-1 27 37 0
-23 19 2 0
-54 68 80 0
-27 -60 -62 0
-8 -19 73 0
7 -34 -69 0
-6 -14 -47 0
-66 62 41 0
75 84 -10 0
25 -6 35 0
-87 -64 -15 0
-1 -60 -35 0
-3 47 -56 0
80 -26 5 0
46 -54 -2 0
63 68 -75 0
-88 -21 73 0
4 70 1 0
2 54 -48 0
-88 85 -12 0
-44 -63 -65 0
-48 -89 -56 0
59 16 90 0
-3 68 61 0
1 76 -50 0
-16 23 -84 0
-20 44 -18 0
-71 43 -2 0
-9 22 -4 0
-7 2 54 0
34 37 77 0
-86 5 -60 0
-40 8 63 0
58 83 -2 0
-29 -78 43 0
-33 -2 70 0
21 74 -45 0
-88 -64 -71 0
49 -72 -12 0
31 -30 77 0
-36 -65 37 0
35 -74 55 0
-8 65 -11 0
82 -84 37 0
-57 62 79 0
-81 14 84 0
-87 40 -91 0
30 17 -58 0
77 -44 83 0
33 -37 -9 0
15 42 30 0
-32 -79 83 0
-85 -46 -32 0
25 44 30 0
12 29 76 0
-69 -80 89 0
30 -51 72 0
82 -58 81 0
-18 91 -6 0
7 -9 56 0
-53 1 59 0
39 29 61 0
71 61 75 0
-45 -25 -56 0
47 -6 25 0
-24 86 64 0
34 44 59 0
-48 43 -45 0
-7 -90 42 0
51 -26 81 0
-45 47 -85 0
-17 22 62 0
17 -30 -22 0
1 -34 -90 0
2 -37 -41 0
30 -49 -78 0
-51 -73 -62 0
5 14 32 0
40 76 1 0
19 -3 -85 0
86 -52 53 0
-85 55 -15 0
-25 88 80 0
-58 27 15 0
54 42 -52 0
41 -20 54 0
14 44 12 0
39 -86 90 0
7 10 58 0
1 -51 -45 0
90 75 62 0
75 -25 -52 0
-7 -44 82 0
-16 43 53 0
3 -87 -24 0
42 -11 -62 0
19 -67 73 0
2 59 43 0
-64 7 -91 0
61 73 -34 0
-21 44 -80 0
-48 -91 35 0
-8 46 59 0
-45 15 -78 0
-87 30 1 0
56 36 81 0
-58 46 -43 0
-38 28 -37 0
-77 -32 44 0
91 26 -80 0
-76 -5 84 0
-53 -59 -65 0
-63 -34 -4 0
-46 77 45 0
-43 15 68 0
31 -13 75 0
5 -35 -2 0
9 73 -80 0
-91 -24 22 0
24 -18 11 0
-73 -17 69 0
-73 -19 81 0
-66 50 70 0
9 33 67 0
-41 -55 56 0
2 13 -25 0
54 76 -47 0
13 86 39 0
78 -57 76 0
-21 49 30 0
33 71 6 0
-66 73 38 0
74 47 -60 0
-84 -33 -29 0
76 81 15 0
-53 -10 32 0
-91 77 -72 0
-40 -22 26 0
20 30 42 0
-75 -21 11 0
-77 22 16 0
-17 -59 -53 0
19 -50 88 0
45 68 79 0
26 70 -6 0
21 -39 -63 0
66 -30 -62 0
-9 10 18 0
71 -1 -42 0
15 -41 -60 0
67 -56 -81 0
-13 -70 72 0
-2 -76 25 0
-20 85 61 0
-75 -71 -54 0
54 -43 82 0
26 -4 -54 0
-47 27 -90 0
-24 14 42 0
-67 -17 -73 0
-85 71 81 0
48 28 63 0
-48 87 -62 0
35 49 72 0
64 -56 -44 0
-13 49 -23 0
-64 -3 -2 0
10 -71 -76 0
-17 -9 19 0
-89 -33 -11 0
46 -67 90 0
-56 72 37 0
-30 -16 50 0
-47 33 78 0
21 26 16 0
67 -3 83 0
-68 -42 -57 0
-51 -14 65 0
-59 56 -6 0
50 45 -20 0
45 -63 -23 0
-1 6 80 0
-48 30 -61 0
12 20 -5 0
-35 85 16 0
74 -18 -41 0
-32 69 44 0
-89 3 -29 0
66 20 84 0
-6 -29 -13 0
90 -67 -71 0
-23 53 -68 0
78 71 64 0
-91 -1 -6 0
43 -64 -52 0
8 65 26 0
3 -81 -86 0
-62 -32 77 0
12 -66 68 0
-38 -56 -77 0
20 30 -31 0
74 -8 80 0
87 -50 -32 0
-89 44 77 0
-14 50 -3 0
12 -29 -33 0
64 -30 35 0
4 -70 46 0
-60 6 -45 0
15 47 49 0
-2 55 -69 0
-84 -81 -51 0
66 36 8 0
42 -31 -81 0
46 -37 59 0
-88 -51 14 0
83 16 -78 0
57 6 -70 0
-9 6 -14 0
52 -69 -54 0
22 25 6 0
-41 70 -4 0
-44 56 51 0
85 34 -79 0
-57 38 -55 0
-28 24 -1 0
-26 -38 -35 0
41 14 49 0
91 81 -22 0
-69 3 62 0
51 -58 -40 0
69 -42 -54 0
-44 -39 50 0
48 -62 37 0
-35 90 -11 0
91 -38 -79 0
-64 -55 -14 0
-84 59 -65 0
-45 -83 74 0
-58 -10 47 0
30 4 66 0
13 -33 -64 0
-39 59 -61 0
-53 31 50 0
88 61 -86 0
40 -66 -11 0
2 -25 7 0
-81 -7 -39 0
57 82 48 0
-30 -14 -29 0
-64 55 3 0
79 85 -55 0
-69 53 -67 0
67 27 -26 0
6 23 7 0
12 80 62 0
-64 -61 25 0
-79 -19 86 0
47 29 -48 0
20 -39 26 0
-66 -28 81 0
66 70 -33 0
79 36 41 0
-67 56 86 0
27 -67 -78 0
-44 -74 -16 0
-68 78 -87 0
