p 21 89
-10 5 16 0
-11 -15 -14 0
2 -19 -7 0
9 14 12 0
1 13 16 0
11 10 -8 0
-4 -16 6 0
-7 -8 17 0
-14 6 4 0
20 18 3 0
18 20 7 0
-3 -6 14 0
-20 -15 -5 0
-20 -19 14 0
-5 -1 -14 0
-7 -20 -9 0
-10 11 16 0
17 -16 10 0
5 21 -20 0
17 11 5 0
1 19 -8 0
-7 -18 16 0
7 -6 12 0
2 -9 4 0
14 -7 4 0
-16 -20 -11 0
-14 5 -12 0
7 20 3 0
17 13 -10 0
-21 12 -10 0
-21 11 -10 0
-1 -7 4 0
17 -9 2 0
-6 7 4 0
16 1 13 0
-1 20 -8 0
11 19 21 0
17 -13 11 0
5 -17 20 0
9 4 5 0
17 -8 -6 0
17 16 -14 0
-7 -3 -1 0
3 -16 18 0
13 -3 -5 0
3 14 -13 0
-13 -12 5 0
-9 19 10 0
5 -11 19 0
-19 -11 -20 0
-19 -3 -20 0
-2 -9 -21 0
-19 -17 -11 0
-12 2 17 0
-18 -1 -16 0
-19 13 9 0
-5 21 -15 0
-17 18 -7 0
1 17 -21 0
3 12 7 0
7 -12 -14 0
-15 12 -18 0
-20 11 12 0
-13 17 -9 0
-1 4 -16 0
-9 8 11 0
-11 -6 7 0
19 -13 4 0
-8 9 1 0
-1 4 20 0
-4 11 -3 0
11 6 -14 0
17 19 -11 0
20 -14 4 0
8 -12 16 0
-14 17 1 0
-13 6 7 0
-7 -3 -18 0
-8 -7 -20 0
21 11 4 0
13 19 -18 0
3 5 -1 0
10 12 21 0
2 4 -7 0
-8 -2 -11 0
-17 -3 -16 0
5 11 -6 0
-18 19 13 0
-6 14 -7 0
