p 95 404
51 73 -72 0
73 43 -54 0
-53 47 9 0
61 20 26 0
20 91 26 0
11 -51 66 0
39 -31 7 0
8 -81 65 0
35 -78 -90 0
-94 -83 89 0
83 11 -65 0
-8 76 21 0
-6 80 22 0
-76 -42 39 0
52 53 79 0
95 89 -56 0
94 -84 -66 0
59 2 70 0
-89 76 -43 0
-68 57 43 0
16 -25 -56 0
36 61 -57 0
-27 36 58 0
14 40 -61 0
-51 82 -68 0
60 68 -53 0
-6 5 -17 0
-50 51 11 0
61 -31 -46 0
72 44 -38 0
87 2 -90 0
-33 -7 -50 0
-57 -27 -12 0
-45 20 83 0
58 -21 17 0
-37 86 -56 0
41 -58 -60 0
7 -47 32 0
90 -31 -64 0
-25 -73 33 0
-68 53 -25 0
-10 -40 92 0
-27 51 -34 0
41 48 -57 0
-37 -56 26 0
65 -62 -47 0
-31 80 -17 0
48 39 41 0
-12 -31 29 0
-40 -75 28 0
95 93 14 0
-5 40 -44 0
22 54 -93 0
72 89 18 0
39 11 -72 0
87 38 -54 0
-44 -17 66 0
-72 -56 -59 0
-69 -3 -41 0
32 -86 23 0
38 12 -16 0
-9 87 74 0
-75 -40 55 0
7 -72 14 0
-53 25 64 0
-42 -89 35 0
25 -76 -26 0
-21 42 -61 0
-25 -77 50 0
-28 55 93 0
-9 -44 -30 0
-11 8 -56 0
-89 -51 56 0
-38 90 10 0
29 22 -42 0
-20 -13 -45 0
39 -90 -46 0
-46 -81 94 0
-44 49 -13 0
27 -50 19 0
44 -42 15 0
23 -30 20 0
-49 9 17 0
-64 -70 73 0
-36 -25 -17 0
36 -75 22 0
58 -16 13 0
-50 -51 -62 0
51 89 -54 0
-11 -33 -37 0
38 -19 -68 0
-54 -59 -74 0
-37 3 -51 0
36 77 -45 0
-87 55 43 0
86 24 -7 0
-70 60 -24 0
-79 -93 -2 0
62 46 -68 0
40 91 -23 0
-42 73 -25 0
16 -71 22 0
-77 -17 -10 0
15 -10 -70 0
-7 41 38 0
18 -82 6 0
9 -74 -10 0
-88 40 15 0
88 1 41 0
-17 56 20 0
-46 -63 -84 0
-41 -30 -58 0
58 -66 76 0
-89 85 -10 0
91 21 -8 0
-88 49 80 0
-59 30 -67 0
19 -61 -67 0
-55 -65 63 0
18 30 43 0
-90 -94 33 0
-46 38 28 0
-89 -2 57 0
72 -35 71 0
46 -22 89 0
-86 93 -19 0
79 -95 -10 0
-50 14 -67 0
-80 60 34 0
50 31 40 0
-95 77 71 0
-85 -13 15 0
88 -21 17 0
83 -1 -6 0
35 32 7 0
17 -82 14 0
-4 -9 -50 0
-70 -30 38 0
-49 52 50 0
-31 28 78 0
50 -56 -25 0
-60 79 8 0
-87 -39 1 0
57 75 -10 0
-44 -50 87 0
49 84 -90 0
-51 70 -32 0
33 -25 73 0
46 -17 -89 0
-14 61 28 0
-50 -12 -73 0
-76 91 83 0
-83 -37 78 0
-19 -54 68 0
-68 -2 46 0
72 43 -86 0
17 -69 29 0
-23 87 24 0
17 90 -94 0
85 12 -49 0
93 66 -15 0
47 -75 79 0
6 -70 63 0
-5 -82 -87 0
-16 92 39 0
-95 -49 -22 0
26 79 6 0
81 -88 -3 0
51 4 2 0
58 -41 9 0
59 -37 -61 0
81 60 24 0
-16 76 10 0
-50 -16 4 0
11 -80 23 0
-81 -42 -23 0
-6 -3 95 0
-56 44 -47 0
20 -24 77 0
-31 62 1 0
42 -14 26 0
-34 88 69 0
-14 47 -93 0
95 -33 40 0
8 -53 48 0
44 81 -26 0
85 37 57 0
59 -66 43 0
-12 -21 -46 0
-20 -87 63 0
37 1 -5 0
-74 -60 -29 0
-62 -30 52 0
36 85 -48 0
-68 -47 -75 0
-93 -39 -18 0
-1 -88 -43 0
-10 91 -71 0
64 -44 77 0
-84 5 -75 0
-51 -88 -31 0
-68 51 -94 0
-24 -34 -94 0
-73 48 -3 0
-75 56 88 0
30 18 -15 0
60 19 -70 0
78 51 3 0
78 45 -42 0
-32 -73 -86 0
-52 -34 -57 0
-92 -55 -67 0
-66 -54 -9 0
46 82 -20 0
-57 11 67 0
90 -77 -95 0
23 -7 -20 0
41 56 25 0
95 93 72 0
-65 35 76 0
24 6 -71 0
12 62 55 0
92 78 -54 0
-7 51 -61 0
62 -37 65 0
-55 -76 71 0
91 -48 -83 0
63 -6 62 0
-65 30 94 0
-9 26 60 0
49 69 75 0
82 4 29 0
-46 -16 61 0
81 35 44 0
-43 17 -12 0
-74 14 -84 0
23 53 66 0
-70 32 23 0
50 2 -72 0
-16 30 -48 0
-27 -40 46 0
-84 -1 -31 0
-3 -78 41 0
73 -7 -76 0
-60 70 38 0
-28 22 69 0
4 64 -23 0
43 -36 6 0
64 -6 -33 0
-63 -28 -37 0
-7 23 -93 0
86 -95 -91 0
-80 -19 -25 0
-34 55 32 0
83 -5 -3 0
-11 1 29 0
-67 -80 -24 0
63 30 70 0
-36 -57 -8 0
18 31 -66 0
-56 -41 -95 0
-53 -95 -39 0
-54 84 -1 0
-25 -2 -72 0
86 -65 18 0
57 -31 -91 0
85 57 46 0
71 8 -91 0
65 -20 29 0
-73 -78 -79 0
1 -46 -23 0
-26 91 37 0
-46 -40 23 0
89 56 66 0
3 -63 -43 0
46 -21 -30 0
-66 60 80 0
70 47 55 0
-62 -36 45 0
-63 -54 -20 0
24 -39 -49 0
6 -1 10 0
-60 31 -71 0
-87 -47 -69 0
-57 64 -36 0
-43 -53 -48 0
15 -50 86 0
-29 63 89 0
62 75 -68 0
-9 41 30 0
65 80 22 0
41 -60 71 0
83 8 -28 0
-71 -77 18 0
-55 33 15 0
36 24 -95 0
53 36 30 0
48 42 71 0
-59 -16 3 0
-10 84 -12 0
3 74 79 0
-77 18 17 0
-57 -18 -21 0
90 -84 13 0
-28 -6 -84 0
-53 -71 69 0
66 21 -43 0
77 16 38 0
77 -49 55 0
57 -11 7 0
38 11 -72 0
91 -27 22 0
59 -8 95 0
-6 74 49 0
-5 1 -72 0
69 -59 27 0
-10 -42 -28 0
-95 27 -43 0
-86 72 -15 0
12 -20 -75 0
35 -3 63 0
88 -77 79 0
11 -58 5 0
89 24 38 0
-29 -19 34 0
43 -24 31 0
-16 -8 -78 0
67 -40 90 0
27 46 28 0
-47 84 55 0
5 69 21 0
-21 -64 84 0
-50 19 -34 0
-90 -19 10 0
-13 12 57 0
-71 62 -14 0
-9 -81 65 0
24 93 -42 0
-31 85 83 0
-26 12 27 0
-53 27 38 0
25 -58 -78 0
-24 38 32 0
14 -74 -73 0
29 45 92 0
-72 45 46 0
38 -77 31 0
37 74 -38 0
52 -40 -92 0
-3 57 40 0
59 49 29 0
27 -28 -17 0
-23 -3 68 0
33 17 -27 0
33 50 -31 0
71 4 50 0
-88 26 -66 0
-58 -3 -63 0
-66 -71 -77 0
55 -92 -35 0
86 75 -52 0
31 -53 18 0
89 -67 -49 0
59 -6 -37 0
-47 -21 8 0
42 35 32 0
6 39 37 0
13 -6 8 0
-65 36 -89 0
15 81 -34 0
90 92 -17 0
-18 72 -3 0
-40 41 -45 0
71 76 80 0
6 -63 69 0
-29 -63 -51 0
-93 -82 -35 0
-81 -67 30 0
17 -64 -46 0
-63 13 75 0
-55 38 61 0
-49 -79 -69 0
27 -10 -55 0
88 59 -47 0
55 -33 -2 0
-1 33 22 0
-63 61 51 0
65 -15 -85 0
35 -54 29 0
33 -46 19 0
54 -14 -85 0
-46 -75 73 0
49 -7 77 0
65 12 32 0
-44 81 -30 0
-25 71 37 0
-36 -25 37 0
92 -68 -33 0
-62 36 82 0
62 82 36 0
-30 -8 -27 0
-20 -93 1 0
-83 23 39 0
89 -19 -48 0
