p 12 51
9 5 -11 0
5 11 -12 0
4 7 -2 0
5 -9 10 0
10 -3 -2 0
3 -11 8 0
12 5 10 0
-12 -9 3 0
-7 3 11 0
-2 -5 -4 0
-3 5 -4 0
-9 -7 -12 0
-2 12 -5 0
4 -2 -1 0
-4 -2 7 0
5 6 4 0
-5 -10 -6 0
-8 6 1 0
12 8 3 0
5 -11 4 0
1 -2 12 0
-1 -12 -6 0
10 8 -4 0
-4 -7 2 0
2 10 -12 0
-12 -10 -11 0
-6 7 -3 0
1 11 9 0
8 1 -5 0
-8 11 6 0
-7 5 2 0
-12 4 -11 0
-8 2 -3 0
1 6 -11 0
5 -12 -8 0
11 -6 1 0
10 -5 -8 0
-1 4 8 0
-3 10 11 0
2 -10 4 0
1 -6 4 0
11 5 -3 0
-5 -12 3 0
6 4 -11 0
-8 -2 6 0
10 -9 12 0
-10 1 -5 0
-4 -6 -12 0
-5 12 -4 0
-4 6 -12 0
5 -7 -9 0
