p 77 328
-75 -34 45 0
-48 28 64 0
-77 -67 75 0
18 45 -75 0
-9 41 -72 0
-6 66 10 0
10 48 7 0
-10 -69 -67 0
-60 42 48 0
-63 -60 22 0
23 62 -22 0
-59 -67 21 0
-44 45 7 0
22 -53 39 0
5 -49 27 0
27 15 -26 0
76 39 20 0
77 -19 75 0
-66 -31 -51 0
-70 -67 -12 0
44 70 -23 0
-16 -11 -13 0
58 -46 71 0
67 -8 -12 0
-75 -17 12 0
72 45 -41 0
29 -44 -21 0
17 20 1 0
-62 30 -55 0
-36 18 -69 0
-14 -36 -37 0
2 -54 -39 0
-50 -52 -24 0
38 -69 -35 0
-13 62 -71 0
-77 56 -51 0
32 27 47 0
-44 -2 6 0
12 -71 18 0
66 70 -51 0
72 -40 71 0
-15 -74 -12 0
-3 48 -66 0
46 3 -63 0
-68 -24 -26 0
-24 8 1 0
45 -61 -38 0
-61 -46 -27 0
26 34 -2 0
-5 -10 76 0
6 18 -75 0
-28 -64 38 0
27 -25 5 0
-62 -35 14 0
33 58 -70 0
16 -24 45 0
-42 -21 -51 0
1 66 4 0
50 12 10 0
-53 57 27 0
-23 -52 49 0
8 -19 -10 0
-51 11 -5 0
-33 -34 -56 0
48 23 53 0
38 -13 -50 0
47 74 -39 0
59 64 49 0
-57 -49 73 0
-12 9 37 0
-12 -76 31 0
-21 40 -71 0
-58 -20 -76 0
-36 -14 2 0
-75 1 40 0
-66 61 7 0
15 77 72 0
-30 29 -13 0
25 -8 -19 0
-45 55 50 0
-11 28 -2 0
-2 -51 60 0
56 41 15 0
-51 4 -30 0
39 48 -12 0
33 -16 3 0
-53 -18 54 0
54 21 -5 0
-11 -25 -49 0
-54 -28 33 0
-30 -11 -47 0
-12 -38 4 0
7 2 31 0
-12 -30 25 0
-17 39 -7 0
-77 9 -29 0
36 67 -14 0
-6 -71 -70 0
24 60 -32 0
-28 -8 -47 0
72 75 54 0
-68 -36 11 0
-7 -49 -73 0
-21 26 39 0
-63 30 4 0
-27 -47 -1 0
-13 31 -63 0
-76 14 61 0
9 -32 73 0
-70 22 32 0
-7 -35 32 0
29 -55 18 0
-20 76 58 0
2 18 -76 0
19 35 43 0
69 2 -6 0
-3 -26 -57 0
-76 62 -7 0
-10 -69 -31 0
59 61 -58 0
-52 61 -72 0
1 -7 18 0
44 66 -48 0
25 -9 -73 0
-62 -29 24 0
54 18 6 0
68 43 -54 0
-76 -1 64 0
51 -13 -37 0
44 -42 -3 0
32 -21 -47 0
-7 57 -37 0
54 -43 -62 0
-71 57 46 0
25 -31 46 0
-22 -67 -61 0
56 44 -7 0
40 27 28 0
69 58 56 0
36 -72 33 0
-69 3 -67 0
68 71 73 0
28 -35 73 0
35 -36 -38 0
-21 20 34 0
-13 -23 67 0
-70 -28 5 0
65 -56 30 0
45 74 19 0
-60 -74 -66 0
55 70 50 0
-48 -40 26 0
64 -11 59 0
-35 45 -40 0
-42 61 -31 0
-10 20 -53 0
-28 -19 -16 0
17 30 76 0
23 46 -57 0
-46 5 -6 0
-12 46 68 0
-11 63 59 0
64 -13 23 0
-75 -65 -56 0
-55 50 58 0
64 -59 -16 0
-37 -46 1 0
-45 -3 56 0
-43 -45 57 0
57 60 -19 0
-5 -54 15 0
-36 52 -29 0
-2 60 -20 0
-7 35 -75 0
59 -32 19 0
24 48 70 0
-59 20 55 0
6 -73 20 0
-36 -46 -53 0
68 29 37 0
11 72 40 0
52 -74 59 0
-74 -41 37 0
9 35 5 0
-61 -5 -47 0
37 39 -56 0
-54 -68 52 0
-60 22 31 0
-67 71 56 0
-52 31 26 0
12 -6 36 0
-35 -61 67 0
42 -56 76 0
-25 -15 -43 0
-11 49 -32 0
75 22 12 0
1 33 52 0
-73 -69 -31 0
58 26 -34 0
68 -59 -47 0
33 -23 -53 0
15 58 72 0
-67 6 -27 0
40 71 29 0
-12 -57 43 0
-31 -28 67 0
18 -46 -65 0
41 63 -69 0
-38 -8 -19 0
48 -15 66 0
-72 9 -48 0
-21 -71 46 0
-27 13 40 0
-20 -69 -49 0
-28 76 55 0
-47 -4 73 0
-2 -22 26 0
-75 -42 31 0
-58 24 -8 0
68 -75 -47 0
-44 9 50 0
-56 -25 -58 0
49 47 5 0
41 -21 14 0
44 1 3 0
-63 25 -21 0
53 -56 64 0
35 7 2 0
32 33 -53 0
-56 46 -70 0
-7 32 52 0
62 -61 50 0
-37 -8 43 0
43 12 -41 0
7 -44 10 0
-11 -6 29 0
42 -16 -54 0
-51 -7 57 0
46 54 24 0
15 31 -77 0
-69 -30 28 0
-19 11 -15 0
-27 42 -67 0
-40 23 48 0
15 -76 61 0
27 4 49 0
48 33 60 0
-4 13 -19 0
-1 61 51 0
47 52 53 0
39 -19 38 0
-70 -62 48 0
39 31 15 0
66 50 4 0
-74 -65 31 0
29 41 32 0
15 -72 -33 0
39 73 -1 0
-16 -21 23 0
15 21 67 0
15 -32 -71 0
-66 71 -29 0
20 -31 41 0
52 -27 73 0
-9 71 8 0
-61 75 -17 0
69 26 -74 0
75 -68 -54 0
-10 36 77 0
26 -5 11 0
-76 70 22 0
-2 54 48 0
-11 -35 -14 0
15 26 -20 0
14 -33 39 0
14 -44 26 0
30 -14 2 0
-35 51 40 0
38 20 -67 0
63 -38 39 0
18 64 2 0
30 13 14 0
-20 -35 -36 0
76 -62 -20 0
-49 63 -57 0
48 -3 -35 0
15 -19 -72 0
10 -28 77 0
-14 33 17 0
1 -61 -59 0
-9 53 51 0
-29 65 -31 0
-12 69 -75 0
58 -2 -50 0
-55 -10 -16 0
-9 -62 21 0
60 43 29 0
75 25 38 0
-54 -63 44 0
-46 -74 -14 0
-13 -30 45 0
29 43 7 0
-16 27 13 0
47 15 -18 0
62 -46 53 0
77 19 75 0
-66 3 72 0
23 -1 63 0
14 -29 -73 0
7 62 -30 0
22 8 -51 0
-39 -7 27 0
-32 75 -55 0
22 31 -64 0
-45 36 -35 0
61 -41 53 0
5 -75 -61 0
20 -15 -76 0
13 69 56 0
46 -19 -49 0
-76 51 -36 0
73 32 14 0
41 -10 34 0
-77 73 28 0
55 -76 -29 0
42 7 59 0
7 -51 41 0
-47 -49 -29 0
