p 90 383
-53 -25 -11 0
-17 8 -72 0
-42 25 4 0
78 73 -66 0
-88 -46 -35 0
79 85 -82 0
26 -87 13 0
-72 -10 -47 0
19 5 77 0
5 -35 -37 0
49 -79 30 0
5 22 82 0
41 19 82 0
-85 -5 88 0
88 89 -5 0
-86 71 88 0
-44 54 90 0
-50 56 -14 0
76 52 -30 0
-10 24 -77 0
-84 -90 39 0
-18 -69 3 0
-50 53 61 0
3 -11 89 0
-85 -1 46 0
54 36 65 0
88 84 -48 0
88 -67 -82 0
37 36 -5 0
15 32 -58 0
53 5 -72 0
8 -11 2 0
-16 47 58 0
21 -78 -29 0
57 41 32 0
4 -51 15 0
10 68 64 0
-11 34 63 0
1 -27 -52 0
-2 6 13 0
-80 79 29 0
-83 -77 -14 0
42 -45 -57 0
-35 49 -68 0
70 -53 9 0
-32 10 -9 0
-27 79 66 0
-34 -52 -24 0
65 -82 -10 0
30 -34 77 0
-50 27 43 0
-2 42 1 0
58 -11 -49 0
44 -87 30 0
-32 40 -47 0
-45 30 -35 0
-47 87 -90 0
-75 -65 81 0
-44 3 -90 0
10 24 16 0
90 72 -37 0
13 29 -80 0
-65 31 -61 0
-25 -32 34 0
-72 -42 57 0
16 -71 -13 0
-45 -33 -61 0
-46 -89 13 0
2 -62 -10 0
60 86 64 0
55 34 79 0
-56 -52 62 0
72 -34 -83 0
-55 -59 -11 0
-61 -81 -86 0
52 -49 10 0
-49 -3 26 0
4 -6 -36 0
11 29 -62 0
62 81 -17 0
-50 -20 -85 0
-48 -11 -67 0
-5 -39 -64 0
58 44 -37 0
10 3 -35 0
82 -78 8 0
-41 -15 -54 0
-17 -62 40 0
-64 25 -83 0
88 72 12 0
29 -55 18 0
-69 -24 81 0
-54 90 -40 0
-81 -6 60 0
-31 -43 -28 0
62 -88 -18 0
-63 -30 46 0
55 18 34 0
67 6 -52 0
-44 -27 76 0
54 -13 53 0
46 -20 -90 0
-15 45 -48 0
16 35 90 0
32 29 -77 0
-42 11 -27 0
57 -65 -82 0
3 -54 39 0
-48 -63 -23 0
-34 45 -38 0
-17 -62 52 0
88 46 64 0
-7 13 -51 0
18 -90 -62 0
35 -69 -87 0
51 40 -36 0
-63 -38 -7 0
-70 16 -8 0
-54 38 33 0
-50 -15 -3 0
-50 -22 85 0
-79 24 20 0
38 -51 61 0
49 -27 -29 0
47 88 75 0
-69 -49 90 0
9 -30 -8 0
-73 51 -90 0
-10 81 74 0
-83 35 61 0
-54 -43 -69 0
-73 -44 55 0
-48 68 -6 0
-37 -68 76 0
-10 -33 -85 0
88 78 -54 0
42 15 -14 0
36 -86 -47 0
-27 42 19 0
7 21 -19 0
-15 -88 80 0
-12 64 -80 0
-25 -84 -74 0
57 -3 -81 0
-65 -38 -76 0
85 -66 -31 0
23 -38 -13 0
75 87 -47 0
69 -86 12 0
34 9 6 0
-61 -59 -62 0
65 87 -54 0
-34 -56 -55 0
-77 70 2 0
-74 -58 -37 0
44 90 -39 0
49 -11 26 0
39 32 -28 0
-81 -19 66 0
26 -27 -76 0
14 -75 -27 0
-23 34 42 0
10 43 -60 0
-33 -8 -40 0
-2 -74 39 0
53 -17 72 0
-34 -45 16 0
44 73 72 0
38 -80 68 0
-81 -14 52 0
35 11 -25 0
13 61 49 0
-90 -82 7 0
7 -51 -87 0
-28 -43 20 0
-57 -6 47 0
53 58 -70 0
37 15 -62 0
-60 -43 59 0
-69 29 -65 0
51 -46 15 0
41 -69 -74 0
33 -69 68 0
-40 -72 6 0
66 -69 -77 0
-50 -67 -71 0
35 27 -76 0
65 44 19 0
-84 -61 30 0
-45 -76 -37 0
-80 -13 76 0
-35 -34 47 0
-30 31 87 0
-31 -32 -81 0
71 -34 -32 0
60 75 -62 0
-28 19 -5 0
53 71 6 0
63 9 68 0
73 37 -7 0
-54 -49 -17 0
-90 26 12 0
-5 -82 -22 0
-66 -37 8 0
-76 -68 -86 0
-82 20 90 0
62 -7 41 0
52 55 -83 0
33 -50 26 0
9 -38 -46 0
4 29 40 0
-68 1 -13 0
-52 -88 -63 0
11 -77 34 0
64 -20 -1 0
-50 -70 60 0
61 4 43 0
-78 26 32 0
-43 -13 17 0
-46 37 5 0
-34 80 40 0
-69 1 70 0
-71 39 -42 0
78 -42 72 0
42 68 56 0
-89 46 -10 0
-27 -33 -37 0
-18 -49 38 0
-4 22 -49 0
-21 -46 -35 0
-70 -86 42 0
-7 2 80 0
49 -47 53 0
-62 -59 -85 0
-46 -83 -69 0
83 -88 -68 0
-10 19 21 0
47 87 -72 0
77 -22 -1 0
-74 36 -26 0
-47 7 58 0
-49 72 -32 0
-85 -68 29 0
-73 4 37 0
84 41 53 0
-74 -13 45 0
11 15 31 0
57 -86 39 0
-39 38 30 0
30 63 31 0
40 50 76 0
1 -28 76 0
-9 68 66 0
38 -71 -48 0
11 -41 -77 0
42 -77 -23 0
-37 33 71 0
48 -47 33 0
-82 5 19 0
-7 77 85 0
55 76 -45 0
16 -82 -47 0
-36 24 37 0
-49 50 -19 0
57 -67 18 0
17 -30 5 0
-70 -72 61 0
81 -62 25 0
84 -69 31 0
78 34 60 0
60 55 11 0
84 50 -45 0
82 18 22 0
14 51 -65 0
62 70 41 0
-19 56 83 0
28 -36 -68 0
-54 -17 -41 0
-30 -77 7 0
61 50 55 0
35 49 -85 0
61 16 74 0
-6 -65 29 0
34 20 -39 0
-72 3 -11 0
77 -75 38 0
-57 12 56 0
79 76 9 0
32 6 15 0
87 20 -41 0
-80 33 -39 0
-21 23 64 0
-33 -89 -52 0
61 15 1 0
88 36 -11 0
-80 6 81 0
65 -15 -28 0
19 50 -45 0
51 15 -17 0
-40 -53 -50 0
-56 63 -12 0
-4 -41 -18 0
4 79 -33 0
47 78 30 0
49 26 -75 0
57 -76 -54 0
-4 -47 -90 0
11 -33 -15 0
39 -8 -83 0
-52 -87 -3 0
-12 65 -78 0
-12 -19 66 0
-7 83 -66 0
-80 35 51 0
90 15 -78 0
-53 65 -19 0
-45 10 -5 0
-61 -78 29 0
-56 60 7 0
41 89 16 0
-56 -89 -47 0
37 -74 -83 0
-89 -90 11 0
-27 11 51 0
-25 58 -13 0
-69 73 -79 0
44 -11 -89 0
-25 -87 32 0
44 86 -83 0
-48 -18 -61 0
-31 37 80 0
-72 69 17 0
7 -48 78 0
56 46 -13 0
59 3 -24 0
8 13 -50 0
-62 48 45 0
-57 41 -68 0
-52 27 25 0
-67 36 -5 0
32 -18 -11 0
-61 42 87 0
-84 52 -83 0
80 86 42 0
-69 61 51 0
-64 -62 69 0
15 8 -18 0
-55 73 -14 0
-73 53 22 0
-11 31 -63 0
-1 -6 -15 0
-30 -49 71 0
61 2 41 0
-6 -30 -9 0
-25 -10 -43 0
65 -21 30 0
44 24 11 0
-73 12 61 0
-66 -6 -53 0
-13 -28 -69 0
26 69 16 0
-3 -57 89 0
-59 -1 -71 0
51 5 -80 0
14 89 -27 0
-44 -89 -21 0
40 -38 -20 0
3 -85 -17 0
-12 -78 77 0
-46 -77 79 0
-11 -65 -52 0
57 59 -26 0
31 57 56 0
-46 -32 54 0
39 -64 -88 0
-33 69 25 0
80 83 -2 0
-60 75 88 0
-7 -65 -4 0
-20 74 -13 0
-84 86 45 0
-53 -85 -47 0
23 -54 -88 0
