p 25 106
5 -3 12 0
-7 1 -18 0
-24 23 14 0
17 -8 18 0
9 23 11 0
-18 -9 2 0
13 -7 9 0
17 -5 -13 0
-23 16 -20 0
-23 10 -17 0
16 1 2 0
-12 7 15 0
2 -14 -19 0
-22 -19 -18 0
-11 -14 -1 0
-17 -4 11 0
-23 11 15 0
-19 -13 -20 0
-13 -16 19 0
15 -17 3 0
-13 21 16 0
-16 -24 9 0
9 -18 19 0
-16 -13 8 0
-10 -4 23 0
-2 22 -16 0
-6 -8 -2 0
-18 7 3 0
22 -25 -3 0
-17 -9 15 0
-9 -4 -17 0
-3 1 -24 0
-20 14 -23 0
-16 -18 2 0
-4 9 -3 0
-17 25 -18 0
21 -17 16 0
-12 -2 24 0
19 -25 2 0
23 -16 7 0
25 -19 -18 0
-19 4 23 0
2 -1 -5 0
-4 7 24 0
17 -4 -18 0
10 21 1 0
-19 -18 3 0
22 12 2 0
-5 11 23 0
10 9 25 0
10 -16 25 0
-15 6 23 0
12 -1 3 0
20 4 8 0
8 19 1 0
20 23 -8 0
4 -6 -17 0
-11 1 2 0
15 11 25 0
2 -24 -12 0
4 -19 24 0
22 9 -1 0
-24 7 12 0
15 11 -8 0
-21 25 -23 0
-5 -12 -11 0
4 14 -1 0
23 -25 19 0
2 15 24 0
-5 6 -23 0
-19 -21 -9 0
-6 9 -10 0
1 15 11 0
-10 22 24 0
-7 5 -10 0
10 -1 -4 0
-6 2 -17 0
25 -8 19 0
-3 -5 14 0
2 -14 -12 0
-21 -11 13 0
-9 15 -17 0
-13 -9 21 0
18 -10 11 0
3 4 7 0
-18 -16 14 0
10 -23 -4 0
-5 15 -24 0
25 16 -3 0
-17 18 -12 0
-23 -9 -22 0
9 12 -4 0
1 -22 3 0
-8 3 2 0
15 12 -1 0
17 9 -15 0
-4 -22 19 0
9 -6 7 0
20 -18 16 0
22 9 6 0
-10 2 -4 0
21 7 -14 0
17 -16 18 0
8 11 21 0
8 -4 -22 0
-12 18 -2 0
