p 42 178
8 -15 39 0
-37 -3 -2 0
30 2 4 0
-28 -32 -38 0
-10 -31 -19 0
6 30 -31 0
-18 4 -2 0
17 34 39 0
32 27 -2 0
-33 -40 -22 0
12 26 11 0
23 -26 -36 0
9 23 34 0
15 -22 -17 0
-25 -36 -35 0
2 11 19 0
4 36 -2 0
26 -13 33 0
-13 19 -34 0
-13 -11 -10 0
2 -28 -6 0
3 29 -4 0
1 9 -42 0
25 -41 -30 0
-2 -35 1 0
31 10 35 0
-30 22 8 0
-37 32 33 0
41 -10 34 0
-35 19 -42 0
35 -37 34 0
18 37 27 0
-23 -38 -3 0
-34 16 25 0
9 40 28 0
-9 -30 -19 0
42 15 -29 0
-16 22 -1 0
11 31 14 0
-39 42 11 0
-13 15 -16 0
19 -8 -3 0
-34 36 -27 0
-42 -25 -16 0
-36 31 -9 0
-26 -10 -1 0
-34 18 15 0
42 32 40 0
-3 5 -10 0
30 9 20 0
28 -15 19 0
-4 -16 -13 0
38 -32 -40 0
24 20 41 0
-31 7 -18 0
33 -8 14 0
-40 41 -19 0
9 20 -32 0
6 32 -24 0
-41 -15 -4 0
-7 -28 5 0
32 -29 -9 0
-13 30 -24 0
1 -26 -40 0
27 -32 -35 0
8 25 -40 0
6 -24 -10 0
33 -39 6 0
16 -35 -36 0
31 38 -37 0
-21 34 -22 0
16 24 -40 0
-36 -15 -40 0
4 24 18 0
19 -32 3 0
-14 13 -33 0
34 7 39 0
-23 32 -39 0
31 15 -5 0
23 30 35 0
23 6 5 0
3 21 -40 0
7 11 21 0
41 33 11 0
6 -19 29 0
-7 -8 -25 0
3 23 -6 0
6 -12 -17 0
42 -36 34 0
1 -11 24 0
23 33 12 0
-5 33 22 0
41 33 -25 0
-1 -23 33 0
-21 -18 -32 0
-6 -2 24 0
-37 35 -31 0
32 41 -27 0
-23 -11 -7 0
-25 -22 -13 0
-8 -27 -29 0
39 14 -34 0
-8 39 35 0
-40 19 -41 0
-11 -16 28 0
-42 -12 40 0
-20 29 -2 0
-2 -16 -27 0
30 20 -16 0
-7 -9 -18 0
34 37 24 0
-37 30 11 0
35 -11 -16 0
9 -28 -31 0
18 42 -19 0
8 3 -13 0
21 -19 -8 0
-18 -41 -5 0
5 -38 15 0
-22 -28 -30 0
35 3 -24 0
-31 -28 29 0
-34 -5 18 0
-10 38 39 0
-9 -19 5 0
-17 -38 22 0
35 9 -17 0
5 -18 -33 0
-7 17 5 0
-13 -14 19 0
13 22 -8 0
11 42 -23 0
-27 -4 39 0
-2 -19 10 0
42 4 -28 0
-5 32 -34 0
-10 -33 -17 0
38 24 31 0
-31 -41 -9 0
20 -35 -28 0
17 20 -10 0
33 -5 1 0
39 20 13 0
31 -30 -42 0
21 -5 -29 0
-1 -39 35 0
-8 33 37 0
-22 -1 26 0
11 38 -23 0
33 3 12 0
11 -31 25 0
-6 24 -19 0
-25 7 33 0
13 31 33 0
31 3 -33 0
10 -14 -15 0
-34 14 1 0
18 41 40 0
-37 9 2 0
-4 28 -8 0
-34 25 -10 0
11 41 35 0
-33 23 -31 0
-14 -27 -23 0
-21 7 36 0
28 -33 10 0
13 12 7 0
41 39 -33 0
9 35 -20 0
-32 -3 4 0
-16 -10 -3 0
-30 4 -22 0
31 13 41 0
-31 36 27 0
28 32 35 0
13 10 -18 0
38 27 -5 0
6 -11 -5 0
