p 61 259
54 -20 7 0
43 36 57 0
-57 -7 -32 0
41 -59 48 0
51 5 -20 0
-16 -7 -33 0
10 19 24 0
27 -23 17 0
6 41 49 0
-24 30 51 0
54 15 -20 0
12 -34 -19 0
-12 -23 -41 0
-51 -27 -25 0
38 -16 49 0
-43 -2 26 0
25 42 15 0
10 48 46 0
-55 -8 -6 0
41 17 50 0
-48 11 -33 0
51 -22 36 0
-53 14 -44 0
29 -23 -6 0
-44 60 51 0
21 -59 -37 0
-29 35 15 0
33 -29 24 0
50 -23 24 0
-50 -61 -8 0
18 -20 -51 0
-23 -4 32 0
-12 -56 60 0
29 46 27 0
11 56 43 0
37 30 -22 0
-60 -43 -10 0
-18 -35 6 0
45 29 -30 0
-23 3 37 0
2 22 15 0
6 8 -61 0
-53 -28 41 0
3 -34 18 0
9 -58 10 0
14 -24 42 0
-25 -12 -26 0
31 -46 -33 0
14 -37 -17 0
52 5 10 0
26 -46 11 0
17 38 5 0
35 -9 -47 0
61 -15 -10 0
-59 -52 56 0
-41 46 -34 0
-58 -48 -28 0
1 40 -30 0
9 -39 -34 0
-30 -16 44 0
-10 35 33 0
61 -18 2 0
51 -58 -3 0
33 21 36 0
-21 -60 -2 0
4 -35 -3 0
-23 55 36 0
-22 -42 -25 0
13 37 -44 0
-13 -31 -18 0
-57 -11 -25 0
16 10 8 0
-61 -4 -6 0
-59 28 -20 0
53 2 -43 0
-42 -39 6 0
-50 -12 -48 0
35 -31 38 0
47 -5 -19 0
-43 -58 8 0
6 -20 53 0
16 53 32 0
25 40 -23 0
60 -27 28 0
20 -8 43 0
-10 -2 -42 0
5 -48 -32 0
-13 49 -61 0
43 29 9 0
-25 -20 -33 0
-55 40 1 0
24 -54 6 0
-13 39 10 0
53 -11 40 0
-39 -49 -58 0
-27 43 -21 0
-10 18 -7 0
-13 -43 -61 0
-52 -36 -18 0
3 -47 -13 0
-25 -37 -47 0
53 -58 -57 0
58 -46 -61 0
-8 -36 50 0
30 12 16 0
38 54 52 0
-4 -52 14 0
-26 48 -27 0
5 -30 47 0
-35 55 37 0
55 -39 -44 0
-41 57 -5 0
-8 26 56 0
22 30 -61 0
34 -26 12 0
-13 -23 -33 0
45 -30 10 0
34 -58 47 0
30 -15 -49 0
24 22 39 0
-26 46 -42 0
34 15 39 0
12 17 -56 0
-56 -31 -2 0
-11 -35 48 0
-2 10 46 0
25 -21 -4 0
17 -54 31 0
29 -8 -42 0
-19 -15 -26 0
25 -22 12 0
18 44 27 0
-37 42 47 0
33 -10 42 0
-28 27 7 0
-45 -21 1 0
-23 -40 -17 0
-54 -11 29 0
51 41 7 0
17 -19 49 0
37 -36 -53 0
29 42 -6 0
-42 18 24 0
5 -43 28 0
7 -46 -10 0
19 -24 -34 0
56 -6 8 0
-20 -24 14 0
-23 -50 -6 0
-23 2 -36 0
58 35 -19 0
-48 -14 35 0
32 -23 -38 0
-53 37 -54 0
20 -38 -24 0
-36 -54 48 0
-23 29 -18 0
-57 -23 56 0
-25 4 -39 0
29 17 -51 0
-41 47 11 0
-48 -33 11 0
9 -20 13 0
-51 10 35 0
8 38 59 0
4 6 18 0
-43 22 -14 0
-52 -54 -30 0
-22 55 14 0
54 34 51 0
35 45 56 0
-32 -57 31 0
21 -18 3 0
-30 20 -5 0
-49 -20 -10 0
21 9 -48 0
-42 23 -24 0
4 -55 -52 0
-16 -60 -40 0
34 -13 -39 0
-36 12 -20 0
53 54 -37 0
46 59 47 0
51 21 -50 0
-7 33 34 0
6 -7 60 0
-13 -56 57 0
30 -22 39 0
6 -36 46 0
-27 35 -25 0
-57 -13 10 0
41 44 -56 0
44 -51 48 0
-4 -43 38 0
27 -25 24 0
-21 -23 39 0
-3 -40 -55 0
-32 52 10 0
-57 35 11 0
47 -18 23 0
-19 -9 -23 0
-59 -19 41 0
60 29 -27 0
56 -43 54 0
30 -42 -28 0
3 -45 -9 0
19 26 43 0
-38 46 16 0
30 -55 -41 0
58 -61 -2 0
45 15 -33 0
-38 -45 -7 0
13 28 -52 0
-55 -38 36 0
-6 -29 -24 0
-22 -44 6 0
54 15 21 0
-38 -11 13 0
-47 35 23 0
-61 -54 -1 0
1 21 18 0
17 27 30 0
-26 22 17 0
3 16 -39 0
-48 -26 -12 0
45 -39 -40 0
-37 -3 -26 0
-51 60 33 0
29 9 -59 0
-30 20 44 0
26 -18 -5 0
-32 -10 -47 0
5 -59 -42 0
57 56 53 0
25 1 52 0
26 -41 15 0
-24 -8 32 0
-58 -28 -43 0
55 1 -28 0
44 22 -19 0
-32 -13 36 0
-2 12 40 0
52 -44 31 0
49 57 26 0
46 23 43 0
-54 56 -12 0
-10 -43 -35 0
-22 -5 -57 0
-21 61 47 0
2 58 20 0
2 26 27 0
25 2 -38 0
-3 -41 22 0
2 -58 -44 0
-14 59 31 0
-23 61 54 0
-40 -45 -3 0
9 -60 39 0
8 -24 -38 0
