p 57 242
-5 -48 35 0
42 2 30 0
-45 -36 -47 0
-19 -54 -49 0
5 -18 -4 0
-12 46 54 0
-3 5 38 0
34 17 -5 0
49 -26 -54 0
-51 -28 -3 0
37 -47 1 0
6 50 -16 0
-45 10 -43 0
-14 -15 -7 0
28 -49 -25 0
4 -48 -33 0
-26 33 20 0
-9 -37 -53 0
-45 -37 -11 0
-3 7 -54 0
54 11 27 0
-25 50 -49 0
-27 11 -38 0
-32 -56 -30 0
-18 2 -47 0
39 -47 41 0
-22 23 10 0
-11 14 18 0
33 -38 35 0
6 -47 -17 0
8 -56 57 0
-29 11 -30 0
-33 28 37 0
43 -2 46 0
-49 -37 -8 0
-3 -26 -10 0
-10 -46 -38 0
45 -20 -1 0
-37 -8 7 0
-1 -45 52 0
54 -33 52 0
37 9 -4 0
-15 46 -1 0
-49 -36 -50 0
44 -42 36 0
45 -46 53 0
24 -32 53 0
-37 -56 35 0
-50 17 -38 0
48 52 -24 0
5 -24 -47 0
43 45 7 0
-42 19 -33 0
-13 8 40 0
-35 29 52 0
-43 -31 17 0
-42 -17 51 0
17 25 -30 0
6 -27 -55 0
19 48 -26 0
-6 -24 -13 0
56 57 26 0
-43 4 -13 0
-45 -3 -40 0
23 -21 -52 0
45 -29 -43 0
-33 24 17 0
2 3 39 0
-8 -23 9 0
-37 35 23 0
47 35 17 0
37 10 -42 0
-55 -53 40 0
35 56 49 0
34 19 -6 0
-6 -56 -38 0
-46 25 -48 0
-17 -24 -38 0
24 14 -53 0
-2 -50 27 0
-38 -11 32 0
48 -6 -44 0
-24 57 -3 0
-50 -42 -11 0
-45 -56 13 0
-33 -4 -7 0
-16 20 42 0
27 20 29 0
-13 2 -14 0
24 -3 50 0
9 -8 -36 0
-5 18 -49 0
43 -8 51 0
27 -42 8 0
-52 -46 9 0
39 32 22 0
-45 -52 -3 0
31 -34 5 0
28 -43 23 0
29 43 26 0
11 -21 -50 0
-5 -25 12 0
-34 43 7 0
-36 -14 -49 0
-42 -6 -50 0
-16 28 -45 0
-32 -8 -46 0
49 -2 -7 0
-53 -14 23 0
-44 10 -18 0
10 22 -44 0
21 -2 -51 0
-39 -13 -6 0
6 -57 33 0
-50 4 9 0
-54 41 -26 0
-24 32 -54 0
-24 -50 -2 0
-49 18 29 0
-37 19 20 0
56 -36 -11 0
-4 -15 19 0
14 -55 -40 0
4 -32 5 0
5 20 -50 0
51 -42 -40 0
-21 -31 45 0
-20 -33 31 0
41 42 -5 0
-15 -9 57 0
9 45 27 0
48 -19 17 0
40 -42 -36 0
15 -49 47 0
21 -23 7 0
39 23 -6 0
-20 -5 -41 0
10 12 -37 0
44 51 16 0
-9 56 -3 0
31 -32 36 0
20 -1 -5 0
36 -57 7 0
1 39 8 0
51 12 -48 0
39 -52 35 0
-15 -37 -30 0
1 -2 -18 0
-7 56 27 0
51 -39 54 0
-49 -57 44 0
-50 -19 -8 0
-25 -16 -9 0
49 -10 36 0
12 -50 -47 0
27 33 34 0
-7 9 16 0
21 7 28 0
37 -55 -19 0
-25 28 53 0
-49 -57 -9 0
-23 42 -38 0
15 -43 -7 0
-10 -3 32 0
24 -12 -37 0
-25 49 -21 0
1 37 -13 0
-48 -34 -22 0
-20 -39 -18 0
-13 26 42 0
38 3 1 0
6 -12 39 0
6 -50 -48 0
-11 57 40 0
-39 40 -11 0
4 -44 5 0
14 -17 51 0
17 -33 -35 0
19 50 24 0
-31 43 -46 0
-36 -54 -8 0
-21 55 -31 0
29 -16 37 0
51 9 -29 0
-47 -39 -37 0
-25 40 3 0
-49 51 -46 0
20 33 -8 0
11 9 28 0
14 12 -41 0
29 33 4 0
32 21 -45 0
20 -52 -1 0
-46 -40 -4 0
-56 -21 20 0
9 -7 5 0
17 -2 -1 0
-5 -35 21 0
-52 -18 -37 0
-44 19 9 0
26 54 -22 0
-17 37 29 0
-27 -13 -57 0
38 -45 3 0
51 -22 -14 0
-26 -14 13 0
-22 -7 -26 0
56 -27 36 0
-40 -31 26 0
-25 35 38 0
33 -52 -56 0
-17 -35 -30 0
30 -50 46 0
-1 -10 -11 0
-17 -8 42 0
-22 56 -27 0
-55 38 41 0
47 -50 18 0
40 -33 -31 0
16 -52 -43 0
-32 28 49 0
-11 29 19 0
49 -15 24 0
29 16 -30 0
-32 34 -49 0
44 -54 51 0
50 42 -32 0
-45 41 21 0
34 22 -39 0
-47 -12 5 0
-57 26 -6 0
49 -56 -2 0
40 -26 9 0
-3 -7 31 0
28 53 6 0
-38 43 -11 0
-4 -24 -10 0
26 7 53 0
-19 50 -14 0
-38 -47 -37 0
40 14 -15 0
-23 28 -30 0
