p 19 80
-17 14 4 0
-12 7 11 0
10 16 -4 0
-16 -5 18 0
17 -12 -7 0
5 16 -18 0
-19 -1 -14 0
-13 9 -2 0
5 14 17 0
-4 12 -17 0
10 11 -14 0
-5 -19 18 0
-1 -13 -19 0
-5 1 -18 0
-9 -16 -18 0
-2 -13 -9 0
-9 14 1 0
7 16 -1 0
-18 19 5 0
16 -15 -7 0
-15 -1 -4 0
18 16 -3 0
16 18 2 0
15 6 2 0
-2 15 -6 0
7 -16 -5 0
12 -16 13 0
13 -6 -9 0
6 12 -10 0
-17 -9 -7 0
7 5 -15 0
-10 6 -3 0
-3 9 -15 0
18 -11 8 0
9 -2 -12 0
9 15 17 0
-1 -14 16 0
11 4 -10 0
-5 13 15 0
-13 16 15 0
-17 11 -18 0
6 -2 13 0
11 19 -15 0
17 -4 18 0
14 -19 -13 0
-19 15 13 0
-11 14 12 0
-11 19 -13 0
-3 17 -14 0
3 -1 -8 0
17 -14 -1 0
-9 5 8 0
12 1 -14 0
10 -8 -15 0
-1 18 -19 0
-18 1 -8 0
7 -19 -17 0
-9 -10 12 0
-11 -14 -15 0
7 18 10 0
17 -9 -6 0
-17 -1 -14 0
-14 -5 1 0
-9 -4 15 0
-17 -2 18 0
4 15 19 0
9 -10 14 0
11 2 8 0
-17 -19 6 0
-16 -14 7 0
-10 -3 6 0
-3 15 17 0
16 -10 11 0
2 -14 -4 0
14 -2 -7 0
15 1 -9 0
11 -15 -7 0
-5 -7 -17 0
4 -2 -15 0
-1 17 -5 0
