p 21 89
15 -16 21 0
-2 18 -10 0
-15 5 -4 0
-18 14 11 0
10 -13 -15 0
16 -7 -18 0
-10 16 5 0
-1 16 -7 0
-6 10 12 0
-10 12 5 0
-11 -10 20 0
7 10 -17 0
6 -4 19 0
14 -11 -2 0
-16 13 -20 0
11 -14 12 0
7 -1 15 0
1 12 17 0
-15 -14 19 0
15 -5 -8 0
-9 3 -17 0
13 -4 1 0
-8 20 -7 0
-3 9 -11 0
-3 -11 -7 0
14 -20 7 0
11 16 4 0
-8 13 11 0
8 12 -3 0
14 -7 6 0
-1 17 9 0
19 18 16 0
14 4 -6 0
-19 -9 -12 0
11 -6 -8 0
13 -4 15 0
-7 9 -1 0
21 -10 20 0
-13 4 10 0
-12 16 -17 0
1 6 3 0
-11 6 14 0
10 -9 -15 0
17 18 -19 0
-2 21 -19 0
7 -3 -15 0
-13 -16 3 0
5 2 -1 0
-12 -1 2 0
-21 2 7 0
-13 -18 -19 0
13 15 19 0
7 5 19 0
-3 -15 -14 0
-2 17 -9 0
4 -10 12 0
-13 -15 -11 0
20 6 18 0
20 -17 -7 0
4 6 8 0
7 -10 -8 0
13 10 -20 0
4 -8 -9 0
-11 9 -15 0
9 -5 -14 0
-5 -15 18 0
-16 -18 6 0
-18 4 21 0
10 -16 11 0
10 19 11 0
-12 -20 -18 0
-17 -6 -9 0
7 -17 -16 0
-17 10 1 0
-9 8 -1 0
-21 -19 -7 0
17 -19 -16 0
-17 13 18 0
20 4 -8 0
2 -16 -18 0
15 -7 -16 0
17 -2 20 0
-5 12 4 0
-1 20 17 0
6 -1 -8 0
-4 -5 18 0
-18 -1 21 0
9 15 16 0
-14 -3 4 0
