p 60 255
-55 52 12 0
-14 13 -5 0
28 12 -13 0
33 -35 -48 0
-50 11 -58 0
21 58 -12 0
30 -27 -22 0
35 20 1 0
-29 13 32 0
-46 2 13 0
4 32 -47 0
-55 -2 40 0
33 53 -30 0
6 -36 -26 0
59 8 -37 0
27 1 9 0
-26 -3 -13 0
-13 -25 26 0
-48 31 -19 0
-15 -10 38 0
53 29 -36 0
-45 17 38 0
30 -43 53 0
-56 59 -20 0
-3 -24 -14 0
26 27 -5 0
-7 47 -54 0
26 32 -11 0
51 -29 44 0
-28 -49 37 0
28 -41 -15 0
-13 -18 -48 0
24 -47 -29 0
49 -8 -32 0
16 23 50 0
-1 57 9 0
29 -21 37 0
21 -56 59 0
-60 49 29 0
19 53 -47 0
30 -44 15 0
22 -30 6 0
58 -25 4 0
-4 53 -57 0
53 59 -42 0
-57 17 -49 0
-31 16 -20 0
-9 52 6 0
50 -33 -36 0
22 60 59 0
32 -47 53 0
51 29 40 0
-11 -1 -30 0
8 32 44 0
-52 -10 -21 0
-25 -9 27 0
-5 15 38 0
-55 -58 -59 0
21 -55 5 0
31 -23 -29 0
-41 46 11 0
-10 -55 6 0
41 -50 -4 0
32 40 11 0
-12 -14 15 0
28 -51 -32 0
18 12 6 0
-8 -12 -18 0
25 -17 -7 0
54 32 -53 0
6 -52 -60 0
-15 17 53 0
-42 -41 22 0
50 49 -27 0
-26 -50 -25 0
55 32 60 0
-8 26 -22 0
-59 -36 -51 0
-14 -60 38 0
-40 -34 28 0
-52 38 22 0
-15 25 37 0
-15 -46 -26 0
-32 56 44 0
-18 -31 13 0
-58 -36 -22 0
-33 29 -5 0
7 57 -16 0
8 -57 10 0
46 -40 11 0
26 -35 46 0
56 12 43 0
-11 -9 -58 0
-11 -29 -58 0
7 35 6 0
-35 3 27 0
3 8 52 0
-40 -32 42 0
-6 33 38 0
14 54 -26 0
-36 -18 58 0
11 45 30 0
-48 -38 4 0
24 54 23 0
-43 39 12 0
-8 39 40 0
-53 47 -17 0
-14 57 -6 0
-36 17 30 0
5 25 22 0
51 60 39 0
-19 20 -46 0
-22 50 -45 0
-28 33 46 0
32 -51 -22 0
55 -47 38 0
-33 42 -43 0
-1 44 52 0
-38 20 43 0
10 5 -48 0
-16 -32 26 0
25 48 -22 0
51 52 4 0
24 -40 -23 0
55 16 -44 0
37 1 -48 0
-29 -1 46 0
42 -56 30 0
-15 23 -31 0
28 -1 44 0
-6 -35 -48 0
-4 45 11 0
-49 55 48 0
22 -55 -44 0
-23 -41 37 0
-56 36 4 0
-18 -16 26 0
1 -27 -38 0
35 2 -9 0
11 -8 -18 0
55 -7 37 0
41 55 43 0
20 58 10 0
48 -26 -47 0
-46 -40 -50 0
53 30 -35 0
-1 -43 60 0
39 -35 -2 0
-28 25 -17 0
28 32 20 0
-60 56 51 0
2 14 -43 0
-45 16 -44 0
-40 -15 -42 0
-1 -42 24 0
-44 57 -43 0
-37 40 -15 0
-40 46 30 0
-44 -12 -23 0
-55 15 -17 0
31 42 -2 0
4 41 -26 0
39 -22 -33 0
40 46 20 0
26 12 8 0
-27 32 37 0
-60 20 2 0
-15 -11 30 0
12 -54 -27 0
-7 52 26 0
5 60 19 0
-4 50 30 0
-34 -35 32 0
-17 -21 11 0
-56 -12 -1 0
-48 -17 1 0
41 -13 54 0
-18 17 49 0
-21 -3 -42 0
-52 -9 41 0
53 -35 -29 0
-53 21 13 0
-52 23 -9 0
-51 53 -24 0
-20 25 9 0
-40 -4 -28 0
11 23 31 0
-56 -8 15 0
1 -59 -7 0
-47 59 -20 0
-35 13 -49 0
-28 25 16 0
46 6 48 0
53 -17 48 0
18 52 -42 0
6 -40 -32 0
-45 53 -33 0
-8 -26 27 0
6 -5 44 0
26 42 48 0
-44 30 29 0
-11 -47 -60 0
33 6 2 0
41 -47 20 0
-11 14 -26 0
-26 -41 53 0
-16 29 -31 0
-21 -1 17 0
49 42 4 0
59 27 42 0
57 -14 -28 0
25 54 53 0
51 56 -50 0
-36 22 42 0
17 -23 -5 0
-53 13 40 0
13 56 2 0
-53 -24 34 0
59 51 -30 0
-36 -60 -31 0
39 60 -40 0
57 -3 -50 0
44 52 16 0
11 6 36 0
-27 -54 49 0
-60 -31 -22 0
20 -57 50 0
13 52 -16 0
27 -56 51 0
-43 16 51 0
-33 23 -5 0
-58 -47 17 0
49 -25 50 0
47 -46 -38 0
-31 6 -32 0
30 -37 -45 0
-48 46 -20 0
40 -5 48 0
-10 -47 57 0
41 -52 -35 0
3 54 43 0
-54 -56 -38 0
29 54 32 0
-22 17 -47 0
49 48 -4 0
37 6 22 0
-60 -34 -25 0
41 -10 -45 0
39 5 15 0
13 37 55 0
-51 -21 17 0
-1 -54 -4 0
21 -6 -29 0
-1 41 -48 0
47 -22 8 0
