p 14 59
-13 -12 -6 0
-8 2 -11 0
-10 -13 14 0
-3 12 4 0
-4 9 6 0
-12 4 13 0
14 4 10 0
4 6 10 0
10 -11 9 0
9 -8 -12 0
-11 13 2 0
-11 -10 3 0
11 -5 -10 0
-10 14 6 0
2 7 -13 0
11 -13 -8 0
-5 -6 8 0
2 4 14 0
4 -9 11 0
9 -14 -2 0
-4 -13 -8 0
-5 -9 -10 0
-8 4 -1 0
-12 -1 14 0
10 -11 9 0
-4 -8 9 0
-8 -1 9 0
-2 9 -12 0
11 1 -6 0
2 12 13 0
-14 8 4 0
-4 7 -12 0
6 -7 14 0
5 -14 3 0
-12 -8 3 0
10 2 1 0
-4 -12 3 0
-2 3 9 0
5 3 13 0
11 -5 -13 0
14 -13 -9 0
-1 6 7 0
6 -12 10 0
7 10 9 0
-14 -13 -6 0
11 2 14 0
-14 12 8 0
-14 -1 -7 0
-7 -2 1 0
-14 12 13 0
10 -2 6 0
12 9 6 0
9 -5 -4 0
10 8 -6 0
-12 11 13 0
-3 -12 -1 0
-5 4 -9 0
-5 -8 -12 0
5 1 3 0
