p 32 136
7 31 3 0
16 19 20 0
-8 -22 31 0
-2 -27 -32 0
-5 -25 -15 0
7 20 17 0
-30 31 5 0
3 11 -1 0
7 18 -32 0
1 20 31 0
32 -25 16 0
7 -21 15 0
-5 -2 32 0
24 23 -28 0
-17 -20 27 0
12 -29 25 0
-28 -4 -15 0
-12 24 -4 0
-14 3 -2 0
1 23 10 0
-9 -11 14 0
-4 -16 2 0
2 20 -32 0
18 -30 6 0
-27 32 30 0
15 14 -23 0
-17 5 22 0
31 -5 11 0
-13 31 30 0
31 -13 -28 0
21 16 17 0
23 11 -27 0
16 -8 4 0
6 16 -12 0
13 25 14 0
-16 -3 -25 0
-32 -7 1 0
28 31 25 0
14 1 -10 0
13 -31 22 0
-31 -24 22 0
13 -7 2 0
-5 -7 -13 0
-26 -5 -11 0
9 -15 6 0
3 -28 4 0
-24 -5 30 0
17 29 5 0
-11 -2 -8 0
-23 -3 30 0
-27 -29 1 0
-1 -12 28 0
31 -10 4 0
3 8 -24 0
31 7 6 0
15 29 -32 0
-22 32 -15 0
-30 -14 -23 0
-16 -4 28 0
-1 20 -8 0
-5 15 -12 0
23 -31 -21 0
-30 -6 -13 0
21 8 32 0
-8 27 -26 0
-2 8 7 0
-22 30 9 0
-32 -13 7 0
14 -19 20 0
-19 12 25 0
-22 -29 -11 0
19 12 10 0
2 18 8 0
27 -7 32 0
28 27 -23 0
-28 32 -30 0
12 25 4 0
-4 25 -27 0
23 -5 27 0
7 -3 19 0
-21 12 -4 0
-27 -17 9 0
12 -14 29 0
-5 11 -8 0
11 1 -26 0
-18 26 6 0
-21 1 32 0
-15 -6 31 0
-1 25 14 0
27 -28 -23 0
22 26 -29 0
2 -28 -5 0
-21 -10 11 0
25 1 -17 0
31 5 -11 0
13 6 -19 0
-3 -9 20 0
-23 -20 24 0
31 -12 26 0
2 -18 9 0
22 11 -29 0
2 -22 -21 0
5 32 -14 0
-22 32 27 0
28 -9 -23 0
-4 -13 9 0
18 -16 -23 0
4 1 16 0
14 17 20 0
26 24 7 0
22 10 31 0
20 -24 4 0
-11 -27 -21 0
-12 -14 17 0
-31 -19 -30 0
-27 -30 -28 0
11 26 21 0
-16 -17 8 0
-20 10 -14 0
-23 10 32 0
-11 30 3 0
29 -24 23 0
-19 3 -16 0
4 16 -2 0
9 -31 13 0
-4 2 -24 0
25 -16 -1 0
-2 -11 25 0
30 -22 -25 0
-16 -8 -32 0
-28 32 -25 0
-5 20 -29 0
-31 18 -16 0
-3 -17 14 0
-31 3 -22 0
26 23 -28 0
