p 13 55
7 -9 13 0
-6 -1 10 0
-3 -13 4 0
-8 -1 11 0
11 1 -4 0
-5 -6 7 0
-5 -3 -4 0
-13 7 1 0
-4 -7 -5 0
-5 1 11 0
10 -7 -8 0
11 10 9 0
8 -4 -6 0
-1 11 -10 0
7 4 3 0
-13 2 5 0
9 -3 12 0
-1 13 3 0
-8 1 -3 0
-11 -2 12 0
8 -1 -7 0
-2 5 13 0
-4 2 -6 0
3 -12 -1 0
8 -1 -12 0
-13 2 4 0
11 2 -10 0
11 4 -12 0
-8 2 -12 0
-4 -9 -8 0
-3 7 -10 0
7 -12 3 0
-1 3 -12 0
4 -2 -6 0
4 12 6 0
-10 -2 8 0
8 -7 -3 0
-7 -4 9 0
-8 -10 9 0
4 2 5 0
6 12 -1 0
13 2 -7 0
3 9 -5 0
13 7 8 0
5 -10 11 0
-13 2 10 0
-3 -10 -11 0
-12 3 -6 0
-3 11 2 0
-7 -5 -9 0
-4 -9 6 0
3 5 -1 0
-10 12 -7 0
-13 -7 10 0
13 -9 1 0
