p 90 383
26 88 72 0
-78 -59 -23 0
-39 -47 -16 0
-68 60 -23 0
89 -82 -39 0
77 73 1 0
61 -71 -64 0
-40 -83 3 0
-69 58 -43 0
75 70 74 0
-2 -3 28 0
15 16 -44 0
58 21 -29 0
-25 76 -4 0
-3 -32 -16 0
12 79 59 0
5 67 58 0
48 34 -44 0
44 69 88 0
-51 -37 45 0
85 -10 -52 0
-86 48 -84 0
87 35 -69 0
79 7 -38 0
31 -67 -9 0
33 78 15 0
-4 21 -5 0
6 -89 -27 0
-87 62 20 0
40 69 -56 0
-25 -71 56 0
61 12 66 0
-40 -56 -19 0
-84 48 -49 0
-50 53 -21 0
69 -24 62 0
72 35 -66 0
-70 48 65 0
18 43 34 0
17 60 -84 0
19 -14 -6 0
-35 15 -65 0
-39 -30 55 0
-19 -22 8 0
-51 42 -73 0
-42 -49 11 0
71 -60 -68 0
-74 54 13 0
-66 -18 -84 0
-7 -2 17 0
-85 -66 -58 0
-4 -66 44 0
-72 27 44 0
-83 25 17 0
-68 89 -63 0
-80 -69 -46 0
5 74 -36 0
33 -19 43 0
-29 59 17 0
-19 26 -52 0
-61 -31 29 0
49 -47 -24 0
20 67 -30 0
67 21 64 0
-12 85 46 0
-10 44 7 0
64 -32 33 0
-65 -35 -36 0
36 -41 -17 0
-56 -54 -57 0
-10 -73 46 0
20 -37 -48 0
-42 55 37 0
16 68 -37 0
-49 -56 -76 0
-74 -18 -72 0
-81 39 83 0
37 77 42 0
84 -83 56 0
-72 7 -66 0
3 -45 -16 0
-25 -18 -72 0
-17 -46 -14 0
-42 39 -52 0
-62 8 24 0
68 -81 -8 0
37 -78 34 0
-14 -50 80 0
-45 -90 82 0
8 45 -81 0
-17 -51 -71 0
-79 58 -72 0
-10 90 -53 0
17 11 77 0
76 15 33 0
-71 -21 23 0
78 -30 41 0
-24 -31 21 0
-57 -26 71 0
63 26 -65 0
43 -21 -81 0
57 -38 -53 0
37 2 -56 0
-1 79 50 0
21 78 -43 0
-58 24 61 0
4 -7 38 0
-26 81 75 0
-35 -21 24 0
72 -50 -8 0
81 -68 -53 0
1 -67 -51 0
89 43 -75 0
61 7 22 0
-71 -15 66 0
84 78 39 0
-67 54 66 0
15 -86 8 0
33 -34 18 0
53 -61 -46 0
-69 -28 -4 0
62 -56 32 0
62 -55 -51 0
-51 60 86 0
69 28 -33 0
-55 65 -52 0
4 -51 64 0
70 8 -14 0
-58 -73 -60 0
49 -82 -51 0
-70 64 -57 0
36 -43 18 0
79 -8 16 0
-37 65 -56 0
-16 -27 15 0
45 -4 -56 0
28 3 48 0
-58 9 70 0
-72 -79 41 0
-34 40 -23 0
18 56 76 0
7 -85 5 0
-19 -8 -83 0
-70 84 -65 0
46 -18 27 0
89 -18 -28 0
79 -81 -61 0
10 45 75 0
-16 -8 33 0
-52 25 56 0
-49 57 62 0
10 32 73 0
63 -5 -33 0
50 43 -51 0
-62 -25 -60 0
-52 71 42 0
-74 29 -59 0
88 11 18 0
78 -64 -67 0
-82 45 13 0
-13 7 -84 0
-60 73 -80 0
85 -13 51 0
77 38 32 0
20 76 -77 0
-42 10 21 0
-8 -3 -67 0
-84 24 39 0
-47 30 -65 0
-63 86 -74 0
-3 -17 -78 0
-5 -59 -1 0
-19 1 -75 0
15 -76 -60 0
-3 -42 25 0
61 -78 11 0
41 5 -42 0
77 88 20 0
-21 30 6 0
51 -61 31 0
40 -3 8 0
-64 70 -35 0
-17 33 5 0
-40 -90 72 0
7 -3 47 0
-47 -37 35 0
3 -72 74 0
90 -54 -15 0
18 12 -2 0
-11 26 -35 0
64 -44 -28 0
76 71 30 0
-86 20 3 0
11 21 78 0
30 -29 67 0
8 67 80 0
13 -44 36 0
7 48 -24 0
-67 1 -52 0
90 6 50 0
-72 -17 9 0
-52 69 51 0
-5 11 -54 0
21 12 -44 0
48 -1 -90 0
-64 -40 -49 0
-18 35 -5 0
-62 -40 39 0
40 -83 14 0
-43 -77 20 0
31 69 -5 0
26 -81 -10 0
33 7 -79 0
55 -36 -32 0
-79 50 86 0
-55 39 23 0
-39 90 -61 0
87 33 -61 0
-72 32 -33 0
-42 -81 46 0
14 25 76 0
69 -66 37 0
-21 39 32 0
59 1 34 0
-43 55 -45 0
38 68 80 0
-11 35 3 0
-29 38 -13 0
-20 -13 11 0
32 -28 -73 0
-33 58 16 0
40 7 19 0
55 90 -61 0
-60 -62 -85 0
7 -2 24 0
73 60 -13 0
-29 -17 -36 0
19 -36 78 0
11 -55 -77 0
35 82 -12 0
23 -25 56 0
-76 -22 70 0
80 -79 -6 0
3 -42 -49 0
60 -13 80 0
19 -82 -70 0
62 -37 -42 0
50 41 13 0
-33 -87 -48 0
-10 -35 -65 0
-2 29 7 0
-67 74 66 0
79 -30 48 0
-27 51 -50 0
86 -48 -31 0
-41 -70 -54 0
-45 71 -38 0
-79 -30 -56 0
64 19 84 0
-42 -61 -46 0
-66 14 70 0
-83 44 -36 0
-44 -74 -2 0
33 29 50 0
-60 -90 -6 0
22 -82 -51 0
53 -48 13 0
74 -30 -3 0
-75 32 -34 0
-86 7 -13 0
74 69 76 0
-20 -27 -51 0
81 23 65 0
60 51 -87 0
61 -42 46 0
-67 75 -25 0
-8 45 42 0
-78 11 -85 0
27 29 20 0
-50 74 -56 0
-87 -32 16 0
-87 -82 -45 0
72 -10 85 0
32 -55 50 0
58 -32 43 0
-56 -42 68 0
-80 89 28 0
-5 -61 35 0
63 89 84 0
-16 -32 -63 0
-28 90 85 0
31 -44 47 0
10 57 -7 0
-73 57 28 0
-46 27 8 0
67 -62 -73 0
-43 -26 74 0
23 7 -6 0
46 -34 -36 0
-8 37 -29 0
-42 -43 32 0
-62 -58 8 0
-53 63 -50 0
46 -74 -1 0
-27 -79 -4 0
-69 84 -85 0
38 59 -52 0
30 -40 -33 0
-41 40 15 0
-6 11 -82 0
-5 -63 -65 0
89 -12 57 0
-12 -25 -45 0
89 22 69 0
10 43 -89 0
14 -34 46 0
-32 -49 -74 0
-79 16 7 0
-58 44 56 0
-55 -48 30 0
-18 -74 -37 0
-81 -10 88 0
31 58 44 0
-42 5 -25 0
-72 45 66 0
-11 87 47 0
-63 -62 52 0
-61 -43 56 0
-54 25 -14 0
54 73 -30 0
34 -74 58 0
-50 -55 17 0
-47 32 -71 0
81 13 -71 0
-65 28 24 0
29 18 -19 0
76 -23 65 0
50 81 -49 0
-10 -26 -32 0
16 49 34 0
87 -65 42 0
60 73 90 0
66 65 37 0
65 -54 -51 0
-84 -47 53 0
25 -88 76 0
-49 -80 -88 0
-17 -64 6 0
52 46 37 0
-14 58 18 0
17 58 -1 0
58 31 75 0
54 -21 67 0
34 -71 -76 0
76 -39 5 0
-33 88 -82 0
-85 -33 61 0
59 -18 81 0
20 25 74 0
-42 -52 -90 0
-43 86 -1 0
9 -27 -30 0
-46 -37 22 0
69 72 -36 0
79 -6 88 0
20 -31 -14 0
32 17 67 0
-42 -85 -82 0
78 -77 89 0
-89 -72 -38 0
40 -71 -47 0
22 82 7 0
86 34 -21 0
-47 49 19 0
2 15 40 0
-79 31 65 0
-79 43 -82 0
-3 18 42 0
21 1 -24 0
88 -3 19 0
35 82 -70 0
-48 -37 18 0
11 -50 10 0
