p 40 170
-26 -16 -10 0
-4 -31 6 0
-33 19 -10 0
-13 10 20 0
-8 38 -18 0
-15 -9 -13 0
-39 28 8 0
1 -39 -14 0
-38 3 -2 0
-15 -20 3 0
-7 3 -9 0
-6 -20 -4 0
-36 -8 -35 0
-11 -36 21 0
2 -9 31 0
-33 10 38 0
32 -2 37 0
-1 -6 23 0
22 -35 -19 0
9 -19 30 0
26 -39 11 0
10 17 -34 0
-14 -25 -36 0
32 35 -23 0
-6 -39 -31 0
-27 18 -29 0
-13 -38 4 0
-15 37 -18 0
-37 10 26 0
19 11 10 0
-21 19 25 0
-39 -36 4 0
33 11 2 0
-22 -16 -20 0
-21 30 -11 0
14 -19 31 0
31 40 -38 0
29 -16 13 0
-5 27 -38 0
21 38 -29 0
-9 -30 14 0
1 -27 19 0
-22 17 34 0
7 39 -30 0
-29 -28 -25 0
-10 36 -28 0
-21 -3 6 0
-28 -2 30 0
37 -34 8 0
-27 -3 -35 0
14 -35 -39 0
-4 37 -23 0
31 -26 -13 0
31 -29 -24 0
40 -14 -33 0
-25 -32 -28 0
-29 23 1 0
29 -26 39 0
18 -13 -31 0
9 -6 -25 0
2 36 -27 0
40 17 -10 0
-23 32 -38 0
13 -28 19 0
-40 -12 32 0
-13 -25 -10 0
28 12 15 0
-12 38 40 0
24 30 36 0
-3 12 34 0
-30 26 -21 0
35 30 15 0
16 25 -6 0
-9 5 -26 0
-11 22 -12 0
-35 6 -29 0
1 -17 18 0
-5 -25 -24 0
-10 -21 18 0
-31 23 -26 0
-40 -18 22 0
-18 -38 -30 0
-14 -26 31 0
-5 18 4 0
40 11 30 0
-35 -32 -4 0
8 -38 33 0
14 -27 -15 0
-36 -4 -34 0
-34 19 -3 0
36 -37 29 0
37 20 15 0
23 12 13 0
5 17 -26 0
32 24 38 0
-5 -22 12 0
31 -17 -1 0
-40 30 -13 0
1 -2 -39 0
-24 4 3 0
14 -3 -33 0
25 28 -38 0
17 -10 22 0
-13 -19 -39 0
-11 -17 -10 0
-15 -25 -4 0
20 -31 -21 0
-27 15 37 0
-27 39 26 0
30 -33 37 0
13 16 -39 0
-24 -30 -23 0
12 19 6 0
9 34 -19 0
-9 -21 -32 0
-32 13 5 0
-2 19 -25 0
30 -6 -20 0
-31 -18 26 0
13 -18 3 0
-24 9 4 0
-4 -20 33 0
2 40 9 0
34 18 22 0
22 -17 35 0
4 15 30 0
9 -22 -38 0
19 10 11 0
-6 -17 -8 0
-13 7 27 0
-31 -3 -24 0
-13 14 -4 0
20 -28 30 0
-16 3 -7 0
29 5 -12 0
6 -33 25 0
-35 22 -39 0
25 37 -40 0
-27 26 18 0
14 6 -25 0
-35 2 1 0
13 -17 -30 0
18 4 10 0
-26 12 -31 0
32 -20 39 0
-17 -30 -24 0
-28 18 11 0
9 -28 12 0
38 -27 6 0
33 10 20 0
5 22 23 0
-16 9 36 0
-25 -21 -2 0
-11 -17 -24 0
-40 5 39 0
-10 12 -40 0
-19 25 1 0
-24 17 25 0
37 -4 -7 0
21 9 35 0
-39 -14 6 0
-30 12 -21 0
19 -31 22 0
31 -27 7 0
-18 12 -5 0
6 39 -5 0
24 19 40 0
17 10 -13 0
-10 -26 33 0
-18 38 -16 0
