p 59 251
-58 13 -22 0
7 48 4 0
-4 -21 44 0
37 -6 -28 0
-46 57 -33 0
46 -16 59 0
28 56 -38 0
-38 21 -29 0
57 -40 19 0
30 32 42 0
-55 7 8 0
56 -24 37 0
-12 -6 -28 0
21 -14 -23 0
13 -34 14 0
-50 -54 -32 0
-44 -16 48 0
52 -23 24 0
-59 53 16 0
-29 45 -16 0
50 55 -36 0
29 53 35 0
34 1 23 0
19 -20 21 0
24 40 -52 0
31 49 -7 0
34 24 -46 0
-48 57 45 0
42 10 -7 0
35 -59 50 0
-29 51 -22 0
-43 -49 7 0
-21 49 18 0
53 -49 -52 0
1 33 24 0
-41 -54 -36 0
-23 -55 -46 0
-45 -53 -55 0
15 20 55 0
-8 56 -17 0
-17 33 24 0
21 -32 -59 0
-53 -5 3 0
-9 -34 -14 0
-32 -47 -58 0
52 58 11 0
-55 21 -22 0
12 -26 34 0
-8 -42 15 0
-15 2 -52 0
15 -22 24 0
-48 58 26 0
45 31 54 0
40 -36 52 0
-51 -53 -10 0
54 -35 -2 0
-54 -2 -41 0
-42 -33 56 0
50 28 -39 0
-58 21 59 0
31 -30 32 0
-7 -11 -50 0
-39 16 -29 0
-39 -26 -40 0
-12 54 -24 0
-52 -42 27 0
-14 -18 -55 0
16 -27 1 0
9 -27 -56 0
-28 -7 -26 0
45 19 -14 0
-59 -48 -11 0
23 -39 35 0
-42 -53 -9 0
-43 17 -23 0
20 -37 34 0
36 29 -1 0
-30 42 -39 0
-52 -18 25 0
-5 -34 18 0
-3 31 54 0
50 46 9 0
48 26 37 0
-15 49 -11 0
18 -3 -28 0
55 -59 -16 0
34 -29 -19 0
43 -12 10 0
-8 -59 29 0
54 -35 -36 0
-19 -9 -56 0
5 -3 2 0
44 -9 -39 0
44 4 23 0
46 -30 -49 0
-47 -55 -9 0
-51 -5 -25 0
3 -36 -18 0
1 -27 34 0
19 7 58 0
-12 -29 -9 0
5 -31 21 0
-46 11 43 0
-53 -33 -48 0
36 -7 52 0
38 -50 51 0
11 -6 -40 0
-19 -24 -52 0
-5 -14 50 0
-14 -26 -24 0
51 -13 45 0
41 58 32 0
25 50 -6 0
-43 40 35 0
50 -28 -35 0
38 -54 -6 0
1 42 -22 0
-1 -59 5 0
35 -33 8 0
29 27 -20 0
35 -34 -2 0
-26 -6 22 0
52 47 -36 0
-43 33 32 0
42 24 30 0
3 33 -13 0
-28 -55 -5 0
-57 -13 35 0
52 4 -46 0
-13 29 58 0
-6 31 28 0
-17 10 -19 0
3 -43 -31 0
-29 4 43 0
-2 -3 27 0
-45 -12 -14 0
-6 -4 -30 0
16 -25 35 0
4 17 -34 0
2 7 -32 0
43 35 39 0
-46 35 41 0
38 32 -31 0
-5 43 -55 0
-10 -15 40 0
35 11 -48 0
33 -56 22 0
-55 3 23 0
-1 -15 44 0
-40 46 -14 0
59 -8 21 0
18 55 -32 0
-32 -26 -54 0
41 45 4 0
-20 -5 -16 0
-39 7 -29 0
-5 -15 -12 0
58 28 -57 0
19 4 -3 0
-42 -16 -29 0
-42 21 36 0
43 59 9 0
-43 57 -30 0
-24 43 23 0
-57 -34 7 0
36 13 34 0
44 -45 34 0
-2 28 39 0
54 39 35 0
58 7 19 0
50 -37 -12 0
-20 -44 45 0
-26 -56 -12 0
1 12 33 0
10 51 33 0
-47 -8 -25 0
49 -39 -24 0
49 38 51 0
43 -44 14 0
52 14 35 0
-18 -57 59 0
-3 14 -7 0
32 41 -40 0
8 56 53 0
24 -39 -10 0
-47 13 -9 0
4 -21 22 0
-23 -11 -49 0
-1 -34 26 0
20 1 42 0
33 -23 9 0
28 6 32 0
-26 -50 5 0
50 20 -18 0
-16 -26 -48 0
-15 8 -51 0
-29 -7 28 0
-26 -9 -15 0
29 14 34 0
-7 -21 56 0
38 5 -29 0
52 -14 6 0
-41 46 -30 0
10 -57 39 0
-3 1 -5 0
-58 -36 12 0
5 -30 -46 0
-33 -28 39 0
35 -6 32 0
45 32 -27 0
29 -56 57 0
16 25 33 0
-41 16 -58 0
-53 -40 -44 0
-57 44 -36 0
-17 55 39 0
16 43 8 0
-53 -51 56 0
39 13 56 0
24 -57 19 0
-29 59 2 0
10 36 -12 0
-52 -58 -33 0
13 1 10 0
54 -36 23 0
-36 25 -23 0
-53 -15 45 0
51 38 -50 0
-47 -27 -13 0
38 -30 -11 0
6 -50 37 0
28 19 -5 0
-35 40 4 0
-5 33 44 0
23 26 52 0
-44 19 29 0
-8 35 2 0
-27 43 -2 0
12 -4 5 0
37 34 54 0
18 -49 -30 0
54 -20 -9 0
-24 27 12 0
24 3 -15 0
13 9 -47 0
17 26 8 0
43 38 -36 0
-59 16 23 0
56 -29 13 0
42 -34 -55 0
-49 18 50 0
