p 89 379
85 1 17 0
-17 -62 -8 0
89 80 81 0
-5 -64 -1 0
10 3 7 0
79 -62 -57 0
-57 -53 9 0
-40 -2 49 0
1 69 86 0
-24 -37 22 0
-36 40 61 0
-17 25 56 0
53 20 7 0
61 -85 53 0
67 -13 -45 0
-15 24 21 0
62 -7 -4 0
-83 25 7 0
23 51 38 0
-52 15 -25 0
3 48 -41 0
28 58 83 0
65 -61 47 0
-46 -31 -66 0
55 59 36 0
43 56 -6 0
87 1 24 0
49 -31 40 0
-24 28 61 0
71 27 53 0
-31 -73 19 0
-28 23 55 0
58 78 48 0
64 -18 11 0
-70 -1 -68 0
29 -72 -25 0
-35 38 13 0
40 -33 85 0
-28 69 -82 0
51 46 -21 0
-52 -25 -27 0
4 14 -21 0
89 -47 -25 0
34 41 50 0
63 14 -10 0
81 -80 -88 0
-88 -75 51 0
39 3 -12 0
46 -10 -63 0
-54 6 75 0
-44 -31 36 0
-83 -12 -54 0
39 -53 28 0
51 46 -44 0
3 -58 47 0
35 38 -65 0
-41 -80 55 0
81 67 28 0
78 47 -28 0
10 17 26 0
-84 76 53 0
-61 48 -81 0
43 86 -21 0
-37 54 -18 0
70 79 -45 0
-83 1 12 0
-56 8 6 0
-34 -42 52 0
54 -45 14 0
-6 22 -19 0
17 -30 21 0
67 46 14 0
51 -13 -14 0
-17 78 82 0
-69 54 -2 0
10 87 -15 0
-58 -12 72 0
-77 2 19 0
68 67 -32 0
-17 -62 -5 0
-38 1 -55 0
-56 70 47 0
16 43 26 0
-44 18 -66 0
1 -50 -22 0
86 -33 84 0
-84 15 75 0
-89 -13 52 0
-52 -66 -30 0
-29 40 76 0
9 -29 -78 0
-46 75 63 0
43 25 -73 0
-43 -1 75 0
37 -11 -79 0
-65 -87 -63 0
75 81 47 0
70 86 -59 0
-72 41 29 0
-16 37 54 0
-71 3 75 0
-20 -55 -60 0
89 15 58 0
11 59 -81 0
21 -37 75 0
-29 43 86 0
83 -63 8 0
36 -48 -88 0
-28 -9 -68 0
4 -19 18 0
18 -2 -34 0
12 68 -77 0
-38 69 89 0
-31 -47 78 0
-53 31 -72 0
18 26 -5 0
-78 -81 16 0
39 -87 46 0
-22 -68 -49 0
-6 33 1 0
-76 -37 -42 0
-17 -18 -77 0
-62 31 -2 0
-74 31 78 0
54 -69 -14 0
66 39 -26 0
-40 22 44 0
23 50 -54 0
30 -67 -70 0
-84 -48 56 0
-1 22 6 0
41 -51 34 0
67 37 -76 0
-77 72 88 0
-35 -84 73 0
-64 -87 -28 0
-23 -28 -63 0
-79 -34 -89 0
5 -35 7 0
-37 9 73 0
-7 -63 40 0
3 41 76 0
78 -86 -5 0
-2 82 -66 0
-30 78 -9 0
76 45 44 0
29 -33 82 0
-36 -57 37 0
-23 9 -86 0
22 34 -33 0
23 89 -61 0
85 37 14 0
-79 19 -50 0
53 -58 68 0
-3 -27 -71 0
30 -73 -7 0
19 49 -67 0
-88 2 4 0
77 89 -9 0
-5 24 20 0
55 -8 44 0
-29 -82 3 0
82 -22 25 0
11 -46 -56 0
-10 65 -83 0
-78 -54 79 0
-39 22 -1 0
-23 79 -33 0
-4 -36 82 0
74 57 -10 0
-42 -70 1 0
48 -38 9 0
27 -28 83 0
50 8 -83 0
-48 -28 -66 0
31 -80 53 0
49 -48 59 0
4 51 22 0
87 -20 -28 0
7 -54 81 0
68 55 -4 0
17 -34 -15 0
22 -42 -55 0
-37 6 32 0
8 79 78 0
22 -80 65 0
78 62 52 0
-12 -29 -89 0
-10 72 -1 0
-88 -38 -8 0
9 67 -54 0
-7 -56 -43 0
-86 -26 63 0
-50 58 47 0
-13 37 -86 0
-87 51 -84 0
-38 -58 31 0
-62 -64 -6 0
-42 -76 -52 0
86 -44 57 0
-26 -85 -36 0
81 -53 -77 0
51 46 21 0
4 16 -32 0
37 23 43 0
-37 54 24 0
18 1 -14 0
-82 56 78 0
19 -54 58 0
39 17 73 0
-80 -9 -56 0
-64 -66 -81 0
-23 -49 51 0
53 37 -25 0
-47 -13 9 0
51 57 -76 0
-18 -22 9 0
-67 9 -12 0
30 65 11 0
51 -57 63 0
80 79 -22 0
28 63 34 0
20 77 -81 0
-72 -89 83 0
-78 45 73 0
82 79 -42 0
32 57 -77 0
-17 1 -16 0
-1 24 48 0
-42 83 10 0
-31 -15 44 0
21 -38 -53 0
86 -64 87 0
-69 -56 -5 0
19 56 -78 0
19 84 -23 0
-74 -15 70 0
-2 -53 -14 0
-13 12 76 0
30 -9 -76 0
50 39 -64 0
38 4 -43 0
21 -33 -81 0
-27 1 -72 0
38 -39 -9 0
-40 1 26 0
35 2 58 0
-37 48 -44 0
18 -84 17 0
-22 30 36 0
29 1 35 0
-4 -68 88 0
30 72 13 0
-54 -31 80 0
-16 -70 -6 0
69 -28 12 0
79 -75 74 0
87 -25 -79 0
62 77 -37 0
77 -12 -29 0
-51 -69 47 0
-17 36 -15 0
-56 -82 -81 0
-10 29 18 0
-31 -61 58 0
24 -60 16 0
21 79 65 0
56 88 -59 0
-21 10 45 0
10 -60 -65 0
60 -18 75 0
-82 -17 29 0
77 59 -56 0
16 77 -13 0
79 -8 -57 0
22 4 -70 0
-10 -6 -36 0
42 2 31 0
-70 -34 81 0
37 35 -23 0
45 -2 56 0
-18 -23 34 0
12 17 -60 0
37 51 -39 0
-39 -12 3 0
-14 -67 -66 0
-59 -50 -28 0
-54 -78 -84 0
-75 -39 -34 0
-10 84 -54 0
-79 -59 6 0
49 -39 31 0
-44 62 -80 0
37 20 -50 0
74 -27 5 0
-7 59 22 0
-59 50 -9 0
-58 27 13 0
48 64 -76 0
74 -7 -10 0
52 -65 -34 0
-6 -57 83 0
-66 24 87 0
-45 -21 -74 0
-13 37 -11 0
-38 -19 31 0
-59 -73 85 0
3 -15 -85 0
-37 79 86 0
-29 -30 55 0
36 -19 80 0
-5 -81 79 0
-12 -78 81 0
27 -26 -59 0
19 63 21 0
-48 -65 68 0
-11 74 36 0
37 25 -41 0
-41 66 79 0
1 -75 -39 0
-1 -30 9 0
-55 16 87 0
38 62 -22 0
54 58 9 0
43 77 -38 0
-32 -43 40 0
87 77 43 0
29 -80 76 0
83 53 -81 0
22 -62 40 0
39 26 -42 0
-12 -82 24 0
31 13 46 0
25 -11 26 0
61 28 16 0
-41 -31 46 0
84 -45 14 0
-5 -19 -33 0
-60 78 -31 0
-7 -61 -49 0
-73 -42 -33 0
40 89 -25 0
-53 51 34 0
29 48 79 0
-60 -32 -57 0
85 75 33 0
78 -51 80 0
66 -8 79 0
28 -54 -33 0
12 -53 79 0
-35 -19 78 0
32 -76 46 0
36 -9 29 0
21 -5 -42 0
28 47 61 0
47 48 68 0
69 35 -32 0
16 -81 19 0
62 71 -79 0
-10 -36 54 0
24 -51 -28 0
79 -54 -68 0
-84 37 -69 0
-88 44 81 0
67 6 -38 0
23 -21 -62 0
42 24 65 0
-1 -14 -89 0
-64 46 -49 0
83 78 63 0
89 -60 45 0
18 -84 -26 0
-76 58 2 0
80 47 -85 0
59 -81 -13 0
15 11 20 0
-20 65 8 0
-21 -7 -42 0
75 74 -6 0
