p 14 59
11 -9 8 0
7 8 4 0
-8 -10 6 0
-9 -7 4 0
11 2 3 0
1 13 -5 0
1 -14 -7 0
4 -7 -10 0
14 13 12 0
-10 6 4 0
14 3 13 0
-3 -5 -10 0
3 -5 13 0
-2 14 13 0
-11 -7 13 0
-10 -6 -7 0
-7 -9 11 0
-14 -4 10 0
-13 -9 -6 0
9 1 -6 0
12 -7 11 0
7 -14 -1 0
-5 -13 -3 0
-5 13 14 0
1 13 10 0
-13 -8 11 0
-9 13 -7 0
3 -10 -5 0
-4 10 3 0
-2 -1 13 0
-6 4 -11 0
-4 -5 -12 0
-10 -8 5 0
13 -2 -14 0
14 -2 -10 0
12 -2 -10 0
9 8 13 0
-2 -7 -12 0
-14 7 -5 0
-4 9 -6 0
9 -5 -10 0
6 1 -9 0
3 12 8 0
-7 -4 -11 0
4 -12 1 0
11 -12 -3 0
3 7 6 0
5 4 -10 0
-6 -13 2 0
1 4 -14 0
-4 -13 6 0
-4 5 -10 0
-3 -11 -2 0
-9 11 -12 0
-5 -9 -14 0
4 6 -10 0
10 4 -8 0
-10 7 5 0
-11 4 7 0
