p 46 195
-24 37 -5 0
2 12 -22 0
-42 -15 -24 0
-7 -32 9 0
-12 14 32 0
19 28 -46 0
-11 -33 -23 0
1 18 -32 0
7 33 40 0
18 34 -29 0
-33 -36 18 0
35 -29 33 0
-12 35 -7 0
-20 39 -30 0
25 22 37 0
-42 1 -9 0
-3 43 19 0
-10 26 -16 0
30 33 -22 0
7 -33 -45 0
43 -14 2 0
-23 6 -46 0
-13 8 26 0
-24 -5 -12 0
-37 2 -17 0
10 -1 -38 0
-24 -12 26 0
-46 40 16 0
4 17 14 0
22 11 -20 0
-13 -36 -45 0
-5 -13 -33 0
-7 45 -19 0
-27 -36 -35 0
9 -14 -8 0
-37 44 -36 0
-44 5 2 0
13 -6 -15 0
-2 28 37 0
-4 28 1 0
-20 -43 26 0
46 -34 -27 0
-38 -27 14 0
-27 -32 -37 0
22 30 25 0
-26 4 15 0
-24 2 33 0
29 19 3 0
26 -36 -9 0
-8 -34 -2 0
23 -25 36 0
-23 -38 16 0
30 -34 -7 0
5 11 19 0
23 31 37 0
41 -36 23 0
-8 38 -28 0
-20 3 45 0
28 30 41 0
23 15 -27 0
27 -16 -21 0
-34 30 -36 0
-16 -33 -31 0
16 -32 -40 0
29 42 -10 0
35 -20 22 0
13 -26 -38 0
-19 -24 1 0
-31 -15 24 0
28 -44 24 0
-30 24 17 0
-3 11 46 0
32 -21 -24 0
17 -16 35 0
-11 -19 37 0
10 -32 27 0
-40 45 46 0
43 28 -9 0
37 39 -25 0
32 -11 -13 0
23 11 -22 0
-46 39 36 0
21 32 16 0
24 39 26 0
6 7 -45 0
-26 -5 -13 0
33 31 17 0
13 44 34 0
29 -38 -36 0
13 39 -2 0
10 23 -15 0
39 -32 23 0
16 44 5 0
34 14 -25 0
1 4 -24 0
-13 -30 24 0
-28 13 -14 0
-22 3 15 0
-14 8 6 0
16 28 39 0
4 -6 -44 0
32 34 -41 0
-3 -25 14 0
12 -30 -21 0
-12 -16 28 0
-16 8 32 0
-20 -21 -18 0
1 17 -7 0
4 -45 -15 0
-33 -18 29 0
13 34 -39 0
-28 10 -37 0
32 -40 8 0
5 8 40 0
-5 30 21 0
-34 4 27 0
1 -24 -34 0
5 -20 38 0
22 16 27 0
27 2 37 0
-11 -27 -31 0
-31 -4 -43 0
-32 5 -12 0
20 -43 -30 0
-43 23 -11 0
-29 -28 10 0
3 23 -38 0
-7 -27 34 0
29 -45 -15 0
42 35 -20 0
8 -42 -39 0
41 3 -10 0
27 12 7 0
-36 33 6 0
37 12 39 0
-44 24 30 0
-38 -11 -30 0
-8 46 27 0
-29 -14 -9 0
10 -27 -2 0
-14 -24 27 0
-33 -11 -16 0
-36 11 10 0
19 -15 31 0
46 -30 -37 0
38 24 44 0
20 -9 -26 0
-33 -27 -13 0
27 41 21 0
-27 -5 -9 0
-14 -3 -28 0
33 20 37 0
3 -19 25 0
-17 -6 -37 0
-20 32 -26 0
6 -31 27 0
17 14 -11 0
-18 39 -45 0
4 40 41 0
15 -28 19 0
1 -5 -8 0
-11 -8 -9 0
-27 13 -38 0
32 -22 -27 0
-11 -19 43 0
2 -13 -6 0
-1 -29 -24 0
-25 -44 32 0
-34 -21 -33 0
3 8 -9 0
26 -40 32 0
5 -45 -19 0
-22 -24 32 0
-41 -33 -2 0
-33 -15 -6 0
8 22 13 0
-26 46 -40 0
22 -16 -10 0
2 33 10 0
-29 -4 -40 0
42 32 -33 0
39 11 29 0
-36 4 29 0
-41 40 45 0
-39 37 21 0
13 29 33 0
-43 11 -46 0
-15 33 32 0
-1 31 18 0
28 35 -33 0
-39 37 45 0
42 20 -31 0
-11 -3 13 0
37 14 -45 0
34 -9 27 0
