p 96 408
-10 -25 -36 0
-21 -28 -34 0
48 -79 96 0
49 -17 -3 0
83 -9 73 0
-2 30 -79 0
56 -78 -58 0
21 66 -93 0
-29 84 -2 0
82 -88 10 0
3 -48 -30 0
18 -62 -23 0
15 -66 -75 0
75 39 -96 0
-7 -91 39 0
-31 39 84 0
-8 -64 -91 0
11 66 13 0
4 -23 -10 0
37 62 -89 0
-95 -14 94 0
90 -37 13 0
44 -68 -32 0
-79 11 -62 0
-91 -75 -51 0
66 -55 43 0
85 -60 75 0
-22 -42 -93 0
43 -38 4 0
-43 29 -81 0
37 79 40 0
37 21 7 0
71 -80 -6 0
-38 29 -73 0
-22 37 11 0
51 74 -21 0
-61 -66 1 0
74 62 87 0
-95 -51 60 0
74 42 70 0
24 58 22 0
-30 -71 38 0
-50 11 -28 0
24 -90 52 0
-93 -21 -29 0
28 38 14 0
68 -33 -96 0
8 -56 -13 0
42 -95 -3 0
-43 -88 -66 0
-36 -43 59 0
-62 13 87 0
-49 -41 35 0
44 -82 61 0
-10 -92 40 0
-83 -93 33 0
2 -70 68 0
24 57 77 0
-58 18 -47 0
83 -1 -54 0
13 12 -30 0
17 -54 -52 0
90 -19 70 0
-46 -56 88 0
14 25 -10 0
66 -79 87 0
21 -85 79 0
-18 -83 -46 0
-52 -59 2 0
18 96 29 0
-8 92 -57 0
-40 90 -11 0
78 52 -75 0
45 73 -58 0
-92 83 52 0
34 -32 -1 0
32 37 22 0
66 43 38 0
-44 5 20 0
48 95 -76 0
87 -53 66 0
-80 -32 81 0
26 -3 44 0
-11 63 7 0
72 -70 28 0
56 52 60 0
-50 -6 49 0
38 53 -55 0
78 67 53 0
-53 18 -45 0
29 -19 -10 0
60 -84 7 0
31 -30 43 0
73 -76 24 0
-91 -11 78 0
52 -6 -29 0
2 82 -28 0
-72 58 32 0
-9 -73 -96 0
-13 31 -43 0
14 -2 -73 0
-96 -80 51 0
-23 -39 2 0
33 -21 80 0
-23 70 -52 0
-85 3 62 0
63 -81 3 0
26 70 -51 0
28 -46 -66 0
82 -55 60 0
-42 -39 64 0
-37 48 -86 0
-79 -56 81 0
-53 -73 94 0
84 -76 -26 0
-62 -44 -42 0
-27 -3 81 0
96 35 62 0
-33 19 26 0
14 -34 -80 0
34 -10 -91 0
-79 -90 -68 0
70 10 -90 0
-10 90 -17 0
-49 77 83 0
-65 -61 54 0
42 -59 -79 0
-57 -15 48 0
-70 -19 33 0
-48 -55 -10 0
-67 -76 81 0
17 69 -26 0
-79 41 94 0
-3 -69 -7 0
61 20 -15 0
-51 -22 -55 0
20 -88 29 0
24 -35 7 0
-34 87 7 0
62 -17 85 0
-11 -24 60 0
26 -18 -28 0
51 25 34 0
87 70 69 0
54 93 19 0
-32 66 72 0
64 -39 24 0
-30 -9 -70 0
-26 53 -73 0
-76 82 89 0
-30 85 -68 0
52 -81 -94 0
41 14 -31 0
-40 38 63 0
-32 -40 -77 0
17 50 72 0
65 -49 94 0
-25 48 -57 0
30 11 81 0
-50 55 -31 0
77 -90 14 0
-31 68 61 0
53 -77 -44 0
89 -79 -76 0
6 -41 15 0
62 -81 -4 0
91 -59 81 0
60 -49 54 0
-94 -26 -17 0
-39 60 81 0
70 10 47 0
91 -21 -25 0
22 52 33 0
5 -51 -21 0
-83 -85 87 0
73 58 -47 0
-93 82 15 0
-75 70 85 0
-18 38 -42 0
-85 71 -74 0
20 51 66 0
-83 21 -22 0
41 85 -17 0
-96 -65 69 0
28 88 -73 0
-27 53 -51 0
16 -92 -71 0
56 -92 -66 0
93 42 4 0
-21 39 -36 0
36 66 8 0
-29 44 -83 0
-63 -86 2 0
-45 -83 90 0
33 -94 78 0
32 -69 -78 0
-4 -91 -25 0
83 -3 28 0
62 93 61 0
66 14 -89 0
-90 -14 38 0
70 -50 14 0
57 -78 8 0
-80 -18 75 0
78 -53 -33 0
-7 41 80 0
-39 59 62 0
89 76 56 0
-47 -34 -11 0
96 95 15 0
-27 25 -78 0
-70 -64 -72 0
-9 -23 -62 0
-67 -79 82 0
91 64 46 0
58 13 -4 0
45 71 52 0
17 -36 -40 0
-81 1 86 0
-74 63 -53 0
-93 74 5 0
-43 -46 88 0
4 72 -23 0
84 77 54 0
-64 -9 83 0
94 96 -28 0
-33 94 42 0
92 -50 72 0
4 9 -36 0
-38 -32 73 0
-35 68 84 0
89 2 -4 0
93 -44 29 0
-67 -64 62 0
29 -11 -50 0
20 -58 -42 0
-18 76 -62 0
-27 52 -28 0
55 -81 -11 0
-55 -51 -15 0
76 -80 -70 0
-31 78 19 0
9 10 -17 0
-44 -9 54 0
-52 -56 23 0
12 54 34 0
-10 77 -64 0
-89 -50 -55 0
-62 -70 -24 0
-57 60 -80 0
-80 -41 8 0
78 8 89 0
23 52 -72 0
-87 5 16 0
81 11 -47 0
-19 -56 -54 0
57 -62 -92 0
-79 -9 -68 0
27 87 89 0
-62 -19 -96 0
49 93 -59 0
-83 -56 -87 0
83 18 39 0
-81 -34 30 0
-34 -60 96 0
-35 -62 -27 0
85 50 83 0
-16 -91 70 0
54 95 -39 0
36 -95 -7 0
-8 -35 31 0
62 20 68 0
71 -34 -20 0
84 -61 -42 0
52 -63 6 0
-96 62 -18 0
11 -9 -46 0
-79 3 -85 0
19 15 -73 0
10 31 -84 0
74 29 2 0
39 31 -6 0
-82 77 59 0
90 -82 74 0
21 -26 -87 0
37 6 -84 0
91 1 43 0
-88 -38 -44 0
16 96 -5 0
-95 -9 64 0
52 -30 81 0
51 66 -55 0
-53 -58 55 0
-34 4 -35 0
-10 -7 -73 0
-26 -75 -46 0
-11 50 -84 0
68 55 -58 0
-28 -67 84 0
52 -23 63 0
-59 -47 24 0
58 -82 -25 0
48 87 -24 0
96 22 -53 0
-83 48 -5 0
-62 60 41 0
17 79 1 0
35 -15 -24 0
-68 37 -42 0
-31 -65 -24 0
92 -23 -78 0
-88 -1 -8 0
52 61 -3 0
-40 92 34 0
-1 -51 62 0
3 -50 63 0
-57 41 -58 0
49 50 35 0
-31 64 -30 0
-62 26 80 0
-40 -63 -95 0
5 -26 6 0
-51 -13 84 0
3 -72 85 0
64 -52 -77 0
-83 -79 31 0
-53 -51 27 0
-25 48 -15 0
67 -90 -43 0
38 32 -84 0
-76 -86 87 0
-31 53 64 0
-83 40 80 0
-95 -29 -83 0
44 1 -93 0
-45 -14 10 0
-81 -72 -60 0
40 7 -77 0
81 67 84 0
23 54 90 0
77 -22 34 0
77 -54 74 0
-59 22 7 0
-84 -92 -93 0
-26 19 -9 0
-3 46 -11 0
84 83 27 0
-78 82 51 0
-51 12 14 0
21 91 -49 0
61 -95 -11 0
3 11 -45 0
-56 -63 -10 0
2 -93 45 0
-22 -16 -60 0
27 -31 87 0
40 -94 -84 0
19 45 -12 0
8 -3 -96 0
35 -94 20 0
43 63 -89 0
-42 -46 -70 0
-79 -22 -38 0
-36 -77 81 0
-46 1 48 0
39 -37 -26 0
-53 -4 -85 0
76 4 -85 0
51 -41 -31 0
42 -3 67 0
-50 -94 -62 0
-21 -87 66 0
93 36 11 0
70 -13 80 0
18 91 20 0
88 28 76 0
72 -30 -14 0
-24 74 93 0
89 -34 -81 0
59 28 -16 0
-90 34 18 0
27 64 22 0
-95 9 20 0
8 -89 39 0
-34 -49 92 0
18 86 81 0
22 65 -82 0
42 46 -68 0
33 -47 -95 0
9 -28 -55 0
46 -57 -22 0
19 85 -88 0
31 43 76 0
4 -76 -92 0
-94 -78 91 0
30 -52 -93 0
-25 53 48 0
-18 -53 -83 0
83 -42 19 0
84 -8 62 0
-53 45 72 0
-42 8 -94 0
-50 -94 -5 0
12 -22 -72 0
77 92 19 0
-32 78 48 0
-28 -5 -92 0
-64 53 96 0
