p 39 166
-38 24 28 0
-26 37 -15 0
-16 -21 -3 0
39 4 15 0
29 -10 -24 0
13 14 11 0
-9 -15 35 0
-12 -38 13 0
32 6 -3 0
22 -28 -38 0
-21 6 -39 0
-34 -5 -16 0
18 13 -8 0
32 -20 -24 0
-28 -11 9 0
-34 14 31 0
-5 -14 -10 0
-6 13 -28 0
30 14 19 0
-1 28 -30 0
30 26 -14 0
29 -14 7 0
-21 6 37 0
28 -4 -14 0
4 -7 -25 0
6 14 18 0
13 29 4 0
-25 7 -31 0
17 4 -16 0
-11 25 31 0
31 -29 -28 0
-36 -33 12 0
9 -30 -16 0
-20 -24 22 0
-38 -4 11 0
2 6 -13 0
13 38 37 0
-8 -26 -22 0
18 -12 -19 0
-20 -2 9 0
-24 35 -23 0
11 5 34 0
35 13 -24 0
-2 5 26 0
32 22 35 0
4 1 30 0
-24 -6 17 0
-27 4 -16 0
5 15 29 0
-12 34 5 0
34 36 -8 0
-37 -36 -2 0
33 20 9 0
-35 25 -29 0
14 -21 8 0
21 19 16 0
24 1 31 0
35 14 -17 0
21 -31 -3 0
-25 32 6 0
32 -37 2 0
-6 2 -15 0
8 -16 -23 0
21 29 -39 0
-16 -35 32 0
22 12 1 0
-7 -32 35 0
-22 2 -7 0
-16 -19 11 0
-17 7 -2 0
-24 19 -36 0
-18 28 9 0
-25 -10 -34 0
4 -29 -16 0
-25 37 -9 0
17 -20 -30 0
-7 -29 -14 0
6 31 -2 0
21 26 39 0
38 28 -15 0
29 -34 21 0
24 -30 16 0
11 31 8 0
-1 -21 28 0
33 -24 20 0
-20 -18 -38 0
3 33 -8 0
-27 -23 29 0
15 29 -33 0
-33 -24 -35 0
-3 32 9 0
16 37 6 0
-8 2 1 0
39 2 -10 0
-9 15 -12 0
35 -16 -19 0
-6 -13 -28 0
-8 18 -36 0
35 -8 25 0
16 32 29 0
31 37 -2 0
-14 -4 13 0
-24 25 -26 0
19 -34 39 0
-22 -38 -1 0
31 4 13 0
-37 1 20 0
-26 6 -18 0
-36 28 2 0
-3 18 21 0
27 -8 12 0
24 14 2 0
1 -7 -4 0
-18 30 1 0
-31 -9 -1 0
36 38 4 0
29 13 12 0
10 -4 -29 0
-20 -37 -36 0
-39 12 -34 0
27 11 20 0
12 -28 -26 0
-20 -19 2 0
23 -6 19 0
-33 22 -32 0
23 -18 37 0
36 -28 27 0
-24 -34 36 0
-6 3 34 0
-24 -20 25 0
37 21 28 0
4 -11 -7 0
-2 -4 -39 0
-28 21 36 0
-13 12 -11 0
38 -39 13 0
-34 -7 -15 0
9 32 -21 0
-15 -6 -36 0
-19 -13 -34 0
-37 -17 36 0
17 -21 26 0
-2 23 28 0
-30 29 16 0
-39 -28 -23 0
-24 26 7 0
9 7 -20 0
-15 -33 -12 0
-30 36 26 0
-35 -12 18 0
30 -16 -25 0
14 27 21 0
37 -12 15 0
36 -16 21 0
-31 33 -14 0
-34 -7 -24 0
-35 28 -24 0
6 -1 -39 0
10 20 34 0
16 27 -33 0
34 8 -17 0
-20 39 21 0
25 -35 -27 0
21 4 35 0
21 -20 -5 0
-32 14 -23 0
