p 63 268
16 36 -4 0
-60 56 -3 0
11 8 -2 0
47 38 -39 0
23 -63 -43 0
-54 62 55 0
1 40 -60 0
-54 -43 -49 0
-14 -36 -31 0
-53 10 38 0
-61 41 -49 0
51 -14 44 0
-36 30 22 0
42 17 -60 0
48 -13 2 0
16 -2 58 0
-20 33 -31 0
-39 7 -59 0
-23 48 36 0
-9 -46 -29 0
37 -10 59 0
-59 -12 -10 0
41 3 59 0
14 19 -31 0
28 -45 -29 0
60 -54 -51 0
33 -5 26 0
28 -23 31 0
-19 -63 -42 0
-27 -60 40 0
-7 49 27 0
19 -36 56 0
55 -6 47 0
40 -25 61 0
-10 -13 -39 0
35 31 -29 0
3 35 21 0
-16 32 26 0
-48 5 35 0
5 -58 60 0
-56 -45 -32 0
-62 -43 -28 0
-5 -54 -35 0
-13 -34 -28 0
12 -29 -50 0
-24 31 -5 0
58 31 -32 0
10 34 51 0
-23 51 14 0
-31 36 62 0
-1 39 -63 0
-36 -4 30 0
-40 -47 -5 0
59 -39 -43 0
44 6 -3 0
45 -23 -29 0
42 46 57 0
37 -52 -3 0
-53 -47 17 0
-11 -33 -59 0
-24 16 11 0
11 10 -58 0
-16 60 11 0
62 -1 -31 0
6 24 -19 0
-57 -40 41 0
58 13 -28 0
62 -19 1 0
51 -43 28 0
-4 23 -21 0
-13 -53 -1 0
-36 32 25 0
56 -32 33 0
9 16 -49 0
42 -17 37 0
35 5 -55 0
25 -59 -58 0
41 43 -13 0
-3 -29 61 0
-6 7 53 0
3 -21 10 0
-47 -15 27 0
8 -4 -33 0
-24 18 -35 0
41 -11 28 0
48 -10 -35 0
11 -20 -43 0
-10 44 62 0
-37 59 36 0
63 -49 6 0
20 35 -46 0
34 -43 36 0
-34 46 -52 0
-16 38 -29 0
-11 8 35 0
46 33 -36 0
-16 27 -54 0
-18 -60 -55 0
2 6 10 0
54 -25 22 0
-53 44 -33 0
8 24 -42 0
-54 52 -62 0
17 -23 -37 0
-2 -40 43 0
-56 38 -14 0
-24 15 35 0
-4 5 -21 0
62 -52 -58 0
-13 45 -54 0
-48 -45 7 0
-47 43 52 0
21 -2 -26 0
17 32 52 0
62 -46 -51 0
3 13 44 0
43 15 58 0
44 15 49 0
23 -45 17 0
-38 -10 21 0
20 27 34 0
41 1 35 0
7 51 -14 0
-31 55 12 0
20 26 -15 0
49 -53 -24 0
-63 -20 25 0
-55 30 4 0
-63 17 -45 0
-22 -45 -27 0
22 -36 -5 0
-23 54 -29 0
-14 26 -62 0
-24 40 -35 0
33 -6 15 0
13 1 42 0
-20 -35 13 0
44 59 45 0
-13 29 43 0
-28 63 -39 0
23 3 -34 0
-29 -6 -17 0
56 -10 -53 0
46 55 -21 0
16 11 33 0
26 -41 -9 0
-14 50 37 0
-41 37 -5 0
-12 27 42 0
18 -61 17 0
9 -22 -54 0
-49 -40 24 0
53 51 -28 0
-12 40 6 0
53 62 -5 0
34 -48 -7 0
-45 -62 35 0
-14 22 -7 0
-58 38 -56 0
8 -20 59 0
-43 60 44 0
2 -46 62 0
1 30 -18 0
-53 -61 50 0
-6 42 -2 0
53 57 -61 0
59 45 19 0
-45 -46 15 0
-59 -43 -49 0
-62 -28 43 0
-33 45 30 0
-24 63 40 0
-47 -37 20 0
-47 13 59 0
-53 9 -55 0
-15 -48 -58 0
21 -56 -23 0
12 -54 -46 0
54 -62 10 0
-44 -15 -39 0
-37 39 34 0
-26 -3 -56 0
-19 -28 59 0
33 21 11 0
-22 46 50 0
-8 -50 -61 0
57 18 -28 0
44 -37 7 0
-54 -25 50 0
-5 -43 31 0
-26 -33 16 0
-24 -18 35 0
-44 49 -14 0
-3 -26 62 0
-11 -13 4 0
-43 -1 -39 0
40 7 -36 0
-3 -58 49 0
-17 -45 -19 0
61 49 2 0
15 2 8 0
9 -40 -22 0
-3 -37 30 0
59 -28 54 0
-17 -34 54 0
21 27 60 0
52 -17 29 0
15 -55 49 0
44 -13 -33 0
19 -23 53 0
62 -1 57 0
-22 16 26 0
-40 13 -29 0
42 -37 53 0
-41 -19 -37 0
-30 44 42 0
-57 46 -43 0
49 -57 25 0
51 45 -57 0
-4 -15 6 0
-22 -10 47 0
55 -31 49 0
-61 33 21 0
39 -37 40 0
63 56 -52 0
-24 3 -1 0
13 -60 -20 0
-4 -21 -32 0
-58 32 23 0
30 -39 -19 0
55 54 57 0
-50 19 2 0
57 23 32 0
9 27 37 0
49 37 22 0
-49 24 -63 0
3 -40 -23 0
-7 -26 49 0
21 10 61 0
-39 -38 -28 0
47 11 12 0
53 -16 30 0
21 -7 36 0
40 42 57 0
-9 -2 56 0
52 55 -4 0
-56 -2 -14 0
-35 20 -12 0
-8 -9 -56 0
-52 -9 -63 0
30 8 24 0
-7 45 31 0
-53 -59 25 0
-52 -34 4 0
-24 -31 -42 0
-58 4 57 0
-24 57 -2 0
-2 -42 -19 0
61 -2 -16 0
12 37 -30 0
-61 -34 -51 0
36 48 -5 0
46 -10 -22 0
-24 31 -8 0
17 57 2 0
14 -45 31 0
22 -32 20 0
35 22 -61 0
