p 58 247
-58 -48 37 0
3 25 35 0
30 -20 -45 0
3 7 -41 0
8 -20 28 0
28 9 49 0
39 -31 -27 0
11 -13 37 0
54 -3 -28 0
3 -48 -8 0
-48 -33 -24 0
-53 47 -45 0
-32 -12 -5 0
35 57 54 0
37 -46 41 0
42 -9 -30 0
-20 25 57 0
-7 29 -58 0
-36 20 55 0
42 -52 4 0
-41 24 -8 0
-55 -56 -17 0
29 4 49 0
10 55 1 0
-11 56 -46 0
-15 -23 31 0
1 -8 -53 0
-24 -40 -26 0
25 -8 15 0
16 -50 58 0
52 13 1 0
-53 -50 -30 0
53 -29 -38 0
2 22 -45 0
-51 -15 33 0
-34 6 -48 0
20 -34 33 0
-48 -3 14 0
15 27 -38 0
14 36 -8 0
-58 54 -33 0
-10 -20 -57 0
-43 56 35 0
-6 10 11 0
-58 7 8 0
46 -1 -49 0
-10 27 52 0
41 46 -20 0
-20 15 -58 0
-43 -32 48 0
-46 -30 -17 0
18 -43 21 0
-21 39 -29 0
34 1 47 0
-55 12 -46 0
-1 -31 17 0
-32 21 -12 0
15 19 -42 0
-3 -51 40 0
3 -19 18 0
-58 10 47 0
45 -15 -41 0
-56 58 35 0
-47 -12 -43 0
-12 30 43 0
-23 15 28 0
33 -25 18 0
51 -37 -45 0
51 39 -55 0
-45 39 -30 0
-36 34 13 0
10 -7 8 0
-7 12 -49 0
-53 19 58 0
15 33 48 0
30 -41 48 0
-11 20 -36 0
-44 -50 6 0
-8 16 31 0
57 44 53 0
12 23 1 0
-36 -4 -29 0
34 19 -22 0
-8 11 5 0
41 26 49 0
-48 36 -28 0
-18 -22 -54 0
47 8 54 0
-47 -15 -17 0
48 -45 34 0
15 8 -57 0
21 49 20 0
-36 6 51 0
-11 46 -51 0
-21 12 -48 0
26 -45 4 0
-19 -3 -34 0
42 -6 24 0
-53 -8 -12 0
44 -45 -4 0
-30 42 -48 0
51 8 41 0
31 -55 -48 0
-8 -30 -32 0
-41 -40 8 0
-32 20 39 0
-32 -8 6 0
2 30 58 0
16 5 7 0
-16 -26 34 0
-55 -10 -32 0
18 30 53 0
-4 29 -39 0
30 37 26 0
-38 -45 -11 0
-34 -50 24 0
14 -4 43 0
-30 -21 -39 0
-50 -20 -48 0
30 47 -19 0
42 -37 43 0
41 -18 13 0
-55 56 3 0
12 49 45 0
33 -24 35 0
-37 -57 13 0
10 -49 38 0
-53 48 4 0
-21 -5 -46 0
-27 48 -37 0
-58 16 -15 0
34 49 1 0
46 39 7 0
-12 -36 22 0
-58 -35 43 0
45 -17 -40 0
24 -51 38 0
-15 26 -33 0
37 33 -48 0
-42 18 1 0
12 17 -14 0
46 24 58 0
21 -45 24 0
45 44 -11 0
5 -1 -41 0
25 -1 9 0
54 20 50 0
35 3 25 0
-57 51 -10 0
25 9 44 0
-57 -12 36 0
-17 -40 49 0
24 57 7 0
-27 20 36 0
53 15 -55 0
14 -9 44 0
-6 26 -14 0
-23 55 40 0
17 13 -22 0
-37 -20 26 0
6 -25 8 0
-56 -20 39 0
16 -36 -32 0
7 21 32 0
-24 25 -1 0
-24 29 8 0
27 41 51 0
-58 -27 -53 0
-10 -28 57 0
-40 -50 -38 0
-54 50 -40 0
-23 -31 -20 0
47 -42 37 0
19 -37 5 0
-13 39 -44 0
31 35 5 0
43 10 -47 0
33 16 47 0
34 16 -20 0
-3 22 -49 0
14 -53 24 0
4 42 -32 0
-44 18 -57 0
13 -44 -18 0
-22 27 -55 0
-24 -20 -35 0
-34 -17 55 0
-50 15 53 0
-55 -36 49 0
32 -38 -31 0
12 50 -21 0
-57 -2 15 0
-44 53 6 0
25 38 -39 0
-54 -37 3 0
55 -45 6 0
-30 -3 -51 0
26 18 44 0
-10 56 -25 0
36 31 -39 0
27 10 -3 0
-32 2 48 0
9 46 -10 0
8 -13 -26 0
3 5 29 0
46 -3 -7 0
-40 -18 11 0
5 -28 -43 0
-48 45 -16 0
9 -24 -16 0
-17 43 -54 0
-13 20 55 0
-9 -44 30 0
53 10 -44 0
-47 20 56 0
30 31 -21 0
-48 -12 -41 0
36 -49 -46 0
10 13 27 0
33 -4 -23 0
-36 13 29 0
-18 36 47 0
10 -49 -52 0
10 2 -33 0
-49 -57 47 0
35 -43 29 0
52 49 29 0
22 40 -17 0
54 46 42 0
-34 -51 -33 0
10 -17 9 0
-8 3 51 0
-16 17 -1 0
-55 16 -58 0
-22 -51 48 0
13 -10 -40 0
-40 -22 17 0
22 31 -26 0
-39 -4 -16 0
-11 -36 18 0
39 -3 -49 0
38 46 -31 0
-32 18 -5 0
-46 47 -24 0
-38 -7 25 0
-26 -57 22 0
10 -12 -3 0
