p 81 345
5 7 -70 0
-69 -55 27 0
-55 62 20 0
40 -79 -16 0
-17 -13 43 0
59 79 -49 0
72 31 67 0
-43 -48 -65 0
-36 76 -39 0
1 10 49 0
50 -37 -52 0
13 30 -71 0
13 -59 48 0
3 14 -35 0
51 -13 -53 0
-53 -11 18 0
5 -6 58 0
-43 53 -7 0
-57 -55 72 0
-3 -31 1 0
21 34 16 0
29 74 58 0
46 -52 6 0
28 -8 44 0
53 -1 -6 0
-24 -69 7 0
79 20 -32 0
-79 22 43 0
-21 -3 -2 0
-24 -31 -37 0
-71 69 -35 0
71 -72 16 0
-29 -10 30 0
-77 -39 31 0
41 -50 29 0
54 12 -16 0
-4 54 63 0
65 6 -75 0
12 44 23 0
-73 -17 5 0
13 66 8 0
45 -50 8 0
64 72 6 0
-73 34 56 0
-49 13 71 0
-62 46 -24 0
-52 28 10 0
8 58 -20 0
-16 51 -6 0
-41 -32 28 0
-79 26 -41 0
33 -21 38 0
55 -75 53 0
-47 -4 6 0
-74 -14 -51 0
68 43 20 0
-11 -45 -73 0
21 -71 57 0
-19 3 11 0
9 -60 49 0
-69 59 79 0
-31 11 21 0
75 51 -46 0
-79 36 21 0
-43 -20 -6 0
-32 -66 65 0
44 57 -23 0
-46 -49 -70 0
-22 -80 7 0
19 9 54 0
-19 64 -28 0
-74 16 63 0
49 7 -15 0
-49 -36 -61 0
-44 -6 18 0
64 -13 22 0
15 -17 2 0
64 -66 11 0
71 -14 16 0
55 51 -44 0
6 65 -41 0
3 -49 60 0
50 26 -21 0
2 -7 11 0
66 58 -50 0
-59 -55 -25 0
52 58 71 0
-4 22 -37 0
50 -1 32 0
-76 26 72 0
-77 -34 6 0
-54 -53 -41 0
-39 -60 -76 0
-49 -5 -3 0
17 8 -48 0
6 58 50 0
69 -32 67 0
73 29 -72 0
-62 -70 57 0
-72 -80 38 0
-24 -43 30 0
-74 54 -38 0
-45 -7 -42 0
64 48 50 0
25 55 -33 0
-13 -61 -73 0
-4 60 -30 0
80 14 -44 0
-32 51 30 0
63 -4 8 0
23 -24 55 0
-40 -29 -14 0
-80 38 -47 0
59 20 74 0
-7 -38 -35 0
42 39 -9 0
-25 56 14 0
71 -81 43 0
2 -17 30 0
-79 74 -53 0
-9 77 -33 0
-79 67 6 0
53 -45 -21 0
18 50 48 0
-71 70 -39 0
-3 35 -68 0
-5 -23 40 0
-29 57 27 0
19 64 -48 0
26 -38 -63 0
70 8 -14 0
-52 -29 -37 0
58 26 -46 0
-5 81 25 0
77 79 -67 0
79 -14 6 0
-77 -40 -28 0
-35 34 80 0
-54 -48 31 0
-26 -32 -41 0
-81 70 -4 0
68 38 -20 0
-6 66 41 0
64 73 -28 0
-17 27 -61 0
-72 22 -75 0
-55 -32 -14 0
-81 -25 -16 0
-37 -70 -44 0
28 58 14 0
69 47 -53 0
7 -25 -46 0
-68 -45 25 0
3 65 -24 0
65 40 -2 0
-18 34 -77 0
52 27 71 0
75 38 53 0
-70 40 52 0
-35 -16 -56 0
-20 24 -65 0
-22 -75 -15 0
56 -22 -21 0
-40 49 61 0
-8 -63 -15 0
-49 -18 3 0
-76 27 -69 0
22 64 -45 0
12 -10 28 0
-12 41 42 0
71 17 -46 0
60 42 -81 0
-48 -34 -20 0
-31 74 14 0
-9 -61 -64 0
33 56 -22 0
14 -15 -58 0
65 -32 -77 0
60 68 -15 0
67 73 47 0
34 -4 -77 0
62 2 -61 0
36 26 52 0
-49 -30 78 0
81 -15 45 0
-43 -52 4 0
79 44 -54 0
14 -7 -22 0
-51 -47 -4 0
40 -66 54 0
47 75 7 0
-78 -56 28 0
39 -61 -36 0
-39 -6 -79 0
63 8 76 0
76 -48 55 0
-19 53 -48 0
14 40 44 0
25 81 48 0
11 -58 63 0
2 -13 -6 0
-28 -1 54 0
-53 60 31 0
23 -41 -61 0
-56 44 -31 0
15 53 -19 0
24 -67 -62 0
-75 -59 4 0
-18 -24 38 0
-81 58 -57 0
70 -39 -50 0
63 66 -80 0
33 37 -18 0
16 71 -4 0
-33 -40 78 0
54 -70 -59 0
55 -34 81 0
-74 50 -42 0
-10 41 58 0
-64 -35 36 0
79 13 -17 0
5 -65 39 0
10 22 -25 0
8 76 -6 0
5 -8 -48 0
-63 -78 33 0
70 60 -18 0
49 63 -70 0
-15 -38 81 0
-56 55 -49 0
-65 -44 -16 0
-1 41 8 0
28 6 61 0
-34 -31 25 0
-39 38 -54 0
69 -35 53 0
-11 28 -7 0
-14 54 8 0
18 -76 -6 0
2 -11 -45 0
69 -72 17 0
-27 76 42 0
10 -49 19 0
21 -28 -4 0
29 -18 -72 0
9 -81 -21 0
-43 60 -21 0
-37 -66 29 0
7 -32 -75 0
-21 10 -57 0
-59 -47 -4 0
-67 26 51 0
-29 -38 -45 0
81 -59 -39 0
-79 52 68 0
17 -44 -69 0
-66 -50 -53 0
78 1 28 0
-39 48 -66 0
1 -12 -43 0
-38 -49 -7 0
57 5 -32 0
54 77 -7 0
50 29 10 0
48 35 13 0
-34 37 69 0
34 45 40 0
-52 60 -12 0
-50 -14 -40 0
-65 15 26 0
58 -78 -42 0
40 -15 45 0
55 -31 34 0
12 24 69 0
-75 21 64 0
18 16 58 0
74 71 -46 0
-54 -11 -34 0
4 72 -73 0
-22 -71 29 0
-35 21 30 0
-5 -4 -73 0
-24 37 -46 0
-26 -33 -78 0
1 63 -51 0
-15 16 11 0
34 -16 30 0
-8 -60 -48 0
-17 -5 -65 0
37 49 78 0
45 27 -6 0
71 -49 8 0
-16 -28 -45 0
51 38 66 0
-3 9 38 0
8 43 78 0
-4 -59 26 0
-57 -48 54 0
39 54 73 0
3 -71 -78 0
53 36 -42 0
-55 -9 4 0
32 -63 40 0
-77 -71 12 0
-35 28 -19 0
49 33 -24 0
33 45 73 0
-13 -50 -19 0
22 10 78 0
37 -74 73 0
2 -17 -29 0
11 -30 -13 0
32 -8 -29 0
-40 -3 53 0
-12 13 39 0
-76 -69 -10 0
29 -59 45 0
37 -8 -10 0
45 72 43 0
3 -41 30 0
-22 66 -40 0
4 65 -46 0
56 30 -32 0
50 -9 58 0
55 -69 -48 0
65 -17 14 0
40 -55 -3 0
-46 75 9 0
68 77 -67 0
-51 61 -62 0
-22 6 5 0
-51 -18 34 0
-18 -51 11 0
20 60 17 0
78 2 -20 0
-59 -38 -50 0
67 -2 -70 0
49 -57 53 0
-26 2 -62 0
-52 -14 -28 0
38 24 -10 0
17 -69 39 0
-1 -49 -13 0
46 44 3 0
52 25 -37 0
