p 42 178
-25 19 31 0
-14 16 15 0
-25 24 39 0
-30 29 4 0
20 -25 -33 0
-10 -40 5 0
-30 26 -3 0
-18 -25 -33 0
15 24 -34 0
35 38 -5 0
-20 32 41 0
42 -22 28 0
-37 -8 35 0
25 -8 -28 0
-36 3 -7 0
-30 -3 -1 0
-9 -10 26 0
11 5 -14 0
-12 38 -37 0
-27 25 22 0
-29 -3 -37 0
6 40 -15 0
22 -36 -20 0
-23 -29 2 0
-20 30 16 0
22 -34 35 0
-20 -7 -24 0
16 -40 -20 0
-38 -1 -40 0
7 27 -38 0
34 18 22 0
-36 6 -14 0
27 -4 1 0
-35 14 31 0
-27 -7 -34 0
17 -20 -32 0
7 5 13 0
-12 2 -7 0
1 -31 34 0
-27 17 -30 0
-23 24 41 0
-27 38 -10 0
19 -38 8 0
-36 -7 6 0
15 -34 -19 0
11 8 -30 0
18 33 -21 0
-38 41 22 0
39 18 -36 0
-26 -35 -3 0
-38 23 -13 0
-16 15 12 0
26 -10 -3 0
-11 -12 18 0
11 15 -3 0
14 25 35 0
4 -23 -8 0
42 -35 -22 0
-21 -7 26 0
-38 1 -34 0
-24 9 19 0
-14 -10 -30 0
-38 -25 -12 0
26 27 -34 0
12 -14 -18 0
-29 15 19 0
-1 -27 -32 0
-36 -26 40 0
5 24 20 0
13 17 -6 0
-23 -24 33 0
12 22 7 0
-26 -22 -32 0
-20 -38 -36 0
-21 -41 -33 0
-26 -23 14 0
1 -18 -27 0
16 11 -21 0
-3 -32 18 0
-32 23 -25 0
-17 36 -41 0
10 -8 -29 0
42 -31 -35 0
-18 41 3 0
39 -36 -40 0
42 28 -34 0
1 8 6 0
12 -33 -17 0
-18 37 -12 0
35 8 -42 0
-34 -14 -3 0
-7 24 32 0
28 -20 -18 0
10 41 25 0
-19 -12 9 0
-12 20 -14 0
-42 26 27 0
-10 -37 2 0
-4 -14 -40 0
30 -24 34 0
21 -19 26 0
-13 -12 33 0
17 -3 -26 0
-39 -32 -13 0
-2 -3 -25 0
-3 -21 -16 0
-7 -34 -19 0
16 38 2 0
-17 -10 -2 0
25 -26 6 0
-39 23 -35 0
41 -18 6 0
-24 -7 19 0
36 -15 -34 0
38 -4 -8 0
33 25 -9 0
-14 -26 21 0
12 5 21 0
-9 7 -24 0
-6 -28 -15 0
40 42 -17 0
15 22 -4 0
-29 36 -1 0
-19 -14 -7 0
-36 -2 -6 0
27 -24 -5 0
8 -29 20 0
-2 -5 -7 0
-9 3 -42 0
32 13 41 0
-26 -22 -8 0
-20 -26 6 0
2 -40 3 0
4 26 17 0
-13 -12 1 0
-19 2 -36 0
-6 -3 -38 0
-15 22 31 0
-18 -24 10 0
37 34 -36 0
-32 -20 -17 0
-20 -7 27 0
14 -32 -6 0
-3 -7 31 0
2 -29 -6 0
8 19 -41 0
2 8 18 0
38 24 -26 0
11 41 -37 0
-2 -12 16 0
20 22 37 0
-37 3 29 0
-37 -1 33 0
-27 42 37 0
-25 41 -19 0
-32 -8 4 0
-18 34 -25 0
15 10 -6 0
-42 -39 -34 0
29 -20 -10 0
42 -16 36 0
-14 -10 28 0
26 -9 6 0
27 -14 42 0
-36 -14 -23 0
26 -15 10 0
35 21 3 0
-26 21 10 0
39 26 -21 0
38 -24 -32 0
37 9 -36 0
1 8 24 0
-25 -4 -40 0
7 -17 -40 0
17 -6 -24 0
-36 18 -35 0
-31 -11 -15 0
25 -16 -18 0
