p 27 115
13 14 -5 0
-4 12 5 0
-3 17 -13 0
4 -26 -3 0
10 23 5 0
21 -1 -6 0
-19 24 -8 0
-22 15 -13 0
-26 9 -27 0
22 -17 14 0
-6 20 -5 0
-26 17 -15 0
-16 -1 14 0
-7 26 11 0
2 -24 -16 0
-6 -25 -20 0
18 21 3 0
7 -21 -1 0
20 -26 13 0
-7 -6 17 0
6 -13 -9 0
18 -2 -22 0
-27 -18 -12 0
6 15 16 0
-12 -23 6 0
-11 18 -21 0
-3 -16 23 0
27 2 10 0
6 5 10 0
4 15 17 0
-13 21 -15 0
11 -17 16 0
22 -13 -1 0
-18 15 -4 0
12 18 -7 0
-19 -12 17 0
-27 7 -8 0
-10 -25 9 0
13 18 2 0
-20 -22 23 0
8 -1 11 0
-12 -16 27 0
9 20 18 0
23 26 -13 0
-3 8 22 0
-9 17 -3 0
1 20 -13 0
9 -23 -2 0
7 -4 -9 0
-17 -4 3 0
9 3 12 0
22 -9 19 0
25 -20 -23 0
-13 -27 14 0
-10 -25 -1 0
-11 -19 -7 0
4 -5 -3 0
-9 -19 -26 0
-23 -24 -7 0
27 17 20 0
-21 11 -12 0
-3 8 -19 0
26 4 12 0
-4 27 -9 0
22 -1 2 0
-14 15 11 0
-3 -17 16 0
5 17 -20 0
-17 25 3 0
7 14 -6 0
25 3 -7 0
2 15 24 0
22 11 -19 0
10 27 -5 0
-27 3 -13 0
16 18 7 0
-16 -24 -22 0
19 -11 -20 0
-8 -11 5 0
-6 24 13 0
24 -9 -3 0
-9 21 -7 0
24 14 26 0
-20 -3 -9 0
-19 14 -12 0
-24 6 8 0
9 -7 8 0
7 14 20 0
12 -4 15 0
-8 -23 -6 0
-24 4 -27 0
23 -26 18 0
15 -26 -22 0
5 -12 26 0
-23 22 -20 0
13 -18 20 0
15 24 -13 0
25 -6 -27 0
-3 1 6 0
-13 -16 -23 0
10 -27 -5 0
20 7 -19 0
16 -21 25 0
-17 -20 -11 0
3 1 -22 0
6 27 -17 0
3 4 -20 0
-25 -16 -5 0
26 16 7 0
-6 -13 -3 0
11 -6 5 0
24 -5 27 0
5 -20 16 0
21 9 23 0
-4 5 13 0
