p 99 421
45 13 54 0
95 77 36 0
-93 38 -40 0
-79 -88 -1 0
4 83 42 0
-55 -50 -78 0
42 67 80 0
-93 4 37 0
21 11 -54 0
-83 -78 -80 0
60 79 67 0
5 35 1 0
-50 58 -47 0
-37 31 -21 0
-70 31 -23 0
24 -50 -66 0
27 61 92 0
-36 -13 -82 0
33 50 -38 0
-63 -10 -36 0
-61 -74 88 0
35 60 -11 0
-75 -7 44 0
-41 -59 -5 0
-20 61 46 0
-95 -31 23 0
-18 -60 -36 0
-79 31 -55 0
-91 -23 9 0
12 -48 -77 0
-70 -63 -13 0
79 -7 -35 0
-11 37 10 0
-52 -48 -71 0
56 -94 45 0
-82 53 68 0
39 77 48 0
24 -45 -86 0
-46 -39 29 0
14 80 -38 0
32 85 -69 0
7 -28 -16 0
7 56 -39 0
-72 75 -18 0
30 -67 22 0
3 -57 20 0
-55 -34 85 0
61 12 10 0
58 -85 -17 0
-22 50 -94 0
50 -59 41 0
-18 85 90 0
90 93 -49 0
-64 87 -45 0
-39 -17 -51 0
85 78 73 0
73 54 55 0
-45 69 63 0
55 77 6 0
-15 35 -59 0
37 -57 69 0
-18 31 -15 0
12 50 5 0
49 44 72 0
-88 40 -55 0
-20 -80 75 0
-17 33 5 0
-52 79 -43 0
-96 -54 -8 0
40 13 7 0
6 -33 81 0
18 -27 -19 0
-45 -4 51 0
-67 69 79 0
47 61 -75 0
86 -35 27 0
-69 -66 34 0
57 68 42 0
-74 -93 41 0
-35 59 -26 0
-13 -11 86 0
-37 -76 24 0
-17 54 47 0
30 -73 -11 0
-65 -76 16 0
85 77 -81 0
31 -5 -42 0
-74 73 61 0
-78 66 -47 0
-91 -4 15 0
-89 -15 -67 0
-67 -33 38 0
-94 87 23 0
-26 16 81 0
-27 4 49 0
-72 -75 94 0
24 -55 79 0
-84 6 23 0
-8 16 -6 0
90 43 -93 0
-49 4 -46 0
87 42 -57 0
-93 -82 20 0
29 21 -36 0
-96 -67 93 0
43 -71 -38 0
-68 30 -58 0
98 78 -5 0
-99 -83 4 0
21 -64 -67 0
-16 33 70 0
-28 99 55 0
23 39 79 0
-36 2 56 0
-62 32 70 0
12 73 -26 0
-50 43 -53 0
24 -69 89 0
5 -56 95 0
-15 49 -3 0
4 -58 19 0
-26 -7 -70 0
98 -83 52 0
-94 -28 -46 0
38 90 49 0
-65 -21 92 0
12 47 -31 0
-85 -49 -65 0
-3 -25 -41 0
30 59 4 0
-84 -68 64 0
-61 30 78 0
19 -22 86 0
-34 -70 24 0
35 -84 31 0
57 94 -65 0
-67 -44 61 0
84 -94 -71 0
6 18 -37 0
70 22 -1 0
-18 -90 61 0
65 64 87 0
74 -95 16 0
-42 7 -84 0
-53 41 59 0
92 -85 -13 0
-40 72 33 0
95 -89 13 0
-19 93 60 0
53 -2 -84 0
-91 78 67 0
3 -92 -71 0
41 -97 48 0
-51 -52 87 0
53 -48 72 0
93 -3 -18 0
-69 56 37 0
50 70 68 0
-21 6 15 0
-98 -31 -22 0
-88 -1 27 0
-12 -61 -50 0
27 34 -45 0
-22 -21 13 0
-32 52 -69 0
-16 -90 60 0
74 -47 39 0
-71 -20 -40 0
58 -84 -17 0
-33 28 14 0
-12 -92 -73 0
29 5 48 0
-15 -11 -81 0
86 14 -34 0
21 -62 -11 0
46 90 -75 0
-6 -37 -7 0
42 12 6 0
-42 20 -62 0
-17 -55 -59 0
-26 90 -48 0
-45 11 77 0
-89 -79 61 0
48 -92 -24 0
-2 -52 -49 0
-12 -47 -61 0
62 28 86 0
85 -6 -42 0
-94 78 -50 0
-12 46 48 0
72 -26 -37 0
-27 59 53 0
34 67 6 0
-11 -38 -72 0
79 47 99 0
-57 55 -5 0
25 48 26 0
-72 25 97 0
98 57 -9 0
82 21 -3 0
-29 -91 17 0
-57 -91 -61 0
-44 -78 -87 0
85 -62 82 0
8 83 -32 0
-69 40 -18 0
-22 -66 44 0
-8 87 -44 0
-75 67 55 0
-8 77 79 0
-65 -41 58 0
12 -40 -53 0
-1 -78 -51 0
53 -36 -76 0
20 -58 34 0
77 -80 8 0
62 26 12 0
-12 9 -26 0
54 81 62 0
-9 87 61 0
-74 -85 -45 0
-92 -85 -64 0
39 2 -98 0
-6 83 -18 0
78 16 13 0
-26 52 -65 0
-78 -30 -3 0
-9 -82 52 0
66 -32 9 0
31 -69 8 0
-21 -96 81 0
24 25 8 0
-15 -8 73 0
51 -76 48 0
-81 -72 -60 0
-54 35 24 0
30 -72 -51 0
-94 -25 62 0
12 84 -87 0
11 16 -80 0
-54 -49 99 0
70 97 -63 0
51 -76 -75 0
86 -78 -9 0
-51 16 10 0
-59 -40 -74 0
75 22 63 0
-88 38 -26 0
92 14 42 0
-22 -76 -80 0
-57 -91 47 0
-86 23 90 0
73 61 -98 0
-32 -51 -75 0
-19 68 -24 0
96 67 47 0
-12 -60 93 0
-93 -81 41 0
-74 -40 83 0
21 -31 -96 0
47 -44 15 0
32 51 -43 0
41 -85 93 0
-16 33 46 0
-43 -87 -28 0
46 68 86 0
13 -80 -98 0
-27 -50 54 0
55 8 47 0
-16 31 -2 0
64 22 49 0
79 63 -73 0
-31 -95 61 0
-71 61 90 0
-21 49 33 0
-6 -12 31 0
-16 76 -93 0
-35 38 21 0
-12 1 -76 0
10 -98 -60 0
-86 -47 12 0
81 -31 -88 0
-62 40 -10 0
-51 97 75 0
-12 -67 63 0
63 17 -26 0
-67 -71 -22 0
54 40 -50 0
-45 -82 -33 0
84 88 -36 0
-41 -85 -47 0
-9 12 73 0
97 -35 -86 0
58 90 -49 0
-53 49 44 0
33 -95 -80 0
-76 27 22 0
89 -22 91 0
71 73 49 0
52 -12 -74 0
-46 10 12 0
-32 7 -14 0
-7 73 -75 0
59 81 61 0
-92 12 24 0
84 58 -65 0
-55 -92 -9 0
-54 72 56 0
78 35 93 0
-78 24 -34 0
91 80 -83 0
60 -28 -82 0
68 79 -94 0
-76 -9 8 0
92 -25 30 0
-46 -84 77 0
-50 99 31 0
84 -64 70 0
5 49 69 0
30 -21 90 0
98 58 18 0
76 -41 66 0
-55 -21 -83 0
83 -58 -15 0
-86 21 -87 0
-72 83 49 0
76 -28 -23 0
13 59 50 0
-33 -12 -49 0
54 -82 42 0
52 29 71 0
-66 89 -2 0
64 82 -22 0
48 83 81 0
-5 58 61 0
-38 71 34 0
5 -74 -82 0
66 40 -61 0
-10 -29 91 0
-8 -10 80 0
68 -91 45 0
51 15 61 0
97 38 65 0
-96 87 2 0
37 65 95 0
-69 -23 -89 0
12 35 7 0
74 49 93 0
-25 -13 -73 0
47 -6 21 0
-96 73 87 0
-31 72 -94 0
-22 67 81 0
-33 -39 -54 0
51 -13 -20 0
-14 37 65 0
63 -98 80 0
65 -89 -43 0
67 60 -93 0
30 -4 2 0
-22 97 69 0
35 -89 36 0
48 -35 59 0
-74 87 -92 0
40 83 78 0
5 -84 -38 0
-70 -21 -42 0
-92 82 -93 0
-75 -31 -52 0
59 58 -88 0
-20 46 15 0
7 20 -93 0
14 40 -1 0
-3 -18 50 0
36 59 -80 0
-24 -67 -69 0
43 96 -21 0
-90 -33 24 0
-27 -38 6 0
-12 95 80 0
-80 86 38 0
-7 -55 27 0
-41 -73 -74 0
70 -90 -59 0
-34 -83 -35 0
-12 79 -4 0
-47 -49 20 0
-29 -10 25 0
54 -8 18 0
50 -78 -89 0
28 -13 44 0
38 -43 6 0
-40 74 -28 0
62 30 -20 0
-9 39 -33 0
43 -18 33 0
11 69 13 0
-87 34 69 0
44 -85 37 0
97 2 -37 0
-12 -24 67 0
47 17 -50 0
6 -37 -21 0
-53 23 -45 0
-61 8 49 0
12 41 25 0
-91 -92 -93 0
-63 40 77 0
-87 48 -90 0
28 -26 -66 0
47 -69 93 0
-78 -45 90 0
85 32 -96 0
68 71 -24 0
35 87 -69 0
70 74 -48 0
-50 -87 79 0
-98 -16 -12 0
-60 7 65 0
-61 45 3 0
65 5 6 0
