p 39 166
24 11 19 0
4 -26 5 0
-30 -22 39 0
-35 -28 23 0
-23 11 9 0
-21 18 24 0
-10 -17 -37 0
-9 37 -20 0
-22 36 -25 0
23 -22 -2 0
-12 -32 27 0
13 23 27 0
1 20 -28 0
-27 -21 5 0
-8 34 -1 0
-28 26 -13 0
-13 -33 4 0
-30 20 -6 0
2 12 -24 0
-23 6 -24 0
-31 37 19 0
10 -25 -34 0
-2 -37 28 0
24 -30 -1 0
-15 27 -33 0
-10 2 -38 0
-36 -28 9 0
-5 -21 -7 0
-34 -25 -8 0
-21 2 19 0
33 -25 -14 0
-22 28 -19 0
-38 -25 1 0
-22 6 -17 0
-34 -23 -13 0
-19 38 35 0
-3 2 -12 0
28 -4 38 0
-22 33 2 0
-6 19 25 0
39 34 26 0
36 -34 -23 0
9 -11 24 0
28 -3 -38 0
-19 -38 -36 0
-13 34 -18 0
14 35 25 0
35 -11 32 0
-2 16 -10 0
22 -39 10 0
2 35 -24 0
23 25 17 0
-2 -26 -23 0
37 -8 -2 0
4 27 2 0
9 36 -26 0
28 19 39 0
15 -12 26 0
37 36 25 0
34 24 -38 0
-2 -6 -16 0
-10 30 -3 0
29 -17 -28 0
31 24 18 0
-17 -10 25 0
36 -5 31 0
28 20 -13 0
7 19 30 0
20 32 -5 0
8 -6 -10 0
6 -16 15 0
-1 32 -2 0
35 4 -14 0
3 18 -16 0
-4 39 25 0
15 36 -20 0
-38 -8 -26 0
7 19 -25 0
-7 -6 -19 0
-28 21 -27 0
-33 36 35 0
3 29 -39 0
20 -23 -21 0
1 -21 -16 0
-11 3 22 0
18 34 7 0
27 12 -4 0
-27 15 23 0
-2 34 -20 0
-36 -3 -19 0
18 -21 19 0
-31 28 27 0
23 -25 28 0
-31 -3 24 0
-10 -7 21 0
33 -22 -11 0
-38 32 14 0
3 17 36 0
29 -16 -8 0
21 -4 -9 0
16 30 -24 0
-33 -16 21 0
35 12 -34 0
12 39 -28 0
-25 -12 -23 0
31 19 -3 0
22 -37 -15 0
31 15 -29 0
14 -37 -27 0
7 -3 15 0
-30 -15 28 0
-7 14 -6 0
18 29 3 0
-4 16 26 0
-36 -33 8 0
3 21 22 0
-10 -32 15 0
-36 13 -34 0
-18 -7 -29 0
-3 9 -32 0
39 34 21 0
22 3 -6 0
-29 39 13 0
32 31 -39 0
13 26 -24 0
-28 18 12 0
-28 39 19 0
-10 -20 19 0
34 15 27 0
5 13 37 0
-11 31 16 0
-9 32 -20 0
-14 21 27 0
-10 20 -8 0
-9 12 -28 0
30 5 39 0
-6 15 1 0
-11 18 14 0
22 4 21 0
39 -35 -9 0
17 24 26 0
11 22 12 0
29 39 25 0
-25 39 -19 0
7 -16 -13 0
-33 -38 17 0
20 -38 1 0
16 -29 -3 0
2 -39 -24 0
15 -3 -9 0
34 -8 -28 0
5 23 31 0
-11 2 34 0
24 4 28 0
-29 12 -31 0
25 14 35 0
28 3 37 0
36 -23 -39 0
-37 33 31 0
32 -31 -6 0
-33 12 -31 0
6 -31 -3 0
-20 21 -26 0
-31 -21 -37 0
-11 -13 10 0
15 -34 26 0
