p 50 213
-23 24 -40 0
-2 -25 -13 0
-46 24 44 0
22 8 -3 0
43 16 47 0
-42 -4 -6 0
-13 1 -33 0
-45 2 -37 0
22 47 4 0
34 -21 -48 0
-21 29 -38 0
35 -29 3 0
18 -12 2 0
10 4 19 0
-4 3 -39 0
48 26 -12 0
19 42 6 0
14 32 -18 0
44 -30 23 0
44 1 -36 0
14 -38 20 0
14 34 -49 0
47 -4 -23 0
33 -46 11 0
40 6 48 0
-5 4 -13 0
-35 -6 11 0
-36 -16 -14 0
-34 25 2 0
-41 -21 -30 0
-27 -10 -21 0
11 7 42 0
-32 -46 15 0
19 43 15 0
27 -24 -21 0
-37 7 39 0
-9 41 -3 0
11 28 1 0
-3 24 -26 0
-32 48 -8 0
-23 19 -1 0
25 -22 -16 0
-12 -8 5 0
13 -5 -20 0
36 27 24 0
12 47 -8 0
28 17 -19 0
20 37 46 0
48 32 39 0
3 33 -1 0
-11 -19 36 0
-43 38 3 0
-10 -42 -25 0
19 24 -31 0
-32 -48 25 0
-23 -45 27 0
-10 47 21 0
-36 33 30 0
-1 22 -4 0
12 31 -21 0
9 44 2 0
-37 -16 -48 0
3 -4 28 0
-28 -20 3 0
-39 50 30 0
25 -11 49 0
-28 37 -17 0
-14 7 50 0
14 1 -25 0
4 38 -31 0
-31 5 21 0
1 -13 12 0
-19 46 -22 0
-7 24 34 0
-22 -35 -45 0
-24 4 -34 0
-30 -1 31 0
24 -42 -49 0
8 -31 12 0
-13 23 37 0
27 17 13 0
-21 -50 -13 0
-31 19 -25 0
-15 -13 -41 0
33 -28 -32 0
-9 23 14 0
-50 14 12 0
-37 -7 44 0
27 -46 37 0
3 29 13 0
22 -41 -49 0
8 -42 -1 0
40 -8 -19 0
30 -19 49 0
10 -5 45 0
-40 9 49 0
11 -42 46 0
33 -18 12 0
-22 -29 -15 0
27 42 -8 0
-33 45 -25 0
7 -42 -37 0
8 -25 14 0
-8 -10 -23 0
10 -14 -33 0
9 -20 49 0
28 -21 40 0
-17 -13 -2 0
-9 32 47 0
48 -37 49 0
41 8 -20 0
38 31 -4 0
-3 43 -6 0
-31 -37 -14 0
48 -36 -29 0
33 -7 -41 0
36 -5 -40 0
19 -41 37 0
20 43 -1 0
-27 5 -43 0
45 -21 -26 0
-9 -3 41 0
26 20 31 0
5 -15 -33 0
-40 43 -41 0
48 -28 -49 0
-14 -38 46 0
18 -49 -9 0
-46 48 -24 0
-35 31 -17 0
-26 -18 21 0
48 32 -16 0
-18 -2 -37 0
19 -21 18 0
-33 -11 30 0
28 29 39 0
47 -26 22 0
-19 23 -1 0
50 -2 29 0
-35 -49 -44 0
40 34 45 0
41 -32 -29 0
-46 -2 25 0
-17 -28 -19 0
-49 3 -4 0
-29 44 18 0
-6 -35 46 0
-17 36 29 0
-13 -40 42 0
15 -39 -42 0
-13 10 -31 0
-19 43 25 0
-1 -46 -5 0
-48 -1 14 0
44 18 -40 0
3 -43 4 0
-19 -36 -38 0
-11 -18 45 0
46 19 -33 0
-34 -45 -31 0
46 16 2 0
-38 22 -26 0
12 10 21 0
45 -49 -38 0
34 39 24 0
19 21 -35 0
-2 -36 30 0
16 -44 43 0
-15 -45 38 0
-31 42 20 0
-35 -33 -4 0
24 48 -12 0
-31 28 -11 0
19 32 22 0
-17 14 -20 0
-34 36 -13 0
-23 21 16 0
-15 8 -50 0
-29 -31 7 0
-44 27 -22 0
-47 5 -8 0
-24 -47 14 0
4 47 20 0
-44 23 -12 0
-27 41 44 0
-3 14 10 0
26 -34 -24 0
41 -45 -15 0
-19 24 -32 0
24 4 20 0
-28 15 -14 0
17 -4 25 0
8 -20 10 0
-3 -17 6 0
-46 45 2 0
-2 -30 49 0
15 -32 26 0
-18 -33 -20 0
-16 -1 -7 0
-43 -8 -48 0
40 -25 6 0
17 -3 -31 0
-17 11 25 0
-30 1 11 0
1 17 10 0
-44 -50 -40 0
18 -16 -29 0
26 -41 -49 0
-26 17 30 0
22 -1 -24 0
7 6 -50 0
-12 1 -42 0
-2 50 -7 0
