p 79 336
-70 66 -56 0
-56 14 -57 0
66 -38 -30 0
-60 -35 -59 0
60 -26 46 0
41 -18 -50 0
16 -10 60 0
46 -41 75 0
37 73 4 0
58 -71 51 0
-22 54 -69 0
-71 17 -42 0
60 5 -51 0
21 15 -25 0
5 55 25 0
-28 31 21 0
-9 -43 -3 0
52 -17 25 0
-77 18 -48 0
-6 -21 39 0
-72 -15 75 0
-53 78 47 0
-71 -63 73 0
-55 -60 49 0
-31 -14 -20 0
63 61 -39 0
22 -41 -62 0
77 -33 -29 0
43 5 73 0
25 -75 -26 0
-54 66 -52 0
54 -2 50 0
-12 69 -55 0
42 66 -34 0
64 -33 -71 0
15 -72 -35 0
6 -72 -45 0
-34 -51 -3 0
-21 31 76 0
23 34 19 0
78 34 -64 0
52 -51 -62 0
70 2 -25 0
13 -7 -79 0
-28 72 59 0
-33 29 40 0
-56 26 79 0
6 50 38 0
45 30 -53 0
-37 61 -57 0
18 26 36 0
13 -15 52 0
-73 -49 -48 0
53 -43 75 0
70 74 17 0
-51 -30 62 0
44 -43 13 0
-39 78 10 0
-69 -14 -30 0
48 63 -70 0
2 -28 -53 0
-74 50 -21 0
11 29 36 0
35 -29 -55 0
77 -52 21 0
3 -19 75 0
32 -62 57 0
-36 -30 13 0
61 34 25 0
60 -22 34 0
10 -52 -41 0
-32 -1 44 0
-6 -25 64 0
57 66 37 0
61 -30 24 0
25 -39 -55 0
-53 -15 -58 0
-24 39 5 0
62 58 55 0
34 30 44 0
77 33 -20 0
-29 38 -3 0
42 31 -12 0
-64 69 43 0
42 -19 61 0
-70 -78 -54 0
-70 -16 52 0
56 -77 29 0
10 50 12 0
-63 -54 28 0
-67 -73 62 0
10 16 7 0
28 31 73 0
34 -74 -48 0
42 68 -25 0
72 24 -46 0
65 25 -21 0
6 -47 -65 0
69 -31 -39 0
77 -62 45 0
-71 -1 -14 0
37 67 -16 0
29 23 61 0
31 39 -33 0
17 41 14 0
12 10 58 0
40 -23 60 0
45 16 -24 0
-59 70 56 0
-51 79 -30 0
51 -34 -54 0
42 -66 -78 0
31 -32 1 0
-3 -57 -5 0
-50 -8 37 0
-39 19 72 0
6 60 68 0
31 -56 26 0
19 70 -53 0
1 -6 -31 0
-57 -12 -71 0
13 -70 -78 0
74 71 59 0
34 -27 -30 0
38 -69 9 0
-14 78 6 0
-23 41 -73 0
-22 20 35 0
-54 -60 -37 0
-51 -23 -60 0
-64 -42 -14 0
34 -67 -66 0
-31 -16 -72 0
-39 70 26 0
26 41 -63 0
19 59 -45 0
15 -44 -71 0
11 5 68 0
70 -15 -36 0
-54 -63 37 0
-30 15 -48 0
-66 -20 28 0
-34 21 -44 0
36 -45 61 0
-21 39 -26 0
47 -72 21 0
67 60 77 0
-59 -7 51 0
11 41 -60 0
-21 -28 31 0
21 -30 -28 0
-9 -64 -60 0
17 63 -70 0
9 -70 -6 0
-65 -54 5 0
75 77 42 0
-11 -22 -29 0
-50 -17 -1 0
-49 50 51 0
-60 2 63 0
-7 68 40 0
-65 51 26 0
16 15 23 0
-21 58 -52 0
-27 -77 31 0
51 60 -25 0
65 64 48 0
35 -70 11 0
33 -54 -74 0
-1 -24 -17 0
17 -48 -30 0
78 55 -35 0
-17 -62 23 0
-35 -58 33 0
-50 30 -21 0
-78 77 -33 0
-5 -78 28 0
6 39 -36 0
-32 -75 33 0
-32 75 -57 0
11 -3 42 0
-69 -10 49 0
60 -47 65 0
17 -55 54 0
-65 -61 -9 0
-25 -28 30 0
6 72 55 0
47 11 -54 0
77 -23 -25 0
-48 54 -35 0
-20 29 28 0
45 -36 -34 0
73 34 -79 0
-60 -33 4 0
-53 -21 -77 0
-38 -35 7 0
63 60 74 0
-15 30 73 0
61 -69 24 0
-38 -40 -5 0
-36 -20 18 0
-73 -9 54 0
41 -17 63 0
-52 48 -9 0
60 5 -39 0
-21 79 15 0
-34 -3 -27 0
71 -62 -2 0
-53 26 -2 0
69 61 -43 0
-31 -50 8 0
40 -10 24 0
57 -18 -26 0
44 3 11 0
-22 6 9 0
-39 -38 -50 0
-29 33 22 0
34 42 68 0
45 52 -3 0
-34 17 -10 0
-17 -68 -43 0
15 71 29 0
61 45 20 0
38 -75 24 0
31 -79 34 0
-8 -13 -47 0
-7 56 -24 0
-15 -34 75 0
12 -55 -63 0
-52 -4 39 0
28 17 42 0
-62 -56 -44 0
-2 -58 -53 0
-61 -18 -53 0
74 10 76 0
12 37 -75 0
-64 42 -11 0
-48 5 -51 0
-55 -68 72 0
-8 -13 42 0
-36 -79 54 0
-68 -27 2 0
52 1 -60 0
59 79 77 0
28 38 42 0
-24 -47 49 0
-34 -66 57 0
-2 49 -59 0
16 -79 50 0
46 29 -2 0
15 -60 -75 0
-72 26 46 0
66 74 -10 0
20 3 -14 0
29 -68 -67 0
64 -74 20 0
-26 -69 9 0
32 -45 11 0
28 40 26 0
-4 77 45 0
4 22 -68 0
49 -46 -57 0
35 -72 -56 0
-77 -54 64 0
-45 70 61 0
-42 12 49 0
-54 14 -34 0
16 6 -57 0
-26 -22 -12 0
-72 -60 68 0
-36 9 15 0
-48 40 70 0
-9 -2 78 0
-23 62 -19 0
14 -69 -70 0
-73 -20 29 0
59 -62 -44 0
41 77 -42 0
12 -4 -32 0
-36 -18 -39 0
-32 49 -4 0
-31 -54 71 0
24 -73 -1 0
41 48 61 0
30 6 -73 0
19 46 3 0
-6 -26 -52 0
-12 10 72 0
-21 -6 20 0
-16 -63 40 0
-33 15 -14 0
-57 -43 23 0
6 -68 -1 0
13 36 -22 0
74 8 -25 0
-24 44 11 0
-71 -43 41 0
78 51 -24 0
-79 -36 -59 0
26 -77 -48 0
-4 -34 -52 0
54 -11 26 0
24 -72 -26 0
26 48 36 0
46 67 -29 0
-29 38 -62 0
11 79 56 0
53 2 -68 0
63 -69 -6 0
-33 77 -64 0
48 77 -16 0
-24 77 -31 0
50 -19 -28 0
38 57 -35 0
53 -18 38 0
38 -63 5 0
-72 62 -4 0
-28 7 -17 0
49 10 30 0
-6 62 -34 0
30 -70 -16 0
-76 5 73 0
-49 66 21 0
-22 -15 -68 0
73 58 -12 0
-41 66 20 0
-45 26 -39 0
57 -46 27 0
21 -39 -35 0
72 79 -3 0
5 -29 21 0
18 -29 -60 0
34 -46 25 0
21 75 -71 0
14 -77 22 0
-48 -2 -64 0
