p 79 336
66 -61 2 0
-14 -33 60 0
-3 -53 -55 0
42 -39 6 0
-58 34 20 0
-57 -43 -21 0
-49 17 4 0
23 63 38 0
61 -9 -30 0
-24 -69 -54 0
21 -60 -62 0
18 -62 -56 0
71 -67 58 0
-48 -77 -13 0
-48 66 -37 0
-47 -45 -49 0
67 34 -75 0
8 -62 13 0
-31 24 12 0
-78 1 -40 0
22 27 51 0
77 -39 40 0
-38 60 -44 0
22 -7 -67 0
-27 -57 -44 0
-36 -32 -13 0
-3 -39 -44 0
43 19 32 0
-10 -16 74 0
-8 31 -33 0
3 -21 -34 0
72 -75 21 0
11 -44 21 0
-64 74 -9 0
36 -51 -35 0
-48 -78 -39 0
72 -1 -7 0
-20 -41 -8 0
49 -13 71 0
73 -69 -71 0
36 65 29 0
5 77 79 0
-79 41 -45 0
-73 -18 17 0
67 -77 -35 0
42 -57 40 0
-31 33 -45 0
-17 -11 24 0
16 -79 -12 0
-37 -76 14 0
51 52 6 0
3 20 -51 0
-58 -72 -3 0
47 28 -16 0
22 3 -34 0
12 28 9 0
-24 -56 14 0
29 -5 -14 0
-35 3 62 0
-4 -73 -28 0
-55 52 2 0
-74 28 -4 0
-5 19 -2 0
-29 -36 2 0
-10 -54 -17 0
29 -43 -76 0
-62 -17 57 0
25 51 46 0
-59 -40 -57 0
-53 60 33 0
-45 -31 -17 0
65 78 77 0
66 24 69 0
60 61 51 0
-65 -67 -35 0
-32 -10 -71 0
-51 -28 -22 0
-13 -11 -34 0
48 -62 -56 0
-69 36 -48 0
4 22 -56 0
42 -74 72 0
-56 7 -52 0
57 -75 34 0
74 -57 42 0
47 11 -31 0
57 4 -35 0
-11 18 46 0
-15 64 79 0
1 -38 18 0
-62 59 2 0
18 -31 -54 0
-54 -76 19 0
-36 7 -50 0
-52 -17 -77 0
63 34 -50 0
22 55 -58 0
13 -62 22 0
-41 -79 63 0
-75 -53 -11 0
47 -72 -16 0
-46 42 36 0
2 -24 -38 0
-59 8 57 0
28 35 75 0
-23 -73 51 0
-21 69 75 0
-33 -57 -13 0
20 -75 31 0
63 2 -75 0
-66 14 -13 0
51 14 -10 0
-43 3 78 0
12 -71 -5 0
63 10 -12 0
-46 28 -9 0
13 -66 -59 0
25 76 -16 0
-74 30 48 0
76 9 62 0
-63 45 -21 0
51 2 32 0
37 -65 60 0
38 -8 6 0
78 26 -31 0
36 -23 -26 0
22 58 -16 0
-26 -2 75 0
-72 -47 -74 0
-69 -44 8 0
66 23 -7 0
-3 58 -67 0
-1 58 -77 0
50 46 -38 0
76 -1 59 0
-19 16 -78 0
-53 -64 -38 0
36 -57 62 0
14 53 35 0
22 66 -35 0
-69 47 34 0
75 37 -70 0
77 -68 -34 0
-67 -53 -45 0
38 -63 8 0
31 -71 28 0
-74 -70 25 0
-45 -35 42 0
43 58 27 0
-57 -38 61 0
-34 -77 40 0
-14 -37 39 0
-27 29 -24 0
9 -20 52 0
-78 46 -58 0
-62 51 63 0
18 -76 -4 0
25 45 -33 0
-75 -22 -17 0
19 45 49 0
8 57 66 0
-24 41 -28 0
38 33 -4 0
-18 16 -20 0
-14 -67 -18 0
44 38 28 0
-15 -74 -16 0
66 -2 74 0
33 -58 -77 0
60 3 -59 0
-43 -29 -44 0
25 52 -72 0
38 -58 59 0
36 28 72 0
52 -42 -19 0
-79 -16 -7 0
-76 24 34 0
52 -45 4 0
-53 35 13 0
26 74 28 0
-19 65 -6 0
71 -57 -68 0
72 -74 -38 0
-28 -59 5 0
17 33 -9 0
4 -29 -55 0
59 53 52 0
-79 3 -64 0
-7 15 76 0
67 27 -5 0
61 7 47 0
4 76 77 0
-55 -2 -70 0
35 -27 29 0
-72 30 -50 0
-72 69 54 0
-4 78 -58 0
-3 76 -5 0
-25 -22 78 0
69 -10 18 0
-54 -11 12 0
2 -68 -9 0
-68 46 16 0
63 -55 -48 0
23 56 43 0
-65 70 78 0
47 61 54 0
71 56 -6 0
7 -76 31 0
76 63 -50 0
-14 50 -57 0
-79 46 -37 0
-78 41 -64 0
-41 -61 35 0
-67 -57 24 0
6 -37 -31 0
-48 -40 70 0
5 -56 -31 0
-70 44 21 0
-72 78 3 0
-49 2 -73 0
-56 -69 55 0
65 -63 -73 0
5 43 13 0
-4 -45 -6 0
-23 22 -9 0
61 -17 76 0
-50 19 -6 0
-1 -12 52 0
3 22 28 0
-71 55 22 0
-2 -63 -4 0
10 -15 -16 0
-60 -63 16 0
25 48 -34 0
-34 75 -10 0
-26 71 -31 0
65 54 -31 0
-25 -28 52 0
-77 35 25 0
71 53 9 0
-40 29 -48 0
-30 -50 -69 0
60 -8 27 0
-23 22 -11 0
-78 -55 36 0
-28 -72 43 0
-41 54 -6 0
56 -20 49 0
-27 33 -29 0
3 69 -72 0
-9 -66 43 0
-18 -29 26 0
-40 7 35 0
-38 70 -13 0
-36 44 -5 0
-58 77 -34 0
16 -10 -23 0
33 27 -3 0
65 -1 27 0
-26 -62 4 0
58 -31 63 0
43 -72 -26 0
61 6 26 0
-36 12 75 0
-4 -69 -66 0
61 66 51 0
-19 38 71 0
6 4 -10 0
-33 -62 -43 0
25 45 -50 0
-9 -70 -27 0
-68 -5 -72 0
41 -64 -39 0
79 -73 -43 0
58 -49 -31 0
-37 17 39 0
-50 68 -48 0
23 31 77 0
53 -43 -12 0
-42 -55 73 0
71 -10 55 0
-43 -41 29 0
-57 -67 74 0
61 -68 -64 0
5 50 -25 0
-65 -40 -63 0
32 27 24 0
54 -13 17 0
71 66 -72 0
-62 72 8 0
76 15 -14 0
7 53 -9 0
31 -52 -26 0
-14 -45 23 0
-73 -76 39 0
-56 23 -36 0
43 79 73 0
31 -65 50 0
-76 74 -33 0
35 -79 33 0
-20 12 -14 0
-69 -72 -75 0
-16 8 77 0
1 9 -46 0
-14 -72 -42 0
-14 34 -17 0
-74 62 79 0
-72 21 -54 0
-77 -25 -13 0
6 -44 -9 0
41 -72 -18 0
-64 45 -4 0
-9 4 -54 0
-61 13 21 0
-47 64 60 0
72 7 -11 0
-76 63 -35 0
77 -41 39 0
22 -10 -58 0
79 34 17 0
60 71 -16 0
8 22 -45 0
-45 -16 64 0
56 -67 -3 0
32 -63 -35 0
-77 -1 19 0
-35 25 -48 0
-27 61 10 0
2 -56 -13 0
-51 -42 50 0
3 -36 27 0
-73 37 -41 0
-15 41 -79 0
-30 47 -4 0
53 -20 32 0
