p 17 72
6 7 -2 0
-15 -4 -17 0
-10 -12 4 0
-12 -7 11 0
-3 11 -6 0
6 -7 17 0
-13 6 17 0
7 11 3 0
-4 15 13 0
-5 4 -10 0
-4 -6 -13 0
17 10 12 0
17 -15 -3 0
-13 9 14 0
10 -16 9 0
-10 -4 -9 0
16 17 -10 0
10 -5 -6 0
15 -1 11 0
1 -16 7 0
8 -6 -16 0
2 7 -10 0
16 4 -9 0
4 -12 14 0
-6 -13 7 0
-11 3 8 0
-11 -9 -3 0
4 -10 -5 0
-5 -3 1 0
-4 13 7 0
-17 -13 15 0
17 -9 -15 0
-2 17 -13 0
5 -17 -2 0
14 13 6 0
10 -9 -7 0
-6 -15 -10 0
-13 12 -10 0
-9 7 -17 0
4 -2 10 0
10 -5 -4 0
-10 2 5 0
-12 8 13 0
-17 2 11 0
-13 15 -12 0
8 -13 -9 0
10 14 -11 0
-14 15 -16 0
-3 -17 1 0
1 8 16 0
5 6 12 0
3 15 5 0
1 15 -8 0
-11 -12 1 0
-15 -13 16 0
-14 11 10 0
-4 16 10 0
-1 -13 -14 0
-15 14 16 0
-17 5 -9 0
-9 -2 10 0
5 -15 3 0
5 8 4 0
-13 -12 -10 0
10 -1 12 0
-13 -15 -9 0
-12 -17 7 0
-6 10 1 0
5 12 11 0
-13 16 17 0
-16 -3 6 0
-11 -7 2 0
