p 58 247
27 -30 9 0
-48 -31 -37 0
49 1 -44 0
54 32 45 0
51 -7 -44 0
-56 -15 -32 0
38 -23 22 0
-7 -27 16 0
-18 -44 4 0
-21 5 -15 0
-33 50 11 0
25 -35 -6 0
42 -7 44 0
-9 47 -22 0
3 27 26 0
53 -57 -49 0
15 -20 -14 0
51 56 37 0
-41 -11 46 0
43 45 -26 0
12 -21 -55 0
-47 -28 -23 0
40 3 -50 0
-39 -33 -23 0
46 -25 -18 0
-21 -56 -12 0
-37 27 -20 0
-54 25 9 0
-32 -51 20 0
38 16 -48 0
-2 -31 9 0
-19 -47 -48 0
33 53 -52 0
-4 42 39 0
47 24 36 0
44 -30 4 0
-43 34 -16 0
15 58 14 0
5 -6 34 0
38 13 -14 0
29 31 -1 0
-5 48 -43 0
10 -7 -18 0
-50 44 -1 0
-57 -40 33 0
-54 -44 -16 0
-34 -33 7 0
-51 -23 36 0
20 38 19 0
7 -22 17 0
51 -25 -28 0
-18 -39 -35 0
-33 -32 29 0
-39 9 -55 0
16 -2 38 0
2 26 -42 0
14 3 56 0
18 14 -47 0
36 -1 58 0
-21 11 -38 0
25 37 -52 0
-39 38 -40 0
21 45 52 0
-22 43 37 0
-21 16 -50 0
16 -56 -38 0
-15 43 -31 0
4 45 56 0
-16 -2 8 0
22 -33 -27 0
-14 8 42 0
-14 -43 9 0
-15 14 49 0
57 -51 -27 0
3 -31 -21 0
-23 1 -3 0
13 -52 58 0
50 55 40 0
53 5 54 0
36 20 5 0
-27 -24 6 0
25 52 -21 0
7 -55 -44 0
-52 1 -30 0
23 -8 25 0
-38 30 -3 0
-11 -30 -14 0
-24 54 -44 0
1 -4 34 0
52 47 33 0
-52 -38 -46 0
-48 7 -51 0
-37 -56 -39 0
22 -48 -34 0
-51 -6 12 0
-8 40 26 0
-18 2 -9 0
-40 -32 48 0
-4 2 3 0
-49 -30 -17 0
-37 -43 28 0
21 -57 -49 0
-24 3 20 0
56 -14 26 0
-1 21 18 0
-58 -5 -7 0
6 -25 -18 0
11 -34 -2 0
47 -40 -48 0
-40 56 -26 0
1 -17 8 0
-32 56 -23 0
16 47 -30 0
-23 -8 14 0
-38 -15 52 0
-58 -1 -53 0
-17 30 -3 0
1 3 17 0
33 3 4 0
25 1 20 0
3 16 42 0
3 2 -46 0
-7 25 -18 0
28 -35 58 0
6 55 -43 0
52 -19 57 0
24 -23 14 0
34 50 -16 0
-6 31 18 0
-22 -13 -18 0
-17 50 -9 0
-30 -48 -44 0
52 20 53 0
-52 -9 25 0
25 37 -20 0
-27 9 -58 0
1 -57 -7 0
-10 -23 19 0
46 12 -34 0
3 -25 -37 0
42 41 -2 0
-20 -51 33 0
1 -24 -37 0
45 3 14 0
6 -30 14 0
-26 -27 51 0
-41 -12 -23 0
47 29 48 0
25 -38 -46 0
-27 -1 -46 0
-25 -19 39 0
-4 -31 26 0
3 -2 -18 0
24 17 -52 0
-47 -48 -28 0
35 24 -23 0
-19 6 -33 0
-54 53 18 0
47 -20 40 0
-51 -30 1 0
46 13 -48 0
3 -36 51 0
-44 32 45 0
42 -58 45 0
28 35 16 0
-51 13 -53 0
-57 56 22 0
-22 12 -29 0
-16 -48 -45 0
-54 32 40 0
-7 -52 20 0
34 4 12 0
18 52 -7 0
-28 -41 -47 0
-43 10 -3 0
-35 11 -53 0
7 8 -56 0
44 -2 34 0
-41 52 9 0
28 -9 5 0
16 -20 46 0
-44 46 7 0
9 -18 12 0
55 21 44 0
14 1 -26 0
-28 16 -42 0
58 -18 -57 0
-38 5 -46 0
-13 -48 42 0
14 25 46 0
-44 -39 15 0
5 -19 -28 0
-50 -16 -18 0
-47 19 44 0
47 -5 -9 0
36 -38 52 0
-10 55 38 0
-54 50 24 0
14 -16 4 0
35 -42 44 0
-17 29 -12 0
-13 28 47 0
44 -32 -52 0
-29 -26 43 0
15 -20 -32 0
28 37 35 0
-1 -5 31 0
45 -50 8 0
-15 -44 50 0
-14 -52 -22 0
56 36 12 0
-48 52 -43 0
35 58 23 0
39 -21 33 0
-53 -23 -14 0
-30 -8 52 0
26 -58 -24 0
-41 10 -50 0
-33 -26 -13 0
54 18 38 0
53 36 54 0
-30 -52 -20 0
-49 17 -2 0
-4 -1 28 0
33 -2 3 0
-7 -51 32 0
-20 -42 -29 0
-27 -18 28 0
-25 -4 44 0
-3 29 -42 0
12 -55 -48 0
24 -53 52 0
36 27 47 0
37 -53 43 0
1 44 -15 0
-20 7 39 0
26 -50 43 0
10 28 -12 0
17 3 -19 0
47 54 -28 0
-25 -28 -50 0
-51 17 -33 0
33 53 50 0
42 -14 41 0
-6 36 -50 0
-11 -5 -7 0
39 -13 30 0
