p 43 183
-3 20 8 0
34 8 27 0
-28 -19 -5 0
13 22 -12 0
-33 6 -19 0
-29 43 -17 0
-43 -20 -38 0
35 41 -25 0
-13 22 -7 0
32 -6 25 0
14 -33 -36 0
37 14 13 0
-33 39 -36 0
23 -35 -38 0
-2 31 -33 0
33 -43 5 0
-8 2 36 0
29 -18 -17 0
43 6 7 0
20 21 7 0
1 42 34 0
9 16 -40 0
-26 12 9 0
-13 41 19 0
38 -33 -7 0
2 23 19 0
17 -14 -28 0
-11 -8 -6 0
17 -27 -14 0
-25 -8 -28 0
-25 24 6 0
12 32 -23 0
2 5 39 0
-41 35 -29 0
-31 18 12 0
13 -29 -40 0
-2 35 -19 0
8 23 -27 0
32 17 -22 0
-34 -12 -16 0
6 15 -10 0
-28 -17 -24 0
-10 14 -26 0
-15 22 8 0
17 -28 -34 0
-2 -7 -26 0
-2 -1 -25 0
19 2 -40 0
38 32 22 0
-41 -37 10 0
-31 -9 -13 0
-25 33 21 0
8 13 -3 0
37 2 4 0
12 -40 27 0
-20 -6 10 0
24 35 31 0
-36 -11 -19 0
20 3 -29 0
6 -11 3 0
-26 2 -24 0
-24 -30 23 0
-33 -20 -34 0
-15 28 -30 0
-35 -4 -38 0
32 8 -9 0
43 -32 27 0
-41 -42 39 0
-43 16 -37 0
14 -17 31 0
43 -21 -33 0
-12 -15 39 0
38 -3 -42 0
22 -21 -24 0
-42 8 7 0
6 32 -1 0
-34 -37 35 0
-16 37 31 0
36 3 -12 0
-37 35 -29 0
25 27 2 0
-11 -30 25 0
20 -11 -33 0
-38 -3 15 0
-22 23 -26 0
-43 21 -7 0
-12 39 24 0
-9 -3 26 0
-25 14 30 0
-35 16 10 0
-25 9 39 0
24 -32 -37 0
-22 23 14 0
-10 4 2 0
-2 -1 -43 0
41 -29 21 0
38 1 6 0
-10 40 -25 0
-1 18 26 0
-36 17 -19 0
4 -31 2 0
-31 23 18 0
4 29 28 0
-36 24 -2 0
37 -8 -4 0
14 -22 -40 0
16 -5 -42 0
31 5 -6 0
27 -37 -34 0
-33 20 23 0
33 -34 31 0
9 12 25 0
-38 41 -29 0
29 -33 31 0
2 -16 31 0
-27 36 5 0
-9 1 -36 0
-3 -35 27 0
29 23 -7 0
-39 18 37 0
28 -21 6 0
-15 30 -40 0
1 -2 7 0
-24 -10 27 0
9 14 -19 0
21 -2 -25 0
14 -23 41 0
-1 23 -41 0
-5 20 13 0
-27 16 -35 0
11 -42 -23 0
42 -8 24 0
36 -33 -16 0
26 -37 -41 0
-32 -1 -3 0
-32 -21 -1 0
10 -38 29 0
-19 12 33 0
-11 -17 6 0
-4 31 25 0
16 -42 -22 0
43 -39 -25 0
-21 -22 13 0
-20 43 8 0
-35 20 -14 0
17 9 27 0
-23 -29 12 0
-1 -24 -27 0
-36 -22 26 0
-37 -10 -7 0
43 -40 -33 0
-25 32 -34 0
-19 33 29 0
6 -39 -36 0
25 34 11 0
-14 -30 2 0
-23 -28 -11 0
6 18 -7 0
41 -20 27 0
4 -21 34 0
31 -40 20 0
20 -37 -10 0
13 15 41 0
-32 -4 -14 0
37 5 -16 0
6 33 -43 0
33 2 1 0
-33 -9 34 0
15 21 -11 0
20 -28 -24 0
-35 36 -39 0
-2 -8 18 0
-9 43 -8 0
-10 -13 -43 0
14 32 -9 0
1 14 -33 0
-5 11 32 0
12 18 -2 0
-16 -37 -5 0
26 -27 -9 0
-38 -34 37 0
29 33 31 0
-1 -36 -5 0
