p 98 417
-80 19 52 0
-74 -76 85 0
18 -79 96 0
-15 -30 -3 0
-19 -54 -15 0
74 -50 -28 0
-19 -98 93 0
-52 -30 37 0
72 95 94 0
94 9 36 0
21 -44 27 0
74 77 -82 0
-30 21 -66 0
12 98 -5 0
12 -25 -53 0
-15 -91 7 0
95 79 -50 0
42 -19 -32 0
18 36 15 0
-22 11 18 0
-10 82 40 0
-38 -95 -84 0
55 51 -30 0
82 -33 64 0
-5 -41 67 0
-63 88 -47 0
-71 -69 34 0
89 42 75 0
45 -54 -42 0
-46 6 -70 0
15 -18 -58 0
-56 53 -64 0
66 -55 -75 0
-58 71 -49 0
-21 87 -37 0
-24 -75 -68 0
3 90 94 0
-76 77 64 0
-61 -86 15 0
-53 -82 94 0
-60 71 -91 0
78 68 -13 0
-11 1 -90 0
22 -77 76 0
16 -21 57 0
71 -46 29 0
-87 25 -41 0
47 -59 -43 0
-91 80 -33 0
26 -32 -39 0
-90 -52 62 0
-23 68 -86 0
79 25 -90 0
-88 66 -89 0
-85 47 -66 0
95 25 66 0
59 76 62 0
84 -34 -94 0
-34 54 80 0
-63 -27 61 0
-55 30 9 0
61 49 79 0
52 75 -24 0
52 14 58 0
-78 -16 -80 0
17 -52 -95 0
-21 -37 -2 0
44 77 -51 0
-25 -1 -38 0
-13 40 -21 0
94 -97 49 0
-51 6 79 0
-24 52 -44 0
-51 -53 11 0
-69 59 -9 0
15 13 40 0
23 -27 -77 0
-19 -11 49 0
97 -27 -1 0
53 13 98 0
-91 4 -87 0
76 -16 -82 0
-64 -71 69 0
-45 -53 -73 0
-75 -91 60 0
-50 -9 -59 0
58 40 44 0
-80 81 -11 0
48 47 -56 0
53 9 88 0
-32 -67 92 0
80 -61 67 0
97 42 28 0
-24 17 30 0
-69 -84 56 0
-47 -44 14 0
-13 21 3 0
60 38 72 0
85 -63 -65 0
-68 -39 64 0
14 -56 -85 0
-17 -5 -95 0
-26 -66 1 0
-65 44 -98 0
-25 32 -13 0
37 -64 28 0
-62 -84 -49 0
-39 71 -59 0
-25 -71 21 0
67 -15 -17 0
36 -85 1 0
-16 96 -87 0
89 -43 -90 0
-45 -57 11 0
-47 -30 -25 0
-98 -49 -58 0
-41 -91 36 0
70 -64 60 0
-93 -72 47 0
48 -40 16 0
21 16 -91 0
-91 -72 55 0
14 -58 27 0
18 -55 92 0
-48 -23 46 0
20 41 40 0
8 66 -73 0
-51 -76 -31 0
79 76 -55 0
8 59 55 0
88 85 20 0
29 65 13 0
65 -16 -53 0
-90 -80 -75 0
-36 55 -27 0
44 -5 -95 0
-69 35 45 0
-50 -53 23 0
-59 -72 28 0
-68 10 -82 0
-46 76 91 0
-18 40 88 0
77 -80 71 0
81 -74 21 0
-89 81 92 0
-58 -81 -18 0
17 59 -51 0
-74 10 -30 0
27 6 -61 0
-93 53 -47 0
-41 47 72 0
18 -85 -76 0
-20 81 75 0
-81 41 -51 0
-42 -87 -52 0
47 2 11 0
-44 -5 -1 0
-16 3 41 0
-29 -3 -36 0
1 36 -47 0
24 27 -78 0
92 85 81 0
36 89 -2 0
86 74 -3 0
71 94 -40 0
25 -92 -28 0
-63 -32 -87 0
70 96 57 0
8 88 -22 0
64 37 -40 0
-65 38 2 0
92 -2 -71 0
-50 71 -61 0
-58 -14 60 0
-66 -9 32 0
37 40 -75 0
-2 39 54 0
15 -16 -89 0
-11 -80 81 0
77 98 11 0
-59 -9 -40 0
-48 -81 82 0
56 5 -14 0
83 59 37 0
67 -43 26 0
43 -95 23 0
79 -54 -55 0
15 -18 72 0
-23 -12 95 0
25 8 -60 0
-6 -63 -8 0
10 39 7 0
-59 46 -60 0
38 -73 31 0
44 -15 52 0
-76 -67 22 0
93 -13 96 0
-71 5 3 0
-94 82 -69 0
60 -63 -97 0
-74 83 44 0
-78 47 -48 0
-14 -79 -90 0
24 -79 11 0
7 -39 46 0
-59 -84 14 0
-71 19 29 0
-22 42 51 0
-28 12 26 0
-71 -36 -12 0
30 47 39 0
-91 -93 62 0
59 2 -45 0
-79 3 72 0
2 73 91 0
98 -72 -57 0
-61 -57 53 0
93 79 -1 0
-22 -86 -36 0
65 -58 -90 0
92 76 -40 0
-78 -87 -82 0
74 -55 63 0
-71 -93 -10 0
-70 -7 -50 0
60 51 17 0
-64 41 -69 0
-64 23 44 0
8 79 3 0
-30 6 -77 0
21 -87 -29 0
88 -94 85 0
71 20 91 0
-44 76 10 0
-13 83 -62 0
73 12 -43 0
29 57 -1 0
-91 -13 -28 0
69 -21 -34 0
75 -13 96 0
84 -5 87 0
-12 9 -29 0
-36 62 -75 0
-8 27 -44 0
-35 -3 -80 0
-52 7 -31 0
38 -46 -43 0
48 -3 21 0
31 27 -60 0
6 -13 47 0
-52 87 -76 0
-3 10 -49 0
19 -88 45 0
-4 77 -24 0
-95 36 -29 0
37 -91 -79 0
-40 -89 52 0
-20 -16 64 0
37 42 -33 0
-94 -87 92 0
46 93 -16 0
82 76 -16 0
51 22 -50 0
69 -36 -46 0
73 34 8 0
38 60 -24 0
81 -14 85 0
59 57 60 0
-17 30 -85 0
-91 -93 -90 0
52 -2 64 0
23 -14 27 0
-35 -64 12 0
94 36 -60 0
8 89 63 0
-67 -94 65 0
-31 -83 -61 0
1 -19 -30 0
-41 -86 -48 0
25 -91 4 0
-17 -66 11 0
8 81 -74 0
-11 49 20 0
-74 3 73 0
54 -38 62 0
-26 -63 21 0
81 85 -65 0
-94 -19 8 0
70 -60 -24 0
64 -56 -79 0
33 54 -69 0
-71 8 -41 0
59 -20 46 0
-98 -12 -96 0
41 29 -12 0
15 -63 59 0
-93 25 -50 0
92 -16 95 0
-86 81 27 0
-26 -57 58 0
70 -93 3 0
-76 -69 98 0
-21 -85 -40 0
-59 -51 -10 0
34 62 -90 0
-54 6 -58 0
29 -28 -90 0
-98 86 -9 0
48 43 42 0
60 51 -14 0
12 -60 90 0
98 38 -68 0
8 68 -62 0
31 -49 62 0
-49 -90 48 0
1 -25 4 0
-86 74 -61 0
94 -36 -44 0
67 -12 -44 0
96 60 -80 0
-27 -91 -66 0
-92 8 69 0
-5 -73 87 0
66 -87 -83 0
-31 62 -90 0
-98 -67 20 0
58 -50 -55 0
-92 73 56 0
36 -1 -50 0
38 40 -70 0
-20 -91 93 0
-89 -96 87 0
96 7 77 0
83 98 88 0
33 2 -57 0
88 -91 -5 0
24 -67 -68 0
29 -61 4 0
35 -31 84 0
91 30 93 0
-51 16 -21 0
19 -3 -44 0
-16 92 -47 0
-81 84 48 0
-12 36 92 0
45 14 -17 0
-82 -62 17 0
-55 58 -49 0
-26 -50 79 0
50 -74 97 0
-62 -80 -15 0
9 -12 53 0
-33 66 37 0
17 31 46 0
11 1 -15 0
71 -39 -47 0
70 -33 -5 0
41 -3 -30 0
18 -79 6 0
-75 -25 36 0
43 57 65 0
-91 -49 87 0
47 -75 -38 0
1 -24 33 0
77 -82 -42 0
50 30 12 0
-54 92 -28 0
-8 -6 -59 0
-57 -81 33 0
-54 -37 1 0
62 -22 -1 0
-26 -22 97 0
-55 -72 34 0
-43 61 98 0
13 -85 -91 0
-49 -68 -98 0
88 -96 -47 0
-80 -74 78 0
-11 65 19 0
-97 -78 -24 0
-92 3 -17 0
86 -68 34 0
-35 43 92 0
46 -89 -24 0
30 -58 -48 0
-50 6 -47 0
-75 -36 -1 0
75 53 74 0
-2 27 -3 0
-56 -78 9 0
-74 -83 -50 0
15 96 -19 0
-83 96 53 0
-17 -80 -72 0
-69 95 -3 0
12 79 92 0
-3 60 22 0
-63 -7 18 0
-85 -26 -14 0
-71 83 19 0
-92 38 -39 0
37 -10 -39 0
29 -32 63 0
20 6 13 0
-25 -9 98 0
38 -91 -17 0
15 -33 -89 0
-16 -55 -80 0
-36 -98 -9 0
-87 95 54 0
56 -2 4 0
66 -93 -83 0
-98 35 -71 0
-97 70 -35 0
55 89 -30 0
-58 -46 -26 0
28 -73 21 0
