p 30 127
7 20 4 0
29 18 -7 0
-14 2 25 0
-16 -2 20 0
-20 9 7 0
-20 15 -5 0
-2 -5 17 0
-1 18 -28 0
-26 10 25 0
21 -14 16 0
6 -28 18 0
8 11 27 0
-13 -22 -8 0
12 15 10 0
-21 -22 -10 0
-6 28 14 0
-28 -26 -1 0
26 9 -18 0
28 27 -5 0
22 2 8 0
-2 -29 -26 0
-21 6 3 0
-8 25 -17 0
-2 16 -14 0
-3 -25 14 0
22 28 3 0
-27 20 19 0
-13 6 24 0
27 8 26 0
-30 -3 18 0
1 -25 10 0
-3 -27 -13 0
21 -4 -1 0
-30 -5 25 0
-30 12 -14 0
-12 5 -15 0
9 -27 -18 0
9 23 -15 0
2 11 25 0
-27 23 -11 0
-29 -23 22 0
6 -2 7 0
6 -8 26 0
-10 17 -9 0
-28 4 17 0
-10 -13 7 0
11 -19 -15 0
-4 -5 -10 0
30 -3 1 0
-9 15 -17 0
9 -18 -1 0
-24 29 -27 0
30 20 3 0
-22 15 17 0
13 30 25 0
-1 9 -16 0
-18 -21 29 0
-13 2 15 0
-13 29 -23 0
25 12 -24 0
-20 12 16 0
21 -15 13 0
4 -27 22 0
-13 14 15 0
9 -24 -19 0
26 15 25 0
10 -14 -11 0
30 28 20 0
-23 -14 -29 0
-24 -12 -21 0
6 28 12 0
-27 -23 20 0
14 18 -26 0
27 23 -13 0
-2 -26 -21 0
-13 29 19 0
30 17 7 0
-14 22 -18 0
2 -26 22 0
-29 -23 22 0
-26 28 -3 0
-29 -23 -10 0
14 -2 27 0
22 2 13 0
22 -11 20 0
-3 21 23 0
5 -4 23 0
-29 -26 -9 0
23 -5 -30 0
9 18 -12 0
-1 -27 29 0
17 -23 26 0
-10 2 8 0
-2 14 -18 0
10 23 25 0
15 23 19 0
2 30 13 0
24 23 15 0
4 -24 -3 0
17 -9 -27 0
-15 -27 26 0
23 -19 16 0
7 -29 -17 0
-24 -6 30 0
18 -22 -30 0
-5 8 -26 0
21 -4 -1 0
5 3 28 0
-23 -29 -30 0
15 -11 28 0
24 -21 29 0
-6 11 13 0
19 -14 -10 0
-29 4 -9 0
22 11 -18 0
-2 -18 -4 0
27 6 -20 0
12 -4 -28 0
18 19 -16 0
-5 17 -15 0
-23 -20 10 0
-17 -9 12 0
20 24 16 0
-16 -24 11 0
-14 1 20 0
16 18 14 0
-30 23 11 0
