p 74 315
-65 33 6 0
-64 -50 29 0
-12 52 -11 0
-37 -54 -33 0
50 31 27 0
-19 -35 61 0
-51 -11 2 0
-34 -30 12 0
-5 21 -39 0
59 -39 -70 0
42 -23 57 0
-48 -8 -73 0
-15 57 27 0
11 35 10 0
-15 13 35 0
-61 -27 30 0
12 -20 -8 0
63 -1 -23 0
55 34 7 0
-10 47 42 0
-68 -9 23 0
33 2 10 0
17 -66 -30 0
36 50 5 0
5 45 43 0
-38 27 -71 0
56 73 -60 0
-31 -44 11 0
40 24 23 0
-53 -16 31 0
64 -2 42 0
-9 11 31 0
-37 -48 16 0
-74 -23 48 0
43 -25 69 0
6 -27 -8 0
21 -72 -55 0
73 -35 -27 0
-19 -20 -55 0
17 -16 -36 0
-25 -49 21 0
-31 63 -9 0
-25 -47 24 0
62 70 -4 0
62 56 -70 0
-31 -41 57 0
-70 -19 -17 0
42 -71 -40 0
-35 -2 -13 0
53 -13 62 0
44 -25 3 0
68 -40 59 0
57 43 23 0
-8 30 -22 0
-60 -2 -21 0
27 70 37 0
-47 23 -39 0
31 -27 36 0
-56 38 -25 0
42 -33 47 0
-62 -39 48 0
48 3 74 0
-72 29 -69 0
31 21 36 0
-22 67 -3 0
40 -62 -28 0
32 65 53 0
-65 -4 -17 0
51 -39 1 0
-46 72 -26 0
-62 70 -23 0
24 40 -58 0
38 51 -32 0
69 -46 -56 0
65 -18 35 0
-52 -20 61 0
33 -29 -31 0
-24 -63 -10 0
29 21 66 0
56 -71 -34 0
2 40 22 0
-57 -26 -67 0
52 44 -29 0
-35 38 -44 0
-55 53 -39 0
-11 6 -71 0
-19 73 -34 0
38 -6 41 0
63 48 -31 0
-58 -39 1 0
67 -4 31 0
67 10 16 0
-55 33 10 0
28 39 69 0
16 60 11 0
-10 43 -47 0
48 -72 70 0
61 47 -16 0
-42 -11 59 0
28 17 54 0
-50 -57 -44 0
40 61 42 0
-47 -64 -48 0
-51 -5 -32 0
-22 18 40 0
-3 70 -17 0
-63 -32 72 0
-58 35 44 0
55 -36 53 0
-52 47 30 0
-51 -26 73 0
50 15 -9 0
-10 32 53 0
22 -55 -58 0
-11 52 12 0
50 -73 38 0
53 4 47 0
-21 -19 42 0
26 -5 -34 0
-25 -4 -15 0
-46 48 -8 0
50 48 66 0
-48 5 -67 0
64 47 -1 0
72 -32 -51 0
-19 -70 60 0
4 44 1 0
55 29 11 0
5 -13 33 0
13 -7 34 0
-20 70 42 0
53 -51 32 0
-17 -73 1 0
16 67 58 0
25 -60 50 0
-26 19 -4 0
41 1 -43 0
-67 -52 57 0
62 -54 -21 0
49 -37 -41 0
-8 15 36 0
33 -71 11 0
12 39 72 0
59 -55 35 0
72 49 64 0
-1 37 44 0
12 -43 -65 0
-47 40 -48 0
-47 68 23 0
29 -42 46 0
16 55 66 0
-50 -12 -13 0
44 -6 49 0
55 13 -74 0
12 -9 -63 0
10 15 36 0
14 53 67 0
29 -32 -59 0
-18 45 -14 0
-39 -66 -13 0
-24 12 -16 0
-70 -21 43 0
-37 -33 35 0
9 -2 -15 0
-19 -46 -38 0
-20 61 -5 0
-52 12 -5 0
-60 22 55 0
24 -12 -15 0
50 -70 -56 0
21 -62 37 0
-25 -45 -27 0
-43 35 33 0
-13 -69 61 0
45 73 18 0
34 -13 -5 0
50 45 -23 0
-30 66 56 0
35 -27 47 0
-69 68 59 0
4 54 7 0
41 66 -30 0
33 -36 60 0
-53 -46 -36 0
-33 37 -9 0
9 -40 -19 0
-26 -38 50 0
-13 73 -11 0
-54 -74 33 0
40 11 -25 0
61 -50 -2 0
-38 -19 68 0
-42 -1 -73 0
69 -2 3 0
20 -10 57 0
44 -40 -51 0
65 -32 -50 0
27 13 -47 0
-72 48 -42 0
-34 60 63 0
-61 -65 -22 0
41 1 70 0
-57 38 -2 0
-47 42 -49 0
-62 13 48 0
30 -67 23 0
-67 62 -27 0
-18 12 14 0
-27 -73 -29 0
-21 -68 -53 0
-8 -58 -38 0
-23 -72 -71 0
47 48 3 0
6 -15 67 0
59 -49 -56 0
-72 56 28 0
-27 22 -73 0
-70 -67 20 0
-38 32 -44 0
-74 -62 4 0
-4 -45 70 0
-47 -51 13 0
-40 -3 53 0
-54 -17 52 0
-56 -16 50 0
68 55 -50 0
1 48 -71 0
38 66 33 0
-5 65 73 0
-4 -12 -21 0
9 -22 -19 0
-55 13 -5 0
32 39 -43 0
45 -48 30 0
-45 -21 42 0
-25 -36 71 0
-24 37 -8 0
19 74 62 0
-17 -57 73 0
-41 -39 53 0
45 -63 -67 0
-15 -69 -31 0
59 20 -3 0
-49 -69 -3 0
65 32 5 0
9 -25 -32 0
-27 -10 71 0
45 21 -49 0
-53 -58 70 0
54 -26 5 0
44 61 -1 0
-11 -1 47 0
-57 73 10 0
-11 -33 19 0
-11 28 -62 0
-55 -26 52 0
12 -5 42 0
51 68 -22 0
74 30 62 0
-54 -73 -40 0
48 46 -31 0
52 22 -48 0
27 60 14 0
51 -73 -28 0
52 -65 -36 0
-59 44 -30 0
29 64 10 0
31 -25 -1 0
11 15 26 0
-19 65 33 0
31 -8 -48 0
69 -42 23 0
14 27 -39 0
6 -70 -53 0
-1 47 -28 0
49 -11 -2 0
-20 -9 6 0
12 -44 -39 0
2 -40 -28 0
61 3 -6 0
19 -69 -35 0
44 -59 48 0
-38 -24 -34 0
54 6 -8 0
52 7 47 0
9 48 36 0
30 -23 8 0
8 14 37 0
55 4 62 0
-11 66 -44 0
-40 -18 -23 0
4 29 -28 0
-7 37 63 0
47 -68 -22 0
14 18 38 0
-54 56 38 0
55 -17 -34 0
-15 36 22 0
19 -63 -22 0
30 -73 8 0
-31 40 27 0
9 36 -7 0
55 -32 -27 0
-70 -19 30 0
67 73 -56 0
-2 5 48 0
48 6 -64 0
-70 -13 -57 0
6 -44 68 0
-36 -23 32 0
-26 -27 19 0
-37 -26 41 0
10 71 -35 0
4 -15 23 0
-72 9 -7 0
