p 80 340
-32 10 -45 0
-23 36 -7 0
46 -47 -51 0
-12 55 -78 0
-72 -50 29 0
43 -19 42 0
-71 51 -30 0
-49 -80 -39 0
-41 -51 -42 0
-38 52 41 0
61 -32 72 0
46 44 25 0
-10 -2 30 0
-78 -1 29 0
-1 59 -79 0
-71 -63 4 0
52 18 32 0
69 31 23 0
61 -23 55 0
-69 -10 8 0
-42 66 -7 0
57 -51 21 0
-76 63 73 0
-52 -75 14 0
13 -65 -28 0
-50 15 47 0
16 -25 -17 0
-19 -41 37 0
45 66 -73 0
64 10 -69 0
30 49 -31 0
7 66 59 0
-11 -76 57 0
73 70 -74 0
80 -9 18 0
-22 -32 24 0
55 -44 70 0
66 -35 -43 0
2 -65 23 0
-39 -80 62 0
-26 1 -28 0
-2 -49 80 0
68 -80 -43 0
76 72 5 0
-3 35 50 0
40 -32 6 0
67 53 -50 0
76 37 45 0
43 20 -57 0
36 -7 -53 0
75 72 56 0
-60 -18 11 0
-69 -10 -75 0
-30 -63 -20 0
49 37 -19 0
12 -21 20 0
-16 27 80 0
25 -36 78 0
3 -8 58 0
1 16 38 0
77 -80 -31 0
-14 -60 13 0
-41 21 -5 0
-28 39 67 0
-63 9 -1 0
11 33 26 0
73 7 20 0
28 -36 -18 0
-5 8 -23 0
-37 76 27 0
-66 -11 -77 0
-14 51 47 0
-2 13 62 0
-77 63 -60 0
53 37 -59 0
-6 79 52 0
-61 40 -2 0
-40 28 47 0
10 -19 69 0
-25 -42 19 0
-19 42 -3 0
55 -79 1 0
68 -63 -8 0
3 -63 -77 0
-24 -34 -71 0
18 -29 -8 0
-32 73 66 0
-28 -27 -38 0
-37 32 -15 0
-7 -12 61 0
42 14 -80 0
-3 15 -41 0
42 -37 40 0
-59 47 32 0
-60 39 -5 0
28 32 -17 0
-21 26 -74 0
46 7 20 0
68 7 30 0
-31 -7 -17 0
38 72 18 0
34 17 -22 0
-11 41 -47 0
-6 55 -50 0
-48 -38 27 0
40 -55 -73 0
-37 43 73 0
-3 51 -40 0
67 68 -27 0
-28 -37 -11 0
-69 -63 16 0
10 40 46 0
33 -26 -35 0
-21 4 -10 0
-66 -27 -56 0
74 -55 -67 0
-68 24 27 0
49 77 -27 0
-48 29 70 0
37 -56 -60 0
62 32 -15 0
41 18 -22 0
-56 -64 16 0
53 -9 -73 0
42 19 76 0
-71 38 40 0
4 43 6 0
68 -67 -69 0
-21 -71 40 0
12 74 39 0
-39 -9 -21 0
-66 22 -58 0
79 69 8 0
56 -16 -79 0
-51 63 -60 0
-59 26 55 0
76 13 15 0
39 -73 -42 0
-60 -28 57 0
49 5 54 0
10 26 -33 0
65 58 26 0
-2 66 -29 0
-71 74 70 0
73 -20 66 0
-33 -35 -30 0
-39 -64 -68 0
-12 23 -59 0
35 -55 51 0
65 17 23 0
21 37 54 0
-70 78 -5 0
47 -49 -70 0
-52 53 26 0
-56 70 19 0
14 36 -22 0
-9 73 -54 0
67 26 -63 0
-12 56 24 0
-65 -33 42 0
-68 31 14 0
-14 -65 36 0
-3 -75 9 0
50 -73 77 0
-45 -62 -6 0
-55 -13 27 0
-19 -78 -51 0
-77 1 30 0
73 -32 66 0
-2 4 14 0
8 -3 -19 0
-19 -38 -64 0
42 -18 -32 0
-55 8 -22 0
-35 3 -59 0
-28 25 29 0
26 44 24 0
8 32 2 0
-64 7 70 0
-50 70 60 0
40 -39 57 0
-73 -1 -43 0
-75 -80 58 0
58 17 37 0
69 -42 -66 0
-30 -12 52 0
25 7 -30 0
38 21 -49 0
30 -34 -17 0
-15 12 -44 0
-49 -41 -24 0
7 58 -3 0
-43 -8 -12 0
23 -50 -48 0
7 -13 -21 0
45 -41 9 0
-12 -53 64 0
80 -64 -56 0
31 -66 72 0
-76 -58 80 0
55 -54 51 0
74 -16 -66 0
36 -5 72 0
17 -4 -19 0
-26 -22 20 0
76 -14 70 0
30 22 -11 0
38 17 52 0
-71 3 -68 0
73 63 78 0
15 77 -29 0
-11 -67 48 0
-25 24 53 0
58 -4 -67 0
-46 -49 -26 0
-70 -71 -42 0
71 -26 -35 0
33 39 2 0
46 -58 21 0
23 40 -80 0
24 54 18 0
33 59 58 0
-18 33 -44 0
-3 74 -9 0
-35 57 4 0
-5 29 -70 0
-55 -23 9 0
-40 22 -42 0
-56 64 41 0
-2 28 14 0
73 50 22 0
26 14 22 0
68 -49 71 0
-19 -38 66 0
53 -59 -17 0
-32 53 71 0
24 -74 -79 0
-27 -29 -19 0
46 51 61 0
-8 2 -54 0
-67 57 16 0
-17 39 -14 0
73 7 -68 0
-28 80 -19 0
25 49 1 0
-50 -66 -2 0
50 17 67 0
62 -6 -11 0
74 55 -43 0
37 54 40 0
63 -28 46 0
29 75 -2 0
-21 74 3 0
54 -18 3 0
46 38 -10 0
-33 -32 -67 0
-8 -11 -18 0
-59 -2 -58 0
-29 12 41 0
18 55 -80 0
-43 10 -75 0
-31 80 -78 0
28 -74 -9 0
45 61 6 0
-14 53 -6 0
-30 71 -79 0
-26 -2 -63 0
22 -38 77 0
8 17 34 0
-14 42 1 0
65 -14 80 0
-76 58 21 0
-15 72 -36 0
1 51 -42 0
-17 12 -79 0
-42 73 37 0
-42 -54 -19 0
77 -63 26 0
33 -48 -73 0
40 15 -55 0
62 -1 -80 0
7 67 -42 0
-15 -47 56 0
-38 -64 15 0
-66 -70 -58 0
-51 46 67 0
58 -32 28 0
-42 69 54 0
-27 -43 -8 0
-49 -59 1 0
-74 34 -31 0
-47 -11 50 0
48 -53 -22 0
-21 -13 66 0
79 63 22 0
-30 48 -34 0
78 2 57 0
-35 -58 -56 0
-72 -59 54 0
18 -80 44 0
-35 -80 50 0
-49 -41 -62 0
53 6 -4 0
19 26 2 0
-64 80 -8 0
76 -74 56 0
80 74 73 0
-70 3 45 0
12 76 -39 0
-73 -38 14 0
-51 36 47 0
-47 34 -54 0
54 -64 -30 0
15 -39 -8 0
21 -41 -38 0
8 12 16 0
45 14 9 0
-45 -23 39 0
46 -20 8 0
63 60 -12 0
58 76 -23 0
36 -6 -56 0
21 25 52 0
-54 2 4 0
-58 38 27 0
-31 80 58 0
56 68 -57 0
-25 55 -30 0
80 -13 -43 0
-59 -69 -37 0
39 -31 4 0
56 70 19 0
-47 -35 -74 0
75 -37 74 0
-7 -16 -21 0
27 -49 80 0
7 74 -78 0
44 6 68 0
12 34 -11 0
56 -29 -2 0
