p 99 421
-97 -30 89 0
-96 -37 -4 0
25 78 -36 0
-83 58 -9 0
60 -53 15 0
24 -52 19 0
-69 14 19 0
-88 -96 -87 0
74 95 -38 0
-97 65 19 0
98 2 -32 0
-91 15 -41 0
-62 12 4 0
1 18 99 0
-82 -24 93 0
92 78 61 0
58 14 16 0
32 -74 12 0
-64 11 15 0
-53 -14 -43 0
-53 20 -88 0
-54 3 53 0
-60 89 25 0
-10 -45 -64 0
17 -93 -57 0
39 53 -51 0
-44 -32 24 0
9 75 -88 0
59 92 43 0
58 -56 -2 0
-12 49 -40 0
-79 -95 75 0
28 19 -74 0
-15 -43 65 0
-39 50 81 0
-11 47 -53 0
9 23 -48 0
25 -19 -1 0
-27 90 -28 0
19 -53 45 0
58 5 72 0
57 77 -61 0
5 85 73 0
44 -17 -88 0
-88 -91 -10 0
38 -6 -61 0
1 60 -79 0
-14 83 -32 0
-99 4 72 0
91 6 26 0
24 53 -68 0
-1 -33 12 0
39 66 -29 0
-34 61 -43 0
-39 -95 -66 0
-45 -78 92 0
52 67 -22 0
-1 -96 37 0
90 44 -51 0
16 97 45 0
83 66 18 0
-82 25 76 0
2 98 10 0
43 -33 -54 0
2 39 -38 0
-43 86 -32 0
-60 12 -43 0
-85 22 -21 0
-5 -79 -55 0
33 10 71 0
-71 48 -50 0
35 -9 -37 0
95 43 -26 0
-58 31 -81 0
86 13 46 0
-29 21 -51 0
92 99 69 0
-38 -40 -16 0
-95 -57 -35 0
-10 -65 -72 0
3 -80 -88 0
-48 81 -47 0
-21 62 11 0
70 -56 -21 0
16 74 38 0
67 -3 33 0
87 59 16 0
79 78 -37 0
-18 31 -9 0
-88 80 -10 0
-17 -35 9 0
47 -24 -41 0
-79 64 86 0
-38 64 94 0
-71 -5 18 0
-5 -89 -64 0
99 10 84 0
95 -12 57 0
-54 80 -63 0
-58 82 95 0
-91 55 -17 0
49 -59 -71 0
-17 -86 80 0
49 -82 -92 0
-93 34 -29 0
-89 -81 -62 0
-5 -71 -31 0
59 80 -46 0
-77 50 38 0
-87 -41 92 0
-65 -35 -74 0
79 -89 -54 0
23 -72 -71 0
73 93 -64 0
61 26 -62 0
-16 98 -18 0
91 72 63 0
92 -68 26 0
26 56 -52 0
33 -55 -80 0
58 -17 91 0
12 -86 99 0
-27 38 -77 0
-28 -68 -53 0
-37 -3 -38 0
54 -18 -78 0
-94 78 57 0
-18 70 -99 0
-7 -90 -39 0
-97 57 -31 0
13 57 -4 0
-87 24 57 0
13 88 -7 0
43 -49 -78 0
-9 -5 -81 0
-52 -7 30 0
11 18 -2 0
61 43 75 0
-38 -23 72 0
-39 11 44 0
-57 -38 -61 0
-77 95 86 0
-4 38 80 0
-71 70 21 0
56 4 61 0
92 -28 -46 0
43 77 49 0
57 -60 53 0
-22 -1 76 0
48 -57 -99 0
-37 12 56 0
-62 76 40 0
62 20 43 0
-2 -70 -41 0
44 43 -10 0
-84 32 -95 0
-37 14 88 0
-4 99 -27 0
-72 83 -66 0
97 24 -65 0
41 -98 -42 0
-67 98 -25 0
-11 35 -13 0
-40 -39 86 0
-5 -39 44 0
36 4 -93 0
63 56 90 0
-49 6 -18 0
-1 -44 27 0
-60 98 -57 0
37 20 87 0
-5 -15 -81 0
-10 32 55 0
-81 -3 -55 0
-15 17 -16 0
73 -67 -30 0
-30 52 87 0
48 -97 -2 0
-13 19 -76 0
-95 33 -78 0
32 59 87 0
-42 15 -3 0
-51 21 17 0
-52 -63 6 0
88 55 -60 0
-28 79 -76 0
-6 -95 1 0
55 -34 87 0
-79 -72 -98 0
38 -17 -27 0
-41 22 -18 0
-76 -75 -36 0
83 -10 -88 0
30 -19 91 0
-14 62 23 0
45 -59 23 0
74 49 -42 0
9 -92 66 0
75 46 -67 0
-60 -11 40 0
21 17 -73 0
-23 -13 89 0
-2 19 90 0
-2 53 18 0
29 -44 -90 0
-24 -96 72 0
-32 -56 46 0
68 -50 11 0
-5 -89 -71 0
15 -14 -38 0
1 -68 -24 0
57 -23 -33 0
-92 53 31 0
-7 67 50 0
37 -24 27 0
65 -83 -97 0
-51 56 -41 0
44 24 66 0
52 67 10 0
35 -91 99 0
-40 -78 71 0
61 33 -83 0
89 17 -41 0
-54 11 60 0
68 13 99 0
35 -28 14 0
68 -74 -98 0
-89 -67 -13 0
-58 -84 -62 0
5 -76 92 0
63 28 -26 0
-53 -61 -12 0
-83 -69 -90 0
-69 27 61 0
-3 -67 62 0
-66 6 59 0
-34 -79 51 0
-26 51 -75 0
9 86 -38 0
10 -4 -58 0
16 53 -56 0
58 17 2 0
64 32 -63 0
73 -60 -50 0
-19 -1 -25 0
-82 -77 60 0
20 26 -56 0
-25 96 -99 0
53 82 83 0
-50 -80 76 0
47 26 11 0
-43 -59 94 0
-28 -2 32 0
2 -49 -7 0
-21 44 29 0
-99 11 -58 0
-71 8 48 0
31 -11 -81 0
-94 -85 -35 0
28 -97 -35 0
53 -47 -73 0
51 -43 -56 0
17 72 48 0
-87 48 -97 0
-21 -53 -75 0
-47 -2 3 0
-78 18 77 0
86 74 -51 0
-94 88 -89 0
-90 -68 30 0
-30 74 -55 0
7 48 80 0
-11 42 48 0
-74 -9 -77 0
33 -7 -37 0
58 -60 3 0
-23 -10 -82 0
-60 -6 26 0
98 -85 -19 0
64 83 60 0
43 78 25 0
-80 73 -36 0
39 -24 -41 0
64 -37 -10 0
73 -84 -72 0
99 -79 -56 0
95 -1 -90 0
-21 -52 -61 0
-96 91 80 0
79 77 45 0
-89 -95 99 0
-60 75 15 0
16 99 -94 0
18 27 6 0
-48 35 -6 0
-22 48 15 0
42 91 57 0
68 -49 19 0
59 -8 -7 0
12 74 -7 0
76 -35 31 0
-96 -47 61 0
-29 -4 -60 0
-86 -36 -98 0
-6 -56 9 0
-49 58 15 0
95 -30 75 0
86 -30 -88 0
-12 -96 80 0
-52 -58 -54 0
-61 -55 -4 0
-86 28 -7 0
-38 -5 -96 0
86 80 48 0
-80 -54 -1 0
88 2 43 0
82 13 -6 0
65 -21 5 0
-18 81 -10 0
-44 5 -78 0
-77 -17 98 0
-37 82 -94 0
4 97 -77 0
96 7 -23 0
-97 54 64 0
88 30 -67 0
74 -11 -13 0
38 66 70 0
-15 96 65 0
-67 -18 62 0
57 -36 -88 0
-16 36 -9 0
21 6 -87 0
-95 43 2 0
-40 36 20 0
-2 29 -21 0
24 -25 63 0
66 -35 23 0
29 62 -19 0
-79 98 36 0
-89 45 -67 0
78 -20 7 0
-24 11 39 0
-60 79 -29 0
-8 -1 21 0
-74 -57 -91 0
81 21 71 0
-37 -15 43 0
-49 48 -27 0
26 4 -15 0
-25 -42 57 0
-74 -92 44 0
-67 35 -12 0
9 21 24 0
30 -55 -28 0
5 96 -46 0
69 -63 -80 0
-5 22 -16 0
70 -30 -29 0
-49 -23 61 0
-87 -54 -64 0
2 -4 3 0
26 4 -96 0
96 -40 31 0
51 -40 96 0
-98 -65 14 0
44 81 -5 0
94 -32 -40 0
-56 -53 -90 0
61 -82 55 0
50 -38 -2 0
98 10 -74 0
21 -90 75 0
-9 -83 63 0
84 -40 6 0
86 42 50 0
96 -57 86 0
58 52 -65 0
-54 -65 -46 0
-54 -50 -34 0
-65 63 39 0
15 -43 92 0
40 -80 93 0
64 46 42 0
-98 -32 94 0
5 -15 52 0
-63 44 68 0
72 27 -86 0
61 -26 -67 0
31 76 -53 0
-67 88 5 0
-7 -86 39 0
-54 -84 -80 0
15 37 -12 0
-54 23 2 0
-5 42 -98 0
-58 -60 14 0
76 -48 88 0
-88 93 98 0
-74 -38 9 0
51 -52 91 0
-1 -38 -25 0
-74 78 -30 0
49 -46 -43 0
98 27 53 0
-1 -51 -94 0
50 -80 24 0
-90 -6 -30 0
-57 56 -42 0
84 -41 91 0
-32 -78 -83 0
-13 54 -26 0
-86 -36 -30 0
1 3 41 0
75 -97 -18 0
41 31 65 0
-8 66 -59 0
56 42 79 0
54 -94 -59 0
-92 -40 -64 0
-59 40 -71 0
