p 82 349
18 38 4 0
-40 -24 68 0
-24 -29 -77 0
-27 53 -65 0
-82 37 48 0
-68 12 38 0
13 39 -23 0
-67 -71 6 0
-16 66 68 0
-80 64 40 0
-50 44 78 0
47 -8 -63 0
52 26 -23 0
37 13 78 0
-18 -19 -12 0
-3 48 82 0
45 -2 53 0
-17 10 -13 0
4 -67 -36 0
-14 53 9 0
-68 59 -4 0
16 -54 14 0
17 -20 -74 0
14 45 -61 0
-12 -49 82 0
56 82 -4 0
-12 80 -65 0
8 -67 58 0
40 -12 26 0
63 79 -75 0
66 6 -13 0
-36 -34 -19 0
16 -71 7 0
-47 37 -9 0
78 -40 33 0
44 -30 25 0
-18 33 -75 0
-69 -50 -15 0
-8 -74 -73 0
-68 39 -49 0
81 72 -56 0
55 -17 71 0
78 66 -48 0
-29 -3 25 0
67 77 30 0
-33 48 30 0
-61 -44 59 0
57 -80 -32 0
2 -34 -14 0
-66 -47 -24 0
-69 -73 -68 0
-19 27 32 0
-62 -52 -50 0
1 -61 -14 0
64 -53 63 0
32 -36 -16 0
-32 52 81 0
-17 11 -78 0
-73 30 -61 0
64 50 -13 0
-69 -71 82 0
-18 58 -57 0
-43 -20 9 0
69 -67 -25 0
42 69 67 0
49 16 -79 0
-34 -31 -41 0
-47 -43 -8 0
-12 51 26 0
-46 14 77 0
75 -38 68 0
-21 -35 -55 0
-63 -74 -26 0
-36 42 -77 0
22 20 -27 0
13 44 65 0
-31 -5 27 0
75 -46 47 0
-74 15 33 0
-54 -45 48 0
19 -51 -34 0
24 22 -3 0
7 -35 -80 0
72 44 -3 0
48 82 16 0
-69 18 2 0
-61 53 80 0
65 29 -35 0
7 -29 -17 0
-59 27 -34 0
-79 -43 38 0
-3 -81 -53 0
-42 52 26 0
1 82 -29 0
-45 71 26 0
67 -22 -81 0
-78 42 -34 0
51 31 -82 0
-65 24 44 0
68 -30 15 0
31 47 -45 0
-78 62 13 0
-31 -58 -17 0
29 14 -46 0
64 44 -33 0
34 -51 -49 0
28 33 37 0
-18 44 -57 0
63 -51 59 0
42 -70 -40 0
47 -28 -48 0
30 53 -12 0
31 53 -17 0
20 -15 -11 0
-41 53 37 0
16 49 -74 0
78 -36 -56 0
81 -14 -75 0
61 36 -41 0
47 -34 -12 0
6 -9 8 0
-56 -32 50 0
78 53 65 0
-1 76 35 0
43 34 -19 0
-38 -27 26 0
-20 -33 24 0
55 71 18 0
-15 -3 -13 0
-35 -10 32 0
-56 -5 58 0
-54 -40 -59 0
-56 67 -47 0
-80 -25 -18 0
-5 23 6 0
35 64 61 0
-61 66 -1 0
25 -8 -66 0
-63 -80 -33 0
-75 1 -40 0
-33 6 4 0
55 6 -34 0
-8 54 -32 0
-25 -58 -19 0
5 52 -63 0
74 -82 34 0
-18 -55 -10 0
-3 -54 55 0
-66 -35 4 0
-2 -63 -45 0
18 56 81 0
52 18 -11 0
-71 -49 33 0
-36 44 45 0
27 16 64 0
-5 4 -57 0
-1 -37 -65 0
-33 81 14 0
65 34 74 0
-7 37 29 0
-65 70 16 0
-31 -76 -8 0
-71 -52 -40 0
43 -49 -40 0
-24 -43 -6 0
-4 -6 -17 0
28 -39 -54 0
4 39 -82 0
50 -52 -32 0
57 22 -38 0
31 6 2 0
-37 32 -69 0
34 69 33 0
16 78 -67 0
2 -8 -69 0
26 -54 -37 0
-25 -1 -27 0
-37 -9 31 0
39 -44 -47 0
49 -26 35 0
78 18 52 0
-48 61 54 0
-73 -41 -6 0
-44 59 -78 0
-55 -2 -18 0
-18 -10 63 0
26 -21 59 0
-39 -1 -13 0
-24 43 -40 0
45 -21 15 0
31 -78 38 0
-15 -42 -65 0
41 -45 76 0
-49 -45 30 0
20 69 58 0
60 51 70 0
51 -76 11 0
25 22 -1 0
-60 76 29 0
-31 66 49 0
12 79 -22 0
-59 62 14 0
-68 14 40 0
-35 11 -72 0
24 37 -30 0
48 -45 -69 0
-58 -57 73 0
-59 -55 -13 0
29 6 -35 0
-34 -13 -63 0
3 28 22 0
44 66 -4 0
-21 28 61 0
31 -77 18 0
-65 -49 13 0
-44 70 -18 0
34 -78 -39 0
13 -69 -56 0
38 -42 -13 0
-45 -5 -37 0
-60 36 74 0
41 -40 37 0
50 77 -23 0
20 -13 -39 0
-35 -64 2 0
53 59 12 0
35 -26 -1 0
-44 41 -40 0
8 -52 24 0
-19 -30 -4 0
-46 77 -23 0
-12 -48 76 0
-12 -40 -25 0
16 -76 -56 0
58 16 -51 0
3 39 24 0
-3 -35 77 0
61 58 -77 0
51 75 -36 0
80 59 46 0
-46 67 66 0
-68 10 -46 0
2 9 54 0
42 8 52 0
47 -9 -25 0
74 -14 -21 0
-41 -8 48 0
-8 57 56 0
-15 46 69 0
-28 -18 40 0
68 -53 65 0
-20 -79 31 0
-79 -3 -8 0
-34 17 -67 0
36 -33 74 0
-29 80 -26 0
-55 71 50 0
70 -47 -45 0
-20 31 -38 0
41 -6 -42 0
-69 -62 -24 0
72 11 -25 0
42 65 29 0
10 -36 -80 0
-43 37 -17 0
-11 62 -47 0
37 72 69 0
49 65 -25 0
-37 -22 -13 0
-1 -40 -13 0
62 -45 11 0
-25 36 17 0
-55 -7 -17 0
-11 -40 33 0
6 -24 -60 0
37 -10 -46 0
24 35 30 0
21 -15 -26 0
-6 42 2 0
-73 55 -35 0
-78 -5 -16 0
31 7 -12 0
71 -24 20 0
43 -59 1 0
55 -14 51 0
54 -71 -62 0
56 41 2 0
-19 -23 -43 0
-56 -42 10 0
-68 39 46 0
75 -3 74 0
-22 -40 -30 0
77 9 65 0
-17 67 39 0
-78 -71 -32 0
24 51 -38 0
-39 -81 10 0
36 53 76 0
50 60 -3 0
-14 1 50 0
-21 66 6 0
47 -58 -16 0
21 33 17 0
-68 50 35 0
-5 18 79 0
-73 43 54 0
-8 -5 66 0
-51 38 62 0
-3 -48 -9 0
-62 30 -51 0
-46 65 -39 0
-46 34 -63 0
-43 12 -68 0
-75 -74 41 0
58 52 46 0
-59 11 63 0
-8 -69 77 0
49 36 70 0
-45 -68 -78 0
-12 -63 48 0
-78 69 -64 0
-35 -47 18 0
79 54 -49 0
43 32 -10 0
66 10 64 0
68 30 8 0
63 -78 -51 0
60 -48 47 0
24 1 76 0
-2 -60 14 0
56 -39 29 0
-24 4 49 0
-75 -78 14 0
-45 38 -4 0
4 16 72 0
17 -6 -24 0
21 35 36 0
-75 -68 60 0
74 81 -62 0
56 -75 -68 0
17 -53 1 0
-67 -69 32 0
-23 33 -54 0
-24 -34 -33 0
72 -37 -21 0
-58 -50 81 0
15 48 65 0
18 72 66 0
34 38 -20 0
