p 31 132
1 24 -9 0
-27 17 4 0
-20 28 -3 0
-3 -30 -4 0
-9 22 6 0
-15 3 -8 0
-28 3 17 0
-24 29 20 0
5 24 11 0
21 19 -20 0
24 21 -26 0
10 -15 -3 0
-16 -29 -21 0
11 -3 -2 0
-5 -24 -11 0
3 2 5 0
7 12 15 0
-14 1 -9 0
30 20 6 0
24 29 -1 0
-13 -6 26 0
23 8 -26 0
-12 28 -23 0
20 -7 -28 0
-31 14 1 0
14 7 5 0
-12 -13 11 0
-4 31 30 0
-8 20 -16 0
20 -30 1 0
7 11 -14 0
-19 28 -14 0
-21 -17 -9 0
-26 -15 -30 0
8 27 -24 0
-26 -1 -5 0
15 -8 -7 0
25 -31 14 0
2 4 30 0
-21 14 16 0
19 -5 16 0
-14 -30 -31 0
16 -2 -23 0
-19 -1 -21 0
11 8 7 0
-10 8 -6 0
-30 19 -3 0
12 21 -29 0
21 -10 29 0
-29 -11 -3 0
25 -9 -2 0
1 -27 9 0
-26 8 -16 0
-2 28 14 0
22 -21 -3 0
-22 21 -18 0
28 -23 -7 0
-22 -24 13 0
-9 28 -16 0
-6 10 14 0
6 -22 -30 0
-27 -13 -21 0
3 -10 -25 0
-4 -12 -15 0
9 -11 -20 0
-17 4 29 0
1 -13 12 0
-20 22 4 0
-25 23 15 0
-21 28 23 0
31 -13 -30 0
-19 -30 2 0
13 16 28 0
-18 -10 -27 0
-23 29 -31 0
-10 4 31 0
-28 -5 3 0
-4 19 28 0
7 -12 26 0
-6 -26 11 0
-22 -15 2 0
27 26 -2 0
-4 22 23 0
-28 10 3 0
-23 1 31 0
6 -24 -17 0
6 10 -31 0
17 5 -16 0
-11 10 3 0
30 29 -19 0
-29 -14 21 0
25 17 14 0
16 12 20 0
-3 21 -23 0
-20 18 29 0
-3 30 -9 0
-20 5 21 0
22 -23 -1 0
-30 18 -27 0
16 22 14 0
21 -1 30 0
-3 13 6 0
16 25 14 0
7 -26 31 0
-25 -1 30 0
-14 -20 2 0
-8 -11 22 0
11 18 26 0
-28 12 -4 0
24 15 -14 0
-30 -31 -28 0
12 9 28 0
13 -31 -7 0
14 21 -17 0
3 -5 -4 0
-26 2 24 0
-31 -4 12 0
-9 -26 -17 0
-16 -22 26 0
-13 31 16 0
-13 -22 21 0
-16 1 5 0
-10 -29 1 0
27 -30 -24 0
31 16 -29 0
-23 -15 18 0
-29 -7 -12 0
-13 11 -22 0
-31 11 -12 0
-10 5 2 0
31 5 24 0
-2 22 -21 0
