p 72 306
-45 -57 31 0
-57 -60 20 0
18 68 6 0
58 56 -69 0
-46 14 67 0
37 -60 56 0
-14 28 -51 0
-22 -37 -43 0
-41 -57 72 0
-1 -34 63 0
-67 70 -42 0
-26 -62 8 0
-19 -33 -18 0
2 33 59 0
56 30 3 0
68 -28 -38 0
-61 -46 -22 0
20 -46 38 0
70 38 31 0
56 9 -63 0
-60 69 35 0
-14 -49 3 0
39 58 31 0
-32 65 49 0
-17 31 30 0
44 62 49 0
-52 -54 -30 0
60 6 -19 0
15 57 -28 0
-18 -26 -64 0
-22 10 -26 0
29 50 -46 0
-32 60 68 0
34 14 43 0
-60 4 -32 0
-4 -21 19 0
3 51 29 0
22 68 -48 0
-25 -71 -33 0
36 -23 9 0
-48 5 7 0
4 -24 28 0
-41 38 -45 0
3 -70 9 0
-40 67 -65 0
12 13 -15 0
-42 31 22 0
-11 43 32 0
31 25 -64 0
49 67 -1 0
3 -29 -30 0
-61 36 46 0
-10 46 -26 0
-49 5 19 0
17 49 51 0
72 -51 55 0
-30 -56 -61 0
4 51 2 0
-64 -15 21 0
55 -42 -8 0
-10 39 46 0
23 -51 -15 0
-34 48 -21 0
-17 13 53 0
-49 -30 -66 0
28 -68 -2 0
-11 41 68 0
22 -9 40 0
-33 -58 36 0
-1 59 51 0
-49 -55 -34 0
18 -64 -70 0
-55 -9 -33 0
-16 -13 23 0
35 9 5 0
-43 -50 -39 0
53 55 35 0
-6 43 -52 0
-16 68 12 0
-57 -47 -23 0
35 3 11 0
13 -69 27 0
2 -64 43 0
-54 -70 -36 0
-25 -71 62 0
32 58 26 0
-65 -59 -42 0
41 -59 -61 0
20 -41 -56 0
-3 58 -71 0
42 69 17 0
-66 -15 -62 0
37 -22 -18 0
-10 51 19 0
-21 70 56 0
-39 -8 -22 0
34 59 56 0
36 -51 72 0
21 57 69 0
-31 -19 46 0
-41 -45 -5 0
53 -49 -11 0
-59 19 7 0
-2 -30 20 0
64 70 45 0
-55 -32 -23 0
-68 -22 -51 0
1 -70 66 0
-17 37 31 0
46 -70 30 0
58 -22 -23 0
66 -48 -34 0
2 -8 14 0
-43 -38 -4 0
37 -10 28 0
-53 -57 -10 0
-62 31 71 0
-42 -47 -65 0
-12 63 -20 0
54 -21 -60 0
17 -2 5 0
-57 -26 39 0
39 35 -15 0
24 -43 -10 0
-36 -54 -41 0
7 -55 31 0
25 -15 30 0
-6 -9 -4 0
-62 50 67 0
-6 -33 12 0
-9 -61 26 0
66 -25 22 0
68 -14 -26 0
-46 7 -50 0
52 -66 12 0
-28 -52 29 0
-68 23 22 0
64 -19 61 0
66 35 -45 0
-61 41 -63 0
-11 51 -53 0
27 11 49 0
38 18 -19 0
10 21 -9 0
24 -14 -49 0
-42 -55 70 0
20 -25 18 0
-40 -50 -64 0
-21 1 -37 0
52 63 -49 0
48 44 3 0
18 71 28 0
65 33 41 0
-24 67 -9 0
-45 -23 46 0
33 -11 -26 0
20 -30 -62 0
45 -35 34 0
5 3 40 0
-50 6 -25 0
-26 54 -22 0
-47 29 11 0
-42 -35 -2 0
-26 11 -17 0
3 29 -70 0
31 -27 -65 0
-32 55 41 0
-65 34 25 0
-26 6 56 0
-5 8 23 0
-3 10 23 0
-66 10 -29 0
7 -70 40 0
64 68 21 0
43 30 -60 0
62 -25 -15 0
-25 -29 41 0
68 58 3 0
-26 22 -3 0
-36 -27 49 0
1 41 -33 0
-42 -9 -69 0
30 28 34 0
-37 -38 5 0
-4 -45 71 0
-10 -21 -11 0
-47 -11 -67 0
21 -11 -71 0
-65 -57 -35 0
-6 67 -3 0
27 -15 -57 0
-11 -45 -38 0
-64 38 -57 0
27 -25 41 0
46 16 -19 0
-4 -58 -67 0
63 -43 -58 0
72 -58 -27 0
-68 -6 58 0
29 4 39 0
58 61 -44 0
-47 -62 -31 0
55 69 -9 0
32 -72 -38 0
-14 -39 -44 0
-7 -67 56 0
26 51 -35 0
-62 13 -70 0
-54 5 24 0
-47 45 50 0
-42 6 -18 0
63 -9 15 0
-30 11 26 0
-31 -70 -7 0
21 47 -54 0
-46 -64 -56 0
53 -13 -48 0
10 -12 52 0
-43 65 -20 0
-21 -5 -64 0
52 28 -68 0
-68 -53 -2 0
-16 -53 -4 0
37 38 -26 0
11 59 31 0
-38 -60 17 0
66 9 -37 0
-10 62 -31 0
35 -28 -6 0
-22 42 48 0
-31 12 -13 0
42 36 -16 0
55 21 38 0
-7 -14 -60 0
-1 44 -22 0
12 19 32 0
-52 -39 72 0
-26 -16 -67 0
45 -72 -18 0
53 30 20 0
-53 37 62 0
53 51 50 0
43 52 -39 0
12 -9 53 0
-6 9 52 0
-9 16 53 0
29 -6 -17 0
57 18 5 0
-28 -24 68 0
-69 27 22 0
-24 -32 27 0
59 17 -19 0
37 -36 52 0
6 -4 -19 0
-37 10 -58 0
-35 -10 62 0
28 -15 -36 0
72 54 -37 0
-31 -57 55 0
-37 -62 -41 0
-72 47 -50 0
47 14 -40 0
-72 -30 -61 0
22 2 42 0
-59 -60 -30 0
-11 -24 -10 0
62 -8 -44 0
-63 13 -60 0
-18 -1 32 0
-18 -42 55 0
16 58 30 0
-19 -25 -47 0
57 -71 -25 0
-39 -32 -52 0
-14 -35 3 0
-51 -50 -62 0
11 48 62 0
-6 -23 -54 0
48 30 -38 0
-48 42 -9 0
6 -60 -63 0
-52 21 5 0
3 -1 19 0
-19 46 67 0
32 41 -16 0
72 -18 57 0
-34 -21 -15 0
59 -18 -13 0
71 33 -13 0
3 8 -4 0
4 -66 18 0
43 -44 5 0
-40 -38 -48 0
-42 -28 39 0
-68 41 43 0
-66 59 -33 0
51 -50 -49 0
35 -62 -47 0
17 -71 36 0
-35 -22 -34 0
5 62 -66 0
-48 -27 70 0
-49 -26 -6 0
42 -17 64 0
54 19 25 0
61 56 -23 0
