p 31 132
28 -12 29 0
31 -29 25 0
21 -9 -24 0
-9 26 28 0
9 -16 -12 0
-10 25 12 0
-2 -23 6 0
-20 19 18 0
22 8 29 0
15 3 21 0
2 -29 -14 0
-18 31 24 0
-21 -22 -5 0
17 -1 22 0
23 20 11 0
-14 19 12 0
21 -29 28 0
-17 10 -16 0
20 15 18 0
-17 -27 8 0
4 -10 29 0
15 -12 11 0
8 21 -14 0
-20 -3 27 0
-23 -18 -22 0
14 28 -18 0
-16 -11 -19 0
10 -12 -19 0
27 31 26 0
1 -26 27 0
-12 -14 10 0
11 9 24 0
-30 -17 -31 0
15 -24 -8 0
18 -5 17 0
22 -26 -15 0
-8 28 22 0
2 -5 12 0
30 24 -5 0
9 12 -5 0
14 -9 30 0
1 26 -29 0
-18 5 2 0
14 -20 13 0
-7 -5 30 0
13 24 22 0
1 -21 24 0
-31 5 28 0
-10 -3 15 0
29 14 2 0
-2 -19 10 0
-11 29 -31 0
-1 20 -19 0
31 21 6 0
-14 -11 -30 0
-5 29 -13 0
-16 -15 9 0
2 -6 -26 0
-3 1 -17 0
-4 -6 -20 0
-27 16 -18 0
-25 12 2 0
24 -15 -3 0
-22 -20 -18 0
-21 -31 -2 0
-2 -11 28 0
-15 10 7 0
19 -1 -31 0
22 -30 -9 0
16 -1 8 0
-19 -11 1 0
28 -12 -27 0
-13 -23 -10 0
-19 -30 -12 0
2 -29 -15 0
7 -5 13 0
-11 -29 -25 0
13 -2 8 0
2 -22 29 0
-3 2 11 0
1 -28 2 0
15 1 18 0
12 2 14 0
2 23 -13 0
27 -26 -10 0
-20 -9 23 0
-29 6 -26 0
30 31 -4 0
-22 -26 7 0
-1 -6 -31 0
-30 15 -29 0
24 30 22 0
11 29 9 0
19 -5 22 0
-1 -26 21 0
-7 13 -25 0
1 -27 -8 0
13 -22 -31 0
-19 21 3 0
-12 -24 -26 0
-6 9 13 0
-11 12 -1 0
-23 -19 -30 0
-10 20 -30 0
-5 -15 -18 0
10 -14 2 0
26 -28 -27 0
-22 29 -4 0
20 -15 -22 0
14 -25 23 0
31 -19 29 0
2 -10 -20 0
1 -21 7 0
13 -4 -22 0
-14 8 10 0
7 -15 9 0
6 -12 -16 0
-20 -31 -2 0
-29 1 22 0
-21 31 -14 0
-17 15 5 0
9 22 -28 0
-20 -21 13 0
-18 -30 21 0
14 19 -4 0
18 6 -31 0
-15 22 -18 0
8 5 -25 0
-10 -27 26 0
18 -24 -19 0
20 31 14 0
-22 -25 -21 0
