p 98 417
35 20 -25 0
-8 -35 -24 0
-50 -30 7 0
91 -39 53 0
-60 -7 -92 0
-9 -53 11 0
64 -50 4 0
-19 -81 2 0
77 -69 -33 0
-76 -67 -65 0
-59 -91 -96 0
67 75 -56 0
-9 -54 33 0
27 -72 17 0
-31 96 -46 0
1 -73 22 0
36 -64 44 0
-88 -32 92 0
-69 -61 -1 0
-54 -43 29 0
59 -31 -16 0
95 60 51 0
-8 -69 3 0
50 70 25 0
-59 -42 89 0
-61 -81 -55 0
-20 36 -64 0
-43 -25 65 0
5 70 12 0
-91 -55 27 0
-43 -56 -70 0
-87 -50 -18 0
-12 -37 -81 0
84 34 57 0
74 2 65 0
-90 56 -50 0
65 -75 -88 0
77 94 27 0
-73 40 -8 0
48 -67 88 0
-26 54 -30 0
55 45 -48 0
-60 8 -72 0
58 -41 -91 0
39 -44 80 0
43 -12 -7 0
57 51 -19 0
-91 -96 -76 0
-39 -82 -62 0
-18 49 85 0
-78 -22 -40 0
91 -63 -28 0
84 39 79 0
-89 13 53 0
90 16 -77 0
-57 89 -62 0
56 -89 4 0
45 -37 -5 0
-97 -73 76 0
-54 38 74 0
-22 34 39 0
36 -13 45 0
3 -45 -90 0
-53 -83 26 0
-58 -71 -93 0
90 -40 -69 0
66 53 -13 0
-45 -64 -98 0
-80 -14 -62 0
-91 37 -5 0
-61 -77 -73 0
-74 -80 36 0
-49 -18 80 0
22 86 35 0
-8 -58 -35 0
-6 97 -48 0
-18 -41 -91 0
10 39 -66 0
9 88 -51 0
-40 27 -88 0
16 36 72 0
71 37 -69 0
17 -3 30 0
14 -45 57 0
-89 67 -20 0
82 95 94 0
-86 12 92 0
-48 -58 -5 0
83 7 -55 0
-28 -53 -96 0
5 -29 1 0
67 92 10 0
34 -8 90 0
84 44 -86 0
9 41 73 0
38 -51 15 0
49 5 97 0
91 -57 -24 0
-17 2 81 0
27 -2 -76 0
-88 51 -6 0
47 37 -52 0
-32 58 35 0
12 31 -66 0
67 90 -46 0
-45 -85 80 0
-10 -75 -61 0
72 -52 -81 0
-70 85 -97 0
-58 18 -84 0
38 92 98 0
-2 -65 -52 0
24 -33 92 0
-70 4 -52 0
-35 -54 -86 0
64 76 53 0
81 -7 78 0
92 -35 26 0
-56 74 91 0
-34 5 9 0
62 98 56 0
33 27 -68 0
65 84 42 0
91 -96 36 0
-81 -27 64 0
46 33 -44 0
2 26 4 0
-19 42 -43 0
29 4 -55 0
11 -44 -36 0
41 55 -53 0
10 -11 79 0
96 41 87 0
-96 48 39 0
-20 69 77 0
18 -95 12 0
72 75 -4 0
-45 68 47 0
-92 -61 69 0
-83 -77 -80 0
17 19 73 0
-90 -54 -12 0
86 48 -46 0
72 -37 28 0
-45 -30 93 0
-65 -78 12 0
79 98 -38 0
-77 -44 -41 0
91 36 30 0
69 -90 -9 0
69 -44 13 0
-55 -39 16 0
44 -81 76 0
-33 35 -50 0
-55 -3 29 0
-66 34 83 0
-21 -2 -17 0
-9 59 50 0
29 -84 -36 0
64 -13 90 0
-67 23 55 0
-28 24 96 0
-98 41 -79 0
-20 10 21 0
-25 22 77 0
32 64 -36 0
90 -42 10 0
9 58 4 0
-8 64 -42 0
-86 -93 38 0
-87 25 -27 0
55 -41 3 0
-75 -71 70 0
97 -56 -47 0
-14 73 -88 0
-39 -3 -6 0
-57 -43 -81 0
-71 -67 -11 0
-86 5 16 0
19 87 -36 0
45 -48 25 0
42 9 -29 0
78 76 60 0
36 -1 -40 0
37 1 9 0
-16 34 92 0
-24 22 -90 0
33 3 -40 0
-73 38 -13 0
-70 74 -97 0
-13 -47 -68 0
21 91 -8 0
29 -79 89 0
-44 -5 70 0
51 -91 50 0
-2 41 54 0
-95 39 50 0
34 80 48 0
-80 64 -2 0
-87 53 62 0
25 -75 32 0
-13 -54 27 0
-93 32 -79 0
87 89 -75 0
-82 30 3 0
79 96 76 0
-54 -72 -93 0
1 12 -61 0
-19 -60 -25 0
11 20 -61 0
4 74 -43 0
-98 14 -70 0
-44 23 -67 0
54 68 -81 0
61 82 -97 0
-77 20 42 0
31 -83 -10 0
71 3 -69 0
-28 -95 47 0
92 -17 -36 0
33 40 67 0
-45 -1 -94 0
80 -33 -52 0
-74 -65 53 0
83 64 -72 0
-29 61 14 0
39 55 61 0
13 11 -98 0
-84 25 46 0
-68 -9 -1 0
48 -7 -45 0
53 84 -67 0
-63 -81 -36 0
-73 -16 6 0
6 69 -80 0
-64 19 -6 0
-21 -5 77 0
-37 52 20 0
-73 -96 78 0
-58 62 -72 0
65 59 45 0
96 36 78 0
81 -71 34 0
-93 -28 86 0
10 91 22 0
-91 80 -98 0
4 -49 38 0
-80 20 7 0
-88 -42 -68 0
-55 38 64 0
9 55 -17 0
86 30 10 0
-98 -3 -40 0
95 57 48 0
-41 -94 -86 0
30 -16 -66 0
7 -24 -40 0
-9 -4 -86 0
-42 77 49 0
89 64 98 0
-66 82 -33 0
-58 21 94 0
-32 54 -23 0
-33 -86 -77 0
-54 47 66 0
-35 28 98 0
5 -84 10 0
45 -12 -30 0
-28 -23 -48 0
66 -57 65 0
-87 19 -32 0
24 8 -22 0
-89 97 -66 0
-88 34 -92 0
-25 -11 -4 0
-35 19 -32 0
-9 -72 -2 0
26 7 56 0
-88 64 -70 0
-67 13 97 0
3 84 -9 0
81 -5 36 0
13 45 91 0
-63 -47 -33 0
33 44 66 0
-86 -88 -7 0
52 -81 6 0
-69 -80 3 0
-29 -32 15 0
-7 -39 76 0
25 -12 -7 0
-11 -70 64 0
-22 -78 -87 0
-21 -82 29 0
5 -91 -4 0
89 -67 96 0
55 32 -54 0
-40 9 37 0
14 -17 97 0
37 49 15 0
-46 13 -72 0
-27 3 45 0
13 -35 -52 0
13 60 52 0
-47 -26 66 0
-46 34 5 0
19 -83 -50 0
-85 -81 -48 0
-70 95 29 0
16 -52 10 0
62 -38 35 0
-52 66 -59 0
53 -10 6 0
24 -65 -61 0
1 -30 -33 0
-95 -3 -45 0
83 -65 -96 0
-53 -61 -89 0
-57 -23 -83 0
-54 24 56 0
-51 72 11 0
63 51 6 0
-61 -59 -28 0
78 -50 -72 0
-33 -98 27 0
-52 77 -57 0
-63 -93 -87 0
-76 -91 62 0
-52 78 8 0
-73 -68 -7 0
-97 21 87 0
89 -13 19 0
-87 -59 60 0
75 86 -24 0
-68 50 -83 0
-94 -31 -45 0
-13 -74 -6 0
62 50 77 0
19 -65 4 0
-37 20 -51 0
-92 -71 -43 0
-23 -61 -98 0
13 81 28 0
91 50 -15 0
-26 44 23 0
43 42 -50 0
60 66 91 0
86 67 19 0
-88 -89 -82 0
-70 -98 -96 0
-36 60 -86 0
-40 -94 -32 0
42 -52 -79 0
18 -4 -13 0
12 40 97 0
79 -29 22 0
-17 -58 -77 0
-43 7 -49 0
-37 65 69 0
-84 48 -88 0
-11 -60 -57 0
39 56 13 0
-65 72 -88 0
-62 -10 12 0
-90 70 -40 0
-77 61 7 0
61 14 -45 0
-8 45 5 0
4 -44 -77 0
10 -48 -7 0
64 13 -86 0
-87 -18 57 0
-68 -51 -36 0
-49 -56 -40 0
-31 27 -2 0
-73 47 34 0
-38 79 -40 0
70 97 22 0
-35 -55 -30 0
52 -9 -11 0
95 90 -8 0
59 74 -12 0
49 -48 -23 0
77 31 62 0
68 -8 9 0
53 32 74 0
94 -12 -98 0
89 -60 30 0
37 -83 -96 0
89 -88 -87 0
22 21 36 0
-94 69 -73 0
-29 -32 41 0
56 78 31 0
-58 -25 61 0
-11 88 -49 0
71 -95 -87 0
21 -92 -64 0
17 93 20 0
-94 72 37 0
59 -8 75 0
43 77 -34 0
6 1 -83 0
71 16 90 0
-56 -74 -38 0
-72 19 60 0
34 64 82 0
-49 48 -62 0
71 3 -56 0
58 -56 34 0
-8 -90 -72 0
-48 -64 -41 0
6 -72 -2 0
77 -2 -92 0
86 -15 -62 0
-78 53 42 0
78 -81 -53 0
