p 86 366
12 -21 -18 0
16 2 10 0
3 -23 -34 0
-11 5 83 0
-77 -72 71 0
32 -48 38 0
-22 -25 29 0
26 86 -71 0
-48 -53 58 0
3 -46 71 0
-47 -24 46 0
-35 50 43 0
30 -41 -54 0
-68 46 -47 0
38 32 -10 0
-70 9 -3 0
-10 -51 59 0
-34 59 73 0
-50 -56 68 0
56 -82 -52 0
53 82 83 0
-29 41 72 0
-77 34 11 0
-62 9 -55 0
-36 -39 80 0
-5 53 71 0
-86 -44 56 0
-65 -74 -66 0
-72 -13 22 0
-30 25 31 0
77 -1 24 0
-66 81 -7 0
8 -54 32 0
45 -43 -27 0
18 -64 26 0
14 -6 -56 0
46 73 20 0
63 -36 -86 0
81 -8 -42 0
-68 6 22 0
84 20 9 0
-76 -39 -34 0
86 83 -48 0
-67 46 22 0
29 -64 -17 0
-57 30 47 0
-14 22 26 0
-79 78 -2 0
-8 -23 -4 0
-18 85 -55 0
-46 67 69 0
51 -49 -48 0
21 -12 -2 0
-10 -71 6 0
-23 -9 56 0
24 -43 22 0
44 -52 55 0
33 69 -26 0
33 6 2 0
55 -54 70 0
11 -57 -50 0
4 21 27 0
-68 -60 25 0
86 -56 63 0
30 56 -3 0
61 18 -71 0
-38 -23 -29 0
-44 -21 78 0
-11 37 52 0
62 20 -5 0
-80 63 -40 0
-74 33 70 0
68 30 18 0
-56 26 -10 0
-48 -31 8 0
-64 -4 70 0
-46 -3 86 0
53 27 59 0
84 -45 -23 0
-36 85 -21 0
-72 -27 -60 0
-64 84 -62 0
-19 81 -33 0
-1 14 78 0
-63 26 66 0
-46 -69 55 0
-37 -24 -39 0
44 18 67 0
-21 -3 34 0
-70 -65 -17 0
43 73 -79 0
45 9 -43 0
75 -19 -43 0
86 -18 5 0
30 55 5 0
86 -48 -57 0
-83 37 -55 0
-14 -2 17 0
-76 11 58 0
-78 -69 30 0
64 4 -35 0
27 -49 -13 0
-29 27 -31 0
-46 26 -80 0
-61 81 -7 0
41 40 44 0
-66 85 33 0
-45 47 62 0
-57 17 -55 0
-9 -77 73 0
62 -4 -70 0
-7 5 -78 0
-19 43 -39 0
82 -54 85 0
79 -85 -11 0
-46 -4 47 0
-84 -82 -14 0
-81 -32 49 0
-20 -48 58 0
85 17 32 0
81 14 20 0
-12 71 -1 0
37 -74 -17 0
-27 -3 -43 0
-41 -74 -39 0
22 7 80 0
21 -52 50 0
-28 71 -62 0
81 69 33 0
-71 35 14 0
-59 -19 80 0
-59 34 -20 0
-37 -11 7 0
42 -13 52 0
11 43 -74 0
79 -85 -12 0
39 -74 -82 0
-60 -5 86 0
65 -9 29 0
-25 78 68 0
20 30 -21 0
-69 16 50 0
19 53 74 0
-19 -40 76 0
26 -56 4 0
15 -53 -57 0
20 42 54 0
28 53 23 0
-60 14 22 0
49 -16 -35 0
-64 -37 -9 0
20 81 8 0
37 54 -5 0
5 45 14 0
-33 37 -11 0
1 74 -64 0
29 -65 -31 0
80 35 83 0
75 -47 -64 0
-39 -55 -45 0
-14 51 -81 0
24 50 35 0
-40 50 -21 0
-42 -66 83 0
67 -31 3 0
75 9 25 0
-83 -40 11 0
44 -5 53 0
23 -48 -12 0
3 -34 62 0
-15 -13 73 0
35 -65 9 0
-13 32 -25 0
21 -37 38 0
-59 -1 -3 0
-15 -14 25 0
-55 29 70 0
20 -84 -64 0
-47 23 77 0
16 63 -10 0
-70 -8 76 0
-51 -3 23 0
-53 -6 74 0
-78 -22 82 0
1 21 17 0
-35 28 65 0
-11 -3 -74 0
34 -43 27 0
-83 59 5 0
-14 -7 6 0
-58 -44 37 0
-1 -82 49 0
6 75 54 0
45 -50 -60 0
-82 -28 -76 0
54 -44 59 0
-50 80 79 0
-5 -61 -23 0
37 -42 -79 0
78 -24 -59 0
-40 44 35 0
-37 -41 70 0
-41 5 -77 0
47 -61 29 0
80 73 38 0
-38 -49 -11 0
-53 -44 62 0
-3 -78 -25 0
69 37 -61 0
86 -9 24 0
-7 -67 -26 0
3 -35 46 0
-32 -24 -61 0
-45 -15 -34 0
-39 51 -4 0
51 64 -18 0
-27 11 -64 0
-6 -1 81 0
-3 -59 -31 0
57 -5 68 0
-33 31 11 0
53 -45 -9 0
9 62 -22 0
42 -32 -12 0
-73 -14 30 0
-44 84 -73 0
-83 -66 -21 0
17 84 18 0
-6 65 -32 0
44 -41 65 0
-11 -51 62 0
-71 -40 26 0
46 -24 -70 0
-65 -22 -7 0
-55 25 1 0
-5 -28 70 0
-24 68 48 0
86 -23 8 0
69 -31 51 0
60 -20 56 0
-46 -60 70 0
-15 18 43 0
34 -74 -19 0
-49 30 -61 0
14 -69 -58 0
44 31 -74 0
55 -20 -9 0
-30 15 -81 0
15 -8 -33 0
18 58 40 0
-22 -54 53 0
-82 43 2 0
29 80 53 0
43 16 -59 0
36 -80 1 0
71 74 -53 0
-12 60 -1 0
-82 -36 26 0
51 -25 81 0
-67 36 -24 0
-29 -73 -85 0
77 -32 58 0
-85 7 80 0
63 -80 86 0
73 -49 -72 0
15 -21 80 0
-28 20 85 0
-23 -9 -38 0
46 -70 -14 0
81 67 -82 0
-23 -53 56 0
-6 -82 40 0
-28 56 36 0
82 -75 -40 0
85 62 -29 0
86 -33 34 0
9 -13 -71 0
42 17 31 0
11 37 86 0
10 -25 35 0
84 66 13 0
5 -46 -31 0
11 -33 -78 0
-55 -63 69 0
-62 41 -64 0
75 -12 -28 0
58 -82 72 0
-83 -5 -71 0
31 -24 -66 0
-20 -6 -33 0
29 -69 -28 0
31 22 -40 0
12 60 50 0
54 41 71 0
-11 -72 81 0
-59 -30 -9 0
-34 52 -23 0
68 -9 -82 0
8 -57 47 0
80 58 25 0
65 -79 59 0
9 46 75 0
44 -39 2 0
67 -66 54 0
-62 -66 42 0
7 -10 5 0
4 -5 30 0
-58 -57 62 0
-37 -26 57 0
-5 -76 -64 0
-17 -6 -15 0
-22 -13 -76 0
-73 -44 80 0
-86 43 -35 0
52 -27 -53 0
-48 -44 16 0
-8 62 -71 0
62 86 23 0
12 70 -53 0
-57 26 -2 0
-8 52 74 0
40 -7 63 0
-11 7 43 0
-3 -32 -53 0
-30 2 -31 0
-56 -7 -30 0
-2 68 -32 0
59 -51 68 0
48 52 43 0
-76 -24 -83 0
14 -39 -36 0
-40 -47 30 0
59 74 -6 0
-64 2 82 0
-23 58 -18 0
-29 -13 32 0
73 -10 65 0
32 28 -41 0
-27 -23 32 0
68 35 78 0
19 63 79 0
-9 60 -35 0
-25 -46 -44 0
-46 -19 -58 0
-49 77 -57 0
54 25 -9 0
-5 -21 4 0
-27 44 85 0
-54 32 4 0
-8 -1 23 0
-46 -1 -54 0
49 38 52 0
71 22 -45 0
-68 -49 60 0
-26 16 52 0
80 79 -53 0
85 -68 46 0
20 4 -1 0
-76 44 24 0
-20 14 47 0
-38 68 -85 0
-66 -26 77 0
73 31 -12 0
-69 4 29 0
79 -50 13 0
58 32 45 0
