p 35 149
-5 13 -9 0
-34 -5 21 0
-33 -26 8 0
-14 30 25 0
28 -25 30 0
-4 -12 23 0
21 -35 16 0
31 24 35 0
16 31 -7 0
-32 -13 -28 0
-18 -20 -27 0
-28 -30 -34 0
5 -16 26 0
-9 5 -18 0
31 -10 -25 0
-5 -3 13 0
23 4 33 0
-31 -5 18 0
2 11 9 0
-26 35 -5 0
-9 14 -26 0
32 -22 14 0
32 -10 -23 0
12 26 15 0
33 31 -34 0
22 -9 -29 0
3 16 24 0
14 -33 17 0
-9 7 26 0
-16 -14 13 0
-35 -3 1 0
14 35 20 0
18 19 21 0
12 -18 -3 0
12 -8 -21 0
-9 14 -26 0
26 30 -17 0
20 17 11 0
26 -16 -28 0
2 7 -24 0
16 -4 -32 0
33 -19 1 0
9 4 -34 0
26 2 -23 0
6 2 21 0
-33 -17 24 0
14 -5 11 0
25 -17 13 0
33 8 -22 0
30 -6 31 0
21 16 20 0
-33 5 -18 0
-35 26 8 0
20 33 35 0
-16 -17 8 0
-8 19 -22 0
7 -5 6 0
35 4 -16 0
22 -17 -27 0
21 12 25 0
-20 -26 25 0
31 24 -32 0
34 5 -6 0
-25 26 10 0
6 4 23 0
-26 35 31 0
-1 18 -23 0
21 -14 -24 0
19 9 -11 0
35 -5 -14 0
-7 19 27 0
26 -30 -1 0
-2 4 -26 0
-11 -17 -31 0
-11 -6 1 0
-7 -16 29 0
-16 6 -19 0
3 -28 -20 0
-13 15 -14 0
-28 2 30 0
-35 14 -5 0
-28 4 -18 0
-15 -11 -29 0
-5 24 -10 0
-2 -7 -12 0
14 -1 -27 0
19 7 -28 0
-1 -20 -33 0
-21 -25 7 0
-28 -33 27 0
29 13 21 0
-34 3 35 0
-8 35 10 0
11 17 7 0
-18 23 -5 0
-28 22 -5 0
-20 -33 10 0
8 -25 -4 0
-32 -18 9 0
-31 -16 -24 0
-10 25 -16 0
-17 23 -7 0
34 8 29 0
-6 -22 15 0
27 -35 -31 0
-8 -32 21 0
2 -18 10 0
26 6 -4 0
-24 35 -9 0
12 18 23 0
-9 13 24 0
-8 24 2 0
-29 22 -11 0
-28 -27 -22 0
13 16 14 0
-31 -29 11 0
9 16 35 0
-9 19 -35 0
25 -35 -16 0
-18 34 27 0
-30 -22 -34 0
4 -30 -28 0
-32 -1 11 0
32 -17 -4 0
17 6 31 0
31 -33 -20 0
24 34 -2 0
-7 -11 -25 0
24 28 32 0
1 -16 -23 0
31 -8 15 0
-22 2 18 0
12 -2 -22 0
-21 35 -31 0
-34 20 2 0
13 15 -8 0
4 23 -27 0
-28 -12 26 0
-18 4 16 0
29 13 3 0
1 29 25 0
11 31 -6 0
-21 11 9 0
-26 -19 28 0
10 4 -31 0
27 20 34 0
17 6 -18 0
-29 18 28 0
9 22 -23 0
