p 50 213
4 39 -12 0
-1 34 -14 0
20 -17 47 0
8 20 1 0
-34 -7 -3 0
-16 28 -13 0
-13 9 40 0
45 27 -16 0
41 3 -5 0
-26 41 14 0
31 -42 41 0
-42 26 -2 0
-25 12 -2 0
-34 36 11 0
37 -47 -21 0
-15 32 -19 0
-37 14 28 0
1 29 3 0
39 7 25 0
-46 -33 -35 0
-44 20 25 0
49 -9 -44 0
-40 -20 1 0
22 -50 2 0
-10 31 43 0
-17 33 -49 0
-1 19 30 0
11 -48 9 0
-4 -30 17 0
12 31 -3 0
-29 -41 -30 0
43 12 -38 0
-21 16 -42 0
-31 -6 3 0
-4 -3 -29 0
-36 42 -27 0
30 -11 3 0
17 22 13 0
-16 33 -1 0
30 27 -21 0
-24 -19 -21 0
12 -2 -37 0
31 28 6 0
15 34 -6 0
24 -48 -10 0
17 -40 31 0
23 -18 -9 0
-21 -4 38 0
-34 -29 -45 0
-18 -3 33 0
37 -18 -6 0
43 20 -36 0
19 48 16 0
11 1 38 0
37 -5 -32 0
42 45 -17 0
-46 17 1 0
-23 12 -3 0
40 39 -17 0
-36 -49 -43 0
-49 -21 -17 0
-37 -26 13 0
-48 27 -40 0
35 -44 -42 0
-39 -49 10 0
10 38 44 0
13 -39 -43 0
-47 -41 12 0
-14 11 38 0
2 45 21 0
-32 -25 -42 0
37 19 -36 0
35 26 10 0
50 -31 -30 0
-46 -7 -37 0
44 24 -38 0
-29 -14 -15 0
3 -43 -25 0
8 22 -14 0
-21 -1 26 0
-38 9 44 0
11 31 43 0
-35 42 -10 0
-19 -23 27 0
-47 16 5 0
48 -34 -5 0
36 -21 29 0
-22 6 34 0
22 30 -39 0
-6 16 3 0
-45 15 -21 0
-48 -33 -38 0
-6 18 49 0
10 -44 -16 0
12 -48 14 0
15 35 8 0
-25 13 30 0
-35 23 14 0
47 -26 -33 0
-9 2 15 0
-35 -22 -44 0
-2 41 -36 0
18 -38 -50 0
22 -14 -36 0
-9 37 -50 0
26 -48 25 0
-36 48 -46 0
-47 9 -34 0
21 19 -26 0
-46 -10 -44 0
-31 26 -9 0
22 26 12 0
50 -23 -9 0
-6 -48 -41 0
40 22 -17 0
4 10 -2 0
50 -3 -36 0
17 25 -35 0
-34 40 5 0
-13 -22 7 0
24 -28 29 0
15 11 26 0
7 16 -19 0
27 46 2 0
6 31 41 0
28 -5 34 0
-24 -12 -5 0
-33 19 48 0
-3 44 -33 0
14 50 -11 0
-44 -13 -49 0
-11 41 -23 0
-28 -39 -6 0
-38 13 -30 0
-44 -33 49 0
28 32 -45 0
-4 39 11 0
40 4 -35 0
15 -22 46 0
-45 4 8 0
1 -29 49 0
50 -11 9 0
50 -27 11 0
26 45 -20 0
5 7 37 0
50 35 21 0
50 -47 6 0
-42 17 -32 0
24 1 -16 0
8 47 37 0
-5 2 -8 0
-2 -9 -10 0
31 -40 33 0
10 -29 -48 0
-2 -46 17 0
-24 28 -42 0
32 -35 -21 0
-32 -39 -22 0
22 -34 45 0
-21 28 27 0
-2 50 -12 0
35 -4 -41 0
-9 6 16 0
-10 -37 19 0
47 39 -12 0
-18 -45 -50 0
-33 43 24 0
-49 6 32 0
-11 -8 45 0
34 5 39 0
13 -18 39 0
-36 -18 37 0
-8 -44 -27 0
3 5 38 0
15 -50 -39 0
13 33 -32 0
-15 -23 -49 0
-19 42 23 0
27 -2 38 0
19 -47 4 0
9 8 17 0
13 41 16 0
-38 46 47 0
36 -9 42 0
-8 47 -11 0
12 42 16 0
-27 -2 -26 0
-23 27 -30 0
13 42 24 0
4 37 5 0
-26 23 1 0
-6 -25 1 0
46 -39 -16 0
32 -38 23 0
8 20 -38 0
-49 43 -34 0
-23 -50 -37 0
-18 -5 16 0
-8 -20 10 0
40 18 3 0
-4 -18 15 0
38 12 -20 0
6 22 4 0
-28 26 -8 0
-23 -20 -28 0
-34 10 -15 0
-9 -29 -34 0
24 -7 25 0
-18 -46 39 0
23 6 3 0
2 -8 34 0
34 -18 6 0
44 -35 -47 0
