p 30 127
27 -14 -5 0
-12 29 25 0
-29 20 2 0
6 -2 -11 0
-2 18 23 0
-16 -22 -11 0
-23 1 -19 0
-6 13 -15 0
-14 -30 23 0
18 -21 -5 0
-22 -15 -7 0
-13 -10 -30 0
-20 -5 -21 0
-3 1 -5 0
-20 11 7 0
-26 -5 -29 0
10 -11 -12 0
-13 -17 -11 0
18 -11 -28 0
-26 -21 11 0
5 -26 -8 0
16 -24 -9 0
11 17 -1 0
-28 -11 -17 0
-2 -3 1 0
-20 30 4 0
23 2 -26 0
20 -14 19 0
-5 23 11 0
-27 -28 14 0
-2 -7 -10 0
-25 8 -21 0
5 -4 12 0
6 -21 30 0
12 20 5 0
-11 -2 -24 0
17 30 -29 0
-15 -18 -6 0
-30 9 -26 0
14 17 -25 0
27 -10 -14 0
-27 1 -10 0
-7 -3 10 0
13 11 8 0
8 -27 5 0
12 27 3 0
-19 3 -24 0
22 -17 -29 0
-16 1 29 0
-2 -28 -16 0
22 -21 26 0
11 -14 7 0
16 -25 21 0
-1 -29 -6 0
4 20 25 0
-27 29 9 0
-15 -7 29 0
22 13 -19 0
21 19 -6 0
9 -12 21 0
19 24 -1 0
-1 -4 -23 0
24 -17 27 0
1 15 -9 0
14 -25 30 0
4 -28 -7 0
18 28 -17 0
27 -2 22 0
16 -18 7 0
-21 -10 -17 0
-17 -26 -5 0
15 -21 4 0
27 5 25 0
9 -2 -15 0
-4 18 12 0
20 15 -1 0
6 -19 12 0
18 5 13 0
29 -2 5 0
-13 30 21 0
10 -18 -13 0
5 26 8 0
29 18 21 0
-3 20 18 0
9 5 26 0
-2 20 6 0
10 -23 -5 0
-7 -15 4 0
24 3 2 0
-17 19 -30 0
5 -12 -10 0
-7 -9 -16 0
30 16 29 0
29 -13 6 0
-6 -5 -7 0
21 -15 2 0
-14 -11 -25 0
-17 -11 -1 0
11 -20 -15 0
-7 29 -8 0
19 -5 -8 0
16 -15 -26 0
11 -20 -1 0
-2 22 18 0
6 21 -18 0
10 18 -12 0
28 21 5 0
15 20 -21 0
27 -10 -29 0
-5 14 -3 0
9 -30 -27 0
-27 -4 -30 0
-9 14 -2 0
6 27 23 0
4 -12 -25 0
11 -2 -25 0
21 11 -7 0
13 14 -1 0
-3 -22 21 0
-16 -21 5 0
27 30 -17 0
17 -13 -26 0
-18 22 2 0
-20 16 24 0
-25 -2 16 0
-28 -6 -5 0
-13 29 6 0
