p 69 293
60 -17 35 0
5 25 26 0
-65 -35 -57 0
-24 -25 45 0
-65 -58 12 0
66 11 17 0
-7 -6 61 0
-12 -67 -40 0
-35 -10 16 0
-45 43 68 0
-51 18 -30 0
-54 16 19 0
47 54 -32 0
3 -37 50 0
1 3 42 0
-65 -50 40 0
-46 42 -39 0
-14 64 62 0
65 17 28 0
-13 -58 25 0
-30 9 -58 0
-49 68 67 0
39 -48 2 0
-18 45 -8 0
13 -3 -64 0
12 32 -55 0
69 23 -19 0
4 -27 49 0
-6 -45 49 0
2 -57 -53 0
-28 11 19 0
-67 -30 -16 0
52 -40 -2 0
28 56 6 0
-50 10 29 0
-43 -55 -44 0
-46 -34 -22 0
-61 -35 -62 0
-12 18 -49 0
10 66 -30 0
-48 62 36 0
-16 31 35 0
52 -8 51 0
-7 -50 48 0
59 42 1 0
-65 -58 -23 0
-51 -40 -4 0
-31 -27 -41 0
3 -69 -7 0
-37 -15 52 0
-69 46 -62 0
48 59 -18 0
-3 -50 -16 0
-62 -49 -45 0
-16 -7 -20 0
-5 -60 -47 0
-9 -3 -43 0
-65 -16 21 0
-69 61 -19 0
-7 -58 -36 0
-26 46 44 0
-3 -66 -53 0
-6 60 -29 0
-7 49 -18 0
46 31 58 0
32 -19 56 0
13 50 -51 0
-51 5 -45 0
33 59 4 0
-9 7 69 0
35 -47 -66 0
-29 -21 41 0
20 34 60 0
35 46 36 0
19 66 -20 0
-50 68 55 0
-64 26 56 0
8 -44 64 0
-14 47 66 0
2 67 15 0
32 -27 -68 0
15 47 -68 0
-57 18 -10 0
-34 56 44 0
63 12 -5 0
-3 -20 -59 0
-31 32 20 0
40 7 36 0
-14 -52 63 0
-1 7 32 0
-18 54 -14 0
-69 23 27 0
14 -28 9 0
59 -27 -8 0
-47 -38 55 0
69 -67 -5 0
6 -16 -18 0
-12 -56 50 0
-54 -3 -2 0
61 -5 62 0
8 -11 45 0
-32 20 -25 0
47 -7 6 0
14 -33 -17 0
-64 -65 8 0
20 37 42 0
-44 -63 39 0
-11 -65 -61 0
-26 41 25 0
2 68 -22 0
-66 -44 9 0
5 48 -23 0
-22 55 -28 0
-17 9 10 0
21 58 -33 0
-37 6 16 0
-63 39 4 0
-65 68 -48 0
62 -7 27 0
-48 -31 -46 0
-6 15 50 0
1 51 25 0
-22 -5 68 0
67 -5 11 0
-6 -47 -4 0
-18 59 -34 0
30 14 28 0
-67 52 -12 0
49 44 -68 0
68 -18 -51 0
-24 62 3 0
-21 58 -41 0
16 -47 -56 0
35 -40 -28 0
-49 -36 2 0
4 27 19 0
-31 64 65 0
-22 -66 -48 0
58 50 60 0
46 -2 -67 0
53 -15 -67 0
10 18 64 0
-7 -29 39 0
-47 -60 -30 0
7 -24 -52 0
58 48 7 0
20 -32 29 0
68 41 -57 0
41 -6 5 0
46 -45 -5 0
25 33 -43 0
18 -20 9 0
46 65 49 0
41 -37 30 0
-67 36 -8 0
-15 -42 58 0
-64 62 -34 0
-36 21 -3 0
-16 -55 14 0
67 66 54 0
47 -64 -31 0
18 -15 -28 0
-26 -39 -31 0
51 16 52 0
-68 -67 -37 0
-8 68 -39 0
-2 64 35 0
-52 9 53 0
-40 -47 -7 0
-43 67 -12 0
13 -54 32 0
-2 6 -33 0
-50 62 -26 0
15 11 -23 0
60 -47 5 0
-41 -68 -11 0
36 -50 -63 0
-29 -58 35 0
21 15 -45 0
41 -32 -40 0
-39 61 53 0
-3 -66 28 0
10 -40 34 0
54 -66 2 0
12 -1 62 0
-46 -23 -65 0
37 17 -60 0
63 -59 -29 0
37 52 -55 0
-5 -30 10 0
-38 -44 15 0
50 -56 -4 0
15 -14 41 0
54 -32 -28 0
17 -66 -12 0
63 -51 40 0
17 19 -58 0
-3 26 37 0
-17 50 12 0
45 -9 8 0
32 -15 -8 0
31 47 -12 0
68 -53 -10 0
-55 -12 -54 0
69 -45 22 0
23 -52 36 0
-25 -9 -58 0
-2 66 11 0
29 18 68 0
3 6 -11 0
-48 -5 -37 0
-58 56 69 0
21 15 -48 0
13 -64 -4 0
61 -57 25 0
-43 -24 -38 0
4 46 -13 0
-31 -23 6 0
-54 -27 -45 0
-15 -43 7 0
64 10 41 0
-22 -69 65 0
32 -54 -5 0
-68 -27 -25 0
-37 -25 -8 0
-39 -31 51 0
-22 -24 3 0
-40 -39 16 0
-50 -53 -67 0
10 -13 33 0
-56 -46 -16 0
-2 -43 -17 0
28 -35 -12 0
-66 15 -24 0
-65 18 2 0
6 9 40 0
20 -27 -10 0
-27 60 -12 0
-60 14 -56 0
18 -23 56 0
7 9 -69 0
45 -5 -34 0
-59 -45 -47 0
45 -29 17 0
-68 -39 35 0
17 57 -64 0
-35 -31 49 0
32 21 44 0
44 60 -10 0
9 59 66 0
-13 30 25 0
49 -52 -43 0
6 26 -41 0
-5 -33 -43 0
-25 -7 -65 0
-48 -9 15 0
-29 33 -53 0
11 54 -37 0
-59 66 -65 0
22 36 -49 0
-61 13 49 0
3 -7 12 0
-24 27 -7 0
-60 20 -4 0
35 -53 1 0
-39 68 43 0
-57 58 21 0
-31 -38 13 0
13 42 -8 0
1 68 25 0
40 -26 21 0
-64 46 -14 0
-24 58 63 0
26 -67 -4 0
32 -30 57 0
-47 -33 -40 0
16 -54 43 0
37 47 67 0
-48 54 -51 0
50 -54 -46 0
27 -41 -17 0
-10 -26 -16 0
-34 10 41 0
56 -50 22 0
41 1 -50 0
62 39 -60 0
55 -60 33 0
-66 52 24 0
-61 -12 47 0
-55 59 63 0
48 -4 41 0
-27 -45 17 0
15 41 22 0
