p 76 323
-67 4 -20 0
20 31 23 0
51 71 11 0
-50 17 72 0
-29 18 -6 0
50 -47 49 0
5 -41 72 0
-13 -2 -42 0
59 34 18 0
57 52 8 0
-4 -10 -17 0
37 17 -59 0
22 -63 36 0
-17 57 51 0
-19 1 8 0
28 74 73 0
-9 66 -24 0
19 61 24 0
73 71 16 0
-40 53 -3 0
-3 61 -34 0
68 54 -59 0
9 -73 28 0
36 -2 -72 0
42 66 -71 0
-8 -41 52 0
1 21 66 0
-62 36 -1 0
-63 -69 -75 0
-53 -22 40 0
29 -21 51 0
69 27 53 0
51 -69 -39 0
45 21 73 0
19 73 75 0
-4 -57 1 0
-15 -10 52 0
-51 61 31 0
17 7 -18 0
-67 23 -9 0
68 -30 -8 0
-8 -1 -30 0
14 11 29 0
-47 51 76 0
-19 -5 38 0
3 -43 -72 0
-65 10 -75 0
40 36 24 0
74 52 -40 0
-17 42 -39 0
-7 68 23 0
67 -12 57 0
59 47 35 0
35 63 5 0
32 47 -5 0
19 30 32 0
24 2 -59 0
50 6 14 0
-35 -4 -14 0
37 53 72 0
-34 -14 6 0
22 -6 38 0
-10 61 23 0
42 27 -50 0
-22 42 52 0
54 -53 -7 0
-44 -52 14 0
21 20 70 0
-43 -25 2 0
58 30 -53 0
-74 -48 -56 0
12 50 53 0
-74 51 -42 0
34 -4 40 0
53 21 29 0
68 -50 -7 0
63 -60 38 0
72 27 -6 0
-32 8 38 0
63 -38 41 0
41 47 73 0
-17 5 -11 0
-48 -6 -74 0
-34 -43 -39 0
2 -12 53 0
19 52 -61 0
-46 63 1 0
-20 22 46 0
55 -40 -12 0
-24 -2 -40 0
-75 54 -30 0
-32 -34 -45 0
-37 57 73 0
-68 -48 -66 0
-54 23 -63 0
-58 -5 -67 0
68 -56 -62 0
35 14 -36 0
-29 -33 44 0
29 -50 23 0
-63 8 49 0
-55 -40 42 0
41 10 40 0
-42 48 52 0
-44 70 29 0
-72 -46 23 0
30 71 7 0
47 -53 52 0
74 -36 -53 0
41 -69 71 0
8 -10 43 0
-60 36 61 0
-74 -67 66 0
2 -25 26 0
27 -52 -76 0
14 -52 -6 0
43 34 57 0
72 -18 -52 0
72 -7 -68 0
-45 71 68 0
62 60 16 0
2 -59 53 0
28 -76 13 0
39 30 23 0
33 -47 -68 0
-19 -16 64 0
-72 -45 16 0
6 -72 -43 0
-61 -74 -45 0
61 25 -63 0
-19 31 -15 0
-19 -30 43 0
-10 -68 25 0
-67 -53 70 0
-67 -47 70 0
11 -43 30 0
-43 70 68 0
-57 43 -32 0
-4 52 41 0
32 -56 -52 0
-64 55 -14 0
14 -41 38 0
48 -12 -76 0
17 -12 25 0
13 -39 -36 0
45 1 68 0
-72 51 53 0
25 -2 57 0
74 -49 31 0
37 -3 -73 0
50 -76 -64 0
41 62 51 0
-15 29 -55 0
4 -19 -13 0
35 61 42 0
-30 64 -59 0
-74 54 5 0
24 -40 -14 0
20 -60 -16 0
-51 -42 -34 0
-5 -72 -19 0
-43 21 -29 0
-45 43 -58 0
53 -22 -72 0
-30 15 47 0
42 32 10 0
22 64 -71 0
-3 35 24 0
59 -64 -43 0
38 69 65 0
28 -38 10 0
21 45 -2 0
-23 74 -24 0
31 74 -9 0
33 -38 51 0
-33 18 16 0
46 55 -14 0
35 -56 10 0
-15 64 -6 0
18 75 -10 0
-55 43 13 0
56 4 63 0
-50 -6 -53 0
-60 53 -59 0
-50 -4 -14 0
-34 -26 -75 0
-8 10 -23 0
16 -7 -60 0
45 -20 -39 0
27 -10 -19 0
-18 -74 -11 0
-45 66 32 0
34 74 76 0
-45 -5 -9 0
61 -57 -26 0
-74 27 -32 0
12 -3 -50 0
-24 -20 -30 0
65 -11 -3 0
71 -76 -53 0
10 -72 61 0
71 1 -76 0
18 -49 -71 0
-3 63 -5 0
-61 -60 49 0
73 -41 -23 0
32 38 -14 0
-16 -39 -42 0
51 20 -27 0
-39 29 48 0
44 -24 62 0
-59 -72 -55 0
40 -74 35 0
-26 75 -48 0
18 -65 -15 0
27 32 12 0
16 53 -24 0
74 62 -76 0
-36 68 15 0
53 -31 -58 0
34 -60 54 0
-72 15 -33 0
24 -33 37 0
48 10 -50 0
-3 25 -11 0
15 -47 43 0
25 58 -35 0
34 -52 -51 0
6 48 -59 0
-67 46 -17 0
76 44 42 0
6 -3 27 0
18 -71 -17 0
25 34 75 0
-18 -13 7 0
-9 -20 16 0
-63 66 -29 0
68 62 -11 0
-52 53 36 0
-32 28 56 0
-30 -33 24 0
16 -44 51 0
1 56 35 0
-14 -31 1 0
46 30 60 0
-47 15 -32 0
-21 -33 -49 0
12 -34 37 0
-69 12 -53 0
27 -76 -23 0
43 -37 -53 0
5 50 9 0
-6 -41 21 0
-52 -72 -61 0
13 -48 35 0
-72 6 60 0
-26 -13 49 0
18 50 -26 0
39 19 -33 0
70 20 -64 0
61 55 74 0
-49 -54 23 0
-55 -65 -5 0
51 -20 -33 0
-48 40 15 0
-46 -44 -56 0
-38 -28 68 0
55 -61 66 0
46 14 -55 0
-60 -53 13 0
27 55 34 0
-42 55 26 0
62 14 -54 0
29 -73 -46 0
-66 -9 -29 0
-70 -71 -53 0
57 -48 50 0
-8 34 58 0
-26 -50 27 0
28 -13 18 0
48 -42 23 0
21 -4 28 0
61 47 8 0
65 -23 3 0
-7 -24 -28 0
-12 40 -39 0
44 49 -45 0
-39 45 -66 0
-30 -63 43 0
47 -45 57 0
62 58 2 0
74 46 -18 0
9 20 -49 0
70 38 26 0
15 33 -58 0
67 39 13 0
-53 1 -60 0
69 39 -31 0
-53 -69 22 0
39 20 42 0
-74 9 55 0
34 -1 28 0
-4 -6 -53 0
25 43 -4 0
-4 -9 -20 0
17 -3 -4 0
65 -22 -68 0
4 -34 68 0
24 23 -34 0
39 45 -62 0
-13 55 -3 0
53 51 -11 0
29 53 13 0
-1 -38 5 0
29 59 9 0
46 57 15 0
-76 49 67 0
66 -2 -43 0
4 8 60 0
-43 -31 53 0
-56 -4 -46 0
58 7 -67 0
50 36 37 0
