p 60 255
30 -4 -25 0
-60 3 -1 0
-5 -30 37 0
16 -22 18 0
14 19 -10 0
-20 22 -2 0
-41 -27 -31 0
10 13 55 0
30 22 60 0
-55 -11 -16 0
-5 53 -50 0
-29 -47 19 0
29 -32 31 0
-46 -41 2 0
-39 48 57 0
8 18 -49 0
-51 31 -24 0
56 -3 -16 0
34 52 -8 0
46 -58 34 0
7 -18 25 0
11 31 -40 0
-40 16 -48 0
-7 23 36 0
-26 -58 21 0
41 29 -12 0
-17 -40 -9 0
-3 2 -8 0
54 -39 -53 0
-14 -5 57 0
25 6 -57 0
46 11 48 0
3 -32 47 0
15 17 -45 0
-3 12 50 0
25 -31 -49 0
56 7 -40 0
27 -37 29 0
-19 52 24 0
-29 14 -33 0
-17 59 -9 0
51 24 -14 0
45 -39 -57 0
13 52 -23 0
32 55 -37 0
-11 -8 -33 0
23 -41 -18 0
26 -38 -47 0
3 13 -51 0
-19 39 1 0
-7 47 41 0
-14 40 -43 0
28 -57 40 0
-55 -50 23 0
34 11 -36 0
39 -6 -24 0
55 56 -32 0
46 43 60 0
-57 -54 -52 0
-24 -4 -8 0
-44 -14 -36 0
14 25 -8 0
-19 -57 25 0
-60 5 34 0
13 2 -59 0
10 -20 47 0
-14 -20 -21 0
-43 -51 -53 0
-2 -8 -49 0
48 24 22 0
-9 -4 -49 0
53 -8 58 0
34 36 -2 0
14 33 -49 0
-37 34 18 0
-44 -19 46 0
43 46 -17 0
58 -30 24 0
34 39 -57 0
7 -44 43 0
19 36 -51 0
18 -47 -52 0
-33 23 -43 0
33 25 39 0
-37 -13 -12 0
44 45 49 0
42 38 -36 0
11 -45 5 0
51 21 10 0
21 15 -33 0
-53 -57 -52 0
39 -20 17 0
-4 10 18 0
-40 12 -42 0
14 5 29 0
53 -56 -29 0
30 27 -1 0
-4 -20 7 0
14 -40 47 0
60 57 29 0
-58 -30 48 0
1 -2 -57 0
51 59 57 0
-40 -50 -2 0
-26 -16 8 0
-9 -19 1 0
-27 20 5 0
2 -52 -31 0
35 26 -50 0
-56 34 -29 0
28 59 -38 0
-20 28 49 0
53 -1 20 0
18 51 26 0
-27 -36 25 0
34 -38 -8 0
45 -55 -57 0
40 -54 -26 0
21 22 36 0
41 43 9 0
48 -4 -43 0
-34 -51 -22 0
44 -29 47 0
-39 26 -3 0
32 23 39 0
4 -51 8 0
-9 -53 -12 0
-36 -7 -16 0
-10 -18 33 0
-12 -38 -43 0
-43 11 -10 0
-6 48 -58 0
-50 32 12 0
22 51 16 0
39 49 34 0
11 53 4 0
-37 -28 -1 0
2 -56 -58 0
-35 -4 14 0
26 -7 -15 0
52 34 4 0
39 -7 25 0
45 -38 39 0
27 -51 -59 0
53 60 36 0
23 -34 -43 0
-4 12 -44 0
2 -4 -15 0
26 47 8 0
-47 20 -10 0
-59 26 -39 0
-60 33 59 0
37 -3 41 0
-24 56 -55 0
53 -16 -4 0
5 -18 51 0
22 -1 8 0
36 -33 -29 0
-54 10 47 0
40 26 -36 0
-26 25 8 0
58 4 -37 0
37 3 -60 0
-10 -17 -21 0
-39 -23 -35 0
-59 -12 22 0
31 11 -13 0
36 -10 -42 0
-8 -9 -57 0
-14 12 40 0
8 -41 -1 0
-36 12 37 0
47 -18 -40 0
-14 -29 -58 0
-44 20 -16 0
54 45 17 0
-48 -36 -35 0
25 -22 -29 0
51 21 -36 0
-34 -40 53 0
41 -35 42 0
13 -16 46 0
47 -44 -54 0
-2 56 44 0
-57 22 18 0
60 55 1 0
15 -12 -1 0
19 9 17 0
-42 -4 2 0
-3 -42 -49 0
-34 13 50 0
2 27 -58 0
-42 54 39 0
17 16 25 0
56 -39 -30 0
-32 -20 -53 0
-12 -18 -58 0
-34 43 9 0
-27 -29 44 0
13 -4 27 0
27 -19 39 0
-36 -19 48 0
22 6 -23 0
-21 15 57 0
-48 32 19 0
20 -44 -47 0
-28 3 -12 0
-33 -18 -27 0
-27 -38 -57 0
22 59 8 0
20 -57 24 0
-21 10 -41 0
56 -4 -41 0
-12 -24 54 0
15 -51 40 0
-37 -53 26 0
34 -47 2 0
-18 30 2 0
-36 -33 45 0
-53 25 3 0
59 27 32 0
33 8 13 0
26 -14 4 0
-5 -18 33 0
-58 48 -46 0
11 60 -30 0
39 -37 6 0
-49 -44 56 0
-4 18 -35 0
58 -35 -42 0
54 -4 31 0
-10 24 -15 0
-27 57 -53 0
53 51 12 0
11 -54 48 0
-32 -59 -43 0
-45 -29 33 0
-9 5 -60 0
-49 26 -54 0
-24 3 -5 0
59 26 -43 0
47 -27 22 0
-9 24 -47 0
-35 2 -37 0
-29 19 11 0
-46 -30 5 0
8 -38 -33 0
-10 30 58 0
-39 45 37 0
50 -17 20 0
20 7 24 0
-46 -14 23 0
9 19 22 0
-60 15 -24 0
-37 -12 -11 0
