p 22 93
20 -3 -14 0
-16 -13 -15 0
17 -14 16 0
-16 -12 -15 0
10 6 20 0
20 5 18 0
1 -13 -17 0
-8 14 20 0
12 19 17 0
-5 -8 16 0
-19 18 -20 0
10 -6 13 0
-18 7 -21 0
-3 -20 -9 0
17 2 -6 0
16 -2 7 0
-7 -20 13 0
12 -18 -20 0
16 10 8 0
-5 9 21 0
1 -22 11 0
-9 -2 -8 0
15 -7 20 0
3 -21 -11 0
-4 8 -16 0
16 -4 -5 0
-17 15 -10 0
-22 -9 7 0
15 -4 16 0
-22 -1 4 0
15 11 -5 0
6 13 10 0
8 4 21 0
-9 -5 1 0
18 -1 12 0
-6 -9 11 0
5 21 -15 0
-20 -15 5 0
-9 -2 -14 0
-5 16 -18 0
-10 17 -1 0
-12 9 4 0
9 -14 -2 0
-7 22 1 0
6 13 -20 0
-7 -19 -22 0
22 -2 -11 0
14 -10 22 0
6 -16 21 0
1 15 -3 0
5 -4 17 0
-6 13 19 0
-14 1 10 0
-21 -8 -1 0
-8 -20 13 0
12 -15 -6 0
19 -2 12 0
5 -2 -19 0
7 -20 -13 0
-22 5 16 0
-19 17 -14 0
-14 -16 22 0
-10 15 -20 0
-20 -15 -6 0
-18 22 8 0
-17 -1 -9 0
-19 -14 9 0
10 5 -18 0
-13 -8 -17 0
17 1 -22 0
-4 -17 -16 0
-8 12 -19 0
18 10 -1 0
11 12 -13 0
-2 9 12 0
-7 15 21 0
19 -9 -16 0
18 3 17 0
17 1 -18 0
-6 10 13 0
21 3 10 0
20 -16 -6 0
15 9 -14 0
-20 -6 9 0
-7 15 -21 0
-5 6 4 0
22 -1 -4 0
-14 13 3 0
-6 5 -18 0
11 -8 -4 0
7 22 -5 0
17 -6 -18 0
5 14 3 0
