p 15 63
3 -12 -7 0
-15 -14 3 0
-10 12 9 0
1 2 -15 0
13 -9 7 0
-14 -9 -13 0
-9 -11 14 0
12 4 11 0
14 -15 3 0
5 -15 1 0
14 6 1 0
14 11 3 0
-14 -10 2 0
-10 -8 14 0
-4 -15 1 0
-6 -1 8 0
12 13 15 0
-3 11 9 0
-12 9 -13 0
-4 -15 8 0
-13 -11 4 0
12 -9 15 0
14 7 -12 0
2 15 6 0
6 -2 15 0
-10 7 6 0
-2 -4 8 0
-14 15 5 0
2 -15 -5 0
-13 -14 -3 0
11 -8 3 0
5 3 11 0
9 14 -11 0
3 -6 -9 0
-13 -15 -7 0
-7 9 -1 0
-13 2 8 0
13 2 -4 0
-11 7 12 0
14 7 1 0
-13 3 1 0
13 -14 -10 0
-5 -13 -7 0
-8 9 -10 0
13 -1 11 0
-7 -13 -1 0
-13 9 5 0
-1 8 4 0
-2 3 1 0
-3 -15 2 0
6 8 12 0
12 -1 -14 0
-6 -1 9 0
-12 1 15 0
5 11 -14 0
13 -1 -14 0
14 -8 -9 0
-7 -3 -1 0
15 12 6 0
10 12 -2 0
-1 -9 -6 0
13 -15 12 0
-13 -6 -4 0
