p 42 178
-10 39 16 0
27 8 -10 0
3 24 30 0
-31 26 -36 0
-33 41 8 0
33 12 40 0
-13 -21 -42 0
5 -24 -6 0
-34 -20 40 0
4 37 2 0
27 -1 -12 0
-36 35 28 0
-11 -20 33 0
-14 16 13 0
-9 14 -40 0
5 -16 -40 0
-41 -9 -28 0
11 -32 -21 0
8 28 -37 0
-41 42 27 0
-42 -5 -23 0
-41 -25 -3 0
15 -16 8 0
-41 31 38 0
-38 -33 14 0
17 6 -33 0
16 25 -17 0
35 -25 -18 0
-1 -13 -7 0
34 -39 37 0
35 27 11 0
15 36 23 0
-40 4 24 0
-6 12 -40 0
-3 32 -23 0
-20 -12 -27 0
-33 4 -34 0
29 -41 -23 0
28 40 35 0
16 -12 18 0
29 -36 -23 0
-4 31 34 0
36 -3 -19 0
-29 11 3 0
-34 27 -23 0
17 9 -16 0
-27 19 -20 0
15 -42 27 0
-14 -40 41 0
-23 -33 -10 0
14 -25 42 0
24 25 -34 0
-32 13 -38 0
-29 1 25 0
-10 -25 2 0
-36 14 42 0
22 3 -11 0
-36 7 -27 0
-32 5 6 0
10 -5 21 0
-38 12 -19 0
29 28 25 0
-19 13 2 0
1 3 -10 0
-41 1 10 0
-14 40 8 0
-32 29 -25 0
-11 27 -42 0
-30 2 -24 0
7 -1 4 0
31 -22 -38 0
21 -20 4 0
-18 13 -28 0
-29 -6 -36 0
-32 34 -27 0
-13 -12 -8 0
2 16 26 0
-42 -1 -32 0
-14 -4 -28 0
39 -13 1 0
34 20 29 0
-37 -41 -36 0
3 8 -35 0
-10 -3 -33 0
29 -13 -5 0
38 13 19 0
34 33 -26 0
-41 -24 -30 0
-13 36 -16 0
33 26 -23 0
3 -29 9 0
-8 -6 15 0
7 -25 36 0
-23 29 13 0
-30 4 -25 0
12 -26 19 0
23 -15 -6 0
-6 28 -40 0
-25 -24 -9 0
-7 -26 37 0
-34 38 -42 0
-34 4 -16 0
-38 -29 26 0
18 -30 41 0
33 18 6 0
-31 -32 -8 0
24 -31 -21 0
-30 17 -7 0
14 3 -11 0
37 36 -11 0
31 19 -4 0
31 -5 -21 0
33 15 25 0
-20 -36 -31 0
23 -21 -11 0
19 4 -36 0
-17 38 -16 0
1 22 11 0
-21 3 -37 0
38 13 -36 0
-26 -41 17 0
20 12 -38 0
-26 -1 -29 0
-7 14 -13 0
40 11 13 0
41 33 -11 0
39 -8 2 0
39 -36 -18 0
21 4 -5 0
-7 -10 -6 0
-36 1 13 0
30 -29 4 0
25 -38 -18 0
35 9 -1 0
-35 -23 12 0
31 16 -30 0
7 12 -18 0
31 11 32 0
41 -39 22 0
-16 -41 -37 0
2 21 22 0
-26 -38 -27 0
11 38 4 0
-37 -40 -21 0
-6 23 39 0
42 37 35 0
-2 9 35 0
-20 8 -29 0
9 24 -30 0
3 -9 24 0
11 15 22 0
-32 -38 -33 0
34 -4 5 0
40 -29 18 0
-4 -13 -34 0
18 2 -36 0
17 35 4 0
30 -25 42 0
-2 -31 37 0
-21 37 36 0
-33 -30 -25 0
-19 11 -35 0
-12 24 -41 0
26 -11 -4 0
11 31 -20 0
35 40 1 0
15 -22 -24 0
18 32 33 0
15 33 42 0
-40 11 -26 0
-7 -20 33 0
-26 10 -8 0
-1 -15 3 0
3 -13 8 0
-13 39 38 0
-40 -35 30 0
21 17 -20 0
39 -41 -3 0
