p 38 161
-10 -21 26 0
-38 2 11 0
-23 -4 -30 0
-10 34 11 0
15 -32 -2 0
-28 -8 -36 0
24 27 -36 0
-17 -13 29 0
-31 27 -23 0
-18 10 -2 0
-34 38 -21 0
-36 -19 23 0
-29 -2 22 0
15 -17 11 0
31 2 28 0
-33 -20 13 0
30 -6 21 0
15 3 16 0
1 16 -10 0
13 -19 29 0
32 -27 35 0
-12 3 17 0
-17 -21 -38 0
-30 7 37 0
-35 -9 -31 0
37 1 -14 0
-19 8 34 0
13 -6 34 0
-34 -35 7 0
9 35 -18 0
5 -34 -14 0
8 -22 -18 0
30 8 22 0
4 -2 32 0
31 22 -17 0
4 -5 6 0
25 17 12 0
16 3 -30 0
-17 11 3 0
4 33 34 0
-21 -37 9 0
-15 -37 -18 0
3 -9 21 0
-25 8 32 0
-16 -14 -32 0
2 28 7 0
-4 2 22 0
-15 13 29 0
10 20 30 0
24 26 -29 0
12 35 -23 0
-38 -19 8 0
7 -9 37 0
14 28 -12 0
-25 3 34 0
-10 16 -28 0
36 -22 -1 0
-4 36 -14 0
25 -28 24 0
26 16 21 0
-15 -16 -3 0
19 31 32 0
-11 -26 -14 0
9 -8 -18 0
18 -20 31 0
-14 36 12 0
23 -25 -11 0
-19 -27 17 0
7 12 -32 0
-19 25 18 0
-34 17 28 0
-36 -3 31 0
-9 16 8 0
22 -38 27 0
-7 27 -5 0
8 -11 6 0
21 -37 34 0
-10 22 -23 0
28 2 -29 0
27 32 33 0
24 7 -8 0
17 -18 -11 0
-11 -19 6 0
6 32 1 0
20 -28 26 0
23 5 -12 0
2 -13 -15 0
17 5 20 0
-16 1 35 0
20 3 28 0
-11 -29 -18 0
-5 2 7 0
-1 11 34 0
18 -12 19 0
36 2 35 0
-37 27 -14 0
-23 -11 21 0
-32 5 -37 0
21 22 37 0
4 -30 -34 0
22 -11 -6 0
18 -2 3 0
-1 -5 27 0
-9 -4 -26 0
31 32 -26 0
-10 -23 -29 0
31 -33 9 0
8 -7 9 0
21 -8 -11 0
-34 22 -36 0
-13 33 -24 0
37 3 6 0
20 -1 -38 0
2 -20 -24 0
-6 -7 -10 0
-3 21 -30 0
-21 -30 -38 0
26 9 -17 0
3 -15 -4 0
-32 -8 -27 0
6 35 29 0
6 -1 -37 0
-35 11 -23 0
-1 26 -38 0
5 -2 -9 0
-10 14 2 0
-28 4 -36 0
-8 21 -30 0
12 13 17 0
7 -18 -1 0
-8 -17 31 0
10 3 19 0
-21 -30 15 0
9 20 -7 0
9 -35 -3 0
14 37 -30 0
-37 1 26 0
16 -34 -21 0
-12 -27 -2 0
-24 26 2 0
-30 -21 35 0
26 3 9 0
-16 29 5 0
31 -16 2 0
-26 -12 -20 0
31 2 19 0
28 -4 20 0
32 -30 1 0
3 -28 5 0
-14 26 -17 0
-6 -33 31 0
-31 -26 -37 0
36 23 -27 0
8 28 -27 0
38 35 -21 0
11 35 -33 0
-35 8 -6 0
-22 -15 33 0
14 -5 35 0
7 -5 -15 0
-19 7 5 0
