p 88 374
11 16 -46 0
-60 -38 61 0
27 -42 45 0
-24 -55 78 0
-41 72 -62 0
69 -75 52 0
29 62 -32 0
-66 -3 -67 0
54 75 63 0
-69 45 26 0
28 -86 -62 0
-72 -48 12 0
-26 82 74 0
55 -54 -62 0
19 -36 -79 0
21 60 74 0
-5 -19 -42 0
-61 63 -84 0
-65 -48 -57 0
80 -29 32 0
3 -1 -58 0
-36 61 12 0
-87 57 61 0
35 43 -37 0
-79 46 -16 0
-57 -42 81 0
-8 -31 -45 0
-83 32 57 0
31 -28 87 0
-33 59 73 0
-29 71 -6 0
-40 -44 27 0
73 -23 -6 0
-30 -43 38 0
-47 85 29 0
87 28 -32 0
-34 -79 -26 0
-72 -36 47 0
31 23 -72 0
-37 -68 -79 0
8 18 -31 0
15 18 60 0
81 -5 24 0
13 -20 18 0
-13 -54 -35 0
-69 -42 66 0
-67 -2 35 0
10 -17 -38 0
88 66 58 0
-12 -80 44 0
8 27 -82 0
-24 -18 -10 0
-55 -68 28 0
51 -11 61 0
6 -44 -32 0
-11 -10 -71 0
59 -74 20 0
-7 59 -36 0
-44 -1 -79 0
-26 -72 32 0
68 19 -53 0
-35 21 83 0
31 -36 -67 0
-70 -9 -74 0
-67 10 -81 0
74 42 22 0
53 24 -5 0
36 87 76 0
-7 70 67 0
-65 -50 -24 0
-29 17 -28 0
-7 5 -40 0
84 -66 -73 0
14 43 10 0
-1 11 43 0
-26 39 80 0
-85 -41 -56 0
-71 -59 -57 0
83 20 -16 0
47 -33 -30 0
14 -8 78 0
21 -42 86 0
44 74 16 0
-31 -59 20 0
13 78 -65 0
-66 26 61 0
81 -50 16 0
8 -17 85 0
88 -2 39 0
38 -41 -79 0
-38 18 -62 0
-14 35 -80 0
-17 85 -84 0
80 46 -70 0
-2 -17 -40 0
79 29 64 0
52 -25 43 0
-19 48 70 0
-69 18 -42 0
-56 74 -39 0
-53 -61 85 0
-35 -19 57 0
-11 76 -66 0
-83 -52 -75 0
-78 -27 21 0
46 -13 19 0
40 -6 -46 0
8 -43 34 0
-39 30 44 0
29 64 -53 0
21 3 -52 0
-37 -29 -65 0
-51 57 -30 0
-3 -8 -65 0
-54 -39 46 0
-54 83 -73 0
31 80 -61 0
45 7 -73 0
-47 56 1 0
-19 25 -24 0
-42 -81 -32 0
-53 -36 -76 0
-67 63 -64 0
-77 52 -6 0
78 51 86 0
-20 -29 11 0
-57 14 54 0
-5 88 33 0
79 -78 -31 0
81 46 24 0
-60 -1 74 0
36 47 86 0
-15 27 -75 0
4 57 -17 0
-75 -27 -22 0
-14 48 49 0
53 64 67 0
-60 46 -85 0
66 -13 -33 0
-19 76 -3 0
-73 72 15 0
30 -33 -11 0
24 -79 88 0
47 -38 -84 0
43 -77 86 0
-5 -16 -25 0
69 -46 15 0
33 -21 9 0
-25 23 -48 0
52 51 -36 0
64 87 -24 0
-3 71 -20 0
54 11 -85 0
81 74 -24 0
-46 63 -8 0
36 -21 -53 0
38 73 80 0
-48 28 -8 0
-76 62 -38 0
-42 -46 75 0
8 82 -19 0
30 -6 72 0
-13 68 24 0
20 -6 37 0
-65 -3 -80 0
83 -46 -87 0
-85 -77 -72 0
57 55 -7 0
39 4 60 0
7 -88 -85 0
-47 -66 34 0
-84 36 -86 0
74 -87 -27 0
-55 47 46 0
41 -36 -32 0
23 26 71 0
-41 -28 49 0
-30 -53 -22 0
39 25 59 0
-63 4 50 0
-83 -76 -75 0
71 18 -85 0
-10 -13 3 0
-49 -4 -28 0
-7 18 -86 0
-21 10 -88 0
37 -3 -1 0
-58 71 -43 0
-66 24 80 0
31 -59 16 0
50 15 42 0
-68 -75 83 0
-48 -77 -35 0
60 66 -47 0
86 3 -29 0
87 -32 -47 0
-82 33 -60 0
87 -70 20 0
1 36 26 0
36 -18 -21 0
-58 -1 -85 0
41 8 58 0
-67 -17 -46 0
4 44 -41 0
-60 -14 63 0
-33 -37 84 0
71 15 -81 0
-44 -54 55 0
-2 -33 -75 0
21 -11 -64 0
-49 -16 -84 0
13 8 -65 0
43 -20 55 0
-54 41 20 0
-77 33 88 0
-6 -85 13 0
-83 17 -74 0
-15 -18 30 0
-14 77 43 0
58 -59 19 0
-86 44 -54 0
-40 -59 -34 0
34 5 -59 0
-15 55 39 0
-1 72 85 0
-84 -12 29 0
-43 -36 -63 0
42 6 -21 0
-43 10 -61 0
-74 -46 2 0
71 -31 -86 0
7 -37 16 0
-65 82 -38 0
-78 -1 -35 0
36 69 58 0
-21 -86 -37 0
10 -20 -50 0
5 -13 -46 0
12 -53 27 0
66 59 52 0
80 88 59 0
-30 -80 -32 0
66 26 -39 0
2 30 -83 0
48 -24 81 0
65 46 -5 0
19 -24 -55 0
3 7 -34 0
73 -25 -75 0
-56 50 57 0
84 82 -9 0
-17 69 -80 0
-52 35 -77 0
45 71 48 0
49 -85 1 0
-43 5 -88 0
-61 -18 26 0
-16 9 -43 0
-50 -63 -81 0
-72 58 -27 0
-12 56 52 0
86 38 -32 0
73 -67 -76 0
-18 -37 -83 0
-18 -70 -50 0
-51 25 23 0
-58 63 -31 0
-67 -23 74 0
-22 70 4 0
-11 -59 -21 0
80 31 -25 0
-79 18 39 0
26 55 3 0
-40 -86 12 0
27 28 -51 0
-56 17 25 0
38 28 51 0
-84 58 -74 0
42 -56 -33 0
-31 -20 -83 0
28 -44 49 0
-17 -79 -52 0
20 -39 78 0
-88 14 -82 0
43 -55 8 0
11 59 -47 0
56 51 73 0
56 -81 -28 0
-5 -68 70 0
-73 14 35 0
-18 -86 -7 0
-21 -33 39 0
-43 -47 -29 0
-21 -62 -24 0
40 24 27 0
-53 -35 13 0
33 21 29 0
57 -60 73 0
-23 15 83 0
-11 -38 -47 0
-34 -11 83 0
82 -19 73 0
3 84 -7 0
34 5 15 0
-88 -2 -65 0
-66 -53 3 0
38 37 -45 0
-83 -35 43 0
41 56 54 0
15 -16 65 0
86 82 28 0
2 13 9 0
28 -31 -66 0
-55 -11 -25 0
29 -84 -13 0
12 83 -64 0
4 19 61 0
51 2 22 0
-69 -18 -59 0
43 -35 87 0
54 43 -18 0
-24 -42 39 0
-66 -47 -12 0
71 39 -1 0
54 69 -31 0
22 -28 -72 0
43 5 29 0
-35 83 -42 0
-37 -71 35 0
-12 2 79 0
-68 4 -54 0
-64 29 -77 0
-72 -43 2 0
48 20 -50 0
-72 -65 -78 0
-48 63 -72 0
23 -48 4 0
-70 -26 61 0
-88 -63 -36 0
16 -65 -67 0
76 -28 49 0
-31 -56 36 0
-3 -87 -7 0
16 -62 36 0
65 60 -48 0
24 -9 61 0
-56 35 38 0
13 -42 -11 0
15 47 -12 0
8 5 -11 0
27 -50 -69 0
-8 77 -53 0
57 -27 -86 0
-63 -60 -76 0
-47 4 -61 0
82 -61 59 0
70 -53 25 0
78 10 -28 0
-39 -88 63 0
20 -24 40 0
73 47 46 0
-31 56 36 0
80 -68 -29 0
-23 -75 76 0
-13 -32 86 0
88 -37 -8 0
-30 -26 85 0
46 20 -81 0
46 -29 87 0
10 -71 -8 0
-88 -66 -83 0
55 -68 27 0
-76 -58 -11 0
83 -62 -16 0
