p 48 204
-15 28 -2 0
36 25 33 0
-8 16 45 0
44 -26 18 0
11 -30 32 0
-37 -16 17 0
20 21 -40 0
7 -33 -6 0
20 -39 -36 0
31 13 36 0
-3 -12 -14 0
2 -4 -39 0
7 15 -42 0
37 -35 4 0
-26 31 -13 0
7 -12 -13 0
26 25 -15 0
-18 40 -42 0
-35 17 -14 0
9 39 -33 0
-23 -20 -39 0
-18 -25 14 0
33 -17 -44 0
-39 23 40 0
-11 33 9 0
-29 33 2 0
-30 -31 -20 0
15 -20 8 0
-38 48 -20 0
2 3 -17 0
31 -27 -2 0
7 -28 31 0
-28 36 -16 0
6 -8 23 0
7 2 14 0
-7 -35 -11 0
24 -42 -3 0
-35 2 23 0
-33 -15 10 0
-10 -19 -4 0
1 -22 -36 0
-24 33 36 0
38 35 21 0
26 -37 5 0
8 5 47 0
-27 -34 -29 0
-30 -25 34 0
-15 -20 11 0
-21 -42 -46 0
-15 39 -3 0
-3 10 -47 0
47 4 10 0
-17 27 -10 0
2 -25 -40 0
31 -20 -45 0
-37 46 -31 0
36 10 13 0
-10 44 3 0
7 13 -6 0
-7 15 19 0
-8 29 42 0
23 -41 19 0
-35 -46 -37 0
-27 -25 -22 0
34 6 -25 0
11 -12 -46 0
34 -7 3 0
1 -5 -32 0
-5 -27 29 0
22 -31 13 0
10 -14 22 0
4 1 30 0
-39 27 -47 0
48 20 -12 0
24 30 37 0
2 -26 -3 0
-2 -15 -16 0
-37 40 -41 0
8 2 -30 0
-28 40 -13 0
-46 4 -32 0
-39 -47 15 0
15 -41 -46 0
-39 28 -26 0
-27 -40 30 0
36 -41 -29 0
13 -39 4 0
-2 -36 47 0
36 -16 -37 0
1 -27 22 0
-39 2 -43 0
15 41 36 0
-6 -33 -18 0
42 45 33 0
26 -17 -11 0
16 -22 -26 0
5 -14 -38 0
3 -8 30 0
-20 -40 1 0
5 -17 -27 0
45 -32 36 0
-46 40 16 0
-29 20 -37 0
-16 19 42 0
-19 -17 21 0
6 10 43 0
45 -44 -39 0
46 10 2 0
2 -44 -9 0
-30 -40 31 0
33 -4 26 0
-3 -31 -45 0
19 -29 48 0
-9 23 27 0
-27 18 29 0
41 43 -22 0
-41 37 -16 0
-21 25 -30 0
37 20 -33 0
8 -7 31 0
-14 40 -37 0
-44 33 -27 0
-40 33 14 0
-37 45 -28 0
21 8 -20 0
-6 -29 5 0
-42 -48 6 0
-13 -6 16 0
-5 -25 -12 0
34 -41 17 0
-19 -42 -14 0
-45 36 -34 0
2 46 -19 0
25 45 -46 0
-34 -1 47 0
26 -42 -12 0
-15 11 5 0
-20 12 4 0
15 14 -28 0
31 4 18 0
5 -9 15 0
-19 21 24 0
-4 34 -22 0
27 11 -15 0
45 -36 20 0
-26 38 7 0
-32 -18 -9 0
-5 -44 11 0
45 -31 -9 0
31 44 18 0
4 -14 35 0
-46 7 -35 0
-46 -19 -33 0
43 -4 -47 0
-30 -33 -46 0
-6 -4 44 0
-13 -29 -44 0
47 46 25 0
-19 28 -35 0
18 16 36 0
-3 19 -18 0
18 -35 -25 0
24 34 47 0
43 -44 -11 0
8 -46 -28 0
-41 47 -24 0
-12 -36 -5 0
-24 -41 25 0
-27 47 -46 0
46 4 23 0
18 35 -15 0
-28 -9 -10 0
3 -31 -16 0
13 4 43 0
9 -5 35 0
37 11 3 0
-34 27 29 0
9 -46 -47 0
-15 8 -30 0
-14 -44 43 0
-34 -37 9 0
-39 18 22 0
-36 -16 -1 0
-21 -2 43 0
-25 13 7 0
-16 -43 27 0
-26 33 -21 0
12 24 15 0
6 -19 18 0
-32 -39 -7 0
-45 40 36 0
26 9 -12 0
16 -13 -47 0
-23 -42 29 0
-20 48 -23 0
-40 28 8 0
2 21 -42 0
-44 23 34 0
42 -4 -11 0
42 -1 -29 0
-35 14 -36 0
-14 27 19 0
46 21 27 0
-27 11 5 0
