p 67 285
-5 -61 -54 0
24 -66 -53 0
17 -35 -9 0
-12 65 52 0
46 -38 24 0
-37 -67 2 0
-56 -29 39 0
9 13 55 0
-65 60 50 0
-7 -54 18 0
65 52 1 0
-21 -38 28 0
45 22 -2 0
61 47 -43 0
-57 48 26 0
54 -21 -22 0
-28 18 60 0
40 -52 -22 0
38 9 -66 0
36 50 -28 0
-1 20 -19 0
11 -47 -55 0
-11 -19 33 0
-35 47 -45 0
-24 -50 67 0
56 53 -28 0
9 4 -3 0
-7 -8 -44 0
45 64 -30 0
28 34 48 0
27 -24 -49 0
-24 -5 13 0
5 -55 16 0
-6 -40 -19 0
-62 40 59 0
-11 16 7 0
11 62 49 0
52 38 30 0
-8 -67 49 0
47 7 -62 0
11 40 -20 0
-30 -5 13 0
49 -11 9 0
35 58 19 0
-48 -55 -21 0
-63 -22 36 0
16 1 46 0
14 -41 7 0
-28 -59 13 0
45 66 58 0
7 29 17 0
-32 -65 -7 0
-30 -18 37 0
-23 -29 50 0
-34 -2 -54 0
-48 50 44 0
19 -13 -2 0
-2 42 8 0
-14 -37 53 0
-46 -32 45 0
24 -50 -43 0
-47 -1 -40 0
-60 -56 -16 0
26 -52 -47 0
-24 -5 -60 0
63 62 -59 0
15 47 -64 0
-23 32 -5 0
-57 56 66 0
3 -42 -11 0
-39 -56 -24 0
-57 -49 -12 0
51 -57 -47 0
-38 -3 22 0
40 66 29 0
-6 -10 -53 0
56 44 -8 0
22 63 -17 0
-14 19 -27 0
-12 -50 -45 0
-10 -59 28 0
34 -36 -30 0
56 22 -31 0
7 -19 60 0
35 9 -26 0
10 16 -44 0
57 34 -19 0
11 -39 -58 0
-40 33 -49 0
40 14 24 0
29 -65 56 0
-60 24 -5 0
3 48 -13 0
25 21 -5 0
41 -54 57 0
-10 61 -64 0
-66 33 42 0
65 50 -42 0
-56 -49 20 0
-41 -12 -52 0
-18 3 55 0
-14 -22 -5 0
26 59 -6 0
1 -49 57 0
33 62 -31 0
-4 -51 -47 0
-33 -58 65 0
-4 13 -40 0
-33 -2 23 0
21 4 16 0
-67 61 29 0
-65 -41 -60 0
45 -59 1 0
64 2 37 0
-22 -50 45 0
-55 -54 16 0
42 -20 46 0
-63 22 16 0
9 51 -19 0
-64 66 -43 0
-5 60 -10 0
-11 65 -14 0
4 24 -58 0
-5 2 -51 0
67 -34 63 0
-18 -29 5 0
31 20 -40 0
-21 6 47 0
-61 -63 -20 0
55 19 -64 0
-37 -8 35 0
-28 -6 58 0
58 66 5 0
27 13 22 0
48 15 14 0
-22 -60 -43 0
16 5 -42 0
-12 -18 -58 0
27 2 -46 0
-57 67 14 0
4 12 -1 0
-23 22 -21 0
-66 -2 -17 0
-38 -66 -5 0
-41 -24 -51 0
-9 50 -16 0
21 -64 10 0
59 -34 -65 0
-12 28 -7 0
58 11 5 0
8 29 6 0
63 -11 -33 0
23 -36 46 0
39 45 -50 0
6 -41 52 0
59 19 32 0
-40 45 34 0
10 -18 41 0
-61 -6 -58 0
-50 40 -17 0
-66 -53 40 0
27 63 -30 0
58 -52 4 0
-34 -12 -18 0
67 26 -15 0
-20 7 -62 0
29 59 5 0
64 34 39 0
-10 -42 28 0
-41 4 -6 0
59 -66 5 0
-30 21 19 0
-49 -16 -8 0
-53 -54 59 0
54 3 -18 0
-54 26 51 0
66 28 -15 0
11 64 42 0
-1 -46 -52 0
66 -1 -19 0
12 -26 60 0
64 28 -55 0
9 28 51 0
-23 58 -12 0
-1 -61 57 0
-58 -15 -5 0
-42 36 -62 0
53 -35 65 0
1 -41 23 0
26 67 -25 0
8 -12 -66 0
-23 14 -41 0
18 -19 50 0
60 -3 65 0
-43 -59 -15 0
38 -63 -55 0
-46 -4 -45 0
-10 -42 66 0
43 -22 50 0
32 -66 -56 0
-39 -7 -14 0
53 -48 50 0
54 2 -41 0
-10 18 -9 0
13 -6 -5 0
-44 -3 57 0
-10 -61 -12 0
-53 -3 -37 0
-29 63 14 0
65 50 -21 0
-38 35 1 0
66 -4 11 0
-2 -20 -47 0
-48 62 -16 0
60 -48 -42 0
-51 57 67 0
-11 44 -46 0
35 12 63 0
44 57 9 0
-40 -58 -63 0
-56 -46 11 0
41 66 6 0
-54 60 46 0
53 -30 47 0
11 28 -37 0
59 42 44 0
-61 -29 -8 0
-10 63 43 0
44 -10 -17 0
-52 44 -18 0
29 55 49 0
-7 20 24 0
-33 19 39 0
-54 46 15 0
3 -49 -55 0
-58 2 33 0
-41 30 31 0
42 -11 23 0
-10 35 21 0
8 49 12 0
-20 -25 15 0
-20 -16 -34 0
-49 38 26 0
-45 -36 -25 0
-45 25 46 0
-17 19 18 0
-13 20 43 0
43 29 62 0
-21 31 57 0
-6 59 -36 0
-35 40 67 0
-7 29 -48 0
-53 -23 8 0
33 -53 -7 0
4 50 34 0
5 44 26 0
40 26 39 0
18 -47 40 0
-40 -31 -3 0
39 -40 60 0
62 -57 10 0
-45 64 16 0
18 -4 22 0
-36 58 -52 0
19 -35 53 0
-7 -50 48 0
56 -42 26 0
-17 -65 -16 0
46 18 -19 0
-41 -59 -63 0
22 -20 -16 0
-6 39 34 0
-6 -50 -9 0
5 -15 -60 0
29 23 49 0
11 59 13 0
41 24 -42 0
-38 -62 -4 0
-67 38 48 0
-67 32 -26 0
15 -12 34 0
4 42 60 0
12 -2 9 0
22 -66 25 0
-11 -45 -26 0
