p 42 178
-42 26 -41 0
13 32 -12 0
24 20 6 0
3 30 -37 0
-12 -25 35 0
24 32 -33 0
-1 -29 -22 0
31 7 21 0
-21 14 35 0
42 -10 39 0
23 -33 -21 0
4 2 -36 0
7 32 29 0
-2 20 -34 0
16 24 -12 0
-27 -6 -3 0
39 -35 -29 0
39 -29 -10 0
-7 -31 -11 0
-29 40 -7 0
9 -4 -37 0
-31 -14 21 0
-12 41 13 0
-35 39 -28 0
36 3 8 0
18 26 37 0
3 -33 -25 0
-31 -36 -28 0
-38 -24 -41 0
-2 -11 39 0
-4 -28 2 0
-26 18 -42 0
-17 -23 14 0
13 -39 40 0
28 -25 -20 0
38 -10 2 0
27 39 10 0
14 42 29 0
29 13 33 0
34 -32 31 0
14 -5 -29 0
7 27 -10 0
-14 35 -7 0
-37 -4 -23 0
-19 13 -2 0
3 19 41 0
-36 -30 -34 0
42 -16 -12 0
20 21 -13 0
33 -4 -22 0
-25 13 39 0
26 -27 30 0
-23 -24 6 0
15 -13 -40 0
32 -5 -37 0
42 -29 -23 0
11 -20 -35 0
35 -17 -33 0
-9 -5 -22 0
-13 3 14 0
-19 36 13 0
-10 -22 28 0
-28 31 -27 0
13 -40 -36 0
-26 40 -2 0
-22 27 39 0
-40 14 9 0
42 -18 -2 0
-41 36 -15 0
33 2 25 0
-15 -8 -36 0
-24 -16 -8 0
-8 -11 39 0
-9 7 -32 0
-27 -1 -37 0
-42 -38 29 0
24 -30 -11 0
-15 7 42 0
15 2 -38 0
-11 4 30 0
30 -4 -8 0
-1 33 -11 0
39 41 1 0
8 -36 12 0
-1 -15 -33 0
40 -3 -1 0
30 -36 -8 0
-8 33 35 0
13 -17 34 0
19 -36 31 0
33 -20 -32 0
5 6 7 0
-8 23 -25 0
41 4 -32 0
-24 14 1 0
32 -21 20 0
1 -41 36 0
-38 27 -10 0
14 42 41 0
29 12 33 0
-15 28 10 0
-16 -32 -2 0
-3 21 23 0
13 -35 -23 0
-3 29 -12 0
-15 1 -3 0
-29 39 -24 0
37 16 21 0
3 -18 -10 0
40 -9 -28 0
23 17 16 0
28 -35 -32 0
21 -29 -31 0
-9 15 38 0
29 26 -33 0
-36 14 16 0
24 -30 42 0
-24 -16 39 0
-40 22 23 0
18 2 34 0
34 20 7 0
-13 15 -37 0
31 -18 16 0
12 -38 -8 0
-2 -21 6 0
41 -9 35 0
-12 -11 -37 0
-15 21 29 0
-39 -15 9 0
21 -1 -9 0
14 15 -35 0
5 1 -2 0
16 9 3 0
2 28 23 0
16 -4 12 0
-31 -32 20 0
-22 26 -4 0
-34 10 25 0
8 -34 13 0
-38 -15 -31 0
22 36 41 0
-37 14 -5 0
4 8 16 0
17 -25 40 0
36 -13 -27 0
-5 16 -11 0
-32 5 20 0
-42 -25 -2 0
15 -33 -14 0
6 -33 4 0
17 -31 3 0
-11 1 10 0
12 -24 18 0
-6 8 21 0
-23 32 -17 0
9 29 -14 0
12 -33 -39 0
-4 -41 -19 0
-33 37 -8 0
-31 12 -29 0
-14 -10 -12 0
37 -21 -36 0
-27 14 -21 0
-40 -7 -13 0
-13 -3 -30 0
34 9 7 0
17 -12 -13 0
-27 13 -7 0
27 37 30 0
21 -32 -11 0
-32 -38 -15 0
34 3 38 0
-15 -36 -3 0
-6 11 -5 0
32 -29 -30 0
-27 32 16 0
25 34 6 0
37 -39 -9 0
