p 22 93
9 -20 7 0
19 -16 22 0
3 18 4 0
17 4 -10 0
19 12 1 0
21 15 17 0
6 -13 -5 0
-7 -22 -2 0
18 20 9 0
-13 -2 21 0
9 -14 -22 0
20 3 19 0
-21 9 2 0
19 8 -9 0
-6 16 7 0
-17 11 -4 0
-19 6 -20 0
3 17 -20 0
-19 -11 10 0
9 -10 -14 0
7 -20 13 0
-21 6 -11 0
-16 -4 9 0
13 -18 -12 0
-14 -8 -4 0
21 -14 -11 0
-11 -19 12 0
-10 19 -6 0
9 -12 -11 0
17 2 -21 0
21 7 -22 0
-3 -19 7 0
-10 19 21 0
21 13 7 0
-4 20 18 0
16 -2 -22 0
-1 6 -10 0
-14 5 -7 0
-12 -19 -3 0
-17 -18 21 0
-7 20 16 0
-21 -7 5 0
-2 7 -8 0
-22 -12 -9 0
14 -22 -9 0
2 -11 -10 0
6 7 -16 0
-16 -1 -7 0
-14 -19 -21 0
-4 -20 -19 0
18 13 4 0
7 -14 -20 0
-7 -19 -1 0
9 -19 -4 0
15 -21 22 0
-10 20 -8 0
-21 -18 -9 0
13 -14 -2 0
12 19 9 0
21 13 -2 0
-22 -21 3 0
-10 2 13 0
-13 -5 -1 0
-19 4 -17 0
-12 -14 -7 0
-3 15 -10 0
-8 21 4 0
6 -19 18 0
-20 11 -4 0
11 19 22 0
17 18 -6 0
18 15 -20 0
20 1 -10 0
-21 16 22 0
7 10 -2 0
4 1 -22 0
-14 -16 -6 0
-3 -5 -10 0
9 -1 -4 0
18 2 10 0
8 18 -19 0
8 -20 22 0
1 12 3 0
4 -14 7 0
20 5 2 0
-12 22 21 0
-2 19 1 0
-7 11 -18 0
-9 -14 8 0
-12 2 -14 0
16 8 -4 0
1 20 -6 0
21 7 8 0
