p 86 366
-59 41 1 0
-73 -31 -57 0
-65 56 -81 0
75 64 46 0
37 -39 -72 0
-44 29 33 0
23 -2 85 0
-25 -80 -20 0
2 -58 -43 0
-61 -24 -8 0
13 -6 36 0
-65 -40 42 0
-21 -43 -34 0
46 37 -72 0
69 -12 2 0
-67 -86 45 0
8 -39 29 0
-79 -26 6 0
-85 -43 28 0
-62 13 60 0
25 -61 -57 0
76 -26 -52 0
6 -25 -17 0
-71 19 -58 0
27 -11 -56 0
57 -9 -15 0
25 28 -7 0
-67 30 75 0
-34 -82 57 0
-50 19 -23 0
-14 9 -58 0
12 15 81 0
-50 13 36 0
71 -79 -2 0
77 5 60 0
-15 -23 -18 0
2 -12 -60 0
-49 61 67 0
-24 -19 -54 0
43 27 -21 0
4 -7 28 0
57 -24 21 0
40 -25 -59 0
63 50 79 0
-48 -66 -54 0
-67 -36 -22 0
-46 62 15 0
20 10 66 0
2 69 -76 0
-84 23 -27 0
60 -18 74 0
-44 49 -76 0
-1 -5 10 0
1 23 29 0
71 -86 12 0
-58 10 81 0
-2 -26 -19 0
-57 39 -78 0
15 -48 -33 0
-67 -36 54 0
73 -83 -68 0
-30 -38 82 0
66 -17 75 0
4 -17 34 0
12 32 -53 0
-3 -42 51 0
-12 -7 -77 0
-2 -85 -27 0
-80 -49 67 0
77 27 9 0
-36 85 41 0
-75 -26 18 0
-12 3 85 0
10 85 -69 0
12 -86 -13 0
-79 -30 -23 0
-17 -84 -31 0
-85 72 -4 0
-73 -28 -61 0
17 29 61 0
59 46 -62 0
-46 69 -10 0
38 -70 49 0
30 -69 6 0
56 -15 -1 0
-12 -85 35 0
-49 -55 -24 0
-33 77 -10 0
-14 -86 21 0
33 -46 -19 0
-53 52 79 0
-2 25 13 0
-67 -2 -37 0
-33 51 -8 0
49 75 -68 0
-20 -84 -2 0
83 -48 -20 0
-25 -76 71 0
-46 -50 28 0
-25 63 -86 0
-20 -15 -85 0
-25 56 -30 0
30 9 -13 0
-28 -26 -15 0
-78 69 -66 0
13 -76 85 0
48 73 -46 0
-19 36 -32 0
-39 -38 24 0
-28 84 -35 0
-65 44 -63 0
-80 -42 -74 0
13 -33 86 0
-69 -53 4 0
14 -5 16 0
-14 -77 48 0
-37 -19 -27 0
9 2 66 0
-56 -1 34 0
-45 82 84 0
41 78 -72 0
-29 17 10 0
-40 -76 51 0
8 -34 4 0
74 83 13 0
66 -71 43 0
-59 60 80 0
31 52 53 0
-81 42 12 0
12 72 -46 0
33 -9 -38 0
-35 69 36 0
1 -70 -76 0
-79 66 -48 0
60 -19 -56 0
25 -27 -70 0
-27 47 -24 0
72 10 62 0
28 -13 -41 0
-55 -57 -54 0
-73 70 86 0
35 22 -70 0
30 -70 61 0
54 41 -47 0
80 -61 57 0
11 13 25 0
60 82 57 0
-5 -71 -63 0
-57 27 -79 0
24 38 -54 0
-53 -58 62 0
69 14 -22 0
47 -62 54 0
17 -14 -24 0
-48 -10 -64 0
-82 21 -70 0
73 61 -1 0
31 48 -20 0
-7 -79 84 0
25 34 -17 0
85 -72 -8 0
40 -4 -36 0
-34 -23 29 0
26 15 5 0
-74 -11 33 0
1 11 33 0
-38 -83 -45 0
45 -47 1 0
55 24 -56 0
-24 -71 10 0
11 25 69 0
-65 -76 11 0
-46 73 -79 0
52 -15 -24 0
-24 -68 -12 0
-84 49 -2 0
-80 -17 78 0
6 -9 8 0
-24 22 64 0
-52 77 80 0
45 -79 -47 0
85 -39 47 0
-51 -63 34 0
42 -34 -35 0
-12 -76 -72 0
29 -46 74 0
9 68 1 0
17 -85 65 0
66 11 -83 0
-84 39 7 0
19 15 44 0
8 27 76 0
65 -32 -52 0
-83 -38 41 0
11 -55 40 0
-51 38 3 0
-13 -65 37 0
86 -10 68 0
35 -51 9 0
8 -61 -54 0
32 62 -36 0
-50 62 -20 0
-49 85 -22 0
-43 -52 -38 0
-28 -12 82 0
-13 -37 -41 0
57 -79 21 0
-80 -71 30 0
-32 68 78 0
47 -14 7 0
19 6 -16 0
-68 -11 27 0
58 -84 -21 0
71 -15 -2 0
-57 46 -59 0
-46 -75 29 0
-51 -26 -46 0
-62 76 -85 0
19 74 20 0
-23 -33 78 0
-41 -72 48 0
28 21 -6 0
-43 -28 -86 0
26 -57 34 0
-19 -22 -56 0
37 -60 41 0
1 72 28 0
-25 64 52 0
81 -27 -66 0
36 -28 -44 0
-57 73 80 0
-53 -30 73 0
-37 8 71 0
-24 -65 59 0
54 -75 -31 0
-4 -15 -20 0
45 53 -17 0
31 -28 56 0
53 -45 39 0
-75 -62 3 0
34 -14 73 0
-12 -40 -62 0
-44 25 30 0
-45 40 1 0
70 -21 61 0
24 -59 42 0
-10 6 47 0
-10 -80 1 0
-14 81 -68 0
60 -35 -32 0
71 51 65 0
3 82 -10 0
82 -7 -37 0
40 -23 17 0
-46 -67 -79 0
-73 70 -82 0
18 51 33 0
-82 -68 -73 0
-3 -8 53 0
55 -34 42 0
-23 -36 60 0
31 41 -12 0
-13 41 8 0
72 -37 71 0
-32 4 42 0
32 54 -12 0
43 -33 27 0
-26 61 65 0
-5 -55 -19 0
-74 34 84 0
-17 -26 -81 0
78 -71 26 0
18 -41 -53 0
17 -85 86 0
78 84 18 0
-22 67 27 0
-29 7 -57 0
12 -19 27 0
25 56 -52 0
-76 78 -15 0
-76 -54 44 0
44 80 -10 0
-16 -78 -15 0
1 55 -41 0
-37 -19 57 0
53 -63 18 0
-36 -54 10 0
-62 -15 -24 0
-30 33 55 0
17 -8 -21 0
-2 -51 42 0
-8 26 -76 0
-13 -69 -3 0
-66 -23 14 0
63 -62 69 0
38 -40 27 0
-20 -22 -29 0
-19 -43 -63 0
45 4 -43 0
-14 -9 69 0
-34 -48 -23 0
-84 -41 -7 0
-46 35 -57 0
42 -40 -64 0
-24 75 -83 0
-44 -85 -23 0
-76 5 9 0
79 -12 61 0
62 -55 -46 0
-71 -33 73 0
20 -69 -49 0
-44 78 -43 0
84 -53 -28 0
-7 -63 -79 0
-5 -1 17 0
39 78 55 0
41 11 15 0
-53 -57 -16 0
23 -83 13 0
-85 -41 57 0
-16 10 -50 0
26 -83 -73 0
-68 85 65 0
50 -35 5 0
4 -7 64 0
-27 82 -69 0
-8 42 -19 0
-52 60 24 0
53 -27 -57 0
71 -46 2 0
69 71 23 0
-43 -36 64 0
-75 -50 -39 0
-17 -58 -71 0
27 67 -65 0
70 21 -57 0
-45 -33 81 0
36 -73 80 0
78 28 39 0
-81 -75 -29 0
-63 -19 -60 0
71 -18 -36 0
56 30 39 0
40 -70 81 0
-41 11 -57 0
66 81 -42 0
10 -50 4 0
-19 -14 47 0
-76 71 80 0
-3 -51 6 0
-46 -44 25 0
79 26 -86 0
-74 -25 39 0
-70 -2 12 0
-35 -80 -55 0
-69 47 -30 0
24 74 58 0
6 -31 -73 0
-77 -7 -2 0
-62 -57 -32 0
47 84 38 0
75 74 45 0
13 49 -85 0
-9 -54 -28 0
-70 -37 -63 0
-17 -25 -42 0
