p 91 387
-45 27 17 0
-37 -62 -45 0
55 -52 -3 0
68 46 89 0
-48 52 -5 0
78 -33 42 0
-7 -39 66 0
10 -45 53 0
-22 -44 -83 0
-82 18 -88 0
67 78 -58 0
-55 -54 13 0
-34 -63 89 0
50 30 -23 0
-33 -63 -32 0
-6 51 15 0
-3 -23 25 0
12 6 -53 0
-71 -60 -84 0
-33 -56 64 0
-18 74 36 0
88 -42 -58 0
-7 -75 53 0
59 -24 65 0
-68 -84 -63 0
11 6 -69 0
1 59 8 0
-13 -28 -64 0
16 -57 -39 0
-35 -63 68 0
82 -44 -29 0
-57 79 2 0
9 -27 2 0
66 86 -83 0
-41 -71 -82 0
-56 -52 60 0
-17 64 -42 0
-91 2 -73 0
-18 77 -52 0
-89 8 -14 0
31 15 -58 0
55 -91 36 0
-6 63 -51 0
-15 -87 -60 0
-47 -58 -74 0
90 -37 -57 0
-38 -57 -86 0
44 17 79 0
15 59 55 0
-74 -32 73 0
-39 -62 20 0
64 72 -19 0
10 35 -90 0
-66 -43 54 0
74 -44 68 0
-13 56 29 0
-26 19 50 0
89 65 5 0
38 25 54 0
-62 -44 25 0
66 2 -69 0
38 66 87 0
18 24 -28 0
36 -90 18 0
-70 -27 9 0
-49 -70 43 0
27 78 17 0
67 7 -51 0
60 -85 -59 0
12 -56 19 0
-54 -74 -52 0
-49 19 60 0
-46 83 -71 0
-91 -67 -28 0
73 89 30 0
-30 -14 -68 0
31 80 -35 0
82 -3 48 0
14 -17 20 0
59 -64 34 0
-36 -28 -56 0
61 -11 41 0
-35 63 -8 0
47 -88 84 0
30 -22 27 0
-52 88 -86 0
-8 -53 -25 0
48 71 -40 0
-82 79 -54 0
-62 87 74 0
3 -35 -82 0
3 -9 -25 0
29 39 50 0
20 -38 10 0
-59 -27 37 0
12 -49 50 0
-42 -33 -49 0
-20 -67 -44 0
-35 -3 8 0
-19 7 84 0
-26 60 63 0
-31 -36 84 0
-51 44 66 0
-39 -73 84 0
-91 -21 54 0
-52 25 16 0
-45 56 68 0
19 -26 -69 0
87 46 85 0
29 80 -68 0
-20 29 -31 0
71 29 -15 0
-22 -12 -57 0
46 83 -69 0
-3 17 83 0
-20 -39 70 0
77 13 19 0
-78 -43 -50 0
77 63 69 0
86 -77 -43 0
26 25 -54 0
54 -37 87 0
-82 -46 -25 0
-84 -18 45 0
-4 -22 -66 0
34 1 29 0
-15 69 -54 0
-5 -30 71 0
40 64 1 0
-35 -39 -57 0
-49 -64 -43 0
-54 -17 72 0
8 -68 53 0
-72 -50 12 0
-49 90 83 0
40 19 81 0
-8 26 23 0
-24 -36 22 0
61 68 23 0
23 33 59 0
56 22 -82 0
-28 33 27 0
80 9 -37 0
-29 -25 -81 0
85 46 -88 0
59 85 61 0
-59 -85 -17 0
16 -73 -55 0
56 -61 76 0
62 -7 15 0
-84 25 10 0
-2 -19 -57 0
43 27 -54 0
-66 -23 -79 0
-11 7 -9 0
64 25 -1 0
32 -58 9 0
-91 72 -45 0
63 -70 16 0
-12 44 20 0
57 13 -85 0
40 -16 89 0
19 84 80 0
65 -63 -10 0
-83 -22 -56 0
69 55 47 0
9 -38 78 0
-4 86 -11 0
85 -24 -21 0
36 -65 61 0
-39 15 83 0
42 12 89 0
46 -64 61 0
-83 25 -66 0
-36 -16 -35 0
86 -1 -2 0
-35 -70 -43 0
-38 29 -19 0
-66 -47 -6 0
-72 30 55 0
-22 -64 -32 0
26 76 -42 0
-5 66 88 0
28 -34 59 0
13 23 52 0
35 53 -88 0
2 78 72 0
26 -75 28 0
80 5 -77 0
-46 -69 49 0
-13 48 59 0
55 -82 70 0
44 -77 61 0
-39 24 -3 0
63 -4 47 0
90 71 -36 0
-75 39 44 0
31 -62 -87 0
-65 80 55 0
-28 80 -66 0
69 -50 38 0
84 62 34 0
-67 11 -66 0
67 30 -5 0
22 -9 74 0
-59 -38 -66 0
-85 74 5 0
17 29 -88 0
37 -46 86 0
11 73 56 0
-20 -4 79 0
88 -74 -36 0
-22 -74 56 0
19 63 47 0
-39 -82 47 0
38 -6 -36 0
23 -20 54 0
76 -23 -71 0
24 -86 -76 0
-84 30 90 0
12 -15 69 0
-85 22 42 0
15 -11 -41 0
53 91 8 0
-26 43 -40 0
-52 -87 -90 0
-64 24 55 0
73 -65 -70 0
51 -80 -31 0
35 63 -78 0
-38 -55 -65 0
35 -63 -78 0
59 -5 -43 0
86 -9 -81 0
-66 24 -37 0
-42 -73 11 0
35 -48 -76 0
56 -48 75 0
-21 -37 -24 0
-43 -84 -54 0
52 36 13 0
23 -87 63 0
-48 -8 79 0
17 -12 23 0
73 -58 25 0
85 -22 44 0
-14 39 -8 0
16 -70 31 0
43 1 48 0
90 27 78 0
41 -88 39 0
78 -3 88 0
84 53 -74 0
49 -82 50 0
30 -4 -19 0
-56 -91 -81 0
87 -10 -55 0
55 -38 21 0
60 -62 -65 0
-35 41 43 0
-12 -59 -55 0
-23 19 63 0
42 -66 71 0
42 81 68 0
52 -70 26 0
-67 84 -36 0
-21 84 36 0
-75 -12 49 0
-55 50 -81 0
4 -57 -77 0
-14 29 21 0
-19 -50 61 0
-51 86 -81 0
-17 -70 28 0
18 -57 -62 0
-77 -63 65 0
15 40 1 0
39 5 -4 0
-17 34 29 0
-1 72 -58 0
-19 15 -83 0
-66 -64 -26 0
36 78 -61 0
42 -73 21 0
20 -12 36 0
69 -15 86 0
-35 60 9 0
49 -75 -35 0
73 -14 24 0
90 -46 63 0
-60 65 -24 0
-21 6 -19 0
45 -79 85 0
-42 -29 -76 0
-3 7 -17 0
77 -66 28 0
77 -10 31 0
51 -87 -60 0
-52 87 78 0
79 46 84 0
-85 -2 3 0
45 19 -68 0
54 44 -1 0
-81 -78 -65 0
-45 -22 -54 0
-85 72 -16 0
-44 59 61 0
34 -37 27 0
55 18 -37 0
75 -64 -51 0
37 24 -5 0
59 41 89 0
78 -16 25 0
-47 41 -83 0
-49 7 -51 0
17 54 41 0
78 -33 90 0
-19 -86 -39 0
-7 -53 -47 0
-56 -13 -60 0
74 87 -40 0
17 83 32 0
-64 80 39 0
20 36 -31 0
91 -71 84 0
-83 70 41 0
2 72 43 0
62 85 84 0
9 32 17 0
-76 -61 91 0
-78 30 -20 0
-48 14 -87 0
-82 58 -38 0
-70 -75 4 0
37 65 62 0
77 2 74 0
64 47 7 0
55 -5 -16 0
-56 46 1 0
-71 -12 -35 0
22 6 -35 0
7 58 -87 0
-52 -73 -39 0
-63 36 6 0
11 23 55 0
-85 57 -47 0
8 51 45 0
-8 11 -1 0
55 84 12 0
-51 -42 38 0
2 -10 -47 0
77 80 22 0
15 56 -31 0
-72 45 -16 0
-70 -83 -8 0
24 -53 37 0
35 -70 26 0
16 2 12 0
74 56 22 0
28 -90 -82 0
-38 -85 -5 0
-61 75 4 0
78 -50 31 0
72 11 22 0
-37 69 -2 0
-73 -38 -82 0
81 57 41 0
29 -33 -72 0
78 -76 48 0
6 58 -24 0
58 -51 -85 0
39 14 -16 0
-10 22 30 0
65 91 -76 0
23 -56 -25 0
-37 80 -75 0
-38 -50 -12 0
4 -48 -11 0
-88 65 18 0
39 -14 11 0
-53 39 73 0
29 -86 79 0
-31 23 22 0
86 -10 76 0
-38 83 32 0
-53 70 48 0
7 60 -37 0
