p 82 349
54 19 22 0
26 -13 -5 0
73 46 22 0
8 -6 -4 0
38 -44 29 0
-42 -71 10 0
-1 -39 44 0
-26 -22 -50 0
-45 34 -77 0
-22 40 36 0
-6 39 -75 0
-48 7 -67 0
48 -56 60 0
-50 -39 -20 0
-36 70 33 0
11 70 47 0
-22 41 -67 0
66 -79 63 0
81 -25 -68 0
47 10 3 0
68 -44 13 0
9 -32 24 0
-10 -48 -62 0
-26 -40 71 0
4 62 -47 0
-78 23 -5 0
47 9 42 0
33 -30 -54 0
-25 59 -5 0
-62 -31 -64 0
-43 16 -65 0
79 6 40 0
-5 -3 -68 0
7 16 -75 0
-5 68 -56 0
71 82 -62 0
-20 79 -28 0
-14 -45 -16 0
28 65 55 0
-73 -5 -40 0
62 -55 30 0
69 30 -56 0
72 13 5 0
-60 43 -42 0
-18 34 50 0
34 -69 63 0
41 24 -46 0
57 44 -5 0
47 41 -3 0
-74 -59 21 0
-42 31 -49 0
34 21 -76 0
-76 7 -26 0
63 4 -57 0
-26 32 -42 0
71 46 70 0
43 -37 -64 0
-76 -70 -3 0
38 32 -14 0
56 61 -5 0
63 -80 30 0
-28 -37 -25 0
57 62 -80 0
61 -2 -38 0
-72 -19 -50 0
61 34 -44 0
75 29 -62 0
15 14 -28 0
14 53 -44 0
-50 64 81 0
-13 29 50 0
-25 12 22 0
-27 76 -4 0
-15 -5 -71 0
-34 -19 16 0
-71 -72 82 0
-8 52 60 0
-80 56 -4 0
-49 -68 76 0
5 -2 -34 0
-76 -31 34 0
43 -19 72 0
-7 -67 -82 0
20 -72 59 0
-54 77 23 0
73 37 35 0
-15 16 -36 0
-75 59 55 0
-5 77 -69 0
10 -47 61 0
57 -2 1 0
-66 79 20 0
53 -54 37 0
52 -1 54 0
-22 44 47 0
37 -2 3 0
-59 13 -64 0
5 69 50 0
67 -29 30 0
-30 -35 -22 0
-62 -26 55 0
-13 24 38 0
59 1 60 0
17 46 -52 0
-76 45 -16 0
45 -35 70 0
-82 51 -47 0
2 66 37 0
22 47 78 0
3 33 1 0
-77 32 -59 0
-82 11 53 0
20 60 -48 0
-24 34 -33 0
-78 -31 65 0
-36 -52 59 0
39 -49 36 0
23 33 39 0
-36 -47 3 0
-67 52 61 0
70 -57 80 0
-23 56 57 0
-78 39 -19 0
56 -21 -40 0
-59 -60 7 0
31 57 44 0
-33 63 58 0
-21 -48 71 0
15 -18 22 0
-39 29 -1 0
-65 -14 72 0
-18 27 -34 0
4 -51 -8 0
38 -76 -66 0
-5 -79 3 0
-15 -36 -77 0
66 -77 -54 0
-39 65 -59 0
4 -21 51 0
23 11 38 0
29 69 16 0
41 44 -79 0
27 -20 -1 0
-59 72 -30 0
61 27 -67 0
-34 -43 -68 0
-75 23 -78 0
-46 -19 -12 0
4 13 6 0
37 82 34 0
59 61 -26 0
12 28 78 0
35 -40 60 0
55 21 34 0
-56 58 -55 0
-1 -77 65 0
-13 -72 35 0
26 -14 22 0
-2 -77 50 0
-72 54 -14 0
8 16 -54 0
-54 66 -56 0
-13 57 -42 0
47 71 64 0
7 48 16 0
59 -78 14 0
-77 1 34 0
-39 37 42 0
81 -45 34 0
35 -36 67 0
27 74 -42 0
-49 -14 10 0
-11 -22 -9 0
68 -33 9 0
73 -3 -26 0
-79 8 -75 0
74 -13 61 0
40 23 24 0
8 42 74 0
47 -30 -73 0
37 30 42 0
12 17 -21 0
11 42 -38 0
-33 -64 -22 0
16 65 1 0
7 32 75 0
-74 68 -54 0
-22 -15 -60 0
-26 -32 -10 0
26 -46 61 0
-34 31 12 0
-62 -19 68 0
-10 -4 -79 0
20 29 -17 0
18 -81 63 0
-77 70 10 0
44 -54 52 0
42 -24 62 0
52 47 -41 0
-68 67 -50 0
-75 -3 64 0
82 9 -21 0
26 75 -3 0
-45 36 72 0
-4 53 -27 0
-42 69 38 0
-53 -65 -64 0
-35 -3 64 0
-26 -15 -79 0
-45 7 61 0
4 56 9 0
2 62 24 0
-13 -76 -79 0
77 28 30 0
22 -39 81 0
82 -55 -14 0
-74 81 -34 0
48 -29 64 0
-50 63 45 0
14 13 34 0
-19 -70 -66 0
55 38 24 0
-53 46 -75 0
-55 59 -41 0
-24 40 48 0
-34 -41 4 0
-1 71 2 0
9 55 53 0
69 8 -81 0
18 -23 51 0
-60 -61 47 0
-71 -25 14 0
-49 9 -44 0
74 32 26 0
82 30 3 0
-28 -26 71 0
45 -22 75 0
-15 7 2 0
16 -76 -25 0
-1 4 15 0
-27 -36 -61 0
-61 -40 20 0
17 -58 31 0
15 60 81 0
-67 -74 62 0
6 -46 20 0
25 -63 57 0
-49 -30 -17 0
62 79 71 0
-80 -73 -26 0
54 74 -66 0
-53 -45 -22 0
-78 -71 61 0
-47 8 -15 0
76 -27 5 0
-5 24 9 0
-61 80 53 0
-48 -19 -30 0
-63 47 -43 0
-29 -53 64 0
33 75 60 0
7 49 38 0
-9 -44 22 0
27 -40 64 0
-12 -82 -2 0
77 -70 29 0
53 -79 -67 0
-40 -77 59 0
16 26 -55 0
-75 12 -65 0
-65 73 -2 0
30 20 -56 0
-60 -33 23 0
-67 32 12 0
-63 72 81 0
59 -63 -51 0
-18 -5 -39 0
-77 56 68 0
-61 78 5 0
-69 -54 56 0
-72 -52 18 0
-31 64 19 0
76 -63 57 0
-64 40 -27 0
52 27 -32 0
-72 25 35 0
48 -68 -65 0
43 -4 -5 0
9 -61 14 0
-73 67 -13 0
42 10 -57 0
-7 -18 53 0
25 -38 34 0
-41 -10 -79 0
47 29 -69 0
-9 -57 -82 0
-76 56 -19 0
-81 10 51 0
26 45 -74 0
44 74 17 0
64 8 56 0
-82 -32 -75 0
33 64 59 0
-8 30 47 0
39 -36 64 0
23 -1 7 0
-23 33 49 0
-80 27 43 0
32 82 -29 0
27 -15 -30 0
63 72 15 0
34 -51 55 0
-29 24 22 0
66 -72 -9 0
-68 -63 -69 0
16 -48 -31 0
40 68 -36 0
23 52 19 0
60 -61 -27 0
-45 46 -7 0
-51 16 -31 0
52 63 57 0
51 30 -7 0
46 -25 -67 0
-78 -43 26 0
-31 -70 -18 0
82 -11 -23 0
43 5 -37 0
-17 78 -49 0
-73 46 16 0
58 -21 62 0
79 82 -23 0
-7 -8 -25 0
41 32 33 0
32 -61 -62 0
-57 14 -29 0
-24 45 -74 0
-52 -70 -34 0
-77 -78 -12 0
-13 -49 -23 0
-49 48 -77 0
-6 -54 7 0
-41 -43 -14 0
-80 -46 66 0
-33 34 -6 0
-5 62 -50 0
-75 -46 79 0
-64 72 56 0
35 14 -11 0
