p 29 123
6 5 -26 0
-16 -25 4 0
-16 28 27 0
-23 13 18 0
-16 14 -27 0
1 2 16 0
24 -21 -1 0
3 14 18 0
-22 -4 20 0
7 5 8 0
24 6 -26 0
3 20 -29 0
-10 22 15 0
8 4 2 0
8 27 9 0
-9 -28 4 0
19 23 2 0
-27 26 -16 0
-2 5 -16 0
-21 13 -19 0
-6 -12 21 0
-24 -18 -12 0
-28 -14 27 0
3 21 8 0
6 17 -14 0
29 11 -8 0
24 -18 17 0
9 8 22 0
20 19 -21 0
-4 11 2 0
-26 -9 7 0
14 26 13 0
20 -2 -15 0
27 -19 -18 0
27 14 1 0
17 -12 1 0
-10 -8 -17 0
2 12 -6 0
-26 -22 25 0
8 -18 -26 0
4 13 9 0
28 -21 8 0
-13 22 6 0
-20 -11 -10 0
-3 20 -16 0
-2 -22 -17 0
-21 20 -6 0
-18 -25 19 0
4 -5 -17 0
-25 16 -12 0
4 -29 -18 0
-5 -21 -3 0
19 29 3 0
-17 -15 -7 0
-21 -18 -2 0
-11 26 -20 0
-26 -4 14 0
-10 3 2 0
15 9 -7 0
6 4 2 0
-23 -6 -15 0
27 -23 -4 0
28 -4 27 0
-11 9 2 0
-29 8 20 0
-1 -21 -3 0
19 16 -15 0
-22 -10 12 0
14 19 -7 0
-14 24 -15 0
-7 23 26 0
-9 -14 -12 0
-15 26 -3 0
19 15 29 0
-11 14 -25 0
27 6 -16 0
-3 11 -19 0
-9 -29 -8 0
11 -27 7 0
3 -2 -17 0
-19 5 -11 0
-15 -10 -28 0
12 29 -11 0
6 11 2 0
4 -13 -22 0
-11 -15 28 0
29 -16 -4 0
-23 4 8 0
22 11 -10 0
-4 -19 27 0
8 -13 7 0
-13 14 17 0
-7 24 -23 0
15 18 6 0
6 14 -24 0
-29 -27 26 0
3 -15 21 0
1 -15 26 0
-28 -3 27 0
-11 26 -12 0
-3 9 17 0
18 16 29 0
-24 -3 -18 0
-26 17 -16 0
-17 -27 9 0
9 -22 18 0
-3 -22 -7 0
-25 -29 6 0
4 -12 -18 0
-2 -13 14 0
22 -19 -17 0
10 4 -2 0
-3 15 -25 0
-10 2 23 0
-23 26 -17 0
-21 -13 23 0
-25 26 -21 0
1 15 12 0
-18 -12 10 0
21 -26 8 0
-25 -15 22 0
-16 13 17 0
-22 27 -20 0
