p 32 136
-22 7 5 0
-1 -8 20 0
15 -13 -30 0
-28 -29 -1 0
27 -4 -7 0
31 32 7 0
9 -5 -30 0
-19 2 -6 0
-30 -16 6 0
12 28 -23 0
-9 -30 -25 0
4 21 -10 0
-2 28 -5 0
-21 -2 11 0
-13 31 -9 0
4 -2 32 0
-2 -12 30 0
1 3 29 0
16 20 -19 0
30 16 12 0
-1 -14 31 0
-27 -21 3 0
-25 24 -4 0
7 11 14 0
6 20 -13 0
-13 16 -26 0
2 29 -30 0
-20 15 11 0
7 25 11 0
4 3 26 0
-6 23 -21 0
20 25 7 0
-16 1 15 0
-1 -27 25 0
23 -18 22 0
-29 25 -26 0
-10 -26 -5 0
17 22 8 0
-8 20 -22 0
28 18 -2 0
16 30 -25 0
-19 -27 18 0
21 26 -32 0
21 24 6 0
11 -17 12 0
-19 -18 -31 0
23 -3 -7 0
29 4 -21 0
-28 -14 4 0
-31 14 8 0
2 -17 -8 0
21 -29 -27 0
-28 22 32 0
25 2 28 0
-9 7 6 0
31 -2 16 0
27 -4 -3 0
14 2 23 0
-21 4 -8 0
31 -6 -15 0
26 25 -28 0
-21 -14 22 0
10 -20 -24 0
16 14 25 0
29 7 31 0
-30 -9 -18 0
25 21 24 0
15 6 -2 0
21 -9 17 0
4 -10 -29 0
13 -12 10 0
-22 30 28 0
-4 -24 11 0
20 -29 -21 0
-5 -14 -12 0
4 31 -30 0
9 -3 15 0
-19 20 22 0
9 19 8 0
26 23 -13 0
32 -20 1 0
-5 -12 15 0
-20 -29 -17 0
-15 -7 -26 0
-22 -1 26 0
-20 -15 -27 0
-6 -4 30 0
-25 -13 -14 0
16 -17 -25 0
15 -9 14 0
-16 30 9 0
4 -29 -19 0
25 23 28 0
-32 -22 27 0
-27 2 -9 0
12 -20 -29 0
4 14 31 0
-31 14 -23 0
-32 16 -14 0
-13 11 -1 0
-29 10 16 0
-7 -22 -21 0
20 25 -6 0
16 -26 5 0
20 22 4 0
5 -28 -4 0
21 6 30 0
19 -11 14 0
12 -10 2 0
-1 -17 18 0
2 7 -10 0
-2 -21 27 0
-18 -28 -9 0
9 24 -28 0
27 31 18 0
-15 2 29 0
29 9 -20 0
-11 -23 -1 0
14 26 25 0
-12 2 13 0
29 15 -23 0
-3 22 14 0
30 -2 17 0
-3 -28 -14 0
4 15 2 0
29 32 11 0
-31 17 -27 0
4 12 5 0
-1 -18 -32 0
13 14 32 0
-25 4 -6 0
24 -6 -23 0
-19 -24 -10 0
21 -22 -18 0
-27 -23 -17 0
17 20 15 0
