p 47 200
16 -47 3 0
-22 36 47 0
-18 -5 -44 0
-27 31 36 0
19 47 -6 0
-3 47 -7 0
2 29 -3 0
17 18 -21 0
-47 -44 -5 0
-43 30 -4 0
45 -43 37 0
11 13 -8 0
-36 12 8 0
9 -33 6 0
-29 15 13 0
17 38 22 0
-16 -34 -7 0
38 -35 -30 0
17 19 -5 0
2 -15 33 0
-39 -27 -38 0
-46 23 -26 0
3 5 -47 0
12 -36 -40 0
25 -33 -27 0
-47 17 7 0
3 -32 -17 0
-12 -5 -37 0
-14 -45 15 0
11 4 -30 0
-44 23 -12 0
-9 -40 47 0
-47 -35 30 0
40 12 14 0
37 -2 43 0
39 -16 -2 0
35 -8 15 0
-43 -20 -5 0
34 -29 7 0
21 38 -7 0
46 5 -23 0
-25 17 -26 0
9 27 10 0
-35 43 27 0
-27 -30 36 0
41 -24 45 0
39 17 13 0
4 3 -36 0
6 -30 2 0
1 8 -18 0
38 -40 -25 0
-1 44 -41 0
7 -42 39 0
-6 -24 7 0
-19 -28 -46 0
25 -30 -17 0
12 -41 6 0
-10 -19 -37 0
12 13 -45 0
-39 24 -38 0
5 32 -25 0
13 42 -44 0
-9 -40 -6 0
-7 18 -11 0
-12 42 32 0
8 -27 44 0
44 -18 10 0
-25 4 -36 0
-34 8 -37 0
21 15 40 0
-31 18 -30 0
16 39 -19 0
16 -17 32 0
6 13 -24 0
-42 -9 17 0
-41 -47 11 0
7 38 39 0
-9 -36 -44 0
7 -19 30 0
-31 -35 6 0
26 34 5 0
-37 -46 26 0
-25 -32 26 0
27 -30 -14 0
13 22 43 0
-43 47 26 0
-24 18 -43 0
15 -47 35 0
-2 -28 -13 0
19 -27 -12 0
-21 28 15 0
-11 4 3 0
-35 2 15 0
18 -8 -6 0
38 -5 -43 0
6 8 -35 0
47 -7 -20 0
7 -46 -42 0
-25 -47 3 0
4 -16 -27 0
41 -21 47 0
39 -36 9 0
-18 47 15 0
-32 -23 3 0
-45 -18 -16 0
-19 -3 45 0
43 40 -5 0
8 18 -26 0
-33 -23 -7 0
41 -24 4 0
42 -26 -45 0
38 41 -18 0
-1 43 -46 0
-15 -12 -2 0
44 -24 -47 0
15 -46 -2 0
-37 -41 -17 0
-3 -16 -4 0
-13 22 -14 0
9 32 17 0
-12 -32 -4 0
-13 23 -32 0
38 47 -18 0
-24 45 44 0
30 -11 12 0
-20 31 46 0
33 -11 40 0
27 38 7 0
10 -26 -14 0
-42 -28 39 0
-42 37 25 0
7 40 3 0
-31 38 12 0
3 33 35 0
-30 24 -6 0
-15 43 -46 0
-36 -15 -9 0
39 -15 -38 0
20 27 -12 0
21 -44 -42 0
1 -3 36 0
10 -35 27 0
18 40 44 0
2 44 -38 0
21 18 28 0
-35 -46 -19 0
45 3 -44 0
-47 -6 -35 0
24 47 7 0
25 -16 32 0
2 43 -27 0
-35 -27 -42 0
47 -32 1 0
2 27 -3 0
-18 -34 38 0
11 -7 23 0
-36 13 31 0
2 -13 7 0
-6 -22 -44 0
-41 40 17 0
-7 -20 30 0
-7 -34 -33 0
28 -32 -7 0
34 15 -26 0
47 6 -31 0
5 30 40 0
38 -31 -8 0
-11 45 3 0
-10 -7 20 0
-22 -46 -7 0
-41 -7 -29 0
32 -35 8 0
-16 10 -14 0
-10 31 47 0
47 17 1 0
-34 18 -11 0
2 -8 -18 0
-9 -4 -33 0
37 -7 -9 0
21 -29 39 0
-17 4 -11 0
4 -15 6 0
-42 13 19 0
-2 33 -44 0
-39 -16 -44 0
19 -46 -23 0
7 -42 21 0
17 5 21 0
18 -6 -37 0
-12 44 -23 0
-6 -38 -35 0
47 -27 35 0
15 40 10 0
-4 -5 -35 0
35 -33 -44 0
7 21 -43 0
-18 13 -26 0
28 -24 22 0
-25 20 10 0
-13 -37 -41 0
