p 39 166
-21 2 -5 0
32 -14 -21 0
21 37 28 0
27 -31 33 0
-34 -39 -7 0
13 -15 -16 0
-36 -14 -5 0
18 -36 26 0
8 36 -33 0
-1 32 -3 0
31 -10 -27 0
-5 -13 -15 0
-23 21 -19 0
39 31 -34 0
20 6 3 0
1 3 -26 0
-5 21 -20 0
-38 -33 9 0
19 30 27 0
-12 -21 -11 0
19 -10 5 0
-18 21 17 0
12 36 5 0
2 -30 18 0
-9 -1 -24 0
31 22 -27 0
25 -9 -31 0
19 -20 -21 0
-1 31 3 0
2 -20 17 0
-27 30 -31 0
8 34 21 0
-1 20 -29 0
14 -2 13 0
13 15 -2 0
3 -33 -15 0
18 -9 -36 0
2 20 -22 0
27 -12 31 0
-37 -19 6 0
-5 26 -10 0
-30 -21 6 0
-31 -2 17 0
35 -7 2 0
14 -36 -22 0
1 -4 -10 0
-22 -10 -25 0
-15 -36 -31 0
-27 -15 -3 0
-26 -6 -36 0
-34 28 15 0
4 25 -34 0
28 -4 38 0
30 32 -25 0
-28 4 -20 0
28 10 7 0
-12 -20 -36 0
-35 -11 3 0
-23 39 4 0
-37 22 18 0
-5 -36 -32 0
-12 -1 -3 0
34 -8 -17 0
-10 -39 23 0
32 -31 1 0
15 7 -4 0
-34 -12 26 0
25 27 5 0
-8 -16 26 0
-36 18 28 0
-2 27 -39 0
1 -30 -31 0
5 3 24 0
-31 34 -6 0
-12 -6 -2 0
14 33 -29 0
-31 15 35 0
-34 -27 9 0
-36 17 -35 0
25 34 -26 0
-30 28 -1 0
35 30 19 0
25 -38 12 0
19 -17 -13 0
26 12 25 0
5 21 25 0
8 -15 -23 0
34 -27 -8 0
12 -24 11 0
-36 -27 -24 0
3 -4 -2 0
-11 -7 18 0
-39 -29 -35 0
38 33 13 0
36 19 27 0
37 -36 14 0
-12 -15 13 0
12 5 32 0
14 27 6 0
-38 24 -2 0
-12 -18 19 0
23 9 27 0
39 -34 2 0
25 -9 36 0
-26 4 12 0
20 -38 -36 0
-4 -14 -12 0
-6 -26 -5 0
-16 34 38 0
-19 -1 -11 0
31 -37 6 0
25 29 7 0
-17 -13 -12 0
-11 17 -4 0
11 -10 -12 0
2 31 -10 0
-13 28 -16 0
-10 -4 23 0
-23 -31 10 0
-17 8 35 0
-39 28 4 0
26 10 5 0
32 11 -23 0
39 2 -28 0
-33 7 -17 0
2 20 4 0
18 -32 6 0
29 -27 -26 0
23 7 -9 0
9 -16 -25 0
-29 -34 3 0
-14 28 33 0
29 -8 32 0
30 -5 -9 0
34 -21 39 0
2 8 -11 0
2 -36 35 0
15 -37 -1 0
12 27 26 0
-10 11 -28 0
-24 35 36 0
33 31 19 0
-33 18 25 0
-8 1 34 0
-36 12 -4 0
-37 -16 9 0
-30 -25 11 0
5 9 -31 0
-10 -27 -11 0
-11 28 32 0
-31 3 11 0
-16 -25 -34 0
18 35 9 0
-17 -9 -6 0
-24 38 -11 0
-26 21 -5 0
30 33 29 0
27 20 -3 0
38 -17 -32 0
-39 35 32 0
-25 -11 -34 0
23 -24 -37 0
27 -17 -23 0
13 -29 -38 0
26 -13 -8 0
9 19 24 0
