p 65 276
-35 28 63 0
-40 65 -41 0
-53 -24 27 0
53 -22 7 0
4 -21 14 0
38 18 36 0
-17 57 -1 0
-49 59 65 0
13 -30 25 0
-56 57 -24 0
-9 10 -37 0
44 -45 -13 0
-54 -15 44 0
-24 41 61 0
62 17 2 0
25 -61 64 0
5 -62 -7 0
42 47 6 0
-41 -14 -36 0
31 46 61 0
-20 37 -27 0
-10 -51 -21 0
-64 -14 38 0
60 52 -44 0
20 -53 52 0
-44 9 -34 0
-54 -32 4 0
14 -8 36 0
-60 -26 32 0
-44 22 -35 0
22 -12 -17 0
48 -15 4 0
-57 45 43 0
4 19 48 0
48 58 -21 0
-4 58 -33 0
13 -63 -31 0
-50 -16 14 0
2 -15 59 0
-11 -39 -50 0
-14 -57 -53 0
16 27 6 0
64 -50 -25 0
32 -62 5 0
53 -38 -16 0
58 -20 27 0
-31 -53 24 0
-17 -6 26 0
36 64 34 0
18 -22 51 0
-55 9 3 0
36 37 -12 0
-36 -7 -55 0
43 -20 -46 0
64 41 18 0
62 24 27 0
26 12 -9 0
-35 -40 31 0
-17 -10 44 0
20 -60 -51 0
-18 -47 24 0
17 6 39 0
-31 63 25 0
-26 60 -35 0
31 38 -51 0
-17 -55 -43 0
62 -49 61 0
-51 -50 10 0
-25 53 50 0
-53 -56 43 0
-4 -14 -46 0
-57 -22 62 0
37 -32 -14 0
-26 -57 7 0
47 38 57 0
-55 -58 8 0
55 6 -64 0
40 -64 37 0
35 -2 -20 0
-45 -2 35 0
-23 30 -25 0
-43 8 -59 0
30 -17 -33 0
38 65 -24 0
11 7 53 0
17 -24 -62 0
-35 -20 -65 0
-4 -15 46 0
-40 -22 -42 0
1 65 -57 0
-14 42 34 0
13 -60 17 0
-8 -59 -47 0
-6 2 42 0
-3 45 -1 0
13 -54 16 0
-54 -64 57 0
-24 47 -5 0
-23 61 26 0
-45 65 -48 0
-12 -29 -24 0
-56 -17 37 0
-45 55 -10 0
34 60 -58 0
24 -14 -26 0
-29 -12 -49 0
5 -64 -16 0
17 -21 8 0
53 43 23 0
-25 60 -53 0
14 1 50 0
-41 -43 -8 0
-53 27 -1 0
-56 2 -22 0
-32 -40 45 0
48 34 -18 0
15 60 49 0
16 -63 13 0
54 15 7 0
46 2 24 0
57 -58 -8 0
17 57 31 0
-38 53 28 0
12 30 -6 0
45 -32 29 0
-65 41 56 0
21 -62 -38 0
10 59 -22 0
48 50 16 0
-32 -55 -37 0
-8 18 -29 0
-35 -49 -64 0
-64 -63 5 0
41 5 -12 0
-32 24 -4 0
-10 -22 -45 0
63 -27 -52 0
38 -52 56 0
-63 21 -54 0
-2 -42 -1 0
-62 -11 -26 0
-52 -53 21 0
-52 -37 -45 0
19 -33 -55 0
-8 -25 -38 0
17 -27 8 0
-20 -44 -35 0
-51 -46 42 0
-37 3 -58 0
54 2 20 0
31 55 43 0
47 5 51 0
-25 8 5 0
-56 47 13 0
22 -8 -16 0
-36 -56 -59 0
40 62 21 0
-22 -2 4 0
-48 52 45 0
-19 21 27 0
-31 52 18 0
-54 27 47 0
27 -12 -45 0
42 5 -63 0
3 -51 -8 0
21 7 52 0
-34 65 46 0
49 -24 22 0
-57 24 60 0
1 47 -24 0
-3 15 24 0
-18 44 16 0
-54 -31 42 0
-55 -33 28 0
27 -22 64 0
4 -29 -24 0
-1 -8 51 0
43 -55 16 0
1 36 31 0
36 12 25 0
-44 34 64 0
36 20 55 0
34 -17 32 0
11 61 -53 0
-34 54 -37 0
-38 25 -41 0
57 -22 31 0
56 -24 -57 0
-14 58 18 0
-23 36 -19 0
38 -40 -7 0
32 22 -41 0
-44 15 52 0
-39 25 30 0
-13 -57 -47 0
-54 -37 57 0
33 2 3 0
63 65 17 0
58 7 -47 0
-7 -45 -16 0
-57 -18 -16 0
55 30 61 0
-34 27 39 0
23 49 4 0
40 45 62 0
35 -25 20 0
19 50 49 0
-20 33 -12 0
37 32 36 0
32 48 -33 0
52 -29 41 0
-41 -62 -7 0
59 -46 34 0
-51 43 62 0
65 56 27 0
-45 63 -28 0
56 -10 -3 0
-1 10 27 0
29 -37 -27 0
31 -51 -17 0
31 -48 60 0
-37 -33 29 0
13 3 40 0
61 20 27 0
-65 -45 61 0
-34 49 -36 0
-37 5 54 0
-9 -10 -12 0
-50 39 43 0
52 -16 -11 0
-11 -15 -18 0
47 62 -45 0
-64 54 -46 0
-42 -13 -3 0
-2 43 -57 0
-27 4 -31 0
-10 18 -36 0
-60 -29 48 0
26 -38 -11 0
-18 -14 -47 0
44 33 64 0
32 -19 -16 0
-48 63 45 0
-3 -16 45 0
-33 -15 37 0
-24 5 6 0
-40 -2 33 0
30 -22 -5 0
-26 -45 12 0
-25 -29 -31 0
-28 14 36 0
48 40 -23 0
-31 54 58 0
5 60 3 0
5 1 40 0
35 30 22 0
-9 -10 -45 0
58 16 43 0
17 41 -51 0
28 19 26 0
-55 28 51 0
-24 -45 -3 0
39 32 -48 0
-11 -42 -31 0
-1 -47 54 0
-63 -39 -56 0
-13 -65 58 0
17 -12 7 0
-47 56 2 0
-1 8 42 0
39 -40 55 0
28 -13 45 0
-42 -10 -8 0
19 -23 13 0
-65 -11 46 0
7 -41 18 0
