p 45 191
37 18 -17 0
44 15 -7 0
-4 -3 -34 0
-6 -16 3 0
5 -36 43 0
15 -34 2 0
-37 -16 -25 0
3 -23 -41 0
34 -26 -1 0
5 17 -43 0
4 -6 -5 0
34 32 -38 0
-19 -39 -41 0
-25 22 -21 0
-18 -9 -1 0
45 6 -20 0
29 5 -6 0
14 27 -19 0
-24 -10 -2 0
-40 -20 41 0
-40 10 22 0
34 13 16 0
4 41 -40 0
-9 1 41 0
-21 37 -7 0
-24 -10 34 0
6 33 -26 0
-18 31 26 0
15 17 -34 0
1 -3 5 0
28 7 -20 0
15 -11 3 0
24 44 19 0
-28 -21 18 0
-27 -30 -26 0
-7 44 -38 0
-34 18 -4 0
44 30 4 0
36 22 28 0
10 -2 32 0
7 24 37 0
-10 -19 41 0
12 -38 20 0
-40 -1 8 0
29 -22 40 0
-34 -14 35 0
14 -28 -42 0
-34 32 -30 0
-13 17 2 0
13 20 14 0
11 -24 10 0
22 4 -12 0
2 4 9 0
14 -4 17 0
-16 -6 -34 0
-32 -25 -44 0
-15 -27 10 0
4 -17 -20 0
-21 18 -31 0
1 -23 34 0
32 -29 -35 0
37 3 -43 0
27 22 -15 0
-27 30 -13 0
40 13 28 0
14 -34 1 0
-28 27 35 0
37 -44 29 0
25 -19 16 0
-14 41 -35 0
-37 7 -26 0
-44 39 -22 0
21 34 -26 0
23 14 -5 0
29 13 12 0
-1 11 -39 0
10 -5 -35 0
10 25 9 0
-23 5 31 0
31 15 20 0
5 -32 -9 0
24 -32 -23 0
-42 36 -30 0
4 41 40 0
-18 -20 28 0
2 16 -27 0
-25 -20 -35 0
-17 -3 41 0
-33 -24 -15 0
-10 33 -43 0
-33 -6 -24 0
-3 5 30 0
2 -3 -44 0
-11 -19 24 0
7 18 20 0
39 -33 -7 0
7 -41 -4 0
35 -23 -17 0
-7 -36 -28 0
13 8 21 0
9 6 -29 0
-41 39 -35 0
-40 39 -45 0
-24 25 -26 0
1 -15 11 0
-26 -40 -25 0
-31 3 -13 0
-12 25 -15 0
23 11 41 0
34 -13 22 0
-36 -26 -14 0
39 30 28 0
-33 1 -9 0
27 35 26 0
-31 11 23 0
4 -38 -14 0
-24 -35 45 0
7 35 34 0
34 -3 -23 0
-32 44 41 0
11 -40 29 0
42 -7 8 0
-19 -11 -22 0
-33 5 34 0
25 -13 30 0
-8 41 42 0
-25 41 31 0
39 -24 -14 0
-12 -29 33 0
-21 -41 -40 0
-20 38 23 0
-29 -32 8 0
-43 -10 42 0
26 -18 30 0
14 40 12 0
4 13 25 0
-16 -6 -45 0
-21 10 -18 0
42 -38 -4 0
32 -10 -6 0
15 -11 -35 0
-29 43 -41 0
-20 25 -30 0
-8 -6 44 0
27 40 -4 0
-20 15 8 0
-42 -15 11 0
43 14 38 0
31 -32 27 0
-41 -45 -16 0
13 -23 37 0
35 9 22 0
22 15 -41 0
14 35 -28 0
44 26 -25 0
42 -26 18 0
-8 -23 42 0
-35 -17 -33 0
-42 -18 29 0
18 29 -9 0
-35 -26 10 0
27 -19 -7 0
11 14 35 0
-31 -17 -5 0
-11 41 3 0
-20 40 27 0
37 -14 -34 0
-42 -40 33 0
11 4 37 0
7 37 35 0
-4 -21 7 0
-9 43 23 0
39 42 11 0
7 -12 -16 0
37 21 14 0
45 22 37 0
-42 15 23 0
42 -35 -11 0
-2 -4 -34 0
-33 -27 31 0
8 30 -1 0
8 10 7 0
-33 19 36 0
-26 27 -45 0
30 39 42 0
13 -9 -17 0
26 -31 -22 0
-34 -1 -11 0
-3 24 14 0
-9 -45 41 0
-39 -17 1 0
