p 40 170
-8 -10 -22 0
9 -11 18 0
34 -25 -13 0
-36 -16 -32 0
-21 -20 -39 0
-5 36 -12 0
30 -24 33 0
25 -30 -20 0
-3 23 2 0
20 12 31 0
33 -34 -26 0
31 35 -39 0
11 14 -21 0
-4 -2 40 0
21 39 -2 0
-22 35 -8 0
29 -34 -39 0
14 -13 33 0
-7 -38 2 0
29 38 -16 0
-25 -28 38 0
-39 37 4 0
20 9 21 0
22 -32 11 0
-11 -33 -28 0
20 26 6 0
-26 -28 -6 0
15 12 -23 0
10 -1 33 0
34 36 28 0
-20 12 27 0
-17 1 28 0
-22 -19 -16 0
29 28 -39 0
-19 -38 6 0
25 8 26 0
25 12 20 0
-26 9 -33 0
12 31 -40 0
-10 -20 -24 0
-6 39 17 0
-7 -31 -30 0
-13 -31 -16 0
-8 30 22 0
9 19 -16 0
-22 -38 16 0
-5 -26 7 0
30 4 -15 0
-29 1 -16 0
20 18 36 0
20 -35 38 0
25 32 39 0
-38 -31 -36 0
37 30 16 0
-24 -27 -40 0
-27 9 -7 0
40 10 -37 0
1 26 20 0
-32 -5 -24 0
17 34 -21 0
-21 -12 13 0
4 -14 3 0
18 -14 -3 0
38 -36 23 0
5 -39 -38 0
19 -21 33 0
-35 -31 11 0
39 -13 -7 0
37 -21 -2 0
-9 -34 38 0
-21 -31 40 0
-39 32 -24 0
4 -11 27 0
-21 6 -20 0
-6 13 -26 0
-10 -14 32 0
-24 -22 -37 0
40 23 -26 0
-5 7 -37 0
-30 26 -33 0
34 2 20 0
38 -30 23 0
40 23 -31 0
38 28 -13 0
-34 5 20 0
-40 11 -30 0
-39 6 -21 0
24 12 -8 0
23 2 -31 0
-33 29 36 0
11 -9 -20 0
-15 39 36 0
-24 -11 17 0
23 -39 40 0
-13 -33 25 0
40 -2 23 0
-38 -19 -26 0
9 23 4 0
-3 17 30 0
3 -12 -29 0
40 -11 -31 0
36 -12 28 0
-23 26 7 0
11 34 36 0
-5 -2 -32 0
5 17 -35 0
-11 8 9 0
1 31 -11 0
-13 39 32 0
10 -38 -21 0
-39 24 -6 0
-23 16 -25 0
-15 -19 -26 0
-34 -16 -7 0
-9 25 -3 0
33 40 13 0
37 15 28 0
6 -20 -37 0
1 -39 -26 0
6 -12 15 0
-22 -37 -33 0
-19 -37 -14 0
12 17 -36 0
-2 -16 28 0
40 21 -29 0
-16 40 11 0
-23 10 28 0
1 30 3 0
22 1 20 0
36 33 -20 0
25 -36 -30 0
-21 7 14 0
-4 -37 2 0
-21 28 -18 0
15 37 -38 0
29 33 -34 0
-39 40 -16 0
-30 34 22 0
-9 -31 -24 0
-22 -23 2 0
-21 -33 1 0
15 9 34 0
1 -14 -37 0
10 22 -31 0
10 -28 -19 0
-12 1 -36 0
12 28 -13 0
-10 5 23 0
-30 35 33 0
-10 -37 14 0
-13 26 8 0
-27 32 -20 0
-15 14 -18 0
40 27 14 0
5 11 24 0
-23 -39 -15 0
-11 -22 37 0
-20 -11 -15 0
-40 2 -32 0
-25 -12 -30 0
-14 28 -20 0
28 3 -31 0
36 15 -17 0
-35 -37 -31 0
-26 18 21 0
-37 -7 -30 0
13 -39 12 0
-8 -18 -37 0
3 -13 9 0
-28 11 -32 0
