p 13 55
-8 13 4 0
-9 13 -11 0
4 -12 13 0
-10 -7 2 0
10 11 -5 0
-1 -4 -9 0
-9 -7 11 0
2 -10 -12 0
-13 -10 1 0
-5 3 -11 0
6 2 -10 0
13 -4 5 0
13 6 -4 0
-10 7 12 0
10 3 9 0
-8 -1 -3 0
-7 8 -11 0
11 -8 3 0
-11 -12 -4 0
6 -7 -3 0
-8 -3 -9 0
3 10 12 0
-9 2 -11 0
3 8 7 0
-10 -6 4 0
8 5 4 0
3 -13 4 0
12 -5 1 0
-8 5 -10 0
-2 -1 -8 0
-6 12 10 0
4 -2 -12 0
-13 -2 11 0
10 -4 -13 0
4 -7 10 0
5 -8 3 0
12 -8 7 0
7 -6 10 0
3 5 -6 0
-10 9 -13 0
-2 7 1 0
11 6 10 0
12 7 6 0
8 -13 7 0
6 -8 10 0
3 13 7 0
-1 12 -6 0
-6 9 11 0
-2 -8 9 0
2 8 -11 0
-6 7 -5 0
-3 1 2 0
-6 8 -3 0
1 -12 -11 0
-8 10 -7 0
