p 93 396
-83 -2 3 0
42 -54 -36 0
-82 72 -93 0
88 55 -44 0
16 -20 -61 0
42 62 8 0
79 -2 35 0
-55 -18 86 0
69 -57 6 0
-70 3 21 0
-77 56 -10 0
-18 58 69 0
89 -47 29 0
-65 -15 -50 0
-28 -3 42 0
-87 -48 74 0
-31 51 -15 0
-89 -43 88 0
-41 -37 50 0
78 60 70 0
-71 54 -59 0
-27 -81 55 0
26 -90 -37 0
68 8 -4 0
53 -9 -11 0
-74 -58 -66 0
78 18 43 0
45 74 79 0
43 -87 -38 0
-31 18 78 0
-34 66 65 0
13 42 -85 0
-15 -91 -79 0
89 -79 -33 0
13 60 -81 0
-91 22 6 0
4 -84 -62 0
64 -36 51 0
24 -90 -43 0
59 18 -72 0
4 -80 25 0
-14 65 -61 0
41 76 -55 0
53 -67 -31 0
38 -52 88 0
-34 -3 -43 0
-7 20 91 0
44 -9 -32 0
-52 -22 -89 0
-32 45 14 0
30 -29 -50 0
83 35 36 0
6 -51 -44 0
18 -1 -17 0
-38 28 77 0
-80 69 -92 0
-58 -34 -23 0
63 -77 -56 0
-30 -67 -69 0
-30 24 61 0
-56 3 15 0
-54 7 -70 0
41 45 22 0
-22 19 -37 0
-38 73 75 0
13 46 29 0
44 27 -17 0
71 -40 -16 0
-89 70 55 0
39 -61 -19 0
8 21 32 0
27 -8 -79 0
45 -73 30 0
-40 -19 71 0
-73 -7 -50 0
-25 -73 -68 0
-61 -56 75 0
53 -9 -81 0
93 -74 -21 0
70 -71 -75 0
-63 56 57 0
47 56 15 0
56 46 -59 0
-63 81 -90 0
-4 15 12 0
-88 -55 -89 0
-64 -1 49 0
-36 -54 -66 0
-51 46 -34 0
-2 -87 34 0
52 -36 65 0
-5 73 22 0
71 -23 -91 0
20 3 59 0
30 43 29 0
-62 -69 -52 0
43 -55 37 0
-47 11 69 0
-44 -72 -58 0
30 74 1 0
-83 -46 -64 0
26 34 39 0
-71 79 34 0
-22 23 93 0
66 -31 -72 0
-76 -16 -90 0
41 92 84 0
-80 -66 -68 0
-80 -71 84 0
7 50 -63 0
16 68 -49 0
-2 -1 54 0
-92 76 -21 0
25 21 61 0
27 -61 -88 0
-88 24 35 0
14 65 -36 0
-93 36 -31 0
5 28 55 0
-21 -5 35 0
-87 38 -80 0
-20 56 82 0
-1 27 59 0
68 54 23 0
-86 31 83 0
42 -33 84 0
17 -57 25 0
-27 -65 -7 0
45 64 47 0
56 -35 -40 0
26 -58 -4 0
-56 63 8 0
-67 19 89 0
-11 2 16 0
-18 -32 -11 0
16 56 -68 0
7 -70 73 0
76 9 -5 0
-19 -10 -41 0
15 -50 69 0
-20 32 17 0
-75 -12 8 0
-57 23 68 0
-71 -77 13 0
2 29 -65 0
-51 -30 -77 0
30 5 42 0
6 -27 20 0
83 91 14 0
-57 -1 -3 0
-39 -57 -45 0
-22 76 -5 0
31 -13 65 0
43 -22 9 0
-60 -26 40 0
51 4 30 0
12 85 -77 0
-18 55 80 0
23 65 42 0
52 -26 -74 0
61 84 28 0
-41 -78 58 0
-4 40 82 0
84 28 11 0
66 16 -93 0
-20 79 -23 0
61 67 -39 0
41 -19 -37 0
-67 50 37 0
16 79 -89 0
-4 21 -42 0
-55 27 52 0
-58 -83 -65 0
-92 69 90 0
-51 43 92 0
-35 -24 -33 0
-23 -13 -70 0
-89 -92 -11 0
61 -35 82 0
16 -32 -91 0
1 -34 -28 0
-19 59 -5 0
27 -56 83 0
59 29 27 0
-66 -54 -32 0
3 80 -54 0
54 75 46 0
5 37 21 0
-20 -84 -66 0
79 -50 -85 0
35 -18 69 0
-15 40 -17 0
59 -92 -39 0
-77 32 -56 0
50 1 -54 0
-91 68 -13 0
92 -3 -87 0
-86 -12 -79 0
2 54 8 0
-54 83 -10 0
87 8 22 0
-31 62 -34 0
62 -66 68 0
46 31 10 0
68 -33 35 0
5 80 23 0
22 42 -37 0
-73 -3 -7 0
-85 -90 -51 0
86 -23 -37 0
-41 78 -3 0
84 24 -1 0
58 38 3 0
74 -55 -7 0
-32 47 -45 0
-49 -11 -10 0
-88 -81 58 0
-18 69 -65 0
55 16 6 0
49 -83 31 0
-51 9 72 0
11 -29 -52 0
55 9 -36 0
-11 -10 -58 0
-32 68 -87 0
-12 52 -18 0
39 27 -2 0
-59 -10 -31 0
-37 -34 76 0
63 82 -27 0
60 -53 27 0
13 -2 27 0
-2 3 -48 0
-20 25 -61 0
43 25 86 0
39 8 57 0
71 85 28 0
-69 -60 33 0
-74 -35 -49 0
23 -54 -43 0
43 85 2 0
81 88 36 0
-61 -85 23 0
-55 81 -36 0
45 -12 5 0
-72 88 48 0
80 6 -78 0
31 -48 -35 0
59 -73 65 0
-66 20 60 0
80 39 3 0
-76 -45 27 0
-52 37 -75 0
47 -27 -69 0
-54 -47 62 0
-48 64 -57 0
-5 -75 -82 0
-74 -61 -12 0
83 -4 34 0
8 55 54 0
79 -14 -73 0
74 56 -38 0
76 -44 87 0
33 93 71 0
56 -40 -66 0
4 -93 -2 0
-57 65 -32 0
15 -18 -59 0
-48 29 -64 0
-72 -80 51 0
-65 39 -45 0
-40 -65 70 0
-54 38 46 0
-29 -34 14 0
-48 87 -27 0
-60 35 -51 0
71 47 29 0
83 -19 -90 0
14 56 -41 0
-67 -33 42 0
-73 17 41 0
-60 32 93 0
64 -85 -78 0
-23 -73 -16 0
28 55 80 0
-4 18 39 0
-59 67 -88 0
-78 53 83 0
-5 -90 -85 0
-19 8 -5 0
-88 15 -74 0
24 26 14 0
-32 -65 42 0
-34 2 9 0
-83 6 79 0
74 44 11 0
-91 89 -49 0
54 -41 80 0
-52 -25 23 0
-21 -22 -89 0
64 46 -23 0
-54 -89 -52 0
-17 92 43 0
80 -74 92 0
55 61 -81 0
85 65 30 0
-45 7 86 0
17 4 89 0
22 -60 30 0
-54 -1 15 0
-14 -42 -91 0
-6 -18 -2 0
-27 5 -13 0
-66 -42 -12 0
33 -21 35 0
-58 20 72 0
-24 28 -55 0
92 -18 66 0
-76 -93 25 0
12 74 -87 0
-39 -82 -70 0
2 17 40 0
-8 -91 -12 0
50 -44 -21 0
24 -63 46 0
69 55 -42 0
-66 48 -1 0
-22 -51 -37 0
-18 -73 -22 0
-86 -56 -69 0
-35 30 93 0
-7 88 81 0
-15 -50 -37 0
36 22 -33 0
73 -35 -30 0
89 -92 47 0
-82 18 -50 0
78 26 34 0
38 -33 -90 0
-46 -58 85 0
-70 5 -76 0
53 -51 87 0
66 65 63 0
56 -55 -73 0
53 15 -84 0
27 85 -69 0
47 58 12 0
-57 -89 12 0
-69 -39 81 0
35 40 -43 0
26 50 -72 0
-70 -13 72 0
17 90 -27 0
89 -28 25 0
33 49 91 0
77 -62 64 0
13 16 54 0
2 -61 67 0
10 -7 27 0
20 -71 11 0
-75 -82 -35 0
-23 1 47 0
22 -29 -33 0
74 -32 -63 0
-92 -5 61 0
-90 -74 41 0
-41 28 -15 0
69 -82 3 0
-49 43 23 0
71 -73 33 0
22 17 64 0
49 29 -18 0
19 53 -50 0
-28 18 54 0
11 9 -88 0
71 -85 -9 0
60 -36 3 0
-8 63 -16 0
-2 80 -50 0
46 -7 -24 0
17 -66 -6 0
48 -75 -6 0
35 63 52 0
64 65 39 0
42 47 -39 0
-35 -33 90 0
-52 22 7 0
21 -5 93 0
1 -8 80 0
-68 65 -46 0
58 41 1 0
-88 -60 -81 0
-65 -8 71 0
30 -20 -2 0
52 -3 76 0
20 -85 -26 0
