p 35 149
-34 -13 7 0
-14 -18 -24 0
18 12 -19 0
-33 17 -2 0
31 17 -11 0
31 -25 -7 0
-23 -4 1 0
6 -15 32 0
-4 22 -16 0
15 35 -12 0
-1 3 9 0
27 4 22 0
-34 26 27 0
-9 -8 -33 0
20 35 7 0
-7 -4 -21 0
25 -15 -12 0
-18 33 -26 0
-20 -25 -5 0
-29 13 3 0
-17 -9 30 0
4 5 -8 0
26 -33 25 0
10 -26 20 0
11 -8 -1 0
-10 -28 -3 0
11 17 -6 0
11 9 -4 0
21 -17 26 0
30 8 24 0
35 13 33 0
-16 8 29 0
-33 -17 21 0
-17 33 -12 0
11 -6 26 0
-28 -7 27 0
-26 10 -30 0
33 -7 6 0
-28 -11 -6 0
-24 3 -31 0
21 -35 7 0
-29 26 -24 0
-5 -14 25 0
-29 -24 -13 0
-19 -35 16 0
31 -35 20 0
-29 24 15 0
-11 -12 -17 0
23 30 16 0
-16 -18 -1 0
17 20 5 0
2 -33 13 0
1 34 11 0
6 16 -18 0
-16 17 14 0
13 20 7 0
13 -18 -5 0
-34 1 -8 0
30 -10 -22 0
-19 -22 25 0
34 19 -17 0
15 -3 -19 0
8 -6 25 0
32 3 2 0
26 -34 10 0
18 33 -26 0
-30 14 -6 0
20 32 4 0
29 21 -6 0
-6 -9 -7 0
-17 4 -2 0
34 3 9 0
-21 -29 -18 0
15 -8 7 0
-6 8 13 0
4 -27 -23 0
34 -19 -28 0
2 -24 -13 0
18 4 22 0
18 -31 -21 0
-12 -27 24 0
-32 -33 25 0
-13 29 -14 0
-10 22 3 0
5 -8 -12 0
4 22 -2 0
29 -30 -14 0
-6 -3 12 0
11 4 -7 0
8 3 5 0
5 -33 -12 0
9 3 -35 0
-11 15 22 0
-8 19 18 0
-20 -1 23 0
-35 -10 -25 0
28 -33 -25 0
-20 -10 25 0
9 18 35 0
-15 21 -25 0
18 -13 -9 0
18 23 13 0
32 29 4 0
28 14 -17 0
14 9 26 0
-33 26 15 0
32 -33 -18 0
11 32 -19 0
4 -35 19 0
-16 18 -10 0
-26 -19 -4 0
-10 -12 -26 0
-24 -28 32 0
-16 25 27 0
6 34 -13 0
23 18 2 0
2 18 -33 0
31 -12 3 0
3 -29 1 0
-21 22 4 0
-11 -18 2 0
3 8 -4 0
-22 21 9 0
31 17 32 0
-31 29 14 0
23 31 -6 0
-22 -24 13 0
-29 1 -8 0
21 12 -1 0
-33 3 12 0
-13 26 18 0
11 28 -4 0
18 -25 34 0
-14 -12 26 0
-1 -26 27 0
19 -10 12 0
-29 -10 35 0
-9 16 23 0
27 -4 34 0
-24 -4 10 0
-13 -15 -11 0
-19 23 -35 0
-35 14 -7 0
17 -8 15 0
17 -13 27 0
15 -18 19 0
9 23 26 0
9 -24 4 0
-1 31 20 0
