p 22 93
-9 21 -6 0
-9 5 4 0
-22 -3 -17 0
-6 -8 -19 0
-20 -10 -22 0
-1 20 -5 0
-7 -12 -18 0
-17 9 -22 0
-6 -9 -1 0
-5 -2 -3 0
22 18 4 0
-4 -14 -8 0
-18 7 -3 0
-14 -8 21 0
15 2 6 0
-16 -21 19 0
8 -7 -16 0
1 7 4 0
16 13 4 0
-14 16 -13 0
21 -20 6 0
-3 9 12 0
-9 15 19 0
-17 14 -15 0
14 -8 -12 0
-15 11 3 0
-19 -16 3 0
13 9 -10 0
5 21 20 0
12 -5 -2 0
-3 9 -19 0
-6 7 -16 0
4 10 -1 0
-22 -10 -14 0
-17 -11 22 0
5 7 3 0
14 -17 -21 0
12 -5 -9 0
-7 -8 19 0
-19 -3 14 0
-17 -11 9 0
15 14 3 0
-18 9 12 0
-16 -7 19 0
-19 -7 -14 0
-12 -22 9 0
2 -8 -15 0
-20 10 11 0
-5 -18 -21 0
18 -16 -17 0
13 4 12 0
20 -1 8 0
-22 2 3 0
1 -7 12 0
-13 -19 -20 0
15 13 -17 0
5 -17 8 0
-9 2 -19 0
22 7 5 0
9 2 -12 0
-7 19 9 0
13 -20 7 0
17 7 -10 0
-8 -5 21 0
-4 -3 20 0
5 -1 4 0
10 12 -2 0
-16 -21 -2 0
-20 13 -21 0
18 9 -12 0
-15 10 14 0
-21 -3 -9 0
-11 4 12 0
-1 9 21 0
-16 -7 -20 0
8 -21 -17 0
15 -6 -18 0
-14 -11 18 0
-18 12 -15 0
21 -20 -7 0
-14 -10 15 0
9 -18 14 0
2 12 -19 0
-7 19 -18 0
13 -20 9 0
5 11 -14 0
-5 -14 9 0
-8 6 -10 0
14 18 21 0
-15 -8 -13 0
-20 -19 -4 0
-7 16 -20 0
9 4 -6 0
