p 16 68
8 -13 -7 0
-16 -3 15 0
16 -11 10 0
8 13 15 0
-10 -16 -13 0
12 5 15 0
8 1 11 0
-15 7 -1 0
2 16 7 0
13 4 -11 0
3 15 6 0
-1 9 -4 0
-14 2 -9 0
2 -7 -3 0
-11 10 1 0
9 -1 -7 0
11 -7 14 0
10 12 9 0
10 1 -7 0
-7 1 -10 0
-10 -7 -8 0
1 -9 14 0
-5 13 14 0
-3 -16 1 0
8 -5 11 0
13 9 15 0
-1 4 -13 0
14 -10 -2 0
9 15 -8 0
7 -2 -16 0
9 11 -6 0
16 -12 14 0
-16 -10 -14 0
4 -10 -3 0
1 10 2 0
-9 -13 8 0
7 4 3 0
4 -2 15 0
3 -10 -5 0
-2 6 9 0
7 11 10 0
-5 -1 7 0
2 -10 13 0
7 3 10 0
1 -7 4 0
-5 -9 8 0
12 -2 -6 0
6 16 1 0
12 7 1 0
-14 -16 -7 0
-11 5 -2 0
-1 -7 15 0
10 11 1 0
-12 3 -15 0
10 -12 -13 0
7 15 3 0
-7 -13 -11 0
-11 5 7 0
10 1 -15 0
-14 -10 -4 0
4 -16 -13 0
-8 10 6 0
-13 6 10 0
14 12 -1 0
-13 8 5 0
-10 12 9 0
12 7 9 0
-3 11 -15 0
