p 59 251
-41 -30 58 0
-1 31 -4 0
-32 -47 13 0
36 -39 -56 0
36 17 14 0
-32 45 6 0
-21 34 -10 0
16 47 -27 0
-12 -6 -4 0
-53 -25 -38 0
50 7 57 0
-46 -36 -48 0
-23 -22 -42 0
50 -30 -56 0
-33 23 -54 0
-16 -56 -53 0
-22 -41 59 0
33 40 8 0
-50 41 -39 0
-2 37 42 0
-59 -23 -52 0
-13 43 -9 0
49 43 27 0
-52 -16 -25 0
40 -33 4 0
44 3 -28 0
55 -9 43 0
13 -2 52 0
-43 18 -34 0
43 27 -51 0
-50 3 -37 0
4 45 -11 0
-33 -40 2 0
15 -26 -1 0
5 1 14 0
-37 -32 26 0
-37 -10 -50 0
33 -42 -37 0
45 20 36 0
25 -3 11 0
-2 22 -50 0
48 -3 -33 0
-20 6 -27 0
32 4 18 0
2 -18 47 0
10 4 3 0
18 45 31 0
39 46 28 0
28 -24 -45 0
51 -48 -28 0
-10 -45 23 0
38 -12 24 0
48 -57 -33 0
40 -1 19 0
41 -58 -46 0
-41 50 4 0
-35 -40 55 0
-19 -4 36 0
27 -52 -43 0
-41 -28 -58 0
-35 -4 24 0
-34 -42 36 0
-37 52 -9 0
-56 -47 -53 0
-5 59 58 0
-35 -24 49 0
-10 -53 -1 0
-28 3 45 0
-1 -22 -4 0
-12 42 -15 0
-46 43 2 0
-33 -41 12 0
-48 -12 28 0
33 28 -48 0
-25 56 -34 0
46 15 48 0
38 41 -32 0
-54 -26 -35 0
-33 -23 -1 0
-40 -28 39 0
45 24 21 0
-24 -22 3 0
-31 -51 52 0
-56 17 -7 0
-42 39 -50 0
-36 12 33 0
33 37 23 0
-49 -21 -20 0
-4 -16 8 0
43 46 -39 0
2 -8 56 0
48 -32 49 0
-32 -34 42 0
33 -8 -48 0
-24 -8 52 0
6 -1 17 0
-44 -42 45 0
-33 46 -36 0
-45 50 5 0
-16 15 -52 0
-53 -43 33 0
-38 -51 -28 0
-9 13 35 0
54 -41 19 0
28 -8 -11 0
37 31 47 0
-44 10 17 0
-22 10 18 0
5 -58 -27 0
-16 2 13 0
-10 -23 -45 0
-22 -5 -54 0
11 -44 25 0
12 55 -31 0
35 1 7 0
5 46 15 0
40 32 -14 0
55 57 15 0
18 -2 -5 0
11 18 -48 0
39 46 -53 0
54 30 24 0
18 -40 -31 0
-24 -45 -15 0
-43 13 -28 0
-43 31 -40 0
-4 8 29 0
-21 23 -39 0
13 20 39 0
55 -50 -4 0
-22 -42 26 0
51 12 -36 0
36 2 4 0
13 -23 -11 0
-49 54 -18 0
27 22 -14 0
56 57 2 0
-45 -53 35 0
-54 16 37 0
-17 -46 59 0
-8 -39 -48 0
3 -22 -37 0
-23 -34 -44 0
30 42 -41 0
-4 -37 -59 0
-14 -2 -3 0
-25 7 43 0
-28 -23 13 0
46 -6 -37 0
36 38 7 0
49 48 -46 0
46 24 25 0
-4 -8 13 0
45 -38 16 0
3 -24 51 0
-20 47 50 0
40 28 43 0
5 -17 -53 0
-24 -23 -54 0
30 -11 57 0
-26 10 41 0
54 -59 -53 0
49 -15 -2 0
16 -44 36 0
-52 42 -5 0
-9 28 -6 0
-1 50 58 0
21 39 27 0
22 -2 -16 0
16 -43 -45 0
-39 -1 38 0
8 20 -7 0
-2 -48 59 0
-1 32 7 0
37 -32 20 0
-55 -23 26 0
-58 24 -51 0
32 5 35 0
56 -51 -8 0
4 45 52 0
39 -8 30 0
-23 37 54 0
36 48 -38 0
59 58 -26 0
-45 -7 50 0
55 42 -19 0
-41 -39 10 0
34 39 42 0
2 46 -3 0
-58 49 23 0
-13 -47 3 0
50 29 -11 0
-43 15 -28 0
-28 7 -57 0
-19 -31 -41 0
-7 42 54 0
3 -45 -52 0
45 38 -15 0
8 28 51 0
26 -57 13 0
-39 -32 37 0
12 -40 -44 0
-1 9 -29 0
59 42 34 0
-15 51 46 0
-33 10 -27 0
-2 41 -24 0
20 -6 -9 0
-32 31 -48 0
41 7 4 0
21 44 -20 0
31 -11 5 0
4 -42 -17 0
29 47 -40 0
30 -2 13 0
-2 -54 28 0
8 -32 45 0
-20 -32 34 0
18 -19 -3 0
3 -51 -49 0
-58 -38 51 0
-18 2 20 0
46 11 50 0
-47 38 58 0
-52 6 -17 0
-24 -23 -25 0
-44 51 4 0
45 -47 57 0
-49 -14 -40 0
-49 7 -9 0
-6 16 35 0
-26 -16 25 0
-45 4 15 0
5 -32 46 0
22 -6 -24 0
-33 22 36 0
1 6 -40 0
52 -57 -26 0
5 2 -59 0
21 7 -11 0
36 -4 -12 0
21 -7 -56 0
-8 -29 45 0
-15 59 9 0
-17 54 -43 0
-29 -7 42 0
48 -5 -11 0
12 11 -19 0
-8 -6 16 0
36 -32 -23 0
31 40 -54 0
