p 30 127
-7 9 25 0
-14 6 8 0
-23 -4 -12 0
-11 15 -12 0
27 6 -30 0
-17 -25 -15 0
-9 -19 -20 0
-15 -14 -8 0
18 -14 -17 0
17 28 18 0
-6 -22 -20 0
28 -19 -17 0
21 8 23 0
-2 8 -14 0
24 -18 26 0
13 23 29 0
23 20 -6 0
17 2 -11 0
-5 27 6 0
-6 30 -10 0
6 -19 27 0
-10 7 5 0
30 -29 16 0
-16 20 5 0
-17 -21 -15 0
24 -7 -3 0
22 3 -23 0
-28 5 -13 0
-2 -27 26 0
-16 -19 -11 0
25 -17 7 0
-9 21 -16 0
4 -10 23 0
27 -1 23 0
20 -17 10 0
-6 -10 -15 0
2 25 27 0
13 -26 9 0
20 -19 -4 0
17 -7 13 0
14 -3 25 0
-9 11 -21 0
-18 -27 13 0
-29 -20 11 0
-28 5 12 0
-27 -21 10 0
-14 21 16 0
9 -17 4 0
-27 19 26 0
5 -2 -26 0
4 -13 -23 0
29 7 -6 0
7 -9 -30 0
-23 -3 5 0
-8 2 -3 0
9 -18 28 0
12 19 -24 0
-28 -16 -26 0
9 19 -18 0
-17 22 24 0
-1 -20 21 0
-1 -27 25 0
4 -11 5 0
-2 -11 -26 0
22 25 -28 0
-7 -14 24 0
25 -18 21 0
25 12 -8 0
-7 -8 -26 0
20 -4 27 0
3 -13 18 0
-12 -10 9 0
30 -17 -20 0
-7 18 29 0
4 13 -3 0
27 -8 -7 0
-15 16 6 0
-23 -21 -25 0
-20 24 15 0
19 22 -23 0
15 -27 -20 0
-11 21 14 0
-15 9 -24 0
18 -22 -1 0
-6 18 -29 0
-15 -6 19 0
-7 -16 -22 0
-10 28 -23 0
-16 19 -8 0
-21 22 -5 0
-25 6 10 0
-11 13 -20 0
30 -23 16 0
21 -11 -1 0
3 5 -30 0
-21 26 9 0
26 20 9 0
10 19 30 0
-25 19 4 0
7 20 -28 0
23 -27 25 0
-7 -10 4 0
-22 -16 -14 0
-22 12 13 0
-3 10 -23 0
-12 7 30 0
15 -22 4 0
-28 21 26 0
7 -1 8 0
-26 2 29 0
27 -4 13 0
10 -16 15 0
12 -30 29 0
23 -13 21 0
-9 2 -29 0
-17 26 15 0
4 9 -25 0
4 7 22 0
19 7 10 0
-17 5 -19 0
4 8 -18 0
23 -8 1 0
25 28 24 0
11 2 21 0
-29 10 11 0
-12 -7 16 0
13 -18 -27 0
