p 31 132
22 -9 -20 0
-31 -30 2 0
-19 1 29 0
-31 12 21 0
13 17 21 0
-19 -23 17 0
18 17 -8 0
5 -22 23 0
2 4 -20 0
1 -6 -25 0
-25 -30 -29 0
-27 5 -13 0
-31 24 -3 0
-18 28 -27 0
20 -6 -3 0
-1 6 -3 0
-3 5 -2 0
-26 8 -12 0
20 23 15 0
29 31 -8 0
1 -8 -12 0
-21 -27 16 0
-28 -16 17 0
-23 11 -29 0
-9 -12 14 0
10 -21 9 0
-24 6 -28 0
4 -2 -22 0
11 -29 -26 0
11 -27 -24 0
24 -13 -5 0
9 -4 -19 0
27 1 -31 0
24 26 -4 0
-17 8 15 0
-30 21 -28 0
-30 -20 -7 0
3 -25 4 0
12 24 9 0
30 23 -3 0
3 -15 -16 0
-31 11 15 0
14 30 -9 0
5 -7 -15 0
-6 14 7 0
-11 19 7 0
24 -9 30 0
5 23 -9 0
22 -23 -6 0
-14 3 5 0
24 19 2 0
-25 -27 -29 0
10 7 16 0
-2 24 11 0
9 3 -1 0
13 23 -7 0
26 -1 20 0
12 -16 14 0
-27 5 -11 0
-9 -12 16 0
-4 23 -25 0
-4 -25 -12 0
-9 31 -10 0
5 -4 26 0
22 13 15 0
30 19 -5 0
-23 -18 25 0
27 -17 11 0
29 -11 -7 0
-16 30 -8 0
-12 14 20 0
-20 3 7 0
-28 1 29 0
21 6 -14 0
22 -18 -8 0
3 12 13 0
10 6 -30 0
22 -2 -31 0
31 7 23 0
-23 -28 18 0
-22 31 -28 0
-23 12 31 0
26 -24 -5 0
30 -15 7 0
-24 -23 -10 0
23 -16 -29 0
5 -17 -12 0
-19 -18 22 0
-11 -12 -1 0
-5 -7 17 0
29 -11 19 0
20 15 -10 0
-22 -10 -15 0
-9 -1 21 0
15 4 -28 0
23 -11 6 0
9 -21 -7 0
14 1 -24 0
30 22 -3 0
-12 -22 -31 0
22 -12 -30 0
-19 -13 9 0
3 30 -17 0
12 -6 -26 0
-20 10 -28 0
3 -21 -16 0
-27 16 -15 0
-17 4 -18 0
-7 23 -5 0
-5 -1 -6 0
-28 5 -31 0
-10 -13 -6 0
-19 -21 31 0
24 30 -13 0
19 -15 -9 0
6 -11 29 0
-17 -21 -16 0
-18 30 17 0
-29 9 -31 0
-15 -19 18 0
-20 21 -2 0
29 7 -30 0
-10 -16 19 0
8 26 -20 0
12 -26 1 0
-13 -29 4 0
1 -7 19 0
11 29 14 0
2 -18 -1 0
-15 18 -30 0
-13 -19 -27 0
-7 -15 -18 0
