p 28 119
18 12 25 0
-18 13 -19 0
-3 -23 -1 0
-5 -1 26 0
25 27 -13 0
-17 20 -25 0
18 -1 7 0
-25 -26 28 0
12 -5 -11 0
-16 -3 -18 0
-17 -6 10 0
17 8 -26 0
-17 -4 21 0
-17 26 -23 0
-2 -21 -17 0
-9 27 -10 0
-20 13 26 0
27 6 -25 0
13 -7 -3 0
9 21 25 0
-10 -24 7 0
-23 -5 14 0
-4 16 -8 0
20 11 5 0
-10 11 -2 0
14 -15 -6 0
-20 3 2 0
-6 26 -3 0
-14 -11 15 0
-6 -18 -5 0
12 23 -18 0
13 -4 23 0
14 -7 17 0
-9 -28 -25 0
19 25 -6 0
-14 -23 9 0
1 27 -10 0
-15 28 -3 0
7 -2 21 0
-9 6 17 0
-27 17 -16 0
-21 -18 6 0
20 -22 27 0
9 -19 17 0
24 21 27 0
24 -10 -20 0
3 -4 -5 0
6 26 -17 0
24 21 2 0
25 21 -16 0
-7 -5 2 0
23 12 4 0
21 -11 -7 0
-6 9 -7 0
-14 17 23 0
-4 21 -26 0
-1 28 -7 0
-3 -25 14 0
-11 1 -28 0
-4 7 19 0
26 28 24 0
13 -18 7 0
6 5 -14 0
3 -22 9 0
16 -25 -28 0
-4 17 20 0
7 24 19 0
-10 15 -22 0
-11 -27 -16 0
23 -25 -2 0
-6 -7 8 0
16 23 25 0
26 20 27 0
10 -23 16 0
-4 2 13 0
-1 -20 26 0
-21 24 -9 0
-6 -22 11 0
21 -16 -15 0
18 8 6 0
-11 -17 10 0
12 28 21 0
-15 -24 -11 0
27 3 1 0
7 28 23 0
-23 -25 -3 0
-21 27 -18 0
-18 28 3 0
-2 -13 -9 0
6 -3 13 0
10 -26 17 0
-17 -28 -20 0
-26 11 2 0
-14 -16 2 0
4 -19 -6 0
-23 -9 -19 0
-25 1 9 0
-5 -20 10 0
-16 9 -4 0
14 -24 9 0
7 -13 17 0
6 22 -5 0
2 5 23 0
-13 26 -5 0
24 -17 28 0
-15 22 -14 0
22 3 -11 0
-18 13 -25 0
-5 26 -19 0
-14 13 -10 0
2 12 15 0
6 -22 7 0
15 28 12 0
-23 -22 16 0
20 10 14 0
21 24 13 0
26 27 11 0
1 -24 8 0
-9 -5 -17 0
