p 65 276
31 26 -51 0
58 44 -50 0
-11 -43 -46 0
-14 -31 23 0
-13 -25 11 0
65 48 40 0
64 -11 1 0
-59 49 -54 0
56 -28 -11 0
27 -37 5 0
-51 -53 -8 0
-57 46 -19 0
15 -38 -7 0
-23 -56 8 0
44 -55 -37 0
5 -4 -1 0
-21 45 -52 0
-2 64 27 0
-46 15 -14 0
53 -35 27 0
26 30 64 0
60 -47 -15 0
38 -22 30 0
55 65 25 0
-34 -15 49 0
2 26 58 0
-61 47 31 0
-13 -61 3 0
41 29 44 0
25 -1 2 0
65 60 -8 0
6 -56 -57 0
-63 48 -11 0
32 33 -56 0
-6 9 18 0
-34 -57 -21 0
45 -1 26 0
17 -11 14 0
-43 -64 49 0
-2 -10 -36 0
-24 -47 11 0
44 -12 50 0
57 47 -32 0
58 -41 15 0
44 31 -65 0
-16 -11 18 0
24 56 -25 0
-37 -49 59 0
17 -23 43 0
-10 20 32 0
49 -63 52 0
-43 -33 -29 0
44 26 52 0
6 -37 -58 0
50 23 -42 0
-29 25 -50 0
25 51 -33 0
52 2 -56 0
-52 -42 -39 0
35 -53 41 0
-47 -51 -45 0
-15 50 -46 0
39 -45 23 0
-11 14 24 0
62 41 -21 0
26 -18 17 0
-45 1 6 0
23 -49 17 0
-61 -22 59 0
-32 -31 59 0
-27 52 32 0
4 -47 -55 0
23 49 -33 0
-46 -26 -14 0
-4 2 34 0
18 -39 4 0
7 -52 40 0
-29 -46 -36 0
45 -34 56 0
54 -46 51 0
61 -22 14 0
23 -7 30 0
-9 -52 55 0
25 41 -59 0
36 -60 47 0
24 -27 4 0
23 -51 -58 0
-12 -24 -56 0
-51 -44 -50 0
-58 -20 49 0
5 -35 3 0
35 -24 -23 0
-6 -5 36 0
-1 -47 -65 0
17 -41 54 0
-18 -7 6 0
-8 45 -58 0
3 -2 -14 0
-48 51 22 0
-16 -34 15 0
-20 -42 -51 0
12 -37 55 0
16 42 -59 0
-13 63 -39 0
38 -54 -13 0
9 -30 -6 0
-58 6 -8 0
-63 -39 56 0
19 2 -11 0
63 52 -64 0
9 -56 1 0
62 -52 24 0
41 51 7 0
30 -61 47 0
24 54 -45 0
-56 -43 50 0
8 55 -20 0
60 -63 -2 0
59 -34 -32 0
-19 -28 -6 0
13 -34 48 0
55 -9 -32 0
13 -40 30 0
-11 56 26 0
3 36 -53 0
27 -60 -9 0
-48 -41 -4 0
65 -55 -49 0
-32 -25 13 0
61 15 41 0
-62 41 7 0
1 2 -41 0
-56 52 -22 0
55 53 -9 0
-65 -41 46 0
10 -29 -50 0
-5 -43 -11 0
39 59 -53 0
-63 -50 -45 0
55 -19 -59 0
-33 -50 -14 0
-9 -63 -34 0
52 -43 22 0
17 -56 -30 0
33 54 -4 0
-9 1 28 0
-32 -38 -62 0
-65 19 10 0
-11 13 25 0
-17 -40 -24 0
-19 32 56 0
44 61 23 0
-15 8 -29 0
-62 -19 36 0
43 -24 -7 0
12 53 2 0
-21 -55 44 0
59 -30 37 0
-56 -31 27 0
-31 60 44 0
28 -2 -65 0
-50 17 10 0
21 23 -1 0
52 17 -18 0
-11 -49 63 0
-42 -63 -8 0
23 -26 -36 0
46 -19 29 0
64 -19 62 0
33 -8 53 0
-7 28 42 0
2 21 52 0
-42 23 -17 0
-21 -24 -16 0
38 -59 5 0
63 6 -8 0
59 27 -13 0
6 34 -22 0
13 65 -43 0
30 -4 40 0
39 2 -37 0
49 46 55 0
17 -32 62 0
-56 8 -42 0
-14 -29 54 0
4 5 6 0
-46 47 16 0
-45 4 -27 0
-46 -40 12 0
17 44 4 0
-61 23 -64 0
61 -39 20 0
-10 27 42 0
62 -22 -6 0
18 28 62 0
11 27 30 0
-61 -26 6 0
65 -1 30 0
-19 32 7 0
4 -5 -55 0
-16 -45 64 0
46 18 -59 0
19 -35 37 0
56 -27 60 0
55 -9 -36 0
-10 -61 -62 0
-40 -39 -51 0
-18 22 62 0
9 38 41 0
-30 -25 47 0
45 53 -7 0
22 28 26 0
-26 -14 -48 0
-1 -11 -65 0
24 -5 -23 0
-5 36 65 0
-41 -63 2 0
62 -50 -38 0
63 -35 -7 0
4 46 21 0
60 26 -8 0
26 22 -56 0
36 -28 -34 0
47 58 -35 0
62 -22 60 0
-6 59 42 0
41 32 56 0
-26 27 35 0
38 -2 -59 0
30 55 52 0
1 40 -45 0
60 35 24 0
53 -62 55 0
45 43 54 0
32 54 -47 0
47 -8 -54 0
-40 34 -37 0
-34 20 43 0
43 -55 -3 0
-34 64 24 0
25 31 38 0
-18 -55 -54 0
-29 -26 -41 0
27 63 34 0
-42 -13 -64 0
31 29 -10 0
-38 51 41 0
-34 64 -48 0
28 8 51 0
-59 26 -1 0
-55 -19 30 0
50 -54 33 0
-49 19 1 0
31 -18 -19 0
-62 65 -47 0
-58 -36 -63 0
-62 16 20 0
15 -13 28 0
-21 57 -8 0
-16 -64 40 0
60 18 58 0
-63 -15 39 0
-36 -15 -18 0
54 53 35 0
-65 -28 62 0
53 47 25 0
46 18 64 0
-59 -7 -19 0
36 7 25 0
-51 56 48 0
-36 -8 -41 0
11 54 -41 0
56 19 65 0
-37 -27 30 0
-57 51 -63 0
58 -51 -8 0
