p 29 123
17 -2 10 0
-11 -25 -2 0
-28 -4 -3 0
23 7 -28 0
-27 2 -12 0
-12 27 -15 0
9 -11 6 0
7 -18 29 0
20 17 -8 0
-26 6 23 0
28 -11 -8 0
-15 -18 -2 0
22 -7 15 0
-28 -18 11 0
6 -28 14 0
-7 19 -28 0
20 -24 -27 0
-24 -28 -21 0
12 -20 -24 0
7 21 22 0
-19 16 -24 0
27 13 -25 0
8 -19 11 0
-23 -3 -28 0
3 2 -22 0
-4 13 10 0
-10 28 -26 0
9 -18 -19 0
-21 5 -6 0
6 -15 17 0
27 3 13 0
22 -14 15 0
-10 -4 -24 0
1 -25 -7 0
9 19 -21 0
-18 14 16 0
14 -24 6 0
-19 22 -23 0
6 -24 -21 0
12 -13 -24 0
-25 6 -4 0
-5 3 -18 0
24 -6 22 0
19 -29 -23 0
23 -9 -17 0
-1 -7 2 0
12 3 13 0
-5 13 2 0
17 23 25 0
-4 -10 -3 0
22 12 20 0
12 -21 3 0
-11 7 17 0
-7 -1 10 0
11 24 3 0
-29 13 23 0
12 -19 25 0
11 6 -27 0
12 13 2 0
-11 -2 26 0
28 10 -25 0
-20 19 9 0
-22 14 19 0
13 5 -14 0
-20 -8 -15 0
12 -7 24 0
-16 -17 15 0
12 18 9 0
12 -20 -15 0
-2 -7 -10 0
-18 26 12 0
3 23 -18 0
-11 17 21 0
7 24 -22 0
-28 8 -2 0
20 16 28 0
-16 4 11 0
13 -15 -9 0
-13 -29 9 0
9 8 16 0
-13 -29 7 0
-13 -12 -25 0
-9 -21 -20 0
8 14 22 0
22 29 9 0
10 2 -8 0
25 -9 8 0
-19 -1 -5 0
3 13 -4 0
-9 -6 7 0
28 22 2 0
-3 -16 2 0
-28 -4 -17 0
-1 -11 6 0
-13 22 -2 0
-8 3 21 0
2 29 19 0
-23 -8 15 0
9 14 24 0
-7 19 -1 0
-14 29 13 0
24 -1 23 0
-29 -28 -9 0
-28 -7 -13 0
7 21 10 0
-12 24 17 0
12 8 14 0
24 9 -12 0
-13 -23 10 0
10 9 -7 0
-25 14 10 0
25 7 -18 0
26 19 16 0
16 -1 20 0
15 1 20 0
-12 -1 -6 0
5 27 -17 0
26 21 10 0
14 6 -8 0
10 -25 1 0
-2 29 15 0
2 6 -15 0
11 -4 -3 0
