p 99 421
15 -39 -16 0
-49 -58 66 0
93 -25 88 0
98 6 96 0
19 91 -77 0
52 -78 75 0
-61 92 -25 0
76 -77 82 0
-33 -2 47 0
-13 -2 43 0
-34 -51 86 0
-27 -28 33 0
8 11 21 0
14 -6 -48 0
9 -88 -21 0
33 57 -4 0
62 -44 -80 0
-73 50 52 0
-58 -24 79 0
46 13 -69 0
60 63 22 0
76 -1 -91 0
52 -48 -80 0
23 -11 -35 0
-4 -88 -73 0
-71 -15 -93 0
-57 -85 70 0
-84 -92 -39 0
-36 9 -34 0
-17 -73 -99 0
-37 92 42 0
-42 -32 -54 0
5 -42 -18 0
-65 -54 -63 0
-58 -74 28 0
75 41 -81 0
-47 35 94 0
-67 95 -83 0
34 36 -65 0
-28 -67 43 0
-16 6 -86 0
6 -16 15 0
-95 35 31 0
51 50 -47 0
-70 37 79 0
75 62 83 0
43 -41 93 0
-31 22 -98 0
-18 11 16 0
32 56 -74 0
3 84 66 0
-85 -24 -14 0
56 -42 -17 0
45 -10 86 0
-31 -90 -2 0
-79 -33 41 0
20 -86 3 0
-14 42 8 0
7 38 -18 0
98 67 -16 0
12 53 92 0
-8 83 76 0
5 -40 20 0
17 -30 64 0
-86 -28 37 0
-38 -8 -90 0
-63 85 17 0
63 98 9 0
19 -52 -16 0
-90 98 78 0
50 96 -12 0
-96 -71 60 0
62 -7 67 0
97 -38 94 0
-26 -84 -48 0
71 -68 44 0
-23 44 87 0
-24 62 67 0
-91 49 63 0
-96 -33 -22 0
95 -4 -82 0
64 31 -87 0
38 73 29 0
54 -18 89 0
38 -85 12 0
26 -72 -37 0
-91 80 68 0
-52 -95 -94 0
-58 33 -13 0
32 -70 -62 0
-50 -28 -3 0
20 55 -86 0
-70 55 -6 0
-97 90 -55 0
42 -86 15 0
-42 -72 96 0
44 10 29 0
-23 -58 -41 0
92 -57 -15 0
-12 8 2 0
98 82 79 0
-89 90 73 0
30 35 16 0
-69 61 56 0
-96 -8 57 0
-16 -62 -36 0
82 93 34 0
79 84 34 0
-62 -55 30 0
-91 74 23 0
-10 34 -2 0
-44 -10 -98 0
-96 3 -64 0
-81 -86 26 0
-77 -13 8 0
-61 -90 63 0
-92 42 -6 0
57 -24 55 0
73 28 50 0
-46 -50 57 0
43 -52 61 0
90 54 -34 0
-68 44 -69 0
-54 39 -15 0
53 30 -1 0
-76 42 59 0
-86 15 -67 0
28 6 38 0
-50 20 68 0
-20 91 -9 0
-2 -90 -16 0
-1 -5 -35 0
-58 74 -29 0
9 43 -24 0
96 -39 -24 0
7 -99 13 0
-31 63 43 0
14 24 -12 0
-97 92 34 0
-91 -84 22 0
8 -41 -73 0
-64 97 -5 0
-31 -67 88 0
-19 51 94 0
-49 -10 76 0
-64 -37 16 0
45 -51 13 0
67 78 71 0
57 -38 81 0
-64 -24 23 0
-98 -19 -79 0
-67 -50 86 0
-17 77 -98 0
68 -12 24 0
-27 86 -74 0
-36 -22 -67 0
-33 -39 -68 0
36 -62 -27 0
-99 -38 31 0
-84 37 99 0
87 -42 -44 0
-59 -27 -67 0
27 98 -6 0
52 35 -40 0
-75 35 -33 0
-88 -49 64 0
43 -48 26 0
-28 68 95 0
67 -89 -99 0
-66 76 79 0
75 42 23 0
14 69 -77 0
-82 -10 18 0
92 -77 -20 0
-68 -82 -30 0
-88 56 -48 0
-87 -8 -64 0
31 93 51 0
95 23 -20 0
98 -40 -37 0
-44 -34 83 0
29 5 -81 0
64 49 -75 0
-51 3 -88 0
55 -65 2 0
-38 93 67 0
57 -45 85 0
41 20 -34 0
-63 -42 -92 0
-6 40 -42 0
85 -58 23 0
-26 68 -57 0
54 67 -83 0
-63 -97 -59 0
96 69 -35 0
-92 -84 73 0
74 48 96 0
-72 -83 85 0
-25 35 -97 0
52 41 95 0
-2 -96 -98 0
31 20 65 0
-21 -35 55 0
39 -60 -51 0
-88 91 10 0
-72 22 -30 0
-74 9 75 0
-46 91 35 0
-91 -77 -20 0
-99 -79 -51 0
4 -44 72 0
-23 70 -13 0
57 -9 53 0
19 4 -69 0
59 10 15 0
-33 -74 -38 0
40 59 35 0
-57 33 -75 0
95 66 -29 0
66 -5 -51 0
67 -97 -57 0
-58 87 -76 0
88 87 -60 0
-73 -29 93 0
-86 38 10 0
17 -10 25 0
-60 -57 -6 0
46 -89 -23 0
-57 26 55 0
79 14 -97 0
58 13 -65 0
-14 34 71 0
-65 28 -52 0
11 53 -27 0
66 27 -54 0
-80 74 93 0
-78 -12 95 0
-81 72 -43 0
-30 91 -60 0
-64 83 94 0
-93 96 25 0
-9 -57 95 0
-48 -26 6 0
3 -12 81 0
94 -40 29 0
45 55 30 0
90 75 -45 0
25 76 74 0
-21 -28 -15 0
36 89 -43 0
-29 -98 58 0
50 73 -74 0
24 -34 -45 0
-41 51 93 0
-85 77 -84 0
-10 -33 19 0
30 -63 -15 0
-14 -30 87 0
-57 75 41 0
-1 53 -72 0
82 15 -83 0
43 -94 -67 0
88 -47 -7 0
-29 -24 -86 0
-93 -27 30 0
-95 -45 79 0
-41 -77 46 0
-64 78 74 0
73 -79 -70 0
-56 57 40 0
-95 46 10 0
93 38 25 0
-64 55 -17 0
-11 -28 48 0
-94 -58 87 0
56 53 -85 0
84 13 45 0
56 -40 -75 0
-69 97 20 0
80 -47 -17 0
-54 -72 -90 0
-13 66 96 0
78 74 76 0
-14 65 -50 0
-97 33 -67 0
90 11 74 0
-69 -7 -83 0
60 9 4 0
-38 36 -40 0
-45 89 82 0
19 47 -88 0
-95 -43 7 0
25 -46 -50 0
-59 77 48 0
84 10 36 0
-58 63 66 0
28 41 62 0
3 -35 89 0
-55 -30 -34 0
69 8 63 0
89 -8 -75 0
11 32 10 0
24 -7 -16 0
46 92 -83 0
60 97 -40 0
-48 65 28 0
48 -59 -87 0
73 6 -16 0
29 64 -6 0
-90 -74 -92 0
17 -89 31 0
-26 -19 59 0
-87 -62 -95 0
12 74 -15 0
6 -79 21 0
-63 7 -42 0
95 61 27 0
-77 95 -27 0
-60 25 57 0
65 -71 89 0
25 -37 63 0
-10 -28 -37 0
93 86 -28 0
-4 36 -90 0
76 55 49 0
-15 -48 77 0
93 -79 -94 0
-55 35 -24 0
29 -88 -80 0
93 41 -57 0
9 32 54 0
-59 -14 -80 0
85 -50 -61 0
-52 47 77 0
48 -23 -89 0
-11 30 -17 0
70 -69 56 0
17 47 -75 0
-83 -71 -46 0
-44 22 -55 0
1 -67 36 0
24 -83 15 0
-94 -52 -14 0
-61 -28 -11 0
25 70 62 0
81 68 92 0
87 4 -20 0
96 90 -27 0
-87 82 10 0
-17 44 49 0
69 99 18 0
-15 35 -30 0
-99 -8 79 0
-44 20 45 0
67 -93 26 0
-87 -54 -1 0
-2 -18 -68 0
-98 2 29 0
-3 -35 -75 0
-88 -76 -44 0
3 99 -51 0
68 31 77 0
13 80 38 0
32 -16 80 0
55 58 30 0
48 -13 -80 0
95 -3 78 0
-87 -25 50 0
66 -95 -97 0
-96 21 73 0
92 -47 13 0
-75 -18 29 0
-55 -50 77 0
-57 -93 -67 0
94 -8 -80 0
97 -82 -22 0
5 -51 -34 0
77 -43 -9 0
88 -60 -97 0
-7 -81 -34 0
48 77 -43 0
81 97 62 0
13 14 -95 0
-30 33 63 0
81 -45 -34 0
-28 51 -15 0
20 87 31 0
58 62 -3 0
-29 58 62 0
98 -22 39 0
-94 67 37 0
-56 42 17 0
-15 69 -21 0
-49 -68 72 0
23 61 19 0
-22 58 -55 0
55 19 -24 0
-92 54 -62 0
-67 -28 -91 0
38 -60 -31 0
-67 -1 5 0
79 5 -10 0
61 86 25 0
-18 45 -13 0
-97 85 -9 0
-8 68 -15 0
-89 5 67 0
-83 59 -14 0
-98 -75 99 0
-72 -8 70 0
-25 14 -26 0
-33 57 -6 0
72 4 11 0
74 53 63 0
-21 69 -35 0
-87 8 88 0
-6 -12 -63 0
55 4 -94 0
65 66 67 0
52 44 7 0
50 96 52 0
