p 12 51
4 11 9 0
12 2 8 0
4 -9 -1 0
-10 4 1 0
9 -11 2 0
9 10 -8 0
6 -12 5 0
6 -4 7 0
-12 -6 11 0
9 -3 8 0
6 9 -4 0
11 2 -9 0
-10 -6 4 0
-11 -1 5 0
-9 6 5 0
4 -12 -8 0
-4 -12 8 0
9 6 2 0
8 10 1 0
8 -2 11 0
5 -11 3 0
12 -11 -9 0
5 7 -10 0
2 -6 -5 0
7 6 9 0
8 12 -9 0
-4 12 -5 0
-6 -10 8 0
-11 10 -6 0
-12 8 -10 0
-6 7 -2 0
2 -12 10 0
-7 -12 -9 0
-12 10 -11 0
2 12 10 0
7 6 -1 0
-9 4 -12 0
11 12 3 0
6 -7 4 0
8 1 -6 0
-6 -9 -3 0
-2 11 4 0
-9 -11 -1 0
12 -3 1 0
5 9 -4 0
11 7 -4 0
-12 -8 1 0
6 10 -4 0
5 1 10 0
12 3 -1 0
9 11 4 0
