p 14 59
8 3 -1 0
-1 13 4 0
-13 -7 -12 0
-12 8 10 0
-2 -7 -10 0
14 -5 -12 0
-12 8 -4 0
2 -12 5 0
-2 -12 -11 0
-2 14 -11 0
5 4 8 0
5 7 2 0
-10 -12 -8 0
12 -3 -10 0
8 -5 -12 0
-10 6 -1 0
4 -14 -5 0
1 -12 9 0
9 -7 12 0
-14 -2 5 0
7 -1 5 0
-10 -5 -4 0
-9 -11 12 0
3 9 7 0
2 3 1 0
-1 -3 7 0
-2 8 12 0
3 6 14 0
2 -6 13 0
10 5 7 0
-5 4 -10 0
8 -3 6 0
-8 10 1 0
6 13 -2 0
-5 4 13 0
-14 -5 2 0
-11 12 13 0
6 1 12 0
-11 -7 -10 0
-4 -3 -12 0
5 -13 -10 0
-9 -6 -11 0
-10 12 4 0
-11 -10 4 0
-9 -10 4 0
5 -8 13 0
-7 12 -4 0
5 3 -14 0
-4 13 5 0
9 -10 8 0
-8 9 -7 0
1 3 -5 0
8 -1 10 0
-7 8 -6 0
-14 3 12 0
12 -14 9 0
1 10 -7 0
-13 -6 9 0
7 11 -14 0
