p 79 336
77 -66 -61 0
70 -10 -50 0
70 60 76 0
23 51 -20 0
53 1 49 0
-38 20 -13 0
6 -18 13 0
44 11 1 0
-19 -69 -20 0
-64 -3 -27 0
43 -26 78 0
53 4 -3 0
60 48 1 0
53 10 33 0
44 61 21 0
52 -10 -22 0
63 -10 20 0
72 -1 -28 0
-20 50 -63 0
-62 -19 -42 0
60 63 -26 0
-32 66 10 0
13 39 19 0
-28 -79 58 0
27 28 -54 0
71 -58 47 0
-42 -14 -56 0
77 -6 -44 0
40 57 8 0
-41 40 1 0
-15 40 54 0
-16 -73 41 0
-24 68 40 0
71 65 -77 0
-49 -3 -18 0
64 71 17 0
48 49 55 0
-14 71 -68 0
-56 1 25 0
-12 19 -78 0
14 -38 29 0
-39 -70 -75 0
-19 -71 -61 0
38 -72 21 0
-59 -65 -45 0
-33 47 56 0
17 19 43 0
78 39 3 0
22 -9 -23 0
-65 -77 -66 0
58 52 73 0
8 -62 -16 0
19 -26 62 0
40 -50 46 0
-6 -21 -46 0
68 -20 72 0
-52 -30 25 0
2 34 60 0
16 48 -50 0
-8 20 -37 0
-45 26 -54 0
-18 8 -17 0
65 -43 -39 0
-23 14 17 0
-56 8 13 0
-16 27 -60 0
-40 22 -2 0
-5 24 8 0
-69 -14 42 0
-9 -58 -6 0
57 29 40 0
44 -53 11 0
-46 -40 44 0
-30 -14 -63 0
-11 2 -47 0
28 46 -43 0
-70 55 -28 0
-65 49 73 0
37 73 30 0
13 -22 -39 0
-67 -50 14 0
-43 -3 -31 0
66 -28 -42 0
-7 75 16 0
61 50 32 0
-31 23 -2 0
77 -68 30 0
-49 -33 58 0
-13 -53 62 0
-53 -74 -77 0
-32 17 -72 0
-28 -12 -72 0
4 -23 37 0
55 75 -2 0
-74 -18 51 0
-37 -45 -69 0
-74 16 -65 0
19 -22 -8 0
-29 11 -19 0
-23 -4 45 0
4 37 53 0
-57 -33 -49 0
5 -19 54 0
32 9 -40 0
25 -69 9 0
10 -67 -76 0
78 -36 -71 0
-41 -43 -55 0
-58 26 -8 0
-32 62 -73 0
-68 39 -56 0
-44 46 20 0
-78 -5 -65 0
-11 -63 62 0
47 27 -3 0
-50 -40 -31 0
20 4 -26 0
73 6 -43 0
45 -47 44 0
-64 70 69 0
-55 28 -71 0
-73 -75 52 0
-63 -67 38 0
33 20 34 0
57 21 -18 0
67 -74 -30 0
40 10 26 0
10 19 44 0
56 39 10 0
52 59 -24 0
62 -67 12 0
59 -64 -73 0
36 53 22 0
-26 -56 19 0
-9 -1 -23 0
61 1 -64 0
12 36 40 0
-75 70 9 0
10 42 -48 0
-30 -23 18 0
-61 -79 39 0
13 48 -77 0
17 -74 -23 0
-68 33 -69 0
45 48 13 0
12 -62 25 0
42 -25 -63 0
-38 -15 65 0
68 -23 19 0
45 2 15 0
-67 3 17 0
-17 -39 43 0
-21 -15 69 0
66 -74 -26 0
-5 -17 -48 0
73 -13 -4 0
-16 34 48 0
-52 -70 12 0
48 76 -33 0
-57 15 44 0
35 4 7 0
-44 68 29 0
-64 -1 -65 0
-65 -11 2 0
-15 33 32 0
25 5 -69 0
31 22 -25 0
40 -72 -79 0
-10 -78 79 0
-31 34 -75 0
-10 -35 -22 0
58 -72 -65 0
-43 -5 67 0
-15 25 -41 0
71 -20 -79 0
68 -71 -73 0
-55 -35 8 0
-20 -14 -3 0
-40 -22 -58 0
-12 6 73 0
-9 5 -68 0
-4 18 -40 0
-57 77 7 0
-5 -67 23 0
14 68 1 0
-4 30 -22 0
-40 -49 -52 0
25 48 -22 0
-10 13 -17 0
-36 1 71 0
65 -32 8 0
-31 -77 24 0
66 -49 71 0
-15 -12 -38 0
54 -11 62 0
-50 -37 35 0
-29 -10 -55 0
37 -10 75 0
-27 4 -14 0
-19 -36 -79 0
-78 -10 77 0
-54 17 -71 0
2 43 -21 0
8 -49 -67 0
-57 72 22 0
14 21 -56 0
-21 -8 -12 0
-19 -22 29 0
-71 -34 67 0
-54 -58 42 0
78 6 -40 0
-53 -20 -30 0
77 -48 -71 0
-26 -44 -46 0
4 -59 -5 0
3 -41 -40 0
-22 3 -28 0
-30 -16 -23 0
73 -35 79 0
-41 -16 1 0
31 -15 -29 0
70 -40 2 0
-2 32 -13 0
-6 51 -7 0
47 26 -32 0
25 62 2 0
43 -79 33 0
-71 -10 63 0
-49 56 35 0
66 -15 52 0
18 -5 16 0
74 -52 -69 0
60 -9 -13 0
52 -13 -50 0
24 30 -44 0
66 -62 -5 0
59 54 47 0
2 -10 72 0
-63 22 68 0
62 27 -11 0
-2 32 -9 0
3 -61 69 0
-58 20 -1 0
-53 -23 66 0
25 -17 -22 0
78 18 46 0
-62 -64 39 0
-66 3 -64 0
-73 -25 -4 0
68 72 58 0
73 -23 -62 0
46 -31 -64 0
-54 -16 15 0
-57 24 -53 0
62 -65 -38 0
74 -67 46 0
43 -37 -41 0
6 37 75 0
22 -40 62 0
-71 -59 64 0
-10 72 33 0
4 -14 -20 0
-11 71 -20 0
75 -59 -78 0
-15 -48 57 0
53 27 -41 0
75 43 14 0
72 -36 78 0
77 2 57 0
62 -14 -73 0
-37 24 71 0
73 -5 -28 0
-41 -26 45 0
59 -22 -79 0
-30 19 -60 0
-63 -58 16 0
24 -12 -2 0
24 35 78 0
42 51 3 0
47 -64 -58 0
76 -14 -58 0
13 -53 41 0
74 -47 -79 0
-18 -43 63 0
-1 -77 7 0
72 45 20 0
-16 -74 -27 0
-44 -38 -3 0
-48 30 -68 0
32 44 -28 0
-24 -64 -46 0
67 -18 -31 0
-33 77 -25 0
-77 67 12 0
-17 -67 2 0
5 -79 23 0
34 -63 57 0
4 -66 -35 0
38 46 30 0
-21 16 10 0
-76 77 -28 0
-70 -27 5 0
-13 -3 24 0
-25 -46 -48 0
69 47 -26 0
-7 36 -19 0
-35 -7 51 0
44 67 20 0
60 -7 -38 0
44 8 -75 0
4 -29 -41 0
33 34 69 0
-68 -7 71 0
25 -47 -23 0
-61 79 54 0
23 77 36 0
16 54 -9 0
44 56 53 0
8 44 7 0
-68 -67 -1 0
72 78 -11 0
45 4 79 0
68 59 -61 0
12 -35 5 0
-20 -29 9 0
-35 71 41 0
-70 58 67 0
-48 -15 -40 0
-33 1 -32 0
48 9 -21 0
-56 -48 -2 0
-69 24 40 0
-42 -35 23 0
69 -8 -71 0
-76 -66 21 0
69 -21 7 0
