p 18 76
-5 -15 8 0
-6 11 9 0
3 2 4 0
-9 17 -15 0
13 -1 -18 0
-17 13 16 0
-11 17 3 0
-11 -5 10 0
5 -9 7 0
13 7 -2 0
-6 5 -15 0
3 10 -2 0
-15 -14 5 0
-6 -18 13 0
-10 -9 14 0
11 12 -3 0
8 13 5 0
17 3 -5 0
-1 -9 -10 0
16 10 -13 0
9 8 10 0
-12 15 -9 0
3 16 -15 0
10 -7 -18 0
-5 -11 10 0
15 11 4 0
-8 6 9 0
-17 -4 -9 0
-7 17 -15 0
13 -10 -5 0
4 2 6 0
-12 2 -10 0
-9 3 -17 0
9 -6 -14 0
-18 9 15 0
9 -8 13 0
6 4 1 0
16 -3 -2 0
-2 -18 17 0
16 5 -10 0
1 -5 3 0
-14 6 8 0
12 3 17 0
-5 14 11 0
-16 5 11 0
16 17 -14 0
-2 -9 15 0
2 -16 -18 0
6 -11 -1 0
8 11 -17 0
-4 -17 3 0
11 -2 -8 0
-5 8 -9 0
18 -3 16 0
13 10 -7 0
-3 -9 14 0
-7 -16 -8 0
15 14 -8 0
-17 -6 1 0
-7 5 10 0
10 -16 -3 0
9 -12 -11 0
18 17 -3 0
-4 -14 -9 0
-10 -5 15 0
-14 17 1 0
-1 -2 -10 0
-6 -3 9 0
-2 -14 -5 0
17 -8 6 0
-17 15 -8 0
-13 -5 -9 0
12 10 9 0
4 15 7 0
-17 11 9 0
7 -13 11 0
