p 81 345
18 46 67 0
-17 -34 37 0
-41 79 -72 0
-37 -49 -78 0
34 -54 68 0
-79 67 12 0
-35 2 20 0
80 28 20 0
-70 -43 34 0
19 -49 -65 0
77 59 -64 0
-72 -53 -74 0
-16 -49 -66 0
44 9 52 0
-51 -9 -39 0
-20 11 10 0
36 -1 -29 0
-66 53 -45 0
61 -56 60 0
-53 -8 44 0
24 64 -37 0
-13 -47 48 0
9 -43 -37 0
68 29 -7 0
35 80 14 0
75 17 25 0
-57 29 70 0
-32 30 -39 0
-46 -39 72 0
-44 63 58 0
52 -21 -17 0
-72 -8 -61 0
-19 60 -56 0
9 73 24 0
46 -78 -19 0
34 6 -64 0
-38 -11 -48 0
-13 -48 -69 0
69 -10 -30 0
-57 -12 -38 0
32 12 29 0
-31 61 5 0
12 40 77 0
14 -72 -40 0
-62 -33 36 0
68 -5 54 0
-69 -37 45 0
49 2 -47 0
-62 38 -56 0
3 9 32 0
-28 -25 -43 0
40 -73 56 0
69 -61 -55 0
27 -38 -69 0
13 -11 -38 0
3 11 -7 0
56 -29 3 0
29 21 -64 0
-41 37 76 0
-63 8 -70 0
-59 -5 -73 0
33 41 63 0
39 32 -67 0
-32 -51 69 0
-57 -76 -44 0
-69 -12 -24 0
29 54 -15 0
32 -46 77 0
81 47 7 0
-16 70 -52 0
9 -14 8 0
71 4 -28 0
-37 79 -55 0
-47 51 -23 0
52 -11 3 0
66 -64 79 0
36 10 35 0
47 29 63 0
-25 -61 -72 0
75 80 55 0
-62 -1 32 0
76 17 51 0
-38 71 -47 0
4 -31 -57 0
-45 79 -44 0
12 -20 -22 0
46 39 -40 0
78 37 45 0
3 -25 46 0
-13 -5 2 0
36 53 20 0
39 75 17 0
57 28 27 0
-15 -61 -22 0
-33 -9 -8 0
-73 10 -25 0
-39 -74 42 0
-71 -9 16 0
57 -28 -35 0
27 20 -37 0
-34 -51 23 0
-30 52 43 0
-64 62 -13 0
-51 59 22 0
36 27 -61 0
-46 81 -24 0
14 31 49 0
-47 15 23 0
35 -70 2 0
-51 12 58 0
22 -67 -15 0
-38 -19 -3 0
16 -24 61 0
-26 10 -51 0
48 -69 4 0
13 -26 -72 0
-45 -22 -58 0
-52 -54 44 0
16 76 14 0
64 21 22 0
80 32 34 0
-12 -21 -27 0
31 -50 36 0
40 4 80 0
-26 9 21 0
27 28 53 0
-19 9 -81 0
-36 18 -45 0
-1 65 60 0
-50 -76 -29 0
17 -16 -77 0
7 77 -32 0
-9 73 13 0
7 56 57 0
-60 -13 -3 0
17 10 -22 0
-20 -28 66 0
-74 27 60 0
-58 -75 1 0
-18 -32 -30 0
35 17 -9 0
-74 -57 80 0
-48 -17 -77 0
41 50 4 0
73 62 61 0
-51 -6 -70 0
-10 30 -59 0
54 49 -22 0
-53 28 -47 0
-26 40 -47 0
78 73 34 0
67 -29 16 0
2 16 62 0
19 -17 -39 0
45 17 56 0
-23 -78 77 0
19 -41 -61 0
-44 3 -31 0
16 -14 -55 0
74 2 28 0
71 -24 54 0
75 19 -21 0
-15 50 -36 0
-46 59 -39 0
-67 36 -11 0
5 17 16 0
15 68 -14 0
-37 31 32 0
23 28 -62 0
70 63 -46 0
74 10 -42 0
-56 57 -75 0
-4 44 78 0
21 -77 22 0
45 -64 -47 0
-68 -2 62 0
-47 -20 -50 0
-65 63 25 0
-1 67 69 0
45 -75 7 0
-10 4 62 0
21 8 -24 0
24 -60 -53 0
-70 50 25 0
-34 38 76 0
-70 59 -60 0
-14 2 23 0
-49 -39 55 0
-9 62 -37 0
-66 -68 -67 0
-64 53 25 0
-3 -28 -61 0
29 34 67 0
-79 30 -45 0
39 -2 6 0
-12 27 54 0
-49 67 33 0
-51 -71 36 0
49 74 16 0
-19 46 -73 0
40 -49 30 0
50 6 -67 0
16 17 -22 0
78 35 53 0
6 -14 -19 0
-28 23 -34 0
62 -12 46 0
52 -49 -27 0
30 47 -15 0
-80 -65 37 0
62 -65 33 0
16 41 -28 0
44 -32 65 0
31 -26 56 0
60 24 -61 0
-61 64 -53 0
-56 -57 6 0
31 30 -58 0
5 -38 30 0
-48 1 21 0
49 38 -61 0
-24 -46 60 0
60 29 47 0
-19 58 -35 0
27 44 40 0
12 81 3 0
-13 -73 12 0
-20 -9 -26 0
-80 -16 -47 0
50 17 -10 0
-77 38 46 0
-56 54 -77 0
56 -8 11 0
4 -55 -34 0
-74 -53 -29 0
-62 71 -25 0
25 66 -19 0
-77 -62 -2 0
22 -68 -29 0
50 12 3 0
58 -48 20 0
-69 -18 42 0
51 35 45 0
20 -28 13 0
-57 3 46 0
69 -47 66 0
-23 12 -55 0
-80 -73 59 0
22 37 -47 0
57 -40 -72 0
24 44 -33 0
38 -80 22 0
-38 40 69 0
17 79 -27 0
30 78 -14 0
39 16 -23 0
-27 44 -28 0
31 13 -49 0
-79 -77 -29 0
-17 -48 43 0
69 16 12 0
8 14 -68 0
-34 -35 26 0
-9 11 4 0
58 -70 54 0
36 -38 -68 0
-38 -81 -60 0
-33 -18 72 0
-15 -6 -31 0
6 -76 -20 0
31 54 66 0
-47 36 -66 0
80 7 1 0
71 -48 58 0
9 -53 -72 0
3 24 -4 0
5 64 -44 0
6 -41 19 0
-64 2 35 0
-54 -32 23 0
-5 -29 13 0
-61 76 74 0
18 -34 23 0
14 74 -30 0
-23 81 1 0
-31 46 5 0
46 41 -50 0
-11 -8 30 0
-69 -31 74 0
79 2 16 0
30 42 -8 0
23 59 1 0
-36 20 53 0
70 24 -57 0
36 -78 23 0
23 -39 76 0
10 62 -41 0
-50 78 71 0
-29 57 -41 0
-3 8 33 0
-74 41 34 0
-57 64 -46 0
28 70 -20 0
78 51 -11 0
57 -70 -74 0
28 21 -6 0
22 -59 -58 0
80 75 24 0
26 -33 59 0
74 27 -49 0
-47 46 5 0
46 26 79 0
-52 -35 61 0
-64 -69 -52 0
-42 -70 1 0
-37 33 65 0
17 58 43 0
67 -23 -36 0
2 78 3 0
-26 9 59 0
7 -58 -9 0
13 79 -55 0
-38 75 77 0
-67 -73 65 0
-42 39 25 0
42 74 68 0
78 -38 37 0
12 17 53 0
31 -66 7 0
-55 -57 -72 0
-67 80 17 0
15 46 -7 0
-59 -15 -3 0
11 23 -71 0
-72 -49 -53 0
-55 -76 64 0
39 -75 7 0
-53 78 70 0
7 1 13 0
15 63 -53 0
-70 -63 -54 0
18 64 3 0
-54 29 6 0
-75 -43 3 0
63 -53 60 0
