p 62 264
54 62 -29 0
-21 32 52 0
9 16 -38 0
-15 -62 -20 0
39 -53 -5 0
-38 -61 40 0
25 -13 6 0
-62 -19 42 0
-21 -16 23 0
18 39 48 0
57 -1 -24 0
51 42 32 0
6 -37 52 0
-24 25 41 0
-60 6 49 0
-28 58 52 0
-9 -61 -2 0
-51 -52 62 0
15 -59 -29 0
-61 35 -34 0
-3 49 34 0
-62 9 -20 0
5 -35 -16 0
-27 22 -52 0
-48 -62 34 0
9 27 -38 0
-11 9 25 0
41 -35 58 0
41 -27 -43 0
-1 -37 -3 0
8 10 14 0
59 31 -18 0
46 47 33 0
49 -53 35 0
-17 -54 -31 0
-2 1 -29 0
56 -35 -32 0
23 -5 -51 0
-2 -16 22 0
44 57 36 0
11 -18 -62 0
35 25 46 0
58 -59 -16 0
-13 8 31 0
-56 37 22 0
-26 50 29 0
-43 -21 50 0
36 24 14 0
-26 6 -35 0
-24 -31 15 0
-23 54 -20 0
34 38 -20 0
47 62 19 0
2 -24 -30 0
-18 31 39 0
-1 27 -16 0
-26 39 -25 0
-37 -41 9 0
-1 -50 -52 0
21 17 28 0
43 -47 -32 0
53 57 -3 0
16 38 1 0
57 46 -12 0
-35 -56 45 0
-13 -51 -25 0
-5 38 -55 0
8 27 56 0
-7 31 -54 0
32 31 26 0
50 20 -58 0
48 3 -51 0
-50 24 -62 0
22 11 -1 0
-38 1 49 0
42 45 14 0
15 62 -28 0
-16 62 46 0
-2 52 -33 0
56 -16 -21 0
-24 -57 6 0
10 -40 -42 0
22 -5 -16 0
-58 6 36 0
7 60 -13 0
-20 -56 -33 0
61 -53 -27 0
48 30 52 0
-28 4 -23 0
48 -20 4 0
-4 -25 46 0
-44 32 28 0
54 -32 49 0
-35 29 50 0
-47 18 -31 0
22 -48 -46 0
39 32 27 0
-57 -27 37 0
-53 -38 33 0
38 -16 -51 0
-36 -3 -28 0
-59 -16 54 0
-33 1 29 0
-58 47 1 0
45 39 60 0
54 52 -58 0
14 -19 33 0
59 -48 -5 0
-50 37 16 0
-40 -10 5 0
-54 25 24 0
32 -8 21 0
-61 -42 54 0
28 -7 27 0
37 -31 19 0
25 8 26 0
13 -37 40 0
-21 -37 60 0
49 15 -46 0
-53 -33 59 0
-9 37 11 0
44 -58 11 0
50 -41 55 0
-42 8 -41 0
-45 -42 -38 0
4 -25 13 0
-25 38 -49 0
-54 9 -45 0
-25 -62 33 0
1 54 17 0
6 13 42 0
-57 48 13 0
-59 29 17 0
15 58 26 0
56 -39 45 0
61 15 19 0
19 -33 29 0
10 -8 47 0
6 -25 -40 0
39 40 -24 0
-61 19 13 0
6 -13 -32 0
23 51 25 0
35 9 4 0
46 -15 -8 0
17 60 -42 0
-17 8 54 0
25 -45 60 0
-18 -9 36 0
-59 -1 8 0
-10 -22 32 0
13 -32 -28 0
-4 -58 -37 0
7 -18 -13 0
-36 20 -12 0
42 -7 34 0
40 -11 -46 0
50 -45 -14 0
-51 -3 17 0
49 52 55 0
14 -6 19 0
37 39 -56 0
-46 45 -58 0
-24 -57 -31 0
-47 11 24 0
6 3 -32 0
52 -30 10 0
48 -49 -39 0
43 1 -50 0
-3 -56 -27 0
32 47 5 0
-49 -10 -39 0
-43 24 57 0
-9 -25 29 0
20 48 37 0
41 14 26 0
-46 -20 25 0
-28 -44 -32 0
-21 -39 32 0
-45 62 36 0
18 -24 -26 0
40 -44 2 0
-32 -54 -31 0
16 55 -18 0
7 -55 -31 0
-50 23 30 0
4 -11 34 0
11 49 -31 0
32 56 -46 0
-9 -37 22 0
29 12 -4 0
-14 15 12 0
-46 -23 10 0
8 27 -31 0
6 28 27 0
8 42 -14 0
60 54 28 0
-22 -56 36 0
-40 18 56 0
37 -49 -40 0
47 -49 1 0
-46 45 62 0
46 -34 50 0
27 30 29 0
5 53 -10 0
58 -35 51 0
-57 28 -7 0
-23 37 46 0
-36 16 33 0
-24 -50 10 0
27 -62 -29 0
23 6 20 0
-6 56 -61 0
-31 51 -2 0
-21 54 52 0
14 -30 3 0
57 38 31 0
-62 -5 49 0
-1 -41 -58 0
30 49 -47 0
18 -47 17 0
-3 -47 -32 0
15 51 37 0
-38 -3 26 0
-43 -58 8 0
-23 -9 19 0
55 -30 -11 0
-26 -7 5 0
37 -21 49 0
-17 -5 -47 0
34 -12 -38 0
13 45 -56 0
33 -60 -17 0
14 -61 52 0
-31 -5 -24 0
8 -49 -39 0
25 -51 -4 0
-48 -46 -23 0
48 -36 -29 0
39 -37 -28 0
-32 -11 15 0
-12 24 -62 0
14 -43 -30 0
-57 -38 41 0
-41 -46 33 0
3 48 4 0
-40 14 6 0
51 32 -13 0
19 31 -33 0
22 6 55 0
58 -26 -60 0
-47 28 33 0
-12 32 -43 0
51 -41 -45 0
-8 -55 47 0
56 46 -5 0
-6 41 -49 0
-41 6 -30 0
61 -21 3 0
-49 4 57 0
8 60 32 0
-7 -45 6 0
-42 53 -3 0
-18 27 47 0
