p 91 387
-40 11 -89 0
-43 -40 -63 0
-86 -54 32 0
84 36 33 0
-45 77 67 0
69 64 -34 0
63 85 -72 0
-79 -50 87 0
-16 -40 18 0
-10 -25 68 0
-21 14 60 0
41 -48 28 0
66 -1 -55 0
-61 -60 -11 0
71 -57 -50 0
-82 56 -40 0
-34 81 -37 0
-15 18 21 0
-79 -27 -11 0
-27 33 8 0
-51 49 -15 0
-7 -64 -8 0
-46 67 18 0
-14 -69 39 0
22 -73 -19 0
-82 14 39 0
-79 63 -58 0
-64 22 -75 0
-18 -9 35 0
-38 15 1 0
-30 47 -88 0
-38 10 14 0
-62 2 49 0
-68 -12 -4 0
-42 -4 -59 0
-64 -74 9 0
-11 20 91 0
25 -55 -80 0
-42 22 61 0
-61 -82 31 0
-76 -48 -36 0
-23 -45 10 0
-12 86 3 0
86 -64 -15 0
-50 -25 35 0
19 13 -81 0
9 -47 69 0
-11 87 60 0
-77 44 40 0
-39 50 -58 0
71 -66 -55 0
-58 2 83 0
45 -27 -13 0
40 -74 -46 0
6 68 -11 0
-46 -55 -62 0
87 27 74 0
46 82 67 0
14 24 46 0
44 77 57 0
-39 -26 17 0
-29 87 33 0
40 -2 18 0
26 -3 -15 0
-33 -83 -12 0
-29 -30 17 0
-76 -4 -90 0
-51 -56 -34 0
-15 -42 37 0
85 -7 -45 0
27 31 7 0
41 -31 -59 0
-65 7 -51 0
34 -86 -72 0
-66 13 -9 0
57 51 20 0
-38 7 26 0
-74 -9 -88 0
-75 -69 88 0
-71 -17 -78 0
83 8 -13 0
-43 25 -56 0
-17 -14 20 0
56 87 50 0
69 -70 -23 0
-27 3 33 0
58 -46 4 0
-88 -22 51 0
9 -43 48 0
-28 -9 32 0
-5 -63 -64 0
-4 -6 51 0
90 -25 59 0
-69 -32 -76 0
57 -23 -29 0
51 -14 -64 0
-9 36 -17 0
-31 -56 -38 0
-36 -2 58 0
60 37 19 0
68 -59 -40 0
-50 52 -91 0
-31 -53 62 0
-37 53 84 0
-60 -51 -6 0
28 39 11 0
22 24 -91 0
40 74 24 0
90 83 -54 0
-5 59 -70 0
54 34 -64 0
5 -62 -87 0
82 39 -7 0
-52 -73 47 0
-63 6 -40 0
-12 83 -81 0
7 8 90 0
-8 77 52 0
77 73 -69 0
78 63 -65 0
-20 -74 -58 0
-86 20 25 0
86 -47 88 0
70 -62 6 0
44 -42 -18 0
69 -67 32 0
-8 -52 54 0
-9 -79 -67 0
88 81 -49 0
-39 61 -59 0
24 50 -52 0
-72 20 -88 0
50 62 18 0
-42 89 8 0
49 -16 82 0
-33 -63 78 0
12 54 38 0
39 42 88 0
-47 41 -87 0
-29 16 30 0
30 -91 28 0
17 9 -13 0
-64 25 89 0
64 19 -6 0
-10 -35 -19 0
-74 -29 -56 0
14 -67 3 0
42 -22 -3 0
87 30 56 0
22 14 -26 0
68 30 -12 0
-70 61 69 0
-52 23 -22 0
21 46 -14 0
19 53 33 0
35 70 48 0
-26 56 -17 0
79 -39 -66 0
21 51 -78 0
77 52 73 0
-4 55 -20 0
65 -70 -16 0
80 -36 -58 0
-45 53 71 0
39 84 -88 0
21 37 60 0
31 25 -27 0
-49 44 -31 0
-2 -50 51 0
34 -21 -38 0
83 51 67 0
-19 82 -36 0
54 -47 71 0
-5 89 -74 0
68 37 50 0
-39 -6 -50 0
-59 -22 36 0
-64 20 67 0
-55 -87 27 0
25 -50 6 0
86 -4 51 0
-51 53 -15 0
84 38 70 0
14 49 -22 0
-85 -44 -41 0
5 69 77 0
49 -50 -21 0
-72 22 -3 0
-73 17 58 0
-83 80 69 0
29 -52 -88 0
74 28 -58 0
54 -80 15 0
-89 59 82 0
-53 -34 -91 0
67 52 83 0
78 -18 37 0
91 -26 -39 0
-29 -89 -56 0
5 72 53 0
12 36 -62 0
-90 -71 -6 0
-55 24 57 0
22 -71 -30 0
56 -11 -89 0
39 -88 -48 0
29 33 -75 0
57 -29 -46 0
-13 71 -17 0
80 51 2 0
-77 -31 11 0
41 45 -80 0
45 -29 -6 0
84 -87 -78 0
-80 70 66 0
35 24 45 0
-84 54 -86 0
-23 -42 82 0
-31 -6 55 0
8 72 -62 0
-24 66 -21 0
40 -19 -82 0
-73 39 -36 0
-30 -29 -53 0
-30 -33 6 0
57 -43 -61 0
-38 -19 40 0
68 33 62 0
30 -20 16 0
91 -1 38 0
6 -9 87 0
30 23 76 0
-33 -34 71 0
-86 37 89 0
8 -81 56 0
52 -54 1 0
2 69 -11 0
5 31 46 0
-5 89 -2 0
24 36 -22 0
-15 5 -81 0
-85 39 40 0
79 3 73 0
-66 -38 19 0
-68 3 -84 0
19 72 -61 0
-29 17 -83 0
91 86 44 0
-91 -80 25 0
73 -5 57 0
-21 45 -62 0
-75 -15 -90 0
-88 87 66 0
-72 71 -16 0
-61 -62 -24 0
-77 -84 33 0
58 49 -67 0
85 42 71 0
-69 -2 -80 0
57 -70 85 0
-33 -14 46 0
-81 -54 61 0
-30 59 42 0
-34 -70 65 0
-71 66 -83 0
-87 -49 17 0
-23 -48 -51 0
4 28 -25 0
-41 -23 34 0
72 54 86 0
26 -1 24 0
28 30 16 0
-42 56 -70 0
8 1 -57 0
44 -38 -47 0
34 -5 7 0
-32 53 -91 0
-49 22 19 0
-10 85 -39 0
-24 54 -61 0
-60 -47 -48 0
85 48 -40 0
27 64 86 0
20 91 46 0
90 16 12 0
-18 4 59 0
-19 -74 -23 0
29 86 54 0
45 68 -89 0
-74 91 -80 0
2 27 -57 0
-47 -40 -73 0
70 -16 -51 0
5 -79 -10 0
-11 26 -27 0
80 -81 66 0
-40 -49 84 0
9 -33 -64 0
-37 -6 42 0
13 -50 52 0
70 -86 -71 0
63 23 47 0
27 -55 -88 0
74 -29 15 0
-32 57 78 0
-7 -64 -35 0
8 20 -14 0
-46 25 -60 0
4 50 -73 0
90 -22 16 0
-2 -42 -28 0
-81 -84 76 0
-10 19 -91 0
-35 -62 68 0
-72 52 43 0
-72 -60 4 0
-18 -20 -41 0
-6 -48 90 0
30 -64 66 0
24 -91 -71 0
9 32 -40 0
-83 -2 89 0
-63 -64 -10 0
38 79 -54 0
-62 -69 25 0
66 -79 -85 0
63 35 -58 0
-63 -15 23 0
89 15 14 0
6 -82 -88 0
-45 -11 29 0
-40 -14 -49 0
43 18 37 0
57 -29 84 0
-71 -29 27 0
-30 -88 -38 0
-27 11 -7 0
-28 -85 40 0
85 -47 -59 0
41 42 12 0
57 -6 5 0
-69 44 -47 0
77 -1 35 0
-88 -60 38 0
42 24 87 0
-73 -10 -55 0
60 79 67 0
-11 75 -25 0
13 10 70 0
-7 68 -69 0
-37 43 12 0
29 -9 -87 0
26 -77 -6 0
6 14 -80 0
34 -52 -19 0
-61 4 19 0
17 31 79 0
-78 -73 87 0
69 -70 -10 0
87 -38 14 0
83 -40 79 0
19 -66 -52 0
-16 -69 19 0
-18 -49 64 0
72 -4 27 0
69 -83 -3 0
47 -68 -78 0
58 71 45 0
-30 31 46 0
66 -42 -90 0
5 44 -89 0
74 -68 28 0
-49 23 31 0
-18 27 -48 0
35 -66 -63 0
48 23 -11 0
25 26 43 0
-31 85 81 0
-3 -1 11 0
-41 66 60 0
19 -32 91 0
-68 -65 -82 0
20 21 45 0
-47 -88 -5 0
-90 -36 -1 0
22 13 -68 0
-11 53 85 0
