p 89 379
-40 -22 -87 0
-13 -37 58 0
76 82 -75 0
-78 -28 45 0
-15 14 -25 0
76 -32 -24 0
5 -77 -13 0
-15 8 12 0
-56 -73 86 0
44 -20 21 0
-10 1 -35 0
18 -62 51 0
72 63 79 0
-66 -12 -13 0
-15 -85 -5 0
-3 9 -29 0
-26 -20 -1 0
-22 68 11 0
8 47 3 0
79 -74 -72 0
-85 -74 -73 0
23 -43 64 0
-8 28 53 0
38 -57 -84 0
-74 4 -41 0
-61 -84 50 0
41 35 -80 0
21 63 66 0
40 37 19 0
-49 62 -23 0
72 -4 38 0
47 -18 84 0
6 54 -39 0
-3 -18 -86 0
-63 72 -18 0
-43 1 40 0
-38 -1 -82 0
-51 59 8 0
-24 -8 -75 0
64 -80 57 0
84 -81 22 0
-35 85 17 0
48 71 83 0
-50 -67 76 0
-75 56 -68 0
45 -14 52 0
62 -46 -87 0
84 61 60 0
82 -51 -84 0
63 -5 16 0
69 -57 -46 0
-1 -85 -88 0
-42 72 -69 0
16 25 36 0
88 -34 59 0
-58 -30 74 0
45 -68 -27 0
-73 -39 -56 0
-80 27 -14 0
69 -48 74 0
-51 -71 -4 0
49 14 -76 0
-45 89 86 0
-43 31 21 0
5 37 55 0
83 -18 47 0
49 67 -39 0
-69 80 -56 0
59 -66 -5 0
64 78 -23 0
67 45 -38 0
-22 75 -24 0
-43 -76 35 0
-56 -21 82 0
87 -32 -55 0
87 10 -51 0
-63 15 64 0
-82 5 -26 0
53 -77 42 0
-79 -11 -38 0
56 70 -5 0
-63 -71 -12 0
-13 -16 43 0
66 -86 18 0
-45 -81 -55 0
80 -25 -23 0
26 20 -66 0
-16 -66 54 0
64 86 20 0
2 35 -66 0
-39 49 41 0
-1 -76 -17 0
83 -68 -8 0
-48 59 70 0
-12 87 36 0
18 39 23 0
20 -8 16 0
84 -63 20 0
-62 8 88 0
-27 -37 82 0
34 48 49 0
18 46 44 0
-1 -3 74 0
10 -52 82 0
-84 12 -19 0
-72 15 81 0
-52 -13 16 0
-20 -86 13 0
-1 -82 47 0
-35 -5 -19 0
-49 87 89 0
-75 71 66 0
87 85 -76 0
20 -60 5 0
-68 -19 -31 0
-81 43 -48 0
77 20 -4 0
-26 5 14 0
-28 88 -48 0
24 -45 50 0
-60 -62 -43 0
-39 -68 -57 0
26 -5 -31 0
12 -32 -79 0
42 -84 -40 0
89 -15 6 0
-39 -71 84 0
-39 -31 -12 0
51 7 -4 0
-20 51 -71 0
73 17 -54 0
-89 -80 -19 0
-70 83 25 0
-78 50 85 0
-85 16 82 0
-87 -18 -75 0
-66 -79 32 0
-26 86 31 0
40 -52 -88 0
3 53 74 0
65 64 19 0
-54 6 -83 0
-78 80 32 0
-55 -1 -13 0
13 -23 75 0
71 44 41 0
20 -89 -32 0
-51 61 -66 0
-48 -84 -33 0
-4 29 79 0
81 -10 -16 0
-65 13 -9 0
-83 81 72 0
-68 -65 89 0
8 -12 -80 0
-51 3 80 0
-72 -4 -39 0
-54 38 -47 0
61 1 -30 0
78 -14 16 0
-71 42 21 0
83 88 75 0
-53 67 -37 0
18 -73 11 0
62 52 -48 0
61 -23 44 0
29 25 79 0
-30 -14 29 0
8 -59 14 0
-81 -79 -69 0
42 -23 -80 0
-44 -11 50 0
2 -22 -18 0
81 -53 24 0
-8 -36 70 0
82 69 70 0
89 54 87 0
39 24 -12 0
-42 30 73 0
-14 28 -54 0
30 -11 -69 0
70 12 -25 0
-32 33 -23 0
5 73 89 0
-84 11 -76 0
-15 -83 -46 0
-7 17 -87 0
11 -48 -67 0
7 59 -3 0
1 11 -39 0
-83 -24 -10 0
-57 -60 66 0
-65 76 44 0
-79 -74 -71 0
-53 -46 82 0
-26 -10 87 0
-60 -71 -80 0
71 -19 -7 0
-72 50 -6 0
64 89 -49 0
-61 84 -57 0
-1 24 38 0
-55 54 -33 0
11 42 35 0
76 -11 -84 0
49 88 69 0
-67 -74 -63 0
63 -57 -16 0
38 -20 41 0
86 46 20 0
-36 16 -30 0
-12 85 9 0
-32 53 -42 0
-63 -37 61 0
53 57 -68 0
-51 59 -83 0
-47 42 -53 0
8 -35 58 0
-1 -23 -5 0
-43 82 -68 0
-17 -71 29 0
-51 64 61 0
56 -42 1 0
53 -45 -60 0
-60 -14 -10 0
86 75 78 0
-32 67 4 0
83 20 8 0
65 -18 -76 0
36 -13 38 0
74 48 42 0
37 5 -36 0
-87 56 36 0
-76 85 78 0
47 -78 84 0
40 81 -78 0
-65 58 34 0
68 73 45 0
43 10 41 0
-33 -7 -77 0
52 -54 -37 0
-69 89 -50 0
-8 -74 68 0
38 -70 -66 0
52 -67 53 0
-47 5 71 0
-3 16 -86 0
11 38 26 0
-4 44 -36 0
28 -71 -84 0
66 -63 68 0
-83 27 51 0
-64 41 45 0
-14 -86 55 0
-7 -40 65 0
-13 -63 -20 0
75 23 57 0
-72 -12 24 0
-54 63 23 0
12 48 -75 0
82 -35 33 0
-5 -27 77 0
89 -71 10 0
40 -34 -38 0
83 -87 -80 0
-55 -26 -84 0
-21 15 8 0
39 52 -51 0
-84 44 27 0
52 67 89 0
-28 -49 38 0
-9 -55 -11 0
6 64 -53 0
-49 44 35 0
-86 36 -61 0
-57 55 -58 0
-12 -46 51 0
38 31 27 0
25 -42 88 0
-22 47 -3 0
-33 24 81 0
63 -55 12 0
5 88 7 0
-28 -15 -38 0
1 52 -32 0
83 56 -52 0
23 -52 31 0
-87 71 63 0
27 82 -84 0
65 69 -83 0
-17 -67 7 0
60 -51 -88 0
-51 39 26 0
56 74 -86 0
-17 86 76 0
63 57 14 0
-45 -43 -31 0
24 -7 34 0
37 -64 63 0
-47 10 -84 0
49 35 -7 0
19 -32 -76 0
48 -23 -89 0
-23 53 4 0
59 74 -3 0
4 -44 -37 0
-2 -68 -15 0
11 -54 -83 0
8 3 72 0
34 7 -86 0
9 18 -79 0
-84 56 -76 0
-2 -28 51 0
35 -61 25 0
-66 69 -33 0
-61 -69 -38 0
22 -29 24 0
-48 61 -47 0
11 -17 -27 0
-84 -33 -17 0
-37 11 -67 0
-34 66 -42 0
-14 47 3 0
26 34 70 0
19 36 -35 0
13 26 32 0
-46 68 -62 0
-88 81 47 0
-38 66 -35 0
-25 -11 -45 0
73 -2 -34 0
11 39 -81 0
44 -74 -23 0
-80 -71 74 0
71 -30 -26 0
29 -82 23 0
-59 -77 76 0
-15 -71 -46 0
55 73 -51 0
-83 8 2 0
61 72 48 0
-60 -83 -46 0
-48 83 3 0
50 71 69 0
86 -50 65 0
80 -42 43 0
-7 -71 24 0
24 77 25 0
-19 -22 35 0
-22 -29 70 0
79 70 -87 0
-51 4 -68 0
-12 39 42 0
78 4 -36 0
41 58 53 0
47 -69 -70 0
-69 -45 -21 0
-14 -1 -65 0
51 36 -75 0
39 -47 72 0
-24 -37 84 0
-17 67 -21 0
-18 -71 -37 0
-18 52 -9 0
-70 62 -9 0
-55 -71 -32 0
24 29 57 0
-78 77 2 0
-64 5 -65 0
70 37 -60 0
-87 89 -10 0
-80 -7 21 0
88 -35 -58 0
-19 64 -55 0
65 -82 86 0
-24 25 -12 0
-32 25 72 0
-53 -57 -47 0
-34 56 40 0
