p 19 80
4 18 -19 0
5 -7 9 0
16 7 -5 0
11 -5 15 0
7 -16 -5 0
16 -4 -17 0
-3 -4 -18 0
1 18 -15 0
-19 -8 -11 0
-4 12 -3 0
-3 2 9 0
17 16 1 0
14 5 -10 0
-9 12 19 0
8 15 -5 0
-3 -7 -13 0
10 -1 -14 0
17 7 18 0
8 1 5 0
-15 -19 -6 0
-19 -18 2 0
4 -10 7 0
-14 -3 1 0
-10 9 -1 0
-5 3 -15 0
16 -4 -6 0
4 -5 -2 0
8 -6 12 0
13 10 7 0
2 -9 -10 0
13 9 -11 0
15 18 1 0
-9 -15 14 0
16 -17 -10 0
-17 9 4 0
2 -19 -8 0
10 12 5 0
10 -5 -15 0
17 14 16 0
-16 -4 17 0
-5 -13 -15 0
2 14 10 0
5 -13 -9 0
19 -15 14 0
-19 5 7 0
16 -17 -10 0
-6 -8 -18 0
-15 2 -13 0
2 9 -1 0
1 -11 4 0
18 2 -9 0
7 5 -14 0
-17 -3 8 0
-3 -14 18 0
-10 15 8 0
-18 -2 -10 0
-12 -5 -6 0
10 5 -1 0
-7 -9 16 0
8 19 14 0
-12 -18 2 0
7 -1 6 0
-10 -11 2 0
-9 8 -6 0
9 -15 -16 0
2 -9 -12 0
-3 -1 -14 0
-16 9 3 0
-5 17 -8 0
-11 17 19 0
7 -8 17 0
-3 14 12 0
14 13 12 0
9 -13 4 0
-4 2 -10 0
-8 15 19 0
18 -16 -3 0
-7 -3 -10 0
10 -4 -1 0
17 5 14 0
