p 34 144
-12 -22 -11 0
16 -2 24 0
34 -2 -30 0
-11 23 2 0
-26 -7 -3 0
-18 -13 1 0
2 21 19 0
-28 -7 -29 0
-20 11 -13 0
34 -16 28 0
-12 -34 -32 0
-12 4 -20 0
-33 -2 26 0
-27 21 -18 0
-16 11 19 0
24 -32 2 0
7 -19 -26 0
34 29 -6 0
31 -8 7 0
-13 -7 -15 0
-31 -24 23 0
29 14 21 0
-18 -33 -34 0
-34 -4 -5 0
-24 26 28 0
32 -1 6 0
-5 -10 -1 0
-1 -32 -9 0
28 -11 24 0
27 7 -1 0
4 6 2 0
-4 20 16 0
20 -21 -13 0
-29 12 -25 0
-15 24 6 0
4 20 15 0
13 2 -23 0
5 -17 -22 0
4 -22 11 0
-27 34 -30 0
3 -23 20 0
-3 -8 -1 0
-13 32 2 0
-13 21 -26 0
-2 -6 -21 0
25 14 19 0
27 14 13 0
-1 32 11 0
-21 30 -12 0
-7 21 -24 0
8 33 14 0
-24 -4 27 0
31 -32 11 0
-6 -18 -29 0
-9 17 26 0
-12 -2 -22 0
10 -16 29 0
25 -5 7 0
-30 -25 27 0
-2 10 28 0
-19 3 10 0
24 -12 33 0
-29 -17 -2 0
-28 -2 -16 0
20 -13 -9 0
15 27 -20 0
30 -26 17 0
-28 -15 -9 0
1 -20 -32 0
-22 -11 23 0
9 -22 32 0
15 -9 -19 0
-18 10 24 0
-32 -3 -8 0
26 20 -7 0
-2 28 -12 0
-33 -10 29 0
-3 1 20 0
9 3 -4 0
-17 -27 10 0
32 23 34 0
17 2 -24 0
-14 -32 -6 0
11 -8 20 0
18 2 -1 0
21 -19 34 0
9 16 25 0
30 -13 34 0
-22 -10 9 0
-19 -4 30 0
23 -3 11 0
4 -30 2 0
-2 7 -28 0
21 28 34 0
-24 -15 -10 0
10 -3 12 0
-32 8 4 0
3 -25 -15 0
-32 10 26 0
25 -10 -23 0
31 22 30 0
-31 -26 -30 0
-30 27 34 0
-28 9 -6 0
-28 30 -16 0
-21 -2 33 0
34 -7 25 0
16 6 25 0
26 12 -2 0
20 10 30 0
32 -33 15 0
30 3 -13 0
-1 5 -3 0
-5 30 10 0
-16 19 -17 0
10 33 14 0
-31 -30 4 0
12 -27 -21 0
7 18 29 0
5 -20 -14 0
18 -9 -8 0
-3 27 20 0
-12 6 20 0
-21 -10 15 0
4 -9 6 0
3 22 -23 0
-1 25 -29 0
-13 -12 -20 0
-30 -7 -29 0
14 30 27 0
-8 -33 34 0
25 -5 -20 0
-13 7 -24 0
16 -3 -2 0
8 -24 -16 0
29 30 -1 0
-32 -28 -15 0
17 -10 -5 0
20 29 5 0
-31 17 -26 0
16 -13 4 0
-16 18 -11 0
-3 12 -17 0
4 -26 9 0
