p 13 55
-7 8 1 0
-7 -10 -2 0
1 12 -10 0
-4 13 6 0
-8 -3 -13 0
-12 7 -1 0
-4 3 5 0
-12 6 7 0
-4 -8 7 0
6 7 5 0
1 -8 2 0
-12 1 4 0
-1 6 12 0
-4 1 -11 0
9 6 -5 0
7 4 2 0
7 -3 -12 0
13 -11 9 0
-12 -7 10 0
-11 9 -2 0
-12 -7 4 0
11 -4 5 0
4 -7 -9 0
7 10 1 0
-6 -11 -12 0
4 -5 -1 0
-7 -13 -4 0
10 11 -1 0
3 -12 5 0
-1 -2 -7 0
-10 1 -13 0
9 -4 -8 0
11 -2 10 0
11 8 -3 0
4 -10 -3 0
-4 -1 -12 0
-11 8 -6 0
10 -4 -5 0
-10 -4 3 0
7 4 11 0
10 -4 -2 0
-3 13 10 0
9 2 -5 0
-1 4 -9 0
-12 6 -7 0
8 -9 -1 0
-7 -13 12 0
-2 3 1 0
-5 -1 7 0
-3 9 11 0
-9 -4 2 0
3 4 -2 0
12 8 -13 0
1 -12 -3 0
-10 -2 -8 0
