p 27 115
-17 -16 11 0
6 16 22 0
-20 24 -16 0
-22 24 -5 0
6 2 -8 0
5 -16 17 0
-9 -15 5 0
11 -8 -23 0
17 3 -12 0
-7 -16 25 0
2 22 19 0
3 24 -8 0
16 15 11 0
13 -7 3 0
27 -23 8 0
7 18 25 0
9 1 -15 0
16 -1 25 0
-13 -12 24 0
-19 -25 -18 0
-12 -7 3 0
11 -18 -5 0
22 -21 -1 0
15 -16 -9 0
10 -6 8 0
11 -9 -27 0
7 -22 -5 0
2 -11 -18 0
7 2 8 0
13 3 27 0
26 2 -5 0
-1 5 -11 0
-16 6 23 0
-17 -19 18 0
20 13 -12 0
-13 -27 1 0
-3 -1 24 0
-1 14 -15 0
-23 -8 -17 0
-22 4 3 0
-17 22 5 0
20 23 5 0
-9 15 5 0
17 -12 24 0
-3 -7 15 0
5 -7 17 0
-2 4 -1 0
25 4 -14 0
-23 20 5 0
18 -26 19 0
-4 -6 -13 0
-16 -15 -11 0
-6 -2 12 0
-10 4 26 0
11 14 26 0
21 19 -27 0
-16 -3 -1 0
20 -18 -8 0
19 20 -9 0
6 -7 9 0
16 -26 14 0
-11 7 16 0
-26 -2 -18 0
12 -7 20 0
6 -12 -19 0
-23 -19 -8 0
-10 15 8 0
-4 -7 15 0
26 11 24 0
24 -27 -18 0
25 9 -12 0
9 4 -6 0
-11 8 -3 0
20 22 18 0
-24 19 2 0
-2 1 4 0
10 4 -22 0
-11 -6 7 0
25 -20 -14 0
21 26 24 0
-27 26 3 0
1 20 -19 0
-4 1 -18 0
-7 -13 -26 0
-13 14 -15 0
9 12 17 0
-22 27 -25 0
-9 -26 16 0
2 15 13 0
14 24 23 0
-24 -13 -7 0
27 -7 18 0
16 -10 5 0
15 -2 -18 0
17 14 -21 0
-23 26 9 0
26 -6 -22 0
-21 -20 -13 0
10 -9 13 0
18 20 24 0
-19 21 15 0
23 -1 -20 0
2 -3 14 0
6 -19 17 0
-7 -5 18 0
17 20 -19 0
-23 -18 8 0
15 -12 21 0
6 5 -21 0
-10 -3 22 0
22 25 -20 0
-18 -19 17 0
27 9 -12 0
22 25 12 0
-13 5 -2 0
