p 53 225
-32 53 31 0
-11 45 -33 0
-37 38 36 0
14 17 -5 0
-51 -4 -44 0
-42 -25 -24 0
42 -5 48 0
-41 -1 52 0
37 19 20 0
13 -52 -17 0
-23 10 -35 0
-27 -48 -23 0
26 29 16 0
-13 -35 -44 0
-15 -25 -46 0
-23 -29 24 0
-3 -50 -28 0
-39 -34 -51 0
6 -33 16 0
12 33 46 0
-32 -53 36 0
50 24 34 0
-24 20 -32 0
-24 -31 -3 0
18 -4 38 0
-33 18 29 0
-20 17 -13 0
50 -7 19 0
-16 -50 -47 0
-19 -43 -9 0
41 -25 -6 0
-10 42 -31 0
53 -14 -16 0
-38 53 -7 0
15 12 35 0
29 45 27 0
-25 27 34 0
16 45 -25 0
50 -1 -38 0
8 37 12 0
50 -29 34 0
-30 22 20 0
24 16 8 0
31 14 19 0
6 8 45 0
25 -41 -18 0
-23 15 -8 0
-6 10 26 0
49 42 21 0
40 -52 4 0
50 16 -14 0
47 48 10 0
34 -16 -42 0
-6 28 -18 0
7 -17 37 0
31 -29 38 0
-7 29 32 0
14 24 16 0
29 12 -43 0
49 44 -7 0
52 48 -46 0
2 -32 -53 0
14 43 42 0
33 40 32 0
40 8 -23 0
-50 -27 14 0
6 27 39 0
21 -29 19 0
51 1 -31 0
10 -2 44 0
-14 -16 40 0
-11 -5 27 0
-44 48 22 0
44 1 48 0
19 21 46 0
38 -4 10 0
-38 43 46 0
42 -19 -39 0
-29 52 -53 0
30 -47 44 0
35 -29 -36 0
17 -43 48 0
40 -19 45 0
24 28 41 0
-49 -42 -29 0
-40 -19 -6 0
-20 -17 -39 0
-22 4 34 0
-4 52 32 0
30 -40 -27 0
-47 -9 28 0
-45 -13 47 0
8 22 -23 0
-24 -43 48 0
14 -28 51 0
6 -45 42 0
25 -11 -16 0
-31 17 41 0
15 32 -53 0
12 -20 -30 0
25 -10 -6 0
-10 19 -17 0
-52 -14 47 0
21 -42 52 0
27 5 -9 0
-25 38 -24 0
-2 -53 -4 0
35 -40 -7 0
-26 19 -38 0
-21 -22 -7 0
25 -35 29 0
-49 -10 -19 0
-20 32 23 0
42 39 -16 0
25 53 -22 0
-47 -27 -38 0
21 -1 2 0
41 -18 -22 0
27 36 -28 0
44 16 -6 0
-38 -34 -6 0
34 -48 -1 0
-9 -3 16 0
-43 32 9 0
43 -10 38 0
-8 10 -31 0
-46 4 -33 0
-47 51 23 0
-20 -24 47 0
20 43 -11 0
26 5 -14 0
-49 -20 2 0
45 27 -44 0
45 11 -8 0
41 -13 -36 0
53 43 -11 0
-23 46 -31 0
-9 48 50 0
-31 27 13 0
38 -2 -20 0
-51 -6 28 0
46 -24 3 0
-34 6 -22 0
-23 13 36 0
-39 -42 -27 0
-6 -25 -7 0
22 40 -11 0
-18 -38 -47 0
42 -23 -35 0
34 -37 -19 0
-33 11 -19 0
16 -6 29 0
-27 -24 8 0
-32 -51 45 0
8 9 24 0
17 24 49 0
21 13 -9 0
52 -27 -40 0
-15 -43 -37 0
-41 7 -19 0
-12 -24 45 0
50 -37 29 0
38 -15 26 0
40 -14 34 0
-50 53 38 0
-43 -53 -44 0
-14 51 25 0
-22 46 49 0
-1 13 -28 0
-25 -42 -47 0
15 -21 -52 0
-53 17 -42 0
12 -23 14 0
-10 32 -9 0
-17 36 52 0
-17 43 8 0
48 47 32 0
-52 39 -40 0
-6 -2 -24 0
22 -17 9 0
28 -4 18 0
-24 49 21 0
-35 -15 34 0
45 22 -24 0
-21 -29 -4 0
-13 26 -16 0
-29 38 -31 0
-41 23 -31 0
-12 -31 11 0
-17 -5 -23 0
-6 29 -38 0
-47 10 -51 0
-5 11 -4 0
7 12 -44 0
8 -18 -40 0
27 -26 15 0
40 1 36 0
51 -9 -2 0
-11 29 -52 0
-25 4 38 0
19 48 -52 0
-14 43 -40 0
-2 40 -20 0
13 -30 -40 0
52 41 19 0
-28 29 18 0
46 -26 -45 0
-6 -38 -47 0
-51 -28 -10 0
-35 -47 27 0
-6 9 -26 0
11 -2 16 0
-41 4 -2 0
38 -24 42 0
33 -39 -52 0
-43 -49 -22 0
50 3 -29 0
19 21 2 0
48 -3 7 0
-51 -15 -50 0
-2 10 -47 0
-13 45 32 0
30 45 -9 0
-40 20 45 0
-3 7 38 0
