p 20 85
-13 -4 5 0
2 10 -6 0
-5 16 -8 0
11 1 18 0
-19 18 -6 0
7 11 5 0
-20 10 -19 0
4 17 16 0
-17 -4 16 0
-9 18 13 0
15 4 2 0
-18 -13 -15 0
15 -14 12 0
6 7 -10 0
-10 8 -9 0
20 2 4 0
-4 -5 17 0
10 -1 -4 0
-13 -8 -14 0
11 -4 18 0
-6 4 5 0
5 -13 9 0
-9 3 -14 0
17 -13 -1 0
-3 -1 15 0
13 -14 10 0
16 17 -18 0
-2 -4 6 0
-19 -4 13 0
-11 -7 -1 0
7 19 18 0
17 4 15 0
-11 -16 1 0
-1 10 -8 0
-5 -9 13 0
16 -9 -12 0
-6 -20 15 0
-10 -6 7 0
-20 2 -13 0
-18 10 13 0
9 -11 -17 0
3 -4 12 0
-7 4 -19 0
15 1 -9 0
17 2 11 0
-12 8 -5 0
17 14 -15 0
13 1 8 0
8 -4 20 0
-20 -11 -3 0
-13 1 -5 0
1 -13 -16 0
-19 -15 -9 0
1 -3 -11 0
20 16 -12 0
2 10 15 0
13 7 -16 0
-16 -6 -5 0
-17 16 18 0
12 -17 5 0
1 -10 -7 0
20 -1 -12 0
15 4 -6 0
18 6 -4 0
3 5 -19 0
1 -7 13 0
5 -12 10 0
-13 10 20 0
-4 3 -10 0
2 -9 17 0
6 20 13 0
4 2 -5 0
5 8 4 0
-5 11 -2 0
18 -4 -14 0
13 19 8 0
2 -7 -12 0
-6 -14 15 0
3 -18 14 0
2 11 -10 0
-4 16 -6 0
-4 -12 -18 0
-12 -15 -10 0
8 13 -14 0
-14 20 9 0
