p 19 80
6 7 -13 0
-5 -3 11 0
-5 -11 14 0
16 13 -4 0
-15 1 13 0
14 10 -12 0
11 6 10 0
7 -11 -10 0
-16 -5 12 0
-19 -6 3 0
-16 13 18 0
3 7 10 0
12 -4 -5 0
11 5 -3 0
6 -13 -1 0
16 2 -9 0
14 -3 13 0
17 -14 7 0
7 2 11 0
-3 14 19 0
-3 -9 -7 0
-12 -14 7 0
11 1 -2 0
5 -15 19 0
-15 9 -17 0
1 -5 -11 0
-9 11 2 0
-6 12 15 0
-18 -19 13 0
-9 8 -10 0
9 4 -18 0
-15 -12 -5 0
-8 10 -16 0
-4 -17 11 0
-11 -12 4 0
5 12 1 0
19 4 -10 0
6 -10 -2 0
-6 10 3 0
13 -12 8 0
-16 -4 -2 0
-18 12 2 0
-8 12 16 0
-17 3 13 0
-9 -16 -17 0
-18 19 5 0
5 15 14 0
12 -11 -5 0
13 18 -5 0
6 -12 15 0
-1 3 -19 0
13 7 8 0
-6 -7 4 0
-4 -15 11 0
-11 10 4 0
8 10 -3 0
6 -12 -9 0
-12 16 -5 0
-5 -1 -6 0
-16 5 -19 0
10 15 -8 0
3 14 -10 0
7 -5 -13 0
6 -15 1 0
-14 13 -4 0
14 -1 6 0
-13 -15 -12 0
16 1 -9 0
3 11 16 0
-3 -14 13 0
-10 9 8 0
-11 -3 -4 0
15 -1 -8 0
10 -4 9 0
5 12 10 0
-15 -11 -2 0
-16 10 19 0
-11 -8 -2 0
-2 9 -7 0
18 -13 -5 0
