p 53 225
23 -43 4 0
8 -34 -20 0
-34 -19 -11 0
51 8 3 0
41 -50 -21 0
18 -41 44 0
11 48 -49 0
26 32 24 0
-9 -38 49 0
17 48 -51 0
-31 -5 -10 0
-13 -2 45 0
-24 6 -23 0
-42 -52 -12 0
26 -28 10 0
-31 8 -20 0
43 -36 -23 0
52 -5 -29 0
53 29 -26 0
-17 3 21 0
35 -7 15 0
8 -22 25 0
29 26 -1 0
20 23 4 0
23 -22 -24 0
-20 -29 37 0
28 -7 -29 0
16 39 33 0
-5 -12 -43 0
50 23 19 0
48 27 34 0
-41 -27 52 0
29 -6 26 0
50 -25 42 0
-28 35 -38 0
-25 -18 17 0
30 -39 48 0
-52 45 -9 0
-46 50 -39 0
21 -52 37 0
-7 -32 53 0
14 30 -4 0
28 23 -3 0
-51 16 2 0
2 25 -5 0
-26 25 35 0
-19 -21 53 0
43 1 37 0
-9 -39 23 0
33 35 -27 0
-38 2 53 0
-39 -5 -16 0
31 22 -12 0
53 -33 -14 0
20 -25 -46 0
6 -14 50 0
31 -7 19 0
33 -22 6 0
44 -50 -41 0
37 -35 6 0
8 37 -22 0
10 47 36 0
-37 28 -2 0
5 45 -9 0
-7 44 -3 0
28 -22 41 0
-42 -20 -44 0
36 15 13 0
38 -26 20 0
-22 -10 6 0
34 -23 -19 0
43 -27 -37 0
-8 -30 41 0
51 9 -32 0
15 -22 53 0
-43 15 49 0
-10 -36 -33 0
10 -3 -31 0
-4 8 27 0
38 -42 -3 0
32 -36 -4 0
-7 10 40 0
50 42 9 0
25 -6 30 0
-37 29 39 0
-32 -34 52 0
-27 52 -25 0
4 39 -33 0
-53 -5 -14 0
13 37 24 0
-49 45 -30 0
-19 -51 16 0
1 -6 -46 0
-23 32 -31 0
-7 -16 -31 0
37 44 7 0
-34 10 -26 0
-25 43 -29 0
-11 -44 27 0
2 45 -21 0
-47 2 -42 0
11 -26 14 0
13 34 -5 0
52 38 -12 0
34 33 51 0
-25 -9 -3 0
53 -27 -10 0
-45 -38 46 0
-6 43 9 0
-48 -26 12 0
-9 27 -49 0
14 -12 11 0
-48 24 18 0
20 9 31 0
-24 48 -30 0
-47 27 10 0
50 45 30 0
28 52 48 0
-47 -2 8 0
-13 40 -30 0
45 -33 5 0
-30 8 45 0
-50 -35 -27 0
52 -51 -23 0
-14 7 -10 0
-8 -33 -15 0
14 21 -24 0
-30 -36 49 0
23 31 -15 0
-43 22 -53 0
-53 36 25 0
-25 -36 31 0
38 -42 -24 0
2 -24 53 0
-14 -30 4 0
41 49 20 0
-31 25 -43 0
-13 -26 12 0
-53 30 36 0
-18 -47 -6 0
24 -23 -40 0
23 26 47 0
-32 -51 4 0
-26 -45 -28 0
31 39 -12 0
-52 49 -37 0
-8 28 9 0
-20 35 -14 0
-28 -3 5 0
-8 -10 2 0
-48 46 17 0
-48 -24 16 0
-52 -4 24 0
-48 41 -12 0
23 -10 -41 0
-28 39 37 0
-30 2 -18 0
9 49 -52 0
29 18 -6 0
-12 -23 -32 0
13 6 14 0
30 -25 41 0
53 47 -46 0
1 7 -23 0
-42 -29 -47 0
-35 33 50 0
24 42 39 0
-17 -9 30 0
12 52 44 0
19 -24 -13 0
4 5 -21 0
19 -2 -38 0
-23 -40 43 0
18 -52 9 0
8 -40 43 0
22 -15 -29 0
33 -49 44 0
-51 39 -47 0
-29 52 11 0
-2 -9 35 0
-5 2 -14 0
15 -33 24 0
-48 -16 35 0
-47 -3 -35 0
-34 -25 9 0
30 31 53 0
-6 -28 -5 0
42 1 35 0
-11 4 40 0
51 53 -35 0
35 50 -6 0
-11 9 -6 0
16 -9 13 0
-25 -29 51 0
-41 18 -11 0
-20 42 38 0
-26 23 -2 0
-28 22 25 0
42 -41 -32 0
45 -27 30 0
22 -52 -9 0
34 49 35 0
20 -35 41 0
49 -32 17 0
41 34 25 0
13 -19 9 0
-7 -31 -32 0
8 -7 -24 0
-17 30 -38 0
-3 -2 22 0
-42 -8 -4 0
-31 -3 9 0
-11 -41 10 0
14 53 -12 0
17 43 39 0
-51 -42 1 0
-48 50 14 0
50 -4 -10 0
-6 -32 -48 0
41 -39 51 0
-12 34 51 0
-2 45 23 0
2 -38 17 0
6 35 19 0
45 10 -37 0
