p 37 157
-4 20 -8 0
17 7 -4 0
2 -37 -5 0
25 -14 -26 0
33 -25 12 0
7 17 -25 0
-37 11 10 0
9 19 20 0
-11 33 -15 0
-6 25 21 0
-13 35 5 0
36 -7 19 0
-37 27 -33 0
25 -36 -5 0
27 -5 -19 0
35 -36 -11 0
-6 -28 -36 0
-5 34 -24 0
18 32 -29 0
-5 -9 -2 0
13 23 31 0
-22 -8 -3 0
-20 -11 29 0
-27 -26 -33 0
3 9 -31 0
20 -22 7 0
-36 9 -14 0
-9 -7 -27 0
11 -24 32 0
11 -10 -34 0
-32 1 27 0
-24 -16 -5 0
-9 22 -14 0
-37 20 3 0
-16 32 18 0
8 31 -5 0
-28 -4 -5 0
1 36 -34 0
-9 -31 -25 0
-25 17 -29 0
9 -32 -29 0
5 -16 -12 0
-27 14 33 0
-28 -25 -8 0
-22 4 7 0
13 9 -15 0
24 33 -2 0
1 11 27 0
25 28 -22 0
-13 -9 -14 0
32 -5 6 0
-16 1 -32 0
12 17 -24 0
15 -32 -28 0
11 -36 -10 0
-9 -6 28 0
-26 25 23 0
3 -26 -20 0
-19 -17 -32 0
-10 -25 22 0
-27 -12 -1 0
-22 12 -15 0
-34 35 20 0
28 -21 -23 0
-3 -36 37 0
-23 -29 -6 0
-37 5 17 0
28 -29 -7 0
6 -14 25 0
31 2 6 0
2 33 -24 0
27 16 -11 0
35 -36 -34 0
-2 -29 -12 0
10 19 -5 0
25 -36 -12 0
30 -11 -29 0
25 7 -33 0
12 -16 35 0
-15 4 -37 0
-8 6 -15 0
4 20 -22 0
-26 10 13 0
-16 -31 14 0
20 -25 22 0
3 -4 -27 0
35 24 -28 0
-2 -23 17 0
22 30 3 0
9 16 -18 0
6 -14 -7 0
-33 -12 26 0
30 6 -24 0
-21 -26 -14 0
-4 -22 -13 0
18 22 24 0
-33 14 -27 0
-29 32 -26 0
-17 -10 -36 0
-8 -17 -28 0
-31 20 -2 0
-1 -13 -24 0
-24 -31 8 0
29 -9 28 0
11 -5 12 0
30 1 16 0
-2 -9 27 0
34 -11 33 0
-18 -2 9 0
9 6 8 0
28 37 -21 0
-27 32 22 0
-12 5 -11 0
-5 -19 -36 0
-19 2 20 0
-36 25 -10 0
5 -22 34 0
-1 3 -23 0
-26 -1 21 0
-12 11 13 0
5 -16 26 0
34 23 -29 0
-37 14 -11 0
13 31 14 0
-24 -14 10 0
37 -12 -3 0
4 -12 -23 0
-36 -11 5 0
19 9 -2 0
-31 -9 25 0
4 36 -34 0
37 -13 -22 0
9 -4 -22 0
36 -12 13 0
23 -31 10 0
-5 9 1 0
-35 -30 17 0
-31 37 -1 0
37 16 -11 0
35 3 36 0
-5 -34 20 0
-26 -4 -19 0
-13 -14 29 0
5 -25 -27 0
16 -14 -15 0
-31 -30 15 0
-8 -5 -24 0
-30 -32 37 0
-12 37 -31 0
26 -37 7 0
3 34 21 0
30 26 -22 0
33 -35 1 0
-25 -7 -37 0
-20 -9 25 0
4 11 30 0
-15 -5 -3 0
