p 52 221
48 22 14 0
-19 -8 -26 0
32 -48 -14 0
21 -7 27 0
31 37 46 0
6 -29 30 0
-1 8 -38 0
-29 -37 27 0
-18 40 -3 0
27 36 -46 0
34 50 -4 0
-27 40 42 0
3 24 45 0
-18 39 2 0
45 -35 -22 0
-45 2 14 0
45 31 7 0
-48 28 -10 0
-11 51 -43 0
-34 -3 -22 0
3 40 -4 0
-2 -52 -20 0
52 19 28 0
-11 26 1 0
-52 38 -11 0
29 -17 32 0
-26 21 11 0
-29 -21 28 0
-24 -15 -31 0
17 -52 42 0
6 -9 42 0
52 -2 8 0
8 -22 20 0
-9 -29 10 0
-27 20 -32 0
-26 -23 33 0
-14 2 27 0
7 -9 34 0
17 -51 1 0
-51 41 16 0
11 -25 -8 0
25 11 -26 0
34 4 -13 0
-24 -28 -51 0
-27 46 7 0
-32 -47 18 0
9 51 26 0
-36 42 -21 0
46 -20 -50 0
4 40 32 0
2 -6 42 0
12 -22 48 0
13 -1 -19 0
-6 10 34 0
17 -37 11 0
34 2 4 0
-49 -37 3 0
-32 -46 39 0
45 25 18 0
-24 -43 -1 0
5 -6 28 0
37 20 4 0
47 27 39 0
13 -33 44 0
-52 41 -22 0
7 -32 12 0
-17 23 -44 0
30 46 -27 0
-11 12 10 0
52 47 13 0
10 13 48 0
42 -4 6 0
52 30 -19 0
15 50 16 0
-19 27 -45 0
36 24 6 0
32 -48 -5 0
-20 -21 -47 0
46 25 -20 0
8 44 -32 0
-14 -2 29 0
-52 -7 40 0
17 -51 2 0
-19 -32 36 0
-32 36 -13 0
13 -38 19 0
-26 -18 11 0
41 -49 34 0
44 -27 51 0
51 -8 48 0
28 6 13 0
15 28 -30 0
7 -8 13 0
47 -45 -40 0
-19 36 -46 0
15 -51 28 0
-29 14 -46 0
-22 24 -26 0
-3 51 18 0
-8 51 -24 0
25 23 -20 0
-11 16 -31 0
51 -7 3 0
-13 16 21 0
-38 27 32 0
28 -35 42 0
-11 -38 -18 0
52 -23 20 0
42 45 37 0
-8 -14 -21 0
7 -20 -4 0
-48 -6 -32 0
-29 19 -51 0
46 -14 -38 0
12 24 -8 0
18 -28 -41 0
17 -43 -21 0
-17 -28 2 0
12 -16 48 0
31 -15 -16 0
48 -50 -21 0
-52 21 1 0
23 -44 -24 0
5 26 -4 0
-35 20 -2 0
36 50 -31 0
-31 7 -46 0
15 20 -6 0
-32 -40 -52 0
-41 8 -33 0
27 -21 20 0
51 41 11 0
19 -34 1 0
-36 -34 25 0
10 16 -23 0
20 39 -52 0
37 -23 17 0
-16 51 -25 0
44 -40 -52 0
-5 -26 7 0
-28 -15 7 0
-3 42 -52 0
-51 15 27 0
34 -15 51 0
8 39 -28 0
49 -8 29 0
-5 -11 16 0
-47 36 -1 0
18 19 -3 0
26 31 -10 0
30 27 -13 0
18 -42 -9 0
28 32 34 0
28 50 -5 0
51 45 -49 0
1 -37 40 0
47 24 -28 0
30 39 -46 0
7 -19 -38 0
-11 -34 17 0
-19 -49 -41 0
4 43 26 0
-42 39 -30 0
50 25 38 0
16 -31 -49 0
7 9 51 0
7 -12 2 0
-13 -36 -3 0
-36 25 31 0
-25 -47 -52 0
27 21 -52 0
18 -7 -37 0
-34 -9 39 0
28 -5 -11 0
40 43 -28 0
-46 24 -44 0
-26 -16 -10 0
-29 18 -5 0
2 47 -38 0
-33 -18 -21 0
-22 10 30 0
-40 -30 -14 0
-36 -43 -13 0
-46 -44 47 0
-8 -18 -23 0
10 3 9 0
-27 45 -40 0
-30 -20 -37 0
-48 49 12 0
-1 12 -45 0
7 18 10 0
37 -6 4 0
6 23 49 0
52 24 11 0
11 -50 -22 0
-3 11 -17 0
35 -4 5 0
-18 52 -5 0
-45 25 24 0
33 -19 -9 0
-45 -46 -48 0
-28 12 9 0
-12 -29 -52 0
46 17 -47 0
-46 24 2 0
25 7 -3 0
46 -27 -5 0
-48 47 35 0
34 -51 19 0
-6 -5 -4 0
6 1 -19 0
-23 11 41 0
6 29 -43 0
-39 -42 13 0
17 -1 18 0
-10 1 -33 0
2 26 -12 0
-27 19 25 0
8 19 -38 0
-10 45 -35 0
27 -8 -12 0
