p 27 115
-11 -17 -21 0
-21 12 -4 0
-20 -11 -17 0
25 -11 -26 0
-24 -27 20 0
-17 -10 -11 0
-10 -22 12 0
4 -8 -9 0
-20 18 14 0
-26 -10 4 0
19 10 -3 0
-9 5 6 0
-8 2 14 0
-15 3 -16 0
16 22 -14 0
-10 -12 15 0
-20 16 14 0
24 -23 -17 0
23 21 14 0
24 6 -8 0
-1 -17 -5 0
4 -17 5 0
-24 14 7 0
-14 -2 -27 0
-23 15 -19 0
4 -15 -25 0
-1 24 -4 0
19 -13 -27 0
23 -1 13 0
18 22 -13 0
24 5 20 0
26 -5 11 0
7 -6 18 0
-12 -27 -8 0
9 6 26 0
-11 -15 9 0
5 15 8 0
19 15 -26 0
8 -25 11 0
8 9 10 0
19 4 9 0
-17 -22 -4 0
-18 -4 -20 0
-23 -5 -27 0
27 -7 6 0
-19 21 2 0
5 -18 19 0
3 11 -10 0
2 -21 25 0
2 -23 5 0
-24 -19 6 0
5 23 22 0
18 13 15 0
23 -12 -7 0
2 -23 21 0
-27 25 -15 0
-12 13 3 0
-3 20 -7 0
-6 -15 9 0
27 14 -19 0
-25 -18 13 0
27 18 19 0
7 6 -10 0
-17 18 5 0
14 -18 16 0
26 -14 3 0
2 23 -14 0
12 8 -26 0
-5 26 -16 0
-6 -2 10 0
-8 7 3 0
-2 4 18 0
21 -15 9 0
-2 -17 22 0
-3 -27 -8 0
-6 3 2 0
-13 7 -15 0
16 17 15 0
-25 -22 5 0
-17 18 -19 0
-16 18 23 0
-7 14 25 0
17 12 -3 0
8 -5 -2 0
-20 3 14 0
-15 -9 -20 0
6 -16 -24 0
22 -15 -27 0
5 -25 -2 0
-21 -6 26 0
-10 16 -24 0
-24 -8 -18 0
-8 1 -21 0
-20 -5 23 0
17 6 14 0
18 10 6 0
4 -13 8 0
-21 -4 -27 0
-17 12 19 0
23 -26 -20 0
24 1 11 0
23 14 -5 0
23 1 5 0
-8 -21 1 0
10 21 -7 0
-3 -7 -15 0
23 -27 1 0
2 1 21 0
-20 25 18 0
-13 8 6 0
24 -13 -12 0
-3 1 21 0
-15 -21 -5 0
-27 -26 14 0
-23 12 19 0
