p 27 115
-4 -6 -12 0
15 -19 -21 0
14 -2 26 0
25 -5 -17 0
-9 2 -27 0
-1 11 3 0
-10 -16 -21 0
-1 -18 -2 0
11 2 25 0
19 -20 -27 0
27 -9 -14 0
26 -18 -4 0
-14 3 19 0
-16 -15 -6 0
-15 18 6 0
-15 24 5 0
27 7 -18 0
20 16 8 0
4 -5 -3 0
11 14 19 0
22 10 15 0
-10 -16 7 0
-14 3 -25 0
4 -11 20 0
19 12 6 0
13 19 -10 0
9 4 -16 0
-21 6 16 0
24 25 -9 0
6 -18 -9 0
-10 8 -13 0
16 -12 8 0
-2 -23 9 0
-25 -7 -17 0
-7 4 25 0
13 27 -17 0
-10 14 -22 0
21 6 14 0
12 -16 -7 0
-14 -11 -17 0
10 -5 -6 0
9 -2 -18 0
-27 9 11 0
12 10 7 0
8 12 15 0
13 -11 8 0
26 -8 -7 0
-16 6 20 0
-11 -2 -9 0
-10 9 -11 0
-22 25 -1 0
1 5 -16 0
26 -22 12 0
-6 19 -13 0
18 -12 -14 0
13 -15 -19 0
-6 13 25 0
25 6 -3 0
-27 21 3 0
-10 -4 -20 0
-25 8 -19 0
-23 -17 -20 0
16 21 5 0
1 17 -3 0
6 -5 -8 0
11 8 19 0
-18 3 20 0
23 9 8 0
20 17 7 0
-1 22 -19 0
24 16 5 0
-12 -4 3 0
17 27 2 0
13 12 -9 0
-15 -23 -13 0
-26 19 24 0
14 -6 -2 0
15 27 -16 0
1 -9 4 0
19 13 -9 0
14 -11 -25 0
-26 -6 5 0
24 10 -12 0
-27 -2 24 0
17 22 -2 0
18 -6 -17 0
-21 10 -16 0
-6 4 8 0
-16 -3 2 0
17 26 -2 0
7 -16 14 0
-4 15 17 0
16 -26 -21 0
14 -27 -22 0
7 -24 -16 0
-24 -5 7 0
2 15 6 0
1 23 19 0
22 7 -4 0
-20 1 -25 0
-21 -19 -2 0
22 -26 25 0
9 -1 -7 0
17 14 -2 0
-12 -13 -7 0
-17 21 -25 0
-27 -15 -10 0
13 -20 11 0
11 -26 10 0
-27 12 -22 0
1 22 -6 0
-18 15 27 0
-27 11 -24 0
18 -1 -26 0
-20 14 -9 0
