p 46 195
1 -12 36 0
-7 -3 25 0
-27 -33 -38 0
-26 14 -10 0
29 -11 31 0
1 4 7 0
-11 16 -17 0
10 44 -43 0
-24 28 -23 0
17 46 6 0
5 44 25 0
3 28 10 0
-20 1 43 0
-34 -12 16 0
-19 -40 -32 0
34 -40 -44 0
18 30 41 0
-3 -13 5 0
6 -23 -31 0
43 -24 -9 0
-6 -38 32 0
9 -8 -14 0
10 -19 -42 0
-18 -14 -16 0
36 8 10 0
-41 -37 -18 0
-37 -17 30 0
17 13 -18 0
31 -14 -19 0
31 -28 27 0
11 -26 5 0
-39 -34 4 0
-8 -6 9 0
43 16 -42 0
46 -31 34 0
42 -31 19 0
36 19 17 0
3 19 -28 0
45 3 -31 0
17 -18 46 0
42 6 -33 0
-25 11 -27 0
26 -9 17 0
17 33 -40 0
43 -18 -42 0
-29 -8 6 0
46 -24 -42 0
-13 -34 -26 0
-43 6 38 0
30 26 18 0
21 26 40 0
34 30 20 0
-13 -38 29 0
-39 -30 -13 0
-17 38 -39 0
-8 -31 -9 0
3 26 28 0
-19 8 22 0
18 15 -28 0
-29 -19 -34 0
29 2 -27 0
4 -30 31 0
-18 -40 -43 0
11 -25 34 0
43 -13 -16 0
-30 26 25 0
-23 -21 -40 0
-27 -22 38 0
30 15 12 0
19 17 40 0
-1 -15 24 0
17 19 -28 0
-38 15 19 0
43 17 -6 0
45 23 -31 0
-15 -38 -23 0
1 -18 -8 0
3 -2 1 0
42 43 31 0
-44 46 20 0
-2 -30 29 0
27 -2 44 0
40 41 -22 0
-31 13 -19 0
35 46 7 0
-40 -16 -22 0
-25 -14 -43 0
22 -42 23 0
-8 -5 -43 0
-6 -40 5 0
37 30 -35 0
20 17 -27 0
25 -30 -2 0
20 40 45 0
-3 4 30 0
20 24 -2 0
-10 -41 29 0
14 24 16 0
-41 20 38 0
-30 -36 28 0
32 -26 24 0
39 -35 -22 0
8 -4 -20 0
-17 -39 22 0
-44 -29 33 0
36 41 -11 0
-18 33 31 0
18 22 1 0
-2 -39 45 0
29 -43 22 0
-4 9 -23 0
-12 -9 26 0
37 14 36 0
24 -4 -18 0
-10 -41 29 0
-46 -11 -7 0
-13 11 41 0
-27 -37 21 0
15 -36 18 0
-20 -44 -35 0
1 -3 18 0
-19 -2 -32 0
-35 -19 9 0
20 -17 36 0
36 38 -29 0
-34 -14 -13 0
-24 5 -21 0
7 42 40 0
-18 -36 -6 0
-27 13 -5 0
-28 -23 2 0
36 -16 40 0
18 9 -28 0
1 -39 4 0
21 19 3 0
11 12 8 0
6 -12 26 0
-16 -43 -18 0
19 16 33 0
-7 13 -39 0
-17 -37 -45 0
-2 -8 -10 0
-42 10 -3 0
18 -29 -20 0
-7 -2 45 0
23 34 -14 0
-13 -34 -5 0
-2 -36 23 0
-18 -6 -40 0
-35 -17 -44 0
-12 40 41 0
30 -8 -31 0
-19 -45 -22 0
-4 45 11 0
14 -17 -29 0
-20 -24 41 0
-43 -41 46 0
-15 27 3 0
35 42 17 0
5 -38 15 0
-26 -31 -15 0
-39 24 1 0
23 -40 14 0
-6 23 10 0
7 -23 15 0
-5 15 -18 0
7 -25 -30 0
-20 13 -24 0
2 8 1 0
11 29 23 0
-25 27 39 0
14 -16 2 0
-43 -9 6 0
-13 36 27 0
46 -3 -25 0
46 38 43 0
12 22 40 0
1 -40 34 0
9 23 -6 0
40 -34 -7 0
3 17 21 0
-29 -11 45 0
28 -30 19 0
10 13 -35 0
40 9 -3 0
-30 -7 34 0
-9 1 34 0
1 4 6 0
34 -13 14 0
15 -32 -41 0
45 9 -37 0
16 -15 -37 0
-4 -43 -19 0
22 -28 -10 0
35 -26 -5 0
