p 16 68
7 -13 -14 0
-7 8 -1 0
13 11 -16 0
10 -12 15 0
2 12 -11 0
11 -16 5 0
-6 -15 -16 0
-5 -1 -10 0
-11 4 -9 0
13 -9 -10 0
-11 -2 -1 0
10 11 6 0
10 14 2 0
3 -4 1 0
-13 -12 -9 0
11 -13 -4 0
-5 13 -16 0
-7 -13 2 0
-13 12 16 0
2 -10 4 0
9 2 -8 0
15 -7 -13 0
2 8 3 0
-11 15 -9 0
13 5 10 0
-13 7 -8 0
-14 2 -11 0
-13 8 7 0
13 10 -15 0
-9 -6 14 0
-6 -11 12 0
-10 1 -4 0
13 10 5 0
-11 9 1 0
-14 -3 -10 0
6 2 11 0
-16 10 -6 0
16 -5 -15 0
-9 4 13 0
9 11 -3 0
-14 -16 10 0
1 9 6 0
9 -10 -3 0
-10 13 1 0
1 -11 -15 0
4 13 -11 0
-8 7 -1 0
9 10 15 0
6 14 13 0
10 11 -14 0
-1 -14 8 0
13 1 -12 0
2 -10 5 0
-11 -5 -7 0
-11 -9 -14 0
4 2 7 0
8 -7 -16 0
1 5 -11 0
-9 -2 11 0
5 10 -11 0
8 12 -3 0
14 10 -2 0
13 -16 1 0
-8 10 7 0
9 -1 5 0
8 -16 3 0
14 -16 -4 0
-11 -8 13 0
