p 34 144
-22 9 -12 0
-33 -10 -23 0
-6 -4 9 0
-23 -21 -31 0
34 -29 -25 0
4 1 18 0
2 -9 -26 0
11 -23 -8 0
12 -31 -32 0
-2 4 19 0
13 9 26 0
16 24 14 0
-18 -4 -8 0
6 22 16 0
-14 -25 -13 0
-21 17 5 0
-3 25 -19 0
30 15 -18 0
15 17 -13 0
3 25 -26 0
-31 28 -7 0
-5 8 7 0
8 28 5 0
-4 11 -1 0
6 -26 -10 0
-29 18 -14 0
4 -29 33 0
10 8 13 0
-28 -31 17 0
16 -19 11 0
33 -15 -20 0
-28 33 10 0
28 18 -10 0
-9 -24 10 0
-8 -28 19 0
-28 8 -31 0
24 3 13 0
22 6 -4 0
-8 -26 -16 0
-8 -26 -32 0
13 -7 24 0
-5 6 15 0
24 -8 -14 0
11 -20 6 0
-14 15 28 0
-30 33 32 0
-24 -9 -2 0
-21 -18 27 0
-34 9 -32 0
25 -20 -5 0
22 28 29 0
-17 -8 6 0
27 3 -23 0
7 -3 -25 0
11 -3 -2 0
-32 -17 -11 0
-8 10 -7 0
3 5 13 0
34 -14 -2 0
-20 32 11 0
5 10 -31 0
-11 -27 33 0
32 2 -7 0
32 -20 12 0
5 22 -3 0
12 -14 -17 0
-8 -4 2 0
9 -20 -24 0
31 10 -26 0
-12 11 -5 0
8 26 -3 0
-25 1 -13 0
-12 30 23 0
-2 7 -15 0
-6 23 -11 0
10 8 19 0
18 -2 13 0
27 -20 28 0
-21 20 34 0
-28 -15 -24 0
-6 2 -12 0
-12 11 7 0
10 -30 -28 0
-24 -21 -4 0
-9 6 -1 0
-7 -6 -9 0
-31 -33 -12 0
-12 -3 -24 0
7 8 34 0
-5 33 13 0
-33 -23 -20 0
23 19 -6 0
-30 4 19 0
22 -29 30 0
-12 11 -10 0
-28 30 29 0
14 -32 -8 0
-4 17 -21 0
10 9 28 0
17 -32 -29 0
15 -27 19 0
-13 25 -9 0
25 18 -33 0
14 -16 -20 0
6 -33 25 0
-25 -18 -29 0
-4 32 -19 0
34 29 18 0
24 25 11 0
-5 17 8 0
-17 24 21 0
11 -17 12 0
9 2 33 0
1 -5 -3 0
25 32 -19 0
18 -24 26 0
-34 -2 7 0
29 -4 -31 0
2 -12 -20 0
-29 -27 -14 0
9 -14 -23 0
-28 -20 21 0
2 32 34 0
-21 8 12 0
13 -6 5 0
16 25 23 0
2 24 -16 0
-32 5 -3 0
-20 2 21 0
31 26 -21 0
7 -2 32 0
-34 -19 -21 0
-19 26 -30 0
-8 -22 5 0
31 -22 7 0
-21 -28 -22 0
7 28 20 0
5 -24 34 0
21 1 5 0
-18 26 7 0
17 30 2 0
-30 33 -28 0
-7 -21 -30 0
33 13 22 0
