p 99 421
-27 37 55 0
-63 95 99 0
-31 11 57 0
-62 -42 8 0
-90 -69 -87 0
14 75 -28 0
-80 36 -70 0
12 -75 83 0
-91 -45 26 0
-25 70 -47 0
-10 56 40 0
16 -90 55 0
-56 -27 -96 0
73 36 34 0
27 20 -66 0
71 98 -87 0
90 95 -9 0
19 -32 -75 0
47 60 77 0
40 -43 -52 0
-71 -20 -32 0
66 -8 -13 0
62 59 30 0
99 -92 -59 0
29 75 -33 0
22 69 31 0
-87 59 -27 0
-32 47 -28 0
-39 84 65 0
44 -68 -85 0
21 -10 29 0
-9 -19 -82 0
5 -74 94 0
37 -91 51 0
-12 50 63 0
-64 75 84 0
-9 18 37 0
-57 62 78 0
5 -76 90 0
82 -59 11 0
-99 22 -90 0
71 19 62 0
-98 -80 90 0
75 -99 54 0
43 -23 12 0
27 35 -18 0
-79 -51 66 0
-15 -80 -7 0
22 -47 74 0
-32 75 52 0
-71 -90 -35 0
46 25 -51 0
-91 8 76 0
-24 -41 -54 0
-33 42 -73 0
47 67 -29 0
12 -89 21 0
-20 -38 -61 0
-60 -26 -87 0
-37 43 5 0
84 -67 96 0
-33 10 24 0
-15 -11 65 0
73 59 21 0
-93 56 -18 0
46 -81 -79 0
79 54 3 0
-68 50 89 0
-10 -13 -64 0
-9 -20 -46 0
36 44 54 0
-33 -92 -14 0
56 -32 -59 0
-85 -24 36 0
-91 67 25 0
15 -57 84 0
-43 -62 85 0
82 -72 -39 0
97 -91 -50 0
51 69 26 0
33 -63 56 0
-70 67 -27 0
21 57 33 0
95 55 -68 0
-31 33 -20 0
-70 8 12 0
-48 49 72 0
-98 -17 92 0
-4 47 58 0
12 39 -23 0
-96 79 56 0
13 -57 81 0
21 31 55 0
68 -56 -89 0
-33 -23 -46 0
-12 41 -62 0
40 -64 34 0
36 -3 -28 0
-66 -15 -17 0
-23 16 17 0
-39 64 84 0
80 -57 -16 0
-93 10 25 0
14 1 36 0
30 42 -16 0
-33 -41 -61 0
24 -67 51 0
26 -94 21 0
96 78 -69 0
-21 -1 84 0
23 -43 5 0
22 39 -35 0
71 -59 -42 0
55 43 -81 0
-38 67 63 0
-80 58 -43 0
12 -60 -11 0
-49 -63 -7 0
93 14 35 0
-67 -2 -16 0
-3 71 10 0
-62 69 -56 0
-43 16 52 0
-31 -18 -90 0
-59 -15 -14 0
-37 64 -18 0
-71 -90 42 0
-21 71 -50 0
59 96 -71 0
51 -9 20 0
-83 69 56 0
95 -70 1 0
-14 -65 -19 0
-23 -7 -16 0
-70 69 71 0
38 16 28 0
54 27 -53 0
35 84 -46 0
-58 -53 -79 0
97 54 -59 0
69 -8 -57 0
-45 36 23 0
-33 74 -55 0
61 -3 91 0
12 89 33 0
55 45 -44 0
74 -91 81 0
57 -91 51 0
-46 -63 72 0
50 -78 -36 0
-42 28 36 0
72 -45 40 0
73 71 -85 0
4 -9 -71 0
-45 -43 -14 0
26 -77 99 0
-10 30 -95 0
20 -82 -76 0
-96 61 -81 0
-54 12 93 0
25 -57 -33 0
40 88 21 0
-14 70 -69 0
23 -14 -17 0
-25 60 23 0
21 17 65 0
-23 -78 -39 0
46 -99 93 0
-38 -17 -83 0
95 -14 -83 0
-98 -34 15 0
95 -82 93 0
-25 23 -9 0
-15 57 -39 0
2 -78 -74 0
97 5 -73 0
85 49 -13 0
5 1 28 0
78 89 -64 0
-83 71 -78 0
55 9 -93 0
52 29 83 0
-22 -12 -21 0
-57 -21 14 0
-45 22 51 0
11 -29 -66 0
-59 93 87 0
-28 76 74 0
-39 52 88 0
-92 12 -56 0
-81 72 54 0
4 5 -89 0
58 -99 -6 0
16 70 -52 0
24 28 -48 0
6 38 -13 0
20 97 28 0
-22 6 -97 0
61 -71 44 0
-99 81 87 0
-13 37 -64 0
18 -28 -74 0
7 -14 1 0
-62 -86 95 0
93 48 66 0
-72 -93 -88 0
-53 4 39 0
48 91 -70 0
86 -11 -51 0
42 19 -33 0
75 31 11 0
67 -81 -53 0
-81 -95 88 0
-47 -82 11 0
-62 -3 -8 0
65 -90 53 0
-46 98 65 0
71 38 -13 0
44 33 68 0
47 -50 10 0
77 -25 -69 0
51 -49 -8 0
-11 -4 31 0
64 -2 15 0
54 -78 -4 0
-60 19 -71 0
-96 27 75 0
27 55 -67 0
-54 -22 66 0
77 -10 1 0
-89 37 81 0
61 -66 -90 0
-90 50 21 0
-83 6 -92 0
25 26 -28 0
-95 -25 -19 0
10 17 36 0
-83 86 92 0
39 18 -25 0
-57 -80 -33 0
-44 51 -33 0
33 36 -95 0
59 25 -51 0
-53 -62 73 0
-51 -72 25 0
49 67 22 0
20 26 -3 0
90 40 -37 0
-32 -27 -17 0
-25 -51 29 0
63 60 -75 0
25 27 48 0
3 10 59 0
72 -33 -64 0
34 54 -51 0
54 62 93 0
56 -30 -98 0
96 -24 -12 0
13 -9 -16 0
17 65 45 0
-9 -61 -23 0
-14 9 52 0
26 -86 44 0
-6 -47 12 0
-67 80 8 0
35 16 31 0
-48 24 -82 0
47 89 -66 0
53 -79 86 0
-97 -3 -64 0
-72 -46 96 0
21 -98 -16 0
-38 76 58 0
96 -46 87 0
-12 -14 -27 0
-95 -71 35 0
-48 -17 20 0
-62 47 42 0
39 9 88 0
-15 -98 60 0
99 -75 80 0
-90 -50 64 0
62 28 -77 0
-55 40 62 0
-89 -59 -54 0
10 -6 53 0
33 36 -9 0
38 -60 66 0
-19 -89 -2 0
69 96 30 0
-56 -77 31 0
-59 -86 9 0
12 -94 52 0
63 31 71 0
-17 37 39 0
-51 62 18 0
44 37 6 0
58 -53 -14 0
-94 -36 -21 0
52 46 -19 0
-59 70 39 0
69 28 81 0
62 12 -5 0
-34 73 47 0
21 -22 -17 0
99 -42 70 0
-99 12 -18 0
-72 -84 -69 0
-35 -91 -10 0
57 4 7 0
-21 -56 -72 0
-91 63 -80 0
-82 27 -23 0
8 -15 -76 0
76 68 46 0
58 -63 38 0
91 -55 -32 0
3 -19 -70 0
-3 56 30 0
24 -11 94 0
-5 -30 -38 0
-56 45 -52 0
47 49 -14 0
-78 -89 73 0
-13 66 29 0
77 -70 -26 0
-52 43 -13 0
33 -65 -45 0
-97 44 21 0
56 74 -77 0
-35 -3 -56 0
62 -87 5 0
58 -79 39 0
99 -92 -66 0
-51 14 86 0
25 57 -93 0
-4 90 -86 0
27 -91 -30 0
1 44 -68 0
-25 -63 -42 0
-11 -51 -24 0
-51 46 -85 0
-10 -99 41 0
68 -44 37 0
-22 85 46 0
-76 -57 -29 0
-19 12 97 0
-16 -81 43 0
-46 88 -81 0
-50 -64 93 0
-21 -4 27 0
14 23 52 0
-46 -48 -59 0
73 96 -60 0
-97 39 -2 0
86 66 -6 0
-9 41 83 0
23 -82 -84 0
40 -78 49 0
64 -63 -21 0
93 -15 -2 0
-53 -5 -82 0
55 89 -74 0
68 -35 6 0
-70 -45 25 0
-77 8 61 0
-27 -1 11 0
-47 22 61 0
95 -65 13 0
-49 -67 -23 0
-15 -59 -52 0
-47 94 -59 0
67 87 -14 0
-89 -86 -92 0
53 4 -55 0
-5 85 33 0
39 -5 -16 0
45 69 15 0
39 -5 94 0
64 -50 91 0
-98 21 -2 0
15 87 -49 0
-41 56 32 0
87 -36 14 0
-10 -19 25 0
-39 -32 -64 0
66 -41 58 0
-86 -1 8 0
-74 32 22 0
77 29 -50 0
-26 11 9 0
8 61 -80 0
-55 96 -16 0
64 -90 -57 0
28 83 84 0
-42 96 -76 0
10 27 -9 0
-2 68 98 0
-27 -45 41 0
-61 20 2 0
-20 -70 -61 0
-91 10 -19 0
92 96 -43 0
-65 -90 4 0
23 76 -31 0
4 50 7 0
67 -10 -90 0
68 50 46 0
73 21 -70 0
52 16 7 0
-73 -68 39 0
5 -90 86 0
10 -88 75 0
-20 -22 84 0
11 -49 -55 0
58 -64 19 0
75 40 65 0
11 -88 -93 0
-62 30 26 0
-72 -54 6 0
-18 1 31 0
