p 36 153
-27 -6 -3 0
-2 31 18 0
8 4 10 0
27 19 18 0
-7 -17 16 0
-7 33 -31 0
-20 -30 -29 0
-29 -23 13 0
-23 -5 -13 0
9 -11 -34 0
25 -24 15 0
8 -34 14 0
-32 18 14 0
-8 4 -27 0
11 28 -33 0
19 31 29 0
19 32 -17 0
36 -35 -5 0
1 -25 -16 0
12 24 -20 0
-16 -9 15 0
-2 34 5 0
4 13 1 0
16 13 -28 0
-23 -20 -8 0
-15 -10 31 0
2 -18 -7 0
-29 -26 -4 0
-5 19 -12 0
14 -9 -19 0
33 35 4 0
-33 -14 34 0
-5 -36 -35 0
-25 -4 3 0
-10 32 6 0
31 -27 -6 0
-35 -30 11 0
-34 -16 1 0
-19 -36 -23 0
-8 -4 6 0
-15 34 20 0
-5 -15 -33 0
21 3 36 0
-23 -16 15 0
16 5 12 0
13 23 -31 0
27 9 -25 0
-23 14 -33 0
23 11 -21 0
9 -28 32 0
-6 35 18 0
-14 8 -11 0
6 -14 15 0
20 14 23 0
31 22 3 0
-21 31 9 0
-21 34 -10 0
6 -31 -30 0
-24 26 -11 0
-30 9 31 0
-30 -23 -34 0
20 -22 32 0
-23 3 -15 0
-4 28 -20 0
26 34 25 0
-8 32 19 0
-22 15 4 0
10 -6 -4 0
31 -19 30 0
14 1 -11 0
-27 15 -7 0
22 -21 -19 0
27 -28 -33 0
-30 -21 -26 0
-23 -19 -8 0
-10 -13 7 0
-23 33 7 0
-10 7 -21 0
-15 27 -9 0
-9 -20 -24 0
-29 22 33 0
-3 30 34 0
22 -30 -4 0
15 -26 17 0
-25 -2 8 0
34 -21 16 0
-17 -22 12 0
13 -14 -31 0
-6 -1 -26 0
-30 9 17 0
-14 4 32 0
29 -16 -17 0
28 25 -5 0
-24 -20 21 0
-4 -13 25 0
24 -21 -27 0
-19 30 10 0
18 27 -33 0
-15 -36 9 0
-5 14 -19 0
25 4 -27 0
-36 -4 15 0
2 20 16 0
-26 32 -22 0
-13 -19 35 0
5 -25 -21 0
-6 -28 20 0
29 -23 8 0
18 8 32 0
-15 -34 24 0
-23 -10 -36 0
12 -5 14 0
5 21 8 0
26 18 12 0
33 31 -2 0
18 -9 -36 0
30 9 31 0
1 -30 21 0
8 -22 -35 0
6 -21 -14 0
-32 26 -31 0
-17 -31 -22 0
-28 -27 -11 0
8 4 -26 0
14 -20 30 0
3 22 -9 0
34 26 -33 0
32 28 -27 0
-36 -9 -24 0
-14 34 11 0
11 -3 -10 0
-3 21 9 0
-13 -30 8 0
-4 -28 -10 0
14 8 -4 0
-11 13 -20 0
-36 29 1 0
7 -2 -11 0
8 5 18 0
11 4 20 0
-15 -30 -9 0
24 -34 -20 0
-28 -15 36 0
-26 1 36 0
17 -25 -9 0
30 -2 -1 0
29 35 14 0
-23 33 9 0
13 -12 5 0
-34 12 -30 0
36 -32 -27 0
-21 5 25 0
-5 35 25 0
