p 27 115
21 14 15 0
21 -10 23 0
6 11 10 0
-14 -2 21 0
1 15 17 0
-6 -15 -27 0
-20 -24 22 0
16 -17 -26 0
-14 -7 11 0
-16 6 -5 0
17 20 23 0
10 -25 20 0
-23 -11 19 0
24 26 -27 0
-25 -8 3 0
-10 -2 23 0
-3 19 -10 0
-22 -12 -13 0
-16 -20 -8 0
-9 11 -6 0
-9 12 26 0
-14 6 26 0
23 6 20 0
16 12 -7 0
-14 7 12 0
-1 -4 17 0
-14 -13 18 0
2 -6 -10 0
17 4 -21 0
-9 1 7 0
-12 -17 -24 0
18 -14 -16 0
-3 9 -7 0
4 6 -1 0
-12 -9 -5 0
-19 -5 -15 0
-10 11 -14 0
-17 8 23 0
-11 -3 -8 0
-2 -8 -14 0
-21 -7 23 0
18 -16 -2 0
-1 -19 -18 0
-17 27 -23 0
-13 -23 15 0
-21 -3 -18 0
13 -1 -9 0
18 -27 -25 0
-10 26 -2 0
14 -10 -17 0
11 -15 9 0
1 -19 8 0
12 13 -23 0
-4 11 22 0
-9 5 -18 0
-18 14 16 0
-14 3 19 0
-25 8 -23 0
-6 -17 -1 0
21 -25 -16 0
22 9 -25 0
8 18 -25 0
9 -2 6 0
17 7 -9 0
17 -20 1 0
-4 -22 7 0
-6 22 19 0
-7 12 -24 0
20 25 4 0
4 -14 25 0
-1 2 -9 0
14 -6 -4 0
-18 16 25 0
16 -14 -21 0
-6 -20 25 0
-27 -19 -21 0
-22 -21 3 0
-5 15 19 0
-27 25 16 0
-12 -18 -7 0
9 11 17 0
-9 -17 19 0
-4 -16 -1 0
19 -25 2 0
-18 6 24 0
-20 19 7 0
15 -8 17 0
16 5 19 0
-10 -18 -16 0
-2 11 26 0
-20 10 27 0
-25 -7 -12 0
23 -26 -15 0
-10 16 8 0
8 -23 -19 0
-12 18 -20 0
2 13 11 0
-2 8 -7 0
5 -24 -1 0
7 -12 -24 0
21 15 -26 0
-15 8 22 0
-12 18 -7 0
-16 -4 -1 0
-25 20 9 0
8 17 -9 0
-26 -3 2 0
8 2 -26 0
2 1 27 0
16 24 -21 0
12 19 26 0
-10 -6 -20 0
18 -24 -19 0
-11 13 -21 0
-13 14 9 0
