p 57 242
-2 15 26 0
-34 -48 -16 0
-8 -31 7 0
20 -5 -24 0
-24 23 36 0
6 21 57 0
56 57 54 0
10 -13 57 0
-40 32 54 0
-9 49 11 0
11 -57 55 0
-3 38 -39 0
-33 -4 -38 0
-8 -49 29 0
39 -5 -11 0
-27 45 17 0
56 -31 40 0
42 -30 -22 0
41 -13 56 0
51 52 -11 0
-8 51 -38 0
-31 -13 -25 0
-20 -30 39 0
48 -17 27 0
1 54 31 0
21 -26 -43 0
-36 -31 18 0
34 -46 27 0
7 5 26 0
24 6 36 0
50 -16 24 0
-42 -15 7 0
29 13 24 0
51 -31 55 0
46 -38 32 0
32 -40 -54 0
42 -28 36 0
2 -7 11 0
-26 -50 11 0
20 -29 18 0
7 34 25 0
25 3 -11 0
-46 37 44 0
-57 -53 46 0
22 40 -2 0
41 45 -35 0
19 -37 -39 0
48 46 55 0
57 20 -22 0
33 -6 40 0
-19 -12 11 0
8 -36 -7 0
46 12 -50 0
-18 48 -16 0
16 46 -39 0
10 -8 -4 0
21 -53 17 0
-50 12 -14 0
-45 54 19 0
-1 5 -17 0
-42 -37 -19 0
27 9 -48 0
-54 -3 -50 0
53 43 -52 0
-45 -32 -26 0
23 2 -29 0
-8 38 1 0
-33 24 36 0
-48 6 17 0
-3 -22 18 0
55 -19 -12 0
7 -28 10 0
-54 -13 10 0
41 -20 10 0
25 4 47 0
-55 47 34 0
13 17 -53 0
34 -8 30 0
-35 21 22 0
21 -53 51 0
-51 -9 11 0
-50 27 52 0
-41 -56 2 0
-48 37 -38 0
57 -8 -6 0
5 -30 -35 0
-36 1 22 0
31 -29 -37 0
11 -34 -15 0
-55 36 -51 0
52 34 -30 0
-30 43 -47 0
-1 41 26 0
45 47 -17 0
-55 -31 57 0
4 49 44 0
-33 25 28 0
-27 -20 -53 0
1 21 26 0
-11 43 -12 0
-40 -35 -33 0
-43 47 -37 0
-22 6 9 0
55 -7 -24 0
37 43 -16 0
-22 -52 -31 0
-29 -7 52 0
-11 -43 44 0
-39 11 18 0
-4 45 -57 0
56 -12 11 0
15 -26 20 0
6 -30 44 0
45 -27 -41 0
-24 20 -29 0
-6 50 52 0
23 -17 49 0
6 -35 -47 0
16 42 14 0
32 -7 -10 0
-57 -37 23 0
-30 -19 32 0
-40 23 56 0
-38 -54 -55 0
-46 -8 -47 0
37 -48 -49 0
34 -28 12 0
28 33 -32 0
41 27 8 0
-1 -31 28 0
-57 2 51 0
-53 -39 -52 0
-49 -3 -20 0
14 -2 34 0
-3 -11 25 0
35 -46 -27 0
24 44 40 0
43 55 -8 0
-31 14 13 0
15 26 -18 0
-19 -36 -34 0
49 52 -4 0
4 29 -53 0
30 53 -21 0
57 -49 -55 0
-33 -29 48 0
48 -50 38 0
-12 3 -37 0
39 -4 3 0
36 -45 53 0
-30 22 40 0
-33 43 29 0
-16 -39 40 0
-10 -38 45 0
-20 -44 55 0
-35 40 7 0
3 -38 41 0
-19 57 -40 0
-25 49 -11 0
45 52 1 0
22 47 26 0
38 -35 -24 0
-25 19 -9 0
-51 -43 13 0
-10 16 29 0
-15 -39 -2 0
-30 12 -20 0
-49 53 3 0
51 20 -27 0
42 37 -6 0
-12 -36 -18 0
9 -40 25 0
-52 -51 38 0
-17 46 -2 0
31 -50 32 0
-25 -12 29 0
45 -17 15 0
52 19 57 0
-51 7 12 0
-3 -35 -52 0
-46 48 9 0
-28 16 -55 0
-31 -39 46 0
-39 -35 -40 0
-18 -5 49 0
19 -23 -45 0
-14 -46 37 0
18 -34 -1 0
-43 3 49 0
-8 45 -54 0
44 22 -38 0
4 34 -18 0
3 -43 -33 0
3 -36 -2 0
8 3 -51 0
-38 7 15 0
-30 -35 49 0
35 -4 -22 0
-55 -41 -33 0
-22 -25 -1 0
1 -3 12 0
36 40 -27 0
14 42 -5 0
18 -56 3 0
40 -30 -32 0
-15 28 -26 0
47 7 44 0
32 17 39 0
-47 13 -31 0
57 -18 -6 0
31 -38 35 0
34 54 8 0
-11 39 4 0
-33 11 23 0
41 42 -50 0
6 7 23 0
-17 13 52 0
-39 -47 -5 0
27 -44 55 0
-48 -4 -29 0
-10 37 33 0
-34 4 3 0
54 -3 -9 0
-40 49 57 0
42 -48 -29 0
-38 -23 16 0
-31 -7 16 0
-32 -34 -26 0
-42 13 -41 0
-10 18 -51 0
10 49 -42 0
1 9 -13 0
43 27 54 0
-46 -34 -47 0
39 55 9 0
-1 -53 15 0
-55 -2 56 0
57 -3 13 0
7 25 45 0
-40 -47 16 0
-11 40 -38 0
26 -56 57 0
