p 81 345
-28 -4 -44 0
73 -26 9 0
-64 80 -42 0
44 -33 11 0
-5 34 -66 0
-37 -71 63 0
63 37 -76 0
-19 -58 -25 0
-3 46 -41 0
26 -43 -58 0
62 55 -16 0
-34 2 79 0
-57 52 -81 0
4 26 16 0
-58 24 -70 0
-53 45 -28 0
20 1 30 0
-15 52 12 0
-73 28 -31 0
32 21 -42 0
-58 81 -42 0
49 -30 -14 0
63 -46 -11 0
41 63 38 0
18 81 28 0
-59 31 -41 0
-79 -46 26 0
53 -23 -4 0
43 15 54 0
-66 65 10 0
-4 30 24 0
-64 -65 -60 0
-31 -1 72 0
-12 -61 -7 0
73 31 10 0
62 -64 -75 0
-48 7 -65 0
-54 -67 -63 0
56 62 66 0
64 54 -49 0
5 -77 69 0
55 51 -40 0
-3 76 40 0
-9 52 3 0
1 17 15 0
-2 -71 9 0
-24 -65 51 0
72 28 81 0
-12 75 -32 0
-51 -30 69 0
-44 60 -61 0
-45 16 79 0
8 -32 -11 0
80 -64 -71 0
-65 -1 -45 0
22 36 -28 0
-62 -11 42 0
-65 48 24 0
12 69 46 0
42 -64 -5 0
13 -74 27 0
-69 -30 6 0
69 4 -16 0
9 -50 45 0
-35 36 76 0
-58 78 44 0
-80 -75 37 0
-31 -34 16 0
54 -9 -72 0
2 -76 -29 0
72 -6 35 0
-67 -52 -46 0
49 10 67 0
-1 23 21 0
81 43 53 0
41 6 -22 0
-15 -80 -73 0
44 -33 -18 0
60 -72 71 0
-40 -21 -74 0
6 -26 -21 0
81 -48 -63 0
-56 -2 -42 0
34 -8 -65 0
54 -14 53 0
-20 38 39 0
-76 -36 25 0
-64 34 -42 0
-12 -36 -18 0
21 -79 -46 0
5 24 -76 0
54 -61 29 0
-58 73 30 0
42 11 -77 0
48 -10 -22 0
-18 48 -54 0
41 -35 13 0
-70 -38 23 0
-11 -15 45 0
-67 60 -22 0
-6 -79 63 0
-34 1 54 0
63 62 -45 0
81 -53 -47 0
76 71 30 0
-23 -34 45 0
1 18 -15 0
-67 -75 -64 0
-73 -46 -68 0
-14 69 -52 0
-79 17 57 0
-9 -53 80 0
27 -52 75 0
-59 -11 2 0
14 6 57 0
-56 -80 -78 0
-81 -41 -71 0
-32 -38 -74 0
-75 37 -22 0
3 -5 49 0
51 39 8 0
65 -38 58 0
5 76 -4 0
-44 -52 23 0
35 -29 -76 0
24 -79 -28 0
8 -77 -50 0
29 -42 38 0
25 -3 50 0
30 51 32 0
57 9 -58 0
35 38 65 0
-60 20 66 0
-17 -45 -55 0
71 -64 58 0
12 -77 75 0
1 55 14 0
23 35 29 0
52 32 1 0
-41 -77 16 0
51 47 74 0
42 -6 18 0
-69 -5 -28 0
52 -35 -5 0
1 -36 -60 0
76 -47 36 0
-20 -13 -48 0
60 -20 -52 0
-73 -72 8 0
25 46 8 0
44 52 60 0
38 21 -79 0
-53 41 -37 0
-24 -73 -28 0
-81 65 -80 0
-8 -15 -3 0
-48 49 8 0
30 78 15 0
53 43 -57 0
11 70 3 0
-13 48 -5 0
80 -7 -61 0
6 36 77 0
5 34 81 0
52 -65 -11 0
65 -57 21 0
44 -13 -7 0
51 -24 -71 0
-49 -64 9 0
-53 34 -76 0
-71 17 16 0
31 26 -30 0
-47 58 4 0
30 -15 -18 0
-67 53 11 0
-35 -37 43 0
-40 -70 -52 0
32 59 -3 0
-30 57 37 0
10 1 30 0
-28 -14 61 0
35 -71 24 0
51 -8 74 0
46 2 -16 0
-11 -65 25 0
18 -21 -4 0
-12 6 25 0
-1 -50 -59 0
-51 -77 16 0
28 -23 -41 0
-48 17 -81 0
-63 71 -28 0
-61 -65 48 0
12 -47 81 0
5 43 -51 0
-47 44 74 0
44 1 24 0
13 -38 -65 0
-38 13 15 0
40 42 -75 0
-23 -4 -32 0
-64 18 -65 0
-47 -14 9 0
-18 9 -3 0
-70 -55 79 0
-27 -58 -43 0
3 -20 7 0
26 51 -71 0
56 47 81 0
10 -60 -5 0
2 21 -79 0
17 -40 28 0
53 8 -36 0
-70 -27 24 0
15 -23 -40 0
-58 -2 22 0
51 63 -71 0
15 -61 -14 0
-29 -34 77 0
24 -62 77 0
-42 25 75 0
-49 -1 77 0
-25 6 49 0
-6 9 67 0
-65 -21 -41 0
-19 52 36 0
9 4 -76 0
-39 21 34 0
-4 76 17 0
57 -3 -34 0
65 -48 -16 0
3 -54 77 0
-1 -40 6 0
-72 80 -41 0
26 -74 59 0
-48 14 -8 0
-2 -14 57 0
41 28 64 0
58 -2 -17 0
-51 -75 -64 0
-34 51 -62 0
74 37 3 0
46 -13 68 0
37 23 42 0
17 23 19 0
36 -12 -25 0
-66 -5 -16 0
77 71 -28 0
-15 3 7 0
38 -63 9 0
-38 11 3 0
-50 29 16 0
-74 61 -67 0
51 35 9 0
6 -26 54 0
77 -8 27 0
43 -42 -28 0
-73 1 61 0
11 68 -57 0
-16 81 63 0
-23 -5 50 0
58 -12 19 0
-57 -51 -69 0
76 -28 6 0
-80 -60 54 0
73 -58 20 0
-53 77 2 0
74 -16 -22 0
58 -1 -21 0
71 27 77 0
-64 -42 -69 0
79 -52 -34 0
-20 34 54 0
73 -24 -10 0
66 2 24 0
-49 -56 -16 0
-42 -19 33 0
-42 2 59 0
-61 -22 20 0
5 52 81 0
-13 -62 -12 0
38 65 -8 0
69 -66 20 0
33 57 -40 0
55 -73 -41 0
-22 4 9 0
17 8 35 0
-31 1 -47 0
-63 -40 49 0
-8 38 -12 0
68 -62 22 0
20 45 13 0
-48 70 28 0
81 1 -53 0
37 -78 50 0
-24 -6 -78 0
-71 52 -13 0
-73 15 -44 0
22 -24 9 0
-66 29 22 0
70 43 -5 0
-24 25 60 0
-55 -26 -28 0
-10 -61 70 0
-9 -54 -25 0
43 -33 9 0
68 -50 41 0
-73 -46 -53 0
79 42 23 0
16 -35 76 0
23 -13 50 0
67 -36 32 0
-12 -35 38 0
-64 -14 43 0
-42 53 63 0
20 42 15 0
4 30 -51 0
79 -22 56 0
-11 -5 -61 0
-38 -58 77 0
-6 44 -59 0
-7 46 32 0
32 49 75 0
26 -58 -6 0
-28 -68 20 0
-1 -24 37 0
61 -65 10 0
-35 40 -74 0
-3 -65 -40 0
54 -30 -64 0
30 7 32 0
-35 -62 14 0
71 52 11 0
10 -65 -22 0
49 31 16 0
-80 67 -73 0
55 -77 81 0
-46 -75 -1 0
58 62 74 0
-1 65 26 0
80 -34 70 0
56 -9 16 0
-7 79 -6 0
70 -12 -71 0
-25 -37 -39 0
