p 84 357
-48 -50 -77 0
31 -62 66 0
-61 -54 -72 0
-23 25 -68 0
-46 52 -39 0
67 25 19 0
40 -50 65 0
40 30 -80 0
-59 62 -17 0
-80 58 -44 0
61 68 -53 0
-25 -33 58 0
32 -52 -16 0
-30 -4 16 0
56 -55 -74 0
-77 -75 -27 0
37 61 56 0
-14 -35 -3 0
-35 -33 54 0
20 31 -6 0
-58 -43 -45 0
40 76 58 0
53 15 -25 0
-9 -34 10 0
31 37 -76 0
44 -15 -38 0
-30 -49 21 0
-57 11 -60 0
8 81 45 0
44 70 64 0
-81 -30 69 0
-44 71 -28 0
69 58 -68 0
-10 75 -78 0
-56 -57 -19 0
2 22 -68 0
67 40 32 0
-83 41 5 0
-27 -53 38 0
9 6 -43 0
-56 -3 -52 0
25 3 74 0
-8 -25 -52 0
7 -46 68 0
15 -64 -30 0
19 24 -27 0
-51 34 -12 0
63 -46 -80 0
54 20 -43 0
34 68 -56 0
66 -35 30 0
72 78 -65 0
60 5 -56 0
53 -69 11 0
21 -2 -5 0
51 65 45 0
-62 84 -79 0
10 -24 -79 0
-8 -79 70 0
-56 -47 -6 0
8 -82 -32 0
16 45 -74 0
-52 2 59 0
-25 -68 36 0
42 45 -20 0
-60 51 15 0
32 -1 84 0
-59 -1 -5 0
-56 4 48 0
28 62 4 0
-26 -71 -35 0
83 -9 -32 0
38 28 43 0
24 74 -69 0
-37 57 60 0
-23 -7 38 0
-19 -51 -47 0
48 -84 -49 0
-17 -54 -63 0
14 -72 -34 0
8 41 4 0
-57 -49 -61 0
-58 -74 17 0
-53 79 -14 0
26 -6 61 0
75 47 38 0
8 -69 -35 0
65 -82 -61 0
73 -52 19 0
44 -58 -34 0
-25 -56 55 0
-81 -58 -65 0
-36 -83 76 0
49 -62 61 0
-44 -2 -55 0
32 -29 24 0
43 14 -33 0
44 12 -1 0
-22 -15 50 0
59 -65 -30 0
23 -67 47 0
7 -40 -80 0
-5 -68 -19 0
51 -7 12 0
-16 4 -84 0
81 11 1 0
-21 -75 15 0
74 -55 8 0
-42 -71 22 0
60 23 82 0
-58 15 -55 0
-70 -55 -22 0
63 -35 -54 0
46 64 -34 0
-46 48 67 0
-35 44 59 0
52 83 -17 0
4 67 -40 0
45 -73 -27 0
-39 34 77 0
-72 81 54 0
-50 -40 30 0
-69 47 24 0
-64 38 4 0
15 5 21 0
30 49 47 0
-82 59 37 0
28 23 -3 0
58 -21 -5 0
15 -50 -22 0
-62 -81 -27 0
-29 71 59 0
32 35 66 0
19 -1 -7 0
31 8 84 0
70 72 32 0
5 -64 -52 0
24 35 13 0
7 19 -25 0
39 62 -6 0
-58 25 41 0
-76 -66 70 0
-1 -84 44 0
-45 70 24 0
42 -48 78 0
47 -44 72 0
-17 -28 70 0
28 82 48 0
-42 -37 -62 0
70 -30 60 0
-39 -46 -4 0
-71 77 43 0
43 1 -62 0
-81 3 -16 0
1 57 61 0
67 -31 73 0
32 4 -22 0
5 81 49 0
52 24 -35 0
-38 40 73 0
-45 19 -43 0
-63 -22 -82 0
-16 -25 74 0
-12 36 -7 0
24 -3 -55 0
70 -23 -54 0
50 -17 56 0
-5 -11 -22 0
52 -74 56 0
-54 59 83 0
22 63 -14 0
-25 55 75 0
-30 -43 -32 0
-39 -61 -14 0
-64 -27 1 0
-10 -36 55 0
52 -29 80 0
8 -61 -71 0
55 78 17 0
-65 83 73 0
43 70 60 0
-39 23 -43 0
44 -81 69 0
55 40 21 0
35 72 -53 0
-8 1 -63 0
63 -61 56 0
24 -81 22 0
-63 29 75 0
-72 -74 -7 0
29 -8 -22 0
3 -16 -10 0
13 2 33 0
39 -55 -24 0
41 24 -12 0
-65 62 35 0
36 -41 -34 0
-2 30 9 0
41 34 60 0
-16 62 -5 0
58 -57 60 0
-28 -20 -25 0
13 12 -45 0
-59 56 60 0
-84 31 33 0
-39 76 -81 0
54 -71 -39 0
24 -39 3 0
17 19 15 0
-27 -84 35 0
9 -56 61 0
3 28 -53 0
-83 -51 78 0
-40 -15 -71 0
-78 40 13 0
27 -78 -8 0
70 -79 -73 0
38 39 47 0
1 32 -77 0
60 39 -40 0
50 60 -72 0
-45 62 10 0
13 66 -48 0
-7 47 4 0
47 -23 -3 0
-74 -1 82 0
-1 -66 26 0
17 -34 -13 0
62 82 13 0
-28 -77 15 0
56 -28 72 0
61 3 -73 0
-73 -42 -13 0
-11 -67 -72 0
16 -31 5 0
-53 56 -3 0
67 63 -35 0
-60 73 -63 0
-19 -57 82 0
-45 -29 72 0
12 -13 77 0
-22 -35 80 0
-30 17 82 0
53 -47 -31 0
-78 76 68 0
32 -3 -57 0
-16 2 49 0
-73 -17 54 0
-5 -64 15 0
-44 59 -65 0
27 16 77 0
-20 -52 72 0
-41 -30 -55 0
-25 -36 27 0
-1 -35 77 0
-38 7 -75 0
71 20 81 0
76 -74 -42 0
81 -9 2 0
72 13 60 0
-50 -62 -39 0
-74 35 72 0
6 33 -71 0
38 74 -35 0
-38 -15 71 0
70 -69 -65 0
72 -77 32 0
-21 -46 -74 0
-22 -77 -12 0
55 84 28 0
-50 -76 -19 0
-63 -53 -33 0
-11 -77 7 0
-46 7 11 0
58 9 10 0
-26 -78 20 0
73 56 9 0
-13 64 -75 0
-46 -17 50 0
-54 -70 7 0
-22 -55 47 0
16 39 -38 0
-11 -67 70 0
-23 33 6 0
56 42 22 0
-31 -81 -44 0
72 66 46 0
49 60 58 0
63 64 -6 0
63 -2 9 0
-9 -33 -49 0
78 -23 -69 0
35 53 -37 0
46 6 -17 0
-74 -8 83 0
46 69 -12 0
37 -28 5 0
-35 77 -37 0
41 -3 55 0
78 82 -35 0
-82 24 -25 0
-48 -2 -70 0
-3 -69 -1 0
80 -40 63 0
-77 65 -27 0
7 -14 -44 0
-70 -57 -16 0
-75 73 23 0
-31 -21 64 0
-3 -36 -56 0
44 -69 29 0
67 72 65 0
72 4 3 0
-55 79 56 0
25 -74 40 0
41 60 64 0
-38 -42 -72 0
42 13 19 0
54 -41 82 0
-32 66 -16 0
65 -59 -37 0
25 32 47 0
74 -33 4 0
-66 -12 -1 0
-23 2 -81 0
40 -41 -47 0
-29 77 81 0
40 -84 14 0
-49 9 43 0
69 78 24 0
-56 -77 -69 0
-8 12 -42 0
71 -70 28 0
37 -78 56 0
-57 -30 -42 0
5 83 -24 0
-46 -50 -51 0
-37 75 -14 0
-71 -4 62 0
74 12 13 0
53 46 -8 0
-54 -60 -11 0
-80 -75 62 0
-44 33 -47 0
-72 -35 -3 0
-5 -72 9 0
-11 -26 -38 0
67 75 7 0
-51 8 12 0
-57 48 78 0
43 74 -47 0
15 4 19 0
3 66 -33 0
1 -78 -67 0
47 -84 10 0
-70 -23 -31 0
25 43 63 0
