p 69 293
24 -7 3 0
24 -54 14 0
56 6 -69 0
51 28 61 0
-34 -61 63 0
41 34 27 0
11 39 -68 0
55 47 -10 0
24 -11 -47 0
-28 40 -21 0
-27 -30 43 0
2 -11 -67 0
35 22 -27 0
-21 60 -68 0
-61 -31 67 0
-8 -27 12 0
49 8 -55 0
-63 46 40 0
-12 -67 -68 0
3 -15 -54 0
37 28 -22 0
17 -34 39 0
21 54 -46 0
-64 10 -11 0
-61 39 -34 0
-39 50 -26 0
38 -15 -50 0
-5 -11 65 0
49 56 -16 0
31 -18 -7 0
27 45 41 0
9 -13 24 0
-48 -7 -39 0
-26 -22 -7 0
50 3 -32 0
26 62 2 0
29 7 45 0
28 -50 31 0
-24 23 28 0
35 -3 65 0
45 -67 16 0
33 57 32 0
51 46 -49 0
-53 32 -28 0
44 14 30 0
1 -47 -66 0
7 14 1 0
-34 -64 -26 0
-19 63 41 0
62 -2 -59 0
4 -17 10 0
21 51 42 0
-56 -21 -3 0
-17 -57 19 0
-25 10 -56 0
-13 -23 -61 0
-9 36 37 0
21 -12 -6 0
19 -55 -43 0
-4 -65 -47 0
52 -34 3 0
17 59 64 0
-9 -13 -3 0
-26 46 -59 0
-10 40 16 0
-19 -9 -50 0
7 -47 -60 0
-47 -45 61 0
14 -49 -66 0
60 21 -49 0
58 -1 39 0
34 46 47 0
-26 -46 -58 0
1 49 -43 0
60 5 34 0
3 32 -5 0
-65 17 9 0
58 -59 -56 0
-42 -15 -22 0
51 -17 41 0
19 57 -35 0
53 -66 -19 0
30 -3 50 0
46 13 24 0
64 -54 -6 0
-23 -37 5 0
-48 38 39 0
45 3 -49 0
48 17 -28 0
3 -64 -39 0
-45 37 19 0
42 -18 26 0
47 51 43 0
-46 10 34 0
6 -42 -60 0
9 -68 66 0
-3 31 -33 0
13 58 6 0
10 -46 -17 0
-60 24 -39 0
36 -33 -31 0
-15 -19 -12 0
3 62 -19 0
-10 -54 31 0
8 -25 -63 0
-2 -27 22 0
-49 41 48 0
-16 42 -38 0
-34 -18 12 0
-63 -31 -38 0
22 7 24 0
-57 37 -42 0
-34 65 -30 0
-35 49 -16 0
-55 -14 -56 0
-34 -9 -3 0
-19 -32 -68 0
-65 -61 69 0
-69 -1 57 0
66 -49 -12 0
-46 15 1 0
-23 -17 -19 0
-6 -68 -49 0
44 -20 54 0
-59 13 -62 0
-64 60 36 0
-42 15 40 0
52 10 -37 0
2 20 9 0
-63 -61 -31 0
-37 51 55 0
-21 32 -62 0
-47 -12 -4 0
-68 -41 -20 0
59 51 -60 0
23 28 62 0
-54 -4 -11 0
-62 50 65 0
-23 67 -47 0
-31 -6 -23 0
57 52 -13 0
-34 -52 13 0
37 -46 12 0
44 60 9 0
64 -49 -31 0
-32 56 -24 0
-6 3 58 0
21 -19 -62 0
-11 -48 29 0
5 -22 12 0
-38 20 -46 0
-47 60 35 0
-2 37 -60 0
-2 68 -55 0
-63 52 29 0
-12 28 14 0
61 -12 56 0
-11 15 30 0
49 -23 -13 0
12 -42 -49 0
-69 -24 37 0
-24 -57 -53 0
14 -19 -17 0
-56 2 -26 0
2 -44 -52 0
4 -49 -11 0
39 26 -1 0
43 -18 -68 0
21 5 34 0
-35 -43 32 0
65 -69 54 0
-55 24 -37 0
-59 58 32 0
1 -24 13 0
-16 19 -60 0
18 -46 -3 0
19 3 46 0
-29 -12 68 0
-52 13 -9 0
13 45 29 0
-27 26 -58 0
-4 38 -37 0
-57 7 3 0
27 57 -18 0
-13 -9 -38 0
-18 66 60 0
-33 44 28 0
-27 -50 37 0
-3 44 -68 0
51 30 -26 0
-8 -25 49 0
-47 48 19 0
-2 12 -24 0
-8 51 -60 0
-21 -9 11 0
-47 20 4 0
1 -34 2 0
-21 57 25 0
61 -34 -54 0
11 -49 35 0
20 58 25 0
27 -59 -34 0
66 8 -56 0
-10 45 54 0
-61 67 37 0
30 56 -37 0
-31 69 2 0
58 -55 -43 0
-12 31 -61 0
-56 25 -5 0
-42 -51 -18 0
-25 5 66 0
10 68 -50 0
-69 15 -1 0
63 13 -12 0
-29 14 -37 0
-46 -14 18 0
-60 26 -56 0
45 -46 -4 0
-52 -50 64 0
-6 -48 39 0
-1 -14 -36 0
68 -20 -63 0
-13 20 57 0
-49 30 32 0
35 15 -64 0
11 35 56 0
-6 -32 41 0
-26 24 15 0
-47 -30 -6 0
39 -56 30 0
-23 -69 -2 0
45 28 50 0
31 12 48 0
2 66 -58 0
-22 13 43 0
-31 -49 11 0
-56 31 46 0
-38 -41 -40 0
-38 43 -62 0
-49 -30 62 0
54 24 -15 0
2 18 -50 0
5 -22 3 0
58 69 -26 0
8 -58 62 0
-29 14 66 0
-30 4 63 0
-66 -48 -11 0
-65 56 -26 0
66 -17 -12 0
60 67 -58 0
18 20 -54 0
-55 -15 -51 0
-60 23 -34 0
10 50 8 0
-5 61 43 0
-6 11 62 0
38 27 61 0
-12 2 10 0
48 67 -13 0
-54 -63 -8 0
5 -25 -69 0
8 -19 -61 0
-5 20 -56 0
36 33 -3 0
-23 56 -52 0
-19 42 34 0
-54 -23 46 0
31 35 -34 0
-47 44 -42 0
-43 36 -45 0
-27 -38 14 0
4 -49 -44 0
29 -10 35 0
-21 -1 15 0
-14 -44 -28 0
-2 -47 54 0
-63 53 60 0
57 -10 -42 0
-15 -37 58 0
-20 -16 4 0
32 20 -64 0
40 42 -37 0
44 -56 45 0
-55 44 66 0
26 58 -39 0
46 52 13 0
47 -36 22 0
-16 53 -58 0
-66 25 42 0
-58 -20 18 0
-45 3 -12 0
