p 37 157
34 -30 -2 0
-35 17 32 0
3 32 37 0
-25 33 3 0
30 13 -24 0
-31 16 -27 0
-27 -15 5 0
-19 -21 -8 0
-10 -1 29 0
-4 16 -9 0
22 -3 9 0
-36 27 13 0
-26 -34 4 0
35 -3 15 0
12 -36 5 0
2 8 34 0
-13 15 1 0
-34 -5 -19 0
26 13 6 0
-8 -28 -35 0
22 -8 -36 0
-2 -11 1 0
11 3 -34 0
6 -1 -21 0
30 -1 -32 0
-31 -29 13 0
24 -31 37 0
30 10 -14 0
33 13 -1 0
-31 -6 2 0
30 7 18 0
-18 27 -33 0
-29 3 35 0
-1 -10 -24 0
-23 13 16 0
6 -37 9 0
-15 25 -6 0
9 -6 1 0
9 -17 25 0
-9 -4 23 0
3 15 -4 0
27 -12 1 0
-12 -14 26 0
-7 9 29 0
-28 35 -12 0
22 27 29 0
-4 -19 -33 0
-21 20 5 0
34 -6 -35 0
32 -13 23 0
-2 -18 19 0
13 -34 12 0
19 4 11 0
-22 9 -26 0
18 -8 5 0
-13 8 10 0
-10 -7 35 0
-21 -31 -23 0
3 8 -9 0
-5 -4 30 0
-8 -21 36 0
2 19 -4 0
7 28 25 0
-11 -19 37 0
10 -33 -11 0
-37 26 1 0
35 -4 -27 0
-24 -29 13 0
9 -27 -2 0
12 -3 6 0
-32 -18 -13 0
33 7 15 0
-4 -29 -36 0
-34 -23 -26 0
-34 -23 25 0
13 -30 32 0
29 23 6 0
-12 -23 -17 0
-1 -13 -3 0
-1 27 -37 0
-1 9 21 0
30 23 25 0
5 33 -8 0
19 16 -18 0
3 11 5 0
-15 -32 -10 0
-21 -32 14 0
-7 -30 4 0
-19 -29 -1 0
-26 -20 36 0
8 -1 24 0
26 19 -33 0
-5 -32 -29 0
-21 -4 24 0
-31 -18 -16 0
12 17 6 0
21 11 -19 0
-14 33 2 0
-2 19 26 0
1 36 -10 0
14 13 -28 0
2 -36 -27 0
-7 13 8 0
-25 -27 -31 0
11 -3 31 0
19 27 31 0
8 -32 31 0
4 -21 25 0
26 -27 24 0
8 15 -34 0
-10 22 4 0
8 -9 1 0
32 -12 11 0
-29 37 -33 0
-31 -12 1 0
19 -1 -28 0
-12 -9 -30 0
-10 5 14 0
-17 20 -31 0
-18 -9 -19 0
15 -19 7 0
-36 5 -12 0
-14 -8 34 0
7 14 17 0
28 27 -16 0
8 36 -4 0
18 -4 -16 0
-36 -13 5 0
-18 11 27 0
28 5 23 0
-21 36 16 0
-26 6 -14 0
35 17 -18 0
-11 -30 23 0
-29 -19 22 0
-20 9 21 0
-4 29 -27 0
3 -30 -1 0
16 -28 27 0
16 -2 -3 0
-29 -25 19 0
11 12 14 0
-23 14 -7 0
-13 27 4 0
32 3 -2 0
-33 -21 -8 0
-29 1 35 0
33 -7 -13 0
-18 31 -9 0
-3 -36 -9 0
-20 18 -17 0
-12 24 -22 0
28 12 -6 0
-14 11 19 0
-21 -15 -8 0
-13 -22 -4 0
2 -13 -37 0
