p 74 315
-32 11 54 0
53 -69 66 0
24 -55 1 0
30 63 -40 0
56 -55 -62 0
-63 -72 34 0
-57 72 8 0
-56 7 43 0
48 -50 23 0
28 -61 71 0
34 -27 3 0
1 -42 54 0
-5 -69 -67 0
41 -20 -70 0
53 -35 25 0
8 -7 -66 0
-39 -7 56 0
-16 59 -64 0
33 -17 -32 0
-66 -12 55 0
-24 27 -25 0
55 10 -29 0
-45 53 -49 0
-19 43 69 0
31 -18 30 0
54 51 -50 0
-5 3 -52 0
13 -14 27 0
62 51 2 0
16 33 43 0
-68 -34 -13 0
-66 4 -62 0
-28 4 -3 0
-12 19 9 0
6 56 23 0
73 -41 -63 0
27 47 -74 0
61 62 71 0
56 -28 73 0
41 72 14 0
11 -71 51 0
-29 31 60 0
-43 8 -45 0
53 3 47 0
-12 -41 -21 0
-3 47 21 0
-71 8 68 0
20 70 -63 0
70 31 -22 0
-30 -29 -3 0
-33 -25 1 0
-72 -40 -69 0
-11 -68 50 0
-40 -20 67 0
-18 33 -48 0
-5 -12 -61 0
-73 -52 28 0
-18 -56 15 0
37 29 50 0
-26 40 -65 0
-66 -9 64 0
-3 -74 71 0
-15 -42 -24 0
36 30 3 0
-15 43 27 0
23 -62 35 0
1 36 50 0
-27 -40 -24 0
-24 -21 64 0
69 70 -63 0
-49 -11 -68 0
25 70 -40 0
59 17 -40 0
48 12 34 0
-71 -8 -64 0
-53 26 -41 0
-39 -2 57 0
16 -21 43 0
34 -50 -42 0
29 52 59 0
-64 71 66 0
45 -38 11 0
-66 56 17 0
50 -74 -62 0
-62 -28 22 0
10 -42 11 0
-1 -12 -35 0
-63 29 27 0
5 6 11 0
-71 42 -43 0
53 -4 -8 0
36 73 70 0
71 52 16 0
-40 3 25 0
-23 4 -56 0
-51 15 72 0
15 -31 2 0
-56 -22 -40 0
-67 -63 25 0
62 25 6 0
8 23 35 0
-18 -43 -63 0
47 -51 -9 0
-54 -46 21 0
27 -33 -73 0
-74 5 58 0
3 26 7 0
-52 -1 11 0
48 29 1 0
33 9 13 0
-65 4 52 0
24 1 -3 0
-35 -16 72 0
34 61 72 0
-52 -29 -48 0
-27 -53 7 0
-44 70 -55 0
-10 -7 -43 0
-4 -55 24 0
-1 42 49 0
73 -70 33 0
-10 27 -3 0
-2 -37 -45 0
-52 -45 30 0
-37 -66 -16 0
-62 3 12 0
15 17 -9 0
35 38 61 0
-32 -53 55 0
-71 61 -1 0
47 15 52 0
-13 -72 -18 0
73 23 58 0
-8 15 6 0
-55 -4 28 0
18 8 2 0
-30 3 -60 0
23 -63 41 0
36 14 18 0
13 -35 41 0
-31 -17 -37 0
4 43 -49 0
-15 -32 5 0
-25 46 -45 0
49 -52 67 0
18 -60 -64 0
72 -52 -32 0
38 31 -49 0
6 30 14 0
-66 -67 3 0
-58 -29 28 0
-53 54 -60 0
-2 -25 51 0
27 -5 -60 0
-27 64 28 0
-56 -54 -19 0
-52 21 -2 0
60 -52 64 0
64 -14 36 0
-40 50 -19 0
65 -59 69 0
15 61 -2 0
-68 71 30 0
42 -74 -40 0
58 -37 -45 0
56 68 -31 0
-26 44 10 0
68 37 36 0
7 58 24 0
-27 -19 -13 0
69 -39 64 0
62 -63 -65 0
35 15 20 0
50 -12 -36 0
53 -57 -38 0
-44 -36 39 0
-34 -36 6 0
1 -64 -33 0
2 -67 69 0
-28 42 -58 0
-41 33 -69 0
13 70 46 0
16 74 -63 0
44 46 16 0
-51 73 -11 0
11 -71 10 0
-70 17 34 0
37 -24 -66 0
-7 -52 -13 0
-17 -23 71 0
-36 -42 41 0
2 -7 -21 0
17 -71 -27 0
53 -49 -61 0
-48 -8 -37 0
-46 -34 -9 0
64 -3 -41 0
-58 -62 -64 0
73 -8 -40 0
-59 -24 68 0
45 -24 -70 0
56 -71 -27 0
-66 -69 -10 0
-30 -54 7 0
-18 -26 -42 0
13 -69 15 0
-50 -38 -73 0
-55 -32 59 0
-42 -13 -69 0
-41 28 -19 0
56 -61 -52 0
69 -43 -26 0
-13 36 14 0
7 -30 -39 0
56 59 -62 0
42 24 51 0
30 -48 23 0
-8 -19 45 0
48 12 -39 0
-12 -34 8 0
-53 16 3 0
37 -67 -44 0
25 -29 33 0
-50 48 -26 0
17 15 11 0
30 -5 57 0
3 -40 -18 0
61 11 -16 0
22 -56 -70 0
-24 -45 -68 0
10 69 -36 0
19 3 38 0
-63 30 35 0
-35 8 -30 0
8 -9 -73 0
-11 59 -8 0
-30 46 12 0
-56 63 -54 0
9 -28 -13 0
-52 -14 -36 0
17 -14 -67 0
8 67 14 0
11 -69 59 0
-43 30 18 0
-43 -13 -60 0
10 -3 4 0
22 -12 36 0
29 1 -13 0
63 -25 38 0
-18 -70 37 0
-32 74 65 0
-11 53 31 0
-74 37 68 0
-13 64 51 0
18 56 -36 0
-54 -72 -59 0
46 39 -60 0
9 67 -13 0
-50 -62 68 0
1 17 -47 0
-64 -33 74 0
-34 -4 -41 0
-59 26 33 0
-30 -37 -44 0
57 -19 60 0
-17 8 59 0
-4 -43 46 0
-40 57 1 0
34 -58 -2 0
-49 66 42 0
-60 5 40 0
40 -67 -5 0
-29 63 24 0
71 -7 -62 0
9 -63 -3 0
60 -48 68 0
70 -34 64 0
48 -70 -46 0
-1 -34 -48 0
-25 37 -22 0
2 -60 -13 0
-40 22 3 0
46 -20 32 0
-53 46 -45 0
26 -9 -48 0
63 23 -29 0
33 -24 -52 0
19 -2 3 0
33 -7 52 0
-23 -26 8 0
72 -48 52 0
-73 36 -67 0
71 -59 29 0
62 59 -44 0
13 -33 1 0
30 -40 52 0
40 -18 30 0
-14 22 -59 0
54 59 -21 0
32 -3 -72 0
55 17 -3 0
13 -15 -22 0
-25 -48 1 0
47 -11 -68 0
-1 59 71 0
-2 -8 61 0
14 -18 16 0
66 -62 4 0
71 59 64 0
69 -64 -34 0
64 -40 -57 0
21 -69 -3 0
-24 37 65 0
-57 -35 -47 0
-13 46 63 0
