p 62 264
-7 21 13 0
-27 -7 37 0
55 -32 3 0
-30 -51 -36 0
-1 5 32 0
-12 -58 8 0
-41 55 -12 0
15 45 -44 0
45 -46 -50 0
18 -44 38 0
-30 -47 -12 0
-53 20 -1 0
56 44 -61 0
-9 38 -4 0
-1 31 40 0
-47 -21 10 0
62 40 -48 0
-44 -18 42 0
56 -30 10 0
-62 -20 -43 0
53 59 -3 0
-6 -36 -11 0
1 -28 5 0
-26 -27 -6 0
-35 -18 -36 0
24 13 -26 0
35 55 24 0
3 8 45 0
13 -36 -57 0
15 -51 -6 0
-49 44 -13 0
-44 -17 20 0
-25 -12 -53 0
41 55 47 0
-16 42 26 0
-24 59 3 0
-33 -6 -54 0
-29 -31 35 0
33 27 -12 0
33 57 -35 0
3 8 7 0
-14 -3 1 0
-6 -60 4 0
-27 -44 -33 0
28 -5 -26 0
-43 -42 38 0
-1 34 27 0
-9 13 -10 0
57 49 46 0
-1 58 2 0
-28 -61 -12 0
-40 16 39 0
-13 -15 30 0
5 47 -61 0
39 45 -37 0
47 -25 24 0
-38 4 9 0
52 43 -22 0
22 -6 -56 0
6 44 49 0
39 -31 59 0
-40 14 -62 0
6 13 -30 0
-3 46 40 0
-54 59 49 0
49 7 19 0
-19 -47 29 0
-12 -50 -41 0
30 -47 -51 0
-9 -45 43 0
-62 37 -32 0
-20 -48 38 0
30 23 10 0
40 9 -26 0
-23 -9 6 0
17 -16 27 0
-22 46 -34 0
-37 -18 -31 0
20 -31 12 0
-38 28 15 0
-31 -7 45 0
-24 9 58 0
-37 -3 14 0
55 -24 -23 0
-50 -9 -23 0
-7 -62 -37 0
-60 -37 16 0
31 41 -61 0
34 -56 37 0
28 46 -60 0
38 -46 35 0
30 -34 18 0
48 -42 -13 0
38 -14 -58 0
-15 -39 -22 0
44 58 -25 0
27 -16 -24 0
30 -34 17 0
-39 8 -29 0
-29 61 10 0
-11 -36 -51 0
-44 40 -55 0
49 30 -23 0
-11 -49 38 0
45 -4 -16 0
56 -8 50 0
41 62 32 0
15 -56 -27 0
41 -43 20 0
-1 31 2 0
25 52 -51 0
-13 47 -10 0
56 23 5 0
-21 30 -12 0
34 -42 -54 0
-39 55 1 0
-26 -53 31 0
-39 -44 27 0
-49 -19 -16 0
-41 57 14 0
36 -12 -10 0
-61 -15 -40 0
-33 -13 6 0
15 -28 61 0
59 -22 -2 0
62 -25 45 0
-23 46 13 0
29 -18 12 0
40 26 -56 0
-14 -49 -62 0
14 7 37 0
-59 29 -30 0
55 -24 -41 0
23 -48 38 0
52 32 -22 0
-46 -24 2 0
51 -19 9 0
-46 -6 29 0
30 -40 -14 0
20 38 15 0
-27 -40 -30 0
39 -28 44 0
-4 -9 -49 0
41 -35 38 0
-31 -41 29 0
-22 29 -27 0
-34 58 -2 0
38 -45 61 0
61 25 -49 0
-8 33 -34 0
42 47 62 0
23 46 -26 0
45 20 -35 0
-12 5 29 0
32 -53 -3 0
35 14 23 0
62 -18 16 0
-45 35 -60 0
48 -3 61 0
48 -51 40 0
57 -9 1 0
39 41 -2 0
-37 -28 -59 0
32 -45 -31 0
-9 43 -14 0
9 -38 -42 0
-23 4 42 0
18 -39 8 0
43 -9 -53 0
-36 60 21 0
55 14 -54 0
17 4 -27 0
2 -27 13 0
-11 -46 41 0
19 -14 42 0
14 35 -32 0
30 48 60 0
40 61 52 0
35 31 -4 0
54 -40 -26 0
52 49 29 0
28 -45 49 0
-7 18 -27 0
-27 47 -41 0
9 6 -35 0
-14 -25 -60 0
-44 43 -21 0
-6 48 17 0
-16 -41 49 0
47 39 -56 0
-47 44 -60 0
42 -27 -25 0
-53 58 -41 0
-48 55 59 0
-54 51 -14 0
-24 -47 -10 0
-11 -31 -39 0
-1 -30 -6 0
54 -42 3 0
9 58 -42 0
-35 16 -57 0
-35 -26 -11 0
14 -2 49 0
-31 49 57 0
53 41 34 0
-41 61 -37 0
37 -36 -62 0
20 -8 43 0
-53 -9 -47 0
55 12 -10 0
10 25 12 0
60 42 13 0
33 -43 -7 0
41 -45 -60 0
8 3 -50 0
12 58 33 0
23 -17 30 0
9 21 -3 0
-54 43 -45 0
55 -35 45 0
-33 -61 -39 0
-49 58 59 0
58 20 11 0
20 27 -16 0
-29 55 5 0
-38 -12 59 0
-18 -5 -16 0
-52 23 40 0
16 -12 -62 0
13 -4 -11 0
45 -4 27 0
-11 8 33 0
-17 -18 -20 0
-50 -26 -31 0
-53 -17 27 0
16 -19 -54 0
-42 37 -17 0
38 -35 -51 0
59 -58 -42 0
48 -36 -4 0
60 52 -26 0
-3 -30 22 0
55 -5 -21 0
25 -5 -36 0
-54 9 -38 0
-36 55 -25 0
44 -60 58 0
27 10 21 0
-16 8 20 0
-12 49 15 0
18 -14 45 0
31 -53 7 0
10 8 61 0
-43 50 -18 0
27 38 -37 0
29 18 -57 0
-46 10 19 0
-46 -1 54 0
53 29 -15 0
24 44 -38 0
-45 -15 48 0
21 -33 -2 0
-9 36 46 0
-31 -40 -14 0
