p 58 247
3 38 32 0
-52 48 16 0
25 -44 -21 0
38 16 36 0
-55 48 2 0
18 15 -46 0
43 -51 58 0
21 45 19 0
31 10 5 0
43 28 42 0
-19 3 -32 0
16 -6 -38 0
-14 -2 56 0
47 53 -22 0
-31 49 -22 0
2 -16 -11 0
-12 -19 -28 0
-58 -24 -56 0
-46 36 -44 0
-24 9 35 0
37 28 -36 0
43 48 2 0
39 51 -13 0
1 -41 -16 0
7 30 53 0
-33 -22 3 0
10 21 47 0
-25 -52 50 0
-31 12 -8 0
25 5 -39 0
57 50 -52 0
24 50 -44 0
50 -28 -22 0
-9 -3 -48 0
-49 -9 18 0
49 44 27 0
-9 33 -34 0
43 -41 -51 0
40 51 -10 0
-33 -22 26 0
38 36 -47 0
48 -27 56 0
-21 20 -13 0
-45 46 -24 0
3 -10 -23 0
-9 58 -55 0
21 47 11 0
-8 -56 36 0
22 26 -8 0
10 35 -42 0
-33 -1 -35 0
-29 38 -56 0
-41 -54 10 0
-47 7 -54 0
36 34 46 0
47 -17 25 0
-47 -51 29 0
48 13 49 0
-27 -46 -24 0
-2 20 47 0
-13 -52 54 0
-48 56 -31 0
-48 42 -31 0
-53 -13 -3 0
-34 25 10 0
14 56 35 0
37 -51 -9 0
40 38 14 0
17 12 11 0
-38 28 27 0
-34 -13 -17 0
25 -11 44 0
23 22 37 0
20 -39 -10 0
-53 22 -29 0
-45 2 10 0
46 20 49 0
42 27 -46 0
-30 42 -52 0
-7 14 55 0
5 48 -51 0
-33 -23 -47 0
-55 -2 49 0
-45 -58 -5 0
19 23 32 0
-48 -53 -26 0
-42 -22 29 0
-54 22 31 0
41 20 -6 0
36 11 22 0
-40 12 -43 0
31 -28 35 0
-4 -55 -23 0
-45 52 39 0
17 10 26 0
53 23 48 0
9 -18 -20 0
-23 22 47 0
-28 -44 36 0
34 56 52 0
40 -24 -22 0
15 10 -53 0
31 35 8 0
52 43 -27 0
2 20 55 0
32 -36 -52 0
24 -53 56 0
22 -17 14 0
19 -56 12 0
4 29 45 0
-31 3 -54 0
-40 -58 41 0
-56 19 -46 0
40 -52 16 0
34 -31 -40 0
26 34 1 0
-16 -22 44 0
-13 7 58 0
-34 -36 -46 0
-58 45 55 0
-27 18 -31 0
-58 3 15 0
-34 -8 -15 0
58 14 -46 0
-52 4 -35 0
3 -38 -46 0
23 25 10 0
34 48 46 0
-32 -25 -40 0
-18 -56 30 0
-22 -29 24 0
-26 -20 -28 0
-39 15 7 0
9 -11 47 0
5 -50 30 0
38 34 -11 0
7 5 28 0
-48 52 -8 0
-11 36 42 0
-16 -46 26 0
1 15 38 0
-37 36 28 0
55 -22 12 0
-33 -4 40 0
46 -29 12 0
26 -35 42 0
-50 49 -20 0
30 24 5 0
56 -3 -5 0
14 23 30 0
-40 11 -26 0
21 -19 -13 0
-11 18 -7 0
-41 27 -11 0
-21 -57 -14 0
-30 43 26 0
-24 7 -14 0
49 -3 39 0
8 -56 -29 0
36 50 -22 0
-54 41 -31 0
-26 19 58 0
-49 27 -34 0
-27 -9 17 0
-4 -3 -26 0
-16 29 -2 0
-38 48 2 0
33 -49 -41 0
-2 55 43 0
-51 -26 2 0
-37 47 36 0
-53 -49 4 0
28 34 43 0
15 -32 -16 0
-55 25 9 0
-56 48 36 0
26 -44 -10 0
-39 27 17 0
-40 30 36 0
23 24 -20 0
-58 14 -39 0
-46 -35 54 0
-19 54 -18 0
16 -48 -2 0
-32 51 -11 0
51 -49 37 0
-12 22 -31 0
-58 22 2 0
36 45 -43 0
14 17 58 0
43 18 19 0
-7 33 37 0
58 -1 46 0
58 -14 -7 0
41 -51 -44 0
24 -41 -13 0
-10 -33 -6 0
14 8 9 0
58 44 -41 0
-33 -1 30 0
3 20 -30 0
17 56 46 0
-7 -13 -18 0
-51 -25 17 0
-23 12 -36 0
49 30 44 0
-27 13 -11 0
-35 2 -57 0
-44 38 -6 0
4 9 -8 0
-21 5 -42 0
-5 22 -29 0
29 34 -51 0
35 36 8 0
-41 -49 19 0
-23 -13 8 0
-2 -23 33 0
50 -16 47 0
-56 15 -9 0
4 -45 20 0
40 24 -18 0
37 -5 -11 0
-47 15 57 0
2 -45 1 0
-42 -58 31 0
-7 4 -31 0
22 -40 8 0
-48 -50 -37 0
-46 49 -51 0
12 -38 -27 0
20 1 33 0
-7 48 5 0
9 6 -5 0
36 -18 -40 0
26 8 -18 0
-46 -21 -57 0
-32 -10 52 0
15 28 44 0
25 -46 39 0
-6 -35 43 0
54 8 -39 0
18 -15 6 0
38 -37 25 0
26 -56 -35 0
-35 -48 -22 0
-23 -41 49 0
-20 4 51 0
