p 59 251
6 16 -28 0
-22 -23 -1 0
-33 -15 24 0
-40 14 39 0
10 32 16 0
-4 29 53 0
-42 -58 -3 0
25 22 -18 0
19 -14 -45 0
-28 27 16 0
15 28 12 0
34 -8 -23 0
6 -57 15 0
-24 23 -57 0
1 41 33 0
-18 -30 6 0
29 15 -14 0
-14 52 -39 0
-39 21 44 0
-11 -23 -6 0
-24 6 -46 0
-3 54 56 0
10 16 -35 0
-2 26 31 0
24 -35 55 0
-20 -25 -11 0
-9 39 22 0
-16 19 -30 0
-56 41 38 0
25 17 55 0
-53 -45 10 0
38 -59 16 0
-48 27 34 0
37 52 4 0
-45 -20 31 0
45 49 -35 0
-53 41 -38 0
-49 8 -16 0
37 -18 -53 0
-1 -21 -16 0
-42 -56 -51 0
55 57 2 0
25 -47 -21 0
36 -4 13 0
20 38 -46 0
21 -22 -7 0
19 13 -32 0
50 3 -41 0
-28 48 -3 0
29 21 -44 0
23 -5 -52 0
-51 34 -17 0
-49 41 9 0
9 -10 -40 0
37 -41 49 0
20 36 43 0
10 -11 14 0
1 -50 -40 0
-21 55 -51 0
23 -48 59 0
13 34 -22 0
58 -30 38 0
31 8 -45 0
26 33 -21 0
30 -50 6 0
18 37 49 0
53 -51 2 0
49 -26 52 0
22 -54 -58 0
-3 30 -58 0
-1 33 -59 0
40 4 -18 0
-47 -2 38 0
-52 -43 1 0
15 10 -48 0
3 -47 -26 0
-13 33 54 0
-4 -52 -30 0
-15 -46 -18 0
-45 31 20 0
27 -34 45 0
57 -48 -23 0
10 -16 -37 0
-41 -25 2 0
28 47 -26 0
-1 -50 -13 0
-6 -20 -14 0
29 -57 12 0
46 10 -45 0
-20 13 -31 0
-48 59 -32 0
49 50 47 0
-57 48 44 0
42 -48 5 0
3 -24 59 0
54 14 50 0
33 -52 -8 0
-12 -57 -47 0
5 46 7 0
-22 6 -18 0
-16 58 25 0
45 48 41 0
-7 -31 22 0
-27 -42 -31 0
4 -47 -18 0
10 35 -48 0
-27 44 48 0
5 33 -43 0
55 58 -36 0
-17 40 19 0
49 -45 23 0
-36 -34 27 0
-50 57 29 0
-14 56 -19 0
-55 -46 47 0
-53 -43 34 0
-4 35 43 0
-25 2 -53 0
7 -27 -46 0
-59 -1 -10 0
-59 24 -51 0
-17 -59 -22 0
-54 -47 -50 0
-35 -22 -31 0
4 -27 -43 0
2 -16 59 0
-18 -51 -41 0
-15 46 -47 0
-10 -5 -31 0
-28 -53 -57 0
-13 5 -2 0
-25 57 -27 0
-26 47 -15 0
56 44 -11 0
10 -43 23 0
44 22 38 0
-22 -3 -59 0
-13 -40 -34 0
27 1 -8 0
5 20 -52 0
48 59 -24 0
11 -50 12 0
-16 -24 7 0
-54 13 57 0
4 -41 -37 0
27 -24 -21 0
59 -26 -31 0
31 -48 47 0
-51 50 -17 0
-20 -39 45 0
-37 49 -10 0
21 -16 9 0
-43 -12 -52 0
12 6 -31 0
-44 -28 49 0
11 12 -21 0
21 26 -30 0
51 32 35 0
27 10 -26 0
8 55 -37 0
-10 31 36 0
-20 30 27 0
-42 30 37 0
40 1 11 0
-15 -11 -54 0
33 -12 49 0
-2 5 1 0
22 -51 -13 0
-58 33 36 0
-59 31 32 0
-44 -4 -1 0
-7 40 -13 0
26 25 -57 0
-8 54 40 0
-35 -53 -33 0
49 -20 -22 0
27 55 -23 0
-52 20 -39 0
51 -26 32 0
-52 -19 -31 0
-5 -48 -58 0
29 -27 -30 0
17 -32 -49 0
46 -44 38 0
-25 -10 9 0
-36 57 22 0
-14 -21 7 0
9 -11 -22 0
-3 31 -16 0
3 -36 -29 0
-12 13 -55 0
-37 -29 -54 0
-32 -23 -41 0
34 -59 26 0
38 52 -5 0
16 -4 2 0
-26 -53 -34 0
38 -52 58 0
17 54 9 0
-39 -38 -41 0
14 -36 50 0
35 47 53 0
-38 43 -33 0
13 23 -6 0
46 2 32 0
-28 -15 56 0
41 -42 30 0
-30 -32 59 0
26 28 25 0
-13 -14 -43 0
48 -8 -21 0
15 29 23 0
40 -49 30 0
-53 -15 -14 0
-21 -47 18 0
25 -38 -14 0
24 -11 -40 0
-6 -50 11 0
-3 59 28 0
52 45 -1 0
31 -44 -5 0
-25 9 35 0
-14 -59 -46 0
7 -11 -19 0
57 -22 6 0
-19 -14 -48 0
33 16 43 0
-32 -3 23 0
52 -15 -42 0
-24 -14 -50 0
41 -14 18 0
-1 -17 -26 0
-8 9 48 0
-28 -19 -20 0
-24 -3 -37 0
-59 -13 55 0
16 -23 -58 0
-1 -16 -57 0
-5 9 -34 0
-20 33 -15 0
29 -36 2 0
-38 -21 15 0
50 15 -58 0
-16 39 44 0
-21 29 -28 0
-59 -43 58 0
50 -14 3 0
32 -43 5 0
-50 26 -32 0
13 -53 -16 0
-50 -55 -19 0
