p 60 255
-3 25 38 0
-3 21 -29 0
-2 -37 21 0
-33 37 43 0
7 52 48 0
19 17 22 0
-30 -36 -35 0
-45 32 -17 0
-5 -48 -44 0
-48 -55 -11 0
52 -27 8 0
54 -51 -25 0
28 -45 13 0
-10 27 -28 0
17 -25 -46 0
6 32 48 0
-43 54 23 0
-29 54 -60 0
-11 12 3 0
45 -50 -56 0
41 31 23 0
30 -13 21 0
-9 17 2 0
25 48 8 0
30 36 -45 0
20 -34 18 0
-22 -37 -18 0
-24 39 43 0
9 23 44 0
49 39 42 0
-46 7 -59 0
4 -56 -14 0
-11 43 -32 0
-34 -40 -60 0
-60 -34 -20 0
-17 31 -46 0
-26 19 -28 0
-14 -23 21 0
-29 -52 -18 0
20 -27 -19 0
59 47 5 0
6 -48 -57 0
12 -46 -21 0
-8 -48 2 0
-35 -51 22 0
31 -51 -55 0
-51 22 -28 0
-37 -7 18 0
59 31 -4 0
-8 -13 -3 0
53 19 -18 0
-7 -4 -43 0
-35 -13 -38 0
48 -55 -24 0
-40 7 12 0
-1 -25 -60 0
-2 -47 57 0
12 -39 -11 0
42 54 -47 0
-49 -36 47 0
-15 5 -48 0
7 36 18 0
1 -56 -40 0
3 -46 -17 0
26 -24 4 0
-41 -25 -23 0
-28 33 7 0
-15 50 -41 0
45 21 -4 0
-26 41 -23 0
14 10 59 0
-34 3 40 0
33 49 39 0
7 -17 -5 0
7 -31 26 0
-45 37 1 0
-10 33 36 0
25 -49 -24 0
-50 -17 57 0
-55 -32 58 0
56 -4 -49 0
31 25 -4 0
-4 -60 -51 0
-26 20 -27 0
24 -31 -54 0
30 -54 21 0
15 53 22 0
59 -23 41 0
-48 32 54 0
-40 -37 53 0
-28 -54 50 0
-35 31 48 0
-20 -48 -22 0
30 23 32 0
39 -7 -59 0
53 -46 51 0
41 40 56 0
-40 47 -4 0
14 -28 37 0
-30 4 -47 0
-55 50 53 0
53 -4 31 0
20 -12 -16 0
21 19 45 0
-36 -54 -23 0
-47 -6 58 0
-10 57 47 0
-50 -32 46 0
36 33 4 0
-52 -41 -56 0
-31 60 40 0
52 -50 45 0
37 -38 49 0
3 -19 36 0
10 -42 49 0
-53 -16 -15 0
37 14 -51 0
-47 -7 -32 0
-7 58 53 0
40 -2 37 0
-6 -51 -3 0
4 54 -48 0
42 49 40 0
48 9 -7 0
-22 17 45 0
28 -33 12 0
17 -49 2 0
3 12 28 0
55 7 -24 0
34 27 50 0
-52 57 25 0
51 20 -48 0
-48 -38 -4 0
-28 -24 -2 0
1 52 -17 0
-45 -21 3 0
-38 26 25 0
-28 -47 -45 0
-44 -20 10 0
-18 44 -52 0
29 -38 33 0
15 -9 -42 0
46 -14 -5 0
19 8 -58 0
-21 27 54 0
59 -58 51 0
42 9 -31 0
31 -26 53 0
-50 28 -30 0
-36 49 -56 0
16 57 60 0
44 -6 19 0
-23 4 18 0
24 -6 2 0
-11 -4 -6 0
-57 58 13 0
12 -23 -36 0
43 45 9 0
-40 -49 24 0
-58 -27 52 0
59 -26 14 0
9 40 56 0
17 45 53 0
-13 -49 -5 0
23 6 -4 0
47 30 -25 0
-45 -53 -37 0
-31 9 -32 0
36 -16 5 0
6 29 9 0
30 9 -3 0
33 2 59 0
1 22 20 0
29 57 -58 0
-25 22 -58 0
21 48 36 0
-22 21 10 0
-4 -48 53 0
60 -43 -38 0
-11 57 28 0
16 24 34 0
12 32 3 0
53 18 37 0
43 -19 -50 0
-28 -29 25 0
-24 20 29 0
51 -22 -40 0
-23 25 -28 0
41 12 51 0
-35 11 -12 0
22 -46 -33 0
-60 -17 -58 0
-14 -58 42 0
14 24 -13 0
14 5 45 0
-5 3 -23 0
-6 19 -60 0
11 -41 60 0
-11 8 -49 0
11 38 -45 0
-23 6 47 0
58 52 42 0
19 26 9 0
-3 52 -38 0
-39 43 -34 0
27 -57 -5 0
-58 -36 44 0
13 10 28 0
-13 58 46 0
41 -21 -53 0
-47 -44 -40 0
-33 11 28 0
11 -32 -20 0
-27 10 37 0
58 12 4 0
23 3 -55 0
46 14 -1 0
57 22 -48 0
24 30 33 0
25 -1 48 0
31 33 43 0
32 53 -41 0
2 3 -15 0
-57 -11 -25 0
24 1 -33 0
59 21 56 0
-21 -50 -59 0
3 51 57 0
-40 4 -19 0
20 -52 -24 0
27 51 -52 0
-13 -30 38 0
9 -60 -41 0
-21 6 29 0
-33 -5 -32 0
41 -35 -38 0
-27 -12 6 0
-42 -26 20 0
-26 -19 -40 0
-20 45 17 0
-59 13 -4 0
58 -19 -40 0
30 -27 58 0
-24 14 -43 0
-47 -39 12 0
-60 -35 -2 0
-27 -36 -47 0
41 -43 -14 0
37 33 -58 0
17 -55 -35 0
-13 26 29 0
-56 53 -25 0
23 -10 6 0
32 -22 -26 0
31 -25 35 0
