p 28 119
27 17 -22 0
8 -3 -14 0
18 -25 20 0
21 18 13 0
11 -19 26 0
4 18 2 0
-6 20 -24 0
-13 -18 -27 0
-11 21 -12 0
21 7 23 0
-11 -15 19 0
-10 -11 -28 0
28 -1 18 0
12 14 -1 0
25 -27 -20 0
-28 24 -1 0
-20 -23 27 0
2 26 11 0
-4 -13 20 0
17 8 -23 0
-5 -14 6 0
7 4 -12 0
24 -7 -11 0
-9 -22 16 0
-25 14 -3 0
17 25 -27 0
-24 20 12 0
24 1 -20 0
15 9 -12 0
-6 -7 -25 0
-18 6 -27 0
2 -11 -16 0
11 17 10 0
25 27 21 0
-13 -27 -17 0
-2 17 -23 0
-7 -24 1 0
18 23 7 0
23 21 -12 0
-7 24 23 0
-10 -23 2 0
-11 4 -9 0
14 24 12 0
-1 15 -13 0
-9 -2 18 0
12 -11 -20 0
1 26 -18 0
-3 10 25 0
25 11 -8 0
-2 -1 11 0
21 -15 -16 0
-6 -5 -11 0
3 5 24 0
13 -28 10 0
28 18 25 0
-9 -13 -4 0
-2 23 -11 0
-6 26 9 0
6 13 18 0
-17 15 4 0
-22 -28 -18 0
-27 1 -15 0
13 -26 -25 0
25 20 17 0
-1 10 8 0
-3 -16 -8 0
13 22 14 0
19 -13 27 0
26 14 -20 0
-14 20 9 0
4 -13 -11 0
10 -19 8 0
28 -19 -8 0
-9 11 -8 0
-11 -5 -7 0
-19 9 -18 0
24 -10 -28 0
28 15 19 0
5 -25 21 0
-5 -20 -18 0
4 -15 -27 0
-18 20 2 0
16 17 24 0
13 -26 -15 0
24 22 -19 0
-25 -18 -14 0
15 -7 -8 0
-1 -24 27 0
-26 -5 22 0
-17 11 -25 0
21 10 -5 0
-7 -20 19 0
-2 -10 -16 0
-8 13 10 0
2 14 1 0
-9 -21 -14 0
16 -9 -25 0
-24 -25 -19 0
-12 22 -8 0
-23 24 27 0
9 -14 -19 0
28 -2 7 0
-7 -22 -25 0
-27 -18 -8 0
4 3 -11 0
13 25 26 0
-3 11 18 0
20 -17 -23 0
17 8 15 0
-11 4 -24 0
22 5 15 0
-2 -28 6 0
17 10 12 0
20 -19 18 0
-14 -17 -6 0
13 -23 -21 0
1 -8 10 0
-16 18 25 0
12 8 -17 0
