p 14 59
8 -9 13 0
-2 12 9 0
-5 -13 -10 0
-8 7 -6 0
5 -10 12 0
14 -4 1 0
-7 -9 10 0
12 -13 -6 0
7 5 -2 0
-7 -3 -13 0
6 11 -13 0
3 -1 11 0
-11 -1 -13 0
11 -8 -5 0
3 11 6 0
7 12 5 0
13 8 -3 0
-13 3 -9 0
1 13 -4 0
-7 4 -5 0
14 -11 2 0
5 10 -8 0
-11 9 -3 0
1 -7 6 0
14 -8 4 0
8 6 -3 0
-3 -13 14 0
-5 1 3 0
-12 6 -5 0
1 -14 -13 0
10 13 -7 0
-14 -1 9 0
9 5 8 0
-6 -11 -13 0
-11 7 -6 0
-4 -1 11 0
12 -13 -1 0
1 -6 13 0
-14 9 6 0
-9 -13 -14 0
10 -2 7 0
11 -10 4 0
-8 9 -12 0
12 6 11 0
1 -14 -9 0
-11 12 -10 0
-2 -13 6 0
6 12 -2 0
-5 -2 -12 0
-1 3 14 0
2 9 4 0
-9 -2 -10 0
-14 10 -8 0
-3 1 11 0
8 -4 -12 0
-8 10 3 0
-6 -10 -14 0
-11 -6 14 0
-13 1 -12 0
