p 41 174
25 1 -21 0
3 -41 -14 0
-30 2 -32 0
-22 -23 13 0
-24 19 -9 0
4 -16 11 0
-22 14 4 0
36 -24 18 0
10 -26 36 0
-3 -28 15 0
6 -27 26 0
-25 37 -36 0
17 41 -26 0
8 17 4 0
-10 20 30 0
-23 -21 -36 0
-22 -16 6 0
35 12 -1 0
-1 25 -39 0
-26 -18 -16 0
41 20 -24 0
-8 4 14 0
3 28 -35 0
-2 -25 21 0
20 1 -31 0
-32 39 -23 0
9 -18 -34 0
1 38 -7 0
17 -26 7 0
5 19 -17 0
-26 -38 -37 0
-17 -33 10 0
39 13 -10 0
4 -15 -21 0
-31 -14 41 0
-20 11 -36 0
-17 -39 -12 0
-9 -39 36 0
-24 -3 12 0
-13 -36 -18 0
-37 1 -31 0
-23 34 -6 0
-20 31 38 0
-20 9 10 0
-22 32 10 0
8 37 -15 0
34 40 -11 0
-14 -12 9 0
17 9 -4 0
-4 -39 -36 0
-24 -15 -14 0
33 13 -14 0
6 18 22 0
14 2 13 0
-4 -29 -39 0
-28 40 38 0
23 -36 -11 0
13 -15 -37 0
-15 16 9 0
5 -10 -7 0
-38 -40 8 0
31 -40 -6 0
7 -18 -39 0
16 18 -32 0
31 1 -25 0
16 -11 8 0
-3 -33 -1 0
-5 -29 17 0
-35 38 -10 0
-39 -6 9 0
13 -26 -19 0
-37 -5 1 0
-9 -19 17 0
14 30 -32 0
-27 5 -12 0
-31 -28 24 0
-4 -36 -14 0
10 -14 -2 0
39 -7 -14 0
10 -36 -40 0
-21 -11 -4 0
-39 -32 -23 0
24 1 3 0
-23 -5 13 0
34 4 26 0
-34 28 21 0
-1 -36 -12 0
3 -1 -16 0
6 -10 17 0
9 -28 8 0
22 19 -37 0
-32 -15 -9 0
-12 2 -41 0
-32 -10 -4 0
7 11 -12 0
41 12 -9 0
-1 -19 -32 0
12 -3 -17 0
4 9 -21 0
29 -30 -14 0
-3 41 9 0
-19 -10 23 0
-34 -9 5 0
31 -7 -10 0
5 11 -19 0
-33 -35 31 0
-36 -39 23 0
-3 -37 -19 0
3 20 -9 0
15 3 -16 0
-36 -5 25 0
20 6 -10 0
-25 -39 -40 0
-21 -12 6 0
17 -5 -21 0
-7 3 17 0
40 17 -7 0
-35 -15 -39 0
-2 4 -5 0
10 -41 7 0
21 23 -18 0
-2 -30 22 0
-39 11 -24 0
5 -10 -26 0
-34 2 -4 0
23 37 -15 0
5 -39 13 0
38 -34 5 0
-23 12 -7 0
-29 26 -15 0
34 19 4 0
21 22 31 0
29 -12 -32 0
-13 -18 10 0
-11 25 -27 0
-38 -18 -36 0
29 5 19 0
-4 27 37 0
-4 15 7 0
2 -8 -27 0
32 4 -34 0
-26 -22 19 0
-14 -31 28 0
-36 13 5 0
-9 -12 10 0
14 2 -27 0
-6 9 19 0
-35 -30 12 0
-15 -4 -26 0
-34 -3 -36 0
4 15 25 0
-22 34 -41 0
-20 2 1 0
23 -36 -20 0
-15 27 -10 0
-39 41 -37 0
-31 -13 -37 0
-16 8 -27 0
-36 15 -39 0
16 18 12 0
14 -16 22 0
35 -31 -39 0
25 -28 -31 0
-24 -12 29 0
-31 17 -9 0
-30 34 -17 0
26 27 -11 0
-23 -2 33 0
-30 -35 -39 0
40 23 -28 0
34 26 -24 0
7 29 -40 0
4 36 -12 0
-26 23 15 0
