p 86 366
-25 31 59 0
20 -79 -30 0
49 -24 -9 0
-60 72 86 0
40 -5 13 0
79 59 -33 0
58 42 -20 0
-22 -84 -52 0
66 17 69 0
7 -76 -74 0
-35 39 -53 0
9 -44 -35 0
-5 50 68 0
44 70 -53 0
53 29 -33 0
-38 57 45 0
-9 52 -47 0
30 13 -7 0
18 -65 -59 0
85 -45 -59 0
-79 52 61 0
-27 -37 46 0
56 -64 84 0
40 75 21 0
-67 -65 39 0
43 31 -45 0
23 -75 8 0
69 -71 24 0
67 62 7 0
-24 -73 47 0
35 41 -28 0
53 54 -65 0
60 -7 -15 0
86 5 -8 0
-38 66 75 0
-35 11 -26 0
-3 9 76 0
34 -32 -1 0
5 -42 -65 0
-16 -58 -32 0
81 19 -5 0
17 15 35 0
78 86 61 0
-6 69 51 0
-2 -55 8 0
-35 46 -3 0
44 -8 -39 0
-21 41 45 0
-72 25 -45 0
-77 34 -80 0
-61 34 77 0
-18 36 -43 0
12 -28 -26 0
86 -73 72 0
49 39 46 0
42 -24 -6 0
-40 -27 16 0
-23 -68 -12 0
-59 -75 -50 0
-47 42 -15 0
80 -72 -46 0
-53 -59 86 0
48 9 80 0
29 26 -47 0
-15 -46 -68 0
-37 40 72 0
-15 -25 -83 0
-16 -36 -73 0
-31 62 -52 0
-37 -59 -25 0
75 -76 10 0
56 31 -5 0
52 -16 -32 0
-72 -68 65 0
-16 30 8 0
84 -69 -86 0
16 -84 28 0
-84 -27 -35 0
-30 -68 3 0
40 -31 -82 0
26 66 69 0
77 -27 2 0
-24 76 -32 0
26 -76 -12 0
-85 29 14 0
-78 -33 -26 0
4 -54 -73 0
82 -38 -11 0
12 37 -27 0
-6 28 -62 0
49 -60 -81 0
-1 -33 -55 0
-32 -66 -22 0
48 -37 5 0
79 30 -63 0
-52 -48 5 0
3 42 -79 0
-39 24 31 0
22 -47 -20 0
-41 84 -44 0
26 44 84 0
77 -5 -8 0
-68 -21 -56 0
-29 7 -5 0
-17 45 -6 0
-49 33 64 0
-28 -32 82 0
14 -43 8 0
-85 12 11 0
8 37 -77 0
57 85 40 0
60 24 6 0
-1 -65 -31 0
20 34 -2 0
12 78 63 0
-30 78 23 0
48 -44 27 0
-37 -49 23 0
-1 34 3 0
-82 -80 83 0
8 -59 29 0
48 50 46 0
-66 -69 -63 0
4 -59 24 0
11 33 -34 0
-79 -37 49 0
21 72 48 0
-86 64 -22 0
-62 48 26 0
-65 -63 -2 0
-73 67 33 0
-69 32 -27 0
85 5 30 0
79 19 8 0
46 -51 -58 0
78 -65 -74 0
-2 -72 5 0
-68 -78 20 0
-37 58 -40 0
-38 -83 21 0
65 -37 64 0
81 -60 -34 0
78 -36 80 0
-74 43 -82 0
42 -31 -5 0
25 -58 8 0
-1 70 65 0
47 59 2 0
10 -84 -12 0
47 5 -16 0
-30 86 -22 0
-35 -68 -13 0
69 73 -47 0
-59 48 53 0
31 55 -35 0
-39 42 29 0
-82 80 41 0
10 51 -65 0
-86 44 -43 0
-54 -86 -25 0
-43 54 -19 0
-81 61 -34 0
82 -39 83 0
72 -25 -53 0
58 74 -38 0
-28 22 -34 0
-25 66 21 0
34 15 -4 0
73 -39 85 0
50 -4 76 0
57 -58 -86 0
56 83 -4 0
30 -50 35 0
-40 24 27 0
41 -50 -18 0
26 3 -25 0
-53 38 -11 0
80 18 22 0
-59 -78 13 0
14 83 -49 0
-16 -61 -44 0
80 -84 62 0
63 -6 -41 0
-37 -49 -60 0
24 17 -28 0
-54 45 -82 0
62 -50 -64 0
68 -52 49 0
53 84 -3 0
43 -12 -4 0
12 -41 -76 0
-39 -45 -52 0
31 -6 43 0
-28 64 75 0
58 50 15 0
-17 83 -47 0
36 -41 -77 0
-39 8 -21 0
-78 21 -8 0
23 55 -2 0
-51 54 82 0
40 63 45 0
48 -37 -17 0
-26 -49 -25 0
-5 3 20 0
54 -35 -8 0
-49 -44 46 0
-3 82 -60 0
-29 -52 -64 0
37 61 67 0
26 -36 -61 0
41 -39 37 0
50 68 -16 0
11 -6 50 0
-31 -61 70 0
-10 -55 41 0
-6 71 12 0
-56 -9 29 0
-19 53 -60 0
-79 -45 59 0
-41 70 -36 0
-43 75 -74 0
76 46 84 0
-48 60 -56 0
-26 12 76 0
17 27 -70 0
-49 25 41 0
-84 23 -30 0
-83 39 26 0
40 48 15 0
6 39 -17 0
11 3 -77 0
-48 -55 84 0
-57 45 71 0
-62 -44 35 0
-2 -36 -61 0
47 -46 -62 0
30 -39 -34 0
-6 -67 75 0
-37 -17 16 0
6 -50 -59 0
-35 36 41 0
-3 65 71 0
-50 -82 -26 0
44 -26 -64 0
29 56 -75 0
37 55 -84 0
77 29 -17 0
-73 49 -84 0
-23 -75 71 0
82 -21 -37 0
-61 -19 11 0
-32 -15 86 0
-62 -54 82 0
66 -79 -7 0
45 11 30 0
-13 72 -16 0
7 32 -54 0
-17 -3 22 0
6 -16 -59 0
63 47 59 0
81 20 25 0
-36 -15 -61 0
45 -68 53 0
9 33 26 0
-61 64 -33 0
17 37 -9 0
-46 4 -65 0
-4 -83 -77 0
-39 27 43 0
83 15 -44 0
30 -12 -37 0
18 -26 17 0
-26 86 1 0
-79 81 -57 0
27 6 -26 0
-32 -42 22 0
-20 17 71 0
-19 -50 13 0
-74 -19 71 0
-83 26 -68 0
-41 -7 36 0
-64 74 18 0
-67 15 -5 0
56 78 -33 0
-79 -65 36 0
81 56 21 0
36 -50 -41 0
1 41 14 0
-59 -85 20 0
13 -3 14 0
78 57 -13 0
-48 58 23 0
-51 27 60 0
-53 76 58 0
36 69 19 0
2 11 76 0
-51 42 -6 0
-58 -78 -49 0
8 -79 80 0
34 -15 50 0
-59 -44 -33 0
-14 43 1 0
-37 -65 10 0
-32 69 -70 0
-9 -1 -60 0
-16 31 18 0
-57 73 -8 0
39 -53 21 0
-17 9 -78 0
-44 -49 -1 0
6 13 24 0
36 54 -46 0
-18 -5 -16 0
19 16 42 0
-74 -86 -7 0
-60 -49 2 0
31 -6 -82 0
-11 18 50 0
-17 43 59 0
-46 63 26 0
-56 -12 -36 0
2 -34 58 0
35 74 50 0
86 19 -4 0
4 64 -32 0
30 -9 -34 0
41 64 26 0
42 9 17 0
22 -40 -7 0
23 -22 -62 0
-10 48 -46 0
68 -82 2 0
43 -59 47 0
18 -86 -74 0
-37 -45 55 0
6 -32 73 0
-33 -6 24 0
-80 -39 -49 0
-36 -85 -60 0
-71 53 41 0
38 76 -50 0
-71 67 75 0
-44 -35 69 0
78 5 84 0
85 -32 53 0
-18 5 -62 0
-26 -35 19 0
-4 28 42 0
4 1 -41 0
41 -73 3 0
79 -37 -46 0
44 -24 -48 0
-17 43 -46 0
-3 -61 -48 0
43 41 -84 0
73 -4 35 0
77 -61 75 0
13 -43 61 0
-60 -26 67 0
-59 -84 81 0
41 62 74 0
-8 -39 -44 0
-53 -31 26 0
25 -13 83 0
-83 -2 3 0
