p 27 115
-17 -6 16 0
-8 7 22 0
16 -8 12 0
21 -19 27 0
25 10 21 0
17 -16 3 0
-16 -22 -5 0
-6 25 3 0
19 27 -14 0
14 -24 5 0
8 3 -14 0
24 -4 27 0
19 -5 -15 0
-8 12 -6 0
-18 7 13 0
-21 25 19 0
17 24 19 0
-11 22 -21 0
22 14 15 0
17 10 13 0
21 -14 2 0
-25 3 -22 0
-11 -6 18 0
-5 -19 -18 0
-8 -26 -16 0
2 -20 8 0
23 25 -4 0
26 6 -16 0
-22 15 14 0
-8 -23 -15 0
-20 22 25 0
17 -3 26 0
13 25 -2 0
-14 20 -6 0
15 2 8 0
22 -11 6 0
-20 -7 -2 0
-26 -23 -11 0
-1 6 11 0
20 11 -26 0
22 5 7 0
3 25 16 0
-18 16 -5 0
-9 22 23 0
-23 -4 -27 0
17 24 -12 0
25 -16 -7 0
2 -9 15 0
-18 24 -20 0
16 -5 11 0
3 1 -17 0
23 -13 7 0
-13 -4 17 0
-16 -23 13 0
-2 15 -19 0
-10 14 -23 0
-1 6 22 0
25 13 -24 0
-21 -6 23 0
-21 26 -4 0
-4 -23 11 0
8 -27 -12 0
1 23 11 0
-2 -13 -10 0
-26 23 -7 0
10 -21 -16 0
-5 -9 -15 0
-7 -2 20 0
-7 19 -8 0
-1 -8 11 0
-4 1 -5 0
-16 5 -6 0
24 -21 2 0
-25 -20 -27 0
-13 -25 18 0
5 9 3 0
7 4 -19 0
8 -9 2 0
23 2 -18 0
3 6 -25 0
-7 4 19 0
-24 -3 -23 0
-14 4 8 0
9 11 -6 0
-1 -3 -4 0
13 -1 14 0
-2 20 -19 0
-10 1 22 0
-24 -16 25 0
-7 -12 2 0
5 -13 -6 0
-23 -20 -5 0
-10 -25 4 0
22 13 7 0
-10 8 2 0
-13 -20 -24 0
-9 -12 -16 0
-5 -13 -17 0
-10 5 -3 0
-21 18 14 0
-4 21 -12 0
-2 23 -4 0
-8 -23 27 0
24 -8 -3 0
1 16 25 0
-23 -11 9 0
-27 -3 -12 0
1 23 21 0
22 25 10 0
-7 26 -13 0
1 6 -11 0
16 -6 -5 0
13 -16 -5 0
-7 15 25 0
-11 -3 19 0
