p 16 68
10 -8 -6 0
-4 -9 14 0
6 9 10 0
-12 1 9 0
10 -3 11 0
11 -10 -4 0
12 2 -5 0
-4 1 -13 0
-10 -4 -2 0
14 12 2 0
-13 -5 -15 0
7 -8 -5 0
10 -6 3 0
-14 -8 2 0
-2 13 6 0
-14 2 5 0
8 -14 5 0
6 9 2 0
7 -1 16 0
14 -3 -7 0
9 -15 -4 0
-15 -6 16 0
10 -4 -3 0
15 -2 -13 0
-8 1 -7 0
8 -16 9 0
13 9 16 0
10 -11 -9 0
4 7 -11 0
3 -5 -10 0
-3 -14 8 0
12 -1 -16 0
-13 8 2 0
5 -11 -8 0
9 1 10 0
-5 -15 -2 0
7 -9 -1 0
11 -16 -15 0
-6 -13 14 0
4 -12 -11 0
10 11 -3 0
2 -3 10 0
-12 10 7 0
-15 -4 -5 0
-13 11 5 0
7 -9 -6 0
-16 12 3 0
14 -6 -10 0
14 9 -12 0
-8 -4 -6 0
-10 9 3 0
6 -16 -4 0
6 11 9 0
2 -9 -8 0
-11 -1 13 0
12 8 16 0
-3 2 5 0
11 -13 -8 0
-1 -12 4 0
-10 -15 16 0
-15 5 -3 0
-2 7 -9 0
-8 12 14 0
-16 -10 14 0
-15 -11 9 0
-16 -15 -9 0
8 15 11 0
13 -10 15 0
