p 77 328
-12 -41 -73 0
70 29 -44 0
16 47 -57 0
-21 -34 -53 0
76 44 57 0
-47 46 -11 0
20 -60 -49 0
62 -65 -28 0
35 -26 62 0
-37 18 -75 0
-38 42 -35 0
-8 -58 69 0
71 -3 15 0
32 -11 77 0
-62 69 23 0
-4 47 71 0
51 -71 29 0
-66 -26 -25 0
-28 44 73 0
25 -9 56 0
38 75 14 0
34 46 31 0
24 -43 41 0
-35 -38 29 0
-32 -6 42 0
75 -21 30 0
10 17 20 0
61 -54 65 0
-8 42 -19 0
25 53 48 0
13 56 68 0
-53 -73 -66 0
-40 -41 11 0
17 42 -9 0
19 43 21 0
-40 -25 -35 0
-66 -54 -65 0
46 -68 -51 0
-13 -17 69 0
-36 -31 32 0
-27 -39 -22 0
21 30 46 0
-22 53 -2 0
62 30 -65 0
-17 -61 -19 0
-12 -36 -2 0
-29 -13 59 0
44 27 -25 0
10 42 38 0
56 59 11 0
11 -71 -18 0
18 39 9 0
64 59 65 0
-57 -21 29 0
-59 -15 -72 0
-60 -3 -45 0
-63 -41 64 0
-7 73 -29 0
-16 -4 -77 0
-15 -76 -66 0
50 31 58 0
17 9 73 0
45 -65 -58 0
77 -12 -58 0
65 -72 -35 0
-30 -43 64 0
70 -63 38 0
-63 -46 20 0
66 24 -17 0
23 -64 -35 0
19 -2 10 0
-67 -33 56 0
5 -48 9 0
-58 12 65 0
-52 -5 -55 0
-19 11 -75 0
64 12 50 0
-39 24 11 0
-75 -35 69 0
-55 -63 18 0
26 -55 67 0
21 52 25 0
28 26 69 0
-60 44 29 0
49 -58 5 0
-34 -46 51 0
1 -14 11 0
32 48 -50 0
27 6 -18 0
-70 -68 -73 0
56 37 28 0
67 -39 18 0
-61 76 18 0
46 -2 63 0
60 -1 -64 0
22 -54 -2 0
32 51 -38 0
-31 14 41 0
65 8 -20 0
41 60 -4 0
-1 -14 -19 0
-20 -41 36 0
69 14 73 0
-5 -44 17 0
64 51 -50 0
51 59 14 0
-59 -11 -65 0
66 -50 55 0
-50 -67 77 0
-55 71 -56 0
36 67 55 0
-46 -71 -66 0
55 49 -68 0
-70 75 -18 0
36 27 -64 0
-32 4 -33 0
-72 2 -45 0
73 -65 -32 0
76 -57 -73 0
-39 -57 -41 0
-55 -12 37 0
-61 1 -67 0
25 -57 9 0
-51 38 -77 0
-22 73 12 0
36 69 74 0
25 48 -51 0
-40 -9 41 0
-56 19 -40 0
42 10 -47 0
-49 -47 -9 0
-67 -21 30 0
63 -57 -59 0
12 -55 76 0
5 29 63 0
42 -17 -44 0
57 5 45 0
4 -24 73 0
-65 -1 7 0
40 69 2 0
-45 -27 -51 0
54 -43 9 0
-11 -54 25 0
-54 -14 77 0
-49 67 6 0
-1 43 63 0
-19 -75 32 0
15 -64 37 0
40 -2 -60 0
28 73 13 0
22 -4 -64 0
-54 -24 29 0
-21 77 -70 0
-59 38 -11 0
39 25 28 0
41 66 -25 0
-53 -50 -15 0
-29 -1 -63 0
-67 -52 33 0
31 -67 -29 0
-20 69 -30 0
44 24 32 0
42 70 -72 0
-36 -33 34 0
61 -49 60 0
-60 -17 -22 0
53 28 -11 0
-3 77 67 0
9 -64 48 0
-58 60 50 0
53 62 -56 0
64 46 -59 0
72 -70 25 0
14 29 -47 0
48 -33 -77 0
75 14 -54 0
57 -75 -24 0
36 -68 -46 0
-77 20 -48 0
-21 -12 40 0
-42 11 32 0
-51 -11 -55 0
-51 -71 42 0
-69 -60 -24 0
-67 -73 30 0
-18 -37 -77 0
37 -39 42 0
2 55 74 0
27 -69 -40 0
23 -12 -66 0
28 -61 -71 0
-43 -76 -17 0
53 -48 12 0
-36 -23 -18 0
-21 52 77 0
-29 -58 -14 0
62 -32 39 0
23 -13 76 0
16 -67 -4 0
26 11 -53 0
36 58 52 0
41 65 -47 0
58 54 60 0
53 39 22 0
36 -34 19 0
-37 -54 -60 0
21 -36 -64 0
45 -5 -27 0
12 -39 62 0
-16 -37 -45 0
-37 21 60 0
18 68 37 0
12 -75 -11 0
50 -70 26 0
16 -72 -43 0
-55 -18 -59 0
-44 -2 -60 0
77 -6 26 0
55 -28 -27 0
-38 45 -42 0
28 -20 71 0
-72 -14 -45 0
47 37 -30 0
65 23 -74 0
38 -19 65 0
48 44 43 0
39 35 -24 0
57 -37 7 0
-16 48 23 0
-48 40 58 0
61 39 -18 0
-36 70 -76 0
15 -18 77 0
6 -52 10 0
2 -44 -40 0
16 -75 37 0
-61 -55 -76 0
-1 -36 63 0
-24 22 56 0
12 43 -16 0
-4 -8 -33 0
47 63 -57 0
-31 -25 64 0
-29 -32 54 0
-10 -57 18 0
2 75 -33 0
-70 32 52 0
-47 -3 30 0
77 -68 -12 0
67 17 -6 0
42 49 -61 0
-35 21 -52 0
77 40 45 0
17 -71 41 0
73 -50 -8 0
-65 -68 22 0
-6 -3 62 0
37 19 5 0
-45 -2 -54 0
-62 77 10 0
-43 40 -23 0
46 -35 -36 0
-2 -40 -37 0
26 16 -25 0
6 -72 -48 0
-18 31 -29 0
47 -4 -70 0
-51 10 -32 0
59 -4 -33 0
-20 64 36 0
-57 -43 77 0
-23 -76 41 0
-42 18 69 0
-61 -63 2 0
35 24 56 0
13 -30 -6 0
64 23 -6 0
44 -65 -9 0
-60 -49 68 0
70 -49 -18 0
73 -50 -24 0
-6 -16 -17 0
-74 14 -9 0
-37 -18 -55 0
27 -22 -43 0
-54 10 -72 0
-32 -24 -4 0
12 23 -49 0
59 52 53 0
56 21 -5 0
76 74 -24 0
-11 32 65 0
-37 -22 51 0
47 5 73 0
14 -9 -19 0
50 -32 46 0
-59 44 -57 0
8 37 28 0
-50 34 14 0
-67 -18 -38 0
73 44 9 0
-73 -68 -39 0
-35 47 24 0
33 -31 -19 0
32 34 -33 0
-44 71 66 0
-22 56 15 0
-46 15 -30 0
11 52 2 0
-9 54 33 0
61 10 30 0
48 -57 32 0
10 53 -15 0
-21 74 36 0
-3 31 -67 0
76 13 -62 0
-19 71 38 0
-50 -51 65 0
-77 38 -39 0
65 -43 -15 0
-38 52 32 0
-13 49 48 0
-69 27 -72 0
37 50 -9 0
-69 -3 14 0
-66 -75 50 0
71 34 17 0
-34 -28 42 0
