p 55 234
-14 31 10 0
1 39 -23 0
-55 -7 3 0
17 -24 44 0
-16 -39 -29 0
-17 -55 -49 0
37 -27 -43 0
41 13 -20 0
26 3 25 0
8 -30 -11 0
38 30 1 0
-48 -55 41 0
43 -15 33 0
29 -13 51 0
-22 -38 6 0
-38 8 -48 0
-35 -45 24 0
-11 -37 10 0
-35 -32 16 0
17 -10 -52 0
-48 -40 24 0
50 38 54 0
51 -3 39 0
25 45 39 0
25 -32 2 0
26 -6 28 0
2 42 -19 0
-29 -11 -4 0
46 28 49 0
30 6 46 0
2 31 13 0
-10 25 45 0
28 16 -37 0
-34 25 -41 0
49 19 -25 0
24 -48 -27 0
-28 3 -7 0
-16 8 -1 0
47 6 -40 0
-52 -21 -4 0
1 -45 12 0
33 27 44 0
-55 -48 50 0
-26 22 39 0
-23 18 42 0
42 -7 -26 0
-9 -8 -37 0
-38 -40 19 0
52 -8 44 0
-46 44 -14 0
44 -23 -27 0
25 -36 -50 0
-17 24 26 0
-34 45 29 0
52 4 -6 0
-4 49 -23 0
-43 -10 -37 0
53 11 23 0
41 -3 1 0
-8 -16 30 0
51 33 -4 0
-55 -39 -2 0
40 -45 23 0
52 -38 -53 0
31 -41 -10 0
38 34 54 0
-44 -43 -4 0
-50 46 -52 0
-32 -55 48 0
-53 47 -37 0
-9 -13 34 0
-50 -5 12 0
-18 55 -50 0
43 18 -36 0
14 50 -17 0
25 24 53 0
28 4 -45 0
-31 -52 -11 0
-47 40 45 0
-42 -17 2 0
-10 47 -51 0
46 -24 11 0
-37 4 -47 0
52 4 -27 0
17 7 -18 0
6 -17 3 0
-34 -8 15 0
-6 24 -49 0
28 54 8 0
49 37 -30 0
-5 -42 10 0
-40 -23 46 0
50 47 -37 0
-33 -15 28 0
47 -49 -7 0
-11 48 -7 0
40 -25 30 0
28 18 23 0
-30 -9 18 0
37 -48 27 0
46 27 52 0
10 3 -36 0
43 -5 -41 0
33 14 -45 0
39 46 -6 0
43 48 53 0
40 -24 21 0
-53 -32 43 0
-16 -44 -34 0
23 -14 54 0
-14 32 21 0
52 45 -30 0
-55 6 -36 0
-53 11 45 0
-16 15 3 0
-35 -22 -3 0
-54 -2 -6 0
-46 -26 43 0
24 -3 9 0
-25 23 28 0
47 11 4 0
17 -10 8 0
21 -28 -19 0
55 24 18 0
47 -2 -14 0
38 35 -45 0
-48 15 -54 0
-22 24 -52 0
-30 38 14 0
-22 1 -47 0
45 -31 -54 0
-44 25 21 0
40 -6 17 0
45 -21 -26 0
17 31 47 0
25 48 -42 0
53 6 41 0
-16 2 54 0
-20 1 30 0
-54 16 43 0
2 -31 -11 0
24 15 -47 0
-36 -8 35 0
-42 22 31 0
52 43 -46 0
24 -39 -2 0
3 -45 21 0
-9 24 53 0
21 41 -7 0
-43 17 37 0
-19 -34 -18 0
-41 -20 43 0
22 50 55 0
9 -52 37 0
42 -50 -20 0
7 -37 -9 0
-13 -34 41 0
21 26 1 0
-26 38 -42 0
37 -29 25 0
-41 -28 37 0
45 -1 12 0
-38 -48 23 0
-13 -37 -29 0
-48 -26 -19 0
-48 -11 12 0
-23 -49 -32 0
-50 30 25 0
8 -36 -17 0
-30 -41 15 0
14 -8 -19 0
28 -10 55 0
-39 -37 -50 0
32 12 28 0
-50 35 16 0
2 -29 3 0
28 40 -29 0
49 10 -53 0
37 -11 -13 0
16 7 47 0
-9 47 10 0
-6 -34 -10 0
20 -18 24 0
-27 24 -23 0
-22 23 -1 0
4 -48 -17 0
13 -44 -52 0
14 -37 9 0
-55 -11 -18 0
-26 -32 5 0
11 -29 -52 0
-21 -33 -51 0
-29 26 -51 0
-11 -19 33 0
30 28 -19 0
55 17 -48 0
-55 21 -11 0
26 -31 -19 0
-45 -47 -36 0
-9 -45 8 0
13 15 -27 0
17 9 51 0
-4 52 -55 0
27 -7 -21 0
38 -36 46 0
-50 46 -6 0
19 -5 -11 0
-14 -54 38 0
-48 -7 -18 0
-26 -17 25 0
-12 -1 45 0
8 -10 52 0
-38 -35 -32 0
-48 -27 47 0
-32 -51 -16 0
37 54 2 0
37 -47 31 0
30 -38 19 0
10 -8 39 0
-30 -55 -17 0
-45 49 31 0
-38 -16 47 0
-33 42 19 0
-47 43 19 0
30 -2 -4 0
18 -37 13 0
10 51 -9 0
-53 6 38 0
-23 32 2 0
32 -44 50 0
-4 46 -50 0
11 52 20 0
29 -34 7 0
-50 -18 55 0
