p 91 387
-87 -39 -1 0
-52 66 -17 0
74 10 7 0
16 34 74 0
45 -23 -9 0
5 27 60 0
76 -16 79 0
-78 69 4 0
-53 -48 -51 0
-90 62 63 0
18 -55 -75 0
-70 75 82 0
-42 88 -37 0
75 15 -61 0
-42 24 65 0
59 30 19 0
-59 76 -67 0
-51 -3 -14 0
57 -84 80 0
29 38 44 0
-52 40 -90 0
-42 -41 -55 0
-16 -63 50 0
85 -3 27 0
19 48 -69 0
60 88 32 0
-10 86 -62 0
-19 -24 -59 0
16 -49 -72 0
-91 8 34 0
-26 46 -71 0
-22 -57 6 0
57 -58 34 0
-59 43 1 0
-48 54 -46 0
14 -65 40 0
80 60 -53 0
36 7 16 0
67 -6 58 0
69 -41 -2 0
-74 25 81 0
-87 -23 61 0
33 -27 31 0
36 -11 12 0
57 88 -54 0
-61 64 -73 0
17 -49 -21 0
18 -31 17 0
-46 59 26 0
16 -82 -11 0
7 56 -25 0
75 82 -35 0
-17 22 26 0
-12 -53 47 0
28 -5 65 0
46 -36 -2 0
-33 74 20 0
-69 64 67 0
79 65 -66 0
-83 46 50 0
84 -34 90 0
-23 -52 -17 0
6 69 50 0
-21 -39 -56 0
73 -20 -41 0
23 -48 -6 0
46 -17 61 0
-66 64 -23 0
-14 72 -90 0
75 74 -19 0
60 18 83 0
45 34 -71 0
57 -89 -62 0
48 -18 4 0
66 -60 -57 0
9 58 -35 0
6 43 -44 0
-48 47 18 0
-35 32 45 0
43 53 -65 0
-23 46 -39 0
30 -7 -25 0
-31 -89 12 0
86 19 20 0
68 -47 26 0
-24 -5 89 0
33 71 67 0
71 -33 51 0
-17 -90 -5 0
69 76 -57 0
-48 -6 14 0
-31 41 -90 0
34 81 -72 0
-50 -67 -3 0
-75 58 -41 0
24 78 -83 0
23 -33 -43 0
13 52 15 0
-16 48 64 0
22 5 16 0
-88 32 -10 0
49 83 51 0
26 -10 9 0
70 90 74 0
-77 -1 -12 0
88 -53 6 0
28 47 21 0
-54 29 82 0
-66 43 -50 0
28 -30 -21 0
-54 -48 6 0
91 -43 55 0
-84 24 89 0
54 41 58 0
16 29 -2 0
4 20 -58 0
10 77 -49 0
-17 -1 -9 0
46 25 -49 0
-87 -82 -81 0
-5 -59 63 0
86 -82 61 0
-88 -17 67 0
45 67 -90 0
31 -84 -75 0
8 32 -67 0
-86 -90 67 0
-8 -33 -5 0
49 11 21 0
54 14 87 0
24 73 -20 0
2 49 88 0
43 -58 83 0
61 -50 -65 0
-44 3 74 0
69 -1 62 0
51 -2 -89 0
-66 -90 -78 0
61 84 1 0
21 22 -58 0
79 -74 -50 0
28 -37 -15 0
23 57 -14 0
70 -52 54 0
86 82 -79 0
-68 -25 50 0
91 64 34 0
74 87 -33 0
7 -83 -84 0
33 -83 55 0
53 -89 84 0
-35 -62 12 0
-73 -28 29 0
30 59 -56 0
73 -24 -81 0
37 -25 -39 0
-49 27 57 0
-37 31 -88 0
-80 -72 25 0
72 46 -15 0
19 -2 -38 0
61 82 68 0
-43 12 90 0
-17 26 18 0
-1 74 56 0
-57 36 -79 0
30 -86 59 0
71 4 80 0
2 12 -13 0
29 -30 72 0
63 -43 -59 0
-11 -33 22 0
-33 -9 -7 0
79 77 45 0
-25 -44 35 0
35 23 70 0
61 17 -52 0
68 -19 81 0
12 58 -86 0
61 -14 42 0
-77 60 -15 0
-87 -15 -42 0
-2 9 90 0
17 84 36 0
63 91 -34 0
10 85 2 0
-37 36 -4 0
59 -27 -31 0
7 12 -90 0
60 23 -68 0
82 -90 34 0
-66 33 55 0
53 15 3 0
27 -32 -16 0
64 23 75 0
12 -42 1 0
13 -58 4 0
-74 -65 -1 0
-80 -76 -88 0
77 -34 20 0
33 34 67 0
-8 -11 -20 0
44 36 -86 0
34 -85 -78 0
-2 41 -3 0
51 59 -75 0
-76 1 87 0
-45 14 -29 0
32 51 -30 0
-41 -32 -91 0
61 -46 70 0
45 54 -60 0
-61 31 63 0
-70 34 12 0
-27 -74 41 0
-26 -59 62 0
63 23 -40 0
-29 -71 -11 0
-85 -90 53 0
87 51 72 0
-19 -24 -46 0
-39 -5 -26 0
-55 7 -36 0
-3 -25 -69 0
26 -48 39 0
-53 -80 75 0
30 -57 4 0
31 -83 -11 0
-47 -52 -46 0
28 68 42 0
-31 78 44 0
-79 -2 80 0
-27 -39 -16 0
32 42 61 0
2 -82 40 0
29 70 88 0
23 45 -1 0
74 64 -68 0
70 66 79 0
-53 71 -35 0
-74 66 90 0
52 2 84 0
30 78 21 0
-91 -28 -57 0
-55 -10 46 0
56 -1 -7 0
48 -15 70 0
-2 -75 -55 0
23 65 -60 0
29 -35 -60 0
59 64 6 0
68 83 -17 0
34 43 55 0
-49 1 63 0
-66 -64 4 0
-44 -72 -29 0
-45 -78 -10 0
26 69 -12 0
-8 -20 -52 0
-25 -46 -73 0
-35 24 44 0
66 -68 72 0
13 42 -28 0
84 -81 52 0
40 -24 72 0
-6 51 7 0
89 40 -22 0
-84 54 -89 0
24 -9 16 0
-24 15 7 0
14 -10 57 0
-12 22 23 0
-60 31 28 0
48 -62 -29 0
37 35 -3 0
-86 -23 6 0
79 -73 -37 0
65 34 -42 0
-6 -54 -90 0
-36 56 -7 0
-54 -53 -74 0
-71 -33 28 0
-67 78 34 0
-27 -12 -50 0
-22 25 -53 0
29 -88 22 0
-88 -28 68 0
-86 -26 21 0
-89 -19 -90 0
53 4 21 0
6 -45 -46 0
22 1 -32 0
-80 68 58 0
-5 -16 -80 0
3 11 -73 0
-86 -65 72 0
19 -74 -15 0
-91 86 70 0
-13 66 -59 0
54 62 49 0
26 -56 61 0
83 28 -49 0
67 -86 34 0
33 68 -60 0
57 27 73 0
86 -87 -8 0
-44 -20 83 0
-61 15 -65 0
12 -30 -42 0
-3 -59 66 0
-17 -27 23 0
-20 89 -77 0
-62 31 23 0
-24 -80 71 0
-61 47 -35 0
-74 -43 -9 0
-2 -66 -24 0
8 84 72 0
24 -27 87 0
28 4 23 0
-14 66 -51 0
-76 75 -15 0
3 12 67 0
-13 4 30 0
-26 -39 -70 0
60 67 74 0
61 43 -26 0
14 10 9 0
48 -38 -53 0
-74 70 -30 0
-51 -89 79 0
-10 79 -36 0
-50 21 85 0
-33 8 30 0
-65 -68 -18 0
35 -38 -65 0
82 -35 -73 0
16 -10 47 0
2 -41 16 0
50 -25 -18 0
40 -17 -24 0
64 -56 81 0
-65 9 68 0
43 -68 -45 0
-40 -59 44 0
-53 -68 -51 0
-90 -46 -43 0
-23 11 43 0
-71 -12 79 0
42 -61 70 0
86 21 70 0
74 80 25 0
53 -18 -69 0
12 42 -83 0
-36 49 -41 0
-9 -46 -37 0
-72 -52 -3 0
-25 40 -30 0
91 8 -87 0
25 -43 -68 0
-48 82 -73 0
56 -59 -41 0
15 -36 38 0
51 43 88 0
-65 -45 -50 0
-91 50 -18 0
66 13 33 0
39 20 -65 0
53 90 50 0
19 8 -36 0
63 42 -84 0
91 -60 53 0
33 74 45 0
-83 50 15 0
51 7 47 0
-13 -4 -10 0
-36 51 -91 0
32 62 58 0
59 -6 -57 0
-7 -27 -82 0
-52 -72 29 0
29 58 37 0
-9 69 -61 0
7 -52 -38 0
46 79 10 0
-84 7 -81 0
-51 29 -45 0
