p 52 221
1 34 24 0
-18 -51 -20 0
27 -3 5 0
49 -44 -40 0
25 9 -16 0
-40 -24 50 0
24 8 -44 0
-15 -50 -21 0
-4 28 2 0
8 12 52 0
38 -34 20 0
1 -18 -44 0
-41 50 30 0
-23 39 -10 0
-26 -21 27 0
-36 42 -23 0
-20 6 -39 0
10 33 1 0
25 28 -47 0
26 24 -35 0
-7 -21 -38 0
18 -8 -19 0
29 17 -41 0
39 10 40 0
-40 -30 4 0
-51 -41 -3 0
42 -1 -36 0
19 10 -42 0
-50 -4 -49 0
20 -2 42 0
42 6 24 0
37 -11 52 0
-20 -17 49 0
-43 -28 -41 0
18 48 -28 0
33 21 -49 0
-46 40 21 0
23 -8 -20 0
-18 24 34 0
41 4 2 0
3 45 51 0
44 49 -6 0
-19 -20 52 0
21 -12 5 0
-36 7 -20 0
-34 -23 49 0
-8 -11 -38 0
-49 -9 -35 0
38 -6 -44 0
47 22 12 0
-21 -51 38 0
34 -22 -47 0
35 -45 18 0
37 -38 -26 0
-16 -11 51 0
-17 35 -26 0
-35 42 40 0
-41 -45 9 0
26 -32 13 0
-11 24 26 0
40 39 -17 0
-35 39 8 0
-6 4 1 0
-25 6 -12 0
-50 -48 40 0
1 46 22 0
44 28 -1 0
-5 37 -22 0
39 -11 16 0
-1 -45 -17 0
-23 17 44 0
-11 -52 18 0
-10 39 -51 0
-43 -12 3 0
-11 -6 -31 0
16 50 -18 0
39 -38 -8 0
-45 29 10 0
-31 27 -43 0
29 -16 -28 0
-24 -22 -42 0
-37 13 -14 0
41 35 39 0
-50 17 48 0
-17 -1 -14 0
-46 13 4 0
-47 -24 50 0
-52 12 -2 0
30 -44 -28 0
-30 -8 37 0
46 -30 -27 0
-7 -42 -9 0
11 -25 48 0
-28 38 -6 0
29 40 -30 0
-52 -5 -6 0
4 -25 -8 0
-16 6 37 0
39 37 -26 0
19 -27 36 0
-28 21 -37 0
12 -29 -44 0
2 11 -38 0
48 5 -6 0
-20 -10 -33 0
52 34 8 0
50 -43 18 0
4 -33 -21 0
15 -6 -22 0
-20 30 1 0
25 40 -51 0
44 -18 -3 0
-18 -46 -19 0
22 8 13 0
-44 -1 -2 0
40 34 -21 0
-16 -50 -19 0
-26 25 -34 0
-45 -42 16 0
-51 24 29 0
-40 -42 -16 0
-18 21 45 0
5 31 33 0
29 10 45 0
-20 -38 -21 0
3 16 52 0
-10 3 52 0
-29 14 40 0
43 36 -17 0
-26 -43 -9 0
41 -15 26 0
41 16 -50 0
-1 21 48 0
45 49 2 0
16 -2 20 0
-29 37 43 0
46 29 -21 0
-28 18 5 0
32 -34 20 0
-31 -14 12 0
-4 24 7 0
-14 6 -11 0
-6 -34 49 0
24 36 29 0
23 -43 -48 0
19 21 -22 0
15 23 48 0
-42 -37 -15 0
-51 20 36 0
12 -11 9 0
-22 -36 -3 0
17 30 -23 0
-14 42 17 0
6 38 35 0
9 -44 -7 0
32 23 -34 0
-37 35 -9 0
10 -36 41 0
2 33 30 0
27 -48 2 0
39 -51 -50 0
52 -9 -19 0
5 25 15 0
-33 30 -27 0
-5 26 -23 0
-35 43 -15 0
-14 -3 16 0
46 -34 9 0
46 -45 -21 0
40 13 6 0
5 -34 -43 0
-42 1 -10 0
-3 24 -47 0
37 24 -45 0
-51 29 -32 0
37 -28 -13 0
-17 -48 -52 0
-8 41 15 0
5 18 -52 0
52 34 14 0
-34 39 -25 0
13 -43 -8 0
25 -8 4 0
-14 26 27 0
-36 -42 7 0
40 -31 -5 0
44 -34 14 0
28 -7 -37 0
-18 -28 -2 0
-6 40 29 0
34 50 22 0
16 51 -7 0
8 -45 -36 0
29 -17 25 0
-10 -33 -34 0
-31 -22 13 0
5 37 -31 0
30 32 42 0
20 3 -52 0
31 52 24 0
1 35 -17 0
-47 -27 -12 0
11 29 -37 0
28 -43 29 0
-43 -14 16 0
-14 -15 47 0
-11 14 -50 0
45 31 -25 0
26 43 -50 0
-17 36 -51 0
-24 4 38 0
43 28 51 0
10 -18 17 0
48 -52 -32 0
-28 -11 -7 0
10 22 -9 0
-31 43 12 0
16 23 21 0
10 -33 45 0
45 -48 24 0
23 -26 13 0
