p 25 106
-2 18 -23 0
15 7 3 0
-25 -12 -16 0
-20 15 -17 0
17 -2 4 0
-18 -10 -1 0
10 13 7 0
-13 -7 -10 0
-2 -3 -1 0
-8 1 15 0
-9 11 -12 0
19 23 -13 0
-25 22 -12 0
-21 2 -18 0
-23 5 10 0
6 22 23 0
-23 10 -9 0
-8 6 9 0
-7 -1 -20 0
-24 5 16 0
23 -16 -24 0
20 6 19 0
-18 -10 -24 0
-6 -4 -21 0
8 -14 24 0
7 16 -8 0
-18 11 19 0
-23 21 22 0
-10 -12 -9 0
2 17 16 0
19 -7 11 0
21 22 -18 0
4 -16 -18 0
7 -20 1 0
11 3 -16 0
17 12 18 0
-5 -6 -2 0
-12 2 -8 0
12 -14 -1 0
-7 -20 -10 0
-22 -24 13 0
-8 22 13 0
-21 -17 -5 0
10 -24 -18 0
-5 16 7 0
-3 16 -8 0
-25 -23 -21 0
-15 10 8 0
5 -25 6 0
4 -9 -7 0
20 -22 -8 0
-14 9 1 0
18 22 19 0
18 16 -14 0
15 5 4 0
25 -8 -7 0
22 7 3 0
-13 -7 -21 0
16 19 10 0
2 6 23 0
-15 2 -21 0
-15 21 16 0
2 -16 -9 0
18 -15 20 0
6 -21 -25 0
18 -4 13 0
6 9 -2 0
-4 -24 -17 0
7 4 -21 0
-5 6 -12 0
2 -6 -25 0
12 -4 25 0
-10 -21 -5 0
7 13 4 0
5 2 -4 0
-10 -23 -25 0
-5 24 17 0
6 -7 -9 0
-3 8 4 0
11 13 4 0
9 -13 -14 0
-3 1 22 0
24 -9 -5 0
-17 24 -9 0
-24 19 -14 0
-19 2 -16 0
10 -16 2 0
-18 -20 6 0
4 -5 18 0
3 -20 -12 0
8 9 -4 0
10 13 -1 0
-10 -17 -7 0
-13 17 9 0
-9 -11 -1 0
1 11 -5 0
21 -1 11 0
-8 -2 -7 0
-9 -20 -12 0
16 -12 11 0
-4 13 -5 0
-7 -22 -11 0
20 -14 8 0
11 3 -12 0
-17 11 -8 0
-20 -14 -9 0
