p 61 259
-17 6 23 0
-53 -6 -3 0
8 -36 -16 0
11 -59 47 0
15 -4 -38 0
-8 -31 61 0
-57 55 4 0
9 14 12 0
-19 16 29 0
-11 -29 26 0
6 -25 13 0
31 -45 -38 0
24 33 17 0
-23 43 47 0
42 37 -4 0
9 16 -43 0
25 34 -4 0
43 -26 -14 0
23 24 50 0
16 53 -20 0
49 -61 -48 0
-34 -42 -23 0
57 -35 -3 0
-4 59 -18 0
-47 -3 -33 0
-53 33 -28 0
32 -43 -18 0
4 -8 52 0
-38 40 28 0
-11 44 -61 0
-48 -10 23 0
-17 -18 -53 0
34 -9 41 0
48 -6 -53 0
-55 -28 10 0
12 14 -28 0
-27 -36 -50 0
-61 54 -53 0
-58 -7 -59 0
-51 46 33 0
-51 9 -37 0
18 -29 2 0
30 -8 -41 0
-15 -46 -60 0
-38 -14 -56 0
45 51 -8 0
23 22 37 0
29 -16 -39 0
60 -28 48 0
24 31 20 0
28 41 -11 0
22 52 -42 0
-48 -47 24 0
33 -21 -11 0
-8 -23 -54 0
53 -57 55 0
24 11 -50 0
-5 35 4 0
-42 -32 38 0
-50 -34 46 0
-60 16 -35 0
36 37 -58 0
-16 -1 14 0
45 10 5 0
-17 14 -39 0
-22 40 -30 0
10 35 -41 0
17 15 29 0
5 -32 56 0
14 -11 -47 0
25 8 41 0
-13 -39 -37 0
-56 37 44 0
-53 34 -42 0
-30 7 -53 0
-35 11 45 0
-52 -34 -19 0
-5 11 46 0
-38 3 -60 0
-46 -6 -47 0
43 14 -57 0
8 -30 1 0
17 -47 -46 0
21 52 1 0
36 -9 -57 0
-9 -40 -32 0
-48 41 9 0
19 7 33 0
-6 58 39 0
6 59 -29 0
-26 -55 39 0
14 -33 -7 0
-44 47 -11 0
52 3 -6 0
-21 24 27 0
-37 -58 1 0
43 -17 -25 0
-57 36 -45 0
-43 -51 47 0
-14 -35 -1 0
-42 -5 -20 0
7 -3 45 0
5 22 54 0
-6 21 42 0
6 16 -2 0
-36 28 19 0
45 47 -1 0
-38 46 43 0
47 -5 -54 0
-39 -46 22 0
30 18 -59 0
-20 36 -4 0
24 -39 27 0
18 52 -32 0
-17 -52 -34 0
14 42 35 0
-17 49 -35 0
50 22 -27 0
-27 22 53 0
41 -47 43 0
-41 40 -25 0
25 -46 -35 0
-9 29 -25 0
-45 -26 -18 0
37 -57 -39 0
-47 -25 -33 0
16 13 -31 0
-37 -3 36 0
1 9 -35 0
-36 -52 -56 0
44 2 -18 0
-2 52 35 0
31 32 3 0
34 -23 43 0
47 10 -9 0
-60 57 23 0
-48 -34 -53 0
-33 30 -41 0
41 61 -10 0
-47 -9 -32 0
-55 -8 41 0
-27 -10 -35 0
47 43 60 0
37 41 24 0
-33 -31 17 0
42 31 -58 0
-49 7 59 0
-33 -47 -18 0
20 12 32 0
55 -39 47 0
39 -38 -16 0
-36 5 -46 0
54 22 -46 0
-50 -56 -57 0
51 49 -43 0
-58 -41 -42 0
60 -58 28 0
-33 38 -48 0
-38 -13 61 0
-26 35 31 0
-32 25 16 0
-8 42 30 0
-59 48 -34 0
4 -10 -48 0
51 -46 -20 0
24 42 -13 0
-58 60 7 0
4 22 -51 0
-24 -20 30 0
-49 -50 57 0
-52 -15 53 0
56 42 11 0
25 -48 33 0
1 -15 -28 0
-32 -57 8 0
20 15 1 0
60 -15 61 0
-23 14 8 0
-44 -49 9 0
-58 -23 -27 0
29 -22 -30 0
39 59 6 0
-5 -41 -12 0
47 -26 -33 0
-44 -10 43 0
2 20 13 0
-46 -5 12 0
40 46 61 0
-15 17 -25 0
1 -13 51 0
41 36 -15 0
-29 -20 -23 0
21 -32 54 0
57 41 59 0
-13 55 -15 0
-50 -35 22 0
38 -17 9 0
-7 10 -16 0
-2 -49 -17 0
33 9 -59 0
4 -37 44 0
60 44 49 0
30 35 56 0
54 40 -19 0
-11 -60 -58 0
-24 57 51 0
59 42 -49 0
-32 -37 10 0
-23 28 -20 0
-8 45 5 0
28 -29 -15 0
-24 -48 -21 0
55 -54 40 0
-21 45 29 0
-20 -4 -21 0
-37 -57 51 0
5 -8 61 0
-28 -61 18 0
-59 -28 -34 0
-7 54 -51 0
-24 -48 32 0
-18 -58 59 0
7 -50 -57 0
5 21 -29 0
-6 -13 25 0
56 -25 -24 0
-37 -30 42 0
-23 -40 -3 0
-49 38 7 0
48 39 -50 0
-36 20 60 0
-42 -41 40 0
-4 -42 -5 0
26 -54 -33 0
39 16 11 0
-11 -3 -12 0
-52 11 49 0
-21 5 7 0
-38 -46 9 0
36 58 31 0
-13 -34 -17 0
-20 12 23 0
36 18 24 0
-58 31 38 0
-17 -22 5 0
-19 43 38 0
-53 49 18 0
-10 -8 22 0
-8 -34 -3 0
-9 -8 -60 0
-52 15 16 0
59 -7 56 0
-7 20 -45 0
-59 23 -20 0
-32 60 56 0
-30 24 52 0
-43 41 -45 0
-36 11 57 0
41 -6 39 0
