p 30 127
5 18 -3 0
30 -13 -12 0
26 12 3 0
-26 1 12 0
-24 -14 -15 0
25 -23 14 0
-20 29 -14 0
21 -16 12 0
3 -29 -12 0
-4 7 -27 0
12 -9 -8 0
8 23 6 0
12 20 -25 0
4 -6 29 0
-24 -15 7 0
5 25 -24 0
11 9 7 0
10 -19 -23 0
11 -28 13 0
8 16 -9 0
-9 -4 20 0
-10 -17 18 0
-10 16 20 0
-9 28 -15 0
-17 8 15 0
6 -27 -9 0
-30 25 -7 0
-16 19 15 0
-10 -25 -12 0
-14 -2 13 0
20 16 11 0
20 23 -18 0
21 -1 22 0
19 -30 26 0
28 -11 -10 0
-30 23 -8 0
-13 20 -3 0
24 22 -27 0
-29 15 3 0
5 -6 -30 0
20 15 22 0
-8 22 29 0
-24 26 -5 0
29 -3 1 0
-8 -24 -19 0
13 5 -2 0
2 21 4 0
11 -9 -30 0
20 -19 -21 0
15 -16 30 0
29 -28 19 0
12 14 -16 0
-25 26 12 0
-15 -4 -19 0
24 -27 -26 0
-26 -10 -5 0
-25 -17 -11 0
20 -28 -2 0
6 23 -16 0
20 12 21 0
-26 -21 18 0
16 -5 -29 0
5 7 -4 0
11 6 -7 0
3 27 -20 0
-12 9 11 0
-24 -4 30 0
22 -27 -25 0
-30 12 1 0
-27 17 14 0
-5 -7 -11 0
-12 -9 30 0
28 17 21 0
24 5 28 0
8 -26 -23 0
-1 -28 -3 0
8 -14 21 0
21 -7 13 0
26 15 5 0
-28 -4 -13 0
30 16 20 0
12 -2 26 0
14 -15 -6 0
28 -9 -2 0
21 -29 3 0
-16 -26 20 0
-11 10 23 0
-5 -13 8 0
-2 -24 -11 0
18 -6 17 0
18 6 20 0
27 -9 -10 0
-1 27 -12 0
-17 28 -21 0
6 9 2 0
8 9 20 0
30 1 -15 0
-3 -8 14 0
27 -16 30 0
-8 -20 25 0
-21 30 12 0
-7 25 -20 0
-29 19 -13 0
19 -16 18 0
23 15 -21 0
18 -1 -13 0
-25 7 -6 0
2 29 -21 0
8 -23 -9 0
-27 -10 -2 0
-1 6 -12 0
-26 -30 7 0
-22 -30 -11 0
-16 -30 15 0
-18 5 25 0
11 17 26 0
-14 4 -15 0
-17 -21 -7 0
6 -9 -12 0
15 -14 11 0
-21 -11 -27 0
8 -12 -20 0
-23 -9 26 0
19 17 15 0
-11 30 17 0
30 27 -4 0
13 -14 15 0
