p 19 80
19 17 -8 0
2 7 -13 0
-19 -8 -7 0
9 12 5 0
-3 -4 8 0
-4 13 -11 0
-13 17 -15 0
-8 -18 -17 0
-3 7 -18 0
-8 -7 -16 0
6 14 -5 0
10 -4 14 0
-3 6 -18 0
19 -1 -14 0
-12 19 8 0
-4 13 -6 0
14 -11 -15 0
2 -15 -4 0
18 -9 2 0
16 2 -4 0
1 -18 -19 0
13 8 18 0
13 -16 -15 0
-3 -14 10 0
-19 -1 5 0
-15 8 10 0
11 -4 16 0
18 11 1 0
-4 16 10 0
17 18 9 0
-16 -13 -15 0
2 1 16 0
3 -9 10 0
-1 -19 17 0
8 16 4 0
-11 -4 14 0
14 2 17 0
12 -1 6 0
11 6 -5 0
-4 -9 -11 0
-11 -12 6 0
-8 -15 3 0
-11 -2 4 0
-9 -17 -11 0
6 13 -12 0
-7 -6 -14 0
2 -6 15 0
2 -16 -9 0
-8 -12 -3 0
-10 4 -18 0
-14 12 18 0
-11 13 2 0
-8 -15 9 0
-15 2 8 0
-5 -9 18 0
-15 2 4 0
-17 -10 11 0
-15 -19 13 0
-10 6 -19 0
-2 13 8 0
-15 7 17 0
15 -6 -19 0
9 -13 -3 0
4 3 -7 0
6 8 19 0
8 9 5 0
-5 19 -6 0
-13 -17 -19 0
3 -19 -7 0
-15 -12 -5 0
16 -15 -18 0
2 18 19 0
-12 1 -13 0
18 -8 -1 0
-4 5 -1 0
-4 9 16 0
-7 -6 -14 0
19 -12 7 0
-8 15 14 0
-7 8 -6 0
