p 50 213
-4 -10 -41 0
-46 -36 -14 0
-50 -19 -14 0
-18 39 44 0
-39 -44 -48 0
27 36 -31 0
-11 -16 -13 0
49 -27 -32 0
11 -48 9 0
-17 44 36 0
-29 -28 24 0
28 37 4 0
12 49 14 0
36 26 -44 0
45 20 -5 0
11 36 -48 0
9 -37 5 0
-2 -40 29 0
14 -44 23 0
34 23 -33 0
-50 23 -19 0
32 29 -17 0
-4 -41 -29 0
-1 -19 -13 0
-27 -9 -32 0
19 -29 50 0
25 14 19 0
30 -33 20 0
-50 -21 28 0
-6 5 -28 0
12 -25 -28 0
-48 31 15 0
32 24 11 0
3 38 -17 0
-29 25 22 0
-39 -19 47 0
-26 38 -45 0
-22 -46 13 0
-49 36 6 0
-19 4 11 0
19 9 44 0
-4 27 -18 0
46 25 44 0
36 11 -30 0
25 -21 -43 0
-24 -27 45 0
28 21 -24 0
-6 15 48 0
50 39 36 0
-42 -18 -32 0
-20 48 -32 0
16 -48 41 0
-50 14 9 0
10 43 -28 0
27 -6 33 0
-37 49 -39 0
-18 4 -48 0
-20 -40 24 0
-50 -38 45 0
-14 17 33 0
-9 -37 35 0
36 -32 31 0
-38 4 -16 0
-36 11 32 0
25 -31 27 0
-49 -34 -40 0
12 45 18 0
-14 21 44 0
20 -13 -29 0
-41 -50 -48 0
1 -19 10 0
42 25 15 0
-10 -18 28 0
-15 -4 -1 0
-37 12 17 0
49 -21 -41 0
29 -18 -17 0
-26 -14 -48 0
43 -33 32 0
49 26 -34 0
26 16 43 0
-28 10 19 0
-11 29 -34 0
-42 -7 26 0
-28 -16 42 0
-22 30 -6 0
-31 -4 2 0
-33 37 26 0
-16 -21 45 0
-33 -29 -26 0
33 -3 -5 0
-5 42 -43 0
41 44 -43 0
43 -16 -29 0
-7 -15 -34 0
-35 -4 12 0
-43 -32 -1 0
-39 34 7 0
-32 50 20 0
45 42 -36 0
5 -12 33 0
-13 -28 -18 0
-10 -37 19 0
-48 -41 -49 0
-14 -21 -41 0
32 -16 -1 0
-33 -26 38 0
-10 50 -36 0
-5 12 8 0
37 -34 -47 0
-47 -33 -42 0
3 8 -16 0
3 -22 12 0
38 -27 4 0
-16 29 40 0
26 -32 18 0
-13 17 19 0
40 -43 -13 0
-32 41 -47 0
7 41 18 0
-39 15 41 0
32 19 -27 0
-33 28 13 0
-27 -46 -17 0
-1 18 10 0
-21 -19 11 0
17 -20 -10 0
46 14 -4 0
-12 21 16 0
40 26 -12 0
-39 10 47 0
-34 -37 2 0
46 23 19 0
-41 -21 -20 0
31 -6 -47 0
1 -23 -16 0
-30 50 -27 0
-19 -22 -44 0
35 36 -41 0
-17 -49 26 0
-46 -38 -44 0
-43 -23 32 0
45 17 44 0
-19 -38 -11 0
-30 -39 -28 0
-25 -35 37 0
-38 1 -37 0
-5 40 -41 0
-25 18 31 0
4 6 -36 0
49 24 -32 0
-16 -44 -15 0
28 -50 -24 0
2 32 5 0
19 44 45 0
13 24 49 0
-31 -18 10 0
-13 -6 -36 0
50 -23 -35 0
-39 -48 -14 0
12 -19 11 0
1 -9 -45 0
-23 42 -46 0
41 -43 44 0
13 3 -32 0
6 49 -44 0
15 50 48 0
-31 5 35 0
-21 -25 -20 0
5 20 35 0
-13 -27 23 0
-21 11 31 0
-14 -5 32 0
10 25 -49 0
29 47 -28 0
-36 10 -8 0
22 -41 -36 0
32 10 40 0
14 37 -43 0
-27 -3 46 0
14 -13 -19 0
-41 -16 31 0
-36 -44 38 0
41 50 5 0
44 12 47 0
31 -33 -7 0
11 -42 -17 0
-10 50 -1 0
26 -48 -20 0
-27 -42 -29 0
-33 -2 -43 0
25 41 43 0
-15 20 -21 0
-5 50 48 0
18 10 27 0
-14 -10 -39 0
36 -4 49 0
-21 13 -15 0
-29 23 25 0
19 -34 -28 0
26 25 37 0
-38 -20 -22 0
-41 50 -43 0
-1 -38 -34 0
-27 13 49 0
40 -34 2 0
-9 -23 30 0
-49 24 20 0
24 46 47 0
42 -39 48 0
15 40 29 0
4 -7 -45 0
47 -11 -18 0
