p 55 234
-52 41 8 0
30 -24 55 0
22 39 11 0
-20 -21 -55 0
41 37 -9 0
35 15 -12 0
-35 -28 -31 0
-40 6 24 0
-5 -52 -44 0
42 -9 -4 0
42 -9 -35 0
42 -5 48 0
11 7 -48 0
21 36 -14 0
-31 -18 -43 0
-52 -8 -55 0
13 -15 -6 0
-16 45 -1 0
-28 -13 42 0
-24 47 25 0
40 -3 19 0
-49 25 54 0
-7 -54 -19 0
47 -10 -48 0
-53 -26 -28 0
46 -22 -32 0
25 5 -39 0
-49 -16 -44 0
48 -24 42 0
5 28 50 0
10 -18 17 0
-43 14 50 0
32 9 15 0
42 22 38 0
-22 29 27 0
-17 33 -31 0
47 -54 -5 0
47 21 48 0
-3 -15 32 0
-36 -46 -20 0
43 22 -7 0
3 19 -9 0
-21 18 -10 0
-8 27 -54 0
28 39 2 0
-30 -20 1 0
-38 19 49 0
36 8 -17 0
21 35 8 0
4 2 24 0
33 17 -19 0
50 26 41 0
25 -20 35 0
-40 -39 -18 0
33 34 -47 0
-32 16 -30 0
6 37 34 0
48 -17 13 0
10 15 -40 0
54 45 -29 0
26 2 -18 0
18 -27 -7 0
26 41 -43 0
-7 -20 -35 0
-7 -33 -32 0
23 -13 5 0
-20 23 5 0
-24 12 15 0
34 -39 -54 0
-45 -38 -46 0
-49 -40 -39 0
55 -49 8 0
-48 55 -39 0
-22 54 -47 0
-16 -32 34 0
-9 36 52 0
17 52 23 0
23 50 -11 0
-24 12 13 0
32 -50 24 0
30 -38 -33 0
-27 20 26 0
28 10 54 0
-10 23 -47 0
41 -42 -13 0
-46 -29 -48 0
-49 30 -51 0
22 48 30 0
-30 -55 -32 0
26 -4 -19 0
11 -47 30 0
-55 -27 -32 0
-44 41 50 0
55 -39 -26 0
-31 -16 -14 0
15 -14 -11 0
-2 -47 -29 0
-43 -39 -29 0
-10 -45 43 0
37 13 -36 0
-49 -4 52 0
39 28 7 0
-26 38 35 0
38 28 -25 0
50 39 44 0
-24 33 -41 0
-54 3 -5 0
-11 -14 13 0
-30 7 -54 0
-30 -47 -21 0
-12 -1 -26 0
-3 48 -52 0
-52 -5 -36 0
52 -11 46 0
-16 45 37 0
2 3 -37 0
-43 -39 47 0
36 25 28 0
-21 -32 8 0
-32 -29 -14 0
-45 -12 -15 0
-50 -16 20 0
30 16 11 0
-18 42 26 0
4 -18 33 0
-51 -13 2 0
44 38 52 0
-20 -19 -39 0
12 -5 -43 0
24 2 -33 0
-8 21 28 0
-49 53 1 0
-17 51 19 0
-19 -39 -3 0
35 18 8 0
3 16 -25 0
27 -14 -25 0
27 23 -17 0
-4 -2 -22 0
-52 -25 47 0
32 -8 55 0
27 11 52 0
16 18 -44 0
44 -49 45 0
20 35 -32 0
46 -50 -45 0
41 8 29 0
-45 -11 55 0
26 -11 -49 0
22 -27 -12 0
-54 -17 -18 0
-52 45 -29 0
2 24 42 0
36 16 3 0
-51 35 -17 0
29 -50 -45 0
40 47 -46 0
-29 -20 -32 0
-2 40 20 0
-13 -22 5 0
7 38 14 0
-37 -27 -44 0
-10 37 -12 0
-44 -13 -12 0
39 -24 -29 0
12 37 39 0
-19 -29 -35 0
31 -23 -13 0
37 -16 -6 0
-17 11 24 0
-36 -46 5 0
9 54 -5 0
-18 43 -5 0
-53 -19 -51 0
-50 1 -46 0
-43 29 -7 0
12 -40 17 0
-34 37 -19 0
-16 -42 22 0
-23 -46 41 0
-44 -31 -8 0
-6 54 -53 0
55 -12 -11 0
-35 -23 9 0
-9 37 -38 0
-38 -12 46 0
55 -51 42 0
51 -5 37 0
50 25 -2 0
5 55 28 0
11 47 -16 0
7 -30 -40 0
8 -30 -12 0
-42 -43 25 0
42 -48 27 0
30 51 48 0
4 -54 34 0
-28 -10 -20 0
9 17 31 0
-12 -45 44 0
-2 -23 49 0
28 9 -53 0
42 -1 2 0
-43 40 26 0
3 -23 -24 0
-44 13 -4 0
-52 43 44 0
-54 -29 53 0
3 11 20 0
8 33 32 0
34 -36 -29 0
-2 45 -30 0
-51 55 -34 0
39 51 7 0
-8 -28 -29 0
45 -21 9 0
-27 18 29 0
-26 -41 -32 0
-37 -11 38 0
-53 -22 -35 0
-35 -37 47 0
-27 54 51 0
-26 23 44 0
-35 -11 -48 0
-6 -25 8 0
19 25 30 0
-3 54 -17 0
30 39 -1 0
1 -51 -4 0
-1 19 -23 0
-39 -4 13 0
26 -22 -44 0
43 -42 -15 0
-26 -8 -51 0
