p 58 247
55 -24 -27 0
-33 12 -23 0
-51 -16 -6 0
-37 -45 -4 0
-18 -34 19 0
46 -25 38 0
47 -30 -12 0
42 -22 23 0
29 14 -19 0
58 -32 19 0
33 -16 51 0
2 -47 -10 0
-50 -25 -9 0
41 8 58 0
-11 -46 -55 0
-50 43 -52 0
-17 -15 -33 0
-13 33 -12 0
-16 -29 -43 0
40 57 -47 0
48 32 2 0
-40 34 13 0
-5 53 -21 0
-40 -31 21 0
-39 -57 19 0
2 45 -8 0
-57 51 -54 0
48 -37 3 0
-29 18 34 0
-28 46 -55 0
-9 -32 -50 0
-9 31 18 0
-52 -45 -56 0
15 56 46 0
-28 45 25 0
32 21 -20 0
24 -27 -34 0
19 22 38 0
-20 -17 -48 0
12 45 48 0
19 -9 -7 0
-36 -38 18 0
55 47 -6 0
6 19 -27 0
-56 -35 -33 0
-56 40 1 0
-40 37 -12 0
-8 25 -19 0
-20 -13 26 0
41 -34 20 0
25 27 4 0
29 -37 -31 0
11 -26 42 0
4 -47 30 0
18 -44 -57 0
-46 -33 -32 0
13 -25 7 0
9 22 45 0
37 -27 -4 0
14 -19 30 0
13 1 47 0
22 20 24 0
-1 37 -50 0
-8 24 1 0
-19 -27 35 0
-43 -34 -17 0
-44 41 30 0
-49 35 -56 0
-3 54 -41 0
11 -26 -40 0
27 48 -42 0
-11 19 -26 0
16 -15 50 0
2 56 43 0
-27 4 -8 0
12 -54 8 0
57 -47 37 0
-8 -46 35 0
-54 56 52 0
-31 -9 -40 0
22 -56 -8 0
28 -22 -25 0
-12 3 -57 0
51 -25 31 0
26 3 -46 0
-18 10 -8 0
49 -48 25 0
14 48 -57 0
-56 25 -6 0
-13 -41 -17 0
21 -11 -9 0
4 -33 -21 0
-15 3 51 0
-16 -44 -52 0
-40 -28 27 0
-7 -24 43 0
-41 50 39 0
-45 -11 9 0
45 38 44 0
-24 -55 -42 0
47 27 -51 0
1 56 -6 0
-58 56 14 0
58 -10 -48 0
41 -7 -5 0
-7 -48 -58 0
10 52 -17 0
-56 20 -48 0
-15 18 14 0
50 35 -44 0
-49 23 2 0
-23 -42 12 0
23 18 21 0
51 -23 6 0
45 23 -26 0
-46 41 20 0
-17 32 -30 0
50 -37 52 0
-28 -16 19 0
6 45 51 0
-41 27 17 0
35 -36 6 0
-43 -5 15 0
-24 31 21 0
35 36 -39 0
48 -19 32 0
-1 -28 -44 0
-2 -1 39 0
-15 -55 -6 0
55 33 -36 0
33 -37 10 0
-2 -31 -42 0
-29 -34 41 0
15 -18 -22 0
45 5 -53 0
48 47 55 0
45 -37 43 0
-58 -42 -22 0
13 16 42 0
-54 52 -35 0
39 21 48 0
-19 -28 58 0
-11 -23 58 0
-42 30 -29 0
51 -11 39 0
-22 -50 -44 0
34 24 1 0
46 24 -47 0
5 -51 -14 0
57 44 12 0
26 2 -31 0
-52 47 16 0
11 14 -41 0
-28 -10 -7 0
28 57 -27 0
24 -16 -42 0
16 20 -1 0
23 4 -27 0
-43 57 -33 0
-58 -9 48 0
27 -26 -43 0
-52 10 19 0
-55 35 48 0
-52 3 53 0
26 43 -53 0
31 -54 -40 0
2 -55 4 0
55 13 47 0
46 38 -41 0
33 -34 -50 0
36 -54 -31 0
23 -7 58 0
-43 -5 -53 0
-26 56 -34 0
20 28 -10 0
46 34 -54 0
42 57 2 0
24 30 12 0
-56 -22 35 0
34 38 -39 0
-31 -33 -49 0
12 31 -14 0
39 -13 -46 0
5 -46 -36 0
-47 -7 44 0
44 -8 -24 0
-58 -11 35 0
-3 9 42 0
47 32 4 0
27 -3 -25 0
35 41 39 0
52 54 5 0
-49 -34 54 0
26 55 -57 0
14 50 5 0
-17 28 -18 0
-13 20 -4 0
14 -43 -33 0
21 -4 10 0
-16 49 -21 0
37 42 54 0
17 47 -45 0
36 26 -18 0
-43 10 46 0
-2 -11 -39 0
-58 -12 -53 0
54 -52 27 0
-44 23 -40 0
34 -40 -45 0
-10 3 -6 0
24 -54 12 0
-7 35 32 0
-36 -35 19 0
-17 -11 45 0
10 -12 46 0
-52 -7 6 0
43 -12 49 0
51 -36 -16 0
33 -48 -56 0
-14 29 54 0
-10 2 29 0
-20 22 -17 0
45 1 -39 0
-28 -54 38 0
-57 40 15 0
1 11 -15 0
3 -2 -56 0
46 28 -6 0
9 55 -21 0
41 27 2 0
-10 -50 -11 0
15 58 -2 0
-47 12 14 0
16 56 -13 0
57 14 -43 0
-33 -10 -14 0
26 -21 35 0
-51 -8 -16 0
-49 -50 34 0
-19 58 6 0
2 58 -1 0
29 49 -27 0
-39 3 -19 0
29 -22 -16 0
43 30 8 0
-9 42 -15 0
-19 -20 -51 0
