p 86 366
-31 -32 47 0
83 86 32 0
25 63 -26 0
-83 66 -75 0
-80 76 -58 0
-14 -12 -8 0
23 16 -11 0
65 25 57 0
-42 7 25 0
-1 73 -50 0
16 19 3 0
54 -9 41 0
-39 81 -8 0
58 20 -46 0
-37 44 13 0
-51 -60 -67 0
4 20 62 0
-83 -82 24 0
13 68 -28 0
-49 -53 75 0
-21 -24 26 0
-86 13 69 0
83 -76 -55 0
-24 70 -50 0
70 -48 16 0
-7 -59 42 0
-45 -86 39 0
70 -83 -55 0
41 -28 -36 0
68 -11 -10 0
-86 53 -38 0
11 4 -84 0
78 -70 61 0
-38 78 -33 0
-6 -12 74 0
75 68 36 0
40 35 -84 0
81 -5 -52 0
-26 4 -47 0
-85 68 40 0
84 77 -67 0
22 50 -42 0
50 -49 -71 0
53 74 -67 0
35 -19 -74 0
37 -42 15 0
20 -19 -48 0
-47 -84 -48 0
-60 54 -45 0
-76 70 -63 0
-61 85 -58 0
80 -50 -48 0
-12 -47 20 0
-38 -32 22 0
39 -24 -40 0
-21 11 62 0
-45 -36 -6 0
-81 11 -12 0
78 -36 -85 0
-7 41 -26 0
-22 -54 72 0
-36 40 22 0
76 -19 -13 0
-64 -23 -52 0
18 -11 -7 0
-61 12 -59 0
-45 -64 -67 0
28 -15 -71 0
55 39 24 0
-34 64 -63 0
73 -77 -19 0
-73 -18 8 0
75 58 71 0
-59 -14 49 0
10 82 -9 0
-20 -76 81 0
-23 -39 -6 0
-55 -34 36 0
-66 -39 -43 0
-45 -1 -79 0
80 55 -5 0
83 84 -60 0
62 83 31 0
-15 40 9 0
35 -60 83 0
27 38 -47 0
-36 65 78 0
33 11 61 0
15 8 5 0
-80 7 -42 0
16 -24 -44 0
-46 37 58 0
-4 40 20 0
-49 -44 -15 0
-64 67 -27 0
-30 51 50 0
-18 41 30 0
5 -46 84 0
5 -77 -10 0
77 -73 19 0
-54 64 47 0
-40 -10 1 0
-7 -25 12 0
34 72 -53 0
79 41 11 0
55 -30 64 0
-11 76 35 0
19 -8 37 0
61 20 -83 0
-66 -20 47 0
8 20 42 0
68 24 21 0
14 55 -64 0
45 -36 -55 0
12 29 25 0
51 84 64 0
61 81 57 0
25 -12 -28 0
-68 -67 30 0
-82 20 16 0
56 -85 53 0
43 -81 -28 0
55 2 38 0
77 23 -66 0
-44 54 -19 0
4 41 -16 0
76 -31 -70 0
71 -25 31 0
-48 14 -28 0
-6 -31 -74 0
6 52 -4 0
71 -41 -5 0
43 -59 -60 0
68 65 -80 0
-4 20 -34 0
74 -37 -86 0
10 71 -39 0
-4 -79 19 0
-12 -28 -4 0
20 26 -29 0
-18 -17 50 0
-53 -19 76 0
-13 -43 -42 0
30 -8 42 0
7 8 1 0
-54 48 -21 0
82 -28 67 0
59 -11 1 0
31 -75 24 0
-84 -28 14 0
-56 66 -33 0
80 40 -85 0
19 -74 -85 0
77 -40 -1 0
46 1 -35 0
79 -10 64 0
-5 40 -81 0
21 -17 -85 0
40 84 -17 0
-7 -29 -23 0
-76 86 14 0
-82 -12 -23 0
3 -56 -5 0
-57 -27 78 0
-36 16 -56 0
10 -73 -50 0
34 50 -53 0
-51 -80 39 0
-2 40 -20 0
12 -28 45 0
7 12 -86 0
29 -31 -76 0
77 -24 -80 0
-27 21 -50 0
41 -33 67 0
-74 79 55 0
13 -54 -80 0
24 -48 -86 0
37 -64 52 0
73 -69 -50 0
-37 -23 82 0
27 55 24 0
-79 -41 52 0
-77 21 32 0
47 14 53 0
-66 -49 -23 0
-84 -50 -59 0
52 -81 30 0
85 63 59 0
-62 19 2 0
74 -48 -42 0
-4 46 14 0
38 -57 -85 0
-38 69 -84 0
73 -48 -39 0
-34 -82 -40 0
3 28 44 0
17 12 -78 0
-63 -65 -8 0
11 -27 46 0
-28 83 -4 0
-41 -20 -51 0
-37 -32 84 0
8 -20 -55 0
76 -28 -67 0
-82 -29 52 0
-53 41 -19 0
-33 -13 -37 0
-44 27 36 0
24 -63 -8 0
64 6 -55 0
31 -48 60 0
-79 72 53 0
-18 -67 24 0
12 82 33 0
43 -4 21 0
-72 41 68 0
72 -54 -31 0
-21 30 61 0
-8 -59 11 0
28 54 82 0
72 84 36 0
-4 -83 -3 0
20 -12 -26 0
-25 30 -13 0
-73 16 -55 0
8 -61 51 0
51 57 37 0
11 63 -78 0
-53 -48 50 0
35 54 -24 0
1 22 -73 0
-49 20 -56 0
27 46 61 0
-16 57 -14 0
-51 59 21 0
60 -47 -53 0
-74 -2 60 0
10 -8 51 0
76 55 -51 0
20 -77 -73 0
29 -82 36 0
19 -64 25 0
45 61 84 0
-60 -44 -26 0
56 -13 -83 0
78 -38 77 0
-48 14 2 0
32 76 1 0
-67 -81 42 0
-7 34 -22 0
-56 -24 -36 0
42 5 15 0
-4 -46 -69 0
8 62 -73 0
-59 -28 40 0
79 67 54 0
72 -33 25 0
58 38 47 0
75 52 51 0
-18 55 -52 0
-40 85 35 0
67 60 -5 0
59 -56 36 0
-50 -52 -70 0
32 24 10 0
79 7 -6 0
-73 78 -71 0
-21 -85 -30 0
-82 45 -76 0
-70 23 38 0
27 -17 -29 0
-17 -39 13 0
-13 -52 -74 0
-24 73 -16 0
69 -66 -70 0
-70 44 -67 0
-3 86 -15 0
-70 -26 62 0
-13 23 48 0
10 85 -79 0
-14 38 71 0
56 74 64 0
-80 -67 76 0
-81 -64 22 0
23 20 -36 0
15 -24 -54 0
-59 -40 -7 0
28 -77 -42 0
-24 -31 -15 0
-2 -72 -85 0
5 33 76 0
12 -43 16 0
-25 -49 -44 0
-31 -70 76 0
-81 20 35 0
-67 4 -60 0
16 35 -74 0
79 -36 -52 0
2 37 -42 0
-2 32 65 0
-23 -50 40 0
55 -44 -41 0
-39 11 -20 0
29 -9 7 0
18 30 61 0
37 -75 -45 0
-33 -4 -76 0
-67 34 -77 0
-24 72 30 0
-48 60 -8 0
57 61 65 0
-12 -41 -81 0
-42 43 74 0
-74 -7 -30 0
77 32 -76 0
-16 83 -25 0
-51 74 2 0
-55 -76 -6 0
18 -75 -85 0
-38 -70 -51 0
70 -74 28 0
54 -45 -61 0
-28 -85 48 0
-57 -82 -78 0
34 36 -75 0
-22 -6 -13 0
24 -34 79 0
38 -25 -35 0
-15 61 -43 0
36 16 57 0
35 -7 -8 0
-9 -73 -78 0
-69 37 19 0
-63 31 69 0
-4 -71 15 0
-19 39 -24 0
-41 36 -66 0
-70 84 -82 0
71 -23 -49 0
14 -66 77 0
-45 -46 76 0
3 16 -28 0
-32 -8 -49 0
43 69 67 0
64 -86 -82 0
1 -29 -20 0
-31 22 16 0
85 61 58 0
-30 83 78 0
86 52 -5 0
-56 2 -80 0
66 9 -62 0
-47 52 -34 0
-84 68 22 0
82 -81 1 0
20 36 -2 0
67 -43 -69 0
-77 2 -42 0
26 30 60 0
55 1 65 0
14 10 28 0
-53 1 -49 0
79 39 86 0
74 13 60 0
25 47 82 0
