p 17 72
-7 6 3 0
3 8 9 0
13 -1 3 0
-2 13 10 0
-16 -17 -1 0
-2 -1 -11 0
-16 -10 -15 0
-5 4 -8 0
-17 3 2 0
-11 -3 5 0
-12 4 -6 0
-10 -11 -4 0
-5 3 -7 0
16 11 13 0
9 7 4 0
10 3 -12 0
-12 6 7 0
-17 -3 4 0
-17 3 9 0
-8 3 -11 0
16 17 -1 0
7 -15 12 0
7 -5 -12 0
-11 -13 -2 0
-9 5 10 0
-17 -13 -2 0
-9 12 -5 0
4 12 6 0
2 12 4 0
-10 -6 -17 0
14 5 1 0
13 7 -3 0
3 -1 -10 0
16 13 -17 0
-13 -4 -6 0
1 -15 9 0
9 4 -12 0
5 -16 -12 0
-14 -2 6 0
11 17 9 0
-9 16 -11 0
6 -4 9 0
-2 4 6 0
1 -4 9 0
-13 11 9 0
8 16 6 0
-15 10 14 0
12 -1 10 0
10 -9 4 0
13 -2 12 0
-17 13 3 0
-16 -17 -9 0
-17 -9 16 0
-12 -1 7 0
12 2 6 0
13 9 4 0
16 -3 15 0
2 3 -6 0
-11 -3 5 0
-2 -11 -17 0
-14 -17 16 0
-3 2 17 0
-8 1 -14 0
-11 -8 3 0
1 8 -6 0
-4 -17 -7 0
-14 -9 4 0
-2 3 6 0
-8 9 3 0
-8 12 -4 0
-5 -6 -15 0
10 -7 -8 0
