p 48 204
26 -28 2 0
35 33 25 0
4 7 15 0
44 30 12 0
20 19 -23 0
-22 29 31 0
-41 12 -29 0
-13 -43 2 0
2 -8 6 0
-31 47 10 0
-10 1 30 0
28 19 -41 0
-38 -9 -8 0
-37 8 -40 0
-8 37 -14 0
-38 -30 -41 0
-17 -4 43 0
-17 -29 -5 0
30 -24 21 0
-35 10 -8 0
-20 46 47 0
-1 -47 28 0
-32 39 -26 0
29 46 -48 0
-43 33 -29 0
27 -33 -25 0
-13 -10 36 0
11 47 -18 0
42 -19 -45 0
3 38 14 0
18 -4 -14 0
-17 -20 38 0
37 -26 -27 0
-41 6 -11 0
-34 -11 43 0
19 10 -42 0
3 -22 -24 0
13 -20 6 0
-34 28 24 0
25 35 16 0
-36 -42 -13 0
29 2 24 0
46 -29 28 0
-17 -11 20 0
-4 17 32 0
-13 -29 -27 0
-24 2 10 0
48 -13 12 0
33 -28 -44 0
-20 -18 13 0
12 -40 -23 0
-4 -6 42 0
19 4 -32 0
-44 -21 -13 0
-7 5 -39 0
41 -34 42 0
48 35 42 0
45 -26 4 0
-29 27 -16 0
34 37 31 0
-22 -9 17 0
-15 -22 -13 0
-20 43 -35 0
-3 -12 -41 0
-15 -45 31 0
-3 16 -36 0
-42 -31 -44 0
11 -30 38 0
-40 -32 -43 0
10 44 20 0
-27 -42 -32 0
-35 2 -21 0
5 -16 17 0
-39 -8 -3 0
-46 28 38 0
47 29 -23 0
25 36 31 0
-23 -9 -36 0
33 -30 -44 0
-43 5 17 0
43 -31 -42 0
-39 -47 -25 0
-12 43 -40 0
12 16 -46 0
48 12 19 0
-43 36 48 0
-1 26 -12 0
18 22 -5 0
44 -14 -20 0
20 -32 -34 0
14 -22 -42 0
-21 -7 -38 0
-11 -45 29 0
-45 -30 6 0
19 47 31 0
27 -31 11 0
32 44 37 0
37 9 -44 0
-39 -29 -12 0
-38 -36 8 0
-10 25 -22 0
-34 -3 25 0
11 39 34 0
-39 -7 -43 0
39 -30 -13 0
9 2 -19 0
-16 11 33 0
46 -1 11 0
12 -3 -19 0
-23 -41 19 0
4 34 -36 0
29 43 -40 0
-20 -10 18 0
-38 10 -29 0
12 24 33 0
15 -14 -42 0
-24 18 28 0
-12 -37 10 0
-1 34 -45 0
32 -40 -3 0
-34 26 -11 0
23 13 -42 0
-38 1 -45 0
26 -25 -45 0
-32 23 27 0
15 26 40 0
45 5 20 0
17 -18 -37 0
47 25 -3 0
-7 -21 36 0
-48 -46 22 0
-21 -9 45 0
-14 -16 -10 0
47 -20 37 0
20 31 28 0
-48 -2 1 0
13 -40 38 0
-34 9 -3 0
28 25 30 0
-31 8 -46 0
-14 -10 41 0
31 -22 -39 0
38 47 5 0
35 -8 22 0
16 -24 39 0
8 43 20 0
6 22 -34 0
9 -33 -13 0
18 -48 8 0
42 3 -45 0
-12 18 -43 0
-48 -17 -9 0
-5 32 36 0
18 -19 6 0
-44 -42 -1 0
9 23 -5 0
-14 16 31 0
19 -32 -7 0
14 21 35 0
-36 42 -33 0
-14 7 -46 0
28 39 17 0
-47 27 45 0
-16 20 48 0
24 28 -48 0
-22 35 13 0
-14 -27 -22 0
-17 -8 18 0
-13 -46 36 0
20 -39 43 0
38 -27 -41 0
-26 38 19 0
-6 2 -29 0
19 26 40 0
-10 19 -32 0
9 21 39 0
-47 7 -20 0
25 41 -4 0
-48 34 4 0
-44 -48 22 0
-38 -14 -44 0
41 37 -15 0
44 16 -37 0
46 44 -30 0
8 31 6 0
-4 -45 -11 0
-21 48 36 0
41 -21 -2 0
11 10 46 0
19 3 36 0
-29 -19 -22 0
-21 -38 44 0
-28 8 -14 0
-32 -20 43 0
-13 29 -38 0
23 36 20 0
25 -9 43 0
26 21 11 0
39 18 -48 0
22 11 40 0
25 -44 -22 0
29 -37 -45 0
-48 -38 -42 0
47 39 40 0
