p 25 106
5 -2 -16 0
20 9 11 0
22 -2 -7 0
19 8 2 0
-7 11 2 0
1 -6 14 0
-4 13 12 0
-25 -17 -11 0
-24 17 5 0
-10 -6 -21 0
7 19 -20 0
10 -19 22 0
14 -2 -7 0
19 21 23 0
-9 -19 -15 0
-10 4 20 0
18 6 -14 0
-8 -23 21 0
-5 18 -7 0
8 21 22 0
8 21 -4 0
-23 11 10 0
25 9 3 0
-13 24 -14 0
-25 -18 -1 0
-20 -24 11 0
-7 -21 12 0
-11 13 23 0
-18 4 25 0
-13 16 -5 0
22 21 -14 0
12 4 -22 0
-25 20 -7 0
4 17 -10 0
-6 19 1 0
-10 -9 12 0
19 1 -24 0
-15 -23 16 0
-17 -9 -7 0
18 -8 -2 0
1 21 -16 0
21 17 6 0
7 1 15 0
-14 -22 12 0
9 22 -17 0
-25 4 -8 0
-8 22 21 0
-21 -15 -2 0
1 7 17 0
-12 19 21 0
-13 9 24 0
-1 4 22 0
-7 -16 -5 0
-22 -25 -4 0
-7 22 -11 0
-15 21 7 0
-18 7 19 0
5 -8 -9 0
14 15 -20 0
13 -15 -6 0
-12 11 22 0
-10 15 -23 0
-8 -7 6 0
6 4 16 0
-8 11 14 0
-9 13 -5 0
6 18 14 0
-17 7 -19 0
13 -7 -24 0
-3 -24 -2 0
-23 -12 10 0
6 1 19 0
-6 12 -9 0
4 17 -3 0
-7 -9 8 0
-4 -13 -16 0
15 14 -3 0
5 14 -2 0
-10 -2 -5 0
1 18 -23 0
12 -4 6 0
-22 18 17 0
-5 -1 12 0
16 -19 9 0
-17 -23 -25 0
11 -7 -20 0
-1 -14 18 0
-11 -2 -24 0
-20 -11 13 0
-2 9 18 0
-6 -7 -24 0
9 15 7 0
-20 -25 5 0
-7 -3 -22 0
-6 19 22 0
11 14 -1 0
22 -3 -11 0
-8 17 25 0
2 12 -13 0
22 -6 4 0
1 -7 -10 0
-6 5 -25 0
14 -16 6 0
-15 -17 2 0
-15 -18 13 0
-16 -1 -24 0
