p 58 247
1 -44 -15 0
12 56 -17 0
39 7 -16 0
-55 22 16 0
-24 45 -27 0
-47 46 -58 0
-49 28 -12 0
41 -29 -56 0
23 52 16 0
-57 -36 -39 0
-8 -50 -42 0
-3 -33 51 0
28 21 -58 0
54 10 35 0
32 -11 49 0
51 -5 11 0
41 58 15 0
8 49 57 0
25 -36 55 0
-27 -35 51 0
-27 11 -29 0
32 57 -23 0
48 56 -2 0
-25 20 -34 0
-28 -7 12 0
-12 3 27 0
11 -44 -36 0
-11 -22 -34 0
-48 8 -36 0
58 -28 -49 0
-19 50 24 0
6 13 39 0
41 20 6 0
-18 24 19 0
17 28 43 0
-39 -14 -22 0
21 -56 -51 0
56 10 -14 0
3 -55 -24 0
-41 25 -16 0
39 44 3 0
-16 -2 6 0
26 33 8 0
43 32 -20 0
-29 -42 -3 0
-12 4 -49 0
5 46 -7 0
-55 45 -44 0
-35 -25 -40 0
-56 -49 -48 0
-58 7 25 0
-49 56 8 0
-53 1 -46 0
-40 32 -17 0
4 -1 28 0
-58 -19 26 0
-39 -25 -28 0
51 42 -49 0
43 -26 49 0
8 -42 56 0
39 47 42 0
13 -3 -58 0
44 48 49 0
6 -18 -56 0
28 15 -48 0
-16 -42 30 0
9 44 24 0
51 -42 55 0
-16 12 -41 0
-45 30 -37 0
33 -51 -35 0
-1 19 55 0
44 4 -16 0
51 -19 26 0
-29 -3 13 0
51 13 44 0
-8 45 5 0
52 48 54 0
37 -3 -56 0
-30 -44 2 0
-25 -44 4 0
-18 43 -52 0
-26 -45 -33 0
-19 4 -9 0
37 29 -43 0
-11 -16 -50 0
-8 30 -27 0
50 46 -47 0
-45 6 4 0
28 8 -50 0
25 -5 30 0
43 -39 9 0
31 -1 42 0
-43 37 17 0
-58 -46 -38 0
-13 29 48 0
-52 32 14 0
36 31 -46 0
-48 32 -46 0
-18 -2 47 0
13 -20 -24 0
-4 43 54 0
3 30 47 0
-18 -39 -15 0
27 50 -42 0
33 -37 46 0
38 7 -21 0
-8 10 41 0
45 -44 -53 0
-29 24 -48 0
-1 58 27 0
-58 -15 10 0
32 48 45 0
25 50 -39 0
-56 -33 -20 0
34 43 -8 0
38 21 32 0
-5 43 7 0
32 30 -40 0
-36 -44 -34 0
54 44 -15 0
19 29 34 0
-41 -26 -56 0
32 34 -52 0
-55 -45 -1 0
-29 -31 -35 0
13 30 -50 0
-11 43 -12 0
20 -52 12 0
-56 35 -33 0
49 -12 -50 0
-28 -16 25 0
34 -41 9 0
39 21 40 0
-57 -39 -40 0
22 -33 42 0
-34 28 41 0
12 37 -39 0
10 50 17 0
39 -18 -56 0
46 57 -45 0
-21 29 -33 0
11 -25 47 0
30 -42 28 0
6 14 -16 0
-43 53 -6 0
-12 2 4 0
40 -58 -21 0
-20 57 34 0
-41 45 -26 0
-24 52 55 0
9 52 -1 0
-29 -53 20 0
11 -30 52 0
-48 27 -56 0
-49 55 27 0
56 29 38 0
25 -37 -21 0
-7 50 49 0
-19 44 6 0
-41 45 16 0
19 41 49 0
-41 36 -28 0
-36 43 -42 0
33 -16 49 0
-55 -2 32 0
-50 -55 -1 0
-5 -12 -33 0
-33 -56 -10 0
38 -29 40 0
50 -11 -22 0
-20 10 57 0
58 -33 -41 0
-39 -47 2 0
-28 -29 12 0
-55 24 -33 0
16 46 34 0
-40 3 13 0
-31 -48 -17 0
15 -16 5 0
-29 45 54 0
23 -50 -35 0
-44 -58 7 0
-18 31 17 0
-35 58 -19 0
50 52 29 0
51 37 16 0
-47 18 38 0
-29 23 -27 0
-1 20 -37 0
-32 37 -9 0
-8 19 -29 0
13 -45 -17 0
30 -29 52 0
-16 -58 -22 0
-18 51 -10 0
55 12 -21 0
43 -51 48 0
49 36 -14 0
23 -40 48 0
29 56 -57 0
-33 4 12 0
41 27 17 0
5 -48 -56 0
24 -22 -45 0
-58 57 -33 0
35 56 -47 0
-25 42 -49 0
46 -18 36 0
7 20 -45 0
-52 4 -57 0
-12 25 18 0
23 -17 -14 0
54 -37 29 0
43 15 -3 0
18 35 37 0
-24 47 -29 0
35 -24 40 0
22 51 -31 0
24 36 30 0
-56 24 -12 0
2 -23 -46 0
-2 44 13 0
10 58 -25 0
-35 11 27 0
-5 -4 -30 0
-48 -21 -9 0
-6 24 -52 0
-1 -47 42 0
36 55 -13 0
-42 -44 -47 0
-1 53 40 0
33 -31 20 0
-5 36 -50 0
-55 -34 -42 0
-33 -50 4 0
32 19 -40 0
29 -38 -12 0
49 31 17 0
39 41 -13 0
-35 55 16 0
-52 -30 43 0
-48 50 3 0
40 7 8 0
13 44 -23 0
56 35 -16 0
-23 -10 9 0
