p 18 76
-15 4 -17 0
-15 -16 18 0
3 -13 8 0
-16 -6 -13 0
-6 18 2 0
-15 8 -7 0
4 -6 18 0
-12 18 -14 0
-9 17 6 0
4 -10 -15 0
-15 4 6 0
15 4 -2 0
10 6 3 0
1 -3 -9 0
17 -6 16 0
3 -10 6 0
-12 -5 8 0
-6 14 -17 0
-14 6 4 0
-9 -15 -10 0
-8 6 -5 0
8 13 -1 0
3 -6 -8 0
-9 -7 13 0
-1 -17 10 0
-7 -1 6 0
8 3 9 0
-6 -3 2 0
-18 2 -6 0
-9 10 -14 0
-8 2 13 0
-12 13 -6 0
7 8 18 0
9 8 -17 0
-17 10 6 0
-12 4 -2 0
-15 -3 -12 0
-4 -11 12 0
-11 15 8 0
-14 7 13 0
10 1 -13 0
16 -11 -13 0
-17 6 5 0
3 18 8 0
-13 -1 -18 0
-14 15 12 0
17 -4 -5 0
8 -13 -5 0
5 -7 13 0
12 -14 6 0
-16 -2 -10 0
8 13 -15 0
17 6 -2 0
-7 10 12 0
6 9 1 0
9 12 -4 0
13 1 -5 0
1 2 -10 0
-11 -14 -3 0
2 -12 1 0
-11 16 -15 0
-16 -4 -18 0
6 5 -3 0
13 -3 -9 0
17 1 2 0
-17 -2 -13 0
-11 6 3 0
-8 -15 -10 0
10 -7 -2 0
7 -5 12 0
-9 8 11 0
14 9 8 0
-9 17 -15 0
-6 -5 13 0
-10 -3 -4 0
16 6 -7 0
