p 27 115
-26 -24 10 0
9 24 1 0
21 -19 -18 0
10 -21 -8 0
-5 -3 14 0
23 -18 6 0
3 -11 2 0
-8 -6 15 0
-17 27 9 0
-12 10 16 0
-26 3 -18 0
16 8 15 0
-27 20 15 0
-15 1 -2 0
-11 12 -14 0
10 -13 -15 0
18 21 4 0
6 17 -13 0
-13 10 -25 0
-22 17 15 0
14 -4 16 0
-15 18 2 0
27 -11 24 0
5 -19 -27 0
-7 2 1 0
-23 -10 -4 0
-13 23 -19 0
20 -17 -2 0
3 -13 -14 0
19 3 22 0
-8 18 -12 0
-2 -12 -10 0
-25 9 -19 0
17 -23 21 0
-14 7 -15 0
27 -18 19 0
20 -14 -12 0
1 -17 9 0
25 -3 -16 0
18 -3 -4 0
16 6 2 0
-19 -26 -5 0
-2 -18 -23 0
27 17 7 0
-12 -23 -5 0
-14 -13 -16 0
18 1 20 0
11 24 -21 0
-15 10 -19 0
-5 -27 19 0
9 -23 -21 0
21 18 -4 0
23 -12 20 0
2 -1 -8 0
-13 -27 5 0
8 -10 -17 0
-21 -12 -25 0
-13 16 -18 0
25 18 15 0
-14 20 -13 0
-7 -8 26 0
24 22 8 0
23 1 10 0
7 12 -17 0
7 -5 -24 0
-3 4 -1 0
10 8 -20 0
8 25 26 0
8 1 16 0
-23 -18 -3 0
7 27 23 0
-27 -18 26 0
27 -12 -8 0
-26 19 1 0
-4 -13 27 0
2 22 -14 0
16 3 -19 0
24 -5 -25 0
14 -11 -7 0
3 7 -5 0
20 18 -26 0
-21 3 -16 0
21 14 24 0
13 -4 11 0
4 -23 22 0
-27 7 -18 0
-13 25 -5 0
-20 17 -1 0
18 9 6 0
-13 -21 6 0
-22 27 25 0
-12 -27 18 0
4 -8 -23 0
8 1 -11 0
-5 -2 -14 0
18 -4 -11 0
-19 5 2 0
27 -21 2 0
-1 11 -3 0
-4 -17 -7 0
-23 -14 11 0
16 -18 -8 0
26 21 14 0
-12 25 20 0
27 11 -18 0
13 -5 -27 0
10 -19 3 0
-11 -16 -27 0
-5 12 19 0
14 6 4 0
-4 -1 -10 0
15 8 4 0
-19 -1 12 0
5 -18 7 0
5 -13 -16 0
