p 47 200
11 -42 23 0
-12 46 13 0
-18 -9 -20 0
-47 34 -27 0
28 40 -4 0
-16 -8 -9 0
-41 -17 10 0
5 39 9 0
5 -36 26 0
10 -23 -9 0
-8 6 -40 0
-38 -7 28 0
38 -19 -16 0
42 11 45 0
27 2 -6 0
-3 20 45 0
-10 44 28 0
46 -7 17 0
-13 7 29 0
47 -13 27 0
44 -24 34 0
7 27 -28 0
-36 19 -11 0
47 17 -36 0
-24 38 -13 0
6 11 18 0
20 36 21 0
5 -11 29 0
28 -11 19 0
41 -13 18 0
-12 -36 25 0
28 2 32 0
28 41 22 0
-19 15 25 0
-14 29 -46 0
25 -13 46 0
36 8 43 0
-47 33 16 0
-19 -40 -34 0
27 23 -30 0
15 44 -31 0
-36 -41 25 0
-38 -15 30 0
-36 -15 30 0
28 -11 -20 0
22 29 43 0
-47 8 -3 0
-36 -39 -44 0
23 4 44 0
-29 -10 -24 0
7 44 -32 0
16 -25 23 0
-4 -36 -39 0
-8 -31 35 0
7 35 -43 0
-31 27 34 0
-22 -20 24 0
45 -19 11 0
16 46 -15 0
-2 -17 40 0
-22 7 23 0
-36 -13 21 0
-39 18 14 0
-33 25 46 0
-29 33 -12 0
39 -4 -38 0
34 41 44 0
40 -45 -10 0
-42 -46 24 0
-19 47 -30 0
28 4 -1 0
37 -25 3 0
31 -30 38 0
-28 -17 -8 0
18 -16 -29 0
-10 24 -43 0
21 10 -43 0
-3 -5 -11 0
13 41 21 0
26 -32 45 0
-29 22 -47 0
36 13 -14 0
-14 45 -11 0
24 36 -30 0
-19 24 -36 0
-34 43 45 0
16 29 -46 0
-35 -13 -36 0
-1 9 -10 0
-1 -5 13 0
30 22 43 0
-35 -10 22 0
37 -9 -16 0
32 31 20 0
-33 4 -25 0
42 26 34 0
2 31 -16 0
-35 -44 -10 0
-40 39 -9 0
-4 33 -26 0
21 5 -36 0
-2 12 38 0
40 -23 -3 0
6 -36 -24 0
37 -45 -41 0
28 12 -19 0
-4 -36 -6 0
-41 -19 7 0
-8 14 37 0
3 -43 27 0
10 14 44 0
-37 -22 -35 0
-25 -9 -39 0
25 -11 43 0
-4 46 -37 0
-20 37 -8 0
37 30 15 0
-7 -13 29 0
-13 -32 36 0
-7 -42 11 0
24 3 35 0
47 24 39 0
18 -45 -13 0
-35 2 17 0
2 -26 -28 0
20 25 9 0
-43 23 33 0
-35 30 -36 0
27 26 -43 0
-8 11 -25 0
7 -28 34 0
30 -41 1 0
8 28 6 0
-42 -3 39 0
-46 13 26 0
-22 -36 1 0
8 11 -43 0
29 -10 20 0
-14 -32 -24 0
-8 -39 -31 0
4 14 -25 0
-35 -8 39 0
45 -12 -36 0
40 -3 -35 0
15 41 -45 0
-34 -25 17 0
-43 -8 36 0
-39 -11 47 0
19 -6 -21 0
31 -5 21 0
42 31 36 0
29 42 40 0
-16 -5 -29 0
-32 -24 -38 0
20 -16 5 0
-34 -33 -43 0
1 41 43 0
-47 -36 -13 0
8 23 31 0
44 -15 -36 0
-44 -24 3 0
-47 -14 29 0
-8 13 -19 0
-22 7 -14 0
21 30 -8 0
38 26 1 0
-37 -3 -32 0
15 -39 -41 0
42 6 22 0
12 -29 -26 0
33 -35 26 0
-9 22 -29 0
12 4 -3 0
40 -12 -5 0
1 -30 34 0
-12 -44 -4 0
32 21 -43 0
26 3 -23 0
17 -40 -4 0
-11 33 20 0
-46 -29 -10 0
41 43 -7 0
-13 3 38 0
-4 -25 -23 0
18 -10 6 0
-33 41 16 0
22 -37 -39 0
-44 30 -22 0
45 35 29 0
-33 1 46 0
30 20 34 0
15 10 -41 0
35 -17 -9 0
38 19 7 0
37 28 -16 0
-11 44 -24 0
-5 -18 13 0
43 13 -39 0
2 38 5 0
31 -12 23 0
