p 55 234
52 37 53 0
-6 42 -29 0
-32 45 35 0
38 -4 30 0
-51 13 33 0
-17 51 13 0
29 -45 22 0
53 -26 1 0
8 1 -28 0
-30 42 -5 0
5 -18 -28 0
25 -7 18 0
35 -39 17 0
-52 25 10 0
3 7 29 0
-8 -29 31 0
-32 1 -31 0
8 -28 31 0
6 -30 21 0
-7 -4 -25 0
-10 -27 2 0
6 43 -24 0
44 50 34 0
13 -29 -45 0
-24 7 17 0
-14 29 -40 0
21 45 28 0
51 2 9 0
40 -54 -5 0
-15 -43 -16 0
-40 3 -6 0
-3 -8 34 0
30 -20 32 0
-23 26 -9 0
38 13 -9 0
4 -55 -39 0
-50 -48 -12 0
20 -52 -23 0
-11 -14 35 0
12 2 -49 0
-11 -3 -37 0
-28 3 32 0
-1 49 17 0
44 -55 27 0
-46 17 -20 0
51 43 42 0
-46 16 -4 0
-43 -45 -6 0
-33 19 -36 0
6 -29 52 0
3 -17 -32 0
-52 -17 -28 0
-18 -44 -25 0
35 7 -50 0
-12 -26 1 0
36 -25 27 0
-38 -52 -46 0
50 -6 -4 0
32 16 12 0
-5 32 46 0
-4 -55 -41 0
19 30 36 0
-15 30 22 0
50 47 -25 0
45 -41 -18 0
-1 29 -41 0
8 -52 47 0
-17 20 -14 0
-36 39 9 0
55 -13 -34 0
-53 -15 -35 0
-16 -27 -44 0
6 4 -23 0
-7 8 34 0
50 -43 -1 0
50 -55 -30 0
49 -21 -40 0
-32 -36 -49 0
-52 -11 -8 0
-19 28 -47 0
3 -48 52 0
20 35 -4 0
-18 -40 33 0
-26 48 15 0
3 -37 -12 0
16 27 53 0
43 -28 27 0
-39 -15 -38 0
-24 6 46 0
25 6 43 0
36 -30 -11 0
-12 21 52 0
7 -50 -23 0
-42 55 6 0
27 -54 -29 0
20 -35 -53 0
-42 19 -52 0
49 -4 -36 0
37 -54 13 0
4 36 -52 0
-2 -11 3 0
-3 -42 1 0
13 -51 10 0
-16 3 -49 0
44 -13 29 0
50 -47 45 0
8 -18 9 0
17 3 -11 0
28 23 -12 0
-18 -23 -1 0
41 26 -6 0
-27 21 -47 0
26 -33 3 0
53 48 -13 0
-52 -20 -15 0
-25 -43 -42 0
35 -7 23 0
8 -35 -16 0
-11 44 45 0
47 14 21 0
14 -46 -44 0
-36 -9 -47 0
-14 48 46 0
18 8 -49 0
17 29 -38 0
-28 55 -18 0
31 -36 49 0
29 -19 -13 0
-32 -30 -23 0
27 -3 15 0
48 51 -40 0
-13 -18 37 0
-47 42 16 0
-44 14 -8 0
-41 24 -5 0
-2 -7 -39 0
-29 -15 -54 0
38 19 30 0
22 -55 48 0
2 52 -31 0
-6 41 50 0
30 -12 16 0
10 26 52 0
34 1 -33 0
44 -31 -4 0
-4 -47 -8 0
9 -43 -39 0
-10 4 -50 0
49 -10 21 0
46 -47 32 0
50 -4 -12 0
48 31 4 0
25 21 -39 0
-49 9 -6 0
54 -37 33 0
55 46 51 0
-23 8 14 0
-52 53 13 0
2 11 -33 0
-16 27 -1 0
-15 -45 -5 0
14 -21 -20 0
50 -9 25 0
22 -21 -17 0
-18 -8 -35 0
-55 45 -21 0
45 -34 -5 0
-22 -6 43 0
-44 -35 11 0
-51 -44 4 0
42 -3 5 0
31 -50 -47 0
30 -8 45 0
13 49 -4 0
41 38 -22 0
2 -33 -5 0
37 4 13 0
19 -8 54 0
-54 18 -43 0
-35 -26 17 0
15 -33 -24 0
-34 -3 7 0
-39 55 43 0
-32 -20 5 0
-19 28 -11 0
-53 43 24 0
-22 28 -25 0
-29 1 -47 0
43 -10 39 0
-4 49 -3 0
17 26 -52 0
30 -52 -48 0
-7 -28 -51 0
38 50 -42 0
2 41 -35 0
-36 -19 29 0
-27 -30 -41 0
-25 -33 -27 0
-3 50 41 0
-36 -53 -43 0
-52 31 -11 0
-29 9 24 0
-51 22 39 0
-2 46 30 0
-36 -3 26 0
-47 25 27 0
-46 26 54 0
-25 -52 19 0
44 24 32 0
10 -31 47 0
-30 15 55 0
45 -3 7 0
-39 -10 1 0
-6 53 -46 0
-8 -38 41 0
3 42 47 0
-18 -49 -44 0
50 12 24 0
54 -44 6 0
17 48 -21 0
-35 -18 -46 0
-7 -31 -12 0
-27 -13 45 0
2 15 -18 0
38 -53 30 0
48 31 35 0
-1 -31 -14 0
55 -35 16 0
53 -49 -26 0
46 12 53 0
-15 44 18 0
8 1 19 0
-21 -47 -42 0
-35 2 27 0
