p 69 293
53 -11 30 0
40 -10 -18 0
-1 22 -42 0
-19 -13 -18 0
24 -18 4 0
9 29 37 0
-46 26 -65 0
18 69 -41 0
59 -5 51 0
-69 28 11 0
19 -10 49 0
-37 -18 29 0
23 -11 61 0
-53 -50 46 0
29 -59 41 0
20 -34 46 0
-6 -25 7 0
-69 -34 67 0
-67 35 9 0
-30 -24 36 0
-44 11 24 0
59 57 30 0
23 -7 -8 0
-30 -33 -20 0
-66 -36 -64 0
4 68 -59 0
-5 68 12 0
-51 21 35 0
-61 51 48 0
-64 -18 -49 0
-7 27 67 0
-53 -60 20 0
44 -58 -30 0
12 -5 -1 0
-49 15 -64 0
-54 22 8 0
40 17 55 0
-50 53 61 0
-13 26 22 0
-46 28 -35 0
45 -51 13 0
48 -10 -6 0
-57 -35 -10 0
-14 59 -54 0
-62 63 46 0
67 -4 -66 0
62 56 -57 0
7 -45 29 0
56 -35 -1 0
-27 -43 54 0
-46 -39 -11 0
22 51 -55 0
42 -23 -40 0
54 52 -30 0
-58 37 -38 0
-13 -32 -19 0
43 26 56 0
35 29 -33 0
49 60 -61 0
19 43 62 0
-38 40 14 0
-65 -52 -55 0
-22 50 56 0
-11 -59 21 0
3 -11 46 0
-6 -55 -8 0
12 -5 -48 0
21 -49 -66 0
-39 -63 8 0
23 -15 56 0
7 69 22 0
60 -67 14 0
-38 -6 57 0
49 48 -37 0
-49 56 25 0
-54 -66 8 0
-15 -3 -45 0
60 -22 -49 0
7 -31 -24 0
-7 -51 -40 0
-18 -19 -20 0
54 -68 -66 0
53 -11 -24 0
-37 25 -43 0
-48 17 -46 0
12 38 -60 0
11 -29 -50 0
-40 65 -37 0
-63 29 49 0
11 61 -69 0
-12 -26 24 0
-62 29 -48 0
-45 56 29 0
19 7 23 0
17 -61 31 0
36 14 34 0
-21 -68 53 0
-26 -10 15 0
-3 58 -47 0
-28 47 -61 0
-59 33 2 0
29 48 -61 0
2 -9 42 0
-2 62 -7 0
57 20 18 0
-33 66 25 0
37 54 -7 0
32 25 47 0
28 68 -5 0
54 -3 26 0
23 -41 -40 0
43 42 -28 0
-57 55 26 0
-8 -23 7 0
46 -47 -17 0
47 -67 19 0
-38 21 -8 0
-26 -9 -65 0
-51 58 -11 0
-59 -1 66 0
26 -60 -25 0
-8 -58 66 0
39 -24 -8 0
-49 54 -60 0
-27 54 58 0
-34 41 -43 0
-61 -44 24 0
-35 -56 -54 0
-55 -17 52 0
38 27 -3 0
-18 64 -34 0
-28 -2 -54 0
4 22 41 0
-7 -8 -31 0
-48 3 55 0
24 40 -18 0
54 -52 24 0
45 -68 64 0
24 -29 -32 0
61 44 -50 0
-41 -64 34 0
-53 -14 17 0
12 -49 41 0
-14 60 10 0
-17 1 57 0
46 21 -38 0
-8 -45 -39 0
47 -32 -34 0
-46 -11 66 0
-17 -3 -64 0
2 47 5 0
50 -16 43 0
-49 12 9 0
9 -66 49 0
-51 -27 56 0
66 48 63 0
62 -58 -31 0
-69 -14 61 0
-60 30 32 0
62 63 25 0
-45 35 10 0
52 -59 6 0
7 26 64 0
-58 -55 -65 0
-15 59 -42 0
-42 6 31 0
26 27 66 0
9 -16 -23 0
43 -11 50 0
-43 -31 -6 0
-27 36 41 0
68 54 -5 0
29 -17 8 0
-15 29 -27 0
-14 -35 4 0
23 -55 -5 0
-41 38 -17 0
46 30 51 0
-57 -65 55 0
-66 53 -47 0
57 17 42 0
-59 -44 -2 0
-23 -59 -36 0
22 39 62 0
-36 13 59 0
43 4 63 0
-43 5 61 0
19 -45 30 0
-45 2 -26 0
-23 48 59 0
-57 -8 33 0
50 42 18 0
64 68 -7 0
-32 40 1 0
-55 35 -66 0
38 -21 37 0
-58 -66 65 0
-58 22 12 0
57 -61 -26 0
30 55 -34 0
25 -16 -44 0
16 34 43 0
-24 -58 -10 0
60 36 37 0
4 25 -55 0
38 -30 -68 0
-24 -18 -7 0
46 47 -63 0
-33 28 41 0
67 -61 -14 0
54 7 -13 0
-43 -31 2 0
32 30 -29 0
26 57 -63 0
-37 -68 -47 0
-13 -18 26 0
-26 -17 -58 0
-44 66 -41 0
38 -3 -31 0
-47 3 -21 0
53 43 11 0
23 -47 -21 0
-11 -27 57 0
19 8 -26 0
36 -6 46 0
-25 38 4 0
-37 -20 -43 0
-26 35 -15 0
14 68 -36 0
-60 -46 11 0
24 -54 -13 0
-57 14 -49 0
60 17 -41 0
-50 -2 28 0
23 -11 -35 0
-17 -45 8 0
6 -37 11 0
-35 67 69 0
54 37 -24 0
-39 64 -18 0
16 60 -69 0
60 -26 68 0
-25 -49 21 0
-59 47 -48 0
-39 37 14 0
-31 -4 -58 0
-23 -54 -38 0
69 -41 -7 0
-49 39 -9 0
-52 -33 -3 0
69 -18 -29 0
-21 65 -27 0
-5 25 36 0
29 -53 -59 0
-33 -25 3 0
47 -68 -46 0
11 -2 20 0
-34 -32 37 0
-45 -9 32 0
3 25 19 0
59 -45 -36 0
-63 -59 33 0
-56 -1 -64 0
51 29 -33 0
11 26 -36 0
-5 26 -49 0
-20 -31 39 0
61 29 22 0
11 -68 13 0
69 1 24 0
-60 5 26 0
42 -65 -50 0
-43 -27 1 0
-26 -20 -69 0
-58 -59 39 0
65 52 23 0
12 2 45 0
-47 51 5 0
-9 -63 8 0
4 9 -25 0
56 7 -16 0
-49 6 -45 0
-60 -66 65 0
21 -65 32 0
-24 -65 48 0
14 -66 -51 0
-37 -10 -28 0
-59 21 -39 0
-34 58 30 0
19 -32 59 0
-52 -46 28 0
-55 67 -28 0
-61 42 46 0
