p 59 251
-32 5 -29 0
16 -3 6 0
-54 -55 33 0
10 18 49 0
42 7 -51 0
26 10 -20 0
-34 39 -31 0
57 -39 -46 0
-27 -19 51 0
-41 -38 14 0
-5 -35 -4 0
10 -5 -53 0
-16 10 58 0
-33 -15 -51 0
-45 6 19 0
-14 -26 41 0
55 5 -30 0
-18 -49 8 0
-10 49 -37 0
36 41 9 0
11 37 17 0
-28 -34 -7 0
11 -19 -45 0
-15 34 3 0
35 55 -56 0
-47 34 11 0
-51 19 20 0
-8 -56 53 0
2 -4 -44 0
-11 35 -47 0
-53 -33 -3 0
42 -46 47 0
-3 -34 16 0
-9 -29 -2 0
-38 53 1 0
-43 41 -56 0
-39 57 33 0
-56 -5 41 0
51 -43 56 0
-25 11 -19 0
40 52 22 0
-56 -40 -54 0
-29 22 -42 0
-39 19 42 0
-32 -26 -14 0
38 22 -2 0
-2 -55 -31 0
-31 -51 19 0
6 -41 28 0
56 -22 55 0
-23 2 -45 0
-4 -13 49 0
-53 38 -28 0
-12 -55 -28 0
-26 -20 -30 0
-13 -15 47 0
39 -1 3 0
-57 55 -41 0
-6 -13 -50 0
19 29 3 0
-14 -31 -33 0
-56 -32 12 0
35 -46 -48 0
3 -48 -36 0
-25 -23 -57 0
28 -57 11 0
25 14 49 0
55 17 -43 0
47 -30 -29 0
17 -35 9 0
32 56 22 0
-14 1 6 0
-8 -25 -28 0
4 -39 40 0
-9 -17 46 0
-6 32 31 0
-10 -37 4 0
-16 -33 23 0
-25 50 -4 0
-29 -28 -30 0
28 16 50 0
33 -10 26 0
-37 -25 8 0
-40 -33 -17 0
-4 25 55 0
23 -10 -50 0
-44 32 -24 0
52 -41 -24 0
23 32 -46 0
-18 -10 -21 0
-18 54 56 0
54 -13 -7 0
9 -2 22 0
37 -59 -15 0
31 48 -20 0
22 48 -31 0
6 -33 -11 0
6 18 -17 0
2 5 58 0
51 -38 39 0
31 49 -14 0
-9 -38 33 0
33 41 38 0
-15 8 -33 0
24 27 17 0
-2 -10 -54 0
-58 13 -43 0
26 -24 -1 0
34 -13 16 0
-29 -57 12 0
-50 -38 19 0
-54 -6 41 0
4 54 10 0
-14 -27 24 0
47 41 -33 0
-38 1 -7 0
-1 45 -24 0
-55 -2 -34 0
1 52 20 0
-37 33 38 0
42 25 -4 0
26 37 -40 0
49 32 24 0
-23 5 35 0
-37 -47 27 0
39 5 21 0
-14 -56 51 0
4 46 -31 0
-15 38 -2 0
-8 -21 -58 0
11 -48 -15 0
15 7 -47 0
-49 -46 -53 0
-58 48 -35 0
-17 -41 -32 0
-37 12 8 0
-38 24 -43 0
43 3 -23 0
14 23 -57 0
55 -58 -41 0
-17 -45 -28 0
-54 38 56 0
21 -35 13 0
-10 -59 -45 0
-40 8 -1 0
-8 -3 -34 0
38 41 -49 0
-34 -41 1 0
-51 -19 -33 0
-40 53 42 0
53 -41 22 0
28 29 37 0
28 2 -57 0
-8 -24 -44 0
4 -19 -58 0
1 33 -52 0
10 -43 52 0
19 28 -14 0
-43 -31 39 0
-46 55 11 0
-36 15 51 0
-38 56 11 0
27 2 15 0
37 -18 -40 0
16 12 -4 0
-11 23 -4 0
-36 -50 -27 0
-32 -35 56 0
-2 14 -48 0
-23 1 -34 0
22 53 -6 0
7 32 59 0
33 47 15 0
55 -50 -53 0
18 24 -58 0
-31 -48 14 0
59 -54 -52 0
-26 -50 51 0
14 -28 -47 0
-15 -39 -2 0
31 54 58 0
24 56 40 0
19 -32 -15 0
-48 -51 -24 0
-41 -18 24 0
31 -10 -29 0
22 -21 39 0
51 18 7 0
9 54 20 0
39 -7 -38 0
-24 -46 10 0
-30 39 -51 0
-29 -28 55 0
30 11 -23 0
-9 -39 57 0
-53 37 7 0
-49 -35 20 0
58 15 49 0
-10 -46 45 0
3 10 29 0
-8 -34 36 0
-53 16 -42 0
34 40 58 0
-42 -21 -27 0
56 -39 15 0
-45 -12 -49 0
-9 -45 -16 0
-24 -14 52 0
12 -13 8 0
50 37 10 0
43 -17 55 0
47 15 -37 0
-8 19 -14 0
-1 14 34 0
-12 26 34 0
-14 39 47 0
-45 8 25 0
18 20 -26 0
21 -8 -47 0
28 17 43 0
-33 -28 50 0
45 -29 -11 0
53 -16 44 0
34 -9 55 0
11 27 52 0
34 2 -40 0
-23 -30 54 0
58 31 43 0
43 21 11 0
-37 -43 31 0
-56 -55 33 0
-13 -48 -8 0
-12 -13 27 0
34 40 7 0
41 7 9 0
-6 -27 42 0
-36 38 -37 0
-13 46 -12 0
-59 -21 -30 0
16 34 -55 0
42 11 53 0
13 19 16 0
-7 20 57 0
-29 21 1 0
58 -1 47 0
1 -30 12 0
-29 -16 44 0
-17 -35 36 0
-57 22 -53 0
-18 23 -8 0
-23 37 55 0
