p 12 51
12 7 -1 0
-9 -4 -6 0
-3 -8 -4 0
-9 -12 -3 0
9 5 6 0
8 -7 12 0
5 -12 6 0
3 1 -8 0
2 10 5 0
-10 3 9 0
1 -8 7 0
12 -11 9 0
-11 -9 -5 0
-2 11 9 0
3 8 -1 0
4 8 -10 0
7 3 5 0
11 -5 -4 0
2 -11 -3 0
4 -9 -10 0
-11 -4 -9 0
-4 -6 -1 0
-10 12 1 0
1 6 3 0
-1 11 -2 0
7 -10 9 0
-7 2 -5 0
6 1 11 0
-11 -8 -3 0
5 10 3 0
-4 -8 2 0
-5 -1 -8 0
-7 -12 1 0
5 -8 -7 0
-10 -9 -3 0
-7 -12 -9 0
6 -10 1 0
8 12 -5 0
-4 -6 -12 0
-9 -7 -8 0
-2 -11 -5 0
-9 -4 -1 0
3 -12 1 0
-3 10 11 0
-6 11 -1 0
-3 9 4 0
2 5 6 0
-8 -6 -5 0
-1 7 4 0
-5 6 -9 0
-9 -12 11 0
