p 98 417
15 13 51 0
-26 -9 10 0
36 -83 -41 0
-92 -65 72 0
56 -72 81 0
-28 38 24 0
21 -26 78 0
95 -65 -10 0
63 -66 65 0
-2 32 -3 0
52 86 88 0
-14 72 -27 0
-45 92 47 0
12 -50 -67 0
6 -38 35 0
17 -12 -2 0
-82 -34 -53 0
28 16 72 0
-97 -96 48 0
78 -77 36 0
72 26 -89 0
-50 96 91 0
86 -75 59 0
21 61 62 0
61 -56 82 0
80 -63 -16 0
-52 -35 96 0
-82 -16 -10 0
11 -18 40 0
47 -45 86 0
-21 -50 3 0
29 -44 -89 0
11 24 -13 0
39 18 -38 0
-91 37 -89 0
87 36 -15 0
83 87 -73 0
3 -50 -30 0
-93 96 89 0
-57 -20 4 0
41 -72 24 0
-37 -23 -78 0
-84 -7 -5 0
-18 -66 -74 0
-82 -58 -43 0
-75 39 -42 0
-8 84 31 0
25 -78 -33 0
-11 -67 47 0
-69 -31 94 0
-56 70 54 0
56 -3 -96 0
64 -1 5 0
86 29 38 0
-9 79 20 0
47 -19 96 0
-27 66 -40 0
45 -28 -36 0
2 27 -29 0
95 -70 24 0
2 79 78 0
-5 -34 -4 0
-78 -69 59 0
-52 -1 33 0
40 85 -39 0
-96 91 -61 0
-90 -27 -70 0
7 32 -40 0
-6 -7 27 0
85 30 91 0
-20 -17 44 0
34 79 -85 0
87 -41 52 0
-82 27 -90 0
-63 61 -79 0
60 -79 -31 0
-10 -70 74 0
-59 -41 51 0
21 27 -37 0
-64 -98 -56 0
85 -90 -11 0
10 -40 55 0
-29 16 -72 0
-79 -83 9 0
-59 24 66 0
-74 55 -57 0
81 -7 -20 0
-74 49 -69 0
-66 -31 -4 0
-93 -97 50 0
67 61 -32 0
7 74 82 0
3 12 5 0
6 -29 -47 0
53 4 -36 0
3 -65 -56 0
-90 -74 28 0
-23 -22 96 0
-33 -1 -15 0
-72 32 50 0
46 -31 -7 0
59 34 -96 0
62 -35 -37 0
31 91 79 0
16 31 -19 0
-24 -25 -16 0
-51 63 -83 0
94 55 62 0
1 31 -10 0
80 -39 65 0
-20 27 62 0
-46 47 54 0
-76 88 12 0
-64 66 -28 0
-15 -10 -75 0
16 -21 54 0
4 -5 69 0
-49 46 -1 0
14 -4 95 0
-53 96 -91 0
29 -81 13 0
51 48 -47 0
70 80 -40 0
-98 -76 -54 0
-74 -96 61 0
42 -89 -38 0
65 97 -75 0
22 -58 -44 0
-33 -82 -22 0
-89 -55 38 0
7 -88 -45 0
-95 16 51 0
-24 49 69 0
73 48 -31 0
-28 56 86 0
-95 -9 76 0
98 34 11 0
-94 98 -22 0
-82 -26 -79 0
-71 -2 9 0
91 51 -13 0
-96 81 72 0
25 98 63 0
67 59 -38 0
22 2 47 0
-1 -26 90 0
75 80 21 0
-1 -10 -41 0
-78 24 -22 0
-48 -64 -36 0
-61 42 53 0
25 -8 27 0
-12 10 11 0
28 72 -57 0
-89 -5 55 0
20 -85 -62 0
-15 -20 52 0
-92 33 14 0
4 -80 65 0
-19 9 -22 0
-6 -30 72 0
93 -12 23 0
88 83 37 0
88 55 89 0
6 73 -42 0
74 -72 -23 0
-8 -45 -46 0
-47 91 -77 0
10 13 -30 0
71 -46 98 0
36 -55 92 0
-6 -98 1 0
-1 31 89 0
-1 -62 80 0
81 -29 -6 0
-73 80 61 0
-17 -15 66 0
79 -91 75 0
-87 22 16 0
-45 16 61 0
-83 63 -44 0
27 -60 -44 0
47 -39 -61 0
30 -65 96 0
32 -9 71 0
-45 -51 -61 0
96 69 -85 0
70 -39 27 0
95 94 -13 0
-81 87 56 0
-70 21 -27 0
-35 -28 -40 0
87 55 -31 0
47 8 77 0
-50 -34 -69 0
-4 -70 40 0
95 28 -62 0
-34 70 -76 0
-84 -76 78 0
58 17 -98 0
-19 -8 4 0
-26 -65 98 0
52 20 59 0
25 16 -41 0
-34 30 -6 0
45 59 -60 0
92 5 -54 0
-4 95 -50 0
-36 -37 -46 0
37 17 63 0
75 14 -82 0
-82 44 -74 0
22 78 -37 0
-62 36 -79 0
46 68 -86 0
-94 87 49 0
-3 29 23 0
73 -43 -81 0
39 -81 -26 0
-63 40 -6 0
-79 -40 18 0
88 -66 -8 0
29 -35 -8 0
-51 78 -71 0
-87 43 8 0
-7 -26 -5 0
-43 69 2 0
-2 -38 -17 0
-52 30 58 0
68 -15 -92 0
-72 -14 -61 0
-64 -94 -66 0
22 26 61 0
72 17 -84 0
-23 12 -63 0
-40 -25 73 0
-23 -85 94 0
-96 82 88 0
83 -69 -30 0
-74 -53 37 0
-56 19 -15 0
-26 55 -46 0
-91 -59 -54 0
78 -23 -25 0
58 -19 88 0
17 46 27 0
-98 -61 -30 0
-78 -87 71 0
1 4 -74 0
-55 35 31 0
31 83 -51 0
14 28 -35 0
-47 84 42 0
84 -66 90 0
75 80 -9 0
-87 -2 54 0
83 15 -59 0
-27 94 90 0
91 -5 38 0
-5 -27 19 0
20 -91 56 0
-86 5 4 0
-29 -3 -59 0
93 14 -78 0
96 13 63 0
89 86 -59 0
69 95 98 0
-62 73 51 0
-25 -36 55 0
83 77 -82 0
65 -11 71 0
-6 10 -9 0
87 -68 -16 0
25 36 -49 0
-76 85 -75 0
-72 -29 -76 0
-79 32 72 0
39 85 -29 0
-19 20 73 0
-76 -94 -68 0
-13 83 33 0
-3 6 71 0
-51 -55 71 0
1 89 48 0
54 -3 -6 0
-10 -24 -93 0
-68 13 77 0
24 81 68 0
-91 29 87 0
56 29 -46 0
93 95 36 0
-77 46 16 0
-14 56 32 0
-84 -79 11 0
-55 76 -43 0
78 -58 75 0
-20 37 -62 0
-78 61 -89 0
-65 68 -62 0
62 -58 71 0
98 -83 82 0
-28 -59 83 0
-25 83 89 0
89 -26 71 0
36 -73 54 0
87 20 -26 0
47 -61 -3 0
68 17 -30 0
25 67 97 0
39 -36 18 0
-97 79 -89 0
2 -25 19 0
49 -22 53 0
57 75 -84 0
-60 46 -55 0
-82 -39 50 0
73 92 -22 0
-30 -40 19 0
-56 29 36 0
23 -62 4 0
-81 31 83 0
-55 -52 -44 0
-38 -31 -74 0
-34 52 73 0
21 -87 86 0
75 -83 -51 0
-15 6 42 0
94 -82 92 0
-19 62 28 0
92 -12 -38 0
-71 95 -20 0
50 14 67 0
-70 47 60 0
77 -27 -10 0
63 7 -58 0
48 19 84 0
-76 29 83 0
16 -19 -67 0
70 -20 28 0
-71 13 10 0
-67 -74 9 0
-78 -39 -50 0
-90 31 -62 0
54 22 72 0
48 30 60 0
-90 8 -21 0
46 -49 45 0
-80 89 37 0
13 -41 -39 0
95 -55 71 0
83 91 -39 0
82 -21 -57 0
6 -53 68 0
-58 87 -51 0
-97 -14 -64 0
35 84 -20 0
38 -11 -78 0
52 25 -1 0
73 57 45 0
-30 -10 71 0
-21 -20 68 0
-8 -95 51 0
-26 50 -60 0
-72 46 -43 0
45 -52 -81 0
-14 60 83 0
77 12 -29 0
72 94 -17 0
-63 1 94 0
-82 74 48 0
4 24 12 0
53 -50 49 0
39 -49 83 0
-98 -18 -40 0
-60 90 82 0
49 33 78 0
-54 -5 -20 0
-85 -13 -51 0
-62 74 -25 0
-94 1 31 0
39 53 -42 0
-75 -28 -52 0
-36 4 -65 0
76 -74 24 0
84 -82 49 0
22 -93 65 0
-70 -1 2 0
60 94 -79 0
-70 -91 -97 0
46 94 -53 0
-84 61 -52 0
31 -54 76 0
15 16 -44 0
-55 -8 -17 0
-80 32 -2 0
-50 48 73 0
-81 -46 -32 0
49 94 -52 0
48 -36 38 0
55 -85 -37 0
-39 65 -71 0
85 -81 -42 0
-20 70 -31 0
8 47 -83 0
-23 38 -9 0
54 -58 -97 0
18 -49 44 0
-66 -3 6 0
7 -54 4 0
-82 -15 75 0
89 -98 -3 0
21 -9 35 0
-85 -2 -76 0
83 -20 56 0
36 -62 -11 0
28 2 38 0
90 -62 50 0
