p 43 183
9 -33 -5 0
-36 16 -37 0
31 11 32 0
-18 9 -14 0
23 43 11 0
-15 43 -33 0
6 -33 18 0
-36 33 -25 0
31 -37 -13 0
-32 -2 38 0
27 39 -9 0
-27 -37 13 0
25 -26 -40 0
28 -26 7 0
-1 -34 -24 0
-3 -41 -5 0
-26 -34 -13 0
-30 -20 -40 0
-14 -34 -4 0
40 -36 39 0
-24 -31 -38 0
-38 39 -4 0
37 -23 3 0
2 12 22 0
35 3 21 0
30 42 -33 0
-24 -27 -31 0
-16 -9 13 0
-16 -22 29 0
-17 16 12 0
36 -19 3 0
-24 -8 -18 0
-42 32 21 0
41 11 -15 0
-22 -1 -5 0
19 41 36 0
1 27 -23 0
35 -41 7 0
-1 -39 -16 0
-34 43 -10 0
-35 18 -15 0
38 -10 -35 0
11 30 -34 0
42 -13 -36 0
-38 -5 -12 0
-30 -41 -35 0
-21 -25 22 0
-39 -37 33 0
4 -6 43 0
-43 27 12 0
33 16 36 0
-20 -2 -33 0
12 16 -43 0
-43 -2 -26 0
40 20 -30 0
-29 35 -28 0
1 11 -43 0
-18 -29 -24 0
30 41 -43 0
-33 -27 30 0
-39 30 -36 0
-30 -22 -31 0
5 -35 -19 0
12 -4 -39 0
-11 38 4 0
18 -9 -22 0
-17 35 -25 0
21 -32 -1 0
-9 -17 10 0
-9 7 10 0
-29 16 1 0
8 21 33 0
8 -39 -27 0
20 -41 -22 0
35 -22 -15 0
-29 -37 10 0
-11 34 -13 0
7 4 35 0
35 -10 -27 0
-4 -21 -24 0
-15 19 -41 0
22 36 -16 0
-28 33 11 0
28 15 -22 0
9 13 37 0
13 24 31 0
-17 -15 16 0
-30 -7 -8 0
-19 42 34 0
-23 30 11 0
4 18 27 0
6 17 -30 0
21 -31 16 0
-12 11 -24 0
-43 17 1 0
35 27 -31 0
-13 4 33 0
-27 2 -38 0
-30 26 -1 0
-28 -25 -15 0
3 25 34 0
39 -41 -31 0
-4 -17 43 0
-10 34 -38 0
-7 -28 2 0
-21 26 -39 0
6 -39 -30 0
-29 -3 -20 0
12 -36 37 0
6 -34 -37 0
-30 21 -32 0
28 -23 -15 0
10 -43 -34 0
-13 -4 -42 0
-1 -28 24 0
-7 -25 8 0
-41 3 -25 0
42 32 -9 0
19 29 -5 0
-11 28 -41 0
28 5 -14 0
-19 -38 17 0
19 14 -22 0
33 13 -16 0
-13 -14 23 0
32 -14 -28 0
-23 7 15 0
40 16 -38 0
-28 -32 -9 0
-39 -37 -31 0
-22 34 -12 0
-21 36 6 0
-32 -20 -16 0
4 25 28 0
-4 25 34 0
20 2 22 0
-8 14 -42 0
12 -14 26 0
2 38 -15 0
-22 7 -31 0
12 -10 -15 0
9 -26 15 0
10 16 33 0
-37 18 9 0
-5 10 -1 0
29 37 -7 0
-26 -14 -23 0
11 24 41 0
-3 7 21 0
38 -19 -34 0
-42 34 -32 0
4 -16 -42 0
39 -6 2 0
-22 -39 -41 0
20 -3 -21 0
25 -22 12 0
-23 -29 -9 0
-30 -7 17 0
16 31 -43 0
32 28 23 0
-1 7 -35 0
-18 30 41 0
-1 20 8 0
-40 -42 36 0
-40 -39 25 0
-36 16 18 0
35 32 34 0
-36 8 15 0
-33 24 9 0
-35 -34 -16 0
13 14 -16 0
30 -8 -5 0
-15 -2 12 0
2 -41 -8 0
-28 17 11 0
-16 25 -32 0
27 37 -14 0
-30 15 2 0
10 -40 13 0
-16 -8 5 0
18 -11 31 0
35 -3 -26 0
-24 9 -1 0
