p 85 362
-66 59 29 0
-1 68 81 0
57 -52 -37 0
30 70 40 0
-79 72 39 0
-22 -59 -39 0
-30 -3 63 0
-41 63 -7 0
27 64 51 0
43 74 67 0
63 9 67 0
55 39 -31 0
-46 78 7 0
-66 -9 58 0
12 20 -57 0
74 -57 63 0
7 22 61 0
-36 63 66 0
76 6 -24 0
-60 49 -53 0
-81 13 -53 0
-2 57 -65 0
-82 37 -67 0
47 68 56 0
34 -36 29 0
14 45 -77 0
25 78 17 0
-52 -8 39 0
82 -38 10 0
-30 32 4 0
-39 65 34 0
-76 23 -71 0
32 -46 -64 0
60 -18 -40 0
62 -71 65 0
-68 37 36 0
-48 33 78 0
29 80 71 0
-37 -84 62 0
70 -76 -66 0
63 81 75 0
-13 -74 54 0
75 20 -18 0
34 -74 2 0
13 -7 -14 0
72 66 77 0
17 65 -66 0
-59 -35 -9 0
30 -56 36 0
-45 -63 54 0
77 -55 -64 0
60 40 3 0
-1 77 -44 0
35 -3 19 0
-73 53 68 0
-54 -14 -57 0
15 -69 73 0
-60 30 72 0
18 12 76 0
-38 -59 7 0
82 83 -29 0
-35 -69 -47 0
35 5 66 0
66 14 -72 0
16 43 82 0
25 41 75 0
-45 13 24 0
9 -25 -10 0
-55 12 -81 0
-74 35 61 0
-1 -56 53 0
42 26 -6 0
-15 79 72 0
48 -54 -52 0
-68 40 -21 0
-52 -14 69 0
-51 79 -73 0
41 1 -18 0
60 -71 -20 0
61 45 -68 0
80 12 52 0
71 10 65 0
-58 -36 65 0
-14 -45 -76 0
20 -38 -48 0
-52 -12 58 0
14 -31 -18 0
7 63 -75 0
-79 -4 23 0
-9 45 -84 0
47 59 85 0
-1 81 -41 0
-63 67 -27 0
-76 67 61 0
69 -34 39 0
-83 65 -30 0
1 -9 -14 0
9 56 46 0
62 -74 15 0
-7 -74 39 0
-11 -53 -21 0
51 -64 -26 0
84 75 45 0
-36 56 -62 0
-1 40 -22 0
32 52 -82 0
-82 -44 28 0
-65 70 -16 0
-69 30 21 0
23 45 -79 0
-10 -51 40 0
-33 -72 54 0
-35 24 42 0
13 51 -61 0
73 83 -9 0
53 -51 -12 0
-10 45 -77 0
-41 3 18 0
73 -64 26 0
-65 11 7 0
-8 -71 -65 0
10 39 -35 0
52 -10 25 0
22 -30 33 0
-57 39 4 0
42 80 83 0
25 -78 27 0
5 10 77 0
-34 16 -40 0
29 -24 -11 0
76 18 -58 0
-24 17 65 0
37 70 -27 0
-32 39 -13 0
-43 37 -10 0
75 77 -2 0
5 50 -36 0
2 -60 32 0
-71 33 -75 0
-75 1 -37 0
-35 -37 -77 0
63 -64 42 0
-44 39 -59 0
71 -38 -6 0
71 31 41 0
-56 -44 36 0
-27 37 -60 0
-81 82 -10 0
74 -54 -45 0
61 -76 42 0
39 -9 -80 0
15 -64 -36 0
8 38 -75 0
5 71 -78 0
-7 35 -18 0
8 -12 23 0
-2 -28 58 0
31 -11 58 0
-31 5 -65 0
-79 53 82 0
20 19 21 0
70 19 38 0
-31 -12 83 0
56 -8 4 0
68 71 13 0
8 -10 41 0
-56 7 -69 0
-37 -83 39 0
-33 4 -53 0
72 -32 25 0
-41 58 75 0
-12 60 -6 0
-6 80 50 0
-38 -69 -67 0
42 -39 -76 0
40 57 -60 0
-23 -71 -55 0
38 -79 -14 0
-57 -53 13 0
52 81 59 0
-80 33 7 0
43 -27 -25 0
14 -34 -13 0
-29 -82 1 0
-67 42 21 0
-49 48 32 0
15 -66 19 0
-70 -42 81 0
-34 -57 -66 0
43 -80 -13 0
31 -42 -81 0
70 81 -1 0
-56 43 54 0
-23 5 -66 0
55 -11 -17 0
-52 -4 17 0
25 -76 40 0
27 -70 61 0
25 41 73 0
10 39 -38 0
-8 -6 80 0
20 -23 84 0
14 -24 37 0
-6 -22 11 0
-65 -22 57 0
47 4 -52 0
58 81 -5 0
-25 57 3 0
-65 31 -78 0
4 -34 -61 0
60 1 -40 0
72 -35 -71 0
-73 -71 42 0
77 -25 -40 0
66 42 -17 0
54 -1 65 0
53 -33 16 0
-34 57 72 0
27 46 -67 0
-34 -22 65 0
82 76 -4 0
-29 -73 -58 0
21 13 -20 0
51 -81 -41 0
-7 26 85 0
42 32 -63 0
-55 26 50 0
-54 -38 -68 0
-25 28 -18 0
4 40 -47 0
25 83 -76 0
37 -36 -80 0
-5 17 -51 0
12 -1 -29 0
-14 47 -3 0
58 -39 -34 0
-48 -30 -37 0
-74 66 -10 0
-29 22 40 0
36 34 -28 0
-17 14 -43 0
-79 -75 -61 0
-69 81 53 0
-4 -66 -75 0
-67 39 11 0
66 -15 58 0
54 -24 -64 0
56 -85 -71 0
77 -51 52 0
49 -21 1 0
74 38 -83 0
82 -40 -50 0
61 73 -8 0
61 -24 60 0
-49 -65 -75 0
-69 -15 81 0
-24 -37 72 0
36 9 53 0
18 -55 70 0
17 -71 -49 0
-19 72 -7 0
-25 70 -41 0
-39 17 63 0
46 11 57 0
-43 -16 71 0
-13 32 -47 0
5 42 -59 0
-61 40 74 0
-52 46 -5 0
10 54 73 0
-69 -81 67 0
-71 -21 -11 0
-52 -82 -73 0
-66 -76 -21 0
68 47 42 0
14 -64 65 0
-82 -50 -6 0
-56 35 7 0
-14 -24 -32 0
81 20 -10 0
12 15 39 0
-83 44 46 0
-35 -59 50 0
-63 -66 -80 0
6 -66 -53 0
-31 11 18 0
-57 84 -21 0
33 -12 -66 0
48 51 85 0
41 8 -74 0
84 -31 43 0
-36 -16 -77 0
-50 -30 37 0
-12 35 -81 0
-31 -71 66 0
-56 55 -12 0
-50 32 -44 0
69 -81 -15 0
-5 -24 85 0
23 34 25 0
-31 62 -20 0
33 57 -82 0
-77 46 -35 0
70 36 37 0
68 -30 -73 0
78 -1 33 0
-39 -52 -41 0
-42 52 -67 0
75 29 42 0
-69 -57 12 0
-68 -15 66 0
-40 -18 -49 0
38 -32 -52 0
-32 15 -76 0
-79 19 -15 0
58 -6 -52 0
84 -72 -3 0
5 -40 65 0
15 -46 -3 0
66 37 -36 0
-71 62 22 0
-54 -80 5 0
-35 -76 78 0
19 1 20 0
31 -65 -68 0
37 82 21 0
-84 -27 23 0
57 -74 68 0
43 -75 44 0
-71 21 35 0
45 38 29 0
77 -70 61 0
81 -38 43 0
-37 -60 2 0
12 -1 -52 0
-57 78 29 0
-77 -12 -72 0
23 -28 60 0
72 -40 -68 0
-29 -53 83 0
-69 84 -73 0
35 -3 18 0
-60 81 -28 0
-18 -39 -78 0
11 41 40 0
-13 -22 27 0
8 -45 -63 0
40 69 85 0
-58 -35 3 0
30 -26 -56 0
3 76 -35 0
50 -37 -12 0
34 70 -71 0
69 43 24 0
-84 -85 52 0
-29 -12 -2 0
50 33 79 0
-51 -18 21 0
58 -6 -57 0
82 41 -11 0
84 46 40 0
65 51 -67 0
