p 57 242
37 -33 36 0
-7 56 4 0
-46 -17 -35 0
-46 43 22 0
-51 -42 -19 0
52 5 -43 0
-30 -11 17 0
14 24 -30 0
45 52 22 0
-15 -18 -12 0
24 14 47 0
30 19 56 0
17 43 -23 0
-13 49 12 0
32 -43 -55 0
-24 29 -25 0
-33 -40 50 0
19 7 2 0
6 -41 31 0
-47 -41 12 0
-48 8 -33 0
33 -34 -9 0
-4 -7 8 0
-24 -29 -13 0
-54 11 -56 0
37 41 39 0
-47 -20 32 0
43 -21 35 0
-27 40 36 0
-7 28 3 0
-18 -33 -25 0
-21 -15 57 0
47 -14 -32 0
38 -37 -50 0
48 9 8 0
-4 29 -35 0
-38 10 50 0
-38 13 -37 0
-57 -29 -42 0
48 -53 56 0
-51 5 48 0
2 -22 53 0
21 52 49 0
7 10 -52 0
-36 -18 7 0
-43 -45 17 0
17 56 -34 0
21 28 -22 0
34 52 -57 0
-50 15 -40 0
-18 6 -32 0
-2 37 27 0
16 3 -33 0
4 8 -53 0
-24 42 -30 0
-40 -31 -9 0
-18 10 33 0
11 43 41 0
-38 28 -54 0
37 -35 17 0
-15 29 42 0
-31 -15 -40 0
-28 -12 -48 0
34 -54 45 0
56 50 -32 0
-3 -32 53 0
-14 36 43 0
53 18 -9 0
-42 -24 53 0
41 26 -3 0
-38 -54 -28 0
-36 -7 4 0
9 -36 -37 0
53 50 -24 0
-49 25 46 0
56 28 7 0
17 -8 31 0
16 -29 32 0
56 -40 -2 0
-1 -42 22 0
19 -55 -53 0
16 -9 -46 0
-34 14 -39 0
23 22 -27 0
47 -18 -2 0
-26 -14 40 0
46 -28 56 0
7 -39 8 0
15 -51 -37 0
-35 -28 -18 0
23 35 21 0
-55 -52 -36 0
34 -33 32 0
10 7 -43 0
8 36 46 0
13 -30 -54 0
34 35 57 0
-32 15 36 0
-47 55 46 0
38 -19 25 0
-57 -34 55 0
-8 27 21 0
32 -12 -14 0
21 -5 -43 0
18 -47 -46 0
25 -23 -43 0
46 40 9 0
-22 -42 27 0
56 -40 -8 0
-17 24 -54 0
25 7 -36 0
-11 -12 -23 0
30 -39 34 0
1 24 13 0
57 36 -16 0
-35 23 37 0
38 54 -33 0
-28 43 -55 0
-19 -5 -7 0
43 -18 -2 0
-42 57 -48 0
12 -35 -13 0
-14 49 -50 0
3 44 -9 0
27 13 53 0
-6 28 -34 0
24 52 -33 0
-24 51 35 0
-32 -1 51 0
-47 6 13 0
-1 2 -34 0
29 34 -52 0
-42 49 4 0
51 -56 16 0
-52 -13 23 0
-55 56 -18 0
-34 31 -44 0
-30 -35 48 0
-35 -4 24 0
1 -40 34 0
48 -57 34 0
-56 -7 20 0
12 -25 53 0
12 -15 -41 0
-32 17 -22 0
40 -43 -2 0
17 -1 13 0
43 16 -8 0
-21 -43 -23 0
-51 28 -48 0
-30 33 -23 0
-49 -16 29 0
52 34 12 0
-18 21 52 0
34 -40 -32 0
-41 21 -46 0
44 -30 4 0
-23 -26 -6 0
-33 -52 34 0
-55 37 43 0
55 28 6 0
5 -51 20 0
4 -28 37 0
-51 30 -14 0
40 -55 51 0
-5 51 -42 0
-5 48 -14 0
-3 -17 8 0
-9 4 48 0
-23 33 -22 0
39 -21 8 0
-56 -57 16 0
1 11 -4 0
-9 1 40 0
-14 -24 -38 0
44 -24 39 0
-46 36 -42 0
49 -52 19 0
51 -42 -49 0
8 -39 -50 0
-24 -51 35 0
-41 34 -29 0
32 14 -21 0
39 -33 30 0
35 50 18 0
-42 20 -33 0
-3 15 -32 0
18 -42 27 0
-17 5 -15 0
-31 -17 -25 0
-32 33 21 0
-2 -44 41 0
35 21 39 0
9 37 -41 0
-16 -50 40 0
47 25 52 0
-56 -5 34 0
-52 55 -46 0
6 -20 25 0
-10 -47 23 0
29 42 -22 0
-7 -21 -31 0
-1 40 10 0
29 26 39 0
54 11 -25 0
-40 49 -47 0
20 11 38 0
-25 19 -16 0
44 -37 -28 0
-38 -17 -29 0
-33 -34 -54 0
46 -23 3 0
-26 -44 -37 0
42 10 16 0
12 -26 -4 0
35 39 17 0
-54 -52 10 0
-33 10 25 0
8 -10 -45 0
-36 -47 -26 0
-17 -39 -23 0
54 -21 28 0
-4 -52 32 0
-21 -47 10 0
14 -42 6 0
20 22 -34 0
41 -35 4 0
-35 -54 -34 0
-52 31 8 0
21 -20 -17 0
49 38 -31 0
21 46 -57 0
55 -38 35 0
41 -57 -5 0
-7 49 19 0
-25 34 30 0
51 -12 -10 0
30 54 7 0
45 -56 50 0
15 -27 -42 0
-3 12 36 0
49 -20 57 0
