p 83 353
22 -59 29 0
10 -76 78 0
-76 -34 -45 0
29 -19 -52 0
-68 71 7 0
75 35 14 0
-48 57 21 0
76 47 -81 0
-37 -41 60 0
-27 54 29 0
-28 38 41 0
35 57 53 0
-36 2 55 0
10 34 -8 0
72 32 -65 0
65 -34 -59 0
-20 -83 -9 0
-72 -37 60 0
3 -65 -53 0
-25 -54 82 0
49 24 33 0
-61 64 59 0
69 -53 26 0
68 -65 81 0
-23 -73 38 0
-66 -78 -30 0
27 -45 46 0
-15 61 -19 0
-25 41 83 0
68 42 82 0
-70 -5 21 0
64 6 -36 0
-43 -26 -42 0
20 -12 -57 0
25 -38 -11 0
31 -25 66 0
-33 68 -39 0
26 -3 45 0
-38 -10 -27 0
15 -75 -46 0
4 66 76 0
74 69 42 0
17 35 24 0
-30 -63 -23 0
72 34 -60 0
-27 16 -73 0
70 -7 28 0
62 -49 -28 0
47 20 -28 0
51 -7 -18 0
-73 -15 53 0
-81 8 59 0
-56 -42 -63 0
77 67 -57 0
69 -39 -83 0
68 81 -7 0
23 -57 -7 0
-71 -20 -33 0
-27 26 37 0
15 79 -74 0
-23 -69 49 0
44 -45 -76 0
-74 32 -48 0
-52 32 -22 0
41 -18 25 0
38 45 52 0
40 14 -71 0
-24 -1 -59 0
10 9 67 0
8 70 -42 0
-16 10 -52 0
56 -82 52 0
82 4 44 0
-69 -41 14 0
-44 -40 14 0
46 33 30 0
-61 32 67 0
31 45 57 0
10 -43 53 0
-62 56 -44 0
-28 -34 -2 0
37 13 18 0
29 -44 -17 0
19 30 -68 0
-23 -30 29 0
53 -16 48 0
-3 48 72 0
74 71 60 0
34 -68 41 0
18 13 -59 0
-34 53 -75 0
43 69 7 0
4 -79 7 0
65 -67 -44 0
26 66 -53 0
54 -40 36 0
-48 -29 -49 0
73 -40 -82 0
61 57 -74 0
-19 53 79 0
15 11 -9 0
-2 44 20 0
-52 -25 62 0
13 7 25 0
5 19 51 0
-14 -62 -52 0
-10 -46 25 0
-71 25 -68 0
81 15 -66 0
40 60 41 0
23 53 36 0
1 50 64 0
21 -55 14 0
-75 -35 48 0
51 -72 -11 0
-46 -47 -41 0
29 52 55 0
28 -10 22 0
-74 72 -40 0
-75 57 64 0
-80 -35 16 0
-82 -44 -39 0
13 34 -76 0
-62 8 5 0
-66 47 -12 0
76 -27 -9 0
-15 26 10 0
-60 12 59 0
-14 -47 78 0
-47 35 18 0
-68 78 -54 0
39 14 -81 0
46 61 81 0
-33 43 -24 0
-5 -25 -48 0
51 13 64 0
-13 -38 -68 0
69 78 52 0
3 -15 -52 0
71 -76 1 0
-71 -81 64 0
41 63 -83 0
-1 -53 55 0
53 63 10 0
-48 37 -75 0
-7 2 36 0
50 28 -73 0
40 -39 81 0
-61 66 55 0
-17 76 -75 0
30 72 -15 0
-14 30 8 0
-9 -1 79 0
23 -43 47 0
32 7 -39 0
11 54 31 0
-45 -59 -54 0
-36 -71 37 0
-5 75 56 0
12 83 -39 0
-34 -43 32 0
54 49 68 0
-79 -63 -58 0
-1 8 -7 0
-9 -43 68 0
5 -15 70 0
-52 -45 -53 0
29 -79 -46 0
79 -34 72 0
-8 -19 53 0
-71 81 -80 0
-45 -41 37 0
-50 -62 -59 0
9 -50 39 0
-20 14 34 0
28 -73 10 0
-35 -57 71 0
35 -68 -61 0
7 -15 64 0
55 -59 69 0
-51 27 -18 0
-68 -77 72 0
-19 50 -17 0
20 -10 -48 0
-16 9 -62 0
4 -63 -21 0
62 -57 -40 0
-15 -6 69 0
-60 29 -80 0
-83 55 -78 0
-72 -81 -68 0
-72 -81 50 0
23 -24 48 0
-4 27 -25 0
16 -9 -48 0
-21 23 -73 0
78 -18 -40 0
2 -72 19 0
38 49 -76 0
-11 -74 -56 0
23 35 -68 0
-46 -74 -37 0
19 51 43 0
72 -32 -8 0
74 36 63 0
-37 44 5 0
-31 -9 -66 0
3 20 8 0
14 -43 -66 0
44 63 40 0
11 52 -37 0
40 57 -23 0
25 -3 -26 0
46 61 63 0
-43 33 -8 0
59 -60 27 0
-38 -9 5 0
29 -72 60 0
-13 71 9 0
22 -30 -24 0
77 -12 -40 0
46 44 -19 0
-66 -23 -16 0
34 83 80 0
-37 9 -53 0
-24 -51 -12 0
43 -14 30 0
-71 -28 61 0
-73 -80 38 0
-66 17 -82 0
37 -12 15 0
59 -15 5 0
53 29 82 0
-38 6 21 0
-27 74 -81 0
-62 -28 -31 0
46 -33 -5 0
-59 -70 -33 0
68 49 -69 0
22 -63 -83 0
-52 6 -53 0
-61 60 -16 0
-24 65 29 0
14 -35 12 0
-35 16 -37 0
23 38 -82 0
27 16 -18 0
-15 -70 -72 0
-40 -15 41 0
20 -67 -39 0
-37 -34 -81 0
25 75 -9 0
-71 36 18 0
-75 -59 63 0
-35 22 -39 0
17 -3 -35 0
17 -75 3 0
-17 -37 78 0
-44 37 2 0
-77 78 -6 0
37 -58 18 0
38 -44 39 0
-61 55 64 0
5 -35 66 0
-7 -15 71 0
-8 44 -70 0
14 20 -82 0
57 32 -1 0
-70 69 -42 0
23 35 -16 0
77 -20 16 0
-71 -17 11 0
36 21 -77 0
-13 -30 1 0
-38 27 -8 0
-11 -18 -23 0
-74 -22 -42 0
-23 32 -60 0
-58 -18 82 0
-1 75 -81 0
1 70 -35 0
-13 68 -7 0
-37 66 32 0
-45 47 -12 0
-25 -50 -40 0
-22 77 -12 0
-12 -37 63 0
-79 -15 -25 0
52 29 -39 0
-5 -80 63 0
65 -81 78 0
45 -5 63 0
-7 -33 15 0
-81 83 -78 0
76 72 57 0
57 -54 -16 0
14 -66 76 0
80 68 -63 0
-60 58 -59 0
-32 -14 -4 0
-8 12 -80 0
-77 59 80 0
-63 -80 -54 0
53 -18 -40 0
-12 3 -10 0
-68 -17 55 0
7 -14 -33 0
-1 4 -38 0
74 44 64 0
28 -40 19 0
-28 -70 -71 0
62 83 35 0
-53 78 49 0
-24 81 57 0
-38 56 53 0
-12 -74 -82 0
-2 37 -4 0
-75 -38 -60 0
-60 -25 -63 0
-53 19 -46 0
30 70 24 0
-31 42 63 0
-51 82 -60 0
-82 -52 -72 0
-25 32 -69 0
-65 -22 -5 0
38 73 14 0
66 46 27 0
-81 -29 -71 0
61 8 3 0
-48 11 43 0
-81 3 43 0
-29 -47 28 0
1 83 38 0
-33 -35 -65 0
71 14 -32 0
59 75 -10 0
21 -53 80 0
-24 -35 -23 0
-11 7 -9 0
58 -26 -7 0
40 -23 -47 0
-83 46 40 0
-76 29 70 0
68 -10 -60 0
47 -25 17 0
64 -80 25 0
-18 44 21 0
-70 58 -20 0
-80 -36 1 0
61 44 29 0
27 56 -23 0
-79 -37 29 0
