p 66 281
59 61 7 0
-37 -18 27 0
35 -18 61 0
-37 17 7 0
-28 26 -30 0
-23 -63 62 0
-25 53 -37 0
-52 -40 24 0
-30 43 41 0
-9 57 29 0
36 42 34 0
5 -59 2 0
41 26 -43 0
34 -43 -35 0
9 -13 55 0
13 -54 22 0
61 39 -34 0
-14 -18 45 0
-48 33 -41 0
-66 -53 -21 0
47 -64 46 0
-23 -63 20 0
21 12 36 0
53 19 3 0
12 29 -16 0
-22 20 26 0
31 24 -33 0
31 -45 -51 0
-27 -50 36 0
-40 -30 31 0
-58 32 -25 0
-17 48 -38 0
37 -30 10 0
-58 27 -6 0
43 55 -46 0
44 -7 -40 0
52 -58 -8 0
-6 4 26 0
-50 -57 -51 0
-53 64 7 0
-12 61 38 0
33 25 66 0
-9 -6 -5 0
35 59 4 0
-60 41 3 0
-8 60 -62 0
-11 -25 52 0
-66 1 53 0
-29 -14 -33 0
-18 -16 -52 0
53 18 -1 0
-15 47 28 0
61 5 17 0
10 9 -56 0
-17 9 44 0
45 38 65 0
42 65 64 0
-8 64 -17 0
50 -28 25 0
-13 -36 -52 0
56 -37 10 0
29 59 -16 0
52 3 -49 0
-66 -54 -34 0
43 -11 -20 0
-30 22 4 0
58 -35 14 0
65 60 50 0
-48 -60 3 0
-64 -21 4 0
57 11 23 0
-38 -63 17 0
-45 31 -50 0
46 -34 -48 0
-35 -1 -56 0
39 6 -12 0
-47 -1 36 0
-66 59 45 0
-61 -23 40 0
-13 23 65 0
4 -48 -42 0
41 26 -18 0
-63 59 8 0
33 44 -30 0
-19 -56 -55 0
-19 -8 -26 0
-38 -62 64 0
37 43 -63 0
-9 47 -3 0
-58 -42 28 0
30 -51 -57 0
30 33 66 0
6 -38 52 0
16 49 -27 0
-17 -64 57 0
22 -12 53 0
-1 -24 -35 0
35 15 5 0
-19 8 -51 0
65 57 -4 0
34 -5 9 0
1 62 56 0
7 40 -18 0
-32 -12 -58 0
20 -62 -49 0
-61 27 -19 0
-38 54 -65 0
-24 -19 -63 0
-8 13 -35 0
62 56 7 0
-31 59 -41 0
-53 -3 36 0
56 5 52 0
-66 -27 -41 0
45 -37 62 0
-37 -52 -24 0
-26 -24 -50 0
8 25 40 0
37 -63 -11 0
25 -8 5 0
-9 -33 -21 0
64 25 -45 0
-16 -65 -14 0
58 -38 47 0
-53 -26 -49 0
60 -53 41 0
-49 -5 44 0
18 -19 -6 0
-28 38 64 0
-25 28 -24 0
34 10 -37 0
44 15 28 0
56 -55 -7 0
44 59 25 0
-1 7 66 0
49 42 32 0
55 -42 -39 0
-49 2 -14 0
57 -62 3 0
61 -9 35 0
16 57 37 0
-29 32 46 0
-64 -57 53 0
56 34 -13 0
-13 49 -40 0
-11 46 -21 0
-32 53 -44 0
-17 15 44 0
36 -40 64 0
-26 -61 -5 0
20 -38 -36 0
31 -64 -29 0
-54 -39 11 0
-25 -65 -29 0
54 -51 -52 0
17 19 -1 0
-41 -59 9 0
11 58 1 0
-39 -57 35 0
53 60 -19 0
45 -55 21 0
21 -12 54 0
-39 -48 -56 0
-63 -45 40 0
43 -37 -50 0
40 -33 64 0
-52 -51 53 0
3 -49 21 0
-62 32 -37 0
-55 -35 -62 0
-47 -12 4 0
-54 30 -45 0
22 -31 43 0
28 -65 2 0
-34 -24 -29 0
-66 -27 -12 0
-6 40 -65 0
-47 31 1 0
-56 57 -5 0
-8 52 -48 0
-16 -60 -54 0
-36 -26 -59 0
-4 -22 53 0
32 -11 -44 0
-5 28 -65 0
-30 -46 -54 0
25 -13 56 0
46 -42 -66 0
-63 40 -51 0
38 -61 31 0
46 -8 -65 0
-66 -60 -46 0
-6 16 -22 0
30 -14 -60 0
-2 -4 46 0
13 -9 -53 0
-56 -66 8 0
36 34 -59 0
-9 35 57 0
60 4 22 0
-36 64 1 0
-61 -14 11 0
-64 58 65 0
-21 13 27 0
-41 -45 52 0
49 37 13 0
24 57 -53 0
-48 2 51 0
-20 -55 -50 0
40 -13 18 0
42 -57 -5 0
-24 -64 -5 0
-24 -3 -6 0
-36 -46 52 0
-23 29 65 0
-39 11 62 0
40 -33 -64 0
-15 32 -8 0
-21 66 -30 0
-7 31 -55 0
6 14 45 0
63 -34 -18 0
26 -50 27 0
-57 -15 -41 0
39 1 -12 0
12 -9 -23 0
14 -33 15 0
2 -65 25 0
-15 4 -40 0
-40 4 42 0
60 25 -1 0
63 32 12 0
12 -13 -33 0
18 41 -29 0
23 -61 -46 0
23 -56 6 0
12 55 20 0
-7 47 -55 0
42 -4 7 0
13 32 36 0
8 -57 36 0
55 48 -60 0
-31 -3 -26 0
50 14 -56 0
31 -62 11 0
40 -29 -14 0
2 -37 -46 0
-2 -19 6 0
5 -51 -59 0
-21 3 35 0
53 -19 64 0
62 44 -3 0
23 -53 17 0
-3 -51 49 0
46 13 23 0
-62 -2 35 0
13 34 -12 0
46 -24 63 0
-25 1 66 0
-54 -28 36 0
-8 -12 -27 0
48 -36 62 0
-60 -38 -56 0
13 -21 45 0
8 -42 -27 0
-39 44 48 0
45 -33 -40 0
-40 -6 -66 0
-59 -37 54 0
42 -6 -43 0
-26 47 31 0
-53 -64 27 0
-63 13 -4 0
10 -42 -43 0
2 -9 44 0
63 22 31 0
-61 -45 31 0
-41 -27 50 0
-43 17 -49 0
-39 14 -16 0
-28 -19 36 0
