p 66 281
8 -17 11 0
51 -47 27 0
35 64 -38 0
-48 36 51 0
17 13 43 0
-10 32 39 0
53 -16 -52 0
-58 -29 -3 0
46 57 -10 0
6 36 63 0
6 -45 -25 0
-22 7 -3 0
57 -7 -42 0
-9 44 45 0
-3 41 -20 0
-3 -65 -5 0
-46 9 -47 0
-32 -1 -51 0
-45 34 -4 0
-20 44 18 0
-40 4 27 0
-23 5 3 0
-10 27 -53 0
61 23 -9 0
56 -51 -22 0
-15 -64 -22 0
-38 -59 61 0
-21 35 -39 0
-25 -30 40 0
-5 -57 48 0
-60 37 35 0
61 36 -52 0
-57 7 30 0
-16 58 53 0
-42 33 56 0
65 -18 10 0
1 -13 -42 0
26 35 -47 0
15 29 -1 0
47 16 4 0
6 -37 -30 0
8 -20 -12 0
25 64 -49 0
64 49 -65 0
-1 -23 31 0
49 19 -54 0
-9 17 36 0
13 55 5 0
-41 50 60 0
7 -52 -28 0
36 33 -3 0
46 -45 -40 0
-50 -12 -53 0
48 -4 58 0
37 14 -7 0
43 -26 -27 0
-46 56 -19 0
-26 18 -4 0
-8 64 -31 0
-34 5 -3 0
-32 6 -4 0
-21 59 29 0
-38 61 47 0
17 63 54 0
39 -41 -46 0
-49 -10 18 0
65 -28 -26 0
19 -38 58 0
35 52 -36 0
40 -6 8 0
57 -15 44 0
-39 22 -53 0
3 51 -52 0
-1 -28 60 0
5 -58 -37 0
-9 3 33 0
-18 -22 -43 0
-7 -28 44 0
36 26 -43 0
-16 -45 40 0
28 -1 -50 0
52 14 43 0
-30 -12 -57 0
-40 -43 -11 0
52 55 17 0
-21 23 7 0
-10 64 65 0
-66 46 13 0
47 -46 28 0
5 35 18 0
30 53 -43 0
-59 7 35 0
63 55 28 0
23 -44 -8 0
29 -9 66 0
-59 -53 -13 0
-12 -23 -10 0
-16 9 14 0
-65 -10 32 0
6 -41 -1 0
50 66 -1 0
24 9 -37 0
-49 64 -36 0
-12 21 8 0
35 46 47 0
15 49 54 0
-65 -52 -5 0
23 -13 37 0
9 39 -7 0
-47 46 -19 0
-16 2 52 0
2 14 -52 0
36 -40 -49 0
66 -51 -14 0
8 56 -62 0
35 58 -18 0
55 56 18 0
-24 57 23 0
61 -15 17 0
-47 19 34 0
-9 31 -12 0
62 -27 -25 0
-5 -59 29 0
39 -60 -4 0
-58 55 12 0
-2 57 -54 0
-8 -41 -34 0
-50 -35 18 0
-19 -9 52 0
-14 9 -54 0
55 42 -54 0
26 14 -41 0
-11 -13 8 0
14 10 -44 0
-40 8 -28 0
11 -7 14 0
-20 21 5 0
42 36 5 0
32 -20 -12 0
63 -41 42 0
19 -25 -53 0
9 -28 -24 0
-15 18 36 0
-13 -17 -15 0
-31 -38 -63 0
46 53 17 0
-30 44 57 0
-53 -28 -32 0
14 -19 54 0
5 46 -39 0
-44 -58 -34 0
38 -58 -6 0
-24 10 9 0
-38 -8 66 0
-56 43 60 0
-17 22 13 0
42 25 66 0
-51 -1 12 0
56 -36 58 0
-1 -57 48 0
-15 26 53 0
-44 42 48 0
25 9 -59 0
66 32 1 0
54 16 62 0
-31 15 35 0
-30 26 23 0
-54 -23 2 0
-23 -63 45 0
53 42 40 0
-8 51 -55 0
-61 -16 47 0
-9 42 37 0
61 6 65 0
62 26 -57 0
35 39 -32 0
4 -25 -53 0
41 6 44 0
9 -37 -5 0
-50 16 32 0
-53 22 -32 0
-17 -65 41 0
-61 -26 7 0
45 -47 57 0
-57 28 63 0
-60 9 21 0
-51 -12 1 0
30 -27 -32 0
57 32 64 0
-32 52 -16 0
20 43 22 0
-51 30 14 0
43 -52 8 0
59 43 19 0
9 -20 -60 0
24 -2 28 0
-33 21 -16 0
63 29 6 0
-13 -49 -51 0
54 46 -36 0
-63 32 -58 0
-50 -52 32 0
32 -40 8 0
19 13 -44 0
20 63 -7 0
-8 58 63 0
-57 -17 32 0
-51 45 -32 0
-32 -21 -22 0
21 -43 -13 0
19 -35 7 0
52 -21 56 0
10 -31 55 0
-12 -1 -38 0
6 -51 23 0
-37 -22 -14 0
63 13 24 0
-2 -20 -14 0
62 -21 41 0
-16 4 -64 0
42 -10 46 0
6 -48 -27 0
-47 -16 50 0
-6 -30 60 0
-47 11 -57 0
7 16 -63 0
55 -26 25 0
-43 -7 40 0
-13 -5 48 0
-17 -52 -48 0
-60 -4 37 0
42 -9 20 0
-52 43 -6 0
23 -7 9 0
9 -39 46 0
-4 37 43 0
-4 -60 -42 0
-17 16 31 0
16 -42 63 0
-33 58 56 0
12 56 15 0
29 -4 -66 0
1 60 -52 0
65 -53 64 0
6 -44 -35 0
62 1 50 0
-1 -59 -19 0
-33 14 50 0
38 9 63 0
-44 30 18 0
3 35 -37 0
-21 58 35 0
66 -63 -56 0
54 -45 59 0
46 59 37 0
54 -56 -6 0
47 9 66 0
-39 -65 1 0
54 -36 12 0
27 7 -33 0
-33 -20 14 0
23 -51 37 0
14 -47 55 0
-29 -49 -62 0
52 29 16 0
-10 -28 -11 0
-22 65 2 0
10 25 63 0
-48 60 -3 0
-33 -58 -66 0
-19 -14 21 0
-23 -32 -66 0
54 -55 63 0
31 56 43 0
4 37 52 0
-19 26 -47 0
-29 56 -48 0
45 48 50 0
59 28 57 0
37 -36 65 0
52 -12 -51 0
