p 45 191
25 -37 -14 0
37 10 16 0
-11 32 -42 0
-5 -42 -36 0
27 25 44 0
-10 -22 -29 0
-23 -13 -29 0
-9 -31 16 0
42 -43 33 0
-12 -11 -20 0
21 -23 -27 0
-43 -36 -15 0
-42 -38 -45 0
10 28 25 0
13 -37 30 0
-41 37 2 0
-13 24 34 0
40 32 -9 0
1 -6 -35 0
3 -1 39 0
-3 4 30 0
20 11 -44 0
9 43 18 0
-30 36 20 0
-15 43 28 0
31 -25 -41 0
-2 -31 -32 0
5 -45 11 0
-20 26 -30 0
38 -36 4 0
1 -20 25 0
-10 15 9 0
-16 -12 22 0
20 40 1 0
34 -16 -4 0
-23 -3 45 0
-1 36 -3 0
-17 -38 21 0
-43 -30 42 0
19 -30 35 0
27 -6 -31 0
-17 3 11 0
6 -39 2 0
-4 32 16 0
-20 5 17 0
44 -26 34 0
-29 13 27 0
14 -17 43 0
-24 2 -6 0
-39 -26 37 0
33 29 -21 0
1 -19 15 0
-33 -35 13 0
40 -8 2 0
-12 26 11 0
15 37 -27 0
-5 -25 7 0
-15 -3 -4 0
25 -34 6 0
-31 -18 -11 0
3 40 37 0
39 -9 33 0
10 -8 28 0
1 3 -43 0
40 30 28 0
-9 21 -33 0
13 -7 39 0
6 41 -18 0
-32 -45 -24 0
-1 17 -16 0
7 -26 -39 0
15 35 -31 0
11 25 24 0
2 12 39 0
-14 -16 -34 0
1 -18 12 0
43 13 -12 0
11 25 8 0
-41 31 9 0
17 -5 -22 0
-42 38 18 0
-17 -45 -2 0
21 -40 20 0
-31 -3 42 0
5 -21 17 0
-45 -34 28 0
-35 34 -20 0
-41 -31 34 0
-17 -9 -10 0
-2 15 23 0
38 45 -11 0
-9 7 -44 0
-44 24 40 0
-21 15 -44 0
-25 -27 -19 0
-37 -36 32 0
-35 -17 21 0
24 -10 43 0
-30 15 9 0
3 -22 -32 0
44 -12 24 0
17 5 1 0
35 -28 -13 0
-25 -35 -3 0
-6 42 9 0
18 -20 19 0
-7 -30 -12 0
24 -16 41 0
-4 34 -11 0
-39 -3 -19 0
-33 -38 45 0
-10 -27 -32 0
-29 17 -42 0
-17 23 -27 0
-13 16 -12 0
-2 16 14 0
-12 -7 -22 0
-34 -24 5 0
-34 -32 -24 0
-40 38 -7 0
3 11 35 0
-39 -8 -28 0
36 38 19 0
-30 -2 -34 0
-15 25 20 0
44 7 26 0
-18 24 28 0
16 -33 -34 0
11 -31 -30 0
2 -33 -44 0
42 -7 27 0
35 45 -44 0
37 -13 -25 0
-29 -27 -19 0
-33 -36 -19 0
44 -28 -42 0
-10 -43 -23 0
8 -14 26 0
23 -4 -14 0
22 44 21 0
-8 -30 41 0
-41 1 38 0
-23 -13 -2 0
28 -21 -33 0
-2 42 -36 0
18 31 15 0
36 23 2 0
-42 -25 -33 0
-35 -11 41 0
-18 16 -5 0
15 -24 -17 0
-43 -3 44 0
-8 -22 18 0
11 6 -24 0
19 1 18 0
41 -31 6 0
16 -24 -35 0
-45 13 -14 0
-32 41 36 0
-5 -1 13 0
21 -31 -7 0
-17 31 37 0
42 -18 -38 0
-42 18 2 0
-28 31 -6 0
6 -22 43 0
-17 33 28 0
45 -25 -22 0
-25 -10 39 0
27 30 5 0
32 5 38 0
4 -3 31 0
32 -15 -27 0
-39 36 31 0
-15 -30 -45 0
-5 7 -23 0
-12 30 42 0
36 3 23 0
9 34 -43 0
35 -28 25 0
-40 38 -28 0
14 28 17 0
-45 -3 -38 0
-26 38 12 0
37 -41 -15 0
9 45 -18 0
-7 43 -30 0
4 7 -43 0
27 -30 -13 0
-42 -19 -18 0
-27 -6 40 0
