p 95 404
7 28 89 0
19 63 11 0
-28 78 -36 0
13 -16 -43 0
40 -73 -38 0
-27 -64 -38 0
-27 -41 -90 0
-25 -5 37 0
-17 -12 -83 0
26 -60 -19 0
8 -54 -61 0
-45 -68 91 0
-66 38 31 0
77 36 -12 0
-22 21 -46 0
59 -57 -50 0
67 90 -81 0
-87 29 17 0
-7 -17 84 0
-51 37 10 0
-89 -14 -91 0
-48 -89 41 0
66 10 -31 0
-75 89 -6 0
94 32 92 0
-34 -11 -95 0
-29 -36 84 0
-84 25 43 0
67 7 91 0
74 60 56 0
85 -24 20 0
69 37 -92 0
92 -84 4 0
6 67 12 0
-39 -30 -41 0
-29 -87 16 0
-23 -72 75 0
-70 86 38 0
60 -19 -91 0
36 -79 52 0
-92 57 -37 0
-87 51 -78 0
51 63 81 0
32 21 -45 0
-11 -74 32 0
-56 69 64 0
29 37 81 0
-41 -56 -75 0
94 29 26 0
30 89 71 0
-72 45 -83 0
60 -17 -92 0
57 -81 60 0
-62 -81 19 0
-92 85 66 0
-55 2 -68 0
-10 78 -77 0
-29 81 21 0
-6 76 -11 0
37 18 79 0
-17 -64 91 0
-48 62 -93 0
-15 52 -21 0
-16 29 33 0
-8 -1 -34 0
-58 -27 -16 0
-43 -49 15 0
-79 -71 -18 0
-40 -22 -75 0
66 -82 33 0
37 -92 54 0
-23 -17 37 0
-14 -5 67 0
-54 65 80 0
69 22 -9 0
-54 -56 23 0
22 69 66 0
25 -56 73 0
72 -41 13 0
41 -32 -77 0
-34 56 92 0
-64 -19 31 0
39 -54 -18 0
-25 84 23 0
-53 -15 95 0
-73 -29 94 0
28 84 90 0
-34 58 77 0
72 -55 -2 0
75 62 -50 0
64 47 17 0
60 5 78 0
26 -55 5 0
88 -45 10 0
37 7 28 0
83 27 21 0
-88 48 -63 0
70 -51 -58 0
31 -3 70 0
-61 53 -16 0
11 81 47 0
-56 33 74 0
16 50 -79 0
-16 -22 -88 0
-37 -76 -49 0
78 75 -57 0
83 -20 2 0
43 -7 -91 0
85 -95 -16 0
-88 28 -21 0
-81 51 -71 0
-61 85 22 0
89 3 12 0
62 31 -84 0
-36 83 52 0
-89 -65 -39 0
-23 -39 53 0
31 64 -79 0
-75 7 -36 0
11 23 -65 0
-6 -1 -29 0
16 11 -30 0
-11 39 7 0
-38 40 -30 0
81 -83 -69 0
-38 -88 -62 0
30 -20 43 0
-51 79 80 0
91 32 50 0
-92 61 10 0
29 89 -9 0
34 94 -76 0
81 -10 -39 0
56 -94 34 0
-38 55 -50 0
32 -44 28 0
-38 25 39 0
41 -39 -76 0
18 41 -12 0
-9 -91 39 0
-18 41 42 0
90 -81 11 0
-62 92 48 0
-53 -90 -50 0
-83 -53 -59 0
70 49 61 0
83 90 86 0
-26 -93 -53 0
77 -32 30 0
92 63 61 0
88 -53 2 0
5 56 -47 0
49 93 52 0
-49 46 66 0
-10 -13 -77 0
-8 4 -61 0
76 46 -20 0
-45 -28 -12 0
49 -10 -25 0
1 27 -77 0
27 -20 74 0
-6 -38 -32 0
-22 23 -71 0
86 -76 84 0
-17 -82 1 0
-12 84 -87 0
83 64 -51 0
80 -58 9 0
7 51 -14 0
-94 -40 -14 0
-64 91 -18 0
88 -63 -93 0
-82 -78 -67 0
47 -24 -82 0
-35 6 -21 0
84 -26 54 0
-65 -35 -7 0
-78 37 -11 0
-24 59 36 0
10 22 69 0
85 61 -63 0
-42 45 -59 0
-26 -41 -68 0
52 72 -22 0
87 55 19 0
-7 -29 27 0
95 -17 10 0
31 -58 -29 0
3 73 -60 0
-78 -53 -56 0
4 -2 95 0
-44 -58 52 0
14 57 29 0
-73 57 -51 0
-59 84 -51 0
69 -24 64 0
-21 -51 47 0
-2 80 -62 0
72 12 -43 0
-25 95 -14 0
12 -5 -22 0
95 7 -44 0
-46 -63 71 0
63 -29 27 0
-73 -39 21 0
-44 33 79 0
-61 -72 -87 0
11 24 17 0
-58 -36 -14 0
39 43 63 0
-7 62 -81 0
91 53 24 0
6 -15 -51 0
47 33 -93 0
-84 -2 -17 0
53 49 48 0
85 -8 -26 0
10 18 75 0
42 66 -43 0
-23 -51 -4 0
24 -38 28 0
91 41 22 0
-57 -56 52 0
48 77 8 0
54 -52 74 0
-32 21 -18 0
-33 -70 -87 0
-59 69 -38 0
-27 -92 11 0
-53 -28 -86 0
84 49 80 0
76 -84 -22 0
-11 -40 -30 0
67 -13 7 0
24 25 -73 0
46 31 33 0
10 35 -30 0
-59 36 -87 0
19 38 -59 0
-57 38 37 0
-93 35 -73 0
-27 -94 -30 0
-70 -35 49 0
-91 29 -7 0
-2 38 -72 0
-21 -65 64 0
82 -28 26 0
45 84 69 0
21 80 -70 0
-42 -61 7 0
71 7 40 0
10 -44 11 0
54 -44 -91 0
40 -8 17 0
77 66 41 0
41 -43 -44 0
83 -21 -31 0
33 -55 95 0
78 47 -46 0
-14 22 32 0
-24 86 68 0
62 15 -64 0
-1 -7 -16 0
65 40 26 0
-50 -69 76 0
25 -84 67 0
-70 -18 -84 0
-68 40 67 0
-82 74 -83 0
58 92 12 0
-34 -20 32 0
-10 48 -21 0
69 -34 -41 0
-84 95 55 0
-16 19 -32 0
-95 -25 -83 0
65 26 71 0
-38 57 -12 0
-20 -72 -89 0
78 -69 -60 0
-34 -65 18 0
46 -15 92 0
-84 -43 -2 0
20 -49 16 0
-93 57 -5 0
-59 -46 26 0
50 18 -66 0
34 35 45 0
70 87 76 0
85 -37 -73 0
-4 -14 84 0
19 35 71 0
4 89 56 0
-68 78 -28 0
-14 38 2 0
-52 -41 -21 0
50 40 20 0
-63 8 37 0
-40 -10 38 0
84 38 35 0
7 -69 -42 0
-11 91 57 0
84 -14 -34 0
71 50 81 0
38 33 -52 0
3 59 90 0
8 -67 -85 0
-87 88 58 0
-62 33 52 0
-18 -68 -70 0
2 -83 -62 0
51 52 -94 0
84 -94 47 0
19 -82 -84 0
89 -59 -49 0
36 -60 -19 0
74 60 -43 0
-68 20 14 0
-46 86 77 0
-94 70 66 0
-39 64 -59 0
73 38 24 0
-19 36 -75 0
19 -42 -68 0
-10 -80 94 0
-50 -18 -86 0
27 34 -57 0
-41 68 -87 0
-3 -89 -15 0
94 -17 -14 0
38 -9 -35 0
-86 45 -70 0
-70 -17 39 0
36 25 -28 0
61 -79 90 0
-24 88 -94 0
-67 -18 -32 0
51 78 49 0
7 -46 -11 0
85 45 66 0
-71 -43 -44 0
33 54 -29 0
-35 -92 -74 0
-47 -59 13 0
-58 -17 -68 0
28 16 -88 0
-79 -34 35 0
89 42 -44 0
6 8 92 0
23 -56 59 0
-35 66 -13 0
83 -68 -26 0
-94 -71 38 0
-70 -85 13 0
93 -50 49 0
-52 47 -29 0
-48 13 -82 0
-68 7 16 0
-17 51 35 0
-54 29 78 0
-78 -4 -87 0
-66 83 47 0
83 69 -81 0
-83 14 -24 0
4 22 56 0
14 -37 -17 0
-7 51 92 0
-49 -60 -7 0
-43 -62 19 0
7 -87 53 0
54 5 -16 0
-29 -38 11 0
32 23 92 0
-81 -30 68 0
-22 30 -63 0
-52 -14 3 0
-60 -12 26 0
-24 -29 -71 0
6 -46 20 0
23 -61 19 0
-42 -82 84 0
5 -14 79 0
21 -2 48 0
45 52 90 0
93 -77 34 0
59 72 52 0
-58 -71 -34 0
46 -84 67 0
26 37 -94 0
81 36 -8 0
-53 23 43 0
-28 -87 45 0
-65 29 92 0
90 29 -30 0
69 81 18 0
57 -80 -53 0
-39 91 -77 0
40 54 73 0
93 73 44 0
-17 -55 -27 0
-51 95 40 0
-59 31 94 0
71 -31 -59 0
-81 -41 7 0
