p 26 110
4 15 14 0
-20 1 17 0
26 -15 10 0
9 -10 14 0
20 18 -7 0
-26 -24 -10 0
17 -25 -23 0
13 5 15 0
-19 12 11 0
18 -5 -14 0
23 -19 -25 0
4 14 -17 0
1 -18 -16 0
22 26 -6 0
6 2 -18 0
-4 -22 6 0
-15 1 22 0
-14 -24 15 0
-5 22 4 0
-15 -24 -10 0
24 11 14 0
1 2 -26 0
-20 6 -12 0
11 6 -7 0
3 -21 4 0
-13 -15 24 0
8 -17 -21 0
4 21 -9 0
-10 13 3 0
2 -24 19 0
12 25 11 0
26 -10 -23 0
-23 -19 -3 0
26 -3 -7 0
19 -9 -14 0
8 -12 -23 0
-3 -24 -10 0
21 5 -25 0
8 -4 20 0
-10 -18 -14 0
-12 -17 -21 0
14 -22 9 0
-1 -19 -6 0
-13 5 -26 0
2 13 24 0
-21 -13 -1 0
15 -13 -3 0
24 -8 -10 0
11 -18 -15 0
-22 14 17 0
-1 -9 -14 0
26 6 -4 0
-17 -16 8 0
13 25 19 0
16 26 18 0
4 -23 -9 0
7 21 9 0
-6 -5 24 0
-20 -10 -7 0
23 17 15 0
-6 11 9 0
21 -17 16 0
12 -19 4 0
21 16 6 0
5 -3 -4 0
8 -19 -16 0
17 -7 -15 0
19 12 10 0
-16 -6 12 0
-16 -11 -17 0
-8 -2 -6 0
22 -8 1 0
25 22 -24 0
3 -11 -4 0
15 -18 17 0
-10 -5 12 0
-24 -15 -14 0
15 -2 -9 0
25 26 -18 0
-1 13 -6 0
-25 -16 1 0
-8 -16 15 0
25 -11 -9 0
1 2 20 0
20 4 -18 0
-5 11 -14 0
25 -15 13 0
23 -10 14 0
12 24 19 0
-11 3 -20 0
18 8 17 0
18 12 24 0
3 -20 -6 0
-25 1 -11 0
8 19 -21 0
22 13 17 0
-18 3 13 0
21 24 -11 0
-10 -15 -25 0
-19 -14 25 0
16 1 23 0
13 21 17 0
-22 -14 -4 0
5 4 -1 0
-7 17 -22 0
-5 -17 -10 0
16 15 22 0
-23 -15 12 0
8 7 25 0
-16 -25 -13 0
