p 33 140
5 22 -30 0
12 26 -7 0
11 16 -2 0
3 -6 -21 0
-3 9 5 0
16 -26 33 0
32 -6 1 0
10 22 -12 0
13 -25 -7 0
-11 28 -13 0
7 -14 32 0
31 -20 -29 0
-33 -3 -31 0
-28 -30 4 0
2 15 19 0
23 22 -4 0
-27 -2 -21 0
-31 -3 17 0
-20 -31 29 0
4 -23 -22 0
-18 -21 -20 0
11 8 2 0
-18 -23 30 0
-7 -29 9 0
-29 27 -5 0
3 -9 -33 0
22 -11 -6 0
-12 -2 -33 0
-7 29 2 0
19 8 -9 0
7 -1 10 0
-5 11 -22 0
26 2 30 0
6 -23 -11 0
-23 -13 28 0
30 20 -1 0
18 20 -26 0
-17 -5 21 0
23 -31 13 0
-15 -17 14 0
-14 -19 -26 0
7 22 -18 0
-6 -19 23 0
12 21 1 0
-15 -26 25 0
-31 -27 -25 0
-24 -17 23 0
18 -4 8 0
32 7 21 0
-22 -8 1 0
-28 -29 15 0
12 8 25 0
-6 13 33 0
-31 19 1 0
-14 7 29 0
25 10 -27 0
-10 13 12 0
5 -20 27 0
30 -6 19 0
14 8 -2 0
11 33 19 0
18 -26 -10 0
3 1 -21 0
-10 26 -2 0
-26 -27 -4 0
15 8 12 0
-25 6 -16 0
-20 14 12 0
-24 -19 13 0
-16 6 -10 0
-18 8 15 0
-21 4 -7 0
-24 25 12 0
-13 12 29 0
-27 8 4 0
-6 13 -12 0
12 -9 1 0
-5 28 26 0
22 27 3 0
-6 20 5 0
-28 32 -6 0
-7 20 24 0
-28 20 -21 0
-10 -32 22 0
-32 1 -15 0
-2 -33 14 0
-6 -29 2 0
22 -10 -28 0
4 27 -16 0
-18 23 11 0
-19 33 -11 0
21 3 18 0
19 -14 -25 0
20 -15 -1 0
18 -23 1 0
23 24 -7 0
-33 -27 30 0
-1 22 11 0
23 -24 -26 0
-13 23 9 0
-24 -21 26 0
11 31 -14 0
29 2 -31 0
27 -14 26 0
21 19 -6 0
-26 -4 -29 0
-13 -5 -24 0
-18 12 -3 0
-33 21 -32 0
-11 -8 -29 0
-29 -28 4 0
27 20 -25 0
-23 -19 20 0
-33 3 10 0
-12 28 -30 0
-9 -14 28 0
-12 -4 27 0
-7 -17 5 0
16 24 -6 0
-25 -29 26 0
-3 2 24 0
-8 33 25 0
32 -23 -15 0
-18 -29 20 0
-33 -29 19 0
-6 -13 -11 0
-26 -18 -8 0
10 22 33 0
15 -18 -23 0
-18 30 -17 0
27 3 -16 0
-5 3 -9 0
9 -15 -22 0
15 23 16 0
-13 -28 -11 0
-13 18 -22 0
24 -18 32 0
5 -31 -13 0
-17 22 12 0
4 18 19 0
