p 26 110
14 -9 -8 0
-4 -9 -18 0
-20 -12 15 0
1 -21 -24 0
-10 -21 -13 0
11 21 -6 0
-8 -26 17 0
-6 8 11 0
-6 -11 25 0
-8 9 -2 0
-19 -22 -18 0
-16 20 -26 0
1 2 -8 0
-4 25 -21 0
2 -16 -8 0
10 -8 17 0
15 -25 14 0
-11 21 -1 0
-23 -7 1 0
17 -13 11 0
-21 -9 2 0
-10 -15 -8 0
-11 -9 -16 0
25 20 11 0
3 10 -19 0
11 17 23 0
-4 -6 17 0
-7 -10 15 0
-25 19 -1 0
3 9 -8 0
26 -18 -13 0
6 -26 -18 0
16 10 -25 0
3 5 -9 0
-22 6 9 0
20 17 3 0
-23 19 -9 0
-3 -6 -19 0
1 -6 -21 0
-16 -26 -11 0
26 -21 -6 0
-9 24 26 0
12 -15 -3 0
-25 -9 -10 0
22 11 -8 0
10 -17 -5 0
-7 -25 17 0
-24 -23 -1 0
3 7 -5 0
-11 10 -3 0
-14 4 5 0
15 -10 -21 0
23 -20 26 0
3 8 11 0
-23 -19 -16 0
-13 15 19 0
26 -14 12 0
1 -20 7 0
19 5 -1 0
-10 -24 -9 0
18 -11 2 0
-13 -23 -16 0
-5 17 3 0
-10 -13 9 0
-16 14 23 0
-1 20 -22 0
16 2 3 0
1 -19 -8 0
10 2 -1 0
-25 11 16 0
8 6 15 0
-5 -10 -13 0
-10 16 -1 0
-6 17 9 0
-15 -21 10 0
2 21 17 0
-25 23 -19 0
24 6 -13 0
-1 -15 -22 0
19 3 1 0
7 8 2 0
-4 -14 20 0
-13 25 1 0
21 -4 5 0
17 -7 -6 0
12 -15 -6 0
-8 16 22 0
23 19 11 0
3 2 -11 0
-24 -22 -26 0
22 6 24 0
22 15 -20 0
-16 12 -23 0
16 23 10 0
-6 25 -9 0
-22 -2 -17 0
5 -23 3 0
-15 -3 -18 0
25 -5 19 0
-7 -19 -2 0
-13 8 -15 0
-7 -20 4 0
-21 -26 3 0
4 -1 10 0
-14 4 -1 0
-17 -7 -5 0
-14 -13 25 0
9 25 -26 0
11 -10 8 0
19 -18 3 0
