p 24 102
-11 -3 17 0
19 9 -8 0
-1 -7 14 0
-23 -6 2 0
23 6 13 0
-16 7 -22 0
-17 -3 4 0
11 1 7 0
-9 -7 -5 0
8 19 13 0
21 7 18 0
-9 -13 -23 0
-10 3 -5 0
-24 19 -7 0
15 -1 -3 0
1 7 15 0
3 8 -5 0
14 -12 9 0
-18 11 -9 0
14 1 15 0
7 -10 -3 0
-2 24 -22 0
4 15 18 0
20 -11 18 0
12 -13 -11 0
-20 18 8 0
6 13 -3 0
5 -10 -16 0
19 -10 23 0
-16 20 23 0
21 -10 3 0
7 21 15 0
19 -17 -12 0
8 -9 23 0
-16 -10 -20 0
-9 -16 2 0
-1 3 -19 0
10 15 4 0
10 13 -24 0
-21 8 -5 0
-17 13 -9 0
-24 8 1 0
-22 -8 -19 0
-21 7 20 0
1 5 -24 0
-10 -21 -3 0
-2 -17 23 0
-8 6 15 0
-18 -21 24 0
8 11 2 0
-12 -21 -10 0
14 -6 8 0
18 -7 -5 0
19 -7 -18 0
23 -2 3 0
-3 10 11 0
-23 -6 -17 0
-4 5 -24 0
-2 -11 -22 0
20 21 -9 0
-20 -7 -24 0
-21 8 4 0
-9 24 -6 0
-4 13 1 0
15 -2 12 0
9 -6 16 0
-6 22 -20 0
-18 9 22 0
-3 -8 9 0
11 23 -18 0
-19 -7 -3 0
1 -20 -12 0
21 4 7 0
23 -20 12 0
-16 19 -15 0
-14 21 2 0
9 2 -23 0
9 5 -10 0
-20 23 -18 0
-12 -7 6 0
-14 6 -16 0
-11 -2 -24 0
-3 -21 19 0
18 10 -19 0
-20 23 13 0
6 -18 14 0
-2 -11 3 0
17 -13 4 0
18 1 -17 0
21 7 18 0
9 -11 17 0
-17 -1 8 0
-11 -2 -8 0
-4 18 -16 0
-14 -3 -5 0
7 11 -9 0
20 -13 2 0
10 -21 20 0
17 -22 -19 0
9 -2 -17 0
-18 -5 -10 0
-16 2 6 0
