p 46 195
-38 25 -21 0
8 -11 -34 0
-10 46 -30 0
10 -41 7 0
-20 11 29 0
42 41 16 0
-11 -45 -19 0
-29 -20 -33 0
27 26 13 0
-34 -1 -15 0
-20 -31 -29 0
43 -31 -20 0
23 43 2 0
30 -2 3 0
31 -4 25 0
-24 -30 -41 0
-30 22 18 0
16 46 39 0
3 37 28 0
36 -5 -32 0
-9 -45 3 0
42 30 -24 0
-32 -38 46 0
39 -41 -27 0
28 -12 -7 0
38 -20 30 0
-27 32 22 0
3 18 -13 0
40 1 21 0
-16 -40 21 0
33 5 24 0
-18 -16 -5 0
41 -42 -17 0
-2 -41 -8 0
46 10 -31 0
17 -30 -31 0
-27 -35 18 0
-8 -17 -35 0
-22 -27 -19 0
29 46 14 0
33 -35 -2 0
27 -36 10 0
-16 -30 -22 0
3 -43 -18 0
19 -5 32 0
-23 22 46 0
35 -16 34 0
18 -8 44 0
-6 -21 -12 0
-15 -8 -24 0
35 -17 21 0
-34 4 -46 0
41 -33 30 0
11 -42 35 0
41 -15 35 0
39 19 -31 0
40 -25 10 0
34 -41 38 0
-30 16 17 0
-41 -33 -46 0
-10 -39 -33 0
-32 -19 -41 0
13 -33 -26 0
-12 -6 3 0
-35 21 46 0
-43 -46 41 0
46 -7 39 0
34 35 18 0
22 3 -6 0
-29 -13 -17 0
8 39 18 0
4 -15 -27 0
14 4 -1 0
37 -26 45 0
39 33 -3 0
-11 25 -7 0
-10 -46 -24 0
9 -5 17 0
5 37 9 0
-42 -21 17 0
11 -16 -46 0
45 2 -46 0
1 -19 -25 0
44 4 -33 0
-18 -37 -35 0
34 -2 -16 0
-35 -15 -32 0
33 -42 -16 0
40 21 8 0
-18 -5 -6 0
2 -25 -36 0
-41 46 -5 0
7 41 -1 0
-3 23 -44 0
46 -1 38 0
19 -33 46 0
15 16 -42 0
-21 42 -18 0
-9 -15 42 0
-42 30 7 0
18 -44 -29 0
39 -45 4 0
-13 5 38 0
10 -9 -35 0
-46 30 -15 0
-25 18 13 0
28 38 -3 0
7 12 39 0
44 42 5 0
46 -45 -38 0
-36 -21 37 0
39 36 -33 0
-32 43 -36 0
-2 -9 -14 0
25 -20 -41 0
-13 -11 32 0
10 -33 16 0
-44 20 45 0
1 -28 -2 0
-32 -44 -31 0
36 39 -7 0
46 -13 16 0
25 7 5 0
-46 8 19 0
34 5 -44 0
-36 -5 -42 0
-38 19 34 0
-23 22 -17 0
-9 45 2 0
21 -2 -5 0
-10 39 -35 0
-43 -18 -7 0
-15 44 1 0
-43 -7 17 0
-11 5 29 0
42 28 -10 0
-28 -38 -44 0
44 -3 -35 0
-19 -9 7 0
22 34 16 0
-31 -30 -33 0
-30 -14 -9 0
16 21 24 0
-21 -13 39 0
-2 -20 8 0
14 11 -24 0
7 12 -27 0
-25 -13 22 0
-5 30 26 0
26 13 -34 0
-27 46 13 0
8 35 11 0
22 -36 -18 0
-28 -10 4 0
17 14 -28 0
-42 -30 -11 0
-27 9 -36 0
-11 -9 6 0
-20 -45 -19 0
32 22 21 0
38 -40 -37 0
43 3 -33 0
-11 38 26 0
5 4 21 0
-3 -38 14 0
25 -30 -21 0
27 -8 4 0
31 -15 -4 0
-30 -27 13 0
7 1 -12 0
-3 -12 -7 0
44 3 -36 0
13 -11 28 0
5 6 10 0
24 -38 -7 0
-7 -22 21 0
-25 9 -20 0
-12 -20 44 0
1 -15 31 0
27 -11 -24 0
-18 35 -30 0
24 42 -30 0
4 -31 41 0
-7 -20 -39 0
-16 -15 -6 0
21 -1 13 0
-11 -12 21 0
-28 42 26 0
-33 -14 12 0
-23 -32 30 0
17 29 26 0
-14 22 -23 0
-7 2 10 0
-38 -16 33 0
-43 13 -34 0
