p 69 293
62 -5 -36 0
29 -51 -9 0
-41 10 31 0
17 -42 41 0
24 38 -25 0
36 -28 62 0
-36 13 55 0
-37 2 18 0
-48 -57 17 0
-59 -7 2 0
-43 -38 -24 0
-45 -26 -25 0
35 -69 18 0
49 -33 -43 0
26 18 -3 0
47 31 -48 0
-31 -29 -8 0
33 -5 63 0
57 41 12 0
60 -56 53 0
50 8 -17 0
7 -52 -30 0
-45 61 -15 0
64 23 -4 0
-12 59 -2 0
-12 -55 -57 0
-69 1 45 0
4 63 -18 0
35 9 -30 0
-51 27 34 0
8 5 -60 0
66 -31 -28 0
7 48 21 0
-57 -60 -11 0
38 -50 -2 0
-26 12 68 0
-27 -22 1 0
54 51 9 0
-45 -25 -43 0
-62 50 -58 0
-7 -42 -48 0
-20 -12 25 0
-25 -67 45 0
-37 39 -65 0
-4 24 -48 0
61 -20 -59 0
-28 -29 -44 0
-45 7 -46 0
-18 -30 -22 0
-12 33 47 0
27 -15 16 0
-62 33 -16 0
-13 -39 63 0
36 33 -17 0
-43 -19 24 0
-43 5 -53 0
47 36 -31 0
30 -17 -48 0
-28 67 -48 0
-60 64 -10 0
-16 56 -27 0
-48 4 -51 0
-1 57 66 0
60 -64 39 0
-49 -69 43 0
52 68 41 0
-4 29 35 0
69 -31 -52 0
57 -16 -13 0
-55 51 -54 0
44 -6 68 0
31 -47 -32 0
25 3 6 0
55 21 -30 0
54 -41 3 0
-5 24 -42 0
15 53 61 0
-30 16 63 0
30 15 25 0
42 67 -6 0
-2 -30 3 0
39 64 11 0
37 -22 -5 0
-25 19 6 0
18 62 -12 0
-52 -16 50 0
-31 39 -12 0
69 46 39 0
-62 26 19 0
41 24 -45 0
-2 -69 -29 0
27 -21 -5 0
-16 65 -58 0
-10 59 32 0
18 -30 22 0
-1 36 21 0
-10 -23 -65 0
38 -36 2 0
-47 -27 32 0
-47 17 10 0
-44 -35 -56 0
-32 49 47 0
8 -59 65 0
-38 -63 -4 0
62 31 -47 0
-68 -39 63 0
54 -16 49 0
-10 44 15 0
22 37 -55 0
36 -18 13 0
-3 4 -10 0
28 -37 10 0
-45 37 -67 0
28 25 -66 0
-55 -8 50 0
-2 -44 19 0
37 -18 -66 0
56 -19 20 0
29 -54 -28 0
60 17 65 0
-7 -64 61 0
-66 -25 -47 0
68 -29 -2 0
-4 21 56 0
-17 35 -24 0
2 18 13 0
-47 32 40 0
-16 -13 -11 0
12 35 53 0
9 -29 65 0
-34 15 22 0
9 31 48 0
-35 -11 67 0
-30 -68 23 0
-32 52 7 0
-45 28 18 0
18 29 -60 0
-27 51 -44 0
66 2 -12 0
-26 10 -17 0
60 -23 -10 0
-38 26 39 0
-42 -36 -16 0
32 -12 -2 0
-66 31 -69 0
-57 -18 -55 0
37 -39 3 0
24 36 4 0
1 -20 -36 0
-2 16 -8 0
-57 28 -9 0
31 -46 -59 0
-66 -33 -60 0
23 20 -2 0
-68 25 16 0
-53 9 4 0
60 -33 64 0
26 -36 -51 0
-56 17 32 0
-33 -46 -17 0
53 8 19 0
56 -23 -51 0
8 -66 -68 0
-65 55 -63 0
21 -63 -44 0
-30 45 -39 0
7 -45 64 0
31 20 -35 0
-56 53 -18 0
-16 37 -15 0
23 -33 -38 0
4 20 -49 0
53 -32 -54 0
-22 -20 62 0
-37 67 18 0
-8 52 20 0
-56 33 -51 0
39 -21 41 0
-65 -37 38 0
18 12 -32 0
21 -65 -6 0
-64 21 -45 0
30 6 -7 0
60 52 38 0
11 -46 -14 0
-41 2 -54 0
39 -50 -21 0
-61 -55 14 0
13 16 37 0
-52 -66 -36 0
-31 16 29 0
-6 -27 -12 0
-33 54 9 0
-12 63 50 0
-64 -69 -61 0
-28 55 -20 0
51 -3 30 0
-20 4 -24 0
65 -55 59 0
14 37 -63 0
-55 -39 -46 0
11 -68 21 0
69 33 -58 0
-14 -28 57 0
-45 44 -43 0
25 59 -1 0
-46 23 6 0
9 -69 -45 0
5 -14 61 0
-49 -3 -26 0
31 38 -51 0
25 -9 19 0
-3 -39 26 0
53 2 58 0
9 60 -56 0
34 -26 -68 0
-18 -67 -41 0
1 57 30 0
-65 -53 63 0
-17 -68 41 0
11 25 28 0
-46 -52 -21 0
59 -45 60 0
-37 4 63 0
-28 1 -2 0
-67 -5 32 0
-65 51 -14 0
-53 -5 -59 0
46 -64 33 0
-46 15 -61 0
33 -48 65 0
-55 19 14 0
-55 12 19 0
-9 -8 42 0
47 59 -45 0
-61 -38 69 0
-69 -63 -64 0
64 -32 26 0
-65 42 -39 0
29 -27 30 0
-4 -40 -27 0
-12 -55 18 0
-8 -59 -5 0
-32 44 28 0
16 34 -14 0
-56 -15 49 0
55 -1 -61 0
38 -45 -40 0
-26 41 -23 0
-21 1 -8 0
-1 -29 3 0
-61 -11 14 0
46 -65 30 0
11 63 -10 0
44 -49 45 0
-54 65 -32 0
-37 4 -1 0
43 -22 -18 0
-37 65 -60 0
-29 -56 8 0
-53 63 69 0
2 -69 47 0
8 67 -17 0
64 -3 35 0
55 46 11 0
12 -34 -58 0
-37 18 35 0
-6 27 -53 0
-4 -39 49 0
65 52 -15 0
10 -63 20 0
-42 15 -1 0
58 -9 16 0
6 68 -40 0
-45 5 32 0
-5 13 51 0
40 -38 -22 0
-34 -59 64 0
-36 24 58 0
-33 -50 47 0
34 31 -6 0
10 2 -36 0
-46 41 -5 0
18 27 -34 0
-21 26 -51 0
-55 35 16 0
45 -5 7 0
2 -35 48 0
22 64 54 0
-16 4 7 0
-36 -58 35 0
-36 68 67 0
34 -8 -52 0
