p 79 336
-78 -44 79 0
-49 43 79 0
-59 73 -12 0
56 79 -42 0
-3 14 -53 0
-49 -18 -7 0
-73 69 -64 0
-54 73 68 0
-49 76 51 0
-14 26 59 0
50 19 38 0
72 -71 45 0
5 -54 59 0
-52 2 32 0
-10 -32 55 0
8 71 53 0
3 -13 -62 0
71 -19 -41 0
35 -27 3 0
-77 -19 -42 0
-74 -2 -60 0
56 -10 40 0
29 26 16 0
52 -62 -47 0
43 27 12 0
30 35 -16 0
76 54 -43 0
-50 -57 -61 0
-1 -52 -72 0
41 -42 51 0
-59 68 -25 0
-6 35 -62 0
23 19 -76 0
78 79 -45 0
-71 46 11 0
-78 13 -2 0
-36 1 -30 0
22 27 60 0
13 51 -18 0
39 21 -46 0
31 68 34 0
33 39 35 0
74 64 35 0
-16 77 -70 0
70 21 -75 0
66 45 29 0
32 43 69 0
34 1 -78 0
53 -78 49 0
77 -24 73 0
29 -50 73 0
-35 42 2 0
60 -35 62 0
-19 -41 -71 0
40 18 6 0
12 16 29 0
71 61 -74 0
-40 -72 -41 0
41 73 -28 0
35 -13 72 0
28 -23 15 0
40 42 -70 0
-7 56 66 0
33 45 72 0
-12 -72 -60 0
39 77 53 0
-32 -28 51 0
15 -52 24 0
-13 60 40 0
26 -64 -63 0
-58 11 -16 0
49 -33 51 0
48 -54 -24 0
-20 -50 5 0
5 47 40 0
-65 -9 2 0
25 41 -23 0
-47 3 -36 0
-26 5 37 0
-41 -55 -70 0
46 -47 6 0
72 -55 63 0
42 40 -59 0
8 15 -16 0
-78 21 -5 0
-47 55 15 0
-4 -31 -69 0
19 -14 58 0
37 -67 60 0
-54 -26 -12 0
37 64 -3 0
51 -58 -1 0
-75 41 45 0
-42 48 -33 0
57 40 -17 0
-5 -10 45 0
-77 -13 64 0
-52 -28 10 0
58 -75 30 0
-43 -31 34 0
-73 -5 -65 0
69 6 -38 0
70 78 33 0
-18 -25 24 0
65 -4 -50 0
64 8 -3 0
56 69 76 0
79 19 -2 0
29 36 57 0
-46 -50 -32 0
-6 -47 -21 0
33 -54 29 0
-33 -61 -1 0
17 -74 18 0
-61 -48 -22 0
-11 -67 12 0
-22 -39 14 0
-65 33 73 0
38 18 42 0
33 72 46 0
12 -45 -59 0
46 57 -67 0
18 64 75 0
21 8 33 0
30 -25 -68 0
-68 -50 24 0
71 68 52 0
-2 41 79 0
65 -3 -16 0
-78 8 -2 0
-71 -10 -42 0
49 -50 -63 0
79 17 -25 0
49 63 67 0
-45 -54 -75 0
28 43 75 0
26 36 -63 0
56 25 -47 0
41 -3 -7 0
50 17 39 0
73 11 -46 0
36 44 29 0
65 -71 22 0
-78 69 77 0
33 57 41 0
16 -45 38 0
45 51 -26 0
2 35 -28 0
-37 40 69 0
25 32 -50 0
-71 33 20 0
56 -22 -73 0
15 12 31 0
-10 61 -71 0
63 21 49 0
17 60 34 0
48 9 -20 0
30 -20 60 0
-46 34 -65 0
7 -58 40 0
-63 3 47 0
-8 27 46 0
58 28 -77 0
-49 78 54 0
-14 11 -61 0
-43 -41 -10 0
-21 -43 -55 0
31 -46 -78 0
-13 65 48 0
-17 47 20 0
-4 -52 21 0
-56 49 68 0
59 30 13 0
-73 27 -55 0
-58 -8 -68 0
19 -34 55 0
-51 13 8 0
-9 -2 -49 0
54 43 21 0
-52 7 15 0
-50 -33 -48 0
65 62 68 0
40 41 -73 0
2 -38 -9 0
-49 -59 74 0
54 -57 5 0
2 60 -59 0
54 50 9 0
16 50 -63 0
-7 64 -46 0
66 41 -44 0
79 -59 43 0
59 -45 -69 0
70 -31 -50 0
-21 -60 -53 0
-13 1 -57 0
-76 -75 -58 0
-73 -44 -26 0
-33 -74 -66 0
-2 21 12 0
-17 30 33 0
-35 -54 -8 0
74 -13 -47 0
44 -34 3 0
74 64 47 0
1 74 12 0
-33 -64 -61 0
-41 -33 27 0
-15 -63 -3 0
-58 -36 55 0
16 74 -13 0
32 34 -46 0
24 -9 -32 0
-4 -73 -48 0
29 -44 -61 0
12 6 26 0
-8 70 54 0
45 19 55 0
-75 -26 -54 0
-26 -6 64 0
-16 51 60 0
40 36 -53 0
2 -14 -65 0
-78 -47 21 0
-69 22 -41 0
-35 75 74 0
-13 19 17 0
40 -71 -66 0
-71 48 58 0
72 -3 -12 0
49 57 -71 0
-18 46 21 0
36 -76 20 0
-7 -61 -57 0
13 -10 7 0
-15 -44 -61 0
36 68 8 0
61 34 8 0
-73 -11 30 0
34 -45 -9 0
22 65 67 0
74 -66 54 0
-63 -35 37 0
65 33 -66 0
78 59 35 0
56 -54 -48 0
-60 -76 -26 0
12 1 58 0
10 18 73 0
-24 -63 -54 0
25 -36 37 0
-10 76 -69 0
-73 74 45 0
45 51 -31 0
59 20 -3 0
-13 66 50 0
11 8 -66 0
-68 -60 -10 0
-69 -17 -50 0
20 19 -21 0
7 70 79 0
-4 8 -36 0
42 40 2 0
-9 -35 47 0
15 2 -24 0
6 58 -19 0
-13 -27 31 0
38 71 -48 0
15 -45 -76 0
-31 79 72 0
44 4 56 0
-69 48 -60 0
-36 50 -12 0
-59 79 76 0
-30 34 65 0
62 45 53 0
-10 -9 -78 0
40 4 -14 0
-15 -27 5 0
-19 -20 -70 0
43 38 56 0
-32 -16 24 0
64 -3 -76 0
57 -59 46 0
47 -28 41 0
-70 -3 -56 0
-17 -9 -62 0
16 22 -27 0
69 -72 -39 0
4 35 67 0
-74 -23 -38 0
43 -63 39 0
-77 30 59 0
70 45 4 0
-63 73 -3 0
69 62 -21 0
46 76 -72 0
51 3 -74 0
-20 -68 -51 0
78 -73 -45 0
-61 36 -75 0
56 29 -72 0
70 -67 -21 0
69 71 -13 0
-22 56 14 0
-74 3 -48 0
22 1 28 0
6 -62 -29 0
-24 38 43 0
31 -61 -66 0
-22 70 -77 0
-32 56 -30 0
47 64 -49 0
53 -62 68 0
67 36 -46 0
-18 60 -48 0
70 -41 -34 0
-47 41 43 0
-60 -58 25 0
33 -51 60 0
-34 73 -78 0
63 43 57 0
-61 51 -6 0
65 -74 -71 0
-52 4 69 0
-47 61 23 0
-10 53 -65 0
61 79 -23 0
2 -48 65 0
-17 77 -34 0
-27 -75 8 0
-35 -22 -27 0
64 29 -67 0
-13 -31 -1 0
5 -4 21 0
44 9 -35 0
