p 58 247
-33 36 -14 0
-35 5 -11 0
-41 19 -24 0
-2 -53 8 0
32 -29 -12 0
-7 30 -21 0
-41 45 -48 0
41 6 51 0
-13 51 -37 0
9 52 -3 0
-19 5 17 0
19 -49 -29 0
-18 17 42 0
45 44 9 0
46 -18 11 0
-19 -57 24 0
24 -46 4 0
38 42 -49 0
-49 -10 -24 0
-54 -30 -56 0
-38 -44 -53 0
49 -39 -14 0
-50 -21 -28 0
16 -51 -26 0
35 45 -29 0
-30 -10 -33 0
11 9 -49 0
-50 28 -31 0
17 56 49 0
-48 3 -24 0
40 12 -26 0
-32 -56 26 0
-58 30 -36 0
37 -45 43 0
-31 18 -46 0
-19 48 24 0
3 -21 47 0
58 -26 24 0
44 21 -34 0
29 9 -56 0
-20 32 -23 0
-41 -58 -9 0
18 35 -7 0
-39 34 -26 0
-41 6 11 0
-57 53 25 0
-38 29 20 0
-49 13 57 0
-23 55 8 0
44 24 -8 0
12 13 -18 0
50 -3 -56 0
25 47 -6 0
-54 -32 48 0
-35 -16 -51 0
58 21 -31 0
1 40 -3 0
29 -10 47 0
27 2 -46 0
25 50 -52 0
-31 21 9 0
1 3 -8 0
16 37 -57 0
-48 47 -33 0
10 2 -56 0
14 12 -8 0
-45 -38 -53 0
-52 45 10 0
-4 15 43 0
-23 11 -43 0
42 -18 56 0
31 18 27 0
32 -25 30 0
56 44 36 0
-43 -42 -53 0
-25 7 -50 0
-21 4 -25 0
29 -4 18 0
-39 51 -42 0
-30 17 -27 0
-6 -8 32 0
-29 -17 -58 0
-17 -6 25 0
53 -22 -12 0
-23 15 -31 0
-24 18 -42 0
23 -30 -34 0
9 -45 -37 0
-38 33 17 0
-47 -50 39 0
38 9 -4 0
24 47 -27 0
15 41 21 0
-31 27 -20 0
41 55 -33 0
47 52 -20 0
8 1 -47 0
9 -27 33 0
27 -15 25 0
-30 51 9 0
-49 -25 6 0
-2 -5 10 0
-26 -31 -2 0
56 3 21 0
-4 37 45 0
-50 35 38 0
41 -20 38 0
56 47 39 0
-43 -36 -55 0
54 29 22 0
40 43 41 0
46 3 -31 0
47 51 -11 0
-21 -55 -54 0
26 34 46 0
-41 -21 -45 0
3 50 33 0
26 28 -51 0
-21 -17 9 0
-52 -15 -9 0
22 57 -25 0
23 -39 22 0
-45 48 -5 0
2 22 -41 0
10 -15 -34 0
-27 -10 14 0
-22 -44 26 0
-23 58 14 0
-28 31 38 0
10 -38 37 0
8 -17 58 0
46 52 -56 0
-13 -42 -46 0
-25 -24 54 0
24 -2 15 0
43 21 48 0
13 19 11 0
37 -55 8 0
8 -27 40 0
13 4 -32 0
-39 13 33 0
-1 36 32 0
58 27 -47 0
-40 48 34 0
-35 2 45 0
42 -40 9 0
12 -31 -28 0
-28 57 -30 0
-16 -4 45 0
7 57 20 0
-13 30 55 0
21 22 -43 0
-8 -57 -45 0
-18 36 -53 0
-22 -26 47 0
-8 14 39 0
-45 -10 41 0
-50 23 -10 0
-46 -34 53 0
22 -30 -11 0
1 -14 23 0
1 27 31 0
7 -6 57 0
23 17 26 0
-29 35 -33 0
35 -27 7 0
-5 -35 -2 0
-46 9 -20 0
-28 -13 24 0
24 47 2 0
-53 -40 15 0
-34 44 -11 0
56 36 46 0
19 8 29 0
-8 -5 4 0
21 -58 42 0
-11 14 -25 0
-23 18 13 0
-13 -48 21 0
-31 -22 -33 0
35 30 50 0
-12 37 -8 0
-32 51 2 0
-47 -35 -2 0
51 -7 4 0
-32 41 50 0
-13 8 -18 0
48 -21 30 0
-56 -58 -28 0
56 29 44 0
-35 53 18 0
51 -29 6 0
42 -23 -26 0
-23 -40 -20 0
-13 -33 37 0
42 32 -48 0
53 -17 41 0
58 -21 45 0
-28 -26 -17 0
13 -19 52 0
3 -11 45 0
18 -5 29 0
-52 26 -36 0
56 34 -41 0
-22 -10 41 0
40 -21 -32 0
-4 -54 29 0
-7 -38 47 0
16 57 25 0
-56 10 54 0
52 -57 14 0
44 14 39 0
33 42 -54 0
-58 53 31 0
1 -49 26 0
10 -11 9 0
-58 -41 -53 0
-40 -56 -54 0
-41 -1 10 0
-33 -58 -27 0
-14 -53 26 0
8 31 -40 0
15 -27 18 0
10 15 -40 0
14 -18 24 0
-52 -42 38 0
55 32 14 0
-41 -51 -1 0
49 24 -28 0
6 56 -25 0
-49 39 3 0
43 -1 5 0
19 -49 -56 0
-47 8 -7 0
-14 -3 -58 0
41 -49 -29 0
-19 -15 55 0
-14 -43 26 0
-29 50 -12 0
-24 -41 -15 0
15 53 12 0
36 47 16 0
33 -9 55 0
46 41 19 0
-39 1 35 0
-9 -23 -24 0
33 40 41 0
