p 86 366
-20 -73 -25 0
-43 32 44 0
-59 50 79 0
10 -9 83 0
-80 -43 4 0
-17 75 5 0
52 17 29 0
-68 -17 7 0
74 45 -82 0
78 -61 85 0
13 2 52 0
-50 -66 6 0
-9 -13 -32 0
-54 -25 -60 0
-79 -53 -75 0
27 -60 58 0
41 21 -82 0
-77 24 50 0
-74 4 -72 0
29 26 -82 0
62 -11 -34 0
81 54 23 0
-28 -34 47 0
22 27 -23 0
-7 72 -86 0
-82 -26 23 0
-5 -25 -60 0
74 -6 -83 0
59 68 -57 0
35 -6 -2 0
21 70 30 0
55 -4 72 0
52 -66 54 0
85 75 -54 0
44 52 72 0
-58 31 -44 0
5 -81 -28 0
85 5 -53 0
-43 -39 55 0
12 24 -58 0
-83 12 -70 0
16 -36 67 0
-43 -33 -81 0
-37 -79 15 0
-40 38 27 0
-56 -85 -65 0
-10 83 29 0
68 -80 63 0
73 26 83 0
-11 -28 -44 0
-57 35 -39 0
70 67 -77 0
-22 -70 -24 0
17 -48 56 0
-85 -24 22 0
-26 -61 70 0
17 -24 48 0
-18 -13 -19 0
36 28 -75 0
19 -33 29 0
14 -19 42 0
-74 57 61 0
-33 73 -67 0
-69 76 46 0
16 40 -79 0
-21 5 -4 0
-41 -28 86 0
2 -52 -12 0
-26 16 42 0
55 -77 -43 0
19 6 -76 0
-25 -59 -41 0
64 -11 -27 0
26 16 -33 0
4 24 -77 0
12 -42 -66 0
50 2 -78 0
76 72 -14 0
-8 -59 -32 0
-42 54 -18 0
72 10 31 0
40 -67 2 0
-2 12 -46 0
-64 75 -23 0
-63 -55 21 0
-27 40 -5 0
83 65 55 0
-45 -55 -73 0
21 -40 -80 0
-7 -29 -16 0
41 -14 -12 0
-45 -84 -47 0
23 15 -54 0
15 41 85 0
-12 -73 60 0
-74 25 -72 0
38 21 -25 0
26 -46 58 0
-35 -47 -45 0
-24 63 57 0
41 25 -70 0
34 85 45 0
55 -28 -67 0
41 -8 -47 0
-53 -31 -29 0
84 25 -38 0
32 -10 -9 0
-49 -63 67 0
-9 -64 2 0
-81 16 -24 0
57 -23 -60 0
81 67 26 0
-47 73 -25 0
-73 -20 -4 0
-36 -78 2 0
-7 1 -71 0
-70 -66 -37 0
-40 -82 -49 0
-19 27 8 0
-81 -61 49 0
17 -52 74 0
3 -54 68 0
24 11 -79 0
-82 69 38 0
3 31 -14 0
35 -17 31 0
53 6 -27 0
79 -23 -53 0
-35 -76 66 0
-55 -15 -50 0
41 46 81 0
68 71 27 0
14 70 82 0
-47 57 -55 0
54 -36 -42 0
37 -26 27 0
32 14 6 0
19 46 80 0
30 40 -75 0
-60 27 -43 0
53 -33 75 0
66 -17 -13 0
-10 -69 5 0
-70 30 16 0
44 -54 -61 0
-5 -51 -26 0
22 9 56 0
25 -68 -58 0
-49 30 53 0
18 -71 84 0
-38 -67 -14 0
-15 -1 2 0
-65 -67 -80 0
-15 23 -8 0
36 -68 77 0
-23 15 -66 0
-59 -32 57 0
36 19 4 0
-35 -30 -22 0
25 21 62 0
-59 55 -80 0
86 -12 75 0
31 -36 11 0
1 -31 -9 0
45 40 44 0
-79 22 -73 0
-35 -11 -55 0
37 15 -3 0
54 -35 46 0
83 -13 40 0
-86 8 47 0
52 -77 -48 0
39 -84 71 0
61 -32 38 0
-66 48 -30 0
11 37 -5 0
-10 -7 -3 0
-57 -39 13 0
54 9 -43 0
4 -63 35 0
68 63 34 0
26 -38 -27 0
66 -71 -61 0
-40 -60 46 0
24 -14 4 0
86 54 42 0
44 36 -21 0
9 6 56 0
-57 -4 1 0
-81 33 -1 0
50 -18 -22 0
36 -57 -20 0
-34 17 56 0
-62 67 -5 0
-2 -56 53 0
45 56 -30 0
34 -51 60 0
83 24 84 0
-59 83 3 0
12 -41 68 0
39 6 12 0
-8 -26 29 0
-40 54 -11 0
-37 -12 6 0
34 18 -67 0
-51 29 63 0
-51 -76 4 0
59 22 -51 0
-73 -37 -53 0
-48 86 31 0
28 -58 -75 0
48 21 -4 0
9 28 -47 0
-36 -38 71 0
-36 46 -11 0
7 -24 44 0
18 -59 -34 0
47 52 -8 0
-42 12 46 0
-20 79 -35 0
3 4 -61 0
57 65 -52 0
-50 -11 -14 0
6 -76 -44 0
63 77 -57 0
-73 60 4 0
-27 -36 -51 0
25 -8 78 0
-12 -22 -49 0
-72 -37 -19 0
47 42 -19 0
-5 -61 -34 0
72 -46 9 0
-83 -15 -34 0
9 -46 54 0
22 14 57 0
52 -57 19 0
19 -81 85 0
-23 33 -75 0
29 -8 -42 0
-62 42 -44 0
-13 -43 7 0
-51 23 -77 0
55 -69 86 0
-1 69 20 0
38 -65 1 0
-81 7 65 0
27 -42 -12 0
36 -59 53 0
-70 -66 -21 0
75 -7 -39 0
56 15 -24 0
-15 65 -36 0
-39 51 45 0
-73 -71 61 0
-15 -6 -58 0
-37 11 83 0
-5 85 -52 0
32 -16 56 0
-80 73 -13 0
85 -4 -68 0
-46 -69 78 0
6 71 -65 0
82 -79 -72 0
19 59 23 0
45 -21 -79 0
-19 10 40 0
52 -42 -47 0
-27 18 74 0
-45 -85 -68 0
69 -71 11 0
-36 20 -72 0
-6 3 14 0
86 -57 26 0
-39 -28 61 0
72 83 -73 0
7 -12 33 0
69 7 76 0
40 42 7 0
10 34 78 0
-6 22 -59 0
-30 -57 2 0
-35 -76 83 0
-11 83 32 0
-50 -82 31 0
32 34 -59 0
-13 -48 -62 0
-16 -19 36 0
40 45 11 0
-35 -45 48 0
-26 -58 -59 0
-79 -18 -70 0
-83 -85 -44 0
-9 23 73 0
-5 47 40 0
63 -56 -39 0
-83 54 11 0
75 -22 -80 0
72 44 -5 0
7 82 35 0
78 85 28 0
9 63 -85 0
35 -60 61 0
15 -44 -13 0
-65 86 -16 0
-62 8 46 0
22 -49 55 0
-62 -56 -65 0
-64 49 -75 0
13 57 62 0
51 -27 16 0
50 -6 -66 0
72 -66 -43 0
54 -39 33 0
76 -48 54 0
52 -74 -75 0
-17 -66 58 0
68 -1 -41 0
-11 -75 -84 0
-36 -29 -85 0
-58 20 -78 0
1 57 -86 0
78 46 -73 0
18 22 2 0
-86 41 -83 0
-58 79 -31 0
30 -80 -17 0
30 27 42 0
-65 -10 -57 0
-16 30 -28 0
1 80 -31 0
37 63 3 0
73 -9 65 0
-31 -86 75 0
68 46 -11 0
73 -61 48 0
39 18 54 0
-86 -6 85 0
74 -68 27 0
-15 22 -74 0
31 -44 37 0
-37 18 -38 0
-54 77 81 0
22 73 64 0
-78 48 -4 0
55 -76 -1 0
-10 -33 69 0
32 11 -17 0
-37 68 34 0
40 12 -84 0
15 -52 10 0
6 86 -77 0
78 22 7 0
80 33 46 0
61 -40 -56 0
5 33 76 0
-71 -42 -7 0
70 -10 73 0
-33 65 -47 0
-62 26 -10 0
84 -32 -35 0
-43 29 11 0
-50 -35 21 0
3 -64 9 0
70 29 -74 0
86 -14 -81 0
